ts_code,trade_date,pre_close,open,high,low,close,change,pct_chg,vol,amount
150008.SZ,20170216,1.134,1.166,1.166,1.141,1.141,0.007,0.6173,52.0,5.983
150009.SZ,20170216,1.0,1.017,1.018,0.988,1.015,0.015,1.5,173.0,17.589
150012.SZ,20170216,1.036,1.038,1.04,1.036,1.039,0.003,0.2896,1088.0,113.003
150013.SZ,20170216,1.121,1.105,1.12,1.105,1.12,-0.001,-0.0892,1471.44,163.483
150016.SZ,20170216,1.061,1.06,1.06,1.06,1.06,-0.001,-0.0943,19.0,2.014
150017.SZ,20170216,1.06,1.062,1.062,1.052,1.06,0.0,0.0,7415.77,782.784
150018.SZ,20170216,0.997,0.997,1.001,0.995,1.001,0.004,0.4012,159583.44,15942.388
150019.SZ,20170216,0.797,0.796,0.803,0.792,0.803,0.006,0.7528,715613.08,57100.134
150020.SZ,20170216,1.041,1.041,1.041,1.041,1.041,0.0,0.0,43183.0,4495.35
150021.SZ,20170216,1.048,1.047,1.049,1.042,1.044,-0.004,-0.3817,6635.22,692.951
150022.SZ,20170216,0.765,0.765,0.771,0.763,0.77,0.005,0.6536,435079.76,33364.223
150023.SZ,20170216,0.386,0.386,0.388,0.384,0.386,0.0,0.0,865573.94,33429.753
150028.SZ,20170216,1.005,1.005,1.014,1.005,1.011,0.006,0.597,473.69,47.8
150029.SZ,20170216,1.396,1.388,1.41,1.375,1.404,0.008,0.5731,3811.95,532.436
150030.SZ,20170216,1.06,1.056,1.062,1.056,1.062,0.002,0.1887,287.47,30.502
150031.SZ,20170216,1.06,1.056,1.062,1.055,1.062,0.002,0.1887,581.17,61.513
150032.SZ,20170216,1.036,1.036,1.037,1.036,1.037,0.001,0.0965,717.0,74.351
150033.SZ,20170216,0.951,0.948,0.958,0.948,0.949,-0.002,-0.2103,149.0,14.143
150037.SZ,20170216,1.449,1.462,1.462,1.462,1.462,0.013,0.8972,1.0,0.146
150039.SZ,20170216,1.101,1.101,1.102,1.101,1.101,0.0,0.0,241.96,26.643
150040.SZ,20170216,1.769,1.716,1.742,1.716,1.742,-0.027,-1.5263,232.0,39.87
150047.SZ,20170216,1.355,1.355,1.38,1.351,1.377,0.022,1.6236,130.0,17.891
150048.SZ,20170216,0.982,0.976,0.982,0.968,0.982,0.0,0.0,1915.0,187.302
150049.SZ,20170216,1.03,1.031,1.031,1.029,1.031,0.001,0.0971,396.0,40.759
150050.SZ,20170216,1.802,1.801,1.805,1.794,1.805,0.003,0.1665,326.81,58.799
150051.SZ,20170216,0.999,0.998,1.006,0.997,0.999,0.0,0.0,44876.16,4481.031
150052.SZ,20170216,1.35,1.351,1.366,1.35,1.366,0.016,1.1852,51313.58,6971.682
150053.SZ,20170216,1.018,1.014,1.014,1.014,1.014,-0.004,-0.3929,1.0,0.101
150054.SZ,20170216,0.928,0.922,0.945,0.922,0.945,0.017,1.8319,2.0,0.186
150055.SZ,20170216,1.06,1.06,1.06,1.06,1.06,0.0,0.0,18.0,1.908
150056.SZ,20170216,1.485,1.49,1.49,1.466,1.485,0.0,0.0,6283.82,932.58
150058.SZ,20170216,1.001,0.993,0.998,0.991,0.996,-0.005,-0.4995,431.0,42.885
150059.SZ,20170216,1.174,1.185,1.185,1.156,1.156,-0.018,-1.5332,36.0,4.263
150060.SZ,20170216,1.082,1.077,1.099,1.077,1.097,0.015,1.3863,37970.0,4146.21
150065.SZ,20170216,1.018,1.018,1.033,1.016,1.017,-0.001,-0.0982,31.2,3.181
150066.SZ,20170216,0.959,0.935,0.958,0.935,0.958,-0.001,-0.1043,1304.0,121.931
150073.SZ,20170216,1.009,1.022,1.022,1.017,1.017,0.008,0.7929,35.0,3.562
150075.SZ,20170216,1.142,1.164,1.19,1.133,1.181,0.039,3.4151,380.46,44.152
150076.SZ,20170216,0.995,0.993,0.995,0.991,0.995,0.0,0.0,513.0,50.947
150077.SZ,20170216,1.269,1.236,1.298,1.235,1.298,0.029,2.2853,197.0,25.152
150084.SZ,20170216,0.962,0.967,0.98,0.964,0.979,0.017,1.7672,71.0,6.919
150085.SZ,20170216,1.041,1.041,1.042,1.039,1.041,0.0,0.0,34101.31,3547.699
150086.SZ,20170216,0.906,0.905,0.919,0.902,0.918,0.012,1.3245,41113.05,3756.082
150090.SZ,20170216,1.024,1.024,1.026,1.016,1.026,0.002,0.1953,30.0,3.057
150091.SZ,20170216,0.9,0.903,0.915,0.879,0.905,0.005,0.5556,36.0,3.214
150092.SZ,20170216,1.036,1.039,1.039,1.039,1.039,0.003,0.2896,1.0,0.103
150093.SZ,20170216,0.925,0.925,0.925,0.925,0.925,0.0,0.0,30.0,2.775
150095.SZ,20170216,0.5,0.488,0.5,0.488,0.5,0.0,0.0,665.0,32.736
150096.SZ,20170216,1.028,1.028,1.029,1.028,1.029,0.001,0.0973,7.0,0.719
150097.SZ,20170216,1.068,1.068,1.086,1.065,1.082,0.014,1.3109,30108.76,3252.006
150100.SZ,20170216,0.991,0.991,0.992,0.99,0.991,0.0,0.0,88921.32,8804.908
150101.SZ,20170216,1.399,1.401,1.443,1.401,1.431,0.032,2.2873,30818.46,4413.188
150104.SZ,20170216,1.018,1.017,1.02,1.017,1.02,0.002,0.1965,201.0,20.472
150105.SZ,20170216,1.356,1.321,1.35,1.32,1.35,-0.006,-0.4425,1256.0,166.178
150106.SZ,20170216,1.096,1.1,1.101,1.093,1.099,0.003,0.2737,9174.0,1007.955
150107.SZ,20170216,0.849,0.841,0.859,0.841,0.858,0.009,1.0601,10647.73,907.143
150108.SZ,20170216,1.073,1.057,1.057,1.057,1.057,-0.016,-1.4911,2.0,0.211
150113.SZ,20170216,1.365,1.382,1.382,1.382,1.382,0.017,1.2454,1.0,0.138
150117.SZ,20170216,1.027,1.027,1.027,1.025,1.027,0.0,0.0,153218.0,15717.335
150118.SZ,20170216,0.456,0.455,0.458,0.452,0.457,0.001,0.2193,143728.35,6554.237
150121.SZ,20170216,1.003,1.006,1.008,1.006,1.008,0.005,0.4985,44.0,4.427
150122.SZ,20170216,1.227,1.213,1.213,1.213,1.213,-0.014,-1.141,41.0,4.973
150123.SZ,20170216,1.198,1.199,1.258,1.186,1.243,0.045,3.7563,497.0,59.498
150124.SZ,20170216,1.43,1.429,1.435,1.429,1.435,0.005,0.3497,6507.0,931.442
150130.SZ,20170216,1.04,1.037,1.039,1.037,1.039,-0.001,-0.0962,44775.1,4650.62
150131.SZ,20170216,0.458,0.457,0.461,0.454,0.46,0.002,0.4367,663187.07,30376.417
150133.SZ,20170216,1.063,1.065,1.065,1.063,1.064,0.001,0.0941,441.0,46.884
150134.SZ,20170216,1.141,1.149,1.15,1.122,1.15,0.009,0.7888,599.0,68.881
150135.SZ,20170216,1.015,1.006,1.014,1.006,1.006,-0.009,-0.8867,707.0,71.386
150136.SZ,20170216,0.636,0.633,0.633,0.617,0.618,-0.018,-2.8302,222.0,13.811
150138.SZ,20170216,1.004,1.003,1.004,1.003,1.003,-0.001,-0.0996,16.0,1.606
150139.SZ,20170216,1.035,1.013,1.019,1.012,1.012,-0.023,-2.2222,26.0,2.634
150140.SZ,20170216,1.038,1.043,1.043,1.018,1.034,-0.004,-0.3854,2028.0,211.462
150141.SZ,20170216,0.717,0.693,0.715,0.693,0.715,-0.002,-0.2789,309.0,21.709
150144.SZ,20170216,0.669,0.669,0.671,0.664,0.668,-0.001,-0.1495,6058.4,404.141
150146.SZ,20170216,0.506,0.508,0.512,0.507,0.507,0.001,0.1976,1287.94,65.474
150148.SZ,20170216,1.004,1.005,1.006,1.004,1.006,0.002,0.1992,1341.0,134.748
150149.SZ,20170216,0.559,0.556,0.564,0.555,0.564,0.005,0.8945,3563.0,199.7
150150.SZ,20170216,1.002,1.005,1.008,1.004,1.004,0.002,0.1996,9174.02,922.281
150151.SZ,20170216,1.104,1.103,1.157,1.103,1.136,0.032,2.8986,31650.63,3591.079
150152.SZ,20170216,1.013,1.012,1.015,1.012,1.014,0.001,0.0987,246468.93,24981.267
150153.SZ,20170216,0.682,0.68,0.686,0.676,0.682,0.0,0.0,2937819.98,199971.199
150154.SZ,20170216,0.944,0.944,0.944,0.94,0.94,-0.004,-0.4237,117.91,11.113
150157.SZ,20170216,1.002,1.0,1.003,1.0,1.002,0.0,0.0,66809.0,6692.698
150158.SZ,20170216,0.868,0.869,0.874,0.865,0.869,0.001,0.1152,61822.0,5373.193
150165.SZ,20170216,0.655,0.66,0.661,0.65,0.658,0.003,0.458,2402.19,157.943
150167.SZ,20170216,1.028,1.029,1.029,1.029,1.029,0.001,0.0973,1.0,0.102
150168.SZ,20170216,0.692,0.689,0.69,0.689,0.69,-0.002,-0.289,167.0,11.521
150169.SZ,20170216,0.992,0.992,0.993,0.991,0.992,0.0,0.0,6836.0,678.486
150170.SZ,20170216,1.101,1.112,1.118,1.101,1.114,0.013,1.1807,69699.14,7729.688
150171.SZ,20170216,1.029,1.027,1.031,1.027,1.029,0.0,0.0,125375.96,12900.884
150172.SZ,20170216,1.19,1.187,1.208,1.183,1.202,0.012,1.0084,1075589.46,128854.202
150173.SZ,20170216,0.992,0.992,0.994,0.99,0.994,0.002,0.2016,3438.75,341.338
150174.SZ,20170216,0.581,0.575,0.584,0.575,0.58,-0.001,-0.1721,13473.74,780.703
150175.SZ,20170216,0.957,0.957,0.957,0.951,0.956,-0.001,-0.1045,213794.12,20388.91
150176.SZ,20170216,0.976,0.989,0.993,0.966,0.976,0.0,0.0,568320.14,55577.902
150177.SZ,20170216,0.992,0.992,0.994,0.992,0.994,0.002,0.2016,4301.0,427.238
150178.SZ,20170216,1.345,1.344,1.36,1.338,1.356,0.011,0.8178,22254.68,3000.271
150179.SZ,20170216,1.004,1.012,1.015,1.006,1.012,0.008,0.7968,2537.38,257.086
150180.SZ,20170216,1.18,1.192,1.194,1.163,1.186,0.006,0.5085,4468.34,527.064
150181.SZ,20170216,0.993,0.993,0.995,0.992,0.993,0.0,0.0,172477.17,17137.893
150182.SZ,20170216,1.148,1.146,1.16,1.146,1.155,0.007,0.6098,922900.15,106654.315
150184.SZ,20170216,1.02,1.02,1.022,1.018,1.019,-0.001,-0.098,19097.0,1947.611
150185.SZ,20170216,0.871,0.868,0.879,0.867,0.879,0.008,0.9185,62652.37,5471.579
150186.SZ,20170216,1.01,1.008,1.011,1.008,1.01,0.0,0.0,10861.03,1096.995
150187.SZ,20170216,0.882,0.878,0.893,0.878,0.886,0.004,0.4535,62410.39,5540.341
150188.SZ,20170216,1.004,1.004,1.005,1.003,1.004,0.0,0.0,776.1,77.909
150189.SZ,20170216,1.018,1.014,1.021,1.014,1.015,-0.003,-0.2947,737.32,74.927
150190.SZ,20170216,1.058,1.071,1.072,1.07,1.072,0.014,1.3233,208.99,22.382
150191.SZ,20170216,1.152,1.152,1.156,1.131,1.146,-0.006,-0.5208,1504.51,172.251
150192.SZ,20170216,1.037,1.03,1.041,1.03,1.04,0.003,0.2893,924.23,96.095
150193.SZ,20170216,0.965,0.96,0.968,0.96,0.966,0.001,0.1036,4763.91,459.666
150194.SZ,20170216,0.993,0.992,0.994,0.992,0.993,0.0,0.0,72160.21,7171.464
150195.SZ,20170216,0.321,0.319,0.324,0.315,0.322,0.001,0.3115,1811628.38,57967.004
150196.SZ,20170216,1.034,1.033,1.037,1.033,1.036,0.002,0.1934,217597.29,22530.749
150197.SZ,20170216,1.164,1.169,1.218,1.165,1.208,0.044,3.7801,1099232.83,131506.819
150198.SZ,20170216,1.065,1.064,1.067,1.062,1.066,0.001,0.0939,37430.67,3984.482
150199.SZ,20170216,0.683,0.683,0.684,0.677,0.683,0.0,0.0,130046.46,8853.908
150200.SZ,20170216,0.99,0.99,0.993,0.99,0.993,0.003,0.303,651538.81,64643.868
150201.SZ,20170216,0.523,0.522,0.533,0.519,0.531,0.008,1.5296,8544373.34,450438.254
150203.SZ,20170216,0.994,0.991,0.996,0.991,0.994,0.0,0.0,8542.0,848.994
150204.SZ,20170216,0.996,0.996,0.999,0.98,0.998,0.002,0.2008,28184.52,2793.016
150205.SZ,20170216,0.992,0.992,0.995,0.992,0.993,0.001,0.1008,586144.7,58248.029
150206.SZ,20170216,0.483,0.483,0.489,0.481,0.486,0.003,0.6211,3377162.13,163958.191
150207.SZ,20170216,0.993,0.992,0.995,0.992,0.994,0.001,0.1007,3607.0,358.738
150208.SZ,20170216,0.474,0.47,0.476,0.464,0.471,-0.003,-0.6329,15874.0,745.643
150209.SZ,20170216,1.01,1.012,1.015,1.008,1.011,0.001,0.099,288069.2,29101.103
150210.SZ,20170216,0.766,0.766,0.78,0.765,0.774,0.008,1.0444,1241207.99,95936.773
150211.SZ,20170216,1.012,1.011,1.013,1.01,1.013,0.001,0.0988,58917.97,5963.355
150212.SZ,20170216,0.615,0.615,0.63,0.614,0.627,0.012,1.9512,330791.64,20676.08
150213.SZ,20170216,1.007,1.009,1.01,1.006,1.01,0.003,0.2979,82364.69,8304.161
150214.SZ,20170216,0.359,0.358,0.366,0.358,0.364,0.005,1.3928,283543.05,10269.373
150215.SZ,20170216,1.031,1.039,1.04,1.028,1.028,-0.003,-0.291,325.0,33.688
150216.SZ,20170216,0.984,0.963,0.985,0.962,0.984,0.0,0.0,880.42,85.88
150217.SZ,20170216,0.989,0.99,0.992,0.989,0.992,0.003,0.3033,35189.26,3487.529
150218.SZ,20170216,0.585,0.59,0.595,0.583,0.593,0.008,1.3675,61759.28,3648.569
150219.SZ,20170216,1.177,1.172,1.172,1.172,1.172,-0.005,-0.4248,40.0,4.688
150220.SZ,20170216,0.791,0.787,0.794,0.787,0.793,0.002,0.2528,16263.68,1286.51
150221.SZ,20170216,1.174,1.173,1.175,1.172,1.174,0.0,0.0,173494.0,20364.039
150222.SZ,20170216,0.642,0.641,0.65,0.64,0.648,0.006,0.9346,868134.33,56179.591
150223.SZ,20170216,1.124,1.122,1.124,1.12,1.124,0.0,0.0,44535.0,5002.542
150224.SZ,20170216,0.932,0.931,0.948,0.928,0.945,0.013,1.3948,558964.32,52518.4
150225.SZ,20170216,1.01,1.011,1.012,1.01,1.01,0.0,0.0,20.0,2.021
150226.SZ,20170216,1.192,1.091,1.191,1.091,1.177,-0.015,-1.2584,1535.38,180.253
150227.SZ,20170216,0.998,0.997,0.999,0.996,0.999,0.001,0.1002,272989.53,27251.529
150228.SZ,20170216,0.772,0.776,0.782,0.768,0.77,-0.002,-0.2591,1191316.61,92197.977
150229.SZ,20170216,1.012,1.013,1.025,1.009,1.01,-0.002,-0.1976,13507.0,1363.253
150230.SZ,20170216,0.878,0.882,0.89,0.87,0.882,0.004,0.4556,13137.0,1151.274
150231.SZ,20170216,1.114,1.097,1.105,1.097,1.105,-0.009,-0.8079,17.0,1.868
150232.SZ,20170216,0.9,0.895,0.9,0.891,0.898,-0.002,-0.2222,2218.53,198.575
150233.SZ,20170216,1.013,1.014,1.015,1.014,1.014,0.001,0.0987,432.89,43.905
150234.SZ,20170216,0.546,0.545,0.548,0.526,0.548,0.002,0.3663,553.89,30.246
150235.SZ,20170216,0.998,0.996,0.998,0.994,0.998,0.0,0.0,5397.05,538.477
150236.SZ,20170216,0.923,0.924,0.939,0.915,0.933,0.01,1.0834,62234.24,5790.627
150237.SZ,20170216,1.005,1.002,1.011,1.001,1.009,0.004,0.398,92.0,9.285
150238.SZ,20170216,1.17,1.184,1.184,1.163,1.178,0.008,0.6838,594.0,69.259
150241.SZ,20170216,1.006,1.006,1.006,1.006,1.006,0.0,0.0,50.0,5.03
150242.SZ,20170216,0.901,0.909,0.909,0.891,0.899,-0.002,-0.222,2333.28,209.341
150243.SZ,20170216,1.011,1.01,1.012,1.009,1.01,-0.001,-0.0989,69432.0,7012.075
150244.SZ,20170216,0.742,0.74,0.748,0.735,0.745,0.003,0.4043,237949.15,17665.144
150245.SZ,20170216,1.05,1.05,1.071,1.05,1.065,0.015,1.4286,171.0,18.248
150246.SZ,20170216,0.957,0.946,0.961,0.94,0.957,0.0,0.0,797.42,75.812
150247.SZ,20170216,1.011,1.011,1.012,1.01,1.012,0.001,0.0989,23967.0,2422.747
150248.SZ,20170216,0.345,0.342,0.347,0.341,0.346,0.001,0.2899,156737.43,5397.679
150249.SZ,20170216,0.997,0.998,1.03,0.995,0.995,-0.002,-0.2006,428.0,42.973
150250.SZ,20170216,0.83,0.834,0.834,0.824,0.825,-0.005,-0.6024,3074.0,255.109
150251.SZ,20170216,0.999,0.998,1.002,0.996,0.999,0.0,0.0,27209.69,2720.606
150252.SZ,20170216,1.286,1.295,1.35,1.291,1.343,0.057,4.4323,96474.95,12814.793
150255.SZ,20170216,1.013,1.013,1.015,1.013,1.015,0.002,0.1974,25230.0,2558.573
150256.SZ,20170216,0.74,0.74,0.751,0.735,0.736,-0.004,-0.5405,1267.0,93.241
150257.SZ,20170216,1.014,1.014,1.016,1.014,1.016,0.002,0.1972,335.0,33.995
150258.SZ,20170216,1.033,1.04,1.04,1.02,1.03,-0.003,-0.2904,380.73,39.071
150259.SZ,20170216,1.014,1.014,1.017,1.013,1.015,0.001,0.0986,25093.08,2550.009
150260.SZ,20170216,0.832,0.832,0.832,0.818,0.826,-0.006,-0.7212,3772.24,312.332
150261.SZ,20170216,1.034,1.034,1.034,1.034,1.034,0.0,0.0,519.68,53.734
150262.SZ,20170216,0.927,0.927,0.93,0.922,0.929,0.002,0.2157,14191.91,1313.756
150263.SZ,20170216,1.106,1.127,1.127,1.075,1.115,0.009,0.8137,5.51,0.612
150264.SZ,20170216,0.52,0.512,0.523,0.512,0.522,0.002,0.3846,852.0,44.416
150265.SZ,20170216,1.059,1.059,1.061,1.059,1.061,0.002,0.1889,1977.64,209.574
150266.SZ,20170216,1.408,1.401,1.419,1.4,1.415,0.007,0.4972,13379.13,1889.716
150267.SZ,20170216,1.025,1.022,1.03,1.022,1.029,0.004,0.3902,706.0,72.447
150268.SZ,20170216,0.766,0.768,0.768,0.76,0.761,-0.005,-0.6527,6677.57,507.991
150269.SZ,20170216,1.043,1.042,1.045,1.037,1.038,-0.005,-0.4794,85308.35,8875.182
150270.SZ,20170216,1.047,1.043,1.054,1.038,1.054,0.007,0.6686,122026.64,12750.178
150271.SZ,20170216,0.99,0.99,0.991,0.99,0.991,0.001,0.101,26.0,2.576
150272.SZ,20170216,1.01,0.971,1.01,0.971,1.003,-0.007,-0.6931,1042.96,104.926
150273.SZ,20170216,1.002,1.003,1.005,1.003,1.004,0.002,0.1996,36185.51,3631.368
150274.SZ,20170216,0.695,0.69,0.709,0.69,0.704,0.009,1.295,37681.05,2640.481
150275.SZ,20170216,0.995,0.991,0.997,0.991,0.994,-0.001,-0.1005,14220.87,1415.311
150276.SZ,20170216,0.642,0.643,0.666,0.64,0.658,0.016,2.4922,467683.95,30546.97
150277.SZ,20170216,1.004,1.005,1.006,1.004,1.005,0.001,0.0996,14523.41,1459.578
150278.SZ,20170216,0.655,0.655,0.667,0.65,0.662,0.007,1.0687,114099.37,7507.501
150279.SZ,20170216,1.038,1.038,1.052,1.037,1.04,0.002,0.1927,2361.64,247.188
150280.SZ,20170216,0.726,0.729,0.729,0.712,0.718,-0.008,-1.1019,1226.1,87.948
150282.SZ,20170216,0.458,0.454,0.459,0.453,0.458,0.0,0.0,2904.0,132.588
150283.SZ,20170216,1.011,1.011,1.014,1.011,1.014,0.003,0.2967,5133.02,519.911
150284.SZ,20170216,0.696,0.694,0.695,0.683,0.695,-0.001,-0.1437,2408.02,165.365
150287.SZ,20170216,1.043,1.041,1.041,1.034,1.037,-0.006,-0.5753,235288.47,24389.111
150288.SZ,20170216,0.752,0.745,0.78,0.739,0.766,0.014,1.8617,346393.29,26374.524
150289.SZ,20170216,1.032,1.032,1.036,1.028,1.035,0.003,0.2907,216127.54,22321.39
150290.SZ,20170216,0.524,0.526,0.552,0.525,0.546,0.022,4.1985,1812928.77,98188.891
150291.SZ,20170216,1.029,1.027,1.03,1.027,1.029,0.0,0.0,16693.0,1717.088
150292.SZ,20170216,0.636,0.639,0.643,0.632,0.637,0.001,0.1572,41937.82,2669.663
150293.SZ,20170216,1.028,1.027,1.029,1.025,1.029,0.001,0.0973,452.7,46.497
150294.SZ,20170216,1.182,1.191,1.191,1.16,1.161,-0.021,-1.7766,99.99,11.685
150295.SZ,20170216,1.018,1.018,1.018,1.016,1.017,-0.001,-0.0982,15978.0,1624.787
150296.SZ,20170216,0.832,0.833,0.847,0.832,0.84,0.008,0.9615,32775.8,2743.922
150297.SZ,20170216,1.021,1.02,1.02,1.018,1.019,-0.002,-0.1959,3609.0,367.989
150298.SZ,20170216,0.421,0.417,0.427,0.417,0.423,0.002,0.4751,6966.0,296.216
150299.SZ,20170216,1.03,1.028,1.031,1.028,1.031,0.001,0.0971,177206.7,18244.142
150300.SZ,20170216,0.58,0.582,0.586,0.575,0.579,-0.001,-0.1724,374502.13,21696.128
150301.SZ,20170216,1.028,1.028,1.029,1.028,1.029,0.001,0.0973,322.38,33.164
150302.SZ,20170216,1.12,1.121,1.138,1.12,1.126,0.006,0.5357,4720.0,533.887
150303.SZ,20170216,1.017,1.017,1.019,1.012,1.018,0.001,0.0983,46257.0,4703.007
150304.SZ,20170216,0.376,0.375,0.379,0.372,0.378,0.002,0.5319,632161.43,23759.943
150305.SZ,20170216,0.992,0.99,0.993,0.99,0.993,0.001,0.1008,414.18,41.027
150306.SZ,20170216,0.519,0.519,0.521,0.511,0.521,0.002,0.3854,6653.53,343.605
150307.SZ,20170216,0.992,0.992,0.993,0.992,0.992,0.0,0.0,7310.04,725.649
150308.SZ,20170216,0.495,0.493,0.496,0.488,0.49,-0.005,-1.0101,32141.04,1579.951
150309.SZ,20170216,0.993,0.992,0.992,0.991,0.991,-0.002,-0.2014,10.0,0.991
150310.SZ,20170216,0.696,0.699,0.732,0.685,0.732,0.036,5.1724,381.8,26.922
150311.SZ,20170216,1.027,1.029,1.03,1.016,1.028,0.001,0.0974,54.0,5.498
150312.SZ,20170216,0.771,0.754,0.768,0.75,0.759,-0.012,-1.5564,1753.76,132.602
150315.SZ,20170216,0.993,0.994,0.994,0.994,0.994,0.001,0.1007,795.0,79.023
150316.SZ,20170216,0.83,0.826,0.833,0.822,0.832,0.002,0.241,4323.48,358.164
150317.SZ,20170216,1.06,1.055,1.055,1.045,1.045,-0.015,-1.4151,73.0,7.665
150318.SZ,20170216,0.981,1.014,1.018,0.973,0.999,0.018,1.8349,1030.15,101.762
150321.SZ,20170216,1.173,1.175,1.182,1.174,1.181,0.008,0.682,21510.99,2535.159
150322.SZ,20170216,1.132,1.137,1.179,1.136,1.167,0.035,3.0919,81879.49,9502.962
150323.SZ,20170216,1.017,1.019,1.02,1.019,1.02,0.003,0.295,575.0,58.62
150324.SZ,20170216,0.474,0.474,0.479,0.472,0.477,0.003,0.6329,5264.16,250.371
150325.SZ,20170216,1.061,1.056,1.069,1.056,1.069,0.008,0.754,2.0,0.212
150326.SZ,20170216,1.116,1.112,1.128,1.104,1.128,0.012,1.0753,1120.06,125.246
150327.SZ,20170216,1.085,1.084,1.095,1.075,1.095,0.01,0.9217,248.63,26.952
150328.SZ,20170216,1.158,1.157,1.162,1.155,1.162,0.004,0.3454,575.63,66.68
150329.SZ,20170216,0.989,0.989,0.991,0.989,0.991,0.002,0.2022,102879.73,10191.675
150330.SZ,20170216,0.994,0.995,0.999,0.984,0.989,-0.005,-0.503,53723.69,5312.261
150331.SZ,20170216,1.06,1.061,1.061,1.058,1.06,0.0,0.0,33027.99,3496.65
150332.SZ,20170216,0.423,0.421,0.428,0.421,0.427,0.004,0.9456,182142.11,7725.908
150335.SZ,20170216,1.024,1.023,1.025,1.022,1.025,0.001,0.0977,20259.0,2072.356
150336.SZ,20170216,0.588,0.588,0.596,0.584,0.592,0.004,0.6803,39404.0,2321.077
150343.SZ,20170216,1.063,1.063,1.063,1.063,1.063,0.0,0.0,25.0,2.657
150344.SZ,20170216,1.11,1.112,1.124,1.109,1.116,0.006,0.5405,4450.5,496.417
159001.SZ,20170216,99.998,99.999,100.0,99.997,100.0,0.002,0.002,7013.84,70137.518
159003.SZ,20170216,100.0,99.999,100.0,99.998,100.0,0.0,0.0,45404.74,454043.639
159005.SZ,20170216,100.0,99.999,100.001,99.999,100.0,0.0,0.0,82320.56,823205.592
159901.SZ,20170216,4.015,4.014,4.055,4.014,4.053,0.038,0.9465,27143.53,10951.066
159902.SZ,20170216,3.093,3.099,3.123,3.091,3.123,0.03,0.9699,74525.66,23148.693
159903.SZ,20170216,1.08,1.082,1.086,1.077,1.085,0.005,0.463,4142.92,448.746
159905.SZ,20170216,1.235,1.242,1.245,1.23,1.243,0.008,0.6478,1213.0,150.614
159906.SZ,20170216,0.929,0.914,0.93,0.914,0.93,0.001,0.1076,123.0,11.343
159907.SZ,20170216,1.397,1.397,1.403,1.394,1.403,0.006,0.4295,751.0,104.909
159908.SZ,20170216,1.243,1.249,1.295,1.249,1.26,0.017,1.3677,231.07,29.183
159909.SZ,20170216,4.657,4.522,4.658,4.522,4.657,0.0,0.0,4.0,1.849
159910.SZ,20170216,1.418,1.418,1.418,1.418,1.418,0.0,0.0,7.0,0.992
159911.SZ,20170216,3.976,3.948,3.969,3.948,3.969,-0.007,-0.1761,57.0,22.506
159912.SZ,20170216,1.254,1.251,1.254,1.245,1.252,-0.002,-0.1595,613.2,76.721
159913.SZ,20170216,1.47,1.469,1.484,1.463,1.483,0.013,0.8844,5743.12,843.76
159915.SZ,20170216,1.812,1.808,1.822,1.807,1.817,0.005,0.2759,676778.91,122862.188
159916.SZ,20170216,2.744,2.766,2.767,2.766,2.767,0.023,0.8382,26.0,7.191
159918.SZ,20170216,1.942,1.929,1.934,1.926,1.934,-0.008,-0.4119,288.0,55.492
159919.SZ,20170216,3.677,3.676,3.694,3.673,3.694,0.017,0.4623,36873.57,13587.228
159920.SZ,20170216,1.309,1.314,1.319,1.309,1.317,0.008,0.6112,90785.38,11931.198
159921.SZ,20170216,1.498,1.517,1.517,1.499,1.499,0.001,0.0668,6.0,0.902
159922.SZ,20170216,6.356,6.339,6.397,6.339,6.388,0.032,0.5035,734.59,468.746
159923.SZ,20170216,1.311,1.326,1.328,1.318,1.318,0.007,0.5339,402.0,53.225
159925.SZ,20170216,1.393,1.393,1.402,1.393,1.401,0.008,0.5743,2820.0,394.461
159926.SZ,20170216,107.569,107.569,110.0,107.569,108.999,1.43,1.3294,113.72,1232.444
159927.SZ,20170216,3.365,3.396,3.409,3.337,3.409,0.044,1.3076,82.0,27.853
159928.SZ,20170216,1.501,1.501,1.515,1.49,1.493,-0.008,-0.533,417.0,62.538
159929.SZ,20170216,1.394,1.394,1.394,1.388,1.392,-0.002,-0.1435,1868.02,259.711
159930.SZ,20170216,0.849,0.84,0.847,0.84,0.847,-0.002,-0.2356,324.0,27.312
159931.SZ,20170216,1.488,1.487,1.493,1.487,1.487,-0.001,-0.0672,115.0,17.114
159932.SZ,20170216,1.829,1.827,1.837,1.797,1.829,0.0,0.0,142.0,25.537
159933.SZ,20170216,1.624,1.623,1.632,1.623,1.625,0.001,0.0616,337.0,54.791
159934.SZ,20170216,2.716,2.736,2.738,2.727,2.73,0.014,0.5155,129577.0,35418.857
159935.SZ,20170216,1.643,1.615,1.648,1.593,1.648,0.005,0.3043,377.0,61.436
159936.SZ,20170216,1.543,1.549,1.549,1.549,1.549,0.006,0.3889,1.0,0.154
159937.SZ,20170216,2.729,2.744,2.75,2.74,2.741,0.012,0.4397,227303.0,62445.98
159938.SZ,20170216,1.269,1.27,1.27,1.263,1.268,-0.001,-0.0788,9881.0,1251.205
159939.SZ,20170216,1.065,1.062,1.07,1.062,1.067,0.002,0.1878,6909.0,737.012
159940.SZ,20170216,0.813,0.813,0.814,0.803,0.812,-0.001,-0.123,113.0,9.178
159941.SZ,20170216,1.265,1.295,1.295,1.265,1.268,0.003,0.2372,11144.0,1424.898
159942.SZ,20170216,1.775,1.739,1.769,1.738,1.769,-0.006,-0.338,544.75,95.891
159943.SZ,20170216,10.604,10.6,10.707,10.6,10.687,0.083,0.7827,438.76,466.847
159944.SZ,20170216,0.877,0.883,0.9,0.883,0.894,0.017,1.9384,2314.03,205.402
159945.SZ,20170216,0.747,0.747,0.755,0.741,0.755,0.008,1.071,20.0,1.491
159946.SZ,20170216,1.001,1.003,1.005,1.0,1.003,0.002,0.1998,2242.07,224.709
159948.SZ,20170216,1.942,1.941,1.946,1.936,1.94,-0.002,-0.103,2170.0,420.953
159949.SZ,20170216,0.785,0.785,0.789,0.781,0.787,0.002,0.2548,27814.29,2186.243
160105.SZ,20170216,0.984,0.989,0.989,0.987,0.988,0.004,0.4065,248.0,24.493
160106.SZ,20170216,1.269,1.261,1.269,1.261,1.269,0.0,0.0,449.64,56.919
160119.SZ,20170216,1.54,1.539,1.546,1.534,1.544,0.004,0.2597,1433.0,220.734
160125.SZ,20170216,0.858,0.856,0.859,0.855,0.858,0.0,0.0,8190.0,702.035
160128.SZ,20170216,0.99,0.99,0.99,0.985,0.99,0.0,0.0,677.0,66.731
160130.SZ,20170216,0.94,0.94,0.941,0.94,0.94,0.0,0.0,643.02,60.447
160131.SZ,20170216,1.002,1.0,1.0,0.98,1.0,-0.002,-0.1996,1297.6,129.044
160133.SZ,20170216,1.79,1.787,1.797,1.784,1.797,0.007,0.3911,4290.1,767.855
160211.SZ,20170216,2.755,2.749,2.759,2.741,2.744,-0.011,-0.3993,935.0,256.723
160212.SZ,20170216,2.257,2.251,2.254,2.244,2.25,-0.007,-0.3101,4397.03,989.433
160215.SZ,20170216,1.491,1.496,1.496,1.494,1.496,0.005,0.3353,966.66,144.558
160216.SZ,20170216,0.444,0.445,0.446,0.444,0.446,0.002,0.4505,41442.0,1845.051
160220.SZ,20170216,1.28,1.28,1.281,1.28,1.281,0.001,0.0781,9232.0,1182.518
160225.SZ,20170216,0.928,0.93,0.943,0.922,0.939,0.011,1.1853,684.53,63.802
160311.SZ,20170216,1.29,1.273,1.288,1.273,1.287,-0.003,-0.2326,2465.52,317.08
160314.SZ,20170216,0.996,0.99,0.996,0.99,0.996,0.0,0.0,2830.56,281.383
160415.SZ,20170216,1.198,1.204,1.204,1.198,1.199,0.001,0.0835,60.52,7.277
160416.SZ,20170216,1.004,1.004,1.005,1.003,1.005,0.001,0.0996,6564.32,659.217
160421.SZ,20170216,0.867,0.865,0.867,0.86,0.867,0.0,0.0,18167.88,1569.938
160505.SZ,20170216,1.636,1.634,1.64,1.632,1.639,0.003,0.1834,13475.19,2204.858
160512.SZ,20170216,2.34,2.333,2.341,2.331,2.339,-0.001,-0.0427,1909.67,445.723
160515.SZ,20170216,0.993,0.993,0.993,0.992,0.993,0.0,0.0,4912.35,487.573
160518.SZ,20170216,0.951,0.95,0.952,0.949,0.952,0.001,0.1052,29645.24,2818.449
160519.SZ,20170216,0.952,0.954,0.954,0.951,0.951,-0.001,-0.105,4477.0,426.346
160520.SZ,20170216,0.954,0.956,0.96,0.956,0.959,0.005,0.5241,375.0,35.976
160522.SZ,20170216,0.967,0.966,0.967,0.962,0.967,0.0,0.0,752.0,72.378
160607.SZ,20170216,0.673,0.669,0.674,0.669,0.674,0.001,0.1486,1688.22,113.518
160610.SZ,20170216,0.987,0.982,0.99,0.982,0.99,0.003,0.304,218.0,21.53
160611.SZ,20170216,0.875,0.867,0.876,0.867,0.876,0.001,0.1143,94.0,8.189
160615.SZ,20170216,1.36,1.351,1.351,1.348,1.348,-0.012,-0.8824,5.0,0.674
160616.SZ,20170216,1.29,1.299,1.301,1.299,1.3,0.01,0.7752,10.01,1.301
160617.SZ,20170216,1.005,0.997,1.05,0.996,1.037,0.032,3.1841,594.0,59.941
160621.SZ,20170216,1.051,1.051,1.051,1.051,1.051,0.0,0.0,1345.3,141.391
160642.SZ,20170216,0.933,0.933,0.933,0.933,0.933,0.0,0.0,1611.0,150.306
160706.SZ,20170216,0.967,0.967,0.974,0.967,0.972,0.005,0.5171,17851.59,1731.512
160716.SZ,20170216,1.269,1.269,1.272,1.266,1.272,0.003,0.2364,2910.51,369.514
160717.SZ,20170216,0.786,0.788,0.793,0.78,0.786,0.0,0.0,26911.0,2117.056
160719.SZ,20170216,0.705,0.709,0.709,0.707,0.708,0.003,0.4255,28844.79,2043.203
160722.SZ,20170216,0.952,0.952,0.953,0.948,0.949,-0.003,-0.3151,26877.73,2554.268
160805.SZ,20170216,0.837,0.837,0.839,0.837,0.838,0.001,0.1195,21.0,1.76
160806.SZ,20170216,1.267,1.261,1.267,1.261,1.265,-0.002,-0.1579,486.72,61.52
160807.SZ,20170216,1.126,1.13,1.13,1.13,1.13,0.004,0.3552,17.86,2.018
160810.SZ,20170216,1.184,1.184,1.184,1.184,1.184,0.0,0.0,2.0,0.236
160812.SZ,20170216,1.407,1.407,1.41,1.407,1.41,0.003,0.2132,272.16,38.355
160813.SZ,20170216,0.79,0.788,0.795,0.788,0.795,0.005,0.6329,2204.99,174.939
160916.SZ,20170216,2.204,2.199,2.209,2.199,2.209,0.005,0.2269,2789.56,615.557
160918.SZ,20170216,1.693,1.707,1.707,1.691,1.703,0.01,0.5907,1313.0,223.345
160919.SZ,20170216,1.123,1.122,1.128,1.122,1.128,0.005,0.4452,495.0,55.734
160921.SZ,20170216,0.942,0.938,0.945,0.934,0.943,0.001,0.1062,271.0,25.535
160922.SZ,20170216,1.039,1.039,1.039,1.034,1.034,-0.005,-0.4812,802.0,83.16
161005.SZ,20170216,1.654,1.643,1.655,1.643,1.655,0.001,0.0605,1556.09,256.823
161010.SZ,20170216,1.064,1.064,1.065,1.063,1.064,0.0,0.0,4086.0,434.702
161015.SZ,20170216,0.91,0.91,0.917,0.91,0.917,0.007,0.7692,4.0,0.364
161017.SZ,20170216,2.092,2.078,2.078,2.078,2.078,-0.014,-0.6692,9.53,1.98
161019.SZ,20170216,0.969,0.97,0.97,0.968,0.968,-0.001,-0.1032,1836.0,177.795
161033.SZ,20170216,0.941,0.938,0.941,0.936,0.94,-0.001,-0.1063,160.0,15.04
161035.SZ,20170216,0.921,0.918,0.922,0.917,0.919,-0.002,-0.2172,668.0,61.324
161116.SZ,20170216,0.726,0.729,0.731,0.728,0.73,0.004,0.551,31696.23,2313.474
161119.SZ,20170216,1.217,1.22,1.31,1.22,1.289,0.072,5.9162,572.0,70.212
161124.SZ,20170216,1.044,1.04,1.048,1.037,1.04,-0.004,-0.3831,10038.65,1045.869
161125.SZ,20170216,1.01,1.014,1.015,1.012,1.014,0.004,0.396,42583.06,4315.912
161126.SZ,20170216,1.031,1.039,1.045,1.039,1.043,0.012,1.1639,9865.26,1027.784
161127.SZ,20170216,1.049,1.061,1.068,1.061,1.067,0.018,1.7159,10658.08,1135.714
161128.SZ,20170216,1.019,1.02,1.023,1.019,1.023,0.004,0.3925,6717.48,685.539
161129.SZ,20170216,0.983,0.98,0.985,0.975,0.976,-0.007,-0.7121,20327.22,1985.581
161210.SZ,20170216,0.948,0.947,0.954,0.946,0.952,0.004,0.4219,565.0,53.684
161213.SZ,20170216,1.341,1.337,1.337,1.337,1.337,-0.004,-0.2983,10.0,1.337
161216.SZ,20170216,1.023,1.023,1.023,1.023,1.023,0.0,0.0,90.0,9.207
161217.SZ,20170216,0.677,0.677,0.683,0.677,0.683,0.006,0.8863,1656.75,113.109
161219.SZ,20170216,1.18,1.181,1.214,1.171,1.187,0.007,0.5932,705.0,84.764
161222.SZ,20170216,1.019,1.011,1.02,1.011,1.019,0.0,0.0,5537.0,564.145
161224.SZ,20170216,1.099,1.104,1.104,1.098,1.103,0.004,0.364,313.71,34.579
161225.SZ,20170216,1.07,1.073,1.079,1.073,1.079,0.009,0.8411,15684.55,1688.873
161226.SZ,20170216,0.994,0.998,1.001,0.994,0.996,0.002,0.2012,52574.0,5245.124
161227.SZ,20170216,0.876,0.866,0.884,0.865,0.884,0.008,0.9132,8469.61,740.823
161229.SZ,20170216,1.231,1.229,1.236,1.224,1.228,-0.003,-0.2437,86.0,10.606
1612301.SZ,20170216,1.012,0.994,1.01,0.991,0.992,-0.02,-1.9763,121.05,12.095
161232.SZ,20170216,0.908,0.908,0.91,0.907,0.909,0.001,0.1101,5046.57,458.276
161505.SZ,20170216,1.032,1.067,1.135,1.064,1.078,0.046,4.4574,887.0,98.01
161607.SZ,20170216,1.062,1.059,1.064,1.045,1.062,0.0,0.0,426.0,44.841
161610.SZ,20170216,0.857,0.857,0.864,0.855,0.86,0.003,0.3501,1237.42,106.417
161614.SZ,20170216,1.033,1.038,1.038,1.034,1.034,0.001,0.0968,2.0,0.207
161626.SZ,20170216,0.993,0.994,0.994,0.994,0.994,0.001,0.1007,2002.19,199.017
161630.SZ,20170216,1.01,1.005,1.005,1.005,1.005,-0.005,-0.495,58.5,5.879
161706.SZ,20170216,1.389,1.378,1.388,1.375,1.387,-0.002,-0.144,1067.0,147.332
161713.SZ,20170216,1.001,1.001,1.101,1.0,1.001,0.0,0.0,1072.0,112.816
161714.SZ,20170216,0.844,0.848,0.852,0.848,0.852,0.008,0.9479,4102.61,348.867
161716.SZ,20170216,1.088,1.08,1.092,1.08,1.089,0.001,0.0919,37.0,4.003
161722.SZ,20170216,1.076,1.074,1.151,1.073,1.077,0.001,0.0929,580.7,64.133
161727.SZ,20170216,0.958,0.956,0.956,0.956,0.956,-0.002,-0.2088,1454.01,139.003
161810.SZ,20170216,1.616,1.62,1.625,1.62,1.625,0.009,0.5569,114.0,18.52
161815.SZ,20170216,0.476,0.476,0.481,0.476,0.48,0.004,0.8403,11554.0,552.971
161820.SZ,20170216,1.053,1.054,1.054,1.053,1.053,0.0,0.0,20.0,2.107
161821.SZ,20170216,1.206,1.203,1.203,1.203,1.203,-0.003,-0.2488,304.0,36.571
161831.SZ,20170216,0.964,0.972,0.974,0.961,0.966,0.002,0.2075,3906.07,376.776
161834.SZ,20170216,0.919,0.918,0.918,0.917,0.918,-0.001,-0.1088,9381.02,860.888
161903.SZ,20170216,0.92,0.919,0.919,0.919,0.919,-0.001,-0.1087,1.0,0.091
161908.SZ,20170216,0.89,0.894,0.894,0.889,0.889,-0.001,-0.1124,3.0,0.267
161911.SZ,20170216,0.98,0.979,0.981,0.979,0.98,0.0,0.0,3670.0,359.537
162006.SZ,20170216,1.054,1.044,1.052,1.044,1.052,-0.002,-0.1898,140.91,14.787
162105.SZ,20170216,1.074,1.074,1.074,1.074,1.074,0.0,0.0,1.0,0.107
162207.SZ,20170216,1.106,1.113,1.114,1.107,1.114,0.008,0.7233,24.0,2.664
162215.SZ,20170216,1.008,1.007,1.007,1.007,1.007,-0.001,-0.0992,1261.9,127.073
162307.SZ,20170216,1.039,1.044,1.044,1.044,1.044,0.005,0.4812,9.54,0.995
162411.SZ,20170216,0.685,0.685,0.686,0.683,0.686,0.001,0.146,209687.29,14354.422
162414.SZ,20170216,1.074,1.074,1.074,1.074,1.074,0.0,0.0,2.0,0.214
162415.SZ,20170216,1.15,1.152,1.155,1.15,1.153,0.003,0.2609,1090.09,125.576
162510.SZ,20170216,1.059,1.049,1.049,1.049,1.049,-0.01,-0.9443,5.78,0.606
162605.SZ,20170216,0.87,0.87,0.87,0.868,0.869,-0.001,-0.1149,83.0,7.22
162607.SZ,20170216,0.446,0.446,0.448,0.441,0.447,0.001,0.2242,954.96,42.629
162703.SZ,20170216,1.125,1.125,1.129,1.121,1.125,0.0,0.0,698.22,78.532
162711.SZ,20170216,1.311,1.329,1.331,1.329,1.33,0.019,1.4493,163.0,21.678
162712.SZ,20170216,1.394,1.394,1.395,1.394,1.394,0.0,0.0,2199.73,306.659
162715.SZ,20170216,1.081,1.08,1.099,1.071,1.072,-0.009,-0.8326,571.0,61.866
162717.SZ,20170216,0.922,0.923,0.923,0.916,0.923,0.001,0.1085,251.03,23.07
163001.SZ,20170216,0.965,0.964,0.966,0.958,0.966,0.001,0.1036,66.0,6.343
163003.SZ,20170216,1.01,1.01,1.01,1.01,1.01,0.0,0.0,98.7,9.968
163005.SZ,20170216,0.814,0.817,0.818,0.815,0.818,0.004,0.4914,457.0,37.352
163110.SZ,20170216,2.733,2.731,2.744,2.717,2.738,0.005,0.1829,16114.22,4400.489
163119.SZ,20170216,0.906,0.912,0.912,0.902,0.902,-0.004,-0.4415,2090.93,188.655
163208.SZ,20170216,0.958,0.943,0.957,0.943,0.951,-0.007,-0.7307,162.0,15.377
163210.SZ,20170216,1.027,1.027,1.028,1.026,1.026,-0.001,-0.0974,2837.0,291.128
163302.SZ,20170216,1.276,1.268,1.275,1.268,1.275,-0.001,-0.0784,9.0,1.146
163402.SZ,20170216,1.017,1.013,1.015,1.008,1.015,-0.002,-0.1967,11153.7,1130.323
163407.SZ,20170216,1.477,1.457,1.468,1.45,1.455,-0.022,-1.4895,159.48,23.198
163409.SZ,20170216,1.491,1.487,1.487,1.486,1.486,-0.005,-0.3353,106.0,15.752
163412.SZ,20170216,2.506,2.506,2.519,2.501,2.519,0.013,0.5188,9318.36,2340.627
163415.SZ,20170216,1.341,1.34,1.347,1.339,1.346,0.005,0.3729,6901.66,925.372
163503.SZ,20170216,0.478,0.477,0.479,0.476,0.479,0.001,0.2092,4304.25,205.533
163801.SZ,20170216,1.158,1.156,1.159,1.156,1.158,0.0,0.0,703.0,81.402
163821.SZ,20170216,1.452,1.447,1.449,1.447,1.449,-0.003,-0.2066,16.92,2.449
163827.SZ,20170216,1.022,1.02,1.021,1.02,1.021,-0.001,-0.0978,736.0,75.076
164105.SZ,20170216,1.222,1.215,1.222,1.215,1.221,-0.001,-0.0818,253.0,30.814
164206.SZ,20170216,1.038,1.038,1.038,1.038,1.038,0.0,0.0,268.0,27.818
164208.SZ,20170216,1.119,1.137,1.137,1.04,1.134,0.015,1.3405,4756.71,499.353
164210.SZ,20170216,0.992,0.992,0.996,0.992,0.993,0.001,0.1008,3239.5,321.614
164403.SZ,20170216,0.921,0.921,0.923,0.918,0.92,-0.001,-0.1086,80.01,7.378
164606.SZ,20170216,1.164,1.163,1.163,1.163,1.163,-0.001,-0.0859,2000.0,232.6
164701.SZ,20170216,0.608,0.61,0.611,0.61,0.61,0.002,0.3289,9066.15,553.434
164702.SZ,20170216,0.989,0.989,0.996,0.989,0.993,0.004,0.4044,85.0,8.462
164705.SZ,20170216,1.044,1.053,1.054,1.051,1.054,0.01,0.9579,754.97,79.535
164808.SZ,20170216,0.989,0.989,0.989,0.984,0.986,-0.003,-0.3033,952.0,93.827
164810.SZ,20170216,0.983,0.984,0.984,0.98,0.98,-0.003,-0.3052,574.0,56.285
164812.SZ,20170216,0.966,0.965,0.965,0.963,0.964,-0.002,-0.207,267.19,25.746
164815.SZ,20170216,0.871,0.886,0.886,0.871,0.871,0.0,0.0,267.0,23.275
164906.SZ,20170216,1.046,1.045,1.056,1.041,1.047,0.001,0.0956,4825.1,503.928
165309.SZ,20170216,1.02,1.019,1.022,1.018,1.022,0.002,0.1961,100.79,10.277
165313.SZ,20170216,1.371,1.365,1.379,1.365,1.369,-0.002,-0.1459,1377.95,189.045
165509.SZ,20170216,1.107,1.106,1.106,1.106,1.106,-0.001,-0.0903,394.0,43.576
165510.SZ,20170216,0.748,0.757,0.757,0.75,0.755,0.007,0.9358,2460.48,185.31
165512.SZ,20170216,2.133,2.13,2.131,2.13,2.131,-0.002,-0.0938,3.0,0.639
165513.SZ,20170216,0.483,0.482,0.487,0.482,0.484,0.001,0.207,18889.0,913.373
165516.SZ,20170216,2.308,2.289,2.289,2.289,2.289,-0.019,-0.8232,1.0,0.228
165517.SZ,20170216,0.747,0.746,0.747,0.703,0.727,-0.02,-2.6774,911.0,66.235
165525.SZ,20170216,1.244,1.249,1.27,1.244,1.263,0.019,1.5273,3351.05,421.785
165528.SZ,20170216,0.996,0.997,0.997,0.993,0.996,0.0,0.0,5467.18,543.741
165705.SZ,20170216,0.971,0.971,0.973,0.971,0.973,0.002,0.206,255.0,24.81
165807.SZ,20170216,1.022,1.024,1.024,1.024,1.024,0.002,0.1957,250.0,25.6
166001.SZ,20170216,1.047,1.041,1.049,1.039,1.046,-0.001,-0.0955,136.0,14.243
166006.SZ,20170216,1.009,1.004,1.004,1.003,1.004,-0.005,-0.4955,187.0,18.767
166007.SZ,20170216,1.215,1.215,1.215,1.215,1.215,0.0,0.0,15.0,1.822
166008.SZ,20170216,1.018,1.009,1.01,1.008,1.009,-0.009,-0.8841,336.0,33.892
166009.SZ,20170216,2.015,2.009,2.024,2.003,2.024,0.009,0.4467,19.0,3.822
166011.SZ,20170216,1.185,1.18,1.183,1.179,1.179,-0.006,-0.5063,31.0,3.662
166016.SZ,20170216,1.331,1.284,1.284,1.282,1.284,-0.047,-3.5312,150.0,19.24
166902.SZ,20170216,1.003,1.008,1.01,1.008,1.01,0.007,0.6979,421.0,42.471
166904.SZ,20170216,1.07,1.07,1.07,1.07,1.07,0.0,0.0,2167.04,231.873
167001.SZ,20170216,0.936,0.934,0.938,0.933,0.937,0.001,0.1068,14284.83,1337.788
167002.SZ,20170216,1.14,1.149,1.149,1.066,1.1,-0.04,-3.5088,478.0,51.468
167501.SZ,20170216,1.083,1.083,1.084,1.083,1.084,0.001,0.0923,116.0,12.564
168101.SZ,20170216,1.099,1.097,1.1,1.096,1.099,0.0,0.0,6194.0,680.593
168102.SZ,20170216,0.938,0.935,0.937,0.934,0.935,-0.003,-0.3198,5324.52,498.212
168103.SZ,20170216,0.902,0.903,0.906,0.902,0.904,0.002,0.2217,48475.4,4382.715
168104.SZ,20170216,0.951,0.93,0.964,0.93,0.964,0.013,1.367,145.01,13.518
168105.SZ,20170216,0.928,0.928,0.94,0.928,0.93,0.002,0.2155,5442.03,506.001
169101.SZ,20170216,1.224,1.223,1.224,1.217,1.224,0.0,0.0,1029.0,125.902
169102.SZ,20170216,1.195,1.195,1.212,1.192,1.2,0.005,0.4184,2513.92,300.815
169103.SZ,20170216,1.103,1.102,1.108,1.102,1.108,0.005,0.4533,442.02,48.971
184721.SZ,20170216,0.962,0.963,0.966,0.963,0.965,0.003,0.3119,149330.15,14396.844
184722.SZ,20170216,0.986,0.986,0.987,0.983,0.985,-0.001,-0.1014,81393.2,8014.938
184801.SZ,20170216,102.471,102.693,102.693,102.55,102.551,0.08,0.0781,23.0,236.099
500058.SH,20170216,0.955,0.956,0.956,0.954,0.956,0.001,0.1047,59095.0,5644.119
501000.SH,20170216,1.017,1.017,1.027,1.017,1.022,0.005,0.4916,104.0,10.579
501001.SH,20170216,1.023,1.02,1.023,1.02,1.023,0.0,0.0,22237.51,2273.14
501002.SH,20170216,1.038,1.024,1.048,1.024,1.042,0.004,0.3854,471.0,48.297
501005.SH,20170216,0.99,0.985,0.989,0.981,0.985,-0.005,-0.5051,1526.0,149.979
501015.SH,20170216,1.012,1.012,1.014,1.01,1.013,0.001,0.0988,71647.11,7252.742
501017.SH,20170216,0.976,0.973,0.977,0.973,0.974,-0.002,-0.2049,3041.99,296.532
501018.SH,20170216,1.023,1.015,1.024,1.013,1.024,0.001,0.0978,11946.26,1221.494
501021.SH,20170216,1.173,1.174,1.179,1.167,1.168,-0.005,-0.4263,49146.06,5759.835
501022.SH,20170216,0.948,0.944,0.946,0.935,0.945,-0.003,-0.3165,6445.39,608.688
501023.SH,20170216,1.068,1.069,1.069,1.061,1.065,-0.003,-0.2809,62776.54,6682.523
501025.SH,20170216,1.073,1.083,1.095,1.077,1.088,0.015,1.3979,35736.7,3869.498
501026.SH,20170216,0.932,0.93,0.933,0.93,0.933,0.001,0.1073,13446.07,1253.791
501029.SH,20170216,0.998,0.997,0.998,0.996,0.998,0.0,0.0,172297.41,17171.284
501050.SH,20170216,1.017,1.017,1.026,1.017,1.026,0.009,0.885,28659.55,2932.531
501300.SH,20170216,1.002,1.019,1.102,1.01,1.018,0.016,1.5968,5269.84,536.548
502000.SH,20170216,0.993,0.983,0.985,0.983,0.985,-0.008,-0.8056,685.0,67.337
502001.SH,20170216,1.002,1.005,1.005,1.005,1.005,0.003,0.2994,22.0,2.211
502002.SH,20170216,0.963,0.978,0.979,0.978,0.978,0.015,1.5576,26.0,2.543
502003.SH,20170216,1.117,1.115,1.129,1.115,1.121,0.004,0.3581,10908.39,1223.621
502004.SH,20170216,1.013,1.012,1.014,1.011,1.012,-0.001,-0.0987,18622.71,1884.606
502005.SH,20170216,1.225,1.223,1.236,1.223,1.23,0.005,0.4082,49800.75,6128.263
502006.SH,20170216,0.985,0.985,0.993,0.985,0.991,0.006,0.6091,6705.26,663.117
502007.SH,20170216,1.061,1.054,1.066,1.054,1.064,0.003,0.2828,14407.82,1533.697
502008.SH,20170216,0.91,0.912,0.923,0.911,0.916,0.006,0.6593,49710.85,4546.02
502010.SH,20170216,1.167,1.171,1.178,1.17,1.174,0.007,0.5998,17739.63,2081.335
502011.SH,20170216,1.011,1.011,1.012,1.011,1.011,0.0,0.0,36994.5,3741.282
502012.SH,20170216,1.32,1.32,1.348,1.313,1.339,0.019,1.4394,54688.42,7288.164
502013.SH,20170216,0.834,0.832,0.84,0.831,0.836,0.002,0.2398,64574.18,5401.524
502014.SH,20170216,1.011,1.012,1.012,1.01,1.012,0.001,0.0989,65423.27,6617.101
502015.SH,20170216,0.654,0.653,0.668,0.651,0.663,0.009,1.3761,169667.85,11213.092
502016.SH,20170216,1.093,1.093,1.097,1.09,1.095,0.002,0.183,77.26,8.446
502017.SH,20170216,1.023,1.023,1.023,1.023,1.023,0.0,0.0,248.86,25.458
502018.SH,20170216,1.205,1.175,1.2,1.175,1.189,-0.016,-1.3278,1003.88,118.937
502020.SH,20170216,1.2,1.192,1.192,1.188,1.188,-0.012,-1.0,46.11,5.493
502021.SH,20170216,1.013,1.003,1.013,1.003,1.013,0.0,0.0,28.0,2.815
502022.SH,20170216,1.378,1.389,1.389,1.389,1.389,0.011,0.7983,1.0,0.139
502024.SH,20170216,1.106,1.047,1.178,1.047,1.118,0.012,1.085,1224.0,128.32
502025.SH,20170216,0.915,0.904,0.936,0.903,0.92,0.005,0.5464,6963.35,639.616
502026.SH,20170216,0.898,0.882,0.882,0.88,0.88,-0.018,-2.0045,1006.0,88.529
502027.SH,20170216,1.029,1.029,1.051,1.029,1.051,0.022,2.138,6.0,0.62
502028.SH,20170216,0.738,0.715,0.74,0.715,0.738,0.0,0.0,420.93,31.073
502031.SH,20170216,1.05,1.032,1.051,1.032,1.05,0.0,0.0,17.0,1.779
502032.SH,20170216,1.168,1.168,1.168,1.135,1.164,-0.004,-0.3425,682.0,79.232
502036.SH,20170216,1.037,1.039,1.041,1.024,1.041,0.004,0.3857,23.35,2.42
502037.SH,20170216,1.028,1.025,1.026,1.025,1.025,-0.003,-0.2918,130.0,13.33
502038.SH,20170216,1.075,1.019,1.089,1.019,1.056,-0.019,-1.7674,1106.18,115.294
502040.SH,20170216,0.957,0.949,0.951,0.949,0.951,-0.006,-0.627,4.0,0.38
502041.SH,20170216,1.018,1.017,1.017,1.017,1.017,-0.001,-0.0982,1.0,0.102
502042.SH,20170216,0.909,0.897,0.91,0.897,0.9,-0.009,-0.9901,456.0,41.057
502048.SH,20170216,1.176,1.176,1.181,1.174,1.176,0.0,0.0,1040.33,122.283
502049.SH,20170216,1.023,1.024,1.024,1.021,1.024,0.001,0.0978,22670.0,2319.217
502050.SH,20170216,1.328,1.327,1.335,1.324,1.333,0.005,0.3765,34532.92,4590.166
502053.SH,20170216,1.009,1.002,1.018,1.002,1.01,0.001,0.0991,2819.63,285.731
502054.SH,20170216,1.028,1.027,1.03,1.025,1.029,0.001,0.0973,2849.0,292.737
502055.SH,20170216,0.992,0.996,1.004,0.981,0.997,0.005,0.504,28051.16,2787.743
502056.SH,20170216,1.06,1.042,1.068,1.042,1.068,0.008,0.7547,119.6,12.764
502057.SH,20170216,1.026,1.025,1.027,1.025,1.026,0.0,0.0,1984.0,203.47
502058.SH,20170216,1.084,1.066,1.082,1.066,1.075,-0.009,-0.8303,693.42,74.51
505888.SH,20170216,1.168,1.166,1.168,1.165,1.167,-0.001,-0.0856,74295.13,8665.127
510010.SH,20170216,1.013,1.01,1.016,1.004,1.008,-0.005,-0.4936,2063.0,208.396
510020.SH,20170216,2.413,2.419,2.42,2.401,2.402,-0.011,-0.4559,51.1,12.292
510030.SH,20170216,4.15,4.14,4.149,4.14,4.149,-0.001,-0.0241,30.0,12.44
510050.SH,20170216,2.369,2.369,2.376,2.366,2.372,0.003,0.1266,1157874.48,274568.384
510060.SH,20170216,1.648,1.65,1.655,1.646,1.655,0.007,0.4248,3159.68,521.513
510110.SH,20170216,3.077,3.079,3.079,3.079,3.079,0.002,0.065,40.12,12.353
510120.SH,20170216,2.688,2.67,2.67,2.67,2.67,-0.018,-0.6696,1.0,0.267
510130.SH,20170216,3.68,3.674,3.674,3.674,3.674,-0.006,-0.163,9.0,3.307
510150.SH,20170216,3.949,3.92,3.92,3.866,3.919,-0.03,-0.7597,88.41,34.352
510160.SH,20170216,0.557,0.557,0.56,0.556,0.559,0.002,0.3591,20907.0,1167.42
510170.SH,20170216,1.797,1.802,1.85,1.767,1.84,0.043,2.3929,528.72,95.941
510180.SH,20170216,3.066,3.065,3.079,3.065,3.079,0.013,0.424,69438.53,21334.141
510190.SH,20170216,3.238,3.237,3.238,3.23,3.237,-0.001,-0.0309,43.0,13.921
510210.SH,20170216,3.506,3.516,3.517,3.51,3.511,0.005,0.1426,187.0,65.762
510220.SH,20170216,3.979,3.976,3.99,3.949,3.984,0.005,0.1257,90.0,35.564
510230.SH,20170216,5.382,5.395,5.397,5.377,5.384,0.002,0.0372,1135.0,611.831
510270.SH,20170216,1.04,1.015,1.039,1.015,1.039,-0.001,-0.0962,107.0,10.927
510280.SH,20170216,1.372,1.372,1.382,1.372,1.382,0.01,0.7289,8.0,1.101
510290.SH,20170216,1.569,1.569,1.58,1.569,1.578,0.009,0.5736,530.0,83.612
510300.SH,20170216,3.423,3.423,3.438,3.416,3.438,0.015,0.4382,905007.59,310095.292
510310.SH,20170216,1.426,1.427,1.435,1.425,1.435,0.009,0.6311,5612.83,802.276
510330.SH,20170216,3.64,3.64,3.665,3.64,3.66,0.02,0.5495,1729.0,632.266
510360.SH,20170216,1.057,1.059,1.063,1.055,1.06,0.003,0.2838,46655.0,4944.882
510410.SH,20170216,0.712,0.71,0.716,0.708,0.715,0.003,0.4213,2023.0,143.614
510420.SH,20170216,1.468,1.471,1.53,1.471,1.53,0.062,4.2234,42239.67,6320.931
510430.SH,20170216,1.365,1.368,1.369,1.365,1.366,0.001,0.0733,937.0,128.069
510440.SH,20170216,1.844,1.832,1.832,1.832,1.832,-0.012,-0.6508,1.0,0.183
510500.SH,20170216,6.598,6.596,6.656,6.595,6.641,0.043,0.6517,85992.34,57000.865
510510.SH,20170216,1.739,1.739,1.75,1.735,1.749,0.01,0.575,115939.56,20227.076
510520.SH,20170216,1.695,1.685,1.865,1.66,1.747,0.052,3.0678,561.44,99.277
510560.SH,20170216,1.309,1.31,1.31,1.305,1.307,-0.002,-0.1528,15.63,2.046
510580.SH,20170216,6.603,6.597,6.618,6.381,6.617,0.014,0.212,12.0,7.901
510630.SH,20170216,1.656,1.655,1.658,1.653,1.656,0.0,0.0,86.0,14.237
510650.SH,20170216,1.515,1.655,1.655,1.509,1.515,0.0,0.0,415.0,63.717
510660.SH,20170216,1.511,1.51,1.517,1.508,1.513,0.002,0.1324,16453.0,2489.821
510680.SH,20170216,1.818,1.833,1.834,1.771,1.834,0.016,0.8801,18.0,3.286
510710.SH,20170216,2.392,2.394,2.397,2.388,2.396,0.004,0.1672,1204.91,288.186
510810.SH,20170216,1.022,1.023,1.032,1.021,1.026,0.004,0.3914,311584.77,31940.702
510880.SH,20170216,2.705,2.704,2.718,2.704,2.717,0.012,0.4436,121959.0,33069.769
510900.SH,20170216,1.151,1.162,1.164,1.143,1.15,-0.001,-0.0869,4910103.48,565740.36
511010.SH,20170216,110.6,110.591,110.846,110.521,110.829,0.229,0.2071,7206.54,79816.431
511220.SH,20170216,95.68,95.819,95.82,95.19,95.449,-0.231,-0.2414,349.0,3331.098
511600.SH,20170216,99.993,99.992,99.995,99.99,99.994,0.001,0.001,7148.47,71478.81
511650.SH,20170216,99.992,99.993,99.995,99.991,99.991,-0.001,-0.001,18091.63,180905.659
511660.SH,20170216,99.996,99.995,99.998,99.99,99.997,0.001,0.001,128416.71,1284110.17
511680.SH,20170216,99.991,99.996,99.997,99.991,99.993,0.002,0.002,5695.74,56953.083
511690.SH,20170216,99.997,99.996,99.997,99.994,99.997,0.0,0.0,148073.16,1480659.001
511700.SH,20170216,99.993,99.992,99.997,99.99,99.997,0.004,0.004,9414.38,94136.54
511760.SH,20170216,99.961,99.99,99.994,99.92,99.99,0.029,0.029,2003.4,20032.022
511800.SH,20170216,99.995,99.993,99.996,99.991,99.995,0.0,0.0,3993.86,39935.817
511810.SH,20170216,99.993,99.992,99.996,99.989,99.996,0.003,0.003,143398.46,1433870.806
511820.SH,20170216,99.992,99.99,99.994,99.988,99.993,0.001,0.001,67771.13,677651.947
511830.SH,20170216,99.991,99.989,99.995,99.989,99.993,0.002,0.002,11115.95,111150.483
511850.SH,20170216,99.999,99.996,100.0,99.996,100.0,0.001,0.001,2949.28,29492.084
511860.SH,20170216,99.994,99.991,99.995,99.989,99.995,0.001,0.001,10588.97,105881.314
511880.SH,20170216,100.425,100.43,100.443,100.429,100.439,0.014,0.0139,484171.41,4862784.1
511890.SH,20170216,99.998,99.999,99.999,99.988,99.989,-0.009,-0.009,6336.4,63361.936
511900.SH,20170216,99.993,99.992,99.995,99.989,99.994,0.001,0.001,130107.51,1300964.273
511910.SH,20170216,99.991,99.988,99.993,99.985,99.992,0.001,0.001,21413.59,214110.908
511920.SH,20170216,99.99,99.986,99.994,99.986,99.994,0.004,0.004,391.33,3912.833
511930.SH,20170216,99.992,99.99,99.994,99.99,99.993,0.001,0.001,2920.58,29203.817
511950.SH,20170216,99.99,99.989,99.998,99.908,99.998,0.008,0.008,14.99,149.885
511960.SH,20170216,100.004,100.001,100.006,99.994,99.999,-0.005,-0.005,9140.32,91405.082
511970.SH,20170216,99.991,99.995,99.996,99.994,99.995,0.004,0.004,19909.0,199080.457
511980.SH,20170216,99.997,99.993,99.998,99.989,99.997,0.0,0.0,22190.77,221888.526
511990.SH,20170216,99.997,99.994,100.0,99.992,100.0,0.003,0.003,1243891.28,12438492.689
512000.SH,20170216,0.985,0.988,0.997,0.984,0.994,0.009,0.9137,47897.0,4744.848
512010.SH,20170216,1.318,1.305,1.316,1.304,1.315,-0.003,-0.2276,589.0,77.059
512070.SH,20170216,1.711,1.711,1.719,1.707,1.717,0.006,0.3507,5146.0,882.172
512100.SH,20170216,0.936,0.937,0.942,0.935,0.941,0.005,0.5342,7587.0,712.422
512120.SH,20170216,1.322,1.307,1.322,1.305,1.322,0.0,0.0,665.0,86.987
512210.SH,20170216,1.444,1.438,1.443,1.438,1.443,-0.001,-0.0693,2.0,0.288
512230.SH,20170216,1.32,1.32,1.32,1.257,1.285,-0.035,-2.6515,633.0,81.018
512300.SH,20170216,1.214,1.21,1.21,1.205,1.21,-0.004,-0.3295,576.0,69.553
512310.SH,20170216,0.704,0.704,0.708,0.704,0.708,0.004,0.5682,2077.0,146.684
512330.SH,20170216,0.793,0.797,0.798,0.796,0.798,0.005,0.6305,70.0,5.579
512340.SH,20170216,0.857,0.86,0.871,0.86,0.867,0.01,1.1669,19652.0,1704.405
512500.SH,20170216,3.041,3.031,3.057,3.031,3.057,0.016,0.5261,2647.83,805.347
512510.SH,20170216,1.265,1.268,1.275,1.264,1.275,0.01,0.7905,2140.62,272.434
512600.SH,20170216,1.561,1.563,1.563,1.563,1.563,0.002,0.1281,2.0,0.313
512610.SH,20170216,1.394,1.389,1.391,1.389,1.391,-0.003,-0.2152,51.0,7.087
512660.SH,20170216,1.02,1.02,1.029,1.019,1.025,0.005,0.4902,129443.0,13252.985
512680.SH,20170216,0.998,1.0,1.007,0.998,1.003,0.005,0.501,33167.0,3325.789
512810.SH,20170216,0.966,0.969,0.975,0.965,0.971,0.005,0.5176,81351.0,7890.26
512880.SH,20170216,1.049,1.048,1.062,1.045,1.059,0.01,0.9533,90260.47,9504.261
512990.SH,20170216,1.015,1.014,1.019,1.011,1.014,-0.001,-0.0985,1658.0,167.985
513030.SH,20170216,0.999,0.999,0.999,0.994,0.994,-0.005,-0.5005,28426.0,2832.403
513050.SH,20170216,1.058,1.061,1.066,1.058,1.06,0.002,0.189,51844.0,5502.26
513100.SH,20170216,1.929,1.937,1.943,1.937,1.938,0.009,0.4666,27264.0,5287.71
513500.SH,20170216,1.488,1.498,1.498,1.486,1.488,0.0,0.0,78844.0,11755.841
513600.SH,20170216,2.182,2.182,2.19,2.17,2.19,0.008,0.3666,1690.49,368.918
513660.SH,20170216,2.161,2.16,2.177,2.16,2.171,0.01,0.4627,4130.0,895.413
518800.SH,20170216,2.712,2.73,2.733,2.721,2.725,0.013,0.4794,216396.0,59083.317
518880.SH,20170216,2.707,2.727,2.731,2.723,2.725,0.018,0.6649,2216657.37,604731.202
