ts_code,trade_date,pre_close,open,high,low,close,change,pct_chg,vol,amount
150008.SZ,20170724,1.352,1.352,1.352,1.352,1.352,0.0,0.0,197.89,26.754
150009.SZ,20170724,1.068,1.115,1.116,1.063,1.073,0.005,0.4682,783.44,84.978
150012.SZ,20170724,1.043,1.041,1.043,1.041,1.043,0.0,0.0,903.32,94.201
150013.SZ,20170724,1.357,1.345,1.36,1.345,1.358,0.001,0.0737,840.22,114.03
150016.SZ,20170724,1.048,1.05,1.089,1.045,1.05,0.002,0.1908,1013.06,106.387
150017.SZ,20170724,1.138,1.139,1.142,1.13,1.139,0.001,0.0879,655.81,74.72
150018.SZ,20170724,1.054,1.053,1.059,1.053,1.059,0.005,0.4744,21951.15,2322.968
150019.SZ,20170724,0.927,0.922,0.935,0.921,0.929,0.002,0.2157,330010.66,30672.333
150020.SZ,20170724,1.057,1.057,1.058,1.057,1.058,0.001,0.0946,34332.4,3632.118
150021.SZ,20170724,1.044,1.043,1.047,1.043,1.046,0.002,0.1916,5040.0,526.729
150022.SZ,20170724,0.8,0.8,0.804,0.8,0.8,0.0,0.0,190982.06,15310.215
150023.SZ,20170724,0.368,0.367,0.371,0.367,0.371,0.003,0.8152,323054.93,11922.505
150028.SZ,20170724,1.014,1.014,1.015,1.009,1.014,0.0,0.0,1396.09,141.626
150029.SZ,20170724,1.376,1.376,1.408,1.376,1.403,0.027,1.9622,3448.96,481.714
150030.SZ,20170724,1.044,1.05,1.055,1.05,1.055,0.011,1.0536,54.4,5.737
150031.SZ,20170724,1.23,1.21,1.23,1.21,1.23,0.0,0.0,51.7,6.358
150032.SZ,20170724,1.003,1.003,1.003,1.003,1.003,0.0,0.0,1210.64,121.427
150033.SZ,20170724,0.94,0.937,0.95,0.937,0.95,0.01,1.0638,501.0,47.593
150040.SZ,20170724,1.109,1.127,1.127,1.127,1.127,0.018,1.6231,8.0,0.901
150048.SZ,20170724,1.082,1.08,1.085,1.073,1.085,0.003,0.2773,281.0,30.243
150049.SZ,20170724,1.011,1.011,1.012,1.011,1.011,0.0,0.0,1925.0,194.714
150050.SZ,20170724,1.203,1.224,1.232,1.221,1.227,0.024,1.995,2277.98,278.938
150051.SZ,20170724,1.009,1.01,1.012,1.007,1.008,-0.001,-0.0991,5494.63,554.916
150052.SZ,20170724,1.63,1.63,1.648,1.618,1.647,0.017,1.0429,7573.89,1239.054
150053.SZ,20170724,1.02,1.021,1.025,1.018,1.018,-0.002,-0.1961,990.44,101.241
150054.SZ,20170724,0.936,0.941,0.961,0.941,0.96,0.024,2.5641,1185.0,112.805
150055.SZ,20170724,1.043,1.058,1.058,1.047,1.047,0.004,0.3835,597.0,62.91
150056.SZ,20170724,1.406,1.42,1.42,1.382,1.415,0.009,0.6401,876.0,122.172
150057.SZ,20170724,1.116,1.115,1.115,1.115,1.115,-0.001,-0.0896,300.0,33.45
150059.SZ,20170724,1.22,1.22,1.22,1.218,1.219,-0.001,-0.082,652.0,79.51
150060.SZ,20170724,1.202,1.202,1.235,1.2,1.2,-0.002,-0.1664,4155.0,503.715
150064.SZ,20170724,1.018,1.018,1.018,1.018,1.018,0.0,0.0,5.0,0.509
150066.SZ,20170724,0.911,0.926,0.929,0.926,0.927,0.016,1.7563,100.0,9.272
150067.SZ,20170724,1.418,1.45,1.45,1.42,1.42,0.002,0.141,619.0,88.555
150073.SZ,20170724,1.015,1.016,1.017,1.016,1.017,0.002,0.197,383.0,38.932
150076.SZ,20170724,0.996,0.997,1.006,0.995,1.001,0.005,0.502,1036.0,103.524
150077.SZ,20170724,1.515,1.467,1.511,1.467,1.511,-0.004,-0.264,848.27,127.217
150083.SZ,20170724,1.066,1.117,1.117,1.108,1.108,0.042,3.94,525.0,58.388
150084.SZ,20170724,1.101,1.063,1.165,1.063,1.075,-0.026,-2.3615,605.01,65.024
150091.SZ,20170724,0.856,0.857,0.902,0.857,0.902,0.046,5.3738,83.12,7.177
150094.SZ,20170724,1.016,1.019,1.022,1.019,1.02,0.004,0.3937,1900.28,193.732
150095.SZ,20170724,0.486,0.476,0.498,0.476,0.498,0.012,2.4691,3039.0,144.798
150100.SZ,20170724,1.046,1.044,1.045,1.035,1.041,-0.005,-0.478,1666.06,173.633
150101.SZ,20170724,1.559,1.53,1.595,1.53,1.565,0.006,0.3849,2990.9,468.125
150104.SZ,20170724,1.089,1.063,1.079,1.061,1.079,-0.01,-0.9183,928.0,98.48
150105.SZ,20170724,1.53,1.53,1.549,1.53,1.546,0.016,1.0458,277.0,42.789
150106.SZ,20170724,1.135,1.138,1.139,1.137,1.139,0.004,0.3524,2340.0,266.335
150107.SZ,20170724,0.975,0.97,0.978,0.96,0.975,0.0,0.0,4062.76,394.22
150108.SZ,20170724,1.095,1.097,1.101,1.097,1.098,0.003,0.274,351.95,38.675
150109.SZ,20170724,0.961,0.97,0.97,0.97,0.97,0.009,0.9365,500.0,48.5
150113.SZ,20170724,1.57,1.547,1.547,1.547,1.547,-0.023,-1.465,30.0,4.641
150117.SZ,20170724,1.052,1.051,1.051,1.049,1.05,-0.002,-0.1901,45858.74,4815.102
150118.SZ,20170724,0.479,0.478,0.486,0.474,0.478,-0.001,-0.2088,93532.0,4490.619
150122.SZ,20170724,1.4,1.406,1.406,1.406,1.406,0.006,0.4286,69.15,9.722
150123.SZ,20170724,1.33,1.28,1.28,1.28,1.28,-0.05,-3.7594,1.0,0.128
150124.SZ,20170724,1.967,1.967,1.985,1.938,1.982,0.015,0.7626,3858.74,760.357
150130.SZ,20170724,1.052,1.052,1.053,1.05,1.051,-0.001,-0.0951,58625.7,6164.969
150131.SZ,20170724,0.486,0.484,0.493,0.482,0.49,0.004,0.823,205221.07,10021.802
150135.SZ,20170724,1.016,1.016,1.016,1.013,1.015,-0.001,-0.0984,46248.1,4685.157
150136.SZ,20170724,0.83,0.832,0.888,0.832,0.84,0.01,1.2048,905.77,75.481
150139.SZ,20170724,0.93,0.947,0.947,0.92,0.92,-0.01,-1.0753,7.65,0.717
150140.SZ,20170724,1.013,1.014,1.014,1.011,1.014,0.001,0.0987,9805.0,992.457
150141.SZ,20170724,0.911,0.914,0.926,0.914,0.926,0.015,1.6465,1602.29,147.553
150143.SZ,20170724,1.003,1.067,1.067,1.007,1.008,0.005,0.4985,21.01,2.123
150144.SZ,20170724,0.72,0.7,0.735,0.66,0.735,0.015,2.0833,5889.59,430.709
150146.SZ,20170724,0.42,0.402,0.417,0.402,0.416,-0.004,-0.9524,787.0,31.703
150149.SZ,20170724,0.6,0.618,0.619,0.603,0.605,0.005,0.8333,860.0,52.93
150150.SZ,20170724,1.069,1.08,1.08,1.046,1.048,-0.021,-1.9645,414.37,43.618
150151.SZ,20170724,1.327,1.28,1.44,1.28,1.332,0.005,0.3768,5593.22,751.481
150152.SZ,20170724,1.021,1.02,1.022,1.019,1.022,0.001,0.0979,224659.06,22921.655
150153.SZ,20170724,0.495,0.492,0.499,0.483,0.492,-0.003,-0.6061,2630165.63,129014.668
150157.SZ,20170724,1.033,1.035,1.04,1.035,1.04,0.007,0.6776,29512.94,3064.047
150158.SZ,20170724,1.008,1.008,1.033,1.008,1.028,0.02,1.9841,47926.74,4919.956
150164.SZ,20170724,1.004,1.004,1.007,1.002,1.005,0.001,0.0996,6892.74,693.089
150165.SZ,20170724,0.76,0.76,0.788,0.76,0.786,0.026,3.4211,4926.66,382.057
150167.SZ,20170724,1.082,1.082,1.082,1.071,1.071,-0.011,-1.0166,257.0,27.719
150168.SZ,20170724,0.775,0.831,0.831,0.75,0.785,0.01,1.2903,2031.05,159.432
150169.SZ,20170724,1.029,1.03,1.03,1.027,1.029,0.0,0.0,9692.42,996.684
150170.SZ,20170724,1.262,1.262,1.278,1.262,1.278,0.016,1.2678,14768.31,1882.74
150171.SZ,20170724,1.006,1.006,1.01,1.006,1.008,0.002,0.1988,54837.3,5526.502
150172.SZ,20170724,1.127,1.121,1.143,1.121,1.13,0.003,0.2662,350341.93,39731.481
150173.SZ,20170724,0.999,0.998,1.002,0.997,1.001,0.002,0.2002,50359.3,5034.92
150174.SZ,20170724,0.475,0.473,0.49,0.466,0.486,0.011,2.3158,643.42,30.295
150175.SZ,20170724,0.968,0.967,0.97,0.966,0.966,-0.002,-0.2066,270667.0,26196.1
150176.SZ,20170724,1.004,1.004,1.021,1.003,1.016,0.012,1.1952,262496.07,26630.396
150177.SZ,20170724,1.058,1.059,1.06,1.059,1.06,0.002,0.189,9039.65,957.876
150178.SZ,20170724,1.498,1.483,1.526,1.483,1.5,0.002,0.1335,8264.73,1244.582
150179.SZ,20170724,1.039,1.025,1.025,1.025,1.025,-0.014,-1.3474,3.11,0.318
150180.SZ,20170724,1.224,1.188,1.208,1.188,1.208,-0.016,-1.3072,55.94,6.676
150181.SZ,20170724,1.002,1.003,1.003,1.001,1.002,0.0,0.0,55596.14,5573.926
150182.SZ,20170724,0.749,0.75,0.789,0.743,0.786,0.037,4.9399,573541.35,44066.728
150184.SZ,20170724,1.008,1.012,1.014,1.012,1.014,0.006,0.5952,8466.55,857.927
150185.SZ,20170724,0.77,0.766,0.774,0.76,0.773,0.003,0.3896,16499.78,1266.178
150186.SZ,20170724,1.015,1.015,1.017,1.015,1.017,0.002,0.197,75073.95,7628.008
150187.SZ,20170724,0.551,0.55,0.578,0.548,0.578,0.027,4.9002,30246.0,1705.588
150188.SZ,20170724,1.004,1.003,1.006,1.003,1.005,0.001,0.0996,6324.64,634.578
150189.SZ,20170724,0.904,0.906,0.934,0.904,0.916,0.012,1.3274,925.94,84.926
150191.SZ,20170724,1.049,1.049,1.063,1.049,1.061,0.012,1.1439,543.17,57.079
150192.SZ,20170724,1.076,1.078,1.078,1.077,1.077,0.001,0.0929,119.0,12.817
150193.SZ,20170724,1.036,1.036,1.036,1.036,1.036,0.0,0.0,2891.42,299.551
150194.SZ,20170724,1.017,1.016,1.026,1.016,1.02,0.003,0.295,4733.28,482.289
150195.SZ,20170724,1.037,1.02,1.042,1.02,1.038,0.001,0.0964,29377.05,3037.871
150196.SZ,20170724,1.104,1.105,1.11,1.098,1.108,0.004,0.3623,29532.59,3275.752
150197.SZ,20170724,1.19,1.185,1.208,1.164,1.178,-0.012,-1.0084,146881.28,17386.796
150198.SZ,20170724,1.141,1.141,1.141,1.138,1.14,-0.001,-0.0876,9571.35,1089.999
150199.SZ,20170724,0.894,0.894,0.933,0.894,0.916,0.022,2.4609,23100.54,2123.477
150200.SZ,20170724,0.999,0.998,1.0,0.998,0.999,0.0,0.0,1509307.89,150863.756
150201.SZ,20170724,0.473,0.471,0.49,0.47,0.477,0.004,0.8457,4917361.33,235874.61
150203.SZ,20170724,1.012,1.01,1.012,1.008,1.012,0.0,0.0,1059.87,107.22
150204.SZ,20170724,0.675,0.675,0.69,0.67,0.69,0.015,2.2222,1447.95,98.284
150205.SZ,20170724,0.987,0.987,0.988,0.986,0.988,0.001,0.1013,56841.89,5613.835
150206.SZ,20170724,0.926,0.926,0.979,0.918,0.979,0.053,5.7235,360560.44,34407.152
150207.SZ,20170724,1.07,1.106,1.106,1.07,1.07,0.0,0.0,1003.0,107.328
150208.SZ,20170724,0.487,0.471,0.495,0.471,0.49,0.003,0.616,4949.0,242.175
150209.SZ,20170724,1.026,1.023,1.028,1.023,1.028,0.002,0.1949,47891.43,4918.837
150210.SZ,20170724,0.848,0.847,0.858,0.844,0.853,0.005,0.5896,172623.64,14739.438
150211.SZ,20170724,1.028,1.027,1.029,1.026,1.026,-0.002,-0.1946,19087.0,1960.807
150212.SZ,20170724,0.7,0.7,0.705,0.68,0.69,-0.01,-1.4286,122425.62,8499.469
150213.SZ,20170724,1.051,1.044,1.047,1.044,1.047,-0.004,-0.3806,133.89,13.987
150214.SZ,20170724,0.344,0.347,0.347,0.338,0.343,-0.001,-0.2907,60483.12,2076.195
150215.SZ,20170724,1.126,1.237,1.237,1.237,1.237,0.111,9.8579,8.0,0.989
150216.SZ,20170724,1.03,1.07,1.09,1.006,1.015,-0.015,-1.4563,141.02,14.424
150217.SZ,20170724,1.015,1.015,1.016,1.014,1.014,-0.001,-0.0985,6778.0,688.305
150218.SZ,20170724,0.57,0.57,0.573,0.56,0.57,0.0,0.0,11592.34,658.239
150220.SZ,20170724,0.814,0.815,0.815,0.805,0.814,0.0,0.0,1669.0,135.362
150221.SZ,20170724,1.104,1.105,1.111,1.101,1.111,0.007,0.6341,1419139.34,156628.611
150222.SZ,20170724,0.395,0.391,0.423,0.387,0.419,0.024,6.0759,3643183.39,148283.131
150223.SZ,20170724,1.122,1.123,1.125,1.122,1.124,0.002,0.1783,64929.0,7293.995
150224.SZ,20170724,0.9,0.896,0.918,0.896,0.905,0.005,0.5556,227564.39,20660.093
150225.SZ,20170724,1.119,1.058,1.118,1.058,1.118,-0.001,-0.0894,7.0,0.746
150226.SZ,20170724,1.376,1.295,1.346,1.295,1.346,-0.03,-2.1802,117.31,15.693
150227.SZ,20170724,1.008,1.009,1.01,1.007,1.009,0.001,0.0992,145409.78,14662.824
150228.SZ,20170724,0.907,0.904,0.939,0.9,0.932,0.025,2.7563,778939.54,71948.434
150229.SZ,20170724,1.06,1.059,1.063,1.059,1.063,0.003,0.283,1790.0,189.77
150230.SZ,20170724,1.084,1.093,1.123,1.083,1.11,0.026,2.3985,11867.68,1306.899
150231.SZ,20170724,1.054,1.054,1.055,1.041,1.041,-0.013,-1.2334,199.52,21.046
150232.SZ,20170724,1.092,1.057,1.107,1.057,1.097,0.005,0.4579,820.14,87.662
150233.SZ,20170724,0.972,0.974,0.974,0.973,0.974,0.002,0.2058,5493.5,534.928
150234.SZ,20170724,1.038,1.038,1.045,1.019,1.04,0.002,0.1927,487.69,50.387
150235.SZ,20170724,1.035,1.044,1.044,1.029,1.037,0.002,0.1932,1372.9,143.009
150236.SZ,20170724,0.869,0.855,0.88,0.855,0.868,-0.001,-0.1151,17662.19,1539.935
150238.SZ,20170724,1.026,1.043,1.043,1.043,1.043,0.017,1.6569,80.0,8.344
150241.SZ,20170724,1.04,1.05,1.056,1.047,1.054,0.014,1.3462,1915.93,201.616
150242.SZ,20170724,1.014,1.014,1.041,1.01,1.04,0.026,2.5641,4010.83,413.024
150243.SZ,20170724,1.04,1.038,1.038,1.038,1.038,-0.002,-0.1923,149.42,15.509
150244.SZ,20170724,0.525,0.521,0.527,0.518,0.525,0.0,0.0,30182.78,1573.91
150246.SZ,20170724,0.896,0.895,0.9,0.894,0.9,0.004,0.4464,315.0,28.179
150247.SZ,20170724,1.029,1.027,1.029,1.027,1.028,-0.001,-0.0972,7808.31,802.966
150248.SZ,20170724,0.771,0.746,0.774,0.746,0.77,-0.001,-0.1297,1422.49,108.667
150249.SZ,20170724,1.031,1.03,1.031,1.03,1.031,0.0,0.0,3307.0,340.921
150250.SZ,20170724,0.985,0.97,1.003,0.97,1.003,0.018,1.8274,3662.0,364.618
150251.SZ,20170724,1.162,1.165,1.166,1.116,1.162,0.0,0.0,12113.32,1410.109
150252.SZ,20170724,1.335,1.345,1.375,1.26,1.33,-0.005,-0.3745,28265.93,3787.494
150255.SZ,20170724,0.978,0.978,0.978,0.978,0.978,0.0,0.0,19237.0,1881.378
150256.SZ,20170724,0.885,0.88,0.915,0.88,0.909,0.024,2.7119,3128.03,283.171
150257.SZ,20170724,0.987,0.99,0.992,0.988,0.99,0.003,0.304,312.16,30.914
150258.SZ,20170724,0.9,0.871,0.896,0.871,0.896,-0.004,-0.4444,224.72,19.717
150259.SZ,20170724,0.98,0.978,0.979,0.977,0.979,-0.001,-0.102,16131.21,1578.803
150260.SZ,20170724,0.636,0.624,0.645,0.624,0.638,0.002,0.3145,2226.74,142.324
150261.SZ,20170724,1.049,1.05,1.051,1.049,1.049,0.0,0.0,13934.77,1462.792
150262.SZ,20170724,0.676,0.663,0.677,0.659,0.67,-0.006,-0.8876,17590.38,1172.656
150263.SZ,20170724,1.025,1.029,1.03,1.029,1.03,0.005,0.4878,200.0,20.59
150264.SZ,20170724,0.441,0.469,0.469,0.469,0.469,0.028,6.3492,5.0,0.234
150265.SZ,20170724,1.087,1.087,1.099,1.071,1.095,0.008,0.736,6684.46,728.908
150266.SZ,20170724,1.345,1.331,1.357,1.331,1.351,0.006,0.4461,3753.62,507.747
150267.SZ,20170724,1.048,1.078,1.078,1.059,1.065,0.017,1.6221,2694.0,286.689
150268.SZ,20170724,0.924,0.916,0.946,0.916,0.941,0.017,1.8398,4631.0,433.756
150269.SZ,20170724,1.084,1.078,1.12,1.078,1.093,0.009,0.8303,7371.0,806.591
150270.SZ,20170724,1.506,1.523,1.566,1.509,1.537,0.031,2.0584,62379.0,9618.376
150272.SZ,20170724,0.858,0.838,0.9,0.838,0.9,0.042,4.8951,48.19,4.255
150273.SZ,20170724,1.014,1.013,1.014,1.012,1.014,0.0,0.0,3079.0,312.103
150274.SZ,20170724,0.673,0.683,0.688,0.667,0.681,0.008,1.1887,3316.25,226.2
150275.SZ,20170724,1.001,1.001,1.002,1.0,1.002,0.001,0.0999,133122.48,13320.505
150276.SZ,20170724,0.605,0.605,0.625,0.601,0.616,0.011,1.8182,163039.6,10033.963
150277.SZ,20170724,1.015,1.015,1.016,1.014,1.016,0.001,0.0985,6193.0,629.101
150278.SZ,20170724,0.533,0.535,0.539,0.527,0.539,0.006,1.1257,24393.39,1304.466
150279.SZ,20170724,1.107,1.107,1.107,1.107,1.107,0.0,0.0,31.85,3.525
150280.SZ,20170724,0.672,0.645,0.67,0.645,0.668,-0.004,-0.5952,611.32,40.713
150281.SZ,20170724,1.089,1.07,1.099,1.07,1.099,0.01,0.9183,496.03,53.078
150282.SZ,20170724,0.543,0.54,0.55,0.53,0.546,0.003,0.5525,7035.87,382.204
150283.SZ,20170724,0.976,0.975,0.977,0.975,0.977,0.001,0.1025,4197.99,409.59
150284.SZ,20170724,0.759,0.701,0.762,0.701,0.762,0.003,0.3953,40.08,2.861
150287.SZ,20170724,1.069,1.062,1.068,1.062,1.067,-0.002,-0.1871,5638.0,600.764
150288.SZ,20170724,0.7,0.7,0.717,0.687,0.693,-0.007,-1.0,81947.05,5730.669
150289.SZ,20170724,1.064,1.064,1.069,1.06,1.061,-0.003,-0.282,34047.7,3621.82
150290.SZ,20170724,0.671,0.666,0.686,0.64,0.651,-0.02,-2.9806,431320.32,28417.95
150291.SZ,20170724,1.059,1.058,1.063,1.058,1.062,0.003,0.2833,8644.0,917.156
150292.SZ,20170724,0.748,0.745,0.776,0.745,0.773,0.025,3.3422,11117.04,852.223
150293.SZ,20170724,1.046,1.043,1.046,1.043,1.046,0.0,0.0,949.28,99.189
150294.SZ,20170724,1.005,1.035,1.035,1.018,1.018,0.013,1.2935,41.52,4.269
150295.SZ,20170724,1.027,1.028,1.028,1.027,1.028,0.001,0.0974,1494.0,153.563
150296.SZ,20170724,0.96,0.955,0.967,0.955,0.967,0.007,0.7292,1897.99,182.551
150297.SZ,20170724,1.047,1.049,1.049,1.038,1.048,0.001,0.0955,877.0,91.898
150298.SZ,20170724,0.406,0.447,0.447,0.435,0.447,0.041,10.0985,695.25,31.054
150299.SZ,20170724,1.06,1.059,1.062,1.059,1.062,0.002,0.1887,15685.0,1663.873
150300.SZ,20170724,0.695,0.695,0.72,0.691,0.718,0.023,3.3094,96123.79,6811.467
150301.SZ,20170724,1.047,1.051,1.053,1.05,1.05,0.003,0.2865,1753.0,184.286
150302.SZ,20170724,1.071,1.07,1.08,1.057,1.069,-0.002,-0.1867,1592.2,170.551
150303.SZ,20170724,1.041,1.035,1.04,1.035,1.04,-0.001,-0.0961,1101.17,114.341
150304.SZ,20170724,0.777,0.772,0.781,0.77,0.778,0.001,0.1287,21985.27,1699.408
150305.SZ,20170724,1.036,1.022,1.022,1.022,1.022,-0.014,-1.3514,37.0,3.781
150306.SZ,20170724,0.489,0.499,0.499,0.49,0.499,0.01,2.045,1177.0,58.674
150307.SZ,20170724,0.978,0.978,0.98,0.978,0.98,0.002,0.2045,7605.11,744.392
150308.SZ,20170724,0.989,0.982,1.02,0.973,0.999,0.01,1.0111,245.96,24.5
150309.SZ,20170724,1.027,1.045,1.045,1.045,1.045,0.018,1.7527,18.0,1.881
150310.SZ,20170724,0.451,0.45,0.451,0.45,0.451,0.0,0.0,46.0,2.072
150311.SZ,20170724,1.01,1.005,1.007,1.005,1.007,-0.003,-0.297,962.0,96.732
150312.SZ,20170724,0.655,0.671,0.707,0.665,0.666,0.011,1.6794,1280.16,85.374
150315.SZ,20170724,1.013,1.024,1.024,1.02,1.02,0.007,0.691,168.0,17.157
150316.SZ,20170724,0.729,0.688,0.733,0.688,0.733,0.004,0.5487,519.13,37.317
150317.SZ,20170724,1.036,1.036,1.045,1.036,1.045,0.009,0.8687,45.19,4.721
150318.SZ,20170724,0.771,0.797,0.798,0.797,0.798,0.027,3.5019,44.24,3.529
150321.SZ,20170724,1.2,1.195,1.202,1.193,1.195,-0.005,-0.4167,8374.0,1002.295
150322.SZ,20170724,1.321,1.326,1.347,1.29,1.307,-0.014,-1.0598,7389.0,972.86
150323.SZ,20170724,1.026,1.032,1.033,1.032,1.032,0.006,0.5848,500.0,51.607
150324.SZ,20170724,0.385,0.392,0.392,0.392,0.392,0.007,1.8182,598.0,23.441
150325.SZ,20170724,1.044,1.043,1.044,1.043,1.044,0.0,0.0,3989.0,416.443
150326.SZ,20170724,0.941,0.942,0.955,0.942,0.945,0.004,0.4251,1566.51,149.272
150327.SZ,20170724,1.076,1.115,1.178,1.113,1.178,0.102,9.4796,1138.0,126.778
150328.SZ,20170724,1.147,1.132,1.162,1.132,1.14,-0.007,-0.6103,802.0,91.79
150330.SZ,20170724,1.307,1.302,1.341,1.302,1.32,0.013,0.9946,24653.22,3264.557
150331.SZ,20170724,1.061,1.061,1.064,1.061,1.063,0.002,0.1885,33632.41,3573.465
150332.SZ,20170724,0.323,0.322,0.334,0.318,0.331,0.008,2.4768,42648.88,1391.993
150335.SZ,20170724,1.026,1.025,1.028,1.025,1.028,0.002,0.1949,50898.0,5227.863
150336.SZ,20170724,0.301,0.306,0.323,0.298,0.322,0.021,6.9767,100871.28,3126.746
150343.SZ,20170724,1.055,1.054,1.055,1.051,1.052,-0.003,-0.2844,577.0,60.791
150344.SZ,20170724,1.08,1.08,1.097,1.08,1.08,0.0,0.0,898.3,97.629
159001.SZ,20170724,100.001,100.0,100.001,99.996,100.0,-0.001,-0.001,308070.79,3080708.543
159003.SZ,20170724,99.993,99.996,100.002,99.993,100.0,0.007,0.007,110602.52,1105985.924
159005.SZ,20170724,99.996,100.0,100.001,99.999,100.0,0.004,0.004,18871.03,188710.606
159901.SZ,20170724,4.466,4.472,4.5,4.452,4.486,0.02,0.4478,31634.31,14160.823
159902.SZ,20170724,3.342,3.331,3.357,3.331,3.351,0.009,0.2693,38572.01,12905.978
159903.SZ,20170724,1.108,1.109,1.114,1.108,1.113,0.005,0.4513,11375.1,1264.503
159905.SZ,20170724,1.49,1.495,1.508,1.49,1.503,0.013,0.8725,31443.0,4725.023
159906.SZ,20170724,0.946,0.946,0.946,0.946,0.946,0.0,0.0,14.0,1.324
159907.SZ,20170724,1.41,1.404,1.405,1.394,1.397,-0.013,-0.922,286.0,40.053
159908.SZ,20170724,1.363,1.362,1.365,1.359,1.363,0.0,0.0,357.0,48.574
159909.SZ,20170724,4.968,4.979,4.979,4.921,4.979,0.011,0.2214,38.0,18.747
159910.SZ,20170724,1.59,1.589,1.596,1.589,1.596,0.006,0.3774,205.01,32.637
159911.SZ,20170724,4.087,4.031,4.136,4.031,4.136,0.049,1.1989,67.0,27.248
159912.SZ,20170724,1.297,1.295,1.304,1.291,1.302,0.005,0.3855,332.0,43.114
159913.SZ,20170724,1.693,1.666,1.699,1.636,1.684,-0.009,-0.5316,64.0,10.718
159915.SZ,20170724,1.591,1.589,1.602,1.582,1.599,0.008,0.5028,946497.86,150676.255
159916.SZ,20170724,3.247,3.211,3.253,3.211,3.226,-0.021,-0.6468,48.0,15.553
159918.SZ,20170724,1.752,1.769,1.778,1.751,1.755,0.003,0.1712,99.0,17.506
159919.SZ,20170724,4.075,4.075,4.103,4.068,4.095,0.02,0.4908,51249.24,20974.943
159920.SZ,20170724,1.454,1.453,1.46,1.452,1.455,0.001,0.0688,2198189.7,319965.798
159921.SZ,20170724,1.48,1.489,1.49,1.489,1.489,0.009,0.6081,23.0,3.425
159922.SZ,20170724,6.248,6.161,6.292,6.161,6.288,0.04,0.6402,932.0,584.024
159923.SZ,20170724,1.509,1.51,1.522,1.502,1.512,0.003,0.1988,27856.0,4188.315
159924.SZ,20170724,1.422,1.42,1.426,1.418,1.426,0.004,0.2813,2117.0,300.661
159925.SZ,20170724,1.548,1.548,1.557,1.543,1.553,0.005,0.323,5448.02,844.542
159926.SZ,20170724,109.899,106.501,118.888,106.501,109.217,-0.682,-0.6206,79.0,867.225
159927.SZ,20170724,3.72,3.72,3.721,3.72,3.721,0.001,0.0269,127.65,47.486
159928.SZ,20170724,1.75,1.76,1.795,1.758,1.792,0.042,2.4,2725.99,484.449
159929.SZ,20170724,1.433,1.444,1.444,1.421,1.43,-0.003,-0.2094,1229.0,175.847
159930.SZ,20170724,0.85,0.849,0.849,0.845,0.849,-0.001,-0.1176,554.0,47.023
159931.SZ,20170724,1.627,1.625,1.631,1.625,1.631,0.004,0.2459,389.53,63.433
159932.SZ,20170724,1.679,1.69,1.693,1.69,1.693,0.014,0.8338,90.0,15.21
159933.SZ,20170724,1.8,1.802,1.804,1.786,1.804,0.004,0.2222,20.06,3.614
159934.SZ,20170724,2.715,2.727,2.728,2.72,2.722,0.007,0.2578,126645.9,34507.021
159935.SZ,20170724,1.601,1.612,1.612,1.611,1.611,0.01,0.6246,2.0,0.322
159937.SZ,20170724,2.732,2.746,2.747,2.738,2.739,0.007,0.2562,234061.0,64218.662
159938.SZ,20170724,1.253,1.252,1.255,1.248,1.254,0.001,0.0798,15353.0,1920.947
159939.SZ,20170724,1.026,1.025,1.032,1.021,1.03,0.004,0.3899,4425.0,453.296
159940.SZ,20170724,0.915,0.9,0.923,0.9,0.92,0.005,0.5464,1155.02,105.552
159941.SZ,20170724,1.306,1.306,1.306,1.293,1.302,-0.004,-0.3063,499.0,64.853
159942.SZ,20170724,1.786,1.796,1.796,1.784,1.795,0.009,0.5039,62.0,11.063
159943.SZ,20170724,10.83,10.743,10.85,10.743,10.85,0.02,0.1847,397.85,431.117
159944.SZ,20170724,0.899,0.899,0.912,0.891,0.91,0.011,1.2236,13585.0,1237.955
159945.SZ,20170724,0.756,0.756,0.763,0.752,0.755,-0.001,-0.1323,25181.97,1913.628
159946.SZ,20170724,1.042,1.045,1.058,1.045,1.047,0.005,0.4798,13136.0,1384.378
159948.SZ,20170724,1.726,1.721,1.732,1.72,1.73,0.004,0.2317,4001.55,691.19
159949.SZ,20170724,0.659,0.662,0.663,0.655,0.661,0.002,0.3035,46131.03,3037.038
159950.SZ,20170724,1.041,1.045,1.054,1.045,1.053,0.012,1.1527,6151.82,645.709
159951.SZ,20170724,0.943,0.928,0.95,0.928,0.944,0.001,0.106,41396.9,3897.14
159952.SZ,20170724,0.943,0.944,0.946,0.937,0.944,0.001,0.106,31510.7,2967.24
159953.SZ,20170724,0.98,0.941,0.983,0.941,0.981,0.001,0.102,48151.1,4714.558
160105.SZ,20170724,1.02,1.023,1.026,1.023,1.025,0.005,0.4902,120.04,12.302
160106.SZ,20170724,1.262,1.261,1.263,1.253,1.263,0.001,0.0792,130.0,16.413
160119.SZ,20170724,1.5,1.501,1.51,1.501,1.51,0.01,0.6667,1701.0,256.223
160125.SZ,20170724,0.936,0.933,0.939,0.933,0.939,0.003,0.3205,3079.0,288.864
160128.SZ,20170724,0.988,0.99,0.99,0.988,0.989,0.001,0.1012,675.0,66.757
160131.SZ,20170724,1.005,1.003,1.004,1.003,1.004,-0.001,-0.0995,900.0,90.3
160133.SZ,20170724,2.0,1.999,2.014,1.999,2.014,0.014,0.7,11414.07,2292.685
160138.SZ,20170724,1.043,1.044,1.044,1.044,1.044,0.001,0.0959,10.0,1.044
160211.SZ,20170724,3.213,3.203,3.241,3.203,3.236,0.023,0.7158,6247.69,2018.1
160212.SZ,20170724,2.644,2.644,2.67,2.635,2.664,0.02,0.7564,25290.07,6715.969
160215.SZ,20170724,1.487,1.496,1.502,1.482,1.484,-0.003,-0.2017,10478.62,1564.6
160216.SZ,20170724,0.374,0.367,0.369,0.366,0.368,-0.006,-1.6043,259420.45,9528.489
160220.SZ,20170724,1.307,1.308,1.308,1.308,1.308,0.001,0.0765,174.0,22.759
160223.SZ,20170724,0.798,0.799,0.799,0.79,0.796,-0.002,-0.2506,2454.84,194.62
160225.SZ,20170724,1.051,1.051,1.058,1.045,1.045,-0.006,-0.5709,1554.28,163.329
160311.SZ,20170724,1.423,1.427,1.43,1.425,1.429,0.006,0.4216,1559.82,222.76
160314.SZ,20170724,1.066,1.07,1.07,1.063,1.07,0.004,0.3752,1154.81,123.284
160322.SZ,20170724,1.221,1.221,1.343,1.221,1.343,0.122,9.9918,1022.13,134.342
160323.SZ,20170724,0.929,0.938,0.938,0.938,0.938,0.009,0.9688,179.0,16.79
160415.SZ,20170724,1.249,1.264,1.27,1.238,1.241,-0.008,-0.6405,2165.0,271.855
160416.SZ,20170724,0.894,0.891,0.891,0.887,0.891,-0.003,-0.3356,4607.0,409.806
160421.SZ,20170724,0.81,0.807,0.814,0.807,0.813,0.003,0.3704,14318.84,1159.341
160422.SZ,20170724,1.034,1.039,1.046,1.036,1.041,0.007,0.677,6402.14,666.277
160505.SZ,20170724,1.774,1.774,1.777,1.767,1.776,0.002,0.1127,11853.73,2103.286
160512.SZ,20170724,2.188,2.187,2.226,2.187,2.226,0.038,1.7367,5841.29,1291.146
160515.SZ,20170724,0.999,1.001,1.001,0.998,0.999,0.0,0.0,180.0,17.973
160518.SZ,20170724,0.899,0.899,0.902,0.896,0.901,0.002,0.2225,28962.97,2601.365
160519.SZ,20170724,0.876,0.876,0.879,0.871,0.877,0.001,0.1142,10143.02,888.873
160522.SZ,20170724,0.913,0.918,0.918,0.918,0.918,0.005,0.5476,1.0,0.091
160607.SZ,20170724,0.731,0.724,0.734,0.724,0.733,0.002,0.2736,258.0,18.871
160610.SZ,20170724,1.031,1.034,1.048,1.034,1.046,0.015,1.4549,68.35,7.144
160611.SZ,20170724,0.808,0.801,0.812,0.799,0.812,0.004,0.495,306.75,24.648
160615.SZ,20170724,1.507,1.496,1.496,1.496,1.496,-0.011,-0.7299,1.0,0.149
160617.SZ,20170724,1.006,1.01,1.01,1.01,1.01,0.004,0.3976,1.0,0.101
160618.SZ,20170724,1.143,1.146,1.169,1.143,1.143,0.0,0.0,1302.0,150.181
160635.SZ,20170724,0.993,0.993,0.999,0.993,0.999,0.006,0.6042,9.0,0.895
160642.SZ,20170724,0.923,0.894,0.905,0.894,0.905,-0.018,-1.9502,82.0,7.399
160643.SZ,20170724,0.995,0.976,0.998,0.976,0.998,0.003,0.3015,2931.7,291.812
160706.SZ,20170724,1.066,1.067,1.074,1.065,1.073,0.007,0.6567,18608.45,1991.104
160716.SZ,20170724,1.47,1.47,1.485,1.46,1.48,0.01,0.6803,3241.36,478.417
160717.SZ,20170724,0.806,0.804,0.81,0.804,0.809,0.003,0.3722,9449.31,764.025
160719.SZ,20170724,0.703,0.705,0.711,0.704,0.705,0.002,0.2845,7585.0,535.611
160722.SZ,20170724,0.93,0.932,0.935,0.932,0.934,0.004,0.4301,10359.43,967.174
160723.SZ,20170724,0.917,0.903,0.907,0.903,0.904,-0.013,-1.4177,4330.09,391.409
160805.SZ,20170724,0.819,0.816,0.82,0.816,0.82,0.001,0.1221,639.02,52.18
160806.SZ,20170724,1.336,1.336,1.343,1.336,1.342,0.006,0.4491,301.86,40.439
160807.SZ,20170724,1.233,1.235,1.236,1.235,1.236,0.003,0.2433,3.0,0.37
160812.SZ,20170724,1.44,1.448,1.45,1.441,1.45,0.01,0.6944,4514.74,652.842
160813.SZ,20170724,0.804,0.805,0.805,0.798,0.805,0.001,0.1244,1739.83,139.781
160910.SZ,20170724,1.072,1.075,1.075,1.072,1.073,0.001,0.0933,375.95,40.344
160916.SZ,20170724,2.476,2.474,2.49,2.474,2.488,0.012,0.4847,4495.88,1115.774
160918.SZ,20170724,1.835,1.834,1.839,1.829,1.835,0.0,0.0,2067.0,379.317
160919.SZ,20170724,1.178,1.177,1.188,1.177,1.188,0.01,0.8489,1004.0,118.949
160921.SZ,20170724,0.887,0.888,0.897,0.888,0.897,0.01,1.1274,563.01,50.167
160922.SZ,20170724,1.077,1.078,1.079,1.072,1.078,0.001,0.0929,14.0,1.508
161005.SZ,20170724,1.844,1.844,1.852,1.837,1.847,0.003,0.1627,955.0,176.321
161010.SZ,20170724,1.079,1.079,1.083,1.079,1.083,0.004,0.3707,6124.27,662.537
161017.SZ,20170724,2.09,2.099,2.125,2.09,2.119,0.029,1.3876,500.9,105.848
161019.SZ,20170724,0.981,0.981,0.981,0.98,0.981,0.0,0.0,4784.0,469.211
161033.SZ,20170724,1.017,1.005,1.015,1.005,1.006,-0.011,-1.0816,564.14,56.809
161036.SZ,20170724,0.913,0.904,0.906,0.904,0.906,-0.007,-0.7667,320.01,28.968
161037.SZ,20170724,1.028,1.028,1.038,1.028,1.029,0.001,0.0973,310.0,31.882
161116.SZ,20170724,0.719,0.72,0.723,0.718,0.722,0.003,0.4172,17741.0,1281.257
161124.SZ,20170724,1.055,1.06,1.06,1.055,1.055,0.0,0.0,13779.0,1453.792
161125.SZ,20170724,1.045,1.043,1.046,1.041,1.045,0.0,0.0,16790.0,1751.521
161126.SZ,20170724,1.138,1.137,1.138,1.135,1.136,-0.002,-0.1757,635.0,72.207
161127.SZ,20170724,1.194,1.196,1.205,1.196,1.204,0.01,0.8375,2479.8,298.009
161128.SZ,20170724,1.115,1.107,1.113,1.105,1.111,-0.004,-0.3587,1183.0,131.275
161129.SZ,20170724,0.853,0.831,0.843,0.831,0.841,-0.012,-1.4068,40.0,3.344
161130.SZ,20170724,0.995,0.993,0.993,0.991,0.993,-0.002,-0.201,5477.23,543.57
161210.SZ,20170724,1.0,1.003,1.005,0.998,1.001,0.001,0.1,368.0,36.943
161216.SZ,20170724,1.047,1.045,1.046,1.045,1.046,-0.001,-0.0955,600.0,62.72
161217.SZ,20170724,0.753,0.757,0.761,0.753,0.753,0.0,0.0,2478.0,187.184
161219.SZ,20170724,1.248,1.243,1.245,1.243,1.245,-0.003,-0.2404,13.0,1.616
161222.SZ,20170724,1.101,1.098,1.107,1.098,1.104,0.003,0.2725,2680.23,295.87
161224.SZ,20170724,1.032,1.04,1.04,1.025,1.04,0.008,0.7752,12.0,1.24
161225.SZ,20170724,1.131,1.097,1.144,1.068,1.139,0.008,0.7073,3630.15,412.727
161226.SZ,20170724,0.887,0.888,0.888,0.884,0.885,-0.002,-0.2255,48181.93,4270.328
161227.SZ,20170724,0.965,0.963,0.971,0.963,0.97,0.005,0.5181,7468.06,722.766
161229.SZ,20170724,1.366,1.367,1.372,1.364,1.372,0.006,0.4392,1322.0,181.196
1612301.SZ,20170724,0.992,0.988,0.988,0.987,0.987,-0.005,-0.504,114.0,11.262
161232.SZ,20170724,0.772,0.77,0.774,0.769,0.774,0.002,0.2591,47963.59,3703.462
161233.SZ,20170724,0.924,0.923,0.93,0.923,0.93,0.006,0.6494,580.63,53.957
161607.SZ,20170724,1.173,1.177,1.185,1.175,1.177,0.004,0.341,130.0,15.308
161610.SZ,20170724,0.902,0.902,0.913,0.902,0.913,0.011,1.2195,5208.63,474.231
161626.SZ,20170724,1.015,1.019,1.019,1.019,1.019,0.004,0.3941,115.0,11.718
161630.SZ,20170724,0.927,0.929,0.949,0.898,0.949,0.022,2.3732,68.0,6.262
161631.SZ,20170724,1.073,1.08,1.083,1.035,1.078,0.005,0.466,10077.12,1071.391
161706.SZ,20170724,1.452,1.452,1.47,1.451,1.47,0.018,1.2397,1359.0,198.921
161713.SZ,20170724,1.011,1.012,1.012,1.012,1.012,0.001,0.0989,276.0,27.931
161714.SZ,20170724,0.926,0.929,0.93,0.925,0.93,0.004,0.432,718.0,66.665
161715.SZ,20170724,1.123,1.128,1.141,1.124,1.125,0.002,0.1781,6558.3,740.086
161716.SZ,20170724,1.099,1.1,1.1,1.1,1.1,0.001,0.091,4.0,0.44
161722.SZ,20170724,1.151,1.149,1.154,1.149,1.151,0.0,0.0,18.0,2.071
161727.SZ,20170724,0.961,0.97,0.97,0.969,0.969,0.008,0.8325,7.0,0.678
161810.SZ,20170724,1.681,1.69,1.694,1.686,1.687,0.006,0.3569,855.38,144.382
161813.SZ,20170724,1.274,1.275,1.275,1.275,1.275,0.001,0.0785,15.7,2.001
161815.SZ,20170724,0.432,0.432,0.433,0.431,0.432,0.0,0.0,5004.34,216.005
161831.SZ,20170724,0.987,0.985,0.994,0.985,0.992,0.005,0.5066,475.01,47.062
161834.SZ,20170724,0.857,0.852,0.857,0.852,0.856,-0.001,-0.1167,4212.53,359.774
161835.SZ,20170724,0.909,0.906,0.913,0.906,0.913,0.004,0.44,2014.21,182.696
161903.SZ,20170724,0.841,0.841,0.85,0.841,0.85,0.009,1.0702,836.0,70.485
161907.SZ,20170724,1.613,1.624,1.628,1.622,1.628,0.015,0.9299,43.0,6.977
161908.SZ,20170724,0.903,0.902,0.905,0.902,0.905,0.002,0.2215,64.92,5.856
161911.SZ,20170724,0.974,0.974,0.975,0.974,0.975,0.001,0.1027,17524.0,1708.537
162006.SZ,20170724,1.083,1.086,1.086,1.085,1.086,0.003,0.277,44.0,4.777
162207.SZ,20170724,1.226,1.223,1.237,1.222,1.237,0.011,0.8972,341.05,41.934
162215.SZ,20170724,1.044,1.045,1.045,1.042,1.042,-0.002,-0.1916,1773.48,184.815
162307.SZ,20170724,1.199,1.185,1.211,1.185,1.211,0.012,1.0008,99.0,11.895
162411.SZ,20170724,0.542,0.537,0.538,0.536,0.538,-0.004,-0.738,548873.16,29469.16
162414.SZ,20170724,1.123,1.125,1.125,1.125,1.125,0.002,0.1781,11.0,1.237
162415.SZ,20170724,1.18,1.179,1.18,1.178,1.18,0.0,0.0,1131.0,133.371
162510.SZ,20170724,1.011,1.014,1.014,1.012,1.012,0.001,0.0989,535.53,54.195
162605.SZ,20170724,1.081,1.085,1.091,1.083,1.091,0.01,0.9251,878.0,95.577
162607.SZ,20170724,0.522,0.518,0.526,0.518,0.524,0.002,0.3831,3798.47,199.075
162703.SZ,20170724,1.297,1.298,1.305,1.285,1.305,0.008,0.6168,1805.0,234.806
162711.SZ,20170724,1.288,1.297,1.3,1.295,1.296,0.008,0.6211,22.0,2.853
162712.SZ,20170724,1.413,1.413,1.415,1.413,1.415,0.002,0.1415,46.0,6.501
162717.SZ,20170724,0.923,0.92,0.93,0.92,0.93,0.007,0.7584,3502.3,324.385
162718.SZ,20170724,0.907,0.901,0.905,0.901,0.905,-0.002,-0.2205,101.0,9.1
162719.SZ,20170724,0.903,0.9,0.9,0.896,0.896,-0.007,-0.7752,2872.48,257.517
163003.SZ,20170724,0.824,0.823,0.823,0.821,0.823,-0.001,-0.1214,31.07,2.553
163005.SZ,20170724,0.829,0.826,0.829,0.826,0.828,-0.001,-0.1206,437.0,36.159
163110.SZ,20170724,2.595,2.601,2.626,2.601,2.624,0.029,1.1175,6174.95,1616.216
163111.SZ,20170724,1.057,1.065,1.065,1.054,1.057,0.0,0.0,2725.84,287.995
163119.SZ,20170724,0.822,0.822,0.832,0.822,0.823,0.001,0.1217,128.54,10.668
163208.SZ,20170724,0.835,0.836,0.836,0.835,0.835,0.0,0.0,25.0,2.089
163210.SZ,20170724,1.04,1.04,1.041,1.038,1.04,0.0,0.0,3618.02,376.155
163302.SZ,20170724,1.309,1.307,1.309,1.302,1.308,-0.001,-0.0764,35.0,4.57
163402.SZ,20170724,1.05,1.05,1.053,1.049,1.052,0.002,0.1905,8308.26,873.824
163407.SZ,20170724,1.702,1.7,1.702,1.7,1.7,-0.002,-0.1175,549.74,93.488
163409.SZ,20170724,1.493,1.49,1.49,1.489,1.489,-0.004,-0.2679,1328.66,197.838
163412.SZ,20170724,2.617,2.617,2.632,2.616,2.627,0.01,0.3821,15624.24,4105.838
163415.SZ,20170724,1.239,1.239,1.245,1.238,1.239,0.0,0.0,1873.8,232.343
163503.SZ,20170724,0.472,0.472,0.475,0.471,0.473,0.001,0.2119,2963.0,140.241
163801.SZ,20170724,1.158,1.15,1.156,1.15,1.156,-0.002,-0.1727,364.01,42.065
163821.SZ,20170724,1.473,1.48,1.48,1.478,1.478,0.005,0.3394,3.0,0.443
163824.SZ,20170724,1.034,1.035,1.035,1.035,1.035,0.001,0.0967,38.0,3.933
164105.SZ,20170724,1.252,1.245,1.245,1.245,1.245,-0.007,-0.5591,1.0,0.124
164206.SZ,20170724,1.052,1.052,1.052,1.051,1.052,0.0,0.0,174.85,18.392
164302.SZ,20170724,1.019,1.019,1.019,1.019,1.019,0.0,0.0,1000.0,101.9
164403.SZ,20170724,0.939,0.944,0.944,0.943,0.943,0.004,0.426,25.0,2.358
164701.SZ,20170724,0.608,0.607,0.611,0.606,0.609,0.001,0.1645,8389.25,510.751
164702.SZ,20170724,0.994,0.994,0.995,0.994,0.994,0.0,0.0,460.0,45.739
164703.SZ,20170724,1.014,1.015,1.019,1.015,1.019,0.005,0.4931,10.0,1.017
164705.SZ,20170724,1.146,1.15,1.153,1.147,1.152,0.006,0.5236,876.59,100.813
164808.SZ,20170724,0.998,1.001,1.001,1.001,1.001,0.003,0.3006,150.0,15.015
164810.SZ,20170724,0.959,0.96,0.961,0.958,0.959,0.0,0.0,12883.0,1234.689
164814.SZ,20170724,0.989,1.017,1.017,1.017,1.017,0.028,2.8311,49.0,4.983
164906.SZ,20170724,1.293,1.29,1.3,1.285,1.294,0.001,0.0773,6687.66,865.09
165309.SZ,20170724,1.131,1.13,1.146,1.13,1.136,0.005,0.4421,45.0,5.097
165313.SZ,20170724,1.421,1.419,1.425,1.419,1.423,0.002,0.1407,162.16,23.085
165508.SZ,20170724,1.768,1.789,1.807,1.789,1.8,0.032,1.81,123.76,22.269
165510.SZ,20170724,0.783,0.775,0.781,0.775,0.781,-0.002,-0.2554,226.0,17.581
165512.SZ,20170724,2.41,2.412,2.455,2.396,2.409,-0.001,-0.0415,311.0,76.143
165513.SZ,20170724,0.431,0.432,0.432,0.43,0.431,0.0,0.0,1393.0,59.976
165516.SZ,20170724,2.434,2.46,2.46,2.46,2.46,0.026,1.0682,3.0,0.738
165525.SZ,20170724,1.229,1.224,1.234,1.224,1.228,-0.001,-0.0814,1519.96,186.895
165528.SZ,20170724,0.948,0.948,0.95,0.946,0.946,-0.002,-0.211,8318.0,788.051
165807.SZ,20170724,1.048,1.048,1.048,1.046,1.048,0.0,0.0,2995.0,313.376
166001.SZ,20170724,1.119,1.119,1.121,1.119,1.121,0.002,0.1787,105.0,11.752
166006.SZ,20170724,1.197,1.197,1.197,1.197,1.197,0.0,0.0,6.0,0.718
166008.SZ,20170724,1.028,1.027,1.027,1.027,1.027,-0.001,-0.0973,15.0,1.54
166009.SZ,20170724,2.071,2.056,2.056,2.056,2.056,-0.015,-0.7243,10.0,2.056
166011.SZ,20170724,1.233,1.227,1.233,1.226,1.231,-0.002,-0.1622,23.0,2.82
166402.SZ,20170724,1.042,1.038,1.049,1.038,1.044,0.002,0.1919,2440.79,254.13
166904.SZ,20170724,1.063,1.063,1.063,1.063,1.063,0.0,0.0,497.0,52.831
167001.SZ,20170724,0.787,0.789,0.79,0.78,0.789,0.002,0.2541,13700.24,1079.778
167002.SZ,20170724,0.886,0.878,0.885,0.87,0.885,-0.001,-0.1129,77.0,6.702
167003.SZ,20170724,0.91,0.911,0.911,0.911,0.911,0.001,0.1099,459.0,41.814
168101.SZ,20170724,0.983,0.981,0.983,0.973,0.974,-0.009,-0.9156,3618.0,353.263
168102.SZ,20170724,0.795,0.791,0.796,0.79,0.792,-0.003,-0.3774,3071.0,243.223
168103.SZ,20170724,0.75,0.749,0.752,0.747,0.752,0.002,0.2667,46276.57,3472.529
168104.SZ,20170724,0.89,0.915,0.925,0.915,0.925,0.035,3.9326,144.0,13.26
168105.SZ,20170724,0.778,0.772,0.779,0.772,0.779,0.001,0.1285,4552.02,354.227
168106.SZ,20170724,0.857,0.86,0.872,0.86,0.861,0.004,0.4667,279.88,24.089
168301.SZ,20170724,0.925,0.925,0.928,0.923,0.927,0.002,0.2162,23227.26,2151.85
168401.SZ,20170724,0.877,0.875,0.88,0.875,0.88,0.003,0.3421,51.0,4.486
169101.SZ,20170724,1.507,1.52,1.52,1.509,1.514,0.007,0.4645,1305.68,197.591
169102.SZ,20170724,1.448,1.441,1.46,1.441,1.46,0.012,0.8287,2787.0,405.373
169103.SZ,20170724,1.341,1.34,1.347,1.34,1.347,0.006,0.4474,1404.02,188.698
169104.SZ,20170724,1.28,1.281,1.284,1.281,1.281,0.001,0.0781,1439.45,184.564
169105.SZ,20170724,1.347,1.349,1.353,1.344,1.353,0.006,0.4454,99681.12,13456.521
169201.SZ,20170724,0.86,0.848,0.863,0.848,0.86,0.0,0.0,502.0,43.052
184801.SZ,20170724,101.955,101.987,101.987,101.667,101.899,-0.056,-0.0549,21.9,222.802
500058.SH,20170724,0.98,0.98,0.983,0.979,0.982,0.002,0.2041,452270.55,44379.888
501000.SH,20170724,1.115,1.108,1.12,1.108,1.12,0.005,0.4484,94.0,10.525
501001.SH,20170724,1.021,1.028,1.028,1.013,1.027,0.006,0.5877,3102.0,317.17
501002.SH,20170724,0.95,0.947,0.954,0.939,0.951,0.001,0.1053,24.0,2.274
501003.SH,20170724,1.0,1.003,1.003,1.0,1.001,0.001,0.1,708.0,70.937
501005.SH,20170724,0.913,0.914,0.918,0.908,0.909,-0.004,-0.4381,4081.02,372.1
501007.SH,20170724,0.88,0.899,0.899,0.889,0.89,0.01,1.1364,52.0,4.653
501008.SH,20170724,0.879,0.879,0.879,0.879,0.879,0.0,0.0,1.04,0.091
501009.SH,20170724,0.985,0.952,0.997,0.952,0.989,0.004,0.4061,250.5,24.584
501010.SH,20170724,0.97,0.97,0.97,0.959,0.96,-0.01,-1.0309,14.0,1.354
501011.SH,20170724,1.02,1.012,1.019,1.012,1.019,-0.001,-0.098,244.83,24.827
501012.SH,20170724,1.019,1.019,1.019,1.019,1.019,0.0,0.0,5.0,0.51
501015.SH,20170724,0.929,0.929,0.933,0.928,0.93,0.001,0.1076,123621.84,11516.007
501016.SH,20170724,1.1,1.078,1.096,1.078,1.083,-0.017,-1.5455,1383.0,150.239
501017.SH,20170724,0.895,0.9,0.901,0.896,0.899,0.004,0.4469,4028.9,362.316
501018.SH,20170724,0.854,0.841,0.843,0.838,0.842,-0.012,-1.4052,75592.93,6350.691
501019.SH,20170724,0.825,0.825,0.844,0.819,0.841,0.016,1.9394,15001.33,1250.881
501020.SH,20170724,1.051,1.06,1.06,1.05,1.057,0.006,0.5709,2756.33,290.731
501021.SH,20170724,1.281,1.281,1.283,1.272,1.28,-0.001,-0.0781,18828.03,2407.468
501022.SH,20170724,0.907,0.907,0.914,0.904,0.909,0.002,0.2205,2331.47,211.425
501023.SH,20170724,1.115,1.117,1.119,1.115,1.118,0.003,0.2691,283.0,31.631
501025.SH,20170724,1.116,1.12,1.12,1.12,1.12,0.004,0.3584,605.93,67.864
501026.SH,20170724,0.863,0.854,0.865,0.854,0.864,0.001,0.1159,6616.84,570.65
501027.SH,20170724,0.925,0.925,0.935,0.925,0.935,0.01,1.0811,3658.49,341.767
501028.SH,20170724,0.901,0.89,0.903,0.89,0.903,0.002,0.222,8275.29,745.661
501029.SH,20170724,1.073,1.074,1.087,1.072,1.085,0.012,1.1184,54482.24,5890.837
501030.SH,20170724,0.925,0.92,0.934,0.918,0.93,0.005,0.5405,1680.76,155.529
501031.SH,20170724,0.928,0.935,0.935,0.927,0.929,0.001,0.1078,1009.46,93.653
501032.SH,20170724,0.923,0.899,0.915,0.899,0.915,-0.008,-0.8667,125.65,11.35
501050.SH,20170724,1.126,1.126,1.132,1.126,1.131,0.005,0.444,12051.09,1361.739
501300.SH,20170724,0.988,0.988,0.989,0.985,0.989,0.001,0.1012,532.16,52.534
501301.SH,20170724,1.05,1.05,1.051,1.046,1.051,0.001,0.0952,4461.04,467.37
502002.SH,20170724,0.861,0.861,0.861,0.85,0.85,-0.011,-1.2776,209.13,18.006
502003.SH,20170724,0.906,0.9,0.922,0.899,0.922,0.016,1.766,10437.86,956.97
502004.SH,20170724,0.973,0.974,0.977,0.974,0.976,0.003,0.3083,15277.82,1490.691
502005.SH,20170724,0.834,0.827,0.87,0.826,0.867,0.033,3.9568,19594.92,1665.695
502006.SH,20170724,1.033,1.034,1.039,1.034,1.037,0.004,0.3872,1410.28,146.316
502007.SH,20170724,1.062,1.062,1.062,1.054,1.059,-0.003,-0.2825,30.95,3.286
502008.SH,20170724,1.007,1.0,1.012,1.0,1.01,0.003,0.2979,1958.57,197.263
502010.SH,20170724,1.147,1.155,1.159,1.15,1.155,0.008,0.6975,140.04,16.22
502011.SH,20170724,0.987,0.984,0.988,0.984,0.986,-0.001,-0.1013,6000.22,592.64
502012.SH,20170724,1.317,1.317,1.33,1.305,1.314,-0.003,-0.2278,3643.7,482.062
502013.SH,20170724,0.857,0.857,0.866,0.852,0.858,0.001,0.1167,37978.76,3267.767
502014.SH,20170724,1.028,1.026,1.029,1.026,1.027,-0.001,-0.0973,12052.23,1238.302
502015.SH,20170724,0.686,0.687,0.698,0.681,0.69,0.004,0.5831,43154.05,2984.055
502016.SH,20170724,1.091,1.097,1.129,1.097,1.129,0.038,3.483,153.05,16.953
502017.SH,20170724,1.08,1.05,1.08,1.05,1.08,0.0,0.0,68.0,7.32
502018.SH,20170724,1.108,1.12,1.12,1.117,1.12,0.012,1.083,578.11,64.655
502020.SH,20170724,1.365,1.36,1.375,1.36,1.37,0.005,0.3663,105.34,14.456
502022.SH,20170724,1.67,1.65,1.65,1.65,1.65,-0.02,-1.1976,160.0,26.4
502023.SH,20170724,0.995,0.992,0.992,0.956,0.965,-0.03,-3.0151,1056.0,102.01
502024.SH,20170724,1.075,1.09,1.09,1.08,1.08,0.005,0.4651,679.0,73.511
502026.SH,20170724,0.823,0.829,0.829,0.826,0.829,0.006,0.729,183.75,15.181
502027.SH,20170724,1.074,0.998,1.05,0.997,1.05,-0.024,-2.2346,255.55,25.486
502028.SH,20170724,0.594,0.565,0.565,0.565,0.565,-0.029,-4.8822,1.0,0.057
502031.SH,20170724,1.039,1.035,1.036,1.035,1.036,-0.003,-0.2887,174.0,18.026
502032.SH,20170724,1.006,0.961,1.031,0.961,1.03,0.024,2.3857,31.0,3.18
502036.SH,20170724,0.949,0.949,0.949,0.949,0.949,0.0,0.0,1.0,0.095
502040.SH,20170724,1.085,1.079,1.082,1.074,1.082,-0.003,-0.2765,169.98,18.296
502048.SH,20170724,1.297,1.304,1.309,1.303,1.308,0.011,0.8481,952.0,124.368
502049.SH,20170724,1.06,1.063,1.072,1.062,1.066,0.006,0.566,6072.0,647.698
502050.SH,20170724,1.541,1.528,1.556,1.528,1.548,0.007,0.4543,5160.6,798.86
502053.SH,20170724,0.993,0.993,0.993,0.982,0.99,-0.003,-0.3021,7036.0,695.747
502054.SH,20170724,1.087,1.085,1.159,1.072,1.124,0.037,3.4039,9465.0,1021.871
502055.SH,20170724,0.885,0.876,0.898,0.876,0.891,0.006,0.678,12685.0,1127.143
502056.SH,20170724,0.922,0.92,0.933,0.92,0.93,0.008,0.8677,21.66,2.015
502057.SH,20170724,1.044,1.041,1.041,1.041,1.041,-0.003,-0.2874,2.0,0.208
502058.SH,20170724,0.81,0.803,0.811,0.803,0.809,-0.001,-0.1235,1687.0,135.523
505888.SH,20170724,1.14,1.14,1.141,1.138,1.139,-0.001,-0.0877,126306.0,14389.603
510010.SH,20170724,1.116,1.101,1.121,1.101,1.113,-0.003,-0.2688,332.31,37.029
510020.SH,20170724,2.661,2.64,2.664,2.64,2.664,0.003,0.1127,626.0,166.458
510030.SH,20170724,4.784,4.713,4.939,4.713,4.891,0.107,2.2366,151.0,73.229
510050.SH,20170724,2.68,2.674,2.71,2.674,2.7,0.02,0.7463,3115064.1,840334.899
510060.SH,20170724,1.803,1.801,1.817,1.799,1.81,0.007,0.3882,4369.98,791.387
510070.SH,20170724,1.699,1.699,1.715,1.699,1.708,0.009,0.5297,1670.0,283.91
510090.SH,20170724,1.548,1.507,1.525,1.507,1.518,-0.03,-1.938,44.0,6.676
510110.SH,20170724,3.45,3.45,3.45,3.45,3.45,0.0,0.0,2.0,0.69
510120.SH,20170724,2.82,2.8,2.848,2.775,2.848,0.028,0.9929,25.0,7.108
510130.SH,20170724,3.851,3.866,3.877,3.866,3.877,0.026,0.6751,146.34,56.608
510150.SH,20170724,4.431,4.381,4.381,4.3,4.361,-0.07,-1.5798,52.0,22.428
510160.SH,20170724,0.612,0.612,0.614,0.61,0.611,-0.001,-0.1634,44226.0,2703.118
510170.SH,20170724,1.978,1.97,2.05,1.928,2.048,0.07,3.5389,763.49,149.783
510180.SH,20170724,3.373,3.371,3.399,3.36,3.388,0.015,0.4447,66464.93,22515.183
510190.SH,20170724,3.56,3.552,3.552,3.508,3.546,-0.014,-0.3933,148.0,52.454
510210.SH,20170724,3.745,3.691,3.76,3.691,3.759,0.014,0.3738,121.0,45.335
510220.SH,20170724,3.997,3.997,4.049,3.97,4.048,0.051,1.276,108.0,43.247
510230.SH,20170724,6.04,6.03,6.117,6.021,6.093,0.053,0.8775,4655.0,2832.43
510260.SH,20170724,1.118,1.101,1.122,1.101,1.122,0.004,0.3578,102.0,11.432
510270.SH,20170724,1.122,1.116,1.127,1.11,1.125,0.003,0.2674,346.03,38.752
510280.SH,20170724,1.59,1.58,1.585,1.58,1.585,-0.005,-0.3145,6.0,0.951
510290.SH,20170724,1.544,1.544,1.557,1.543,1.555,0.011,0.7124,838.0,129.992
510300.SH,20170724,3.782,3.778,3.809,3.771,3.801,0.019,0.5024,642642.58,243903.316
510310.SH,20170724,1.58,1.581,1.589,1.576,1.588,0.008,0.5063,46246.65,7329.795
510330.SH,20170724,4.033,4.034,4.067,4.032,4.055,0.022,0.5455,13300.0,5386.911
510360.SH,20170724,1.17,1.169,1.181,1.169,1.177,0.007,0.5983,24704.0,2898.254
510410.SH,20170724,0.769,0.761,0.781,0.758,0.769,0.0,0.0,6351.0,486.678
510420.SH,20170724,1.475,1.473,1.485,1.472,1.48,0.005,0.339,607.59,89.95
510430.SH,20170724,1.46,1.425,1.478,1.425,1.478,0.018,1.2329,378.0,55.689
510440.SH,20170724,1.758,1.785,1.786,1.766,1.766,0.008,0.4551,269.0,47.774
510500.SH,20170724,6.43,6.429,6.497,6.427,6.48,0.05,0.7776,288882.12,186779.409
510510.SH,20170724,1.698,1.694,1.712,1.687,1.709,0.011,0.6478,196479.56,33556.307
510520.SH,20170724,1.698,1.701,1.701,1.672,1.693,-0.005,-0.2945,35.0,5.895
510560.SH,20170724,1.272,1.287,1.287,1.273,1.285,0.013,1.022,977.0,124.579
510580.SH,20170724,6.014,6.136,6.136,5.98,6.114,0.1,1.6628,4.0,2.424
510630.SH,20170724,1.837,1.847,1.865,1.847,1.859,0.022,1.1976,1885.0,349.9
510650.SH,20170724,1.723,1.726,1.74,1.726,1.74,0.017,0.9867,430.0,74.519
510660.SH,20170724,1.637,1.635,1.64,1.632,1.639,0.002,0.1222,1348.0,220.532
510680.SH,20170724,2.19,2.073,2.176,2.073,2.176,-0.014,-0.6393,31.0,6.437
510710.SH,20170724,2.719,2.72,2.744,2.712,2.741,0.022,0.8091,1630.18,446.401
510810.SH,20170724,1.028,1.025,1.036,1.025,1.033,0.005,0.4864,2948955.15,303851.699
510880.SH,20170724,3.02,3.025,3.041,3.01,3.034,0.014,0.4636,48133.53,14578.285
510900.SH,20170724,1.183,1.183,1.194,1.183,1.189,0.006,0.5072,5641909.98,671471.52
511010.SH,20170724,109.744,109.721,109.814,109.62,109.687,-0.057,-0.0519,97034.1,1064727.86
511210.SH,20170724,111.7,110.001,111.397,110.001,111.397,-0.303,-0.2713,2.0,22.14
511220.SH,20170724,93.782,93.884,93.887,93.756,93.785,0.003,0.0032,140.0,1313.359
511230.SH,20170724,99.5,99.58,104.99,99.5,103.99,4.49,4.5126,10.1,103.4
511600.SH,20170724,100.006,99.994,99.996,99.991,99.992,-0.014,-0.014,4056.53,40562.348
511650.SH,20170724,100.002,99.992,99.994,99.988,99.993,-0.009,-0.009,31481.61,314786.881
511660.SH,20170724,100.018,99.998,100.005,99.997,99.999,-0.019,-0.019,137504.81,1375045.348
511680.SH,20170724,99.998,99.99,99.99,99.986,99.988,-0.01,-0.01,1984.12,19838.761
511690.SH,20170724,100.005,99.992,99.994,99.989,99.991,-0.014,-0.014,112422.45,1124128.131
511700.SH,20170724,100.023,100.02,100.02,99.999,100.003,-0.02,-0.02,1020.07,10200.871
511770.SH,20170724,100.002,99.989,99.993,99.988,99.993,-0.009,-0.009,1356.9,13567.794
511800.SH,20170724,100.003,99.99,99.993,99.988,99.992,-0.011,-0.011,6825.77,68251.183
511810.SH,20170724,100.011,99.998,99.998,99.99,99.992,-0.019,-0.019,269997.55,2699786.925
511820.SH,20170724,100.003,99.997,99.997,99.988,99.991,-0.012,-0.012,69969.19,699640.214
511830.SH,20170724,100.014,100.005,100.006,99.994,100.0,-0.014,-0.014,2490.57,24905.955
511850.SH,20170724,100.017,100.0,100.003,99.998,100.001,-0.016,-0.016,14012.46,140125.908
511860.SH,20170724,100.004,99.992,99.993,99.987,99.991,-0.013,-0.013,13264.46,132631.956
511880.SH,20170724,101.981,101.995,101.999,101.99,101.995,0.014,0.0137,658955.55,6721012.939
511890.SH,20170724,99.993,99.963,99.988,99.963,99.988,-0.005,-0.005,13.01,130.07
511900.SH,20170724,100.01,100.003,100.003,99.991,99.998,-0.012,-0.012,35530.19,355284.75
511910.SH,20170724,100.0,99.998,99.998,99.984,99.989,-0.011,-0.011,4122.06,41215.407
511920.SH,20170724,100.001,99.983,99.995,99.983,99.988,-0.013,-0.013,14.13,141.284
511930.SH,20170724,99.999,99.995,99.999,99.995,99.999,0.0,0.0,7.32,73.198
511950.SH,20170724,100.0,99.955,99.988,99.955,99.986,-0.014,-0.014,2.1,20.994
511960.SH,20170724,100.004,99.995,99.995,99.988,99.992,-0.012,-0.012,646.2,6461.434
511970.SH,20170724,100.007,99.993,99.995,99.99,99.991,-0.016,-0.016,738.01,7379.508
511980.SH,20170724,100.005,99.992,99.995,99.988,99.993,-0.012,-0.012,14063.31,140619.086
511990.SH,20170724,100.013,99.997,99.999,99.992,99.996,-0.017,-0.017,871030.0,8709914.337
512000.SH,20170724,0.998,0.998,1.006,0.996,0.998,0.0,0.0,36099.81,3614.179
512010.SH,20170724,1.487,1.48,1.493,1.477,1.491,0.004,0.269,267.0,39.684
512070.SH,20170724,1.932,1.936,1.948,1.935,1.938,0.006,0.3106,2145.98,416.287
512100.SH,20170724,0.829,0.828,0.836,0.828,0.835,0.006,0.7238,3653.0,304.45
512120.SH,20170724,1.39,1.398,1.408,1.398,1.407,0.017,1.223,19.0,2.664
512210.SH,20170724,1.644,1.705,1.807,1.691,1.807,0.163,9.9148,118.0,20.086
512220.SH,20170724,1.282,1.278,1.278,1.266,1.266,-0.016,-1.248,2.0,0.254
512230.SH,20170724,1.297,1.315,1.315,1.294,1.294,-0.003,-0.2313,89.0,11.689
512300.SH,20170724,1.136,1.128,1.145,1.123,1.141,0.005,0.4401,43554.93,4930.981
512310.SH,20170724,0.675,0.673,0.68,0.673,0.68,0.005,0.7407,7782.0,527.966
512330.SH,20170724,0.759,0.761,0.763,0.759,0.763,0.004,0.527,2792.0,212.986
512340.SH,20170724,0.917,0.917,0.926,0.915,0.921,0.004,0.4362,3945.0,363.464
512500.SH,20170724,2.955,2.955,2.98,2.954,2.98,0.025,0.846,1376.94,408.211
512510.SH,20170724,1.254,1.255,1.263,1.252,1.261,0.007,0.5582,7802.88,982.068
512580.SH,20170724,0.962,0.963,0.966,0.959,0.965,0.003,0.3119,3166.0,305.227
512600.SH,20170724,1.927,1.927,2.1,1.896,1.907,-0.02,-1.0379,2483.0,510.929
512610.SH,20170724,1.43,1.43,1.45,1.406,1.45,0.02,1.3986,1844.0,260.825
512640.SH,20170724,1.856,1.852,1.859,1.852,1.859,0.003,0.1616,125.0,23.156
512660.SH,20170724,0.858,0.858,0.874,0.851,0.872,0.014,1.6317,235465.96,20368.318
512680.SH,20170724,0.834,0.834,0.851,0.829,0.851,0.017,2.0384,82070.0,6903.283
512810.SH,20170724,0.821,0.821,0.838,0.818,0.837,0.016,1.9488,34301.0,2859.578
512880.SH,20170724,1.054,1.053,1.064,1.05,1.055,0.001,0.0949,212913.0,22507.051
512900.SH,20170724,1.006,1.002,1.016,1.002,1.009,0.003,0.2982,88385.0,8927.549
512990.SH,20170724,1.093,1.093,1.099,1.091,1.096,0.003,0.2745,16789.0,1839.183
513030.SH,20170724,1.122,1.097,1.115,1.097,1.104,-0.018,-1.6043,26935.0,2979.388
513050.SH,20170724,1.356,1.35,1.361,1.346,1.36,0.004,0.295,73351.0,9961.396
513100.SH,20170724,2.095,2.094,2.094,2.086,2.094,-0.001,-0.0477,23218.0,4855.123
513500.SH,20170724,1.541,1.539,1.541,1.529,1.538,-0.003,-0.1947,8500.0,1305.067
513600.SH,20170724,2.38,2.382,2.385,2.369,2.384,0.004,0.1681,901.0,214.18
513660.SH,20170724,2.376,2.362,2.396,2.362,2.393,0.017,0.7155,6455.0,1544.831
518800.SH,20170724,2.711,2.723,2.726,2.717,2.717,0.006,0.2213,325786.0,88694.672
518880.SH,20170724,2.724,2.739,2.739,2.727,2.727,0.003,0.1101,2089433.87,571551.781
