ts_code,trade_date,pre_close,open,high,low,close,change,pct_chg,vol,amount
161232.SZ,20171130,0.843,0.844,0.846,0.842,0.843,0.0,0.0,378783.71,31963.976
501000.SH,20171130,1.264,1.263,1.263,1.234,1.247,-0.017,-1.3449,48.71,6.044
501001.SH,20171130,1.06,1.074,1.106,1.072,1.088,0.028,2.6415,1229.77,134.122
501002.SH,20171130,1.04,1.027,1.028,1.013,1.018,-0.022,-2.1154,833.0,84.568
501003.SH,20171130,0.975,0.973,0.98,0.973,0.975,0.0,0.0,290.0,28.272
501005.SH,20171130,0.946,0.941,0.955,0.935,0.935,-0.011,-1.1628,1635.0,153.842
501007.SH,20171130,0.881,0.884,0.887,0.884,0.886,0.005,0.5675,15.45,1.37
501008.SH,20171130,0.878,0.882,0.882,0.882,0.882,0.004,0.4556,22.87,2.017
501009.SH,20171130,1.16,1.135,1.166,1.135,1.151,-0.009,-0.7759,481.31,55.582
501010.SH,20171130,1.149,1.148,1.155,1.147,1.147,-0.002,-0.1741,642.76,73.9
501012.SH,20171130,1.008,1.009,1.029,1.0,1.023,0.015,1.4881,4002.91,406.864
501015.SH,20171130,0.931,0.935,0.935,0.925,0.927,-0.004,-0.4296,47239.88,4398.686
501016.SH,20171130,1.04,1.051,1.052,1.051,1.052,0.012,1.1538,440.0,46.288
501017.SH,20171130,0.932,0.929,0.932,0.929,0.93,-0.002,-0.2146,14523.61,1349.538
501018.SH,20171130,1.0,1.0,1.0,0.996,0.998,-0.002,-0.2,1842.57,183.902
501019.SH,20171130,0.82,0.825,0.826,0.812,0.816,-0.004,-0.4878,1591.53,130.827
501020.SH,20171130,1.066,1.067,1.067,1.066,1.066,0.0,0.0,7.0,0.747
501021.SH,20171130,1.401,1.4,1.4,1.377,1.381,-0.02,-1.4276,50475.02,6976.994
501022.SH,20171130,0.844,0.842,0.849,0.84,0.845,0.001,0.1185,1733.0,145.917
501023.SH,20171130,1.139,1.134,1.134,1.132,1.132,-0.007,-0.6146,21.0,2.377
501025.SH,20171130,1.136,1.13,1.136,1.13,1.13,-0.006,-0.5282,2632.0,298.208
501026.SH,20171130,0.886,0.885,0.898,0.885,0.893,0.007,0.7901,5267.92,467.237
501027.SH,20171130,0.995,0.988,0.995,0.988,0.995,0.0,0.0,4.0,0.396
501028.SH,20171130,0.915,0.913,0.918,0.913,0.913,-0.002,-0.2186,14781.1,1351.114
501029.SH,20171130,1.089,1.089,1.09,1.084,1.085,-0.004,-0.3673,25276.0,2746.665
501030.SH,20171130,0.938,0.938,0.938,0.937,0.937,-0.001,-0.1066,86.0,8.062
501031.SH,20171130,0.933,0.932,0.933,0.932,0.933,0.0,0.0,9.75,0.909
501032.SH,20171130,0.9,0.9,0.93,0.9,0.92,0.02,2.2222,10.0,0.913
501035.SH,20171130,0.945,0.943,0.943,0.937,0.937,-0.008,-0.8466,10.0,0.939
501036.SH,20171130,0.967,0.952,0.97,0.952,0.953,-0.014,-1.4478,691.07,66.003
501037.SH,20171130,0.956,0.956,0.956,0.952,0.952,-0.004,-0.4184,78.0,7.445
501038.SH,20171130,1.01,1.01,1.011,0.99,0.997,-0.013,-1.2871,21696.45,2174.514
501043.SH,20171130,1.066,1.053,1.063,1.05,1.062,-0.004,-0.3752,782.39,82.269
501045.SH,20171130,1.038,1.032,1.047,1.03,1.03,-0.008,-0.7707,1629.8,168.29
501050.SH,20171130,1.224,1.22,1.22,1.194,1.198,-0.026,-2.1242,59489.92,7168.368
501300.SH,20171130,0.965,0.965,0.969,0.965,0.965,0.0,0.0,66.0,6.371
501301.SH,20171130,1.191,1.183,1.183,1.164,1.164,-0.027,-2.267,2006.0,234.309
501302.SH,20171130,1.083,1.084,1.085,0.995,1.046,-0.037,-3.4164,2025.0,210.932
501303.SH,20171130,0.99,0.987,0.987,0.98,0.981,-0.009,-0.9091,4359.56,427.335
502000.SH,20171130,1.045,1.016,1.043,1.016,1.043,-0.002,-0.1914,13.0,1.324
502002.SH,20171130,1.014,1.013,1.014,1.013,1.013,-0.001,-0.0986,51.49,5.216
502003.SH,20171130,0.911,0.91,0.91,0.9,0.901,-0.01,-1.0977,837.05,75.674
502004.SH,20171130,0.915,0.915,0.917,0.915,0.915,0.0,0.0,870.0,79.652
502005.SH,20171130,0.89,0.899,0.9,0.881,0.888,-0.002,-0.2247,1247.0,111.696
502006.SH,20171130,1.078,1.07,1.089,1.07,1.072,-0.006,-0.5566,1186.29,127.701
502008.SH,20171130,1.135,1.104,1.135,1.104,1.133,-0.002,-0.1762,159.98,17.998
502010.SH,20171130,1.183,1.149,1.159,1.149,1.15,-0.033,-2.7895,34.01,3.915
502011.SH,20171130,0.999,1.001,1.001,1.001,1.001,0.002,0.2002,1.0,0.1
502012.SH,20171130,1.31,1.287,1.329,1.287,1.308,-0.002,-0.1527,423.81,55.699
502013.SH,20171130,0.901,0.898,0.907,0.894,0.899,-0.002,-0.222,4945.18,445.546
502014.SH,20171130,1.005,1.001,1.008,1.001,1.008,0.003,0.2985,858.19,86.388
502015.SH,20171130,0.797,0.796,0.804,0.782,0.787,-0.01,-1.2547,7746.71,616.157
502020.SH,20171130,1.083,1.07,1.07,1.007,1.007,-0.076,-7.0175,141727.0,14296.449
502023.SH,20171130,1.092,1.109,1.109,1.099,1.099,0.007,0.641,1194.0,131.981
502025.SH,20171130,1.165,1.097,1.1,1.097,1.1,-0.065,-5.5794,455.7,50.04
502026.SH,20171130,0.803,0.789,0.804,0.789,0.804,0.001,0.1245,15.0,1.185
502032.SH,20171130,1.035,1.129,1.129,0.933,1.109,0.074,7.1498,235.28,23.058
502038.SH,20171130,0.923,0.928,0.928,0.928,0.928,0.005,0.5417,2.0,0.186
502040.SH,20171130,1.204,1.183,1.204,1.183,1.204,0.0,0.0,36.0,4.332
502041.SH,20171130,1.075,1.003,1.003,1.003,1.003,-0.072,-6.6977,50.0,5.015
502042.SH,20171130,1.393,1.315,1.315,1.315,1.315,-0.078,-5.5994,50.0,6.575
502048.SH,20171130,1.431,1.433,1.436,1.43,1.435,0.004,0.2795,258.12,37.036
502049.SH,20171130,1.002,1.002,1.018,0.954,0.986,-0.016,-1.5968,9453.08,951.825
502050.SH,20171130,1.866,1.845,1.868,1.836,1.849,-0.017,-0.911,11824.53,2192.29
502053.SH,20171130,0.964,0.967,0.979,0.967,0.969,0.005,0.5187,14.0,1.366
502055.SH,20171130,0.882,0.888,0.895,0.877,0.884,0.002,0.2268,1121.0,99.716
502056.SH,20171130,0.976,0.977,0.977,0.966,0.973,-0.003,-0.3074,16.0,1.553
505888.SH,20171130,1.057,1.056,1.06,1.054,1.057,0.0,0.0,350648.13,37053.026
510010.SH,20171130,1.277,1.2,1.269,1.2,1.269,-0.008,-0.6265,524.0,64.459
510020.SH,20171130,2.857,2.828,2.829,2.78,2.829,-0.028,-0.98,65.0,18.171
510030.SH,20171130,5.2,5.132,5.195,5.129,5.129,-0.071,-1.3654,146.0,75.048
510050.SH,20171130,2.89,2.88,2.898,2.85,2.858,-0.032,-1.1073,6357419.08,1825466.242
510060.SH,20171130,1.92,1.913,1.925,1.909,1.91,-0.01,-0.5208,1020.56,195.418
510090.SH,20171130,1.767,1.765,1.767,1.765,1.766,-0.001,-0.0566,8.0,1.412
510110.SH,20171130,3.884,3.751,3.839,3.751,3.839,-0.045,-1.1586,10.0,3.76
510130.SH,20171130,4.072,4.066,4.066,4.037,4.037,-0.035,-0.8595,3008.78,1220.356
510150.SH,20171130,4.947,5.07,5.07,4.79,4.91,-0.037,-0.7479,225.0,107.992
510160.SH,20171130,0.631,0.632,0.632,0.623,0.625,-0.006,-0.9509,22975.0,1432.744
510170.SH,20171130,2.067,2.03,2.057,2.03,2.03,-0.037,-1.79,110.0,22.562
510180.SH,20171130,3.5,3.488,3.5,3.458,3.467,-0.033,-0.9429,80345.0,27952.794
510190.SH,20171130,3.749,3.749,3.749,3.712,3.721,-0.028,-0.7469,49.0,18.349
510210.SH,20171130,3.9,3.86,3.953,3.82,3.953,0.053,1.359,51.0,19.597
510220.SH,20171130,4.181,4.164,4.206,4.164,4.206,0.025,0.5979,38.0,15.856
510230.SH,20171130,6.559,6.5,6.531,6.466,6.477,-0.082,-1.2502,6664.0,4332.928
510260.SH,20171130,1.201,1.2,1.223,1.19,1.2,-0.001,-0.0833,42.0,5.07
510270.SH,20171130,1.187,1.166,1.181,1.166,1.171,-0.016,-1.3479,791.0,92.263
510280.SH,20171130,1.79,1.767,1.767,1.735,1.759,-0.031,-1.7318,921.0,160.041
510290.SH,20171130,1.596,1.602,1.604,1.59,1.59,-0.006,-0.3759,215.0,34.409
510300.SH,20171130,4.101,4.097,4.106,4.044,4.054,-0.047,-1.1461,1176151.15,479533.342
510310.SH,20171130,1.721,1.721,1.721,1.697,1.704,-0.017,-0.9878,19923.0,3400.642
510330.SH,20171130,4.386,4.399,4.399,4.332,4.343,-0.043,-0.9804,26265.0,11475.835
510360.SH,20171130,1.275,1.265,1.273,1.253,1.257,-0.018,-1.4118,18492.0,2337.803
510410.SH,20171130,0.808,0.812,0.814,0.796,0.806,-0.002,-0.2475,16479.56,1330.22
510420.SH,20171130,1.513,1.51,1.51,1.495,1.507,-0.006,-0.3966,248.0,37.174
510430.SH,20171130,1.647,1.64,1.64,1.56,1.588,-0.059,-3.5823,27.0,4.253
510440.SH,20171130,1.78,1.79,1.79,1.79,1.79,0.01,0.5618,41.0,7.339
510500.SH,20171130,6.641,6.63,6.652,6.58,6.596,-0.045,-0.6776,257549.02,170433.41
510510.SH,20171130,1.756,1.758,1.758,1.736,1.74,-0.016,-0.9112,294024.0,51491.378
510520.SH,20171130,1.67,1.668,1.669,1.631,1.667,-0.003,-0.1796,182.0,30.031
510560.SH,20171130,1.308,1.332,1.332,1.332,1.332,0.024,1.8349,12.0,1.598
510580.SH,20171130,6.381,6.33,6.4,6.33,6.39,0.009,0.141,31.0,19.646
510630.SH,20171130,2.216,2.21,2.23,2.192,2.192,-0.024,-1.083,2860.0,629.224
510650.SH,20171130,1.896,1.869,1.879,1.862,1.862,-0.034,-1.7932,188.0,35.176
510660.SH,20171130,1.83,1.83,1.835,1.811,1.83,0.0,0.0,1944.0,354.867
510680.SH,20171130,2.498,2.395,2.494,2.26,2.435,-0.063,-2.522,345.0,78.928
510710.SH,20171130,3.04,3.04,3.049,3.003,3.008,-0.032,-1.0526,4393.0,1328.185
510810.SH,20171130,0.998,0.993,0.996,0.984,0.991,-0.007,-0.7014,1087183.93,107433.517
510880.SH,20171130,3.112,3.111,3.116,3.089,3.093,-0.019,-0.6105,61370.0,19041.704
510900.SH,20171130,1.262,1.254,1.258,1.248,1.248,-0.014,-1.1094,16364365.0,2051298.098
511010.SH,20171130,109.241,109.188,109.45,109.15,109.195,-0.046,-0.0421,21847.0,238891.372
511220.SH,20171130,92.34,92.35,93.1,92.35,92.8,0.46,0.4982,4282.83,39776.816
511230.SH,20171130,97.0,97.0,97.0,97.0,97.0,0.0,0.0,1.2,11.64
511260.SH,20171130,97.454,97.451,98.0,97.27,97.822,0.368,0.3776,390.3,3817.653
511600.SH,20171130,99.987,99.988,99.996,99.983,99.996,0.009,0.009,3508.54,35081.047
511620.SH,20171130,99.975,99.975,100.0,99.955,99.969,-0.006,-0.006,82.64,826.18
511650.SH,20171130,99.988,99.99,100.005,99.981,99.999,0.011,0.011,14954.08,149523.973
511660.SH,20171130,99.985,99.983,100.004,99.981,100.002,0.017,0.017,175404.13,1753861.075
511670.SH,20171130,99.988,99.987,99.996,99.981,99.996,0.008,0.008,6527.19,65262.586
511680.SH,20171130,99.98,99.98,99.988,99.978,99.988,0.008,0.008,268.85,2687.962
511690.SH,20171130,99.989,99.987,100.0,99.983,99.999,0.01,0.01,29219.51,292163.013
511700.SH,20171130,99.994,99.989,100.008,99.98,100.008,0.014,0.014,2331.31,23312.217
511770.SH,20171130,99.998,99.983,99.998,99.983,99.998,0.0,0.0,152.11,1521.006
511800.SH,20171130,99.985,99.986,99.996,99.981,99.996,0.011,0.011,3343.12,33426.265
511810.SH,20171130,99.985,99.985,99.999,99.983,99.998,0.013,0.013,103081.77,1030692.707
511820.SH,20171130,99.988,99.985,99.997,99.984,99.997,0.009,0.009,44658.96,446529.803
511830.SH,20171130,99.986,99.99,99.999,99.985,99.999,0.013,0.013,2368.1,23678.559
511850.SH,20171130,99.989,99.988,100.003,99.984,100.003,0.014,0.014,17010.77,170095.044
511860.SH,20171130,99.986,99.986,99.996,99.981,99.996,0.01,0.01,551.76,5516.983
511880.SH,20171130,103.342,103.355,103.382,103.348,103.381,0.039,0.0377,1292110.52,13355645.461
511890.SH,20171130,99.96,99.955,99.99,99.955,99.99,0.03,0.03,2.0,19.995
511900.SH,20171130,99.988,99.988,100.036,99.985,99.996,0.008,0.008,54892.41,548865.143
511910.SH,20171130,99.998,99.996,100.007,99.996,100.007,0.009,0.009,400.0,3999.921
511920.SH,20171130,99.973,99.978,100.0,99.978,99.978,0.005,0.005,2.05,20.5
511930.SH,20171130,99.991,99.988,100.4,99.988,100.0,0.009,0.009,8.1,81.039
511960.SH,20171130,99.998,99.974,100.0,99.973,99.996,-0.002,-0.002,134.33,1343.065
511970.SH,20171130,99.992,99.99,99.995,99.99,99.994,0.002,0.002,530.04,5299.992
511980.SH,20171130,100.1,100.08,100.1,100.001,100.002,-0.098,-0.0979,780.59,7806.764
511990.SH,20171130,99.98,99.985,100.008,99.98,100.0,0.02,0.02,1249858.67,12497126.465
512000.SH,20171130,0.988,0.987,1.003,0.981,0.987,-0.001,-0.1012,85696.0,8514.774
512010.SH,20171130,1.6,1.61,1.61,1.578,1.586,-0.014,-0.875,1067.0,169.46
512070.SH,20171130,2.173,2.161,2.17,2.13,2.134,-0.039,-1.7948,7852.0,1682.408
512100.SH,20171130,0.837,0.835,0.838,0.831,0.834,-0.003,-0.3584,9920.0,828.799
512120.SH,20171130,1.546,1.546,1.553,1.532,1.537,-0.009,-0.5821,4703.0,727.42
512200.SH,20171130,0.991,0.99,0.99,0.962,0.963,-0.028,-2.8254,22721.0,2219.869
512210.SH,20171130,1.988,1.978,1.988,1.949,1.975,-0.013,-0.6539,145.0,28.515
512220.SH,20171130,1.499,1.473,1.479,1.442,1.479,-0.02,-1.3342,594.0,86.825
512230.SH,20171130,1.4,1.37,1.37,1.342,1.366,-0.034,-2.4286,57.0,7.669
512300.SH,20171130,1.242,1.24,1.247,1.229,1.241,-0.001,-0.0805,3743.0,461.417
512310.SH,20171130,0.668,0.666,0.669,0.659,0.659,-0.009,-1.3473,2170.0,144.423
512330.SH,20171130,0.832,0.833,0.833,0.825,0.825,-0.007,-0.8413,111.0,9.166
512340.SH,20171130,0.95,0.955,0.955,0.938,0.939,-0.011,-1.1579,8270.0,778.354
512400.SH,20171130,0.931,0.938,0.938,0.918,0.923,-0.008,-0.8593,78879.0,7316.642
512500.SH,20171130,3.082,3.082,3.09,3.055,3.076,-0.006,-0.1947,1831.0,564.373
512510.SH,20171130,1.31,1.307,1.308,1.295,1.296,-0.014,-1.0687,4081.97,531.846
512550.SH,20171130,1.118,1.112,1.119,1.099,1.105,-0.013,-1.1628,7586.0,842.275
512560.SH,20171130,0.962,0.97,0.971,0.963,0.965,0.003,0.3119,775.0,75.054
512570.SH,20171130,0.985,0.986,1.0,0.979,0.99,0.005,0.5076,4553.0,449.382
512580.SH,20171130,1.012,1.013,1.017,0.998,1.0,-0.012,-1.1858,213571.0,21476.576
512600.SH,20171130,2.145,2.166,2.166,2.102,2.102,-0.043,-2.0047,122.0,25.667
512610.SH,20171130,1.531,1.527,1.527,1.513,1.521,-0.01,-0.6532,160.0,24.291
512640.SH,20171130,2.001,1.993,1.993,1.993,1.993,-0.008,-0.3998,3.0,0.598
512660.SH,20171130,0.859,0.859,0.868,0.856,0.857,-0.002,-0.2328,195489.67,16857.35
512680.SH,20171130,0.839,0.838,0.847,0.835,0.839,0.0,0.0,63403.0,5339.883
512700.SH,20171130,1.053,1.047,1.054,1.045,1.047,-0.006,-0.5698,26182.0,2746.924
512800.SH,20171130,1.033,1.03,1.037,1.024,1.03,-0.003,-0.2904,70940.0,7324.248
512810.SH,20171130,0.83,0.828,0.838,0.826,0.828,-0.002,-0.241,20389.0,1695.915
512880.SH,20171130,1.041,1.039,1.059,1.034,1.039,-0.002,-0.1921,511155.62,53576.443
512900.SH,20171130,0.994,0.992,1.012,0.989,0.991,-0.003,-0.3018,67403.0,6748.145
512990.SH,20171130,1.179,1.171,1.178,1.171,1.173,-0.006,-0.5089,25581.0,3005.398
513030.SH,20171130,1.177,1.177,1.177,1.165,1.169,-0.008,-0.6797,3240.0,378.924
513050.SH,20171130,1.547,1.495,1.525,1.495,1.516,-0.031,-2.0039,275782.0,41766.666
513100.SH,20171130,2.246,2.218,2.218,2.206,2.214,-0.032,-1.4248,27183.82,6014.94
513500.SH,20171130,1.603,1.601,1.603,1.6,1.602,-0.001,-0.0624,10840.0,1735.563
513600.SH,20171130,2.611,2.629,2.629,2.571,2.577,-0.034,-1.3022,14394.0,3709.725
513660.SH,20171130,2.601,2.601,2.601,2.564,2.57,-0.031,-1.1918,1842.0,473.925
518800.SH,20171130,2.736,2.728,2.728,2.716,2.718,-0.018,-0.6579,731922.26,199072.215
518880.SH,20171130,2.738,2.726,2.726,2.715,2.72,-0.018,-0.6574,5880015.89,1599612.734
150008.SZ,20171130,1.086,1.195,1.195,1.185,1.185,0.099,9.116,4.0,0.475
150009.SZ,20171130,0.975,0.958,0.977,0.958,0.977,0.002,0.2051,4.0,0.385
150012.SZ,20171130,1.035,1.019,1.036,1.019,1.034,-0.001,-0.0966,1111.45,114.977
150013.SZ,20171130,1.56,1.54,1.57,1.535,1.565,0.005,0.3205,1472.0,227.025
150017.SZ,20171130,1.455,1.448,1.448,1.4,1.427,-0.028,-1.9244,424.0,60.685
150018.SZ,20171130,0.939,0.939,0.94,0.933,0.934,-0.005,-0.5325,186179.49,17430.041
150019.SZ,20171130,1.236,1.233,1.237,1.216,1.219,-0.017,-1.3754,589134.57,72113.282
150022.SZ,20171130,0.828,0.826,0.829,0.823,0.824,-0.004,-0.4831,67467.5,5580.435
150023.SZ,20171130,0.41,0.411,0.411,0.402,0.404,-0.006,-1.4634,275593.0,11168.691
150029.SZ,20171130,1.427,1.427,1.427,1.427,1.427,0.0,0.0,90.0,12.843
150032.SZ,20171130,1.04,1.016,1.022,1.016,1.022,-0.018,-1.7308,212.0,21.664
150033.SZ,20171130,0.98,0.98,0.98,0.98,0.98,0.0,0.0,1.0,0.098
150047.SZ,20171130,1.405,1.409,1.409,1.409,1.409,0.004,0.2847,35.0,4.931
150048.SZ,20171130,1.268,1.274,1.278,1.244,1.265,-0.003,-0.2366,376.0,47.246
150050.SZ,20171130,1.46,1.363,1.465,1.363,1.445,-0.015,-1.0274,605.98,86.818
150051.SZ,20171130,0.98,0.976,0.976,0.975,0.975,-0.005,-0.5102,540.0,52.683
150052.SZ,20171130,1.878,1.87,1.878,1.865,1.865,-0.013,-0.6922,15751.83,2947.642
150053.SZ,20171130,1.011,1.02,1.02,1.02,1.02,0.009,0.8902,19.0,1.938
150054.SZ,20171130,1.042,1.142,1.142,1.042,1.048,0.006,0.5758,81.0,8.94
150055.SZ,20171130,1.025,1.08,1.08,1.08,1.08,0.055,5.3659,10.0,1.08
150056.SZ,20171130,1.512,1.506,1.506,1.506,1.506,-0.006,-0.3968,33.0,4.969
150058.SZ,20171130,1.109,1.068,1.07,1.068,1.07,-0.039,-3.5167,11.0,1.175
150059.SZ,20171130,1.01,1.031,1.032,1.029,1.029,0.019,1.8812,416.0,42.836
150060.SZ,20171130,1.367,1.326,1.378,1.326,1.378,0.011,0.8047,988.0,132.523
150064.SZ,20171130,1.01,0.971,1.021,0.971,1.021,0.011,1.0891,1.68,0.168
150065.SZ,20171130,1.003,1.055,1.066,1.055,1.066,0.063,6.2812,34.02,3.626
150073.SZ,20171130,1.001,0.992,0.993,0.992,0.993,-0.008,-0.7992,105.0,10.426
150075.SZ,20171130,1.182,1.088,1.088,1.088,1.088,-0.094,-7.9526,8.56,0.931
150084.SZ,20171130,1.346,1.452,1.452,1.452,1.452,0.106,7.8752,1.0,0.145
150091.SZ,20171130,1.093,1.068,1.068,1.068,1.068,-0.025,-2.2873,10.0,1.068
150100.SZ,20171130,1.005,1.03,1.03,1.011,1.011,0.006,0.597,156.0,15.973
150101.SZ,20171130,1.568,1.575,1.58,1.55,1.56,-0.008,-0.5102,1401.77,220.099
150106.SZ,20171130,1.04,1.038,1.04,1.037,1.039,-0.001,-0.0962,1537.0,159.559
150107.SZ,20171130,1.212,1.212,1.231,1.18,1.191,-0.021,-1.7327,3664.32,441.601
150117.SZ,20171130,1.048,1.055,1.055,1.033,1.054,0.006,0.5725,31163.0,3283.997
150118.SZ,20171130,0.579,0.57,0.575,0.536,0.541,-0.038,-6.563,371038.65,20580.974
150121.SZ,20171130,0.97,0.973,1.023,0.972,1.023,0.053,5.4639,222.24,21.637
150122.SZ,20171130,1.671,1.726,1.727,1.726,1.727,0.056,3.3513,33.85,5.845
150123.SZ,20171130,1.017,1.017,1.018,1.015,1.017,0.0,0.0,13135.27,1335.675
150124.SZ,20171130,0.865,0.852,0.858,0.831,0.838,-0.027,-3.1214,13730.24,1159.142
150130.SZ,20171130,1.054,1.062,1.062,1.048,1.048,-0.006,-0.5693,1172.4,123.07
150131.SZ,20171130,0.613,0.615,0.618,0.603,0.608,-0.005,-0.8157,363212.13,22168.08
150135.SZ,20171130,1.019,1.017,1.019,1.017,1.019,0.0,0.0,150.0,15.265
150136.SZ,20171130,1.347,1.212,1.212,1.212,1.212,-0.135,-10.0223,130.0,15.756
150139.SZ,20171130,0.951,0.961,1.009,0.961,1.009,0.058,6.0988,48.78,4.692
150143.SZ,20171130,1.005,0.967,0.967,0.967,0.967,-0.038,-3.7811,0.54,0.052
150144.SZ,20171130,0.548,0.53,0.53,0.493,0.493,-0.055,-10.0365,255.0,12.677
150145.SZ,20171130,0.993,0.99,0.99,0.982,0.982,-0.011,-1.1078,205.0,20.291
150146.SZ,20171130,0.508,0.467,0.491,0.466,0.49,-0.018,-3.5433,72.94,3.451
150148.SZ,20171130,1.079,1.17,1.17,1.01,1.02,-0.059,-5.468,6.0,0.629
150149.SZ,20171130,0.808,0.803,0.803,0.785,0.801,-0.007,-0.8663,8571.3,675.14
150150.SZ,20171130,0.978,0.963,0.979,0.963,0.979,0.001,0.1022,136.0,13.301
150151.SZ,20171130,1.48,1.479,1.479,1.448,1.475,-0.005,-0.3378,12.0,1.773
150152.SZ,20171130,0.981,0.981,0.982,0.978,0.978,-0.003,-0.3058,108343.39,10618.478
150153.SZ,20171130,0.589,0.588,0.592,0.577,0.578,-0.011,-1.8676,1077099.33,63091.981
150157.SZ,20171130,1.009,1.001,1.007,0.999,1.0,-0.009,-0.892,3269.0,327.273
150158.SZ,20171130,1.151,1.152,1.152,1.136,1.142,-0.009,-0.7819,22206.0,2542.613
150164.SZ,20171130,0.996,0.91,1.003,0.91,1.003,0.007,0.7028,2142.35,214.876
150165.SZ,20171130,0.607,0.645,0.645,0.546,0.574,-0.033,-5.4366,785.41,45.135
150168.SZ,20171130,0.98,0.979,0.979,0.979,0.979,-0.001,-0.102,30.0,2.937
150169.SZ,20171130,0.997,0.994,0.995,0.99,0.99,-0.007,-0.7021,9236.0,916.352
150170.SZ,20171130,1.502,1.487,1.496,1.46,1.467,-0.035,-2.3302,14744.01,2168.295
150171.SZ,20171130,0.928,0.928,0.929,0.923,0.924,-0.004,-0.431,159103.97,14742.795
150172.SZ,20171130,1.163,1.157,1.186,1.151,1.157,-0.006,-0.5159,313623.0,36770.929
150174.SZ,20171130,0.62,0.605,0.623,0.605,0.605,-0.015,-2.4194,1048.25,63.916
150175.SZ,20171130,0.959,0.958,0.96,0.956,0.959,0.0,0.0,108537.0,10406.419
150176.SZ,20171130,1.142,1.14,1.14,1.113,1.124,-0.018,-1.5762,163766.0,18454.428
150177.SZ,20171130,1.041,1.045,1.045,1.045,1.045,0.004,0.3842,500.0,52.25
150178.SZ,20171130,1.675,1.625,1.67,1.625,1.649,-0.026,-1.5522,2584.75,429.003
150179.SZ,20171130,0.989,1.01,1.01,1.01,1.01,0.021,2.1234,135.0,13.635
150180.SZ,20171130,1.59,1.565,1.565,1.5,1.5,-0.09,-5.6604,457.0,69.674
150181.SZ,20171130,0.939,0.939,0.94,0.936,0.937,-0.002,-0.213,262459.85,24617.772
150182.SZ,20171130,0.799,0.799,0.81,0.791,0.798,-0.001,-0.1252,188142.3,15131.094
150184.SZ,20171130,1.012,1.01,1.01,1.006,1.006,-0.006,-0.5929,1309.0,131.688
150185.SZ,20171130,0.87,0.871,0.874,0.851,0.857,-0.013,-1.4943,14970.34,1287.102
150186.SZ,20171130,0.92,0.919,0.919,0.918,0.919,-0.001,-0.1087,11811.89,1085.396
150187.SZ,20171130,0.594,0.587,0.605,0.587,0.596,0.002,0.3367,6664.73,399.498
150188.SZ,20171130,1.016,1.014,1.015,1.014,1.015,-0.001,-0.0984,405.65,41.164
150189.SZ,20171130,0.699,0.692,0.692,0.681,0.69,-0.009,-1.2876,63.07,4.328
150190.SZ,20171130,1.054,1.045,1.045,1.045,1.045,-0.009,-0.8539,50.0,5.225
150191.SZ,20171130,1.198,1.156,1.184,1.151,1.171,-0.027,-2.2538,203.0,23.448
150192.SZ,20171130,1.1,1.105,1.105,1.005,1.105,0.005,0.4545,378.0,41.719
150193.SZ,20171130,1.216,1.209,1.209,1.165,1.175,-0.041,-3.3717,2796.01,330.806
150194.SZ,20171130,0.921,0.921,0.921,0.917,0.917,-0.004,-0.4343,54376.54,5002.993
150195.SZ,20171130,1.35,1.337,1.366,1.318,1.32,-0.03,-2.2222,42260.06,5688.385
150196.SZ,20171130,1.028,1.027,1.027,1.021,1.022,-0.006,-0.5837,16198.0,1660.211
150197.SZ,20171130,1.304,1.309,1.335,1.291,1.294,-0.01,-0.7669,143848.94,18862.383
150198.SZ,20171130,1.097,1.095,1.095,1.095,1.095,-0.002,-0.1823,1.0,0.109
150199.SZ,20171130,1.33,1.329,1.338,1.29,1.298,-0.032,-2.406,29870.48,3917.026
150200.SZ,20171130,0.958,0.958,0.959,0.957,0.958,0.0,0.0,480473.36,46033.138
150201.SZ,20171130,0.483,0.48,0.506,0.477,0.479,-0.004,-0.8282,4908899.67,239782.882
150203.SZ,20171130,0.945,0.942,0.942,0.94,0.94,-0.005,-0.5291,5956.0,560.05
150204.SZ,20171130,0.702,0.682,0.701,0.681,0.687,-0.015,-2.1368,760.9,52.553
150205.SZ,20171130,0.922,0.922,0.922,0.918,0.919,-0.003,-0.3254,71855.08,6616.1
150206.SZ,20171130,0.921,0.921,0.942,0.919,0.925,0.004,0.4343,75444.15,7041.352
150208.SZ,20171130,0.571,0.561,0.561,0.53,0.549,-0.022,-3.8529,2952.84,161.343
150209.SZ,20171130,0.941,0.94,0.941,0.935,0.935,-0.006,-0.6376,53522.14,5021.936
150210.SZ,20171130,1.002,0.996,1.013,0.996,0.998,-0.004,-0.3992,133887.87,13438.968
150211.SZ,20171130,0.982,0.981,0.981,0.979,0.979,-0.003,-0.3055,11239.0,1101.905
150212.SZ,20171130,0.76,0.752,0.765,0.738,0.743,-0.017,-2.2368,89321.22,6734.826
150214.SZ,20171130,0.392,0.392,0.398,0.386,0.39,-0.002,-0.5102,74849.0,2943.777
150216.SZ,20171130,1.372,1.235,1.377,1.235,1.367,-0.005,-0.3644,227.12,29.552
150218.SZ,20171130,0.652,0.657,0.66,0.635,0.635,-0.017,-2.6074,4733.0,304.769
150219.SZ,20171130,1.143,1.12,1.12,1.088,1.11,-0.033,-2.8871,7.0,0.779
150220.SZ,20171130,0.874,0.866,0.874,0.862,0.87,-0.004,-0.4577,2661.0,230.265
150221.SZ,20171130,1.067,1.068,1.071,1.064,1.064,-0.003,-0.2812,149967.0,16002.516
150222.SZ,20171130,0.416,0.415,0.428,0.415,0.418,0.002,0.4808,833678.25,35194.362
150223.SZ,20171130,1.093,1.093,1.097,1.092,1.093,0.0,0.0,8037.0,879.885
150224.SZ,20171130,0.888,0.887,0.912,0.88,0.883,-0.005,-0.5631,238877.19,21371.569
150225.SZ,20171130,1.02,1.003,1.003,1.002,1.003,-0.017,-1.6667,120.16,12.046
150226.SZ,20171130,1.548,1.506,1.618,1.506,1.545,-0.003,-0.1938,23.05,3.497
150227.SZ,20171130,0.908,0.907,0.907,0.902,0.902,-0.006,-0.6608,30314.09,2744.03
150228.SZ,20171130,1.03,1.025,1.042,1.018,1.021,-0.009,-0.8738,288685.21,29737.217
150229.SZ,20171130,1.03,1.021,1.021,1.021,1.021,-0.009,-0.8738,5.0,0.51
150230.SZ,20171130,1.454,1.458,1.46,1.42,1.425,-0.029,-1.9945,1363.0,195.889
150231.SZ,20171130,0.964,0.999,1.01,0.986,1.003,0.039,4.0456,192.0,19.377
150232.SZ,20171130,1.415,1.414,1.414,1.362,1.362,-0.053,-3.7456,950.55,131.338
150233.SZ,20171130,0.912,0.913,0.913,0.91,0.91,-0.002,-0.2193,521.0,47.466
150234.SZ,20171130,0.996,0.919,1.016,0.919,1.016,0.02,2.008,68.0,6.811
150235.SZ,20171130,0.967,0.95,0.965,0.949,0.965,-0.002,-0.2068,1918.0,182.234
150236.SZ,20171130,0.868,0.865,0.884,0.86,0.862,-0.006,-0.6912,5933.66,517.829
150237.SZ,20171130,1.016,1.006,1.065,1.006,1.065,0.049,4.8228,32.85,3.493
150238.SZ,20171130,1.218,1.199,1.296,1.199,1.296,0.078,6.4039,71.0,8.522
150241.SZ,20171130,1.03,1.023,1.023,1.004,1.023,-0.007,-0.6796,591.0,59.509
150242.SZ,20171130,1.15,1.1,1.14,1.054,1.138,-0.012,-1.0435,283.0,31.344
150243.SZ,20171130,0.941,0.941,0.942,0.936,0.941,0.0,0.0,8204.68,771.265
150244.SZ,20171130,0.682,0.675,0.686,0.675,0.681,-0.001,-0.1466,27319.87,1856.524
150247.SZ,20171130,0.999,0.998,0.998,0.996,0.998,-0.001,-0.1001,951.0,94.789
150248.SZ,20171130,0.635,0.639,0.639,0.615,0.622,-0.013,-2.0472,5717.16,360.2
150250.SZ,20171130,1.08,1.05,1.057,1.05,1.057,-0.023,-2.1296,3.0,0.315
150252.SZ,20171130,1.413,1.42,1.447,1.412,1.423,0.01,0.7077,5089.55,727.043
150255.SZ,20171130,0.922,0.92,0.92,0.91,0.91,-0.012,-1.3015,602.0,55.383
150257.SZ,20171130,0.96,0.96,0.99,0.96,0.99,0.03,3.125,280.44,27.45
150258.SZ,20171130,1.172,1.2,1.2,1.156,1.199,0.027,2.3038,256.48,30.204
150259.SZ,20171130,0.923,0.922,0.922,0.917,0.917,-0.006,-0.6501,153.0,14.054
150260.SZ,20171130,0.694,0.694,0.695,0.694,0.695,0.001,0.1441,48.93,3.4
150261.SZ,20171130,1.02,1.019,1.023,1.018,1.022,0.002,0.1961,2136.7,218.105
150262.SZ,20171130,0.764,0.76,0.777,0.756,0.756,-0.008,-1.0471,4030.85,309.019
150264.SZ,20171130,0.364,0.366,0.37,0.366,0.37,0.006,1.6484,29.9,1.102
150265.SZ,20171130,1.097,1.106,1.107,1.059,1.103,0.006,0.5469,6821.37,742.049
150266.SZ,20171130,1.319,1.323,1.332,1.3,1.316,-0.003,-0.2274,5325.43,700.882
150267.SZ,20171130,1.049,0.975,1.039,0.975,1.039,-0.01,-0.9533,2.0,0.201
150268.SZ,20171130,1.215,1.278,1.278,1.103,1.127,-0.088,-7.2428,153.0,17.205
150269.SZ,20171130,0.909,0.907,0.907,0.906,0.906,-0.003,-0.33,13904.35,1259.848
150270.SZ,20171130,1.225,1.211,1.249,1.185,1.186,-0.039,-3.1837,39807.0,4817.467
150271.SZ,20171130,0.975,0.967,0.967,0.967,0.967,-0.008,-0.8205,200.0,19.34
150272.SZ,20171130,1.211,1.222,1.222,1.222,1.222,0.011,0.9083,400.0,48.88
150273.SZ,20171130,1.021,0.946,1.01,0.946,1.01,-0.011,-1.0774,1.8,0.176
150274.SZ,20171130,0.62,0.62,0.63,0.617,0.627,0.007,1.129,350.75,21.74
150275.SZ,20171130,0.948,0.946,0.949,0.945,0.947,-0.001,-0.1055,24856.0,2355.35
150276.SZ,20171130,0.652,0.651,0.657,0.643,0.644,-0.008,-1.227,50586.78,3295.151
150277.SZ,20171130,0.93,0.934,0.937,0.933,0.933,0.003,0.3226,9506.0,889.239
150278.SZ,20171130,0.545,0.549,0.565,0.549,0.552,0.007,1.2844,17248.65,958.235
150279.SZ,20171130,1.011,1.011,1.011,1.011,1.011,0.0,0.0,100.0,10.11
150281.SZ,20171130,1.11,1.02,1.068,1.02,1.068,-0.042,-3.7838,545.02,56.288
150282.SZ,20171130,0.748,0.719,0.719,0.676,0.696,-0.052,-6.9519,588.0,39.955
150284.SZ,20171130,0.911,0.898,0.906,0.898,0.906,-0.005,-0.5488,248.08,22.387
150287.SZ,20171130,1.023,1.022,1.024,1.021,1.023,0.0,0.0,5486.3,560.388
150288.SZ,20171130,0.967,0.973,0.985,0.949,0.955,-0.012,-1.241,109597.17,10578.463
150289.SZ,20171130,1.028,1.025,1.03,1.025,1.029,0.001,0.0973,44425.72,4569.441
150290.SZ,20171130,0.588,0.593,0.605,0.579,0.588,0.0,0.0,615018.48,36477.052
150291.SZ,20171130,1.028,1.029,1.032,1.028,1.031,0.003,0.2918,5797.0,597.229
150292.SZ,20171130,0.878,0.845,0.85,0.83,0.832,-0.046,-5.2392,13848.34,1151.955
150293.SZ,20171130,1.022,1.014,1.02,1.014,1.02,-0.002,-0.1957,21.82,2.213
150294.SZ,20171130,1.13,1.018,1.119,1.018,1.119,-0.011,-0.9735,3.0,0.315
150295.SZ,20171130,0.983,0.978,0.983,0.978,0.983,0.0,0.0,442.0,43.399
150296.SZ,20171130,1.088,1.087,1.087,1.078,1.078,-0.01,-0.9191,311.0,33.527
150299.SZ,20171130,1.031,1.032,1.032,1.029,1.029,-0.002,-0.194,15783.0,1625.394
150300.SZ,20171130,0.801,0.799,0.804,0.783,0.787,-0.014,-1.7478,62899.4,4990.577
150302.SZ,20171130,1.099,1.114,1.114,1.096,1.096,-0.003,-0.273,14.0,1.552
150303.SZ,20171130,0.997,0.998,0.998,0.995,0.995,-0.002,-0.2006,6197.44,617.837
150304.SZ,20171130,0.629,0.623,0.632,0.622,0.626,-0.003,-0.4769,16182.13,1014.797
150305.SZ,20171130,1.001,0.995,0.995,0.995,0.995,-0.006,-0.5994,5.0,0.497
150306.SZ,20171130,0.599,0.598,0.598,0.59,0.59,-0.009,-1.5025,146.0,8.702
150307.SZ,20171130,0.92,0.918,0.919,0.916,0.917,-0.003,-0.3261,1156.0,106.092
150308.SZ,20171130,0.895,0.865,0.896,0.865,0.894,-0.001,-0.1117,503.0,43.578
150310.SZ,20171130,0.708,0.663,0.663,0.663,0.663,-0.045,-6.3559,9.0,0.596
150312.SZ,20171130,0.96,0.869,0.959,0.864,0.864,-0.096,-10.0,336.29,29.517
150315.SZ,20171130,1.002,1.001,1.001,1.001,1.001,-0.001,-0.0998,2706.0,270.87
150316.SZ,20171130,0.838,0.86,0.869,0.84,0.86,0.022,2.6253,774.0,66.103
150321.SZ,20171130,1.168,1.158,1.172,1.157,1.157,-0.011,-0.9418,3269.52,381.686
150322.SZ,20171130,1.31,1.311,1.34,1.311,1.334,0.024,1.8321,3097.0,410.372
150325.SZ,20171130,1.025,1.013,1.013,1.013,1.013,-0.012,-1.1707,200.0,20.26
150329.SZ,20171130,0.942,0.941,0.941,0.937,0.937,-0.005,-0.5308,47.0,4.416
150330.SZ,20171130,1.839,1.838,1.838,1.71,1.769,-0.07,-3.8064,14916.0,2666.522
150331.SZ,20171130,1.059,1.057,1.057,1.053,1.055,-0.004,-0.3777,4289.0,452.714
150332.SZ,20171130,0.416,0.416,0.418,0.403,0.404,-0.012,-2.8846,8290.0,339.998
150335.SZ,20171130,1.027,1.025,1.027,1.025,1.026,-0.001,-0.0974,19124.0,1961.455
150336.SZ,20171130,0.296,0.3,0.304,0.293,0.298,0.002,0.6757,46386.0,1387.395
150343.SZ,20171130,1.027,1.019,1.02,1.011,1.012,-0.015,-1.4606,1042.61,106.268
150344.SZ,20171130,1.115,1.089,1.09,1.083,1.086,-0.029,-2.6009,129.0,14.04
159001.SZ,20171130,100.0,100.0,100.059,99.999,100.001,0.001,0.001,335467.07,3354671.378
159003.SZ,20171130,100.0,99.999,100.001,99.998,100.001,0.001,0.001,28745.49,287454.134
159005.SZ,20171130,99.997,100.0,100.04,99.997,100.005,0.008,0.008,758814.82,7588147.885
159901.SZ,20171130,4.963,4.938,4.965,4.871,4.886,-0.077,-1.5515,81415.71,40057.533
159902.SZ,20171130,3.691,3.68,3.7,3.633,3.642,-0.049,-1.3276,128296.5,47049.421
159903.SZ,20171130,1.189,1.185,1.188,1.173,1.176,-0.013,-1.0934,5776.0,680.748
159905.SZ,20171130,1.692,1.689,1.692,1.658,1.665,-0.027,-1.5957,160613.0,26924.395
159906.SZ,20171130,1.049,1.05,1.05,1.031,1.049,0.0,0.0,57.0,5.963
159907.SZ,20171130,1.519,1.508,1.515,1.482,1.505,-0.014,-0.9217,525.0,78.457
159908.SZ,20171130,1.489,1.49,1.49,1.485,1.485,-0.004,-0.2686,2.0,0.297
159909.SZ,20171130,5.525,5.458,5.514,5.458,5.514,-0.011,-0.1991,12.0,6.557
159910.SZ,20171130,1.811,1.792,1.792,1.77,1.79,-0.021,-1.1596,40.0,7.139
159912.SZ,20171130,1.495,1.493,1.493,1.444,1.444,-0.051,-3.4114,573.0,83.74
159913.SZ,20171130,1.826,1.825,1.826,1.775,1.809,-0.017,-0.931,70.0,12.612
159915.SZ,20171130,1.674,1.673,1.681,1.657,1.663,-0.011,-0.6571,648333.04,108244.149
159916.SZ,20171130,3.99,3.99,3.99,3.99,3.99,0.0,0.0,7.0,2.793
159918.SZ,20171130,1.789,1.762,1.791,1.762,1.79,0.001,0.0559,96.0,17.156
159919.SZ,20171130,4.406,4.388,4.404,4.342,4.349,-0.057,-1.2937,169884.5,74203.248
159920.SZ,20171130,1.596,1.587,1.587,1.567,1.571,-0.025,-1.5664,7320095.76,1153433.378
159922.SZ,20171130,6.492,6.458,6.485,6.414,6.432,-0.06,-0.9242,1952.0,1255.598
159923.SZ,20171130,1.698,1.7,1.7,1.658,1.669,-0.029,-1.7079,1774.0,297.075
159924.SZ,20171130,1.455,1.454,1.464,1.438,1.464,0.009,0.6186,14.0,2.02
159925.SZ,20171130,1.685,1.671,1.683,1.663,1.668,-0.017,-1.0089,1905.08,318.491
159926.SZ,20171130,106.8,106.9,106.9,106.9,106.9,0.1,0.0936,1.0,10.69
159927.SZ,20171130,4.15,4.042,4.078,4.022,4.078,-0.072,-1.7349,60.96,24.651
159928.SZ,20171130,2.148,2.158,2.166,2.091,2.127,-0.021,-0.9777,4333.0,925.667
159929.SZ,20171130,1.561,1.551,1.565,1.541,1.545,-0.016,-1.025,4726.0,733.271
159930.SZ,20171130,0.848,0.848,0.85,0.844,0.848,0.0,0.0,1529.01,129.751
159931.SZ,20171130,1.737,1.738,1.739,1.705,1.739,0.002,0.1151,440.17,76.164
159932.SZ,20171130,1.761,1.778,1.778,1.778,1.778,0.017,0.9654,136.0,24.18
159933.SZ,20171130,1.975,1.968,1.979,1.958,1.968,-0.007,-0.3544,143.0,28.059
159934.SZ,20171130,2.74,2.731,2.732,2.719,2.722,-0.018,-0.6569,107025.0,29150.772
159935.SZ,20171130,1.7,1.68,1.699,1.67,1.699,-0.001,-0.0588,69.5,11.797
159936.SZ,20171130,1.606,1.601,1.601,1.601,1.601,-0.005,-0.3113,15.0,2.401
159937.SZ,20171130,2.759,2.749,2.749,2.736,2.74,-0.019,-0.6887,116945.0,32062.399
159938.SZ,20171130,1.346,1.346,1.35,1.337,1.34,-0.006,-0.4458,26440.0,3554.313
159939.SZ,20171130,1.121,1.113,1.121,1.104,1.107,-0.014,-1.2489,8887.0,987.82
159940.SZ,20171130,0.995,0.99,0.992,0.982,0.982,-0.013,-1.3065,253.0,24.917
159941.SZ,20171130,1.396,1.395,1.395,1.373,1.378,-0.018,-1.2894,562.45,77.398
159942.SZ,20171130,1.964,1.955,1.956,1.941,1.949,-0.015,-0.7637,67.03,13.099
159943.SZ,20171130,11.68,11.59,11.7,11.5,11.645,-0.035,-0.2997,610.09,708.796
159944.SZ,20171130,0.967,0.95,0.95,0.95,0.95,-0.017,-1.758,20.0,1.9
159945.SZ,20171130,0.774,0.774,0.777,0.766,0.77,-0.004,-0.5168,20543.0,1585.768
159946.SZ,20171130,1.215,1.231,1.231,1.181,1.19,-0.025,-2.0576,134.0,16.096
159948.SZ,20171130,1.862,1.86,1.86,1.84,1.84,-0.022,-1.1815,967.0,178.688
159949.SZ,20171130,0.696,0.696,0.697,0.688,0.689,-0.007,-1.0057,96051.0,6654.115
159950.SZ,20171130,1.116,1.108,1.138,1.103,1.103,-0.013,-1.1649,36.0,3.981
159951.SZ,20171130,0.993,0.981,0.99,0.981,0.983,-0.01,-1.007,339.0,33.343
159952.SZ,20171130,1.009,1.002,1.01,0.995,0.999,-0.01,-0.9911,83921.92,8416.249
159953.SZ,20171130,0.992,0.969,0.99,0.967,0.986,-0.006,-0.6048,382.0,37.335
159955.SZ,20171130,0.983,0.98,0.98,0.967,0.969,-0.014,-1.4242,2075.0,201.757
160105.SZ,20171130,1.109,1.1,1.1,1.09,1.09,-0.019,-1.7133,948.63,103.88
160106.SZ,20171130,1.373,1.373,1.373,1.35,1.35,-0.023,-1.6752,1348.94,183.852
160119.SZ,20171130,1.552,1.571,1.571,1.545,1.545,-0.007,-0.451,1432.0,222.69
160125.SZ,20171130,1.034,1.033,1.033,1.012,1.013,-0.021,-2.0309,2523.94,258.157
160128.SZ,20171130,0.962,0.961,0.964,0.96,0.964,0.002,0.2079,1127.0,108.328
160130.SZ,20171130,0.944,0.904,0.938,0.904,0.932,-0.012,-1.2712,420.0,38.667
160131.SZ,20171130,0.996,0.995,0.996,0.995,0.996,0.0,0.0,15.0,1.493
160133.SZ,20171130,2.193,2.189,2.201,2.184,2.19,-0.003,-0.1368,1999.4,438.897
160138.SZ,20171130,1.088,1.073,1.077,1.073,1.077,-0.011,-1.011,35.0,3.763
160140.SZ,20171130,0.995,0.996,0.997,0.995,0.996,0.001,0.1005,6298.98,627.388
160211.SZ,20171130,2.915,2.91,2.92,2.884,2.884,-0.031,-1.0635,4152.0,1205.099
160212.SZ,20171130,2.843,2.843,2.843,2.81,2.812,-0.031,-1.0904,29994.05,8479.201
160215.SZ,20171130,1.576,1.574,1.578,1.558,1.572,-0.004,-0.2538,6921.16,1088.066
160216.SZ,20171130,0.438,0.435,0.438,0.435,0.437,-0.001,-0.2283,97443.75,4250.218
160220.SZ,20171130,1.318,1.321,1.321,1.318,1.318,0.0,0.0,181.0,23.856
160223.SZ,20171130,0.825,0.827,0.843,0.82,0.82,-0.005,-0.6061,613.0,50.504
160225.SZ,20171130,1.094,1.099,1.099,1.07,1.08,-0.014,-1.2797,4311.42,465.342
160311.SZ,20171130,1.555,1.547,1.553,1.541,1.542,-0.013,-0.836,1082.0,167.426
160314.SZ,20171130,1.129,1.113,1.144,1.113,1.129,0.0,0.0,1220.17,138.252
160322.SZ,20171130,1.316,1.3,1.308,1.28,1.285,-0.031,-2.3556,2782.47,358.513
160323.SZ,20171130,0.947,0.926,0.954,0.926,0.953,0.006,0.6336,100.0,9.411
160324.SZ,20171130,0.86,0.851,0.859,0.851,0.854,-0.006,-0.6977,652.0,55.911
160415.SZ,20171130,1.047,1.047,1.047,1.047,1.047,0.0,0.0,2.0,0.209
160416.SZ,20171130,0.93,0.932,0.935,0.932,0.934,0.004,0.4301,3903.0,364.364
160421.SZ,20171130,0.902,0.898,0.904,0.898,0.901,-0.001,-0.1109,11817.0,1066.014
160422.SZ,20171130,1.075,1.079,1.079,1.073,1.073,-0.002,-0.186,27.0,2.902
160505.SZ,20171130,1.995,1.995,2.005,1.989,1.989,-0.006,-0.3008,35270.69,7041.531
160512.SZ,20171130,2.177,2.178,2.186,2.162,2.169,-0.008,-0.3675,1571.89,341.341
160513.SZ,20171130,1.341,1.347,1.352,1.347,1.352,0.011,0.8203,8.0,1.079
160515.SZ,20171130,0.983,0.981,0.981,0.979,0.98,-0.003,-0.3052,1852.48,181.45
160518.SZ,20171130,0.954,0.956,0.958,0.948,0.952,-0.002,-0.2096,15960.26,1525.258
160519.SZ,20171130,0.982,0.982,0.986,0.98,0.98,-0.002,-0.2037,29622.35,2909.539
160520.SZ,20171130,0.978,0.976,0.976,0.976,0.976,-0.002,-0.2045,20.0,1.952
160522.SZ,20171130,0.974,0.96,0.979,0.96,0.979,0.005,0.5133,13.0,1.267
160607.SZ,20171130,0.807,0.805,0.813,0.805,0.805,-0.002,-0.2478,218.0,17.578
160610.SZ,20171130,1.123,1.115,1.132,1.11,1.117,-0.006,-0.5343,1281.11,142.706
160611.SZ,20171130,0.844,0.853,0.855,0.851,0.855,0.011,1.3033,273.0,23.26
160613.SZ,20171130,1.501,1.501,1.509,1.501,1.501,0.0,0.0,13.0,1.953
160615.SZ,20171130,1.63,1.631,1.631,1.618,1.618,-0.012,-0.7362,53.0,8.641
160616.SZ,20171130,1.337,1.347,1.347,1.347,1.347,0.01,0.7479,8.0,1.077
160635.SZ,20171130,1.07,1.067,1.067,1.062,1.062,-0.008,-0.7477,3.0,0.319
160643.SZ,20171130,0.96,0.981,0.981,0.96,0.96,0.0,0.0,15.0,1.448
160706.SZ,20171130,1.155,1.155,1.156,1.145,1.147,-0.008,-0.6926,17629.69,2029.762
160716.SZ,20171130,1.574,1.574,1.574,1.554,1.564,-0.01,-0.6353,1092.0,170.991
160717.SZ,20171130,0.851,0.851,0.851,0.84,0.842,-0.009,-1.0576,2871.0,242.206
160719.SZ,20171130,0.705,0.705,0.705,0.702,0.703,-0.002,-0.2837,2071.0,145.777
160722.SZ,20171130,0.998,0.999,1.0,0.996,0.996,-0.002,-0.2004,41315.0,4124.127
160723.SZ,20171130,1.054,1.054,1.054,1.054,1.054,0.0,0.0,193.01,20.343
160805.SZ,20171130,0.835,0.831,0.843,0.83,0.83,-0.005,-0.5988,222.61,18.507
160806.SZ,20171130,1.447,1.442,1.456,1.442,1.456,0.009,0.622,9.21,1.335
160807.SZ,20171130,1.34,1.354,1.354,1.354,1.354,0.014,1.0448,29.0,3.926
160810.SZ,20171130,1.189,1.188,1.192,1.082,1.192,0.003,0.2523,87.0,9.499
160812.SZ,20171130,1.525,1.535,1.551,1.524,1.53,0.005,0.3279,2111.13,322.981
160813.SZ,20171130,0.827,0.827,0.827,0.822,0.822,-0.005,-0.6046,920.23,75.82
160916.SZ,20171130,2.693,2.677,2.694,2.661,2.682,-0.011,-0.4085,1274.79,342.572
160918.SZ,20171130,1.914,1.882,1.909,1.882,1.907,-0.007,-0.3657,1449.0,274.582
160919.SZ,20171130,1.231,1.23,1.233,1.22,1.233,0.002,0.1625,1098.0,134.689
160921.SZ,20171130,0.904,0.904,0.905,0.904,0.904,0.0,0.0,192.08,17.374
160922.SZ,20171130,1.129,1.132,1.132,1.132,1.132,0.003,0.2657,1.0,0.113
161005.SZ,20171130,2.103,2.102,2.109,2.079,2.079,-0.024,-1.1412,5484.0,1147.975
161010.SZ,20171130,1.017,1.017,1.023,1.017,1.022,0.005,0.4916,1834.0,187.177
161015.SZ,20171130,0.925,0.925,0.926,0.925,0.926,0.001,0.1081,147.0,13.602
161017.SZ,20171130,2.247,2.249,2.294,2.233,2.249,0.002,0.089,956.56,214.773
161019.SZ,20171130,0.968,0.965,0.968,0.965,0.965,-0.003,-0.3099,13797.06,1335.441
161033.SZ,20171130,1.104,1.109,1.109,1.08,1.092,-0.012,-1.087,470.0,51.456
161035.SZ,20171130,0.945,0.943,0.943,0.943,0.943,-0.002,-0.2116,5.0,0.471
161036.SZ,20171130,0.858,0.86,0.862,0.856,0.857,-0.001,-0.1166,661.01,56.704
161037.SZ,20171130,1.142,1.148,1.148,1.128,1.128,-0.014,-1.2259,1731.08,196.524
161038.SZ,20171130,1.024,1.027,1.028,1.027,1.028,0.004,0.3906,700.09,71.934
161116.SZ,20171130,0.711,0.709,0.716,0.697,0.71,-0.001,-0.1406,2753.0,195.112
161119.SZ,20171130,1.258,1.233,1.233,1.233,1.233,-0.025,-1.9873,4.0,0.493
161124.SZ,20171130,1.075,1.074,1.085,1.066,1.066,-0.009,-0.8372,644.0,68.945
161125.SZ,20171130,1.083,1.085,1.086,1.082,1.085,0.002,0.1847,1030.0,111.795
161126.SZ,20171130,1.118,1.128,1.128,1.106,1.115,-0.003,-0.2683,293.0,32.461
161127.SZ,20171130,1.195,1.196,1.199,1.193,1.195,0.0,0.0,170.0,20.327
161128.SZ,20171130,1.247,1.238,1.238,1.2,1.204,-0.043,-3.4483,268.0,32.438
161129.SZ,20171130,1.017,1.013,1.013,1.001,1.004,-0.013,-1.2783,9.0,0.903
161130.SZ,20171130,1.056,1.043,1.043,1.041,1.042,-0.014,-1.3258,793.0,82.608
161210.SZ,20171130,1.05,1.043,1.047,1.037,1.04,-0.01,-0.9524,162.0,16.858
161213.SZ,20171130,1.558,1.569,1.577,1.567,1.577,0.019,1.2195,182.0,28.696
161217.SZ,20171130,0.762,0.763,0.766,0.758,0.758,-0.004,-0.5249,2517.0,191.929
161219.SZ,20171130,1.298,1.321,1.346,1.316,1.344,0.046,3.5439,63.0,8.375
161222.SZ,20171130,1.173,1.194,1.194,1.184,1.184,0.011,0.9378,89.0,10.556
161224.SZ,20171130,1.032,1.0,1.029,1.0,1.029,-0.003,-0.2907,540.47,54.422
161225.SZ,20171130,1.204,1.204,1.233,1.204,1.215,0.011,0.9136,1286.0,155.548
161226.SZ,20171130,0.867,0.856,0.858,0.854,0.855,-0.012,-1.3841,97669.68,8364.352
161227.SZ,20171130,1.047,1.04,1.043,1.027,1.028,-0.019,-1.8147,9150.94,949.258
161229.SZ,20171130,1.494,1.48,1.494,1.464,1.489,-0.005,-0.3347,301.0,44.109
1612301.SZ,20171130,0.991,0.992,0.992,0.99,0.99,-0.001,-0.1009,104.0,10.301
161233.SZ,20171130,0.945,0.945,0.963,0.931,0.931,-0.014,-1.4815,798.0,76.785
161607.SZ,20171130,1.272,1.269,1.269,1.264,1.264,-0.008,-0.6289,10.0,1.267
161610.SZ,20171130,0.988,0.985,1.001,0.981,0.981,-0.007,-0.7085,965.2,95.065
161614.SZ,20171130,1.028,1.027,1.027,1.027,1.027,-0.001,-0.0973,1.0,0.102
161626.SZ,20171130,1.002,1.017,1.017,1.017,1.017,0.015,1.497,10.0,1.017
161630.SZ,20171130,0.931,0.933,0.933,0.933,0.933,0.002,0.2148,400.0,37.32
161631.SZ,20171130,1.111,1.096,1.096,1.062,1.066,-0.045,-4.0504,129110.14,13821.405
161706.SZ,20171130,1.656,1.629,1.648,1.622,1.623,-0.033,-1.9928,471.15,76.599
161714.SZ,20171130,1.047,1.049,1.059,1.021,1.026,-0.021,-2.0057,3577.0,371.837
161715.SZ,20171130,1.132,1.134,1.135,1.124,1.124,-0.008,-0.7067,299.94,33.862
161727.SZ,20171130,1.016,1.014,1.014,1.014,1.014,-0.002,-0.1969,2608.49,264.5
161810.SZ,20171130,1.648,1.633,1.641,1.624,1.638,-0.01,-0.6068,841.45,137.27
161815.SZ,20171130,0.464,0.464,0.465,0.461,0.463,-0.001,-0.2155,22682.69,1046.374
161831.SZ,20171130,1.056,1.042,1.051,1.036,1.036,-0.02,-1.8939,2366.0,246.304
161834.SZ,20171130,0.824,0.822,0.824,0.819,0.82,-0.004,-0.4854,68861.56,5653.41
161835.SZ,20171130,0.949,0.938,0.949,0.904,0.949,0.0,0.0,51.0,4.662
161903.SZ,20171130,0.839,0.842,0.842,0.842,0.842,0.003,0.3576,14.47,1.218
161907.SZ,20171130,1.71,1.701,1.702,1.701,1.702,-0.008,-0.4678,3.0,0.51
161911.SZ,20171130,0.959,0.959,0.959,0.957,0.957,-0.002,-0.2086,1196.0,114.694
162006.SZ,20171130,1.195,1.189,1.205,1.185,1.205,0.01,0.8368,151.01,17.988
162105.SZ,20171130,1.087,1.065,1.065,1.065,1.065,-0.022,-2.0239,2.0,0.213
162108.SZ,20171130,1.117,1.089,1.089,1.089,1.089,-0.028,-2.5067,1.0,0.108
162207.SZ,20171130,1.352,1.356,1.363,1.351,1.363,0.011,0.8136,77.81,10.549
162307.SZ,20171130,1.322,1.299,1.321,1.29,1.318,-0.004,-0.3026,68.0,8.88
162411.SZ,20171130,0.568,0.569,0.57,0.567,0.568,0.0,0.0,278905.71,15840.841
162415.SZ,20171130,1.211,1.214,1.217,1.211,1.217,0.006,0.4955,553.0,67.2
162605.SZ,20171130,1.266,1.259,1.265,1.242,1.245,-0.021,-1.6588,18205.0,2287.133
162607.SZ,20171130,0.581,0.576,0.582,0.575,0.576,-0.005,-0.8606,5098.0,293.754
162703.SZ,20171130,1.43,1.435,1.437,1.402,1.407,-0.023,-1.6084,3527.0,502.74
162711.SZ,20171130,1.332,1.32,1.332,1.32,1.32,-0.012,-0.9009,128.0,16.997
162712.SZ,20171130,1.417,1.415,1.415,1.415,1.415,-0.002,-0.1411,371.0,52.496
162717.SZ,20171130,0.966,0.966,0.966,0.965,0.965,-0.001,-0.1035,5949.99,574.521
162719.SZ,20171130,0.952,0.958,0.96,0.958,0.96,0.008,0.8403,537.0,51.531
163001.SZ,20171130,0.897,0.891,0.893,0.861,0.877,-0.02,-2.2297,378.0,33.235
163003.SZ,20171130,0.622,0.625,0.625,0.625,0.625,0.003,0.4823,118.0,7.375
163110.SZ,20171130,2.201,2.215,2.222,2.2,2.211,0.01,0.4543,7739.25,1714.623
163111.SZ,20171130,1.161,1.153,1.156,1.141,1.148,-0.013,-1.1197,1330.52,153.112
163208.SZ,20171130,0.843,0.847,0.85,0.847,0.85,0.007,0.8304,168.0,14.263
163210.SZ,20171130,1.01,1.01,1.011,1.009,1.009,-0.001,-0.099,3223.0,325.339
163302.SZ,20171130,1.43,1.401,1.407,1.401,1.406,-0.024,-1.6783,47.0,6.599
163402.SZ,20171130,0.904,0.904,0.906,0.895,0.895,-0.009,-0.9956,75307.05,6784.524
163407.SZ,20171130,1.858,1.842,1.856,1.829,1.829,-0.029,-1.5608,1542.0,283.518
163409.SZ,20171130,1.579,1.588,1.589,1.588,1.588,0.009,0.57,10.0,1.588
163412.SZ,20171130,3.093,3.06,3.08,3.024,3.024,-0.069,-2.2308,16265.23,4957.467
163415.SZ,20171130,1.373,1.362,1.371,1.362,1.362,-0.011,-0.8012,512.0,69.783
163503.SZ,20171130,0.505,0.51,0.51,0.504,0.505,0.0,0.0,2393.84,121.008
163801.SZ,20171130,1.25,1.239,1.249,1.234,1.238,-0.012,-0.96,1069.52,132.594
163821.SZ,20171130,1.504,1.544,1.544,1.508,1.508,0.004,0.266,67.0,10.225
164210.SZ,20171130,1.0,1.0,1.0,0.996,0.996,-0.004,-0.4,408.21,40.664
164403.SZ,20171130,1.004,0.991,0.999,0.991,0.999,-0.005,-0.498,4.0,0.397
164509.SZ,20171130,1.011,1.016,1.016,1.012,1.012,0.001,0.0989,24.87,2.517
164701.SZ,20171130,0.607,0.606,0.606,0.602,0.606,-0.001,-0.1647,142.0,8.583
164702.SZ,20171130,0.976,0.976,0.976,0.976,0.976,0.0,0.0,98.0,9.564
164705.SZ,20171130,1.246,1.242,1.255,1.228,1.229,-0.017,-1.3644,1673.98,206.327
164814.SZ,20171130,0.993,0.99,0.99,0.99,0.99,-0.003,-0.3021,1.0,0.099
164823.SZ,20171130,0.985,0.981,0.983,0.98,0.983,-0.002,-0.203,320.25,31.394
164906.SZ,20171130,1.48,1.466,1.466,1.444,1.461,-0.019,-1.2838,14882.26,2166.321
165309.SZ,20171130,1.241,1.242,1.254,1.229,1.229,-0.012,-0.967,163.04,20.226
165311.SZ,20171130,1.301,1.299,1.299,1.291,1.291,-0.01,-0.7686,3.0,0.388
165313.SZ,20171130,1.429,1.434,1.441,1.434,1.439,0.01,0.6998,2577.6,370.31
165508.SZ,20171130,1.872,1.872,1.872,1.872,1.872,0.0,0.0,1.0,0.187
165509.SZ,20171130,1.108,1.106,1.123,0.997,1.123,0.015,1.3538,277.0,27.727
165510.SZ,20171130,0.857,0.862,0.865,0.839,0.854,-0.003,-0.3501,1675.0,142.754
165513.SZ,20171130,0.453,0.452,0.456,0.451,0.453,0.0,0.0,511.0,23.169
165516.SZ,20171130,2.071,2.061,2.069,2.061,2.065,-0.006,-0.2897,2.0,0.413
165525.SZ,20171130,1.141,1.138,1.144,1.136,1.137,-0.004,-0.3506,144.0,16.406
165528.SZ,20171130,1.008,1.005,1.007,1.005,1.005,-0.003,-0.2976,65305.43,6568.565
165705.SZ,20171130,0.956,0.955,0.955,0.955,0.955,-0.001,-0.1046,9.97,0.952
165807.SZ,20171130,1.052,1.048,1.048,1.048,1.048,-0.004,-0.3802,38.0,3.982
166001.SZ,20171130,1.258,1.253,1.264,1.25,1.25,-0.008,-0.6359,1498.0,188.214
166006.SZ,20171130,1.183,1.173,1.183,1.16,1.168,-0.015,-1.268,4603.17,539.627
166007.SZ,20171130,1.413,1.45,1.45,1.414,1.415,0.002,0.1415,60.0,8.584
166009.SZ,20171130,1.82,1.826,1.826,1.824,1.824,0.004,0.2198,2.0,0.365
166011.SZ,20171130,1.398,1.384,1.39,1.377,1.377,-0.021,-1.5021,474.0,65.565
166016.SZ,20171130,1.145,1.13,1.13,1.13,1.13,-0.015,-1.31,100.0,11.3
166023.SZ,20171130,1.053,1.038,1.052,1.035,1.052,-0.001,-0.095,859.08,89.03
166402.SZ,20171130,1.075,1.077,1.077,1.075,1.076,0.001,0.093,247.02,26.562
166902.SZ,20171130,1.001,1.003,1.003,1.001,1.001,0.0,0.0,210.0,21.021
167001.SZ,20171130,0.809,0.808,0.815,0.806,0.808,-0.001,-0.1236,49010.5,3975.139
167002.SZ,20171130,0.891,0.891,0.893,0.891,0.893,0.002,0.2245,7.0,0.624
168002.SZ,20171130,0.974,0.94,0.968,0.94,0.96,-0.014,-1.4374,81.0,7.722
168101.SZ,20171130,1.035,1.039,1.04,1.028,1.038,0.003,0.2899,668.0,69.238
168102.SZ,20171130,0.843,0.839,0.842,0.835,0.84,-0.003,-0.3559,29499.07,2466.358
168103.SZ,20171130,0.792,0.789,0.793,0.789,0.791,-0.001,-0.1263,27705.28,2191.765
168105.SZ,20171130,0.81,0.81,0.81,0.804,0.805,-0.005,-0.6173,9338.0,752.204
168108.SZ,20171130,0.9,0.901,0.901,0.901,0.901,0.001,0.1111,100.0,9.01
168301.SZ,20171130,0.886,0.887,0.888,0.886,0.886,0.0,0.0,22021.09,1951.416
168401.SZ,20171130,0.928,0.928,0.928,0.928,0.928,0.0,0.0,970.14,90.028
169101.SZ,20171130,1.551,1.546,1.55,1.524,1.538,-0.013,-0.8382,13386.27,2059.895
169102.SZ,20171130,1.831,1.841,1.841,1.817,1.817,-0.014,-0.7646,1250.29,227.784
169103.SZ,20171130,1.808,1.71,1.775,1.71,1.774,-0.034,-1.8805,2736.0,477.806
169104.SZ,20171130,1.715,1.78,1.78,1.692,1.703,-0.012,-0.6997,1126.0,192.078
169105.SZ,20171130,1.731,1.725,1.734,1.682,1.688,-0.043,-2.4841,100058.9,17047.919
184801.SZ,20171130,97.43,97.283,97.875,96.853,97.875,0.445,0.4567,41.0,398.66
