ts_code,trade_date,pre_close,open,high,low,close,change,pct_chg,vol,amount
150008.SZ,20170109,1.098,1.098,1.106,1.064,1.105,0.007,0.6375,177.0,19.247
150009.SZ,20170109,0.995,0.968,1.007,0.968,0.989,-0.006,-0.603,78.06,7.664
150012.SZ,20170109,1.025,1.023,1.03,1.023,1.029,0.004,0.3902,3006.48,308.636
150013.SZ,20170109,1.082,1.072,1.081,1.072,1.076,-0.006,-0.5545,1345.38,144.695
150016.SZ,20170109,1.044,1.04,1.041,1.039,1.041,-0.003,-0.2874,7364.76,765.83
150017.SZ,20170109,1.122,1.118,1.126,1.116,1.125,0.003,0.2674,1306.2,146.697
150018.SZ,20170109,0.994,0.994,1.002,0.992,1.0,0.006,0.6036,566005.5,56468.822
150019.SZ,20170109,0.799,0.798,0.805,0.797,0.8,0.001,0.1252,754456.84,60420.403
150020.SZ,20170109,1.037,1.04,1.04,1.037,1.037,0.0,0.0,204.0,21.156
150021.SZ,20170109,1.084,1.091,1.094,1.087,1.094,0.01,0.9225,3420.27,373.311
150022.SZ,20170109,0.811,0.753,0.767,0.752,0.765,-0.046,-5.672,2049154.17,155843.746
150023.SZ,20170109,0.408,0.408,0.409,0.406,0.407,-0.001,-0.2451,847892.23,34524.058
150028.SZ,20170109,1.046,1.046,1.052,1.045,1.052,0.006,0.5736,3471.48,363.784
150029.SZ,20170109,1.389,1.396,1.406,1.391,1.403,0.014,1.0079,4825.56,673.797
150030.SZ,20170109,1.038,1.038,1.062,1.038,1.06,0.022,2.1195,15.0,1.59
150031.SZ,20170109,1.045,1.035,1.048,1.034,1.037,-0.008,-0.7656,427.27,44.236
150032.SZ,20170109,1.031,1.032,1.035,1.032,1.035,0.004,0.388,7678.0,792.814
150033.SZ,20170109,0.985,0.984,0.984,0.978,0.979,-0.006,-0.6091,503.0,49.309
150036.SZ,20170109,1.065,1.004,1.064,1.004,1.064,-0.001,-0.0939,56.6,6.01
150037.SZ,20170109,1.49,1.482,1.482,1.482,1.482,-0.008,-0.5369,0.04,0.005
150040.SZ,20170109,1.807,1.79,1.83,1.788,1.83,0.023,1.2728,101.0,18.316
150047.SZ,20170109,1.211,1.332,1.332,1.332,1.332,0.121,9.9917,1.0,0.133
150048.SZ,20170109,0.997,0.991,1.003,0.991,1.003,0.006,0.6018,1043.0,104.349
150049.SZ,20170109,1.032,1.031,1.034,1.031,1.034,0.002,0.1938,4232.86,437.244
150050.SZ,20170109,1.679,1.685,1.697,1.684,1.695,0.016,0.9529,549.8,92.895
150051.SZ,20170109,0.993,0.993,1.003,0.993,1.001,0.008,0.8056,15610.71,1557.125
150052.SZ,20170109,1.305,1.305,1.319,1.302,1.313,0.008,0.613,69265.88,9067.416
150053.SZ,20170109,1.005,1.007,1.011,1.007,1.011,0.006,0.597,252.2,25.428
150054.SZ,20170109,0.927,0.944,0.944,0.944,0.944,0.017,1.8339,5.0,0.472
150055.SZ,20170109,1.011,1.01,1.063,1.01,1.016,0.005,0.4946,210.52,21.351
150056.SZ,20170109,1.517,1.522,1.531,1.515,1.531,0.014,0.9229,2165.24,329.885
150057.SZ,20170109,1.156,1.132,1.167,1.132,1.167,0.011,0.9516,401.0,46.793
150058.SZ,20170109,1.036,1.03,1.042,1.03,1.042,0.006,0.5792,246.06,25.606
150059.SZ,20170109,1.165,1.165,1.165,1.136,1.136,-0.029,-2.4893,19.0,2.207
150060.SZ,20170109,1.035,1.035,1.038,1.027,1.032,-0.003,-0.2899,2817.16,290.686
150065.SZ,20170109,1.046,1.044,1.044,1.044,1.044,-0.002,-0.1912,2.0,0.208
150066.SZ,20170109,0.902,0.906,0.915,0.906,0.913,0.011,1.2195,1095.0,99.769
150067.SZ,20170109,1.363,1.366,1.376,1.366,1.375,0.012,0.8804,12.0,1.645
150073.SZ,20170109,1.001,1.031,1.031,1.028,1.028,0.027,2.6973,43.0,4.432
150075.SZ,20170109,1.172,1.149,1.192,1.149,1.183,0.011,0.9386,183.17,21.338
150076.SZ,20170109,0.99,0.991,0.997,0.991,0.996,0.006,0.6061,3770.8,374.766
150077.SZ,20170109,1.225,1.224,1.24,1.224,1.24,0.015,1.2245,6.94,0.851
150083.SZ,20170109,1.002,1.003,1.003,1.003,1.003,0.001,0.0998,1.0,0.1
150084.SZ,20170109,0.989,0.961,0.998,0.96,0.995,0.006,0.6067,243.0,23.792
150085.SZ,20170109,1.039,1.037,1.039,1.036,1.038,-0.001,-0.0962,18025.51,1871.067
150086.SZ,20170109,0.926,0.924,0.937,0.923,0.932,0.006,0.6479,30698.61,2855.093
150090.SZ,20170109,1.009,1.027,1.027,1.005,1.022,0.013,1.2884,235.0,23.847
150091.SZ,20170109,0.959,0.959,0.959,0.947,0.956,-0.003,-0.3128,1497.38,142.292
150092.SZ,20170109,1.034,1.034,1.076,1.03,1.076,0.042,4.0619,365.0,37.743
150093.SZ,20170109,0.979,0.964,0.968,0.938,0.968,-0.011,-1.1236,1373.4,130.084
150095.SZ,20170109,0.496,0.485,0.498,0.485,0.498,0.002,0.4032,170.0,8.397
150096.SZ,20170109,1.019,1.02,1.02,1.02,1.02,0.001,0.0981,160.0,16.32
150097.SZ,20170109,1.037,1.039,1.05,1.033,1.048,0.011,1.0608,15810.33,1650.504
150100.SZ,20170109,0.992,0.992,1.002,0.989,0.999,0.007,0.7056,49952.67,4982.671
150101.SZ,20170109,1.339,1.337,1.358,1.321,1.346,0.007,0.5228,12865.68,1731.151
150104.SZ,20170109,1.014,1.017,1.017,1.011,1.015,0.001,0.0986,938.0,95.029
150105.SZ,20170109,1.314,1.312,1.312,1.312,1.312,-0.002,-0.1522,2.0,0.262
150106.SZ,20170109,1.083,1.082,1.086,1.081,1.085,0.002,0.1847,12070.0,1306.855
150107.SZ,20170109,0.876,0.874,0.884,0.87,0.883,0.007,0.7991,8615.67,758.56
150109.SZ,20170109,0.911,0.9,0.9,0.9,0.9,-0.011,-1.2075,22.0,1.98
150112.SZ,20170109,1.029,1.03,1.034,1.03,1.034,0.005,0.4859,1034.0,106.6
150113.SZ,20170109,1.352,1.354,1.383,1.354,1.383,0.031,2.2929,51.59,6.988
150117.SZ,20170109,1.028,1.026,1.031,1.026,1.031,0.003,0.2918,101868.15,10475.284
150118.SZ,20170109,0.454,0.453,0.457,0.45,0.453,-0.001,-0.2203,254714.05,11548.066
150121.SZ,20170109,1.004,1.004,1.005,1.004,1.005,0.001,0.0996,360.11,36.19
150122.SZ,20170109,1.243,1.241,1.244,1.24,1.243,0.0,0.0,159.93,19.863
150123.SZ,20170109,1.101,1.201,1.201,1.148,1.157,0.056,5.0863,3409.79,395.684
150124.SZ,20170109,1.416,1.405,1.422,1.405,1.415,-0.001,-0.0706,11065.88,1566.303
150130.SZ,20170109,1.033,1.033,1.039,1.029,1.036,0.003,0.2904,496284.55,51341.653
150131.SZ,20170109,0.484,0.483,0.487,0.483,0.485,0.001,0.2066,574025.29,27848.255
150133.SZ,20170109,1.057,1.059,1.059,1.059,1.059,0.002,0.1892,483.0,51.149
150134.SZ,20170109,1.184,1.166,1.169,1.166,1.169,-0.015,-1.2669,320.96,37.43
150135.SZ,20170109,1.049,1.007,1.03,1.007,1.029,-0.02,-1.9066,153.0,15.505
150136.SZ,20170109,0.566,0.569,0.574,0.568,0.572,0.006,1.0601,320.0,18.262
150138.SZ,20170109,1.002,1.005,1.005,1.005,1.005,0.003,0.2994,11.0,1.105
150139.SZ,20170109,1.073,1.023,1.068,1.023,1.036,-0.037,-3.4483,57.95,6.106
150141.SZ,20170109,0.673,0.685,0.685,0.674,0.68,0.007,1.0401,776.0,53.061
150144.SZ,20170109,0.709,0.702,0.716,0.702,0.711,0.002,0.2821,3236.14,229.768
150145.SZ,20170109,1.046,1.035,1.039,1.022,1.022,-0.024,-2.2945,26.5,2.749
150146.SZ,20170109,0.499,0.499,0.499,0.494,0.499,0.0,0.0,810.5,40.281
150148.SZ,20170109,0.998,0.998,1.003,0.998,1.002,0.004,0.4008,2198.0,220.104
150149.SZ,20170109,0.561,0.563,0.564,0.556,0.556,-0.005,-0.8913,11222.7,626.903
150150.SZ,20170109,0.996,0.992,1.002,0.992,1.002,0.006,0.6024,11151.69,1115.23
150151.SZ,20170109,1.013,1.013,1.02,1.005,1.016,0.003,0.2962,6597.04,669.186
150152.SZ,20170109,1.01,1.01,1.015,1.009,1.012,0.002,0.198,430327.26,43568.938
150153.SZ,20170109,0.75,0.75,0.754,0.74,0.747,-0.003,-0.4,2844973.95,212436.543
150154.SZ,20170109,0.983,0.983,0.984,0.983,0.984,0.001,0.1017,4949.0,486.521
150157.SZ,20170109,0.997,1.0,1.003,0.994,1.003,0.006,0.6018,54064.33,5417.572
150158.SZ,20170109,0.828,0.836,0.836,0.826,0.83,0.002,0.2415,50547.0,4204.897
150161.SZ,20170109,1.782,1.782,1.786,1.782,1.784,0.002,0.1122,611.0,109.012
150164.SZ,20170109,1.004,1.004,1.004,1.003,1.003,-0.001,-0.0996,76.0,7.624
150165.SZ,20170109,0.678,0.681,0.685,0.666,0.673,-0.005,-0.7375,1483.72,99.873
150168.SZ,20170109,0.652,0.654,0.667,0.647,0.651,-0.001,-0.1534,558.0,36.516
150169.SZ,20170109,0.994,0.994,0.998,0.991,0.997,0.003,0.3018,52465.21,5223.71
150170.SZ,20170109,0.995,0.993,1.008,0.992,0.994,-0.001,-0.1005,53359.79,5321.725
150171.SZ,20170109,1.027,1.027,1.037,1.026,1.036,0.009,0.8763,409584.97,42346.0
150172.SZ,20170109,1.173,1.173,1.196,1.171,1.177,0.004,0.341,803980.49,95003.541
150173.SZ,20170109,0.992,0.991,1.0,0.99,0.999,0.007,0.7056,52822.64,5266.747
150174.SZ,20170109,0.64,0.64,0.64,0.634,0.636,-0.004,-0.625,23637.66,1504.586
150175.SZ,20170109,0.949,0.947,0.958,0.946,0.955,0.006,0.6322,301174.28,28641.713
150176.SZ,20170109,0.84,0.84,0.849,0.834,0.836,-0.004,-0.4762,396906.0,33375.093
150177.SZ,20170109,0.992,0.992,0.999,0.99,0.999,0.007,0.7056,21849.55,2175.952
150178.SZ,20170109,1.327,1.32,1.335,1.316,1.325,-0.002,-0.1507,11026.14,1462.419
150179.SZ,20170109,1.001,0.999,1.003,0.999,1.003,0.002,0.1998,299.48,29.946
150180.SZ,20170109,1.21,1.211,1.226,1.204,1.22,0.01,0.8264,3165.85,384.903
150181.SZ,20170109,0.999,0.999,1.005,0.997,1.005,0.006,0.6006,379285.98,38049.508
150182.SZ,20170109,1.148,1.145,1.244,1.143,1.222,0.074,6.446,2846197.72,341537.563
150184.SZ,20170109,1.017,1.015,1.024,1.015,1.022,0.005,0.4916,186718.77,19043.317
150185.SZ,20170109,0.916,0.916,0.925,0.903,0.924,0.008,0.8734,143966.71,13156.14
150186.SZ,20170109,1.012,1.01,1.017,1.009,1.017,0.005,0.4941,60466.61,6126.792
150187.SZ,20170109,0.883,0.883,0.951,0.87,0.934,0.051,5.7758,295596.83,27200.918
150188.SZ,20170109,1.002,1.002,1.005,0.999,1.004,0.002,0.1996,7387.16,740.502
150189.SZ,20170109,1.047,1.048,1.055,1.044,1.046,-0.001,-0.0955,894.56,93.838
150190.SZ,20170109,1.074,1.05,1.083,1.01,1.073,-0.001,-0.0931,2005.0,205.943
150191.SZ,20170109,1.184,1.171,1.186,1.171,1.185,0.001,0.0845,2184.43,257.522
150192.SZ,20170109,1.015,1.01,1.03,1.005,1.019,0.004,0.3941,886.05,90.637
150193.SZ,20170109,0.965,0.97,0.97,0.956,0.964,-0.001,-0.1036,4280.87,412.022
150194.SZ,20170109,0.993,0.994,1.002,0.993,1.001,0.008,0.8056,645558.15,64515.938
150195.SZ,20170109,0.362,0.359,0.365,0.357,0.363,0.001,0.2762,1829973.96,66107.449
150196.SZ,20170109,1.035,1.035,1.039,1.032,1.038,0.003,0.2899,69697.53,7224.158
150197.SZ,20170109,1.09,1.094,1.097,1.081,1.095,0.005,0.4587,302438.85,32962.327
150198.SZ,20170109,1.027,1.023,1.031,1.023,1.03,0.003,0.2921,26965.38,2773.597
150199.SZ,20170109,0.703,0.7,0.706,0.694,0.702,-0.001,-0.1422,78203.46,5477.279
150200.SZ,20170109,0.994,0.993,1.004,0.992,1.002,0.008,0.8048,2227227.1,222713.17
150201.SZ,20170109,0.515,0.515,0.52,0.511,0.515,0.0,0.0,5970515.62,307622.079
150203.SZ,20170109,0.996,0.996,1.001,0.995,1.0,0.004,0.4016,60340.8,6024.3
150204.SZ,20170109,1.055,1.048,1.062,1.043,1.061,0.006,0.5687,87237.2,9181.045
150205.SZ,20170109,0.999,0.999,1.008,0.997,1.007,0.008,0.8008,1409171.37,141534.759
150206.SZ,20170109,0.47,0.469,0.516,0.468,0.513,0.043,9.1489,9630561.16,479649.276
150207.SZ,20170109,0.992,0.991,0.999,0.991,0.999,0.007,0.7056,26081.01,2597.786
150208.SZ,20170109,0.453,0.453,0.457,0.449,0.453,0.0,0.0,10466.0,474.264
150209.SZ,20170109,0.996,0.996,1.005,0.995,1.004,0.008,0.8032,513532.35,51391.68
150210.SZ,20170109,0.749,0.747,0.775,0.742,0.764,0.015,2.0027,1597922.79,121776.31
150211.SZ,20170109,1.008,1.006,1.012,1.006,1.012,0.004,0.3968,146045.42,14751.663
150212.SZ,20170109,0.684,0.682,0.7,0.68,0.691,0.007,1.0234,357256.59,24783.905
150213.SZ,20170109,1.005,1.004,1.01,1.002,1.008,0.003,0.2985,74978.62,7536.365
150214.SZ,20170109,0.397,0.398,0.402,0.395,0.399,0.002,0.5038,165127.96,6584.035
150215.SZ,20170109,1.044,1.033,1.033,1.033,1.033,-0.011,-1.0536,40.0,4.132
150216.SZ,20170109,1.004,0.991,1.004,0.991,0.995,-0.009,-0.8964,455.41,45.345
150217.SZ,20170109,0.991,0.991,1.001,0.988,0.997,0.006,0.6054,98969.45,9851.19
150218.SZ,20170109,0.623,0.621,0.64,0.621,0.631,0.008,1.2841,73622.93,4664.069
150219.SZ,20170109,1.101,1.211,1.211,1.172,1.197,0.096,8.7193,835.42,100.704
150220.SZ,20170109,0.807,0.807,0.813,0.806,0.81,0.003,0.3717,29455.08,2385.789
150221.SZ,20170109,1.171,1.171,1.189,1.168,1.185,0.014,1.1956,355373.64,41831.994
150222.SZ,20170109,0.639,0.641,0.697,0.638,0.682,0.043,6.7293,3878138.07,259705.218
150223.SZ,20170109,1.124,1.12,1.128,1.12,1.127,0.003,0.2669,68561.56,7724.052
150224.SZ,20170109,0.925,0.923,0.936,0.922,0.926,0.001,0.1081,454267.6,42181.067
150226.SZ,20170109,1.142,1.142,1.154,1.137,1.145,0.003,0.2627,236.23,27.17
150227.SZ,20170109,1.0,0.998,1.007,0.998,1.006,0.006,0.6,638520.73,64039.556
150228.SZ,20170109,0.704,0.706,0.707,0.697,0.699,-0.005,-0.7102,1334140.98,93625.006
150229.SZ,20170109,0.993,0.994,1.001,0.994,1.0,0.007,0.7049,4140.81,413.025
150230.SZ,20170109,0.848,0.848,0.856,0.831,0.845,-0.003,-0.3538,21359.0,1809.615
150231.SZ,20170109,1.081,1.08,1.08,1.075,1.079,-0.002,-0.185,1798.69,194.027
150232.SZ,20170109,0.912,0.907,0.919,0.906,0.912,0.0,0.0,4943.41,451.71
150233.SZ,20170109,1.014,1.015,1.022,1.015,1.021,0.007,0.6903,8067.78,822.386
150234.SZ,20170109,0.582,0.58,0.586,0.58,0.585,0.003,0.5155,2962.32,172.815
150235.SZ,20170109,0.997,0.998,1.004,0.998,1.003,0.006,0.6018,26948.41,2699.531
150236.SZ,20170109,0.914,0.912,0.924,0.901,0.913,-0.001,-0.1094,42228.32,3870.611
150237.SZ,20170109,0.996,0.995,1.003,0.995,1.002,0.006,0.6024,106.0,10.592
150238.SZ,20170109,1.195,1.161,1.199,1.161,1.195,0.0,0.0,808.0,96.513
150241.SZ,20170109,0.991,0.992,1.001,0.992,1.001,0.01,1.0091,26086.1,2605.088
150242.SZ,20170109,0.844,0.829,0.849,0.829,0.834,-0.01,-1.1848,2868.0,240.997
150243.SZ,20170109,0.998,0.998,1.003,0.996,1.002,0.004,0.4008,110669.38,11072.275
150244.SZ,20170109,0.808,0.803,0.812,0.799,0.805,-0.003,-0.3713,357743.12,28801.248
150245.SZ,20170109,1.035,1.079,1.08,1.03,1.03,-0.005,-0.4831,1073.52,114.989
150246.SZ,20170109,0.99,0.997,1.004,0.9,1.002,0.012,1.2121,1402.0,137.357
150247.SZ,20170109,1.016,1.014,1.023,1.014,1.023,0.007,0.689,144625.0,14725.969
150248.SZ,20170109,0.4,0.399,0.404,0.397,0.402,0.002,0.5,120117.09,4813.794
150249.SZ,20170109,0.991,0.992,0.998,0.991,0.998,0.007,0.7064,5838.85,582.145
150250.SZ,20170109,0.76,0.76,0.762,0.754,0.756,-0.004,-0.5263,4930.0,372.703
150251.SZ,20170109,0.995,0.995,1.006,0.995,1.005,0.01,1.005,13115.01,1311.678
150252.SZ,20170109,1.235,1.245,1.248,1.218,1.238,0.003,0.2429,35100.5,4336.936
150255.SZ,20170109,1.015,1.014,1.022,1.014,1.022,0.007,0.6897,57836.79,5888.504
150256.SZ,20170109,0.696,0.662,0.692,0.662,0.68,-0.016,-2.2989,6386.79,431.217
150257.SZ,20170109,1.015,1.015,1.021,1.015,1.021,0.006,0.5911,1062.38,107.888
150258.SZ,20170109,1.09,1.09,1.09,1.075,1.076,-0.014,-1.2844,508.71,55.039
150259.SZ,20170109,1.015,1.016,1.022,1.014,1.021,0.006,0.5911,12388.26,1261.847
150260.SZ,20170109,0.869,0.845,0.872,0.845,0.859,-0.01,-1.1507,1043.44,89.712
150261.SZ,20170109,1.027,1.032,1.033,1.031,1.032,0.005,0.4869,2266.26,233.976
150262.SZ,20170109,1.028,1.028,1.036,1.028,1.034,0.006,0.5837,9803.82,1011.626
150263.SZ,20170109,1.144,1.083,1.141,1.031,1.073,-0.071,-6.2063,578.0,61.753
150264.SZ,20170109,0.555,0.55,0.559,0.542,0.558,0.003,0.5405,5775.0,319.4
150265.SZ,20170109,1.044,1.032,1.08,1.032,1.051,0.007,0.6705,4348.41,456.636
150266.SZ,20170109,1.335,1.338,1.35,1.294,1.343,0.008,0.5993,17439.22,2330.463
150267.SZ,20170109,1.039,1.039,1.039,1.039,1.039,0.0,0.0,1.0,0.103
150268.SZ,20170109,0.701,0.691,0.7,0.685,0.698,-0.003,-0.428,768.0,53.256
150269.SZ,20170109,1.001,1.001,1.007,1.001,1.007,0.006,0.5994,43393.09,4365.443
150270.SZ,20170109,1.007,0.993,1.017,0.993,1.001,-0.006,-0.5958,186404.93,18687.041
150271.SZ,20170109,0.992,0.991,0.999,0.991,0.999,0.007,0.7056,891.0,88.525
150272.SZ,20170109,1.052,1.031,1.052,1.031,1.052,0.0,0.0,22.09,2.303
150273.SZ,20170109,1.007,1.003,1.022,1.003,1.022,0.015,1.4896,7129.27,720.413
150274.SZ,20170109,0.629,0.629,0.644,0.627,0.635,0.006,0.9539,15713.37,997.666
150275.SZ,20170109,0.994,0.995,1.001,0.992,1.001,0.007,0.7042,127873.58,12760.578
150276.SZ,20170109,0.582,0.579,0.593,0.579,0.591,0.009,1.5464,443294.52,26039.319
150277.SZ,20170109,1.006,1.005,1.012,1.005,1.012,0.006,0.5964,66577.86,6718.917
150278.SZ,20170109,0.651,0.65,0.658,0.635,0.654,0.003,0.4608,207308.44,13495.164
150279.SZ,20170109,1.08,1.04,1.08,1.04,1.08,0.0,0.0,694.35,74.973
150280.SZ,20170109,0.718,0.72,0.738,0.718,0.735,0.017,2.3677,688.85,49.917
150281.SZ,20170109,1.016,1.009,1.024,1.009,1.024,0.008,0.7874,1070.46,108.613
150282.SZ,20170109,0.444,0.444,0.446,0.441,0.443,-0.001,-0.2252,4093.95,181.452
150283.SZ,20170109,1.013,1.012,1.02,1.012,1.02,0.007,0.691,61791.99,6266.129
150284.SZ,20170109,0.712,0.703,0.712,0.7,0.708,-0.004,-0.5618,1305.02,91.979
150287.SZ,20170109,1.026,1.026,1.031,1.026,1.031,0.005,0.4873,123217.02,12687.553
150288.SZ,20170109,0.63,0.63,0.641,0.621,0.641,0.011,1.746,134789.47,8496.07
150289.SZ,20170109,1.022,1.022,1.03,1.019,1.03,0.008,0.7828,346196.61,35515.466
150290.SZ,20170109,0.482,0.481,0.484,0.474,0.482,0.0,0.0,734312.66,35147.381
150291.SZ,20170109,1.023,1.023,1.029,1.022,1.028,0.005,0.4888,51230.32,5256.951
150292.SZ,20170109,0.593,0.593,0.594,0.585,0.59,-0.003,-0.5059,30045.98,1775.832
150293.SZ,20170109,1.026,1.031,1.038,1.029,1.035,0.009,0.8772,730.2,75.511
150294.SZ,20170109,1.149,1.137,1.159,1.125,1.153,0.004,0.3481,494.37,56.391
150295.SZ,20170109,1.012,1.012,1.02,1.011,1.016,0.004,0.3953,26307.29,2665.917
150296.SZ,20170109,0.785,0.785,0.806,0.78,0.804,0.019,2.4204,77613.18,6175.566
150297.SZ,20170109,1.02,1.02,1.025,1.02,1.025,0.005,0.4902,12573.21,1286.066
150298.SZ,20170109,0.451,0.448,0.452,0.44,0.446,-0.005,-1.1086,8298.11,368.446
150299.SZ,20170109,1.023,1.022,1.028,1.022,1.028,0.005,0.4888,87545.62,8982.413
150300.SZ,20170109,0.531,0.531,0.536,0.529,0.53,-0.001,-0.1883,178647.27,9500.859
150301.SZ,20170109,1.026,1.023,1.034,1.023,1.034,0.008,0.7797,1713.0,176.339
150302.SZ,20170109,1.118,1.118,1.131,1.115,1.115,-0.003,-0.2683,5639.95,630.931
150303.SZ,20170109,1.019,1.019,1.025,1.019,1.025,0.006,0.5888,192210.03,19655.167
150304.SZ,20170109,0.441,0.439,0.444,0.435,0.442,0.001,0.2268,577510.82,25385.256
150305.SZ,20170109,0.994,0.993,1.001,0.993,1.0,0.006,0.6036,255.25,25.43
150306.SZ,20170109,0.545,0.548,0.559,0.541,0.543,-0.002,-0.367,7088.43,388.063
150307.SZ,20170109,0.994,0.994,1.002,0.993,1.002,0.008,0.8048,12567.08,1250.206
150308.SZ,20170109,0.521,0.523,0.525,0.517,0.522,0.001,0.1919,15969.0,834.907
150309.SZ,20170109,0.995,0.998,1.003,0.997,1.003,0.008,0.804,289.0,28.853
150310.SZ,20170109,0.771,0.767,0.773,0.765,0.771,0.0,0.0,1152.0,88.62
150311.SZ,20170109,1.01,1.013,1.02,0.998,1.014,0.004,0.396,19.02,1.932
150312.SZ,20170109,0.838,0.836,0.839,0.821,0.834,-0.004,-0.4773,481.26,40.129
150315.SZ,20170109,0.992,0.993,1.0,0.993,1.0,0.008,0.8065,43723.04,4366.556
150316.SZ,20170109,0.886,0.885,0.9,0.885,0.895,0.009,1.0158,5801.46,517.521
150317.SZ,20170109,1.067,1.064,1.098,1.064,1.087,0.02,1.8744,145.27,15.667
150318.SZ,20170109,1.021,1.008,1.037,0.994,1.013,-0.008,-0.7835,551.35,56.091
150321.SZ,20170109,1.166,1.167,1.176,1.167,1.174,0.008,0.6861,18035.0,2116.78
150322.SZ,20170109,1.08,1.076,1.087,1.07,1.076,-0.004,-0.3704,13281.17,1428.864
150323.SZ,20170109,1.018,1.015,1.039,1.015,1.039,0.021,2.0629,3020.07,307.236
150324.SZ,20170109,0.508,0.5,0.505,0.494,0.505,-0.003,-0.5906,33192.9,1662.483
150325.SZ,20170109,1.037,1.038,1.079,1.038,1.079,0.042,4.0501,851.0,89.423
150326.SZ,20170109,1.111,1.126,1.127,1.1,1.119,0.008,0.7201,571.46,64.08
150327.SZ,20170109,1.12,1.12,1.127,1.058,1.123,0.003,0.2679,223.0,24.539
150328.SZ,20170109,1.194,1.19,1.195,1.169,1.195,0.001,0.0838,261.0,31.048
150329.SZ,20170109,0.992,0.991,1.0,0.991,0.999,0.007,0.7056,61011.0,6079.262
150330.SZ,20170109,0.958,0.971,0.971,0.952,0.967,0.009,0.9395,24717.76,2377.952
150331.SZ,20170109,1.078,1.081,1.099,1.08,1.098,0.02,1.8553,76460.86,8275.213
150332.SZ,20170109,0.468,0.464,0.472,0.464,0.469,0.001,0.2137,90882.59,4259.868
150335.SZ,20170109,1.024,1.02,1.032,1.02,1.03,0.006,0.5859,67850.41,6971.566
150336.SZ,20170109,0.585,0.585,0.639,0.58,0.628,0.043,7.3504,191567.41,11729.935
150344.SZ,20170109,1.11,1.11,1.118,1.11,1.112,0.002,0.1802,2051.89,228.649
159001.SZ,20170109,100.001,99.998,100.001,99.998,100.001,0.0,0.0,4246.87,42468.645
159003.SZ,20170109,100.0,99.999,100.001,99.998,100.0,0.0,0.0,54994.15,549940.29
159005.SZ,20170109,100.001,99.999,100.0,99.999,100.0,-0.001,-0.001,718.0,7179.992
159901.SZ,20170109,3.991,3.988,4.024,3.949,4.006,0.015,0.3758,36634.77,14654.502
159902.SZ,20170109,3.136,3.134,3.155,3.129,3.144,0.008,0.2551,34195.54,10741.038
159903.SZ,20170109,1.092,1.09,1.097,1.09,1.094,0.002,0.1832,5674.0,620.82
159905.SZ,20170109,1.19,1.18,1.187,1.18,1.182,-0.008,-0.6723,1352.06,159.586
159906.SZ,20170109,0.908,0.909,0.909,0.909,0.909,0.001,0.1101,5.0,0.454
159907.SZ,20170109,1.422,1.424,1.428,1.421,1.428,0.006,0.4219,2484.0,353.184
159908.SZ,20170109,1.241,1.214,1.214,1.2,1.2,-0.041,-3.3038,22.0,2.641
159909.SZ,20170109,4.775,4.703,4.77,4.537,4.76,-0.015,-0.3141,83.16,38.687
159910.SZ,20170109,1.36,1.36,1.36,1.36,1.36,0.0,0.0,250.0,34.0
159912.SZ,20170109,1.269,1.258,1.266,1.258,1.266,-0.003,-0.2364,555.15,70.147
159913.SZ,20170109,1.425,1.429,1.44,1.426,1.426,0.001,0.0702,58.0,8.285
159915.SZ,20170109,1.886,1.883,1.889,1.869,1.878,-0.008,-0.4242,455545.67,85535.738
159918.SZ,20170109,2.021,2.016,2.016,2.016,2.016,-0.005,-0.2474,1.0,0.201
159919.SZ,20170109,3.602,3.599,3.622,3.598,3.617,0.015,0.4164,94359.3,34039.81
159920.SZ,20170109,1.233,1.233,1.244,1.233,1.239,0.006,0.4866,82318.0,10205.432
159921.SZ,20170109,1.53,1.53,1.537,1.53,1.537,0.007,0.4575,44.0,6.732
159922.SZ,20170109,6.396,6.382,6.428,6.382,6.425,0.029,0.4534,445.53,286.051
159924.SZ,20170109,1.364,1.363,1.368,1.352,1.368,0.004,0.2933,944.0,127.747
159925.SZ,20170109,1.361,1.355,1.367,1.355,1.367,0.006,0.4409,363.07,49.473
159926.SZ,20170109,109.788,108.6,109.41,108.6,109.41,-0.378,-0.3443,2.0,21.801
159927.SZ,20170109,3.338,3.34,3.34,3.34,3.34,0.002,0.0599,1.0,0.334
159928.SZ,20170109,1.494,1.524,1.524,1.494,1.494,0.0,0.0,2188.0,331.865
159929.SZ,20170109,1.406,1.406,1.407,1.402,1.406,0.0,0.0,1288.0,180.765
159930.SZ,20170109,0.832,0.832,0.858,0.83,0.841,0.009,1.0817,2380.0,200.645
159931.SZ,20170109,1.448,1.442,1.452,1.426,1.451,0.003,0.2072,198.0,28.579
159932.SZ,20170109,1.837,1.799,1.825,1.799,1.82,-0.017,-0.9254,27.0,4.862
159934.SZ,20170109,2.634,2.634,2.647,2.634,2.644,0.01,0.3797,197913.98,52325.118
159935.SZ,20170109,1.628,1.614,1.638,1.614,1.63,0.002,0.1229,130.0,21.055
159937.SZ,20170109,2.64,2.646,2.657,2.646,2.655,0.015,0.5682,195213.0,51816.699
159938.SZ,20170109,1.282,1.272,1.284,1.272,1.282,0.0,0.0,2321.0,296.555
159939.SZ,20170109,1.088,1.082,1.093,1.082,1.091,0.003,0.2757,14618.0,1592.498
159940.SZ,20170109,0.788,0.788,0.795,0.785,0.785,-0.003,-0.3807,5220.0,411.335
159941.SZ,20170109,1.18,1.198,1.2,1.176,1.185,0.005,0.4237,2665.0,316.045
159942.SZ,20170109,1.848,1.767,1.846,1.767,1.776,-0.072,-3.8961,215.39,38.18
159943.SZ,20170109,10.788,10.75,10.78,10.691,10.745,-0.043,-0.3986,2109.9,2271.575
159944.SZ,20170109,0.868,0.86,0.87,0.853,0.87,0.002,0.2304,759.07,65.086
159945.SZ,20170109,0.725,0.723,0.726,0.713,0.724,-0.001,-0.1379,48100.36,3486.953
159946.SZ,20170109,1.001,1.0,1.004,0.994,1.004,0.003,0.2997,5854.25,585.344
159948.SZ,20170109,2.001,2.001,2.001,1.989,1.999,-0.002,-0.1,6886.91,1372.516
159949.SZ,20170109,0.823,0.824,0.828,0.818,0.822,-0.001,-0.1215,30463.37,2505.583
160105.SZ,20170109,0.985,0.987,0.988,0.98,0.982,-0.003,-0.3046,53.0,5.214
160106.SZ,20170109,1.308,1.304,1.304,1.303,1.303,-0.005,-0.3823,269.0,35.066
160119.SZ,20170109,1.55,1.555,1.557,1.545,1.557,0.007,0.4516,5053.59,784.619
160125.SZ,20170109,0.813,0.813,0.817,0.813,0.815,0.002,0.246,10004.0,815.315
160128.SZ,20170109,0.998,0.998,1.0,0.998,1.0,0.002,0.2004,1310.0,130.845
160130.SZ,20170109,0.938,0.938,0.938,0.938,0.938,0.0,0.0,10.0,0.938
160131.SZ,20170109,1.008,1.009,1.009,1.009,1.009,0.001,0.0992,636.0,64.172
160133.SZ,20170109,1.739,1.731,1.74,1.726,1.74,0.001,0.0575,2213.23,383.672
160211.SZ,20170109,2.725,2.7,2.75,2.7,2.718,-0.007,-0.2569,1791.93,487.916
160212.SZ,20170109,2.235,2.235,2.235,2.227,2.231,-0.004,-0.179,3050.0,680.213
160215.SZ,20170109,1.476,1.468,1.48,1.468,1.48,0.004,0.271,226.0,33.421
160216.SZ,20170109,0.46,0.463,0.464,0.462,0.463,0.003,0.6522,137417.17,6358.32
160220.SZ,20170109,1.282,1.28,1.288,1.28,1.287,0.005,0.39,2158.01,276.628
160223.SZ,20170109,0.912,0.906,0.925,0.906,0.907,-0.005,-0.5482,1523.16,138.196
160225.SZ,20170109,0.96,0.959,0.975,0.959,0.967,0.007,0.7292,86.02,8.317
160311.SZ,20170109,1.274,1.267,1.28,1.267,1.275,0.001,0.0785,672.0,85.616
160314.SZ,20170109,0.996,1.004,1.004,0.998,0.998,0.002,0.2008,1416.12,141.52
160416.SZ,20170109,1.031,1.032,1.032,1.026,1.028,-0.003,-0.291,3244.0,333.276
160421.SZ,20170109,0.9,0.898,0.904,0.898,0.9,0.0,0.0,32644.42,2943.032
160505.SZ,20170109,2.015,2.008,2.02,2.008,2.016,0.001,0.0496,2749.38,553.838
160512.SZ,20170109,2.415,2.415,2.422,2.407,2.418,0.003,0.1242,1850.58,447.094
160515.SZ,20170109,1.004,1.004,1.005,1.0,1.003,-0.001,-0.0996,2973.0,297.76
160518.SZ,20170109,0.975,0.967,0.972,0.967,0.972,-0.003,-0.3077,41790.14,4050.367
160519.SZ,20170109,0.981,0.975,0.977,0.97,0.971,-0.01,-1.0194,24734.41,2406.926
160520.SZ,20170109,0.949,0.947,0.947,0.947,0.947,-0.002,-0.2107,740.09,70.086
160522.SZ,20170109,0.946,0.946,0.95,0.946,0.95,0.004,0.4228,8810.0,835.03
160607.SZ,20170109,0.668,0.663,0.667,0.663,0.667,-0.001,-0.1497,4.0,0.266
160610.SZ,20170109,0.987,1.008,1.008,0.98,0.988,0.001,0.1013,145.1,14.318
160611.SZ,20170109,0.888,0.882,0.889,0.882,0.889,0.001,0.1126,576.5,50.894
160613.SZ,20170109,1.345,1.347,1.347,1.345,1.346,0.001,0.0743,4.0,0.538
160615.SZ,20170109,1.316,1.315,1.315,1.315,1.315,-0.001,-0.076,1.0,0.131
160617.SZ,20170109,1.005,1.002,1.004,1.002,1.004,-0.001,-0.0995,48.0,4.818
160618.SZ,20170109,1.125,1.125,1.126,1.125,1.126,0.001,0.0889,3197.0,359.956
160621.SZ,20170109,1.055,1.055,1.055,1.055,1.055,0.0,0.0,7.0,0.738
160635.SZ,20170109,0.974,0.971,0.971,0.971,0.971,-0.003,-0.308,1.0,0.097
160706.SZ,20170109,0.953,0.953,0.957,0.952,0.955,0.002,0.2099,15285.65,1457.316
160716.SZ,20170109,1.235,1.237,1.253,1.237,1.251,0.016,1.2955,590.17,73.527
160717.SZ,20170109,0.727,0.727,0.733,0.725,0.728,0.001,0.1376,103325.09,7522.749
160719.SZ,20170109,0.685,0.685,0.688,0.685,0.686,0.001,0.146,10006.54,687.647
160722.SZ,20170109,0.936,0.936,0.94,0.936,0.938,0.002,0.2137,26693.52,2504.58
160805.SZ,20170109,0.836,0.831,0.842,0.831,0.838,0.002,0.2392,129.36,10.793
160806.SZ,20170109,1.251,1.249,1.255,1.249,1.255,0.004,0.3197,655.89,82.245
160807.SZ,20170109,1.108,1.106,1.109,1.106,1.109,0.001,0.0903,34.0,3.763
160812.SZ,20170109,1.43,1.417,1.425,1.414,1.422,-0.008,-0.5594,859.45,122.227
160813.SZ,20170109,0.787,0.786,0.79,0.786,0.79,0.003,0.3812,3916.13,308.811
160916.SZ,20170109,2.212,2.205,2.21,2.204,2.21,-0.002,-0.0904,299.05,66.004
160918.SZ,20170109,1.71,1.71,1.71,1.699,1.702,-0.008,-0.4678,582.0,98.949
160919.SZ,20170109,1.12,1.113,1.126,1.113,1.126,0.006,0.5357,2940.0,329.741
160921.SZ,20170109,0.941,0.939,0.94,0.936,0.936,-0.005,-0.5313,597.0,56.04
160922.SZ,20170109,0.997,0.996,1.005,0.996,0.999,0.002,0.2006,3020.0,301.372
161005.SZ,20170109,1.683,1.679,1.685,1.674,1.68,-0.003,-0.1783,726.0,121.913
161010.SZ,20170109,1.072,1.07,1.072,1.07,1.072,0.0,0.0,5745.0,614.878
161017.SZ,20170109,2.096,2.091,2.091,2.087,2.087,-0.009,-0.4294,5.72,1.195
161019.SZ,20170109,0.988,0.986,0.986,0.984,0.985,-0.003,-0.3036,5719.0,563.452
161033.SZ,20170109,0.944,0.944,0.951,0.943,0.949,0.005,0.5297,114.0,10.787
161035.SZ,20170109,0.933,0.936,0.942,0.934,0.942,0.009,0.9646,780.33,73.192
161116.SZ,20170109,0.704,0.704,0.706,0.704,0.705,0.001,0.142,18305.24,1291.538
161119.SZ,20170109,1.288,1.216,1.324,1.216,1.291,0.003,0.2329,574.27,74.006
161124.SZ,20170109,0.978,0.977,0.978,0.974,0.975,-0.003,-0.3067,15053.0,1469.813
161125.SZ,20170109,0.999,1.0,1.002,0.999,1.0,0.001,0.1001,68763.4,6871.948
161126.SZ,20170109,1.001,1.001,1.005,1.001,1.005,0.004,0.3996,29716.09,2982.314
161127.SZ,20170109,0.995,0.995,0.997,0.995,0.997,0.002,0.201,3817.0,380.287
161128.SZ,20170109,0.991,0.991,0.993,0.991,0.993,0.002,0.2018,11028.14,1094.236
161210.SZ,20170109,0.867,0.868,0.872,0.867,0.87,0.003,0.346,1975.0,171.859
161216.SZ,20170109,1.026,1.025,1.07,1.02,1.025,-0.001,-0.0975,296.0,30.421
161217.SZ,20170109,0.647,0.647,0.647,0.645,0.646,-0.001,-0.1546,5.0,0.322
161219.SZ,20170109,1.185,1.172,1.226,1.171,1.199,0.014,1.1814,819.0,97.802
161222.SZ,20170109,1.01,1.005,1.011,1.005,1.011,0.001,0.099,1915.16,193.26
161224.SZ,20170109,1.129,1.131,1.133,1.125,1.133,0.004,0.3543,620.22,70.091
161225.SZ,20170109,1.02,1.022,1.022,1.021,1.022,0.002,0.1961,38368.37,3918.808
161226.SZ,20170109,0.968,0.969,0.97,0.967,0.968,0.0,0.0,61051.15,5914.253
161227.SZ,20170109,0.877,0.87,0.878,0.87,0.877,0.0,0.0,3921.96,343.862
161229.SZ,20170109,1.146,1.149,1.15,1.149,1.15,0.004,0.349,104.0,11.949
1612301.SZ,20170109,1.053,1.011,1.042,1.001,1.009,-0.044,-4.1785,1150.0,115.658
161232.SZ,20170109,0.924,0.924,0.924,0.918,0.921,-0.003,-0.3247,50894.96,4685.925
161607.SZ,20170109,1.056,1.028,1.028,1.028,1.028,-0.028,-2.6515,14.0,1.439
161610.SZ,20170109,0.888,0.885,0.89,0.88,0.89,0.002,0.2252,2719.62,241.323
161706.SZ,20170109,1.412,1.4,1.411,1.392,1.398,-0.014,-0.9915,1251.0,175.401
161713.SZ,20170109,0.999,0.999,1.0,0.999,1.0,0.001,0.1001,74.0,7.394
161714.SZ,20170109,0.808,0.807,0.81,0.805,0.807,-0.001,-0.1238,2448.0,197.442
161727.SZ,20170109,0.955,0.96,0.96,0.959,0.959,0.004,0.4188,3089.0,296.235
161815.SZ,20170109,0.476,0.476,0.477,0.476,0.476,0.0,0.0,3856.83,183.642
161820.SZ,20170109,1.056,1.056,1.057,1.055,1.057,0.001,0.0947,499.0,52.68
161831.SZ,20170109,0.893,0.894,0.899,0.892,0.894,0.001,0.112,28792.12,2575.325
161834.SZ,20170109,0.91,0.909,0.912,0.909,0.91,0.0,0.0,41979.71,3820.242
161903.SZ,20170109,0.911,0.913,0.917,0.911,0.914,0.003,0.3293,616.0,56.162
161907.SZ,20170109,1.459,1.452,1.452,1.45,1.45,-0.009,-0.6169,69.0,10.013
161911.SZ,20170109,0.981,0.981,0.983,0.981,0.982,0.001,0.1019,7046.51,691.586
162006.SZ,20170109,1.069,1.07,1.082,1.07,1.072,0.003,0.2806,374.0,40.213
162105.SZ,20170109,1.074,1.072,1.074,1.071,1.074,0.0,0.0,477.0,51.184
162108.SZ,20170109,1.086,1.086,1.086,1.086,1.086,0.0,0.0,500.0,54.3
162207.SZ,20170109,1.13,1.121,1.121,1.121,1.121,-0.009,-0.7965,20.01,2.243
162215.SZ,20170109,1.008,1.008,1.009,1.008,1.009,0.001,0.0992,206341.83,20799.319
162307.SZ,20170109,1.009,1.027,1.04,1.014,1.014,0.005,0.4955,107.0,10.971
162308.SZ,20170109,1.112,1.102,1.102,1.102,1.102,-0.01,-0.8993,5.0,0.551
162411.SZ,20170109,0.718,0.718,0.718,0.714,0.716,-0.002,-0.2786,267554.77,19149.7
162415.SZ,20170109,1.116,1.115,1.116,1.115,1.116,0.0,0.0,478.0,53.332
162510.SZ,20170109,1.061,1.058,1.067,1.058,1.067,0.006,0.5655,49.56,5.286
162605.SZ,20170109,0.879,0.878,0.887,0.873,0.873,-0.006,-0.6826,63.0,5.507
162607.SZ,20170109,0.444,0.44,0.444,0.44,0.443,-0.001,-0.2252,472.0,20.825
162703.SZ,20170109,1.131,1.135,1.135,1.122,1.127,-0.004,-0.3537,590.0,66.608
162711.SZ,20170109,1.333,1.33,1.333,1.33,1.333,0.0,0.0,525.01,69.861
162712.SZ,20170109,1.398,1.398,1.399,1.398,1.399,0.001,0.0715,916.0,128.143
162717.SZ,20170109,0.938,0.938,0.94,0.935,0.936,-0.002,-0.2132,11321.65,1059.714
163001.SZ,20170109,0.974,0.973,0.973,0.973,0.973,-0.001,-0.1027,21.0,2.043
163003.SZ,20170109,1.01,1.013,1.013,1.013,1.013,0.003,0.297,1.0,0.101
163110.SZ,20170109,2.708,2.71,2.724,2.707,2.72,0.012,0.4431,8266.51,2245.213
163119.SZ,20170109,0.934,0.944,0.944,0.935,0.935,0.001,0.1071,122.0,11.41
163208.SZ,20170109,0.994,0.996,0.996,0.985,0.987,-0.007,-0.7042,415.9,41.125
163210.SZ,20170109,1.044,1.048,1.054,1.045,1.047,0.003,0.2874,4826.46,505.992
163302.SZ,20170109,1.482,1.489,1.493,1.482,1.493,0.011,0.7422,34.0,5.058
163402.SZ,20170109,0.997,0.995,0.997,0.994,0.997,0.0,0.0,7496.74,746.416
163407.SZ,20170109,1.416,1.417,1.421,1.417,1.421,0.005,0.3531,15.0,2.129
163409.SZ,20170109,1.539,1.531,1.535,1.531,1.535,-0.004,-0.2599,101.0,15.478
163412.SZ,20170109,2.567,2.567,2.575,2.556,2.57,0.003,0.1169,11965.4,3068.144
163415.SZ,20170109,1.373,1.373,1.373,1.367,1.369,-0.004,-0.2913,12152.26,1662.139
163503.SZ,20170109,0.474,0.474,0.475,0.472,0.474,0.0,0.0,619.05,29.333
163801.SZ,20170109,1.187,1.184,1.187,1.182,1.182,-0.005,-0.4212,255.0,30.221
163819.SZ,20170109,1.096,1.169,1.169,1.164,1.164,0.068,6.2044,27.0,3.155
163821.SZ,20170109,1.443,1.438,1.445,1.438,1.445,0.002,0.1386,5.0,0.72
163824.SZ,20170109,1.039,1.033,1.036,1.033,1.036,-0.003,-0.2887,1221.0,126.447
163827.SZ,20170109,1.021,1.021,1.123,1.021,1.03,0.009,0.8815,691.0,73.616
164105.SZ,20170109,1.214,1.222,1.222,1.222,1.222,0.008,0.659,4.0,0.488
164206.SZ,20170109,1.036,1.036,1.036,1.034,1.036,0.0,0.0,2133.0,220.953
164208.SZ,20170109,1.116,1.117,1.117,1.117,1.117,0.001,0.0896,30.0,3.351
164210.SZ,20170109,0.996,0.996,0.999,0.996,0.997,0.001,0.1004,1673.0,166.911
164403.SZ,20170109,0.921,0.915,1.013,0.915,0.925,0.004,0.4343,442.0,43.832
164701.SZ,20170109,0.587,0.587,0.59,0.587,0.588,0.001,0.1704,12836.0,755.695
164702.SZ,20170109,1.009,1.012,1.013,1.012,1.013,0.004,0.3964,420.79,42.587
164703.SZ,20170109,0.998,0.999,0.999,0.999,0.999,0.001,0.1002,38.43,3.839
164705.SZ,20170109,0.993,0.993,1.015,0.991,0.991,-0.002,-0.2014,44406.67,4420.703
164808.SZ,20170109,0.992,0.992,0.999,0.992,0.999,0.007,0.7056,447.0,44.415
164810.SZ,20170109,1.045,1.046,1.046,1.044,1.046,0.001,0.0957,579.0,60.522
164814.SZ,20170109,1.019,1.019,1.019,1.018,1.018,-0.001,-0.0981,125.0,12.737
164815.SZ,20170109,0.886,0.882,0.882,0.878,0.878,-0.008,-0.9029,892.0,78.426
164906.SZ,20170109,0.98,0.98,0.988,0.98,0.982,0.002,0.2041,1394.0,137.372
165313.SZ,20170109,1.379,1.378,1.382,1.368,1.374,-0.005,-0.3626,2755.54,378.789
165510.SZ,20170109,0.733,0.732,0.732,0.724,0.725,-0.008,-1.0914,820.0,59.451
165512.SZ,20170109,2.192,2.207,2.231,2.143,2.227,0.035,1.5967,362.0,78.393
165513.SZ,20170109,0.484,0.484,0.487,0.481,0.484,0.0,0.0,28916.0,1398.072
165516.SZ,20170109,2.339,2.324,2.324,2.324,2.324,-0.015,-0.6413,1.0,0.232
165525.SZ,20170109,1.207,1.206,1.21,1.206,1.21,0.003,0.2486,976.0,117.723
165528.SZ,20170109,0.992,0.99,0.992,0.988,0.991,-0.001,-0.1008,107390.08,10623.039
165807.SZ,20170109,1.022,1.023,1.027,1.023,1.026,0.004,0.3914,1292.8,132.562
166001.SZ,20170109,1.045,1.034,1.045,1.034,1.045,0.0,0.0,227.01,23.565
166006.SZ,20170109,0.991,0.986,0.996,0.986,0.991,0.0,0.0,28.0,2.765
166007.SZ,20170109,1.19,1.184,1.184,1.182,1.182,-0.008,-0.6723,16.0,1.891
166008.SZ,20170109,1.034,1.021,1.021,1.021,1.021,-0.013,-1.2573,10.0,1.021
166011.SZ,20170109,1.217,1.219,1.219,1.214,1.218,0.001,0.0822,345.21,42.029
166012.SZ,20170109,1.034,1.039,1.039,1.039,1.039,0.005,0.4836,4.0,0.415
166902.SZ,20170109,1.039,1.036,1.036,1.036,1.036,-0.003,-0.2887,350.0,36.26
166904.SZ,20170109,1.071,1.07,1.07,1.07,1.07,-0.001,-0.0934,300.0,32.1
167001.SZ,20170109,0.935,0.935,0.937,0.935,0.937,0.002,0.2139,10262.23,960.575
167002.SZ,20170109,0.94,0.993,0.993,0.931,0.931,-0.009,-0.9574,37.0,3.481
167501.SZ,20170109,1.088,1.088,1.089,1.088,1.089,0.001,0.0919,47032.67,5117.166
168101.SZ,20170109,1.12,1.115,1.128,1.115,1.127,0.007,0.625,16649.87,1869.121
168102.SZ,20170109,0.957,0.956,0.963,0.954,0.959,0.002,0.209,12574.01,1206.421
168103.SZ,20170109,0.906,0.91,0.911,0.904,0.907,0.001,0.1104,65739.73,5965.387
168104.SZ,20170109,0.918,0.921,0.924,0.921,0.924,0.006,0.6536,617.6,56.911
169101.SZ,20170109,1.248,1.231,1.249,1.231,1.249,0.001,0.0801,610.0,75.673
169102.SZ,20170109,1.185,1.185,1.185,1.176,1.184,-0.001,-0.0844,23.0,2.723
169103.SZ,20170109,1.059,1.06,1.06,1.059,1.059,0.0,0.0,11.0,1.165
184722.SZ,20170109,0.973,0.973,0.976,0.97,0.976,0.003,0.3083,135522.0,13192.584
184801.SZ,20170109,108.47,108.07,109.0,108.07,108.999,0.529,0.4877,133.0,1441.872
500058.SH,20170109,0.974,0.972,0.973,0.968,0.972,-0.002,-0.2053,51746.1,5026.596
501000.SH,20170109,1.022,1.019,1.019,1.019,1.019,-0.003,-0.2935,7.0,0.713
501001.SH,20170109,1.027,1.026,1.028,1.023,1.028,0.001,0.0974,91182.99,9358.726
501002.SH,20170109,1.05,1.05,1.05,1.05,1.05,0.0,0.0,220.0,23.1
501005.SH,20170109,1.02,1.02,1.02,1.013,1.019,-0.001,-0.098,2440.88,248.197
501015.SH,20170109,1.009,1.008,1.009,1.006,1.009,0.0,0.0,70791.54,7134.802
501017.SH,20170109,0.959,0.955,0.96,0.954,0.96,0.001,0.1043,2933.8,281.012
501018.SH,20170109,1.056,1.056,1.061,1.055,1.058,0.002,0.1894,25520.0,2701.525
501021.SH,20170109,1.061,1.064,1.068,1.062,1.067,0.006,0.5655,56432.23,6015.926
501022.SH,20170109,0.925,0.923,0.928,0.922,0.923,-0.002,-0.2162,26059.78,2410.328
501023.SH,20170109,0.985,0.986,0.989,0.984,0.988,0.003,0.3046,14097.76,1391.473
501025.SH,20170109,0.987,0.987,0.994,0.986,0.993,0.006,0.6079,810.9,80.21
501026.SH,20170109,0.937,0.93,0.939,0.93,0.938,0.001,0.1067,18422.61,1720.125
501050.SH,20170109,0.977,0.971,0.978,0.971,0.974,-0.003,-0.3071,4317.67,420.047
502000.SH,20170109,1.0,0.991,0.991,0.984,0.991,-0.009,-0.9,218.58,21.563
502001.SH,20170109,1.022,1.022,1.022,1.022,1.022,0.0,0.0,916.77,93.694
502002.SH,20170109,0.989,0.916,1.009,0.909,0.992,0.003,0.3033,361.0,33.205
502003.SH,20170109,1.116,1.11,1.171,1.11,1.152,0.036,3.2258,106624.38,12216.63
502004.SH,20170109,1.011,1.011,1.02,1.011,1.019,0.008,0.7913,84020.59,8545.912
502005.SH,20170109,1.221,1.217,1.325,1.21,1.282,0.061,4.9959,305158.83,38838.374
502006.SH,20170109,0.959,0.959,0.971,0.959,0.97,0.011,1.147,5382.79,519.946
502007.SH,20170109,1.038,1.047,1.047,1.035,1.045,0.007,0.6744,805.15,83.932
502008.SH,20170109,0.879,0.879,0.906,0.877,0.902,0.023,2.6166,69120.3,6180.696
502010.SH,20170109,1.157,1.16,1.165,1.159,1.163,0.006,0.5186,1676.41,194.591
502011.SH,20170109,1.011,1.01,1.018,1.01,1.018,0.007,0.6924,30092.49,3052.737
502012.SH,20170109,1.313,1.31,1.327,1.271,1.313,0.0,0.0,26372.11,3464.389
502013.SH,20170109,0.808,0.807,0.817,0.807,0.816,0.008,0.9901,56386.4,4588.134
502014.SH,20170109,1.008,1.009,1.015,1.008,1.014,0.006,0.5952,140883.39,14258.219
502015.SH,20170109,0.609,0.606,0.619,0.606,0.619,0.01,1.642,197710.36,12159.851
502016.SH,20170109,1.088,1.061,1.069,1.06,1.069,-0.019,-1.7463,632.04,67.368
502017.SH,20170109,0.991,0.991,1.008,0.991,1.005,0.014,1.4127,4671.0,463.517
502018.SH,20170109,1.151,1.189,1.189,1.112,1.15,-0.001,-0.0869,1242.0,139.626
502021.SH,20170109,1.053,1.006,1.025,1.006,1.025,-0.028,-2.6591,1452.0,146.159
502022.SH,20170109,1.33,1.326,1.344,1.297,1.321,-0.009,-0.6767,191.97,25.454
502023.SH,20170109,0.923,0.926,0.929,0.925,0.929,0.006,0.6501,2977.16,275.769
502024.SH,20170109,1.066,1.069,1.077,0.961,0.977,-0.089,-8.349,6058.5,641.36
502025.SH,20170109,0.782,0.774,0.786,0.761,0.785,0.003,0.3836,8688.0,674.661
502026.SH,20170109,0.876,0.875,0.882,0.872,0.88,0.004,0.4566,213.06,18.707
502027.SH,20170109,1.034,1.043,1.044,1.02,1.02,-0.014,-1.354,1014.0,105.751
502028.SH,20170109,0.737,0.737,0.737,0.721,0.734,-0.003,-0.4071,474.0,34.409
502031.SH,20170109,1.056,1.056,1.096,1.046,1.051,-0.005,-0.4735,380.0,40.273
502032.SH,20170109,1.137,1.134,1.149,1.133,1.149,0.012,1.0554,802.0,91.487
502036.SH,20170109,1.07,1.086,1.158,1.038,1.078,0.008,0.7477,744.64,80.47
502037.SH,20170109,1.0,1.027,1.03,1.026,1.028,0.028,2.8,477.86,49.078
502038.SH,20170109,1.065,1.081,1.082,1.067,1.067,0.002,0.1878,253.26,27.373
502040.SH,20170109,0.946,0.921,0.931,0.921,0.931,-0.015,-1.5856,150.73,13.883
502041.SH,20170109,1.01,1.01,1.011,1.01,1.01,0.0,0.0,300.0,30.31
502042.SH,20170109,0.88,0.858,0.883,0.858,0.883,0.003,0.3409,14.0,1.204
502048.SH,20170109,1.151,1.153,1.16,1.152,1.16,0.009,0.7819,2772.21,320.925
502049.SH,20170109,1.022,1.019,1.028,1.019,1.027,0.005,0.4892,17421.5,1785.366
502050.SH,20170109,1.284,1.293,1.3,1.281,1.29,0.006,0.4673,24348.32,3142.194
502053.SH,20170109,1.009,1.009,1.02,1.009,1.02,0.011,1.0902,23.0,2.345
502054.SH,20170109,1.014,1.013,1.02,1.011,1.019,0.005,0.4931,10784.69,1095.242
502055.SH,20170109,0.998,0.999,1.003,0.998,1.001,0.003,0.3006,10578.01,1058.914
502056.SH,20170109,1.109,1.108,1.119,1.087,1.1,-0.009,-0.8115,23.1,2.565
502057.SH,20170109,1.025,1.025,1.027,1.025,1.027,0.002,0.1951,1554.09,159.444
502058.SH,20170109,1.194,1.182,1.189,1.177,1.189,-0.005,-0.4188,881.0,104.031
505888.SH,20170109,1.134,1.134,1.15,1.133,1.15,0.016,1.4109,559350.19,64002.823
510010.SH,20170109,0.973,0.973,0.983,0.967,0.974,0.001,0.1028,3849.0,375.275
510020.SH,20170109,2.38,2.373,2.402,2.32,2.385,0.005,0.2101,501.0,119.145
510030.SH,20170109,4.02,3.95,4.099,3.95,4.099,0.079,1.9652,17.0,6.894
510050.SH,20170109,2.314,2.312,2.324,2.308,2.319,0.005,0.2161,1460191.12,338284.574
510060.SH,20170109,1.597,1.597,1.609,1.595,1.606,0.009,0.5636,17852.52,2859.42
510070.SH,20170109,1.6,1.589,1.589,1.589,1.589,-0.011,-0.6875,1.0,0.159
510090.SH,20170109,1.298,1.29,1.29,1.29,1.29,-0.008,-0.6163,7.0,0.903
510110.SH,20170109,3.011,3.049,3.096,3.049,3.095,0.084,2.7898,39.0,12.059
510120.SH,20170109,2.629,2.63,2.63,2.63,2.63,0.001,0.038,0.53,0.139
510130.SH,20170109,3.56,3.562,3.565,3.562,3.562,0.002,0.0562,10.0,3.562
510150.SH,20170109,3.87,3.869,3.869,3.85,3.85,-0.02,-0.5168,3.86,1.488
510160.SH,20170109,0.544,0.544,0.546,0.542,0.545,0.001,0.1838,10295.0,559.649
510170.SH,20170109,1.756,1.778,1.778,1.737,1.777,0.021,1.1959,529.1,92.584
510180.SH,20170109,2.986,2.985,3.003,2.981,3.0,0.014,0.4689,33529.75,10044.976
510190.SH,20170109,3.299,3.268,3.268,3.268,3.268,-0.031,-0.9397,32.0,10.458
510210.SH,20170109,3.446,3.48,3.48,3.48,3.48,0.034,0.9867,64.0,22.272
510220.SH,20170109,4.003,3.919,4.018,3.899,4.018,0.015,0.3747,157.0,62.288
510230.SH,20170109,5.2,5.19,5.224,5.19,5.21,0.01,0.1923,950.0,495.273
510260.SH,20170109,1.116,1.096,1.122,1.096,1.122,0.006,0.5376,264.0,29.089
510270.SH,20170109,1.005,0.997,1.008,0.995,1.006,0.001,0.0995,1565.79,156.668
510280.SH,20170109,1.353,1.35,1.35,1.35,1.35,-0.003,-0.2217,210.0,28.35
510290.SH,20170109,1.569,1.568,1.579,1.568,1.579,0.01,0.6373,11344.0,1782.809
510300.SH,20170109,3.408,3.403,3.424,3.4,3.42,0.012,0.3521,775128.72,264758.569
510310.SH,20170109,1.395,1.4,1.406,1.395,1.404,0.009,0.6452,2707.0,379.73
510330.SH,20170109,3.57,3.57,3.583,3.57,3.583,0.013,0.3641,32266.0,11529.93
510360.SH,20170109,1.034,1.036,1.04,1.033,1.039,0.005,0.4836,16165.0,1676.781
510410.SH,20170109,0.684,0.684,0.692,0.684,0.684,0.0,0.0,2134.0,146.941
510420.SH,20170109,1.445,1.46,1.46,1.46,1.46,0.015,1.0381,1.0,0.146
510430.SH,20170109,1.347,1.342,1.363,1.342,1.363,0.016,1.1878,5.0,0.674
510500.SH,20170109,6.657,6.649,6.71,6.646,6.708,0.051,0.7661,59915.5,40070.875
510510.SH,20170109,1.754,1.753,1.766,1.749,1.761,0.007,0.3991,5791.0,1017.154
510520.SH,20170109,1.624,1.632,1.632,1.627,1.627,0.003,0.1847,13.0,2.118
510560.SH,20170109,1.316,1.316,1.318,1.316,1.318,0.002,0.152,10.26,1.352
510630.SH,20170109,1.652,1.639,1.649,1.639,1.649,-0.003,-0.1816,456.0,74.88
510650.SH,20170109,1.478,1.463,1.465,1.463,1.465,-0.013,-0.8796,9.0,1.317
510660.SH,20170109,1.503,1.503,1.507,1.5,1.504,0.001,0.0665,3976.0,597.413
510680.SH,20170109,1.789,1.783,1.789,1.781,1.789,0.0,0.0,26.0,4.647
510710.SH,20170109,2.33,2.329,2.343,2.329,2.342,0.012,0.515,2177.14,508.425
510810.SH,20170109,0.996,0.996,1.0,0.995,1.0,0.004,0.4016,157699.0,15738.945
510880.SH,20170109,2.709,2.709,2.721,2.705,2.72,0.011,0.4061,20684.87,5615.277
510900.SH,20170109,1.062,1.065,1.073,1.062,1.062,0.0,0.0,4766890.15,508386.485
511010.SH,20170109,110.613,110.614,110.7,110.562,110.662,0.049,0.0443,8632.06,95515.255
511210.SH,20170109,113.621,114.896,115.4,113.303,115.361,1.74,1.5314,9.2,105.404
511220.SH,20170109,97.825,97.95,97.988,97.671,97.816,-0.009,-0.0092,195.4,1911.255
511600.SH,20170109,100.003,99.995,99.995,99.983,99.99,-0.013,-0.013,88168.13,881604.459
511660.SH,20170109,100.016,99.999,100.005,99.994,100.003,-0.013,-0.013,114867.72,1148676.326
511680.SH,20170109,100.0,99.985,99.997,99.983,99.997,-0.003,-0.003,16622.18,166209.337
511690.SH,20170109,100.004,99.989,99.998,99.988,99.997,-0.007,-0.007,73239.41,732347.474
511700.SH,20170109,100.002,99.995,99.996,99.988,99.994,-0.008,-0.008,10060.24,100594.837
511760.SH,20170109,99.99,99.956,99.97,99.956,99.97,-0.02,-0.02,4.7,46.98
511800.SH,20170109,100.004,99.994,100.001,99.99,99.999,-0.005,-0.005,11102.92,111024.234
511810.SH,20170109,100.004,99.99,100.004,99.99,100.001,-0.003,-0.003,84344.27,843392.55
511820.SH,20170109,99.999,99.989,99.999,99.987,99.999,0.0,0.0,82200.46,821939.29
511830.SH,20170109,100.008,99.996,100.002,99.988,100.002,-0.006,-0.006,4019.33,40191.036
511850.SH,20170109,100.016,99.988,100.01,99.988,100.01,-0.006,-0.006,1764.79,17648.465
511860.SH,20170109,100.003,99.991,100.004,99.987,100.0,-0.003,-0.003,11158.94,111587.025
511880.SH,20170109,100.155,100.152,100.159,100.151,100.158,0.003,0.003,318639.79,3191310.439
511890.SH,20170109,100.012,99.982,99.998,99.981,99.998,-0.014,-0.014,445.52,4454.807
511900.SH,20170109,100.001,99.99,100.001,99.989,100.001,0.0,0.0,189136.34,1891243.379
511910.SH,20170109,100.0,99.997,99.997,99.986,99.996,-0.004,-0.004,52070.61,520665.027
511920.SH,20170109,100.002,99.985,100.0,99.985,99.993,-0.009,-0.009,240.22,2402.054
511930.SH,20170109,100.008,100.0,100.004,99.99,100.003,-0.005,-0.005,5123.22,51232.354
511950.SH,20170109,99.999,99.965,99.999,99.965,99.986,-0.013,-0.013,20.3,202.984
511960.SH,20170109,100.006,100.0,100.0,99.984,99.999,-0.007,-0.007,1057.31,10572.796
511970.SH,20170109,100.006,99.993,99.996,99.992,99.996,-0.01,-0.01,20728.0,207265.52
511980.SH,20170109,100.004,99.992,100.004,99.986,100.002,-0.002,-0.002,69952.24,699479.878
511990.SH,20170109,100.016,99.996,100.012,99.996,100.009,-0.007,-0.007,706144.23,7061556.84
512000.SH,20170109,0.97,0.969,0.974,0.968,0.97,0.0,0.0,21053.11,2042.221
512010.SH,20170109,1.317,1.295,1.336,1.295,1.315,-0.002,-0.1519,471.0,62.127
512070.SH,20170109,1.686,1.686,1.705,1.681,1.693,0.007,0.4152,4348.0,734.794
512100.SH,20170109,0.955,0.946,0.96,0.946,0.959,0.004,0.4188,7979.0,760.892
512120.SH,20170109,1.376,1.376,1.376,1.355,1.355,-0.021,-1.5262,9.0,1.226
512210.SH,20170109,1.42,1.432,1.432,1.432,1.432,0.012,0.8451,30.0,4.296
512300.SH,20170109,1.23,1.229,1.233,1.221,1.221,-0.009,-0.7317,1105.0,135.546
512310.SH,20170109,0.704,0.704,0.712,0.704,0.712,0.008,1.1364,2483.0,176.121
512330.SH,20170109,0.818,0.819,0.821,0.815,0.82,0.002,0.2445,409.0,33.537
512340.SH,20170109,0.832,0.838,0.838,0.837,0.838,0.006,0.7212,848.0,71.057
512500.SH,20170109,3.071,3.076,3.086,3.049,3.079,0.008,0.2605,277.1,84.979
512510.SH,20170109,1.298,1.295,1.305,1.294,1.304,0.006,0.4622,3116.79,405.397
512600.SH,20170109,1.538,1.534,1.538,1.488,1.533,-0.005,-0.3251,220.0,33.289
512610.SH,20170109,1.388,1.402,1.404,1.402,1.404,0.016,1.1527,4.0,0.561
512640.SH,20170109,1.637,1.637,1.637,1.637,1.637,0.0,0.0,1.0,0.164
512660.SH,20170109,1.017,1.017,1.055,1.014,1.048,0.031,3.0482,260966.38,27065.696
512680.SH,20170109,1.001,1.0,1.033,1.0,1.031,0.03,2.997,371463.53,37961.567
512810.SH,20170109,0.963,0.963,0.995,0.961,0.994,0.031,3.2191,177612.0,17521.952
512880.SH,20170109,1.03,1.028,1.035,1.027,1.031,0.001,0.0971,98049.0,10113.932
512990.SH,20170109,0.998,0.993,0.998,0.993,0.996,-0.002,-0.2004,2466.0,245.392
513030.SH,20170109,0.98,0.981,0.985,0.98,0.981,0.001,0.102,20492.0,2011.479
513100.SH,20170109,1.812,1.822,1.825,1.817,1.823,0.011,0.6071,26148.0,4759.966
513500.SH,20170109,1.455,1.457,1.462,1.457,1.459,0.004,0.2749,43446.69,6336.156
513600.SH,20170109,2.043,2.045,2.066,2.045,2.062,0.019,0.93,1648.0,339.582
513660.SH,20170109,2.041,2.043,2.051,2.043,2.05,0.009,0.441,443.0,90.691
518800.SH,20170109,2.627,2.632,2.639,2.632,2.636,0.009,0.3426,356079.0,93829.766
518880.SH,20170109,2.633,2.638,2.645,2.638,2.645,0.012,0.4558,2582297.86,682501.093
