ts_code,trade_date,pre_close,open,high,low,close,change,pct_chg,vol,amount
150008.SZ,20170509,1.156,1.218,1.218,1.218,1.218,0.062,5.3633,1.0,0.121
150009.SZ,20170509,0.953,0.9,0.93,0.9,0.92,-0.033,-3.4627,88.0,8.042
150012.SZ,20170509,1.051,1.048,1.052,1.048,1.052,0.001,0.0951,1874.19,196.936
150013.SZ,20170509,1.094,1.056,1.089,1.056,1.08,-0.014,-1.2797,1127.57,120.748
150016.SZ,20170509,1.05,1.015,1.015,1.015,1.015,-0.035,-3.3333,200.0,20.3
150017.SZ,20170509,1.01,0.991,1.0,0.937,0.999,-0.011,-1.0891,2731.02,272.362
150018.SZ,20170509,1.027,1.023,1.029,1.022,1.028,0.001,0.0974,59610.19,6111.869
150019.SZ,20170509,0.751,0.75,0.751,0.726,0.75,-0.001,-0.1332,472422.25,35002.425
150020.SZ,20170509,1.047,1.047,1.048,1.047,1.048,0.001,0.0955,11413.0,1195.234
150021.SZ,20170509,0.95,0.947,0.952,0.947,0.951,0.001,0.1053,4402.78,417.627
150022.SZ,20170509,0.772,0.772,0.773,0.765,0.772,0.0,0.0,471263.38,36287.951
150023.SZ,20170509,0.343,0.342,0.343,0.338,0.341,-0.002,-0.5831,367455.88,12533.495
150028.SZ,20170509,1.002,1.002,1.002,1.002,1.002,0.0,0.0,166.0,16.633
150029.SZ,20170509,1.321,1.321,1.321,1.306,1.32,-0.001,-0.0757,1376.15,180.785
150030.SZ,20170509,1.032,1.033,1.034,1.016,1.016,-0.016,-1.5504,324.64,33.563
150031.SZ,20170509,1.023,1.015,1.025,1.005,1.011,-0.012,-1.173,194.2,19.72
150032.SZ,20170509,0.996,0.997,0.997,0.996,0.997,0.001,0.1004,3204.0,319.238
150033.SZ,20170509,0.926,0.929,0.929,0.929,0.929,0.003,0.324,108.0,10.033
150036.SZ,20170509,1.038,1.038,1.041,1.037,1.041,0.003,0.289,61.0,6.333
150039.SZ,20170509,1.108,1.109,1.109,1.109,1.109,0.001,0.0903,0.38,0.042
150040.SZ,20170509,1.696,1.661,1.693,1.661,1.693,-0.003,-0.1769,1.02,0.172
150048.SZ,20170509,0.982,0.982,1.005,0.923,1.0,0.018,1.833,682.04,67.982
150049.SZ,20170509,1.001,0.998,1.0,0.996,1.0,-0.001,-0.0999,7085.32,707.38
150050.SZ,20170509,0.911,0.868,0.915,0.868,0.909,-0.002,-0.2195,4888.73,432.605
150051.SZ,20170509,1.023,1.024,1.026,1.022,1.025,0.002,0.1955,23536.77,2408.663
150052.SZ,20170509,1.312,1.312,1.318,1.295,1.31,-0.002,-0.1524,41716.51,5445.63
150053.SZ,20170509,1.03,1.025,1.025,1.025,1.025,-0.005,-0.4854,300.0,30.75
150054.SZ,20170509,0.892,0.884,0.884,0.884,0.884,-0.008,-0.8969,1.0,0.088
150055.SZ,20170509,1.069,1.071,1.072,1.07,1.07,0.001,0.0935,1744.0,186.9
150056.SZ,20170509,1.35,1.301,1.387,1.301,1.35,0.0,0.0,6234.8,816.645
150057.SZ,20170509,1.24,1.24,1.24,1.239,1.239,-0.001,-0.0806,129.0,15.988
150058.SZ,20170509,0.856,0.868,0.868,0.84,0.855,-0.001,-0.1168,260.17,21.965
150059.SZ,20170509,1.155,1.165,1.166,1.154,1.154,-0.001,-0.0866,570.88,65.958
150060.SZ,20170509,0.926,0.922,0.93,0.891,0.93,0.004,0.432,1104.49,101.264
150064.SZ,20170509,1.03,1.022,1.03,1.021,1.03,0.0,0.0,1072.0,109.471
150065.SZ,20170509,0.92,0.92,0.921,0.92,0.92,0.0,0.0,118.0,10.857
150066.SZ,20170509,0.932,0.934,0.934,0.934,0.934,0.002,0.2146,1.06,0.099
150073.SZ,20170509,1.024,1.018,1.024,1.018,1.024,0.0,0.0,505.0,51.664
150075.SZ,20170509,1.133,1.123,1.147,1.123,1.124,-0.009,-0.7944,503.93,56.644
150076.SZ,20170509,1.001,1.001,1.002,1.0,1.002,0.001,0.0999,132.0,13.225
150084.SZ,20170509,0.915,0.917,0.917,0.917,0.917,0.002,0.2186,1.0,0.091
150090.SZ,20170509,1.07,1.069,1.07,1.069,1.07,0.0,0.0,1049.0,112.148
150091.SZ,20170509,0.859,0.866,0.866,0.813,0.847,-0.012,-1.397,849.95,69.538
150093.SZ,20170509,0.872,0.883,0.883,0.883,0.883,0.011,1.2615,1.0,0.088
150095.SZ,20170509,0.415,0.395,0.395,0.395,0.395,-0.02,-4.8193,183.0,7.228
150096.SZ,20170509,1.016,1.017,1.018,1.013,1.018,0.002,0.1969,6215.12,630.15
150097.SZ,20170509,0.897,0.898,0.91,0.874,0.91,0.013,1.4493,6177.59,554.89
150100.SZ,20170509,1.032,1.032,1.033,1.027,1.027,-0.005,-0.4845,3863.0,398.217
150101.SZ,20170509,1.132,1.103,1.132,1.103,1.126,-0.006,-0.53,2033.27,226.097
150104.SZ,20170509,1.075,1.035,1.035,1.035,1.035,-0.04,-3.7209,1.0,0.103
150105.SZ,20170509,1.288,1.296,1.296,1.296,1.296,0.008,0.6211,1.0,0.129
150106.SZ,20170509,1.112,1.111,1.111,1.109,1.11,-0.002,-0.1799,9375.28,1040.764
150107.SZ,20170509,0.83,0.835,0.837,0.81,0.834,0.004,0.4819,4650.26,383.343
150108.SZ,20170509,1.07,1.061,1.061,1.061,1.061,-0.009,-0.8411,159.0,16.869
150109.SZ,20170509,0.933,0.932,0.932,0.932,0.932,-0.001,-0.1072,1.0,0.093
150113.SZ,20170509,1.303,1.421,1.421,1.421,1.421,0.118,9.056,1.0,0.142
150117.SZ,20170509,1.053,1.058,1.059,1.054,1.055,0.002,0.1899,66985.0,7087.792
150118.SZ,20170509,0.357,0.357,0.36,0.345,0.359,0.002,0.5602,146004.77,5125.485
150123.SZ,20170509,1.272,1.238,1.299,1.238,1.299,0.027,2.1226,105.0,13.609
150124.SZ,20170509,1.562,1.569,1.569,1.501,1.547,-0.015,-0.9603,4789.0,739.086
150130.SZ,20170509,1.069,1.064,1.071,1.064,1.069,0.0,0.0,386587.03,41322.02
150131.SZ,20170509,0.457,0.454,0.456,0.43,0.446,-0.011,-2.407,751870.87,33145.564
150135.SZ,20170509,1.016,1.023,1.023,1.023,1.023,0.007,0.689,57.0,5.831
150136.SZ,20170509,0.619,0.561,0.599,0.561,0.599,-0.02,-3.231,59.69,3.353
150139.SZ,20170509,0.83,0.82,0.82,0.8,0.8,-0.03,-3.6145,23.0,1.86
150141.SZ,20170509,0.671,0.671,0.671,0.67,0.67,-0.001,-0.149,268.0,17.976
150143.SZ,20170509,1.005,1.005,1.007,1.004,1.006,0.001,0.0995,37127.27,3733.857
150144.SZ,20170509,0.563,0.546,0.546,0.507,0.507,-0.056,-9.9467,3877.0,196.952
150145.SZ,20170509,1.021,1.008,1.008,1.008,1.008,-0.013,-1.2733,848.0,85.478
150146.SZ,20170509,0.416,0.416,0.416,0.38,0.408,-0.008,-1.9231,403.0,16.011
150148.SZ,20170509,1.056,1.05,1.065,1.05,1.065,0.009,0.8523,219.71,23.279
150149.SZ,20170509,0.572,0.572,0.572,0.538,0.553,-0.019,-3.3217,3007.0,166.741
150150.SZ,20170509,1.008,1.005,1.01,1.005,1.009,0.001,0.0992,1877.85,189.327
150151.SZ,20170509,0.964,0.96,0.968,0.925,0.968,0.004,0.4149,2792.45,264.282
150152.SZ,20170509,1.032,1.031,1.031,1.027,1.031,-0.001,-0.0969,131709.17,13554.63
150153.SZ,20170509,0.577,0.576,0.598,0.57,0.594,0.017,2.9463,1483016.26,86275.35
150154.SZ,20170509,0.917,0.917,0.917,0.914,0.914,-0.003,-0.3272,263.0,24.068
150156.SZ,20170509,0.993,0.993,0.993,0.993,0.993,0.0,0.0,515.0,51.139
150157.SZ,20170509,1.009,1.009,1.01,1.007,1.007,-0.002,-0.1982,22802.64,2298.366
150158.SZ,20170509,0.738,0.738,0.748,0.723,0.745,0.007,0.9485,34758.0,2575.581
150164.SZ,20170509,1.004,1.005,1.006,1.004,1.006,0.002,0.1992,23009.5,2311.096
150165.SZ,20170509,0.552,0.549,0.56,0.521,0.549,-0.003,-0.5435,235.96,12.347
150168.SZ,20170509,0.635,0.677,0.677,0.677,0.677,0.042,6.6142,1.0,0.067
150169.SZ,20170509,1.024,1.024,1.024,1.021,1.023,-0.001,-0.0977,39291.0,4019.893
150170.SZ,20170509,1.118,1.115,1.137,1.115,1.137,0.019,1.6995,32742.06,3685.846
150171.SZ,20170509,1.002,1.001,1.004,0.998,1.0,-0.002,-0.1996,487181.28,48755.672
150172.SZ,20170509,0.955,0.949,0.96,0.943,0.956,0.001,0.1047,561252.96,53389.86
150173.SZ,20170509,1.003,1.003,1.004,1.002,1.004,0.001,0.0997,40087.27,4020.635
150174.SZ,20170509,0.503,0.5,0.515,0.493,0.515,0.012,2.3857,13068.65,657.881
150175.SZ,20170509,0.958,0.957,0.958,0.954,0.956,-0.002,-0.2088,703113.42,67198.458
150176.SZ,20170509,0.873,0.875,0.895,0.869,0.892,0.019,2.1764,347436.48,30657.306
150177.SZ,20170509,1.028,1.028,1.028,1.026,1.028,0.0,0.0,5058.47,520.002
150178.SZ,20170509,1.174,1.168,1.173,1.156,1.165,-0.009,-0.7666,20822.29,2427.227
150179.SZ,20170509,1.035,1.034,1.043,1.004,1.041,0.006,0.5797,3729.83,383.281
150180.SZ,20170509,1.14,1.135,1.185,1.079,1.145,0.005,0.4386,1831.42,208.836
150181.SZ,20170509,1.011,1.015,1.015,1.009,1.013,0.002,0.1978,636313.14,64402.782
150182.SZ,20170509,0.834,0.798,0.861,0.798,0.855,0.021,2.518,887590.57,74515.645
150184.SZ,20170509,1.051,1.051,1.065,1.047,1.059,0.008,0.7612,18615.92,1969.018
150185.SZ,20170509,0.791,0.79,0.793,0.763,0.793,0.002,0.2528,46616.74,3647.555
150186.SZ,20170509,1.025,1.024,1.031,1.023,1.028,0.003,0.2927,60881.39,6253.618
150187.SZ,20170509,0.621,0.619,0.641,0.608,0.641,0.02,3.2206,69957.93,4395.177
150188.SZ,20170509,1.007,1.004,1.007,1.0,1.006,-0.001,-0.0993,10292.3,1032.134
150189.SZ,20170509,0.958,0.866,0.866,0.862,0.862,-0.096,-10.0209,454.89,39.234
150190.SZ,20170509,1.067,1.066,1.066,1.06,1.06,-0.007,-0.656,443.32,47.252
150191.SZ,20170509,1.115,1.082,1.113,1.034,1.112,-0.003,-0.2691,982.36,104.644
150192.SZ,20170509,1.051,1.06,1.06,1.043,1.043,-0.008,-0.7612,1927.39,201.561
150193.SZ,20170509,0.9,0.863,0.905,0.863,0.899,-0.001,-0.1111,1353.58,119.598
150194.SZ,20170509,1.008,1.011,1.013,1.006,1.008,0.0,0.0,1344408.51,135712.272
150195.SZ,20170509,0.244,0.24,0.268,0.24,0.268,0.024,9.8361,2328256.51,58428.584
150196.SZ,20170509,1.084,1.087,1.099,1.087,1.099,0.015,1.3838,148306.7,16213.305
150197.SZ,20170509,0.86,0.859,0.863,0.839,0.863,0.003,0.3488,285544.72,24251.695
150198.SZ,20170509,1.139,1.146,1.146,1.135,1.144,0.005,0.439,13520.0,1548.795
150199.SZ,20170509,0.664,0.658,0.666,0.637,0.666,0.002,0.3012,62539.68,4056.771
150200.SZ,20170509,1.003,1.003,1.003,1.0,1.002,-0.001,-0.0997,3041159.54,304642.417
150201.SZ,20170509,0.356,0.351,0.359,0.348,0.356,0.0,0.0,4859383.76,171882.337
150203.SZ,20170509,1.014,1.005,1.015,1.004,1.013,-0.001,-0.0986,17136.74,1732.329
150204.SZ,20170509,0.806,0.786,0.83,0.786,0.824,0.018,2.2333,11329.39,921.438
150205.SZ,20170509,1.003,1.003,1.008,1.003,1.007,0.004,0.3988,4044658.38,406469.613
150206.SZ,20170509,0.266,0.239,0.239,0.239,0.239,-0.027,-10.1504,981048.0,23447.047
150207.SZ,20170509,1.021,1.025,1.086,1.025,1.031,0.01,0.9794,10937.82,1128.815
150208.SZ,20170509,0.386,0.37,0.385,0.37,0.381,-0.005,-1.2953,22296.55,847.933
150209.SZ,20170509,1.052,1.048,1.048,1.044,1.048,-0.004,-0.3802,171199.37,17921.682
150210.SZ,20170509,0.71,0.704,0.722,0.698,0.714,0.004,0.5634,420824.7,29879.19
150211.SZ,20170509,1.026,1.025,1.035,1.023,1.035,0.009,0.8772,295345.95,30370.053
150212.SZ,20170509,0.528,0.527,0.527,0.498,0.522,-0.006,-1.1364,271775.04,13821.731
150213.SZ,20170509,1.052,1.04,1.055,1.039,1.053,0.001,0.0951,24086.0,2521.257
150214.SZ,20170509,0.317,0.311,0.325,0.285,0.325,0.008,2.5237,106931.36,3345.806
150215.SZ,20170509,1.079,1.067,1.08,1.067,1.08,0.001,0.0927,109.45,11.785
150216.SZ,20170509,0.946,0.936,0.945,0.926,0.945,-0.001,-0.1057,357.11,33.502
150217.SZ,20170509,1.005,1.004,1.012,1.003,1.009,0.004,0.398,63214.13,6377.306
150218.SZ,20170509,0.482,0.478,0.48,0.45,0.48,-0.002,-0.4149,81130.84,3778.102
150219.SZ,20170509,1.182,1.162,1.178,1.131,1.177,-0.005,-0.423,13.0,1.501
150220.SZ,20170509,0.818,0.801,0.82,0.79,0.818,0.0,0.0,13471.0,1079.323
150221.SZ,20170509,1.169,1.169,1.171,1.167,1.169,0.0,0.0,222740.2,26036.148
150222.SZ,20170509,0.41,0.4,0.417,0.385,0.411,0.001,0.2439,1589135.78,64128.978
150223.SZ,20170509,1.12,1.119,1.121,1.116,1.116,-0.004,-0.3571,44514.0,4981.156
150224.SZ,20170509,0.738,0.736,0.744,0.731,0.74,0.002,0.271,143841.05,10598.685
150225.SZ,20170509,1.038,1.035,1.035,1.033,1.034,-0.004,-0.3854,171.0,17.681
150226.SZ,20170509,1.028,1.01,1.014,1.01,1.014,-0.014,-1.3619,34.38,3.479
150227.SZ,20170509,1.01,1.009,1.01,1.008,1.01,0.0,0.0,496062.86,50051.81
150228.SZ,20170509,0.626,0.624,0.634,0.623,0.633,0.007,1.1182,365581.66,23023.719
150229.SZ,20170509,1.023,1.016,1.024,1.016,1.019,-0.004,-0.391,4334.05,441.511
150230.SZ,20170509,0.91,0.883,0.92,0.881,0.919,0.009,0.989,2680.0,240.472
150231.SZ,20170509,1.077,1.064,1.08,1.064,1.08,0.003,0.2786,1557.0,167.979
150232.SZ,20170509,0.971,0.975,0.99,0.962,0.99,0.019,1.9567,2075.06,204.968
150233.SZ,20170509,1.028,1.028,1.032,1.027,1.028,0.0,0.0,3075.87,316.749
150234.SZ,20170509,0.379,0.379,0.387,0.372,0.376,-0.003,-0.7916,1506.34,57.158
150235.SZ,20170509,1.015,1.015,1.018,1.014,1.018,0.003,0.2956,13891.07,1410.554
150236.SZ,20170509,0.719,0.718,0.721,0.704,0.715,-0.004,-0.5563,21913.44,1565.03
150237.SZ,20170509,1.04,1.026,1.026,1.026,1.026,-0.014,-1.3462,8.0,0.82
150238.SZ,20170509,1.132,1.11,1.11,1.11,1.11,-0.022,-1.9435,24.0,2.664
150241.SZ,20170509,1.009,1.009,1.011,1.009,1.011,0.002,0.1982,1954.0,197.546
150242.SZ,20170509,0.75,0.753,0.758,0.753,0.758,0.008,1.0667,1255.0,94.942
150243.SZ,20170509,1.031,1.031,1.035,1.031,1.035,0.004,0.388,4616.55,476.494
150244.SZ,20170509,0.631,0.625,0.636,0.612,0.634,0.003,0.4754,78370.5,4907.715
150246.SZ,20170509,0.895,0.847,0.895,0.847,0.885,-0.01,-1.1173,55.57,4.731
150247.SZ,20170509,1.064,1.064,1.07,1.063,1.068,0.004,0.3759,44672.81,4764.833
150248.SZ,20170509,0.9,0.898,0.909,0.884,0.908,0.008,0.8889,40845.25,3662.621
150250.SZ,20170509,0.681,0.698,0.699,0.698,0.699,0.018,2.6432,124.0,8.664
150251.SZ,20170509,1.02,1.04,1.044,1.024,1.024,0.004,0.3922,5773.0,600.174
150252.SZ,20170509,0.937,0.907,0.945,0.907,0.945,0.008,0.8538,11786.32,1090.694
150255.SZ,20170509,1.029,1.029,1.029,1.024,1.028,-0.001,-0.0972,10516.0,1079.299
150256.SZ,20170509,0.603,0.603,0.611,0.603,0.611,0.008,1.3267,2637.0,160.895
150257.SZ,20170509,1.028,1.025,1.032,1.025,1.03,0.002,0.1946,1203.04,123.825
150258.SZ,20170509,0.991,0.955,0.961,0.954,0.961,-0.03,-3.0272,122.43,11.698
150259.SZ,20170509,1.031,1.035,1.035,1.03,1.034,0.003,0.291,7121.27,735.019
150260.SZ,20170509,0.679,0.661,0.683,0.65,0.679,0.0,0.0,3453.34,229.612
150261.SZ,20170509,1.071,1.065,1.078,1.065,1.078,0.007,0.6536,677.25,72.402
150262.SZ,20170509,0.766,0.76,0.76,0.732,0.745,-0.021,-2.7415,7256.88,537.922
150263.SZ,20170509,1.088,1.053,1.053,1.053,1.053,-0.035,-3.2169,1.0,0.105
150264.SZ,20170509,0.425,0.406,0.422,0.406,0.421,-0.004,-0.9412,249.0,10.471
150265.SZ,20170509,1.075,1.078,1.082,1.067,1.082,0.007,0.6512,10814.5,1163.795
150266.SZ,20170509,1.253,1.245,1.274,1.22,1.255,0.002,0.1596,15359.08,1914.952
150267.SZ,20170509,1.077,1.031,1.084,1.031,1.05,-0.027,-2.507,504.0,52.919
150268.SZ,20170509,0.633,0.655,0.656,0.641,0.641,0.008,1.2638,1388.0,91.02
150269.SZ,20170509,1.064,1.062,1.081,1.062,1.081,0.017,1.5977,20284.83,2179.959
150270.SZ,20170509,1.156,1.156,1.172,1.12,1.172,0.016,1.3841,70512.98,8047.763
150271.SZ,20170509,1.003,1.004,1.065,1.004,1.024,0.021,2.0937,1103.4,116.449
150272.SZ,20170509,0.918,0.882,0.905,0.882,0.905,-0.013,-1.4161,315.57,28.377
150273.SZ,20170509,1.019,1.017,1.025,1.017,1.021,0.002,0.1963,30221.39,3084.07
150274.SZ,20170509,0.589,0.585,0.59,0.559,0.588,-0.001,-0.1698,36120.29,2088.251
150275.SZ,20170509,1.004,1.005,1.007,1.003,1.007,0.003,0.2988,335794.17,33730.172
150276.SZ,20170509,0.539,0.533,0.548,0.523,0.54,0.001,0.1855,732158.22,39287.868
150277.SZ,20170509,1.04,1.043,1.045,1.033,1.039,-0.001,-0.0962,14334.0,1491.694
150278.SZ,20170509,0.523,0.517,0.523,0.508,0.519,-0.004,-0.7648,37906.88,1955.193
150279.SZ,20170509,1.038,1.039,1.098,1.039,1.041,0.003,0.289,910.48,99.104
150280.SZ,20170509,0.675,0.64,0.673,0.62,0.667,-0.008,-1.1852,465.0,28.86
150281.SZ,20170509,1.024,1.026,1.027,1.026,1.027,0.003,0.293,15.0,1.54
150282.SZ,20170509,0.398,0.39,0.395,0.359,0.384,-0.014,-3.5176,6491.35,236.929
150283.SZ,20170509,1.029,1.028,1.028,1.028,1.028,-0.001,-0.0972,9.0,0.925
150284.SZ,20170509,0.686,0.658,0.678,0.658,0.669,-0.017,-2.4781,510.06,33.942
150287.SZ,20170509,1.07,1.068,1.07,1.068,1.07,0.0,0.0,47143.0,5042.693
150288.SZ,20170509,0.513,0.514,0.521,0.5,0.521,0.008,1.5595,56358.33,2875.687
150289.SZ,20170509,1.034,1.034,1.038,1.034,1.038,0.004,0.3868,352569.4,36537.646
150290.SZ,20170509,0.324,0.322,0.336,0.316,0.334,0.01,3.0864,709591.88,23067.325
150291.SZ,20170509,1.034,1.033,1.036,1.033,1.034,0.0,0.0,24977.62,2584.998
150292.SZ,20170509,0.506,0.51,0.516,0.508,0.511,0.005,0.9881,27333.0,1402.298
150293.SZ,20170509,1.063,1.049,1.049,1.049,1.049,-0.014,-1.317,96.82,10.156
150294.SZ,20170509,1.075,1.075,1.075,1.075,1.075,0.0,0.0,10.0,1.075
150295.SZ,20170509,1.037,1.041,1.041,1.035,1.037,0.0,0.0,3530.51,366.435
150296.SZ,20170509,0.816,0.793,0.815,0.793,0.814,-0.002,-0.2451,7514.03,603.901
150297.SZ,20170509,1.03,1.032,1.032,1.03,1.031,0.001,0.0971,172.0,17.721
150298.SZ,20170509,0.406,0.372,0.398,0.372,0.397,-0.009,-2.2167,3163.0,118.844
150299.SZ,20170509,1.031,1.031,1.033,1.03,1.033,0.002,0.194,203783.93,21031.24
150300.SZ,20170509,0.46,0.46,0.469,0.46,0.467,0.007,1.5217,44135.05,2057.968
150301.SZ,20170509,1.061,1.075,1.075,1.061,1.064,0.003,0.2828,9453.81,1006.335
150302.SZ,20170509,0.874,0.84,0.875,0.84,0.867,-0.007,-0.8009,1816.61,155.821
150303.SZ,20170509,1.022,1.022,1.022,1.02,1.022,0.0,0.0,475969.0,48590.532
150304.SZ,20170509,0.242,0.239,0.262,0.234,0.262,0.02,8.2645,590511.35,14710.236
150305.SZ,20170509,1.02,1.02,1.02,1.015,1.02,0.0,0.0,495.0,50.414
150306.SZ,20170509,0.47,0.463,0.48,0.453,0.479,0.009,1.9149,2413.0,111.926
150307.SZ,20170509,1.006,1.003,1.009,1.003,1.007,0.001,0.0994,17473.97,1760.405
150308.SZ,20170509,0.315,0.313,0.33,0.293,0.324,0.009,2.8571,31884.05,977.806
150309.SZ,20170509,1.008,1.007,1.012,1.007,1.012,0.004,0.3968,1399.0,141.327
150310.SZ,20170509,0.523,0.518,0.539,0.515,0.527,0.004,0.7648,1202.22,62.927
150311.SZ,20170509,1.006,1.007,1.007,1.007,1.007,0.001,0.0994,603.0,60.722
150312.SZ,20170509,0.709,0.682,0.776,0.681,0.738,0.029,4.0903,1138.11,79.183
150315.SZ,20170509,1.006,1.006,1.009,1.001,1.007,0.001,0.0994,7919.34,797.775
150316.SZ,20170509,0.722,0.71,0.71,0.687,0.708,-0.014,-1.9391,9007.99,629.522
150317.SZ,20170509,1.026,1.05,1.05,1.05,1.05,0.024,2.3392,29.0,3.045
150318.SZ,20170509,0.751,0.823,0.823,0.823,0.823,0.072,9.5872,1.0,0.082
150321.SZ,20170509,1.178,1.172,1.178,1.172,1.176,-0.002,-0.1698,21257.39,2500.801
150322.SZ,20170509,0.849,0.852,0.87,0.833,0.863,0.014,1.649,19769.35,1693.123
150324.SZ,20170509,0.434,0.402,0.428,0.391,0.401,-0.033,-7.6037,6523.67,260.038
150325.SZ,20170509,1.036,1.031,1.042,1.031,1.042,0.006,0.5792,656.0,67.792
150326.SZ,20170509,0.999,0.97,0.994,0.962,0.994,-0.005,-0.5005,284.99,27.65
150327.SZ,20170509,1.13,1.125,1.125,1.125,1.125,-0.005,-0.4425,19.0,2.137
150328.SZ,20170509,1.031,1.03,1.03,1.02,1.029,-0.002,-0.194,372.0,38.294
150329.SZ,20170509,1.007,1.011,1.012,1.006,1.012,0.005,0.4965,830.0,83.847
150330.SZ,20170509,0.946,0.949,0.953,0.938,0.944,-0.002,-0.2114,11569.0,1090.939
150331.SZ,20170509,1.064,1.066,1.07,1.064,1.068,0.004,0.3759,71197.99,7588.629
150332.SZ,20170509,0.291,0.291,0.298,0.284,0.296,0.005,1.7182,132449.13,3847.18
150335.SZ,20170509,1.029,1.029,1.032,1.029,1.031,0.002,0.1944,54427.0,5608.386
150336.SZ,20170509,0.374,0.364,0.372,0.337,0.369,-0.005,-1.3369,165613.44,5811.587
150343.SZ,20170509,1.06,1.06,1.06,1.056,1.06,0.0,0.0,5865.0,621.655
150344.SZ,20170509,0.9,0.898,0.902,0.888,0.902,0.002,0.2222,5237.28,471.313
159001.SZ,20170509,99.999,99.999,100.002,99.997,100.002,0.003,0.003,12380.93,123808.83
159003.SZ,20170509,100.0,99.999,100.003,99.998,100.003,0.003,0.003,67737.99,677380.902
159005.SZ,20170509,100.0,100.0,100.001,99.999,100.001,0.001,0.001,560260.62,5602606.425
159901.SZ,20170509,3.975,3.964,3.985,3.925,3.984,0.009,0.2264,128176.97,50698.368
159902.SZ,20170509,3.08,3.075,3.09,3.044,3.084,0.004,0.1299,89040.41,27296.775
159903.SZ,20170509,1.07,1.063,1.07,1.05,1.063,-0.007,-0.6542,12436.37,1314.648
159905.SZ,20170509,1.252,1.27,1.27,1.239,1.249,-0.003,-0.2396,1719.0,214.708
159906.SZ,20170509,0.89,0.888,0.913,0.881,0.886,-0.004,-0.4494,525.15,47.264
159907.SZ,20170509,1.369,1.36,1.376,1.356,1.376,0.007,0.5113,6931.0,947.63
159908.SZ,20170509,1.269,1.269,1.269,1.269,1.269,0.0,0.0,15.0,1.903
159910.SZ,20170509,1.424,1.407,1.407,1.381,1.389,-0.035,-2.4579,11.0,1.533
159911.SZ,20170509,3.959,3.94,3.94,3.854,3.916,-0.043,-1.0861,18.0,6.961
159912.SZ,20170509,1.243,1.24,1.249,1.23,1.243,0.0,0.0,977.0,120.811
159913.SZ,20170509,1.496,1.48,1.494,1.459,1.494,-0.002,-0.1337,126.0,18.407
159915.SZ,20170509,1.716,1.709,1.73,1.699,1.726,0.01,0.5828,2171479.01,371764.686
159916.SZ,20170509,2.997,2.83,2.99,2.8,2.89,-0.107,-3.5702,274.0,78.251
159918.SZ,20170509,2.019,1.888,1.931,1.888,1.931,-0.088,-4.3586,293.0,55.434
159919.SZ,20170509,3.611,3.612,3.64,3.594,3.614,0.003,0.0831,45032.0,16239.152
159920.SZ,20170509,1.346,1.346,1.362,1.346,1.36,0.014,1.0401,123731.06,16751.525
159921.SZ,20170509,1.486,1.486,1.489,1.486,1.489,0.003,0.2019,19.0,2.826
159922.SZ,20170509,6.074,6.065,6.107,6.023,6.107,0.033,0.5433,518.0,314.608
159923.SZ,20170509,1.303,1.328,1.328,1.284,1.299,-0.004,-0.307,53.0,6.889
159924.SZ,20170509,1.385,1.344,1.37,1.344,1.37,-0.015,-1.083,1081.0,145.588
159925.SZ,20170509,1.38,1.372,1.376,1.366,1.374,-0.006,-0.4348,983.46,134.779
159927.SZ,20170509,3.329,3.308,3.529,3.308,3.529,0.2,6.0078,101.0,33.432
159928.SZ,20170509,1.588,1.593,1.593,1.56,1.579,-0.009,-0.5668,1017.0,159.685
159929.SZ,20170509,1.417,1.414,1.414,1.396,1.406,-0.011,-0.7763,7823.68,1096.122
159930.SZ,20170509,0.775,0.773,0.791,0.76,0.787,0.012,1.5484,428.0,32.886
159931.SZ,20170509,1.409,1.411,1.411,1.411,1.411,0.002,0.1419,12.0,1.693
159932.SZ,20170509,1.73,1.689,1.696,1.687,1.696,-0.034,-1.9653,87.78,14.828
159934.SZ,20170509,2.739,2.735,2.74,2.727,2.734,-0.005,-0.1825,77586.0,21200.93
159935.SZ,20170509,1.61,1.54,1.587,1.54,1.587,-0.023,-1.4286,46.0,7.107
159936.SZ,20170509,1.538,1.54,1.546,1.54,1.54,0.002,0.13,13.0,2.002
159937.SZ,20170509,2.754,2.753,2.757,2.746,2.753,-0.001,-0.0363,96140.0,26470.358
159938.SZ,20170509,1.27,1.269,1.269,1.245,1.257,-0.013,-1.0236,61315.0,7674.713
159939.SZ,20170509,1.047,1.046,1.05,1.031,1.048,0.001,0.0955,9230.0,959.843
159940.SZ,20170509,0.778,0.771,0.782,0.771,0.775,-0.003,-0.3856,503.0,38.962
159941.SZ,20170509,1.319,1.319,1.329,1.308,1.317,-0.002,-0.1516,2961.0,389.384
159942.SZ,20170509,1.755,1.699,1.742,1.699,1.741,-0.014,-0.7977,338.54,57.65
159943.SZ,20170509,10.338,10.338,10.377,10.191,10.339,0.001,0.0097,265.18,272.197
159945.SZ,20170509,0.68,0.679,0.679,0.664,0.675,-0.005,-0.7353,1151.0,76.759
159946.SZ,20170509,1.024,0.991,1.024,0.948,1.007,-0.017,-1.6602,2098.02,208.587
159948.SZ,20170509,1.857,1.858,1.869,1.835,1.866,0.009,0.4847,4107.91,760.53
159949.SZ,20170509,0.72,0.719,0.727,0.713,0.725,0.005,0.6944,64725.29,4666.331
160105.SZ,20170509,0.981,0.98,0.983,0.98,0.983,0.002,0.2039,434.0,42.619
160106.SZ,20170509,1.218,1.214,1.216,1.208,1.208,-0.01,-0.821,1063.0,128.931
160119.SZ,20170509,1.505,1.493,1.542,1.483,1.508,0.003,0.1993,2700.6,403.817
160125.SZ,20170509,0.844,0.843,0.85,0.842,0.849,0.005,0.5924,2899.0,244.987
160128.SZ,20170509,0.97,0.97,0.971,0.97,0.97,0.0,0.0,700.0,67.91
160130.SZ,20170509,0.936,0.934,0.934,0.934,0.934,-0.002,-0.2137,40.0,3.736
160133.SZ,20170509,1.878,1.882,1.882,1.866,1.868,-0.01,-0.5325,7944.99,1484.979
160211.SZ,20170509,3.058,3.048,3.055,3.005,3.04,-0.018,-0.5886,4433.01,1343.874
160212.SZ,20170509,2.5,2.5,2.511,2.467,2.49,-0.01,-0.4,17873.15,4449.973
160215.SZ,20170509,1.545,1.541,1.554,1.522,1.544,-0.001,-0.0647,492.65,75.327
160216.SZ,20170509,0.404,0.404,0.406,0.401,0.402,-0.002,-0.495,73399.0,2957.976
160220.SZ,20170509,1.271,1.272,1.272,1.272,1.272,0.001,0.0787,1041.0,132.415
160223.SZ,20170509,0.847,0.836,0.852,0.835,0.852,0.005,0.5903,759.11,64.231
160225.SZ,20170509,0.936,0.97,0.97,0.925,0.933,-0.003,-0.3205,184.0,17.075
160311.SZ,20170509,1.336,1.328,1.337,1.328,1.337,0.001,0.0749,885.52,118.096
160314.SZ,20170509,1.035,1.058,1.058,1.022,1.039,0.004,0.3865,1343.52,138.05
160323.SZ,20170509,0.929,0.922,0.927,0.922,0.924,-0.005,-0.5382,233.03,21.551
160415.SZ,20170509,1.224,1.197,1.217,1.169,1.209,-0.015,-1.2255,564.0,67.343
160416.SZ,20170509,0.93,0.935,0.941,0.932,0.935,0.005,0.5376,10524.0,984.958
160421.SZ,20170509,0.836,0.83,0.833,0.83,0.832,-0.004,-0.4785,8800.25,731.475
160505.SZ,20170509,1.653,1.653,1.655,1.644,1.651,-0.002,-0.121,11703.66,1931.098
160512.SZ,20170509,2.283,2.271,2.282,2.26,2.277,-0.006,-0.2628,778.62,176.28
160515.SZ,20170509,0.977,0.977,0.977,0.977,0.977,0.0,0.0,53.0,5.178
160518.SZ,20170509,0.905,0.9,0.907,0.9,0.904,-0.001,-0.1105,16730.36,1508.328
160519.SZ,20170509,0.93,0.925,0.929,0.92,0.925,-0.005,-0.5376,818.0,75.65
160520.SZ,20170509,0.951,0.949,0.95,0.949,0.95,-0.001,-0.1052,54.0,5.127
160607.SZ,20170509,0.697,0.695,0.7,0.693,0.698,0.001,0.1435,868.52,60.423
160610.SZ,20170509,1.045,1.041,1.041,1.03,1.04,-0.005,-0.4785,491.0,50.945
160611.SZ,20170509,0.827,0.827,0.827,0.812,0.824,-0.003,-0.3628,239.44,19.638
160613.SZ,20170509,1.329,1.324,1.324,1.321,1.321,-0.008,-0.602,3.0,0.396
160615.SZ,20170509,1.335,1.32,1.32,1.316,1.32,-0.015,-1.1236,13.0,1.715
160616.SZ,20170509,1.277,1.263,1.265,1.262,1.265,-0.012,-0.9397,141.25,17.855
160621.SZ,20170509,1.059,1.055,1.055,1.053,1.053,-0.006,-0.5666,408.0,42.965
160642.SZ,20170509,0.92,0.919,0.919,0.919,0.919,-0.001,-0.1087,30.0,2.757
160706.SZ,20170509,0.954,0.954,0.956,0.948,0.951,-0.003,-0.3145,17582.03,1671.896
160716.SZ,20170509,1.27,1.27,1.273,1.259,1.264,-0.006,-0.4724,1713.59,216.568
160717.SZ,20170509,0.742,0.745,0.748,0.742,0.748,0.006,0.8086,5820.0,433.635
160719.SZ,20170509,0.708,0.708,0.709,0.705,0.708,0.0,0.0,4452.0,314.958
160722.SZ,20170509,0.948,0.944,0.947,0.944,0.947,-0.001,-0.1055,6223.46,588.574
160723.SZ,20170509,0.994,0.993,0.995,0.993,0.994,0.0,0.0,26096.4,2593.948
160805.SZ,20170509,0.821,0.836,0.836,0.813,0.813,-0.008,-0.9744,109.23,8.923
160806.SZ,20170509,1.23,1.23,1.237,1.219,1.221,-0.009,-0.7317,510.69,62.409
160807.SZ,20170509,1.134,1.102,1.11,1.099,1.11,-0.024,-2.1164,3.0,0.331
160810.SZ,20170509,1.229,1.197,1.197,1.197,1.197,-0.032,-2.6037,2.0,0.239
160812.SZ,20170509,1.391,1.391,1.391,1.374,1.386,-0.005,-0.3595,3520.03,486.819
160813.SZ,20170509,0.785,0.781,0.783,0.775,0.779,-0.006,-0.7643,1221.8,95.343
160910.SZ,20170509,0.964,0.959,0.974,0.959,0.974,0.01,1.0373,42.01,4.031
160916.SZ,20170509,2.308,2.302,2.317,2.301,2.311,0.003,0.13,1049.05,242.041
160918.SZ,20170509,1.739,1.714,1.749,1.714,1.738,-0.001,-0.0575,991.0,171.081
160919.SZ,20170509,1.15,1.143,1.148,1.142,1.148,-0.002,-0.1739,102.0,11.652
160921.SZ,20170509,0.92,0.918,0.92,0.918,0.92,0.0,0.0,3114.14,286.188
160922.SZ,20170509,1.015,1.04,1.077,1.015,1.036,0.021,2.069,1581.46,164.207
161005.SZ,20170509,1.738,1.73,1.73,1.72,1.73,-0.008,-0.4603,1068.0,184.311
161010.SZ,20170509,1.035,1.034,1.034,1.032,1.033,-0.002,-0.1932,3360.0,346.933
161015.SZ,20170509,0.913,0.912,0.912,0.912,0.912,-0.001,-0.1095,64559.57,5887.832
161017.SZ,20170509,2.05,2.047,2.06,2.028,2.059,0.009,0.439,171.15,34.927
161019.SZ,20170509,0.961,0.961,0.962,0.961,0.961,0.0,0.0,3000.0,288.304
161033.SZ,20170509,0.964,0.946,1.047,0.945,0.963,-0.001,-0.1037,362.48,34.562
161035.SZ,20170509,0.917,0.905,0.905,0.886,0.893,-0.024,-2.6172,1485.0,132.346
161036.SZ,20170509,0.953,0.941,0.95,0.938,0.95,-0.003,-0.3148,4683.55,440.74
161116.SZ,20170509,0.723,0.723,0.725,0.722,0.724,0.001,0.1383,6690.0,483.177
161117.SZ,20170509,1.0,0.978,1.025,0.978,1.023,0.023,2.3,1769.0,175.112
161124.SZ,20170509,1.026,1.025,1.033,1.025,1.033,0.007,0.6823,11879.81,1220.913
161125.SZ,20170509,1.05,1.049,1.051,1.042,1.047,-0.003,-0.2857,5460.0,572.076
161126.SZ,20170509,1.11,1.1,1.142,1.092,1.102,-0.008,-0.7207,1842.0,202.317
161127.SZ,20170509,1.178,1.128,1.128,1.084,1.091,-0.087,-7.3854,21666.24,2372.026
161128.SZ,20170509,1.109,1.11,1.126,1.098,1.121,0.012,1.0821,6362.53,710.262
161129.SZ,20170509,0.919,0.91,0.911,0.91,0.911,-0.008,-0.8705,240.0,21.853
161210.SZ,20170509,0.949,0.952,0.962,0.952,0.96,0.011,1.1591,291.0,27.801
161217.SZ,20170509,0.63,0.624,0.63,0.623,0.63,0.0,0.0,88.0,5.483
161219.SZ,20170509,1.283,1.272,1.282,1.257,1.277,-0.006,-0.4677,79.0,10.04
161222.SZ,20170509,1.053,1.041,1.045,1.035,1.045,-0.008,-0.7597,429.0,44.762
161224.SZ,20170509,1.079,1.077,1.077,1.073,1.073,-0.006,-0.5561,104.35,11.22
161225.SZ,20170509,1.072,1.066,1.066,1.061,1.066,-0.006,-0.5597,428.02,45.488
161226.SZ,20170509,0.926,0.924,0.926,0.919,0.922,-0.004,-0.432,39419.78,3633.947
161227.SZ,20170509,0.868,0.865,0.867,0.857,0.866,-0.002,-0.2304,26638.97,2292.605
161229.SZ,20170509,1.288,1.283,1.292,1.276,1.283,-0.005,-0.3882,203.0,26.089
1612301.SZ,20170509,0.992,0.988,0.992,0.988,0.991,-0.001,-0.1008,140.0,13.868
161232.SZ,20170509,0.832,0.831,0.832,0.827,0.832,0.0,0.0,23078.94,1914.787
161610.SZ,20170509,0.843,0.844,0.846,0.838,0.845,0.002,0.2372,1292.59,108.579
161630.SZ,20170509,0.92,0.92,0.92,0.919,0.919,-0.001,-0.1087,11.0,1.011
161631.SZ,20170509,0.987,0.977,0.99,0.977,0.99,0.003,0.304,3059.13,300.685
161706.SZ,20170509,1.346,1.34,1.346,1.327,1.33,-0.016,-1.1887,2605.0,348.004
161713.SZ,20170509,0.997,0.998,0.998,0.998,0.998,0.001,0.1003,23.0,2.295
161714.SZ,20170509,0.86,0.864,0.866,0.86,0.865,0.005,0.5814,1647.0,141.995
161722.SZ,20170509,1.09,1.088,1.088,1.088,1.088,-0.002,-0.1835,14.0,1.523
161727.SZ,20170509,0.951,0.951,0.953,0.906,0.953,0.002,0.2103,32.0,3.037
161810.SZ,20170509,1.553,1.534,1.549,1.534,1.549,-0.004,-0.2576,8.0,1.23
161813.SZ,20170509,1.27,1.261,1.261,1.261,1.261,-0.009,-0.7087,644.0,81.208
161815.SZ,20170509,0.454,0.455,0.455,0.453,0.455,0.001,0.2203,1395.0,63.316
161820.SZ,20170509,1.051,1.049,1.05,1.047,1.05,-0.001,-0.0951,1608.0,168.704
161821.SZ,20170509,1.204,1.198,1.198,1.198,1.198,-0.006,-0.4983,2.0,0.239
161831.SZ,20170509,0.919,0.919,0.928,0.914,0.923,0.004,0.4353,3248.96,298.914
161834.SZ,20170509,0.856,0.855,0.87,0.855,0.861,0.005,0.5841,11277.13,967.343
161903.SZ,20170509,0.839,0.829,0.833,0.827,0.833,-0.006,-0.7151,752.0,62.396
161907.SZ,20170509,1.505,1.479,1.479,1.464,1.464,-0.041,-2.7243,25.0,3.661
161911.SZ,20170509,0.961,0.96,0.96,0.957,0.958,-0.003,-0.3122,24122.83,2311.008
162006.SZ,20170509,1.086,1.08,1.082,1.08,1.082,-0.004,-0.3683,27.0,2.916
162207.SZ,20170509,1.15,1.138,1.142,1.138,1.142,-0.008,-0.6957,2.0,0.228
162411.SZ,20170509,0.594,0.602,0.603,0.599,0.601,0.007,1.1785,858665.0,51613.555
162414.SZ,20170509,1.084,1.084,1.084,1.084,1.084,0.0,0.0,21.0,2.276
162415.SZ,20170509,1.218,1.214,1.22,1.204,1.218,0.0,0.0,1048.0,127.422
162510.SZ,20170509,1.005,1.001,1.04,1.001,1.004,-0.001,-0.0995,1036.0,105.231
162605.SZ,20170509,0.98,0.969,0.982,0.96,0.97,-0.01,-1.0204,866.0,83.931
162607.SZ,20170509,0.485,0.477,0.485,0.472,0.483,-0.002,-0.4124,1266.18,61.023
162703.SZ,20170509,1.178,1.178,1.178,1.165,1.173,-0.005,-0.4244,3902.39,456.732
162711.SZ,20170509,1.289,1.274,1.279,1.273,1.279,-0.01,-0.7758,32.0,4.087
162712.SZ,20170509,1.394,1.393,1.394,1.393,1.394,0.0,0.0,1042.0,145.151
162715.SZ,20170509,1.082,1.083,1.087,1.08,1.087,0.005,0.4621,972.0,105.331
162717.SZ,20170509,0.933,0.91,0.929,0.91,0.915,-0.018,-1.9293,1370.04,126.727
162718.SZ,20170509,0.899,0.899,0.9,0.899,0.899,0.0,0.0,419.25,37.694
162719.SZ,20170509,0.954,0.961,0.964,0.96,0.961,0.007,0.7338,7489.92,719.84
163001.SZ,20170509,0.913,0.914,0.914,0.914,0.914,0.001,0.1095,2.0,0.182
163003.SZ,20170509,0.812,0.811,0.819,0.74,0.819,0.007,0.8621,6146.66,455.213
163005.SZ,20170509,0.811,0.817,0.817,0.817,0.817,0.006,0.7398,411.0,33.578
163110.SZ,20170509,2.51,2.51,2.511,2.486,2.511,0.001,0.0398,10234.0,2557.908
163119.SZ,20170509,0.861,0.86,0.861,0.851,0.857,-0.004,-0.4646,8401.78,718.769
163208.SZ,20170509,0.877,0.888,0.954,0.881,0.9,0.023,2.6226,5043.0,472.3
163210.SZ,20170509,1.003,1.003,1.004,1.0,1.001,-0.002,-0.1994,2533.9,253.763
163302.SZ,20170509,1.277,1.277,1.277,1.267,1.277,0.0,0.0,350.0,44.502
163402.SZ,20170509,0.991,0.989,0.999,0.984,0.992,0.001,0.1009,12936.47,1280.423
163407.SZ,20170509,1.458,1.458,1.538,1.458,1.53,0.072,4.9383,302.89,45.872
163409.SZ,20170509,1.456,1.459,1.461,1.457,1.457,0.001,0.0687,188.0,27.416
163412.SZ,20170509,2.405,2.401,2.41,2.392,2.408,0.003,0.1247,5205.01,1249.39
163415.SZ,20170509,1.299,1.296,1.296,1.29,1.293,-0.006,-0.4619,430.0,55.614
163503.SZ,20170509,0.456,0.451,0.486,0.45,0.465,0.009,1.9737,1751.02,79.608
163801.SZ,20170509,1.134,1.129,1.148,1.12,1.134,0.0,0.0,1639.0,184.252
163819.SZ,20170509,1.085,1.077,1.077,1.077,1.077,-0.008,-0.7373,20.0,2.154
163821.SZ,20170509,1.418,1.388,1.407,1.378,1.387,-0.031,-2.1862,41.0,5.672
163827.SZ,20170509,1.0,0.997,0.998,0.997,0.998,-0.002,-0.2,5.0,0.498
164208.SZ,20170509,1.123,1.123,1.123,1.123,1.123,0.0,0.0,2.0,0.224
164210.SZ,20170509,0.984,0.983,0.985,0.983,0.985,0.001,0.1016,748.0,73.538
164302.SZ,20170509,1.008,1.007,1.007,1.007,1.007,-0.001,-0.0992,109.0,10.976
164403.SZ,20170509,0.912,0.902,0.902,0.895,0.895,-0.017,-1.864,18.0,1.615
164509.SZ,20170509,1.005,0.998,1.0,0.998,1.0,-0.005,-0.4975,11.0,1.099
164701.SZ,20170509,0.608,0.608,0.609,0.606,0.607,-0.001,-0.1645,9328.82,566.667
164702.SZ,20170509,0.961,0.961,0.961,0.961,0.961,0.0,0.0,30.0,2.883
164705.SZ,20170509,1.068,1.069,1.077,1.069,1.077,0.009,0.8427,1133.56,121.659
164808.SZ,20170509,0.98,0.978,0.98,0.978,0.98,0.0,0.0,131.0,12.812
164810.SZ,20170509,0.961,0.957,0.961,0.952,0.96,-0.001,-0.1041,259.0,24.729
164815.SZ,20170509,0.781,0.792,0.792,0.78,0.784,0.003,0.3841,341.0,26.653
164906.SZ,20170509,1.194,1.2,1.23,1.196,1.21,0.016,1.34,9444.52,1151.246
165313.SZ,20170509,1.396,1.395,1.422,1.384,1.391,-0.005,-0.3582,3105.0,433.343
165510.SZ,20170509,0.743,0.748,0.765,0.701,0.742,-0.001,-0.1346,47620.0,3548.577
165512.SZ,20170509,2.181,2.134,2.156,1.964,2.156,-0.025,-1.1463,902.96,179.544
165513.SZ,20170509,0.44,0.439,0.442,0.438,0.441,0.001,0.2273,720.0,31.685
165516.SZ,20170509,2.324,2.309,2.309,2.309,2.309,-0.015,-0.6454,1.0,0.23
165517.SZ,20170509,0.747,0.748,0.748,0.748,0.748,0.001,0.1339,13.26,0.991
165525.SZ,20170509,1.21,1.205,1.216,1.191,1.207,-0.003,-0.2479,5391.76,647.582
165528.SZ,20170509,0.971,0.97,0.98,0.97,0.978,0.007,0.7209,13757.03,1334.975
165807.SZ,20170509,1.028,1.029,1.029,1.029,1.029,0.001,0.0973,1.0,0.102
166001.SZ,20170509,1.067,1.052,1.052,1.042,1.049,-0.018,-1.687,50.0,5.215
166006.SZ,20170509,1.056,1.05,1.05,1.045,1.045,-0.011,-1.0417,59.0,6.177
166008.SZ,20170509,1.011,1.011,1.012,1.011,1.011,0.0,0.0,206.33,20.86
166011.SZ,20170509,1.16,1.16,1.16,1.159,1.16,0.0,0.0,168.0,19.472
166401.SZ,20170509,1.029,1.03,1.03,1.03,1.03,0.001,0.0972,1.0,0.103
166902.SZ,20170509,1.005,1.0,1.0,1.0,1.0,-0.005,-0.4975,300.0,30.0
166904.SZ,20170509,1.043,1.013,1.088,1.013,1.074,0.031,2.9722,9.0,0.961
167001.SZ,20170509,0.847,0.844,0.847,0.84,0.847,0.0,0.0,6922.43,582.909
167002.SZ,20170509,0.954,0.965,0.965,0.965,0.965,0.011,1.153,1.0,0.096
167501.SZ,20170509,1.082,1.08,1.08,1.08,1.08,-0.002,-0.1848,280.0,30.24
168101.SZ,20170509,1.003,1.004,1.004,0.997,1.0,-0.003,-0.2991,4096.0,409.113
168102.SZ,20170509,0.832,0.832,0.839,0.824,0.828,-0.004,-0.4808,6727.0,557.023
168103.SZ,20170509,0.795,0.794,0.795,0.79,0.794,-0.001,-0.1258,63203.84,5012.025
168104.SZ,20170509,0.95,0.912,0.946,0.91,0.946,-0.004,-0.4211,251.0,23.571
168105.SZ,20170509,0.81,0.81,0.81,0.808,0.809,-0.001,-0.1235,1195.0,96.645
168301.SZ,20170509,0.906,0.905,0.908,0.904,0.907,0.001,0.1104,7764.77,702.802
169101.SZ,20170509,1.373,1.385,1.412,1.358,1.36,-0.013,-0.9468,2784.0,379.62
169102.SZ,20170509,1.27,1.257,1.269,1.257,1.263,-0.007,-0.5512,3117.1,392.31
169103.SZ,20170509,1.152,1.155,1.155,1.145,1.149,-0.003,-0.2604,694.0,79.738
169104.SZ,20170509,1.15,1.143,1.16,1.143,1.16,0.01,0.8696,151.0,17.486
169105.SZ,20170509,1.147,1.147,1.153,1.14,1.153,0.006,0.5231,66197.52,7589.376
169201.SZ,20170509,0.895,0.895,0.899,0.89,0.899,0.004,0.4469,22677.17,2029.347
184722.SZ,20170509,0.949,0.948,0.95,0.945,0.949,0.0,0.0,65056.0,6166.656
184801.SZ,20170509,100.28,100.1,100.328,99.8,100.313,0.033,0.0329,262.0,2620.773
500058.SH,20170509,0.952,0.952,0.954,0.947,0.953,0.001,0.105,101173.31,9620.223
501001.SH,20170509,1.012,1.002,1.02,0.982,1.009,-0.003,-0.2964,72329.42,7124.086
501002.SH,20170509,0.964,0.944,0.955,0.944,0.951,-0.013,-1.3485,53.0,5.005
501003.SH,20170509,1.001,1.001,1.101,1.001,1.101,0.1,9.99,424.47,46.7
501005.SH,20170509,0.952,0.951,0.953,0.945,0.951,-0.001,-0.105,2563.08,242.696
501007.SH,20170509,0.907,0.906,0.99,0.905,0.985,0.078,8.5998,71.0,6.597
501008.SH,20170509,0.929,0.913,0.927,0.913,0.927,-0.002,-0.2153,13.0,1.188
501009.SH,20170509,0.999,0.979,0.998,0.973,0.998,-0.001,-0.1001,304.0,29.795
501010.SH,20170509,1.009,1.03,1.035,0.985,0.985,-0.024,-2.3786,26.86,2.678
501011.SH,20170509,1.048,1.044,1.044,1.018,1.037,-0.011,-1.0496,169.0,17.254
501012.SH,20170509,1.014,1.014,1.02,1.002,1.02,0.006,0.5917,282.18,28.384
501015.SH,20170509,0.948,0.946,0.947,0.94,0.945,-0.003,-0.3165,57367.57,5414.513
501017.SH,20170509,0.938,0.922,0.937,0.921,0.931,-0.007,-0.7463,40989.28,3799.0
501018.SH,20170509,0.905,0.905,0.905,0.898,0.9,-0.005,-0.5525,73785.0,6647.092
501019.SH,20170509,0.864,0.858,0.862,0.847,0.861,-0.003,-0.3472,13992.18,1201.034
501020.SH,20170509,0.987,0.972,0.987,0.971,0.972,-0.015,-1.5198,2749.46,267.445
501021.SH,20170509,1.16,1.17,1.178,1.161,1.177,0.017,1.4655,17889.92,2092.956
501022.SH,20170509,0.936,0.92,0.94,0.92,0.935,-0.001,-0.1068,5073.3,471.005
501023.SH,20170509,1.051,1.053,1.057,1.051,1.057,0.006,0.5709,27427.96,2890.945
501025.SH,20170509,1.049,1.042,1.048,1.036,1.047,-0.002,-0.1907,2258.27,235.501
501026.SH,20170509,0.905,0.901,0.91,0.901,0.91,0.005,0.5525,13061.25,1187.245
501028.SH,20170509,0.913,0.91,0.915,0.91,0.912,-0.001,-0.1095,9810.15,895.293
501029.SH,20170509,0.992,0.989,0.992,0.987,0.99,-0.002,-0.2016,160523.0,15882.997
501030.SH,20170509,1.037,1.056,1.056,1.022,1.026,-0.011,-1.0608,431.43,44.458
501031.SH,20170509,1.037,1.035,1.035,1.01,1.014,-0.023,-2.2179,552.36,56.185
501032.SH,20170509,0.908,0.907,0.908,0.906,0.908,0.0,0.0,4411.29,400.365
501050.SH,20170509,1.009,1.005,1.01,1.0,1.009,0.0,0.0,6842.93,687.965
501300.SH,20170509,1.007,1.009,1.009,1.006,1.008,0.001,0.0993,5806.0,584.785
501301.SH,20170509,0.984,0.984,0.99,0.982,0.99,0.006,0.6098,71907.14,7088.929
502001.SH,20170509,1.035,1.1,1.1,1.1,1.1,0.065,6.2802,800.0,88.0
502002.SH,20170509,0.93,0.859,0.921,0.854,0.921,-0.009,-0.9677,26.84,2.383
502003.SH,20170509,0.974,0.965,0.984,0.964,0.983,0.009,0.924,20662.96,2021.255
502004.SH,20170509,1.027,1.027,1.03,1.026,1.029,0.002,0.1947,66652.0,6854.77
502005.SH,20170509,0.916,0.9,0.943,0.877,0.938,0.022,2.4017,62561.71,5753.489
502006.SH,20170509,0.988,0.988,0.988,0.978,0.982,-0.006,-0.6073,2230.01,219.466
502007.SH,20170509,1.11,1.105,1.124,1.098,1.103,-0.007,-0.6306,253.23,28.149
502008.SH,20170509,0.859,0.846,0.858,0.831,0.852,-0.007,-0.8149,14516.11,1222.938
502011.SH,20170509,1.03,1.026,1.032,1.026,1.032,0.002,0.1942,4590.06,473.523
502012.SH,20170509,1.09,1.082,1.11,1.082,1.109,0.019,1.7431,6779.23,746.889
502013.SH,20170509,0.809,0.809,0.813,0.8,0.811,0.002,0.2472,170905.44,13806.09
502014.SH,20170509,1.027,1.027,1.029,1.026,1.028,0.001,0.0974,91279.89,9378.406
502015.SH,20170509,0.59,0.589,0.597,0.557,0.595,0.005,0.8475,156084.48,9135.556
502016.SH,20170509,1.078,1.038,1.066,1.038,1.066,-0.012,-1.1132,1.01,0.108
502017.SH,20170509,1.006,1.005,1.006,1.005,1.006,0.0,0.0,690.0,69.364
502018.SH,20170509,1.165,1.09,1.09,1.09,1.09,-0.075,-6.4378,1.0,0.109
502021.SH,20170509,1.037,1.004,1.004,1.004,1.004,-0.033,-3.1823,48.0,4.819
502022.SH,20170509,1.281,1.155,1.32,1.155,1.32,0.039,3.0445,17.94,2.124
502024.SH,20170509,1.06,1.086,1.092,1.067,1.08,0.02,1.8868,639.11,68.72
502025.SH,20170509,0.744,0.685,0.72,0.685,0.718,-0.026,-3.4946,882.0,61.807
502026.SH,20170509,0.813,0.787,0.847,0.787,0.839,0.026,3.198,1160.0,91.989
502028.SH,20170509,0.6,0.577,0.65,0.577,0.65,0.05,8.3333,711.0,41.503
502031.SH,20170509,1.035,1.045,1.045,1.025,1.043,0.008,0.7729,1552.0,159.691
502032.SH,20170509,1.02,1.019,1.023,1.019,1.023,0.003,0.2941,322.0,32.895
502036.SH,20170509,0.941,0.941,0.998,0.941,0.942,0.001,0.1063,16.0,1.528
502037.SH,20170509,1.05,1.04,1.04,1.04,1.04,-0.01,-0.9524,1.0,0.104
502038.SH,20170509,0.83,0.815,0.83,0.778,0.83,0.0,0.0,38.87,3.205
502042.SH,20170509,0.832,0.801,0.83,0.801,0.826,-0.006,-0.7212,263.9,21.569
502048.SH,20170509,1.132,1.126,1.144,1.125,1.133,0.001,0.0883,127642.09,14393.408
502049.SH,20170509,1.04,1.034,1.069,1.01,1.063,0.023,2.2115,66157.77,6977.884
502050.SH,20170509,1.237,1.229,1.24,1.188,1.229,-0.008,-0.6467,79530.58,9601.031
502053.SH,20170509,0.908,0.902,0.908,0.902,0.908,0.0,0.0,20.7,1.879
502054.SH,20170509,1.073,1.077,1.083,1.074,1.083,0.01,0.932,6408.5,689.18
502055.SH,20170509,0.732,0.726,0.735,0.72,0.731,-0.001,-0.1366,10441.0,762.454
502056.SH,20170509,0.981,0.976,1.041,0.975,0.999,0.018,1.8349,112.94,11.189
502057.SH,20170509,1.051,1.051,1.051,1.051,1.051,0.0,0.0,395.0,41.515
502058.SH,20170509,0.929,0.873,0.91,0.873,0.91,-0.019,-2.0452,140.94,12.685
505888.SH,20170509,1.179,1.179,1.181,1.17,1.175,-0.004,-0.3393,1136857.28,133355.31
510010.SH,20170509,0.987,0.987,0.988,0.974,0.983,-0.004,-0.4053,138.0,13.55
510020.SH,20170509,2.38,2.36,2.375,2.36,2.375,-0.005,-0.2101,10.48,2.475
510030.SH,20170509,4.078,4.02,4.02,3.991,4.02,-0.058,-1.4223,73.0,29.305
510050.SH,20170509,2.318,2.312,2.319,2.31,2.315,-0.003,-0.1294,1456514.77,337121.159
510060.SH,20170509,1.612,1.608,1.611,1.603,1.609,-0.003,-0.1861,1361.0,218.751
510070.SH,20170509,1.578,1.566,1.569,1.566,1.569,-0.009,-0.5703,8.0,1.255
510110.SH,20170509,2.859,2.891,3.118,2.891,3.118,0.259,9.0591,18.0,5.568
510120.SH,20170509,2.762,2.67,2.67,2.67,2.67,-0.092,-3.3309,4.0,1.068
510130.SH,20170509,3.601,3.57,3.587,3.56,3.587,-0.014,-0.3888,189.39,67.559
510150.SH,20170509,3.988,4.088,4.088,4.06,4.06,0.072,1.8054,10.0,4.085
510160.SH,20170509,0.553,0.551,0.553,0.547,0.551,-0.002,-0.3617,8087.0,444.52
510170.SH,20170509,1.72,1.7,1.72,1.7,1.72,0.0,0.0,22.0,3.768
510180.SH,20170509,2.99,2.98,2.988,2.968,2.978,-0.012,-0.4013,79373.75,23636.226
510190.SH,20170509,3.188,3.192,3.222,3.19,3.216,0.028,0.8783,161.0,51.4
510210.SH,20170509,3.548,3.448,3.548,3.448,3.547,-0.001,-0.0282,118.0,41.65
510220.SH,20170509,3.975,3.912,3.98,3.912,3.98,0.005,0.1258,26.4,10.504
510230.SH,20170509,5.101,5.107,5.119,5.08,5.095,-0.006,-0.1176,899.0,457.819
510260.SH,20170509,1.086,1.086,1.086,1.082,1.082,-0.004,-0.3683,120.0,13.004
510270.SH,20170509,1.01,1.009,1.009,0.984,0.988,-0.022,-2.1782,302.0,29.886
510290.SH,20170509,1.496,1.498,1.504,1.484,1.494,-0.002,-0.1337,22273.0,3325.939
510300.SH,20170509,3.345,3.34,3.356,3.329,3.348,0.003,0.0897,1400235.84,467728.686
510310.SH,20170509,1.406,1.406,1.406,1.395,1.405,-0.001,-0.0711,7643.0,1068.746
510330.SH,20170509,3.578,3.575,3.582,3.549,3.576,-0.002,-0.0559,6733.0,2400.953
510360.SH,20170509,1.04,1.038,1.04,1.031,1.04,0.0,0.0,35879.0,3718.768
510410.SH,20170509,0.644,0.636,0.649,0.632,0.648,0.004,0.6211,891.0,57.057
510420.SH,20170509,1.414,1.402,1.447,1.393,1.414,0.0,0.0,432.04,60.205
510440.SH,20170509,1.772,1.77,1.776,1.75,1.776,0.004,0.2257,15.0,2.646
510500.SH,20170509,6.266,6.25,6.294,6.202,6.29,0.024,0.383,257398.45,160839.004
510510.SH,20170509,1.65,1.65,1.665,1.637,1.66,0.01,0.6061,45644.0,7556.323
510520.SH,20170509,1.684,1.684,1.84,1.63,1.84,0.156,9.2637,385.0,66.322
510560.SH,20170509,1.233,1.221,1.249,1.221,1.249,0.016,1.2976,47.31,5.779
510580.SH,20170509,5.832,5.81,5.878,5.759,5.872,0.04,0.6859,107.0,62.767
510630.SH,20170509,1.69,1.684,1.684,1.666,1.683,-0.007,-0.4142,664.0,110.875
510650.SH,20170509,1.435,1.437,1.442,1.437,1.438,0.003,0.2091,137.0,19.708
510660.SH,20170509,1.592,1.59,1.59,1.566,1.578,-0.014,-0.8794,1911.0,301.025
510710.SH,20170509,2.334,2.354,2.354,2.328,2.338,0.004,0.1714,691.0,161.268
510810.SH,20170509,0.963,0.961,0.963,0.951,0.953,-0.01,-1.0384,95675.0,9134.597
510880.SH,20170509,2.679,2.675,2.689,2.665,2.683,0.004,0.1493,38946.0,10424.923
510900.SH,20170509,1.097,1.099,1.108,1.094,1.106,0.009,0.8204,6890549.0,759362.51
511010.SH,20170509,109.2,109.296,109.3,109.155,109.23,0.03,0.0275,74351.45,812132.263
511220.SH,20170509,93.001,93.498,93.498,93.005,93.344,0.343,0.3688,52.0,484.876
511230.SH,20170509,99.0,95.555,99.0,95.555,99.0,0.0,0.0,4.0,39.55
511600.SH,20170509,100.001,99.998,100.002,99.998,100.001,0.0,0.0,3314.11,33141.069
511650.SH,20170509,100.001,99.996,100.003,99.996,100.002,0.001,0.001,6311.72,63116.421
511660.SH,20170509,100.002,99.998,100.007,99.997,100.005,0.003,0.003,140992.04,1409924.204
511680.SH,20170509,99.997,99.996,100.009,99.996,100.003,0.006,0.006,4796.97,47970.902
511690.SH,20170509,100.0,99.996,100.004,99.996,100.0,0.0,0.0,131912.33,1319101.058
511700.SH,20170509,99.996,99.997,100.003,99.997,100.003,0.007,0.007,1295.53,12955.081
511770.SH,20170509,99.997,99.995,100.0,99.995,100.0,0.003,0.003,2047.7,20476.493
511800.SH,20170509,100.0,99.997,100.004,99.996,100.002,0.002,0.002,8286.21,82861.496
511810.SH,20170509,100.0,99.999,100.006,99.998,100.001,0.001,0.001,166686.98,1666891.785
511820.SH,20170509,100.003,100.0,100.005,99.997,100.004,0.001,0.001,65461.51,654613.295
511830.SH,20170509,100.005,100.002,100.007,99.998,100.006,0.001,0.001,5136.27,51363.159
511850.SH,20170509,100.012,100.009,100.016,100.006,100.016,0.004,0.004,3104.29,31046.252
511860.SH,20170509,100.005,100.005,100.01,99.993,100.005,0.0,0.0,6179.73,61798.289
511880.SH,20170509,101.215,101.223,101.251,101.223,101.247,0.032,0.0316,1122048.72,11358042.57
511890.SH,20170509,99.995,99.988,99.999,99.988,99.999,0.004,0.004,138.1,1380.917
511900.SH,20170509,100.001,100.0,100.001,99.997,100.001,0.0,0.0,54681.08,546806.926
511910.SH,20170509,100.0,99.999,100.001,99.999,100.001,0.001,0.001,5835.51,58355.037
511920.SH,20170509,99.994,99.984,100.06,99.984,100.0,0.006,0.006,985.64,9856.489
511930.SH,20170509,99.998,99.999,100.001,99.997,100.001,0.003,0.003,2443.02,24429.764
511960.SH,20170509,100.003,99.996,100.003,99.996,100.001,-0.002,-0.002,1155.49,11554.871
511970.SH,20170509,100.001,99.998,100.004,99.998,100.002,0.001,0.001,2203.05,22030.728
511980.SH,20170509,100.0,99.997,100.002,99.996,100.001,0.001,0.001,17054.24,170539.614
511990.SH,20170509,100.015,100.008,100.03,100.005,100.021,0.006,0.006,1143336.68,11434705.839
512000.SH,20170509,0.907,0.905,0.909,0.901,0.906,-0.001,-0.1103,50156.0,4536.91
512010.SH,20170509,1.42,1.419,1.419,1.406,1.41,-0.01,-0.7042,245.0,34.559
512070.SH,20170509,1.626,1.62,1.63,1.62,1.623,-0.003,-0.1845,13805.0,2241.499
512100.SH,20170509,0.86,0.861,0.865,0.852,0.864,0.004,0.4651,7467.0,639.985
512120.SH,20170509,1.4,1.399,1.399,1.359,1.389,-0.011,-0.7857,29.0,3.981
512210.SH,20170509,1.503,1.653,1.653,1.47,1.47,-0.033,-2.1956,39.0,5.77
512220.SH,20170509,1.303,1.316,1.316,1.316,1.316,0.013,0.9977,6.0,0.79
512230.SH,20170509,1.365,1.369,1.369,1.35,1.35,-0.015,-1.0989,30.0,4.056
512300.SH,20170509,1.16,1.159,1.171,1.159,1.166,0.006,0.5172,262.0,30.407
512310.SH,20170509,0.674,0.673,0.68,0.669,0.68,0.006,0.8902,4190.0,280.869
512330.SH,20170509,0.779,0.775,0.785,0.771,0.785,0.006,0.7702,5572.0,430.104
512340.SH,20170509,0.793,0.792,0.796,0.783,0.795,0.002,0.2522,11255.0,889.472
512500.SH,20170509,2.939,2.964,2.964,2.956,2.956,0.017,0.5784,196.0,58.048
512510.SH,20170509,1.216,1.21,1.224,1.205,1.222,0.006,0.4934,20199.0,2453.79
512580.SH,20170509,0.982,0.985,0.989,0.97,0.987,0.005,0.5092,10512.5,1029.847
512600.SH,20170509,1.611,1.6,1.6,1.6,1.6,-0.011,-0.6828,80.0,12.8
512610.SH,20170509,1.411,1.391,1.4,1.387,1.4,-0.011,-0.7796,80.0,11.127
512640.SH,20170509,1.579,1.575,1.579,1.575,1.579,0.0,0.0,12.0,1.892
512660.SH,20170509,0.903,0.903,0.914,0.896,0.911,0.008,0.8859,182330.0,16471.623
512680.SH,20170509,0.878,0.878,0.89,0.874,0.887,0.009,1.0251,128604.0,11353.486
512810.SH,20170509,0.873,0.873,0.883,0.87,0.881,0.008,0.9164,138192.0,12125.298
512880.SH,20170509,0.958,0.955,0.96,0.953,0.956,-0.002,-0.2088,59372.0,5679.977
512900.SH,20170509,0.917,0.911,0.921,0.911,0.918,0.001,0.1091,79606.0,7289.758
512990.SH,20170509,1.008,1.005,1.015,1.005,1.01,0.002,0.1984,789.0,79.856
513030.SH,20170509,1.135,1.135,1.135,1.117,1.128,-0.007,-0.6167,15994.0,1800.399
513050.SH,20170509,1.19,1.196,1.232,1.193,1.227,0.037,3.1092,74771.0,9065.837
513100.SH,20170509,2.063,2.063,2.076,2.063,2.072,0.009,0.4363,61842.0,12800.485
513500.SH,20170509,1.559,1.558,1.56,1.546,1.553,-0.006,-0.3849,18758.0,2911.163
513600.SH,20170509,2.213,2.232,2.24,2.216,2.24,0.027,1.2201,1531.79,341.475
513660.SH,20170509,2.22,2.223,2.235,2.222,2.235,0.015,0.6757,1818.33,404.815
518800.SH,20170509,2.734,2.734,2.737,2.727,2.732,-0.002,-0.0732,309034.0,84527.536
518880.SH,20170509,2.738,2.741,2.746,2.734,2.741,0.003,0.1096,2210910.33,606207.63
