ts_code,trade_date,pre_close,open,high,low,close,change,pct_chg,vol,amount
501000.SH,20170905,1.143,1.144,1.161,1.144,1.15,0.007,0.6124,53.0,6.074
501001.SH,20170905,1.059,1.051,1.057,1.051,1.056,-0.003,-0.2833,5700.02,601.179
501002.SH,20170905,0.992,0.997,1.004,0.993,1.003,0.011,1.1089,17023.71,1698.073
501003.SH,20170905,1.03,1.08,1.08,1.002,1.021,-0.009,-0.8738,373.67,38.146
501005.SH,20170905,0.946,0.95,0.955,0.946,0.953,0.007,0.74,7866.43,747.811
501007.SH,20170905,0.92,0.929,0.929,0.923,0.923,0.003,0.3261,25.26,2.333
501008.SH,20170905,0.929,0.921,0.921,0.921,0.921,-0.008,-0.8611,180.05,16.583
501009.SH,20170905,1.028,1.027,1.04,1.021,1.039,0.011,1.07,1389.53,143.189
501010.SH,20170905,1.019,1.017,1.038,1.017,1.038,0.019,1.8646,295.72,30.514
501011.SH,20170905,1.028,1.02,1.03,1.02,1.028,0.0,0.0,151.55,15.584
501012.SH,20170905,1.02,1.027,1.027,1.016,1.016,-0.004,-0.3922,6.0,0.614
501015.SH,20170905,0.961,0.961,0.962,0.96,0.962,0.001,0.1041,150333.13,14451.074
501016.SH,20170905,1.134,1.181,1.181,1.132,1.14,0.006,0.5291,388.0,44.279
501017.SH,20170905,0.912,0.912,0.913,0.91,0.913,0.001,0.1096,4448.25,405.531
501018.SH,20170905,0.854,0.855,0.856,0.853,0.856,0.002,0.2342,21082.38,1801.953
501019.SH,20170905,0.878,0.873,0.878,0.872,0.875,-0.003,-0.3417,1982.0,173.195
501020.SH,20170905,1.069,1.069,1.069,1.056,1.059,-0.01,-0.9355,4932.64,522.853
501021.SH,20170905,1.283,1.281,1.286,1.279,1.285,0.002,0.1559,14696.0,1884.161
501022.SH,20170905,0.9,0.896,0.9,0.896,0.9,0.0,0.0,8083.94,725.568
501023.SH,20170905,1.098,1.1,1.103,1.1,1.102,0.004,0.3643,272.06,30.002
501025.SH,20170905,1.149,1.14,1.189,1.14,1.16,0.011,0.9574,4574.49,534.043
501026.SH,20170905,0.897,0.896,0.92,0.896,0.899,0.002,0.223,8220.89,737.781
501027.SH,20170905,0.966,0.964,0.965,0.964,0.965,-0.001,-0.1035,746.0,71.944
501028.SH,20170905,0.912,0.911,0.916,0.911,0.916,0.004,0.4386,9858.27,900.075
501029.SH,20170905,1.079,1.08,1.085,1.08,1.084,0.005,0.4634,34676.28,3753.796
501030.SH,20170905,1.008,0.997,0.997,0.995,0.997,-0.011,-1.0913,45.41,4.524
501031.SH,20170905,1.003,1.003,1.003,0.997,0.997,-0.006,-0.5982,157.85,15.744
501032.SH,20170905,0.94,0.94,0.95,0.94,0.944,0.004,0.4255,1290.35,122.275
501050.SH,20170905,1.139,1.139,1.143,1.138,1.142,0.003,0.2634,9529.77,1086.986
501300.SH,20170905,0.97,0.969,0.97,0.966,0.966,-0.004,-0.4124,3479.0,336.252
501301.SH,20170905,1.081,1.08,1.087,1.079,1.079,-0.002,-0.185,2323.67,251.085
501302.SH,20170905,1.013,1.009,1.01,1.002,1.005,-0.008,-0.7897,357.9,35.948
502000.SH,20170905,1.044,1.046,1.049,1.046,1.049,0.005,0.4789,35.49,3.716
502002.SH,20170905,0.939,0.917,0.979,0.917,0.979,0.04,4.2599,1.97,0.187
502003.SH,20170905,0.959,0.959,0.959,0.954,0.956,-0.003,-0.3128,1368.22,130.999
502004.SH,20170905,0.968,0.968,0.97,0.965,0.967,-0.001,-0.1033,2598.08,251.338
502005.SH,20170905,0.952,0.948,0.954,0.945,0.951,-0.001,-0.105,18343.26,1739.917
502006.SH,20170905,1.057,1.058,1.058,1.049,1.049,-0.008,-0.7569,6924.26,728.301
502007.SH,20170905,1.015,1.011,1.012,1.011,1.012,-0.003,-0.2956,301.16,30.447
502008.SH,20170905,1.096,1.09,1.1,1.081,1.086,-0.01,-0.9124,3373.36,366.987
502010.SH,20170905,1.236,1.239,1.242,1.228,1.228,-0.008,-0.6472,1099.95,135.286
502011.SH,20170905,1.0,0.972,1.003,0.972,0.999,-0.001,-0.1,1618.0,161.55
502012.SH,20170905,1.461,1.474,1.475,1.457,1.46,-0.001,-0.0684,3618.52,531.239
502013.SH,20170905,0.885,0.885,0.888,0.881,0.883,-0.002,-0.226,20405.37,1803.442
502014.SH,20170905,1.013,1.013,1.014,1.012,1.012,-0.001,-0.0987,18072.48,1831.432
502015.SH,20170905,0.752,0.753,0.758,0.75,0.753,0.001,0.133,21269.65,1601.623
502016.SH,20170905,1.081,1.082,1.082,1.081,1.081,0.0,0.0,7.0,0.757
502020.SH,20170905,1.419,1.421,1.421,1.421,1.421,0.002,0.1409,4.98,0.708
502021.SH,20170905,1.06,1.135,1.135,1.032,1.135,0.075,7.0755,32.28,3.387
502022.SH,20170905,1.715,1.741,1.75,1.741,1.75,0.035,2.0408,68.18,11.928
502023.SH,20170905,1.157,1.157,1.157,1.119,1.137,-0.02,-1.7286,623.15,70.311
502025.SH,20170905,1.164,1.151,1.22,1.151,1.22,0.056,4.811,932.0,109.921
502026.SH,20170905,0.846,0.839,0.84,0.836,0.84,-0.006,-0.7092,57.59,4.828
502027.SH,20170905,1.0,1.036,1.042,1.036,1.042,0.042,4.2,271.0,28.236
502028.SH,20170905,0.601,0.62,0.62,0.62,0.62,0.019,3.1614,5.0,0.31
502031.SH,20170905,0.992,0.989,0.99,0.989,0.99,-0.002,-0.2016,168.0,16.631
502036.SH,20170905,1.056,1.057,1.057,1.055,1.055,-0.001,-0.0947,58.32,6.162
502037.SH,20170905,1.041,1.042,1.042,1.042,1.042,0.001,0.0961,55.0,5.731
502038.SH,20170905,1.066,1.066,1.069,1.066,1.066,0.0,0.0,87.46,9.338
502040.SH,20170905,1.149,1.121,1.121,1.119,1.121,-0.028,-2.4369,17.25,1.933
502048.SH,20170905,1.348,1.366,1.366,1.35,1.36,0.012,0.8902,1365.56,185.643
502049.SH,20170905,1.039,1.039,1.054,1.034,1.039,0.0,0.0,1841.52,191.764
502050.SH,20170905,1.665,1.666,1.686,1.654,1.673,0.008,0.4805,3153.39,527.608
502053.SH,20170905,1.049,1.049,1.049,1.049,1.049,0.0,0.0,100.0,10.49
502054.SH,20170905,1.056,1.055,1.055,1.053,1.055,-0.001,-0.0947,1965.5,207.125
502055.SH,20170905,1.042,1.042,1.061,1.035,1.043,0.001,0.096,9111.0,959.162
502056.SH,20170905,0.977,0.972,0.979,0.972,0.977,0.0,0.0,498.0,48.643
502057.SH,20170905,1.046,1.045,1.051,1.045,1.051,0.005,0.478,3889.5,408.086
502058.SH,20170905,0.901,0.908,0.91,0.902,0.909,0.008,0.8879,4467.91,405.527
505888.SH,20170905,1.123,1.123,1.126,1.122,1.126,0.003,0.2671,217713.15,24477.063
510010.SH,20170905,1.145,1.143,1.15,1.133,1.148,0.003,0.262,975.29,111.817
510020.SH,20170905,2.698,2.692,2.71,2.692,2.697,-0.001,-0.0371,938.22,253.471
510030.SH,20170905,4.85,4.828,4.883,4.828,4.878,0.028,0.5773,322.28,156.786
510050.SH,20170905,2.764,2.763,2.793,2.763,2.782,0.018,0.6512,3175202.71,881639.715
510060.SH,20170905,1.874,1.874,1.882,1.868,1.879,0.005,0.2668,5581.0,1048.301
510070.SH,20170905,1.779,1.783,1.785,1.783,1.785,0.006,0.3373,3.0,0.535
510090.SH,20170905,1.566,1.575,1.575,1.521,1.542,-0.024,-1.5326,133.0,20.555
510110.SH,20170905,3.61,3.626,3.687,3.602,3.669,0.059,1.6343,653.29,237.826
510120.SH,20170905,2.922,2.944,3.129,2.935,2.96,0.038,1.3005,411.0,124.833
510130.SH,20170905,4.018,4.026,4.027,4.022,4.022,0.004,0.0996,309.34,124.429
510150.SH,20170905,4.498,4.48,4.48,4.398,4.434,-0.064,-1.4229,7.0,3.1
510160.SH,20170905,0.625,0.623,0.624,0.62,0.622,-0.003,-0.48,77740.0,4833.508
510170.SH,20170905,2.235,2.366,2.366,2.201,2.228,-0.007,-0.3132,445.28,99.238
510180.SH,20170905,3.49,3.49,3.509,3.485,3.499,0.009,0.2579,82957.75,29017.155
510190.SH,20170905,3.781,3.771,3.785,3.771,3.78,-0.001,-0.0264,19.95,7.54
510210.SH,20170905,3.9,3.913,3.96,3.888,3.902,0.002,0.0513,1171.66,457.517
510220.SH,20170905,4.239,4.249,4.32,4.224,4.311,0.072,1.6985,404.0,173.334
510230.SH,20170905,6.267,6.274,6.362,6.274,6.337,0.07,1.117,2067.0,1307.877
510260.SH,20170905,1.198,1.198,1.203,1.192,1.192,-0.006,-0.5008,144.41,17.242
510270.SH,20170905,1.154,1.151,1.158,1.15,1.156,0.002,0.1733,683.0,78.899
510280.SH,20170905,1.584,1.58,1.613,1.58,1.61,0.026,1.6414,983.0,157.6
510290.SH,20170905,1.628,1.631,1.631,1.626,1.629,0.001,0.0614,358.0,58.317
510300.SH,20170905,3.903,3.903,3.924,3.9,3.917,0.014,0.3587,703198.88,275197.293
510310.SH,20170905,1.635,1.635,1.643,1.633,1.64,0.005,0.3058,12883.0,2109.417
510330.SH,20170905,4.168,4.178,4.191,4.167,4.183,0.015,0.3599,31318.0,13096.056
510360.SH,20170905,1.21,1.21,1.217,1.21,1.216,0.006,0.4959,3864.0,468.534
510410.SH,20170905,0.88,0.874,0.875,0.862,0.872,-0.008,-0.9091,9859.5,857.016
510420.SH,20170905,1.569,1.555,1.559,1.555,1.559,-0.01,-0.6373,52.0,8.087
510430.SH,20170905,1.509,1.518,1.532,1.51,1.532,0.023,1.5242,2020.42,305.419
510440.SH,20170905,1.896,1.876,1.878,1.865,1.878,-0.018,-0.9494,223.0,41.718
510500.SH,20170905,6.91,6.91,6.925,6.87,6.915,0.005,0.0724,237228.26,163583.34
510510.SH,20170905,1.818,1.818,1.822,1.809,1.82,0.002,0.11,40355.0,7336.116
510520.SH,20170905,1.683,1.68,1.68,1.68,1.68,-0.003,-0.1783,1.0,0.168
510560.SH,20170905,1.355,1.368,1.372,1.368,1.371,0.016,1.1808,77.0,10.552
510580.SH,20170905,6.445,6.41,6.441,6.4,6.436,-0.009,-0.1396,35.0,22.435
510630.SH,20170905,1.982,1.977,1.99,1.977,1.985,0.003,0.1514,170.0,33.741
510650.SH,20170905,1.775,1.778,1.805,1.778,1.8,0.025,1.4085,1109.0,198.922
510660.SH,20170905,1.698,1.7,1.705,1.698,1.705,0.007,0.4122,17299.0,2947.71
510680.SH,20170905,2.184,2.208,2.216,2.208,2.214,0.03,1.3736,108.0,23.855
510710.SH,20170905,2.814,2.814,2.847,2.814,2.835,0.021,0.7463,4246.0,1204.965
510810.SH,20170905,1.02,1.02,1.025,1.02,1.021,0.001,0.098,318830.44,32636.532
510880.SH,20170905,3.018,3.019,3.032,3.012,3.026,0.008,0.2651,35080.5,10603.705
510900.SH,20170905,1.193,1.196,1.201,1.193,1.193,0.0,0.0,7278014.0,871176.653
511010.SH,20170905,109.994,109.988,109.988,109.9,109.923,-0.071,-0.0645,53323.21,586264.962
511210.SH,20170905,111.278,111.279,111.498,111.279,111.498,0.22,0.1977,2.0,22.278
511220.SH,20170905,93.32,93.319,93.5,93.31,93.45,0.13,0.1393,1520.2,14203.675
511230.SH,20170905,100.0,100.2,100.2,100.2,100.2,0.2,0.2,0.1,1.002
511260.SH,20170905,99.878,99.277,99.889,99.277,99.87,-0.008,-0.008,46.6,465.406
511600.SH,20170905,99.998,99.995,99.999,99.995,99.999,0.001,0.001,1826.96,18268.971
511650.SH,20170905,100.0,99.993,100.0,99.993,99.998,-0.002,-0.002,20531.75,205309.522
511660.SH,20170905,100.002,99.998,100.003,99.997,100.003,0.001,0.001,150247.03,1502474.085
511670.SH,20170905,100.002,99.99,99.994,99.99,99.993,-0.009,-0.009,3244.29,32439.962
511680.SH,20170905,99.995,99.997,99.997,99.995,99.997,0.002,0.002,303.12,3031.098
511690.SH,20170905,99.996,99.996,100.001,99.995,99.998,0.002,0.002,55648.17,556463.517
511700.SH,20170905,100.014,100.005,100.012,100.003,100.009,-0.005,-0.005,1916.44,19165.704
511760.SH,20170905,99.935,99.97,99.97,99.97,99.97,0.035,0.035,0.1,1.0
511770.SH,20170905,99.998,99.995,100.002,99.995,100.001,0.003,0.003,501.64,5016.251
511800.SH,20170905,99.997,99.995,100.0,99.993,99.999,0.002,0.002,4364.14,43640.119
511810.SH,20170905,100.004,99.998,100.007,99.998,100.006,0.002,0.002,125551.14,1255529.092
511820.SH,20170905,99.997,99.998,100.002,99.998,100.002,0.005,0.005,47758.96,477592.021
511830.SH,20170905,99.997,99.997,100.003,99.994,100.002,0.005,0.005,1930.69,19306.735
511850.SH,20170905,100.013,100.006,100.015,100.005,100.013,0.0,0.0,7184.1,71848.155
511860.SH,20170905,100.0,99.996,100.0,99.995,99.999,-0.001,-0.001,4339.86,43397.084
511880.SH,20170905,102.449,102.455,102.471,102.449,102.462,0.013,0.0127,756537.1,7751373.856
511890.SH,20170905,99.988,99.955,99.989,99.955,99.988,0.0,0.0,61.0,609.842
511900.SH,20170905,100.001,99.999,100.002,99.997,100.002,0.001,0.001,45671.11,456708.881
511910.SH,20170905,99.995,99.994,99.998,99.994,99.998,0.003,0.003,603.14,6031.115
511920.SH,20170905,99.988,99.988,100.097,99.988,100.092,0.104,0.104,76.1,761.359
511930.SH,20170905,100.0,99.998,99.998,99.997,99.998,-0.002,-0.002,13.0,129.997
511950.SH,20170905,99.98,99.998,99.998,99.998,99.998,0.018,0.018,0.1,1.0
511960.SH,20170905,99.999,99.996,99.999,99.995,99.998,-0.001,-0.001,293.86,2938.516
511970.SH,20170905,99.998,99.996,100.0,99.996,99.999,0.001,0.001,601.02,6010.125
511980.SH,20170905,99.997,99.994,100.0,99.994,99.999,0.002,0.002,8830.04,88296.97
511990.SH,20170905,100.007,100.001,100.008,99.998,100.005,-0.002,-0.002,1072681.77,10727054.764
512000.SH,20170905,1.071,1.071,1.079,1.066,1.068,-0.003,-0.2801,75481.93,8091.698
512010.SH,20170905,1.483,1.481,1.489,1.48,1.488,0.005,0.3372,1537.01,228.243
512070.SH,20170905,2.054,2.054,2.077,2.049,2.066,0.012,0.5842,8741.0,1804.258
512100.SH,20170905,0.898,0.898,0.898,0.891,0.895,-0.003,-0.3341,5239.0,468.619
512120.SH,20170905,1.416,1.416,1.42,1.416,1.416,0.0,0.0,64.0,9.07
512210.SH,20170905,1.733,1.732,1.738,1.731,1.738,0.005,0.2885,318.0,55.265
512220.SH,20170905,1.445,1.445,1.451,1.444,1.451,0.006,0.4152,125.0,18.062
512230.SH,20170905,1.305,1.301,1.305,1.301,1.305,0.0,0.0,539.0,70.337
512300.SH,20170905,1.18,1.176,1.186,1.176,1.183,0.003,0.2542,7716.0,912.451
512310.SH,20170905,0.714,0.716,0.719,0.71,0.718,0.004,0.5602,27547.0,1965.596
512330.SH,20170905,0.86,0.86,0.864,0.855,0.861,0.001,0.1163,9193.0,790.54
512340.SH,20170905,1.015,1.012,1.014,0.999,1.009,-0.006,-0.5911,25362.0,2556.723
512400.SH,20170905,1.056,1.052,1.059,1.031,1.055,-0.001,-0.0947,264359.0,27697.91
512500.SH,20170905,3.186,3.187,3.215,3.18,3.205,0.019,0.5964,2528.95,808.62
512510.SH,20170905,1.343,1.345,1.348,1.338,1.348,0.005,0.3723,48478.2,6527.24
512550.SH,20170905,1.023,1.02,1.034,1.02,1.032,0.009,0.8798,70126.0,7219.7
512560.SH,20170905,1.032,1.032,1.032,1.026,1.028,-0.004,-0.3876,11521.2,1186.237
512570.SH,20170905,1.072,1.072,1.08,1.067,1.069,-0.003,-0.2799,9659.0,1036.643
512580.SH,20170905,1.024,1.026,1.026,1.018,1.025,0.001,0.0977,25177.0,2575.856
512610.SH,20170905,1.45,1.45,1.455,1.442,1.449,-0.001,-0.069,1387.0,200.88
512640.SH,20170905,1.894,1.918,1.925,1.918,1.92,0.026,1.3728,141.0,27.078
512660.SH,20170905,0.912,0.912,0.913,0.906,0.909,-0.003,-0.3289,166399.62,15129.188
512680.SH,20170905,0.885,0.884,0.886,0.881,0.883,-0.002,-0.226,32248.0,2848.683
512700.SH,20170905,1.012,1.014,1.025,1.011,1.022,0.01,0.9881,21147.0,2158.065
512800.SH,20170905,1.01,1.01,1.022,1.0,1.018,0.008,0.7921,157958.0,16057.225
512810.SH,20170905,0.877,0.863,0.88,0.863,0.874,-0.003,-0.3421,8781.0,768.802
512880.SH,20170905,1.133,1.132,1.141,1.128,1.131,-0.002,-0.1765,235715.0,26771.713
512900.SH,20170905,1.081,1.077,1.089,1.076,1.078,-0.003,-0.2775,98610.0,10663.598
512990.SH,20170905,1.141,1.144,1.153,1.137,1.145,0.004,0.3506,4893.0,560.624
513030.SH,20170905,1.08,1.081,1.083,1.079,1.08,0.0,0.0,9605.0,1037.678
513050.SH,20170905,1.393,1.391,1.395,1.39,1.394,0.001,0.0718,60582.0,8445.836
513100.SH,20170905,2.056,2.056,2.058,2.054,2.055,-0.001,-0.0486,6399.0,1315.08
513500.SH,20170905,1.503,1.503,1.503,1.498,1.5,-0.003,-0.1996,7762.0,1164.061
513600.SH,20170905,2.414,2.415,2.417,2.407,2.407,-0.007,-0.29,3839.32,925.859
513660.SH,20170905,2.451,2.423,2.423,2.415,2.415,-0.036,-1.4688,532.0,128.884
518800.SH,20170905,2.8,2.8,2.8,2.791,2.794,-0.006,-0.2143,377569.0,105541.365
518880.SH,20170905,2.796,2.79,2.795,2.788,2.792,-0.004,-0.1431,3249790.2,907323.559
150008.SZ,20170905,1.323,1.288,1.32,1.288,1.318,-0.005,-0.3779,63.1,8.148
150009.SZ,20170905,1.129,1.12,1.138,1.12,1.134,0.005,0.4429,728.0,81.957
150012.SZ,20170905,1.023,1.025,1.025,1.023,1.024,0.001,0.0978,7205.0,737.685
150013.SZ,20170905,1.386,1.409,1.425,1.408,1.42,0.034,2.4531,777.46,110.085
150016.SZ,20170905,1.06,1.055,1.06,1.055,1.06,0.0,0.0,651.0,69.0
150017.SZ,20170905,1.216,1.216,1.224,1.216,1.224,0.008,0.6579,1428.03,174.406
150018.SZ,20170905,1.02,1.021,1.023,1.019,1.021,0.001,0.098,42115.7,4302.481
150019.SZ,20170905,1.035,1.035,1.049,1.033,1.043,0.008,0.7729,266488.92,27767.727
150020.SZ,20170905,1.064,1.064,1.064,1.063,1.064,0.0,0.0,3665.74,389.7
150021.SZ,20170905,1.026,1.023,1.023,1.02,1.023,-0.003,-0.2924,7306.62,746.435
150022.SZ,20170905,0.822,0.82,0.822,0.82,0.822,0.0,0.0,144450.78,11865.312
150023.SZ,20170905,0.412,0.414,0.416,0.411,0.415,0.003,0.7282,390263.48,16161.159
150028.SZ,20170905,1.01,1.009,1.012,1.002,1.009,-0.001,-0.099,3940.52,395.786
150029.SZ,20170905,1.549,1.545,1.565,1.545,1.564,0.015,0.9684,2886.42,448.778
150030.SZ,20170905,1.04,1.04,1.1,1.04,1.055,0.015,1.4423,324.0,33.868
150031.SZ,20170905,1.339,1.342,1.345,1.33,1.33,-0.009,-0.6721,426.58,57.198
150032.SZ,20170905,1.015,1.016,1.016,1.016,1.016,0.001,0.0985,148.0,15.036
150033.SZ,20170905,0.927,0.924,0.924,0.918,0.918,-0.009,-0.9709,371.0,34.103
150039.SZ,20170905,1.0,0.975,1.019,0.975,1.018,0.018,1.8,32.45,3.202
150047.SZ,20170905,1.44,1.43,1.43,1.43,1.43,-0.01,-0.6944,5.0,0.715
150048.SZ,20170905,1.103,1.099,1.109,1.099,1.109,0.006,0.544,212.8,23.442
150049.SZ,20170905,0.989,0.987,0.988,0.987,0.988,-0.001,-0.1011,466.0,46.035
150050.SZ,20170905,1.294,1.334,1.334,1.295,1.326,0.032,2.473,2020.87,267.712
150051.SZ,20170905,0.982,0.98,0.984,0.98,0.983,0.001,0.1018,1260.0,123.75
150052.SZ,20170905,1.732,1.732,1.747,1.721,1.732,0.0,0.0,12125.02,2109.315
150053.SZ,20170905,1.048,1.048,1.048,1.048,1.048,0.0,0.0,1.0,0.104
150054.SZ,20170905,1.06,1.068,1.068,1.068,1.068,0.008,0.7547,37.0,3.951
150055.SZ,20170905,1.07,1.07,1.07,1.07,1.07,0.0,0.0,0.68,0.072
150056.SZ,20170905,1.539,1.482,1.539,1.482,1.534,-0.005,-0.3249,263.0,39.1
150059.SZ,20170905,1.161,1.15,1.154,1.123,1.137,-0.024,-2.0672,5462.0,614.521
150060.SZ,20170905,1.51,1.519,1.529,1.48,1.513,0.003,0.1987,3372.01,509.691
150064.SZ,20170905,1.033,1.031,1.032,1.03,1.032,-0.001,-0.0968,34.73,3.58
150065.SZ,20170905,1.09,0.981,1.1,0.981,1.1,0.01,0.9174,52.0,5.667
150073.SZ,20170905,1.027,1.025,1.027,1.013,1.022,-0.005,-0.4869,711.68,72.417
150075.SZ,20170905,1.26,1.268,1.3,1.268,1.3,0.04,3.1746,463.05,59.764
150083.SZ,20170905,1.049,1.084,1.085,1.084,1.084,0.035,3.3365,99.0,10.732
150084.SZ,20170905,1.23,1.219,1.248,1.202,1.248,0.018,1.4634,478.0,58.107
150090.SZ,20170905,1.039,1.037,1.041,1.037,1.04,0.001,0.0962,826.0,85.897
150091.SZ,20170905,1.038,1.037,1.048,1.037,1.047,0.009,0.8671,1509.47,157.269
150092.SZ,20170905,1.087,1.087,1.087,1.087,1.087,0.0,0.0,29.0,3.152
150095.SZ,20170905,0.563,0.553,0.577,0.553,0.574,0.011,1.9538,292.0,16.171
150100.SZ,20170905,1.057,1.038,1.055,1.032,1.055,-0.002,-0.1892,412.0,42.812
150101.SZ,20170905,1.852,1.808,1.848,1.794,1.835,-0.017,-0.9179,4855.29,880.816
150104.SZ,20170905,1.038,1.037,1.038,1.037,1.038,0.0,0.0,570.0,59.132
150105.SZ,20170905,1.637,1.646,1.653,1.644,1.653,0.016,0.9774,421.0,69.246
150106.SZ,20170905,1.12,1.119,1.121,1.118,1.12,0.0,0.0,2458.0,275.217
150107.SZ,20170905,1.141,1.133,1.158,1.13,1.158,0.017,1.4899,20321.9,2324.777
150109.SZ,20170905,1.09,1.03,1.088,1.03,1.088,-0.002,-0.1835,387.25,40.955
150112.SZ,20170905,1.025,1.028,1.038,1.028,1.029,0.004,0.3902,230.0,23.674
150113.SZ,20170905,1.626,1.626,1.66,1.626,1.636,0.01,0.615,575.6,94.179
150117.SZ,20170905,1.048,1.049,1.049,1.049,1.049,0.001,0.0954,2576.0,270.222
150118.SZ,20170905,0.469,0.467,0.491,0.467,0.484,0.015,3.1983,199224.03,9639.968
150121.SZ,20170905,1.023,1.004,1.047,1.004,1.047,0.024,2.346,46.0,4.76
150122.SZ,20170905,1.424,1.431,1.431,1.431,1.431,0.007,0.4916,110.0,15.741
150124.SZ,20170905,2.178,2.177,2.22,2.177,2.215,0.037,1.6988,5273.69,1163.719
150130.SZ,20170905,1.051,1.05,1.052,1.05,1.052,0.001,0.0951,25033.0,2632.968
150131.SZ,20170905,0.528,0.529,0.533,0.525,0.531,0.003,0.5682,411237.53,21778.98
150135.SZ,20170905,1.017,1.017,1.019,1.017,1.017,0.0,0.0,143.0,14.545
150136.SZ,20170905,0.889,0.897,0.9,0.897,0.9,0.011,1.2373,130.0,11.677
150138.SZ,20170905,1.03,1.03,1.037,1.03,1.037,0.007,0.6796,25.0,2.591
150139.SZ,20170905,1.028,1.028,1.028,1.028,1.028,0.0,0.0,91.69,9.425
150143.SZ,20170905,1.016,1.017,1.018,1.017,1.018,0.002,0.1969,627.49,63.878
150144.SZ,20170905,0.734,0.734,0.744,0.725,0.735,0.001,0.1362,7335.79,538.599
150146.SZ,20170905,0.514,0.517,0.53,0.49,0.49,-0.024,-4.6693,4398.0,228.739
150148.SZ,20170905,1.066,1.065,1.067,1.064,1.064,-0.002,-0.1876,1932.0,205.717
150149.SZ,20170905,0.653,0.653,0.661,0.648,0.661,0.008,1.2251,2975.12,194.668
150150.SZ,20170905,1.013,1.029,1.029,1.01,1.024,0.011,1.0859,1780.69,180.651
150151.SZ,20170905,1.789,1.689,1.799,1.689,1.777,-0.012,-0.6708,677.41,116.967
150152.SZ,20170905,1.001,1.001,1.002,1.0,1.001,0.0,0.0,843713.96,84418.321
150153.SZ,20170905,0.687,0.689,0.691,0.674,0.678,-0.009,-1.31,2082038.93,142134.202
150154.SZ,20170905,0.942,0.94,0.941,0.94,0.941,-0.001,-0.1062,5452.0,512.563
150157.SZ,20170905,1.008,1.008,1.009,1.007,1.008,0.0,0.0,27317.0,2754.481
150158.SZ,20170905,1.099,1.1,1.127,1.1,1.12,0.021,1.9108,39156.35,4372.69
150164.SZ,20170905,0.998,0.997,0.999,0.997,0.999,0.001,0.1002,2320.02,231.733
150165.SZ,20170905,0.845,0.814,0.838,0.812,0.83,-0.015,-1.7751,1429.81,117.814
150168.SZ,20170905,0.857,0.86,0.898,0.86,0.898,0.041,4.7841,2.0,0.175
150169.SZ,20170905,0.996,0.995,0.995,0.994,0.995,-0.001,-0.1004,2366.5,235.45
150170.SZ,20170905,1.328,1.34,1.34,1.328,1.332,0.004,0.3012,12272.0,1633.255
150171.SZ,20170905,0.981,0.98,0.982,0.977,0.978,-0.003,-0.3058,66956.73,6558.751
150172.SZ,20170905,1.282,1.279,1.294,1.279,1.279,-0.003,-0.234,404269.17,51990.337
150173.SZ,20170905,0.988,0.986,0.989,0.985,0.988,0.0,0.0,6612.82,652.728
150174.SZ,20170905,0.661,0.657,0.67,0.656,0.658,-0.003,-0.4539,17029.23,1128.099
150175.SZ,20170905,0.968,0.968,0.968,0.965,0.967,-0.001,-0.1033,134551.32,13003.142
150176.SZ,20170905,1.026,1.026,1.036,1.024,1.026,0.0,0.0,211072.57,21715.987
150177.SZ,20170905,1.047,1.047,1.047,1.029,1.029,-0.018,-1.7192,522.97,54.675
150178.SZ,20170905,1.657,1.65,1.683,1.65,1.675,0.018,1.0863,5186.74,866.367
150179.SZ,20170905,1.038,1.037,1.047,1.026,1.026,-0.012,-1.1561,577.9,60.051
150180.SZ,20170905,1.442,1.442,1.466,1.441,1.442,0.0,0.0,772.06,112.555
150181.SZ,20170905,0.983,0.982,0.983,0.981,0.982,-0.001,-0.1017,112865.21,11083.895
150182.SZ,20170905,0.869,0.87,0.871,0.858,0.866,-0.003,-0.3452,292773.67,25364.392
150184.SZ,20170905,1.016,1.001,1.018,1.001,1.018,0.002,0.1969,687.0,69.448
150185.SZ,20170905,0.892,0.89,0.896,0.885,0.89,-0.002,-0.2242,25970.53,2306.844
150186.SZ,20170905,0.955,0.955,0.956,0.954,0.956,0.001,0.1047,9783.07,934.558
150187.SZ,20170905,0.656,0.657,0.657,0.652,0.652,-0.004,-0.6098,24087.58,1573.526
150188.SZ,20170905,1.007,1.006,1.009,1.006,1.009,0.002,0.1986,22982.57,2316.744
150189.SZ,20170905,1.002,1.015,1.015,1.006,1.014,0.012,1.1976,9378.96,951.062
150190.SZ,20170905,1.045,1.046,1.048,1.045,1.046,0.001,0.0957,2959.0,309.306
150191.SZ,20170905,1.204,1.195,1.205,1.185,1.205,0.001,0.0831,1527.82,183.839
150192.SZ,20170905,1.141,1.05,1.088,1.05,1.087,-0.054,-4.7327,6.0,0.648
150193.SZ,20170905,1.042,1.038,1.055,1.038,1.05,0.008,0.7678,1056.0,110.938
150194.SZ,20170905,0.986,0.988,0.99,0.985,0.99,0.004,0.4057,25455.44,2519.48
150195.SZ,20170905,1.251,1.251,1.256,1.233,1.247,-0.004,-0.3197,39280.72,4884.338
150196.SZ,20170905,1.06,1.062,1.085,1.062,1.084,0.024,2.2642,9920.15,1064.308
150197.SZ,20170905,1.643,1.644,1.644,1.57,1.603,-0.04,-2.4346,218133.01,34782.866
150198.SZ,20170905,1.133,1.131,1.131,1.131,1.131,-0.002,-0.1765,30.64,3.465
150199.SZ,20170905,1.012,1.006,1.021,1.003,1.016,0.004,0.3953,8376.0,851.096
150200.SZ,20170905,0.982,0.982,0.983,0.981,0.982,0.0,0.0,166166.0,16319.603
150201.SZ,20170905,0.583,0.583,0.593,0.578,0.579,-0.004,-0.6861,4218696.33,246854.621
150203.SZ,20170905,1.0,0.988,1.003,0.956,0.982,-0.018,-1.8,240.87,23.69
150204.SZ,20170905,0.867,0.877,0.877,0.853,0.864,-0.003,-0.346,4718.04,408.014
150205.SZ,20170905,0.966,0.965,0.966,0.964,0.966,0.0,0.0,30110.84,2905.82
150206.SZ,20170905,1.045,1.042,1.045,1.031,1.032,-0.013,-1.244,159166.24,16484.312
150207.SZ,20170905,1.039,1.055,1.055,1.055,1.055,0.016,1.5399,1.0,0.105
150208.SZ,20170905,0.486,0.488,0.509,0.488,0.499,0.013,2.6749,755.0,37.625
150209.SZ,20170905,0.984,0.984,0.985,0.983,0.985,0.001,0.1016,52563.8,5173.833
150210.SZ,20170905,0.931,0.93,0.932,0.921,0.923,-0.008,-0.8593,244898.16,22653.995
150211.SZ,20170905,1.023,1.024,1.024,1.02,1.023,0.0,0.0,129206.0,13196.193
150212.SZ,20170905,0.812,0.81,0.848,0.804,0.846,0.034,4.1872,241073.67,20078.855
150213.SZ,20170905,1.028,1.021,1.028,1.021,1.027,-0.001,-0.0973,21539.0,2214.205
150214.SZ,20170905,0.465,0.464,0.474,0.461,0.473,0.008,1.7204,141030.5,6595.427
150215.SZ,20170905,1.15,1.097,1.097,1.096,1.097,-0.053,-4.6087,17.08,1.873
150216.SZ,20170905,1.26,1.222,1.28,1.222,1.251,-0.009,-0.7143,540.0,68.523
150217.SZ,20170905,1.006,1.005,1.006,1.004,1.005,-0.001,-0.0994,34780.0,3495.855
150218.SZ,20170905,0.657,0.653,0.68,0.652,0.679,0.022,3.3486,45887.21,3069.457
150219.SZ,20170905,1.166,1.17,1.17,1.17,1.17,0.004,0.3431,113.0,13.221
150220.SZ,20170905,0.828,0.829,0.832,0.828,0.831,0.003,0.3623,7311.0,607.072
150221.SZ,20170905,1.114,1.114,1.117,1.114,1.116,0.002,0.1795,42589.63,4747.313
150222.SZ,20170905,0.491,0.489,0.489,0.481,0.484,-0.007,-1.4257,911889.72,44235.158
150223.SZ,20170905,1.132,1.132,1.135,1.131,1.134,0.002,0.1767,49957.57,5658.515
150224.SZ,20170905,1.025,1.026,1.037,1.014,1.016,-0.009,-0.878,181617.32,18636.862
150225.SZ,20170905,1.07,1.098,1.098,1.065,1.065,-0.005,-0.4673,480.0,51.79
150226.SZ,20170905,1.484,1.431,1.484,1.431,1.484,0.0,0.0,520.0,75.853
150227.SZ,20170905,0.987,0.986,0.988,0.986,0.987,0.0,0.0,158669.06,15657.801
150228.SZ,20170905,0.972,0.973,0.991,0.97,0.983,0.011,1.1317,810358.55,79481.285
150229.SZ,20170905,1.02,1.028,1.028,1.019,1.019,-0.001,-0.098,1352.0,138.065
150230.SZ,20170905,1.257,1.259,1.265,1.245,1.265,0.008,0.6364,1977.77,248.338
150232.SZ,20170905,1.2,1.165,1.204,1.165,1.197,-0.003,-0.25,492.19,58.363
150233.SZ,20170905,0.955,0.956,0.957,0.955,0.955,0.0,0.0,160.0,15.3
150234.SZ,20170905,1.23,1.236,1.236,1.206,1.231,0.001,0.0813,185.85,22.58
150235.SZ,20170905,1.054,1.074,1.074,1.05,1.05,-0.004,-0.3795,671.29,70.656
150236.SZ,20170905,0.976,0.977,0.983,0.958,0.972,-0.004,-0.4098,12796.32,1247.952
150237.SZ,20170905,1.063,1.051,1.104,1.051,1.102,0.039,3.6689,210.63,22.83
150238.SZ,20170905,1.218,1.186,1.215,1.186,1.187,-0.031,-2.5452,278.9,33.272
150241.SZ,20170905,1.119,1.039,1.097,1.039,1.097,-0.022,-1.966,251.01,26.085
150242.SZ,20170905,1.063,1.051,1.08,1.051,1.068,0.005,0.4704,5765.03,615.143
150243.SZ,20170905,1.015,1.012,1.012,1.012,1.012,-0.003,-0.2956,3.0,0.303
150244.SZ,20170905,0.713,0.714,0.725,0.706,0.71,-0.003,-0.4208,57034.28,4072.823
150245.SZ,20170905,1.195,1.186,1.186,1.186,1.186,-0.009,-0.7531,1.0,0.118
150246.SZ,20170905,1.042,1.042,1.045,1.02,1.036,-0.006,-0.5758,1343.03,138.362
150247.SZ,20170905,1.033,1.033,1.033,1.029,1.031,-0.002,-0.1936,605.19,62.365
150248.SZ,20170905,0.905,0.905,0.914,0.894,0.898,-0.007,-0.7735,10226.03,918.248
150249.SZ,20170905,1.014,1.014,1.014,1.013,1.013,-0.001,-0.0986,4570.0,463.393
150250.SZ,20170905,1.033,1.039,1.059,1.035,1.059,0.026,2.5169,4586.83,483.077
150251.SZ,20170905,1.098,1.132,1.132,1.052,1.057,-0.041,-3.7341,136.0,14.896
150252.SZ,20170905,1.698,1.68,1.707,1.647,1.697,-0.001,-0.0589,14362.41,2396.882
150255.SZ,20170905,0.96,0.96,0.961,0.96,0.961,0.001,0.1042,3557.0,341.757
150256.SZ,20170905,0.958,0.965,0.968,0.96,0.968,0.01,1.0438,2797.0,270.457
150257.SZ,20170905,0.981,0.988,0.988,0.988,0.988,0.007,0.7136,60.0,5.928
150258.SZ,20170905,1.012,1.015,1.108,1.015,1.036,0.024,2.3715,161.81,16.949
150259.SZ,20170905,0.961,0.961,0.961,0.96,0.96,-0.001,-0.1041,10803.0,1037.108
150260.SZ,20170905,0.746,0.742,0.751,0.742,0.751,0.005,0.6702,71.24,5.313
150261.SZ,20170905,1.045,1.043,1.046,1.043,1.046,0.001,0.0957,2073.0,216.531
150262.SZ,20170905,0.772,0.771,0.782,0.771,0.781,0.009,1.1658,15432.54,1197.448
150263.SZ,20170905,1.044,1.042,1.042,1.042,1.042,-0.002,-0.1916,14.0,1.458
150264.SZ,20170905,0.48,0.467,0.498,0.467,0.489,0.009,1.875,31.0,1.49
150265.SZ,20170905,1.083,1.076,1.103,1.076,1.094,0.011,1.0157,583.36,63.533
150266.SZ,20170905,1.323,1.333,1.338,1.317,1.328,0.005,0.3779,2865.16,380.046
150267.SZ,20170905,1.034,1.039,1.04,1.039,1.039,0.005,0.4836,553.0,57.497
150268.SZ,20170905,1.007,1.007,1.015,0.987,1.015,0.008,0.7944,2068.05,207.681
150269.SZ,20170905,0.982,0.981,0.983,0.981,0.982,0.0,0.0,21050.0,2066.134
150270.SZ,20170905,1.801,1.799,1.832,1.791,1.802,0.001,0.0555,19133.17,3458.888
150271.SZ,20170905,1.004,1.005,1.005,0.999,1.002,-0.002,-0.1992,3514.31,352.099
150272.SZ,20170905,0.981,0.99,1.03,0.99,1.001,0.02,2.0387,1775.18,177.655
150273.SZ,20170905,1.0,0.959,0.979,0.959,0.96,-0.04,-4.0,7790.0,748.822
150274.SZ,20170905,0.673,0.674,0.68,0.668,0.68,0.007,1.0401,3468.81,234.762
150275.SZ,20170905,0.983,0.983,0.983,0.981,0.981,-0.002,-0.2035,117230.39,11501.739
150276.SZ,20170905,0.616,0.614,0.619,0.611,0.614,-0.002,-0.3247,63664.84,3913.582
150277.SZ,20170905,1.0,0.954,0.954,0.95,0.951,-0.049,-4.9,80645.94,7683.16
150278.SZ,20170905,0.569,0.565,0.581,0.565,0.577,0.008,1.406,37462.9,2153.872
150280.SZ,20170905,0.759,0.759,0.778,0.752,0.778,0.019,2.5033,2688.19,205.274
150281.SZ,20170905,1.048,1.047,1.048,1.043,1.048,0.0,0.0,3171.03,330.753
150282.SZ,20170905,0.623,0.623,0.638,0.62,0.637,0.014,2.2472,1105.51,70.06
150283.SZ,20170905,0.958,0.958,0.96,0.958,0.96,0.002,0.2088,4165.8,399.489
150284.SZ,20170905,0.78,0.78,0.798,0.78,0.79,0.01,1.2821,3635.25,287.025
150287.SZ,20170905,1.049,1.047,1.049,1.047,1.047,-0.002,-0.1907,11395.17,1194.912
150288.SZ,20170905,1.04,1.033,1.044,0.994,1.02,-0.02,-1.9231,110988.6,11230.217
150289.SZ,20170905,1.05,1.048,1.052,1.048,1.048,-0.002,-0.1905,28694.19,3014.94
150290.SZ,20170905,0.799,0.783,0.79,0.756,0.775,-0.024,-3.0038,470586.81,36316.99
150291.SZ,20170905,1.051,1.051,1.053,1.051,1.053,0.002,0.1903,2097.76,220.641
150292.SZ,20170905,0.795,0.801,0.812,0.8,0.807,0.012,1.5094,3155.03,254.498
150293.SZ,20170905,1.042,1.042,1.043,1.042,1.043,0.001,0.096,722.0,75.279
150294.SZ,20170905,1.099,1.046,1.06,1.046,1.059,-0.04,-3.6397,702.97,74.466
150295.SZ,20170905,1.007,1.006,1.007,1.005,1.006,-0.001,-0.0993,2956.0,297.564
150296.SZ,20170905,1.023,1.01,1.015,1.008,1.008,-0.015,-1.4663,3064.77,309.373
150297.SZ,20170905,1.088,1.087,1.089,1.083,1.089,0.001,0.0919,1415.0,153.868
150298.SZ,20170905,0.539,0.543,0.545,0.539,0.539,0.0,0.0,2328.0,125.831
150299.SZ,20170905,1.05,1.049,1.053,1.049,1.052,0.002,0.1905,47851.0,5032.289
150300.SZ,20170905,0.74,0.741,0.757,0.74,0.751,0.011,1.4865,90871.1,6809.354
150301.SZ,20170905,1.066,1.076,1.076,1.074,1.075,0.009,0.8443,2200.0,236.659
150302.SZ,20170905,1.19,1.141,1.195,1.139,1.178,-0.012,-1.0084,3869.2,452.639
150303.SZ,20170905,1.041,1.035,1.036,1.03,1.035,-0.006,-0.5764,1611.0,166.556
150304.SZ,20170905,0.956,0.946,0.948,0.931,0.938,-0.018,-1.8828,26469.39,2492.83
150305.SZ,20170905,1.035,1.039,1.039,1.038,1.038,0.003,0.2899,487.0,50.563
150306.SZ,20170905,0.537,0.537,0.542,0.52,0.542,0.005,0.9311,3928.3,211.468
150307.SZ,20170905,0.964,0.963,0.964,0.961,0.963,-0.001,-0.1037,1032.63,99.434
150308.SZ,20170905,1.125,1.139,1.139,1.087,1.119,-0.006,-0.5333,1410.43,158.546
150309.SZ,20170905,1.063,1.061,1.061,1.027,1.061,-0.002,-0.1881,1106.0,114.071
150310.SZ,20170905,0.633,0.616,0.678,0.616,0.659,0.026,4.1074,539.61,35.483
150311.SZ,20170905,0.992,1.022,1.022,0.98,1.013,0.021,2.1169,96.01,9.811
150312.SZ,20170905,0.833,0.835,0.895,0.835,0.838,0.005,0.6002,997.14,85.801
150315.SZ,20170905,1.03,1.023,1.023,1.005,1.022,-0.008,-0.7767,462.74,47.213
150316.SZ,20170905,0.881,0.879,0.888,0.874,0.886,0.005,0.5675,3254.04,286.383
150321.SZ,20170905,1.187,1.181,1.193,1.181,1.19,0.003,0.2527,35562.06,4236.831
150322.SZ,20170905,1.602,1.618,1.626,1.554,1.6,-0.002,-0.1248,55280.04,8819.251
150324.SZ,20170905,0.475,0.465,0.485,0.464,0.48,0.005,1.0526,1125.0,52.224
150325.SZ,20170905,1.038,1.038,1.038,1.038,1.038,0.0,0.0,277.0,28.752
150326.SZ,20170905,0.975,0.98,0.98,0.96,0.96,-0.015,-1.5385,283.53,27.772
150328.SZ,20170905,1.225,1.215,1.261,1.21,1.232,0.007,0.5714,815.43,100.182
150329.SZ,20170905,1.052,1.05,1.051,1.02,1.038,-0.014,-1.3308,8499.0,877.57
150330.SZ,20170905,1.455,1.453,1.58,1.443,1.541,0.086,5.9107,29597.67,4507.661
150331.SZ,20170905,1.058,1.059,1.06,1.059,1.059,0.001,0.0945,61083.74,6469.674
150332.SZ,20170905,0.495,0.495,0.502,0.49,0.494,-0.001,-0.202,75758.0,3754.013
150335.SZ,20170905,1.028,1.027,1.028,1.027,1.028,0.0,0.0,18923.0,1945.113
150336.SZ,20170905,0.381,0.381,0.381,0.376,0.379,-0.002,-0.5249,67936.85,2576.22
150343.SZ,20170905,1.07,1.069,1.069,1.069,1.069,-0.001,-0.0935,200.0,21.38
150344.SZ,20170905,1.211,1.178,1.219,1.178,1.2,-0.011,-0.9083,347.0,41.668
159001.SZ,20170905,100.0,99.998,100.0,99.998,100.0,0.0,0.0,43240.76,432405.1
159003.SZ,20170905,100.0,100.0,100.001,99.999,100.0,0.0,0.0,188423.09,1884230.969
159005.SZ,20170905,100.0,100.0,100.001,99.999,100.001,0.001,0.001,441089.72,4410897.039
159901.SZ,20170905,4.675,4.676,4.706,4.665,4.69,0.015,0.3209,28004.05,13127.676
159902.SZ,20170905,3.598,3.595,3.616,3.58,3.616,0.018,0.5003,55536.14,19987.341
159903.SZ,20170905,1.182,1.182,1.185,1.177,1.185,0.003,0.2538,7914.0,935.193
159905.SZ,20170905,1.488,1.488,1.499,1.488,1.495,0.007,0.4704,19865.01,2967.709
159906.SZ,20170905,1.0,1.002,1.006,0.995,0.997,-0.003,-0.3,243.0,24.293
159907.SZ,20170905,1.519,1.51,1.527,1.496,1.52,0.001,0.0658,507.0,77.291
159908.SZ,20170905,1.494,1.44,1.448,1.424,1.448,-0.046,-3.079,524.07,74.983
159909.SZ,20170905,5.414,5.434,5.5,5.434,5.5,0.086,1.5885,179.0,98.0
159910.SZ,20170905,1.775,1.694,1.769,1.681,1.753,-0.022,-1.2394,3030.6,513.202
159911.SZ,20170905,4.305,4.31,4.313,4.31,4.31,0.005,0.1161,45.0,19.395
159912.SZ,20170905,1.367,1.375,1.385,1.375,1.379,0.012,0.8778,84.0,11.572
159913.SZ,20170905,1.726,1.72,1.722,1.71,1.722,-0.004,-0.2317,37.0,6.345
159915.SZ,20170905,1.796,1.795,1.804,1.785,1.796,0.0,0.0,1394204.99,250347.097
159916.SZ,20170905,3.52,3.52,3.538,3.48,3.524,0.004,0.1136,33.0,11.541
159918.SZ,20170905,1.878,1.871,1.876,1.87,1.876,-0.002,-0.1065,741.0,138.813
159919.SZ,20170905,4.2,4.199,4.224,4.184,4.213,0.013,0.3095,81187.27,34164.657
159920.SZ,20170905,1.465,1.471,1.471,1.458,1.461,-0.004,-0.273,2102092.0,308434.204
159921.SZ,20170905,1.529,1.529,1.535,1.526,1.535,0.006,0.3924,733.0,112.16
159922.SZ,20170905,6.698,6.693,6.717,6.67,6.714,0.016,0.2389,4567.0,3059.377
159923.SZ,20170905,1.552,1.552,1.554,1.545,1.55,-0.002,-0.1289,696.0,107.746
159924.SZ,20170905,1.453,1.451,1.463,1.442,1.453,0.0,0.0,490.0,70.94
159925.SZ,20170905,1.597,1.603,1.605,1.597,1.603,0.006,0.3757,11011.95,1763.449
159926.SZ,20170905,107.999,107.0,107.054,107.0,107.051,-0.948,-0.8778,14.0,149.856
159927.SZ,20170905,3.812,3.81,3.848,3.785,3.848,0.036,0.9444,2271.25,870.981
159928.SZ,20170905,1.873,1.872,1.895,1.866,1.895,0.022,1.1746,1761.76,330.295
159929.SZ,20170905,1.457,1.47,1.47,1.456,1.461,0.004,0.2745,4020.0,587.0
159930.SZ,20170905,0.953,0.953,0.953,0.903,0.93,-0.023,-2.4134,2223.0,206.485
159931.SZ,20170905,1.679,1.676,1.688,1.676,1.677,-0.002,-0.1191,214.0,35.984
159932.SZ,20170905,1.808,1.808,1.812,1.808,1.812,0.004,0.2212,50.0,9.052
159933.SZ,20170905,1.876,1.877,1.904,1.877,1.897,0.021,1.1194,97.21,18.32
159934.SZ,20170905,2.802,2.801,2.801,2.794,2.8,-0.002,-0.0714,57499.0,16084.766
159935.SZ,20170905,1.742,1.736,1.736,1.684,1.715,-0.027,-1.5499,5600.0,957.147
159936.SZ,20170905,1.58,1.582,1.585,1.581,1.581,0.001,0.0633,319.0,50.523
159937.SZ,20170905,2.82,2.822,2.822,2.813,2.816,-0.004,-0.1418,165249.0,46534.741
159938.SZ,20170905,1.295,1.295,1.304,1.293,1.303,0.008,0.6178,18319.99,2381.803
159939.SZ,20170905,1.15,1.154,1.154,1.14,1.151,0.001,0.087,17843.0,2046.662
159940.SZ,20170905,0.943,0.945,0.954,0.945,0.954,0.011,1.1665,21430.11,2026.004
159941.SZ,20170905,1.287,1.287,1.287,1.286,1.287,0.0,0.0,960.0,123.483
159942.SZ,20170905,1.949,1.937,1.949,1.935,1.948,-0.001,-0.0513,380.77,73.812
159943.SZ,20170905,11.54,11.588,11.588,11.458,11.468,-0.072,-0.6239,510.96,588.778
159944.SZ,20170905,1.008,1.001,1.003,0.994,1.001,-0.007,-0.6944,4482.32,447.324
159945.SZ,20170905,0.817,0.81,0.818,0.797,0.813,-0.004,-0.4896,7424.02,604.104
159946.SZ,20170905,1.104,1.104,1.106,1.09,1.106,0.002,0.1812,507.0,55.784
159948.SZ,20170905,1.955,1.956,1.969,1.951,1.958,0.003,0.1535,28784.01,5639.794
159949.SZ,20170905,0.76,0.761,0.764,0.754,0.76,0.0,0.0,140331.07,10649.593
159950.SZ,20170905,1.096,1.108,1.108,1.105,1.105,0.009,0.8212,6247.34,690.652
159951.SZ,20170905,1.02,1.015,1.026,1.015,1.023,0.003,0.2941,114644.95,11716.746
159952.SZ,20170905,1.05,1.051,1.059,1.047,1.054,0.004,0.381,266101.96,28021.919
159953.SZ,20170905,1.011,1.001,1.015,1.001,1.014,0.003,0.2967,107065.24,10835.102
159955.SZ,20170905,1.03,1.03,1.037,1.026,1.032,0.002,0.1942,48944.03,5053.657
160105.SZ,20170905,1.057,1.057,1.06,1.056,1.06,0.003,0.2838,622.51,65.977
160106.SZ,20170905,1.356,1.354,1.363,1.349,1.354,-0.002,-0.1475,1325.0,179.319
160119.SZ,20170905,1.603,1.603,1.608,1.596,1.607,0.004,0.2495,1095.0,175.425
160125.SZ,20170905,0.944,0.939,0.953,0.939,0.951,0.007,0.7415,879.0,83.658
160128.SZ,20170905,0.977,0.983,0.988,0.981,0.988,0.011,1.1259,1914.0,188.046
160131.SZ,20170905,1.0,1.001,1.001,1.001,1.001,0.001,0.1,70.0,7.007
160133.SZ,20170905,2.025,2.021,2.025,2.019,2.02,-0.005,-0.2469,1619.52,327.484
160211.SZ,20170905,3.38,3.377,3.426,3.363,3.373,-0.007,-0.2071,2308.23,779.343
160212.SZ,20170905,2.804,2.803,2.804,2.788,2.79,-0.014,-0.4993,16203.52,4532.201
160215.SZ,20170905,1.636,1.631,1.637,1.622,1.637,0.001,0.0611,6740.81,1097.557
160216.SZ,20170905,0.37,0.37,0.372,0.37,0.372,0.002,0.5405,104752.52,3886.109
160220.SZ,20170905,1.322,1.328,1.328,1.327,1.327,0.005,0.3782,358.02,47.525
160223.SZ,20170905,0.876,0.88,0.88,0.871,0.877,0.001,0.1142,1455.0,127.515
160225.SZ,20170905,1.11,1.106,1.13,1.1,1.126,0.016,1.4414,1730.34,192.49
160311.SZ,20170905,1.472,1.484,1.484,1.472,1.477,0.005,0.3397,1196.27,176.594
160314.SZ,20170905,1.108,1.11,1.11,1.102,1.108,0.0,0.0,3456.77,382.618
160322.SZ,20170905,1.176,1.177,1.18,1.175,1.177,0.001,0.085,1962.03,231.243
160323.SZ,20170905,0.942,0.942,0.945,0.942,0.942,0.0,0.0,377.09,35.556
160324.SZ,20170905,0.917,0.913,0.919,0.91,0.917,0.0,0.0,6037.75,551.612
160415.SZ,20170905,1.041,1.026,1.029,1.025,1.027,-0.014,-1.3449,486.53,49.964
160416.SZ,20170905,0.862,0.863,0.863,0.861,0.862,0.0,0.0,8485.0,731.203
160421.SZ,20170905,0.874,0.874,0.878,0.87,0.878,0.004,0.4577,13140.67,1151.124
160422.SZ,20170905,1.08,1.083,1.083,1.083,1.083,0.003,0.2778,37.05,4.012
160505.SZ,20170905,1.887,1.885,1.887,1.88,1.885,-0.002,-0.106,16014.49,3016.748
160512.SZ,20170905,2.27,2.261,2.267,2.257,2.259,-0.011,-0.4846,295.0,66.666
160515.SZ,20170905,0.991,0.992,0.992,0.99,0.992,0.001,0.1009,2501.0,248.099
160518.SZ,20170905,0.95,0.95,0.957,0.95,0.957,0.007,0.7368,116598.87,11127.974
160519.SZ,20170905,0.922,0.921,0.926,0.921,0.926,0.004,0.4338,9068.83,837.799
160520.SZ,20170905,0.967,0.969,0.969,0.969,0.969,0.002,0.2068,25.0,2.422
160522.SZ,20170905,0.948,0.946,0.951,0.946,0.951,0.003,0.3165,408.0,38.601
160607.SZ,20170905,0.757,0.759,0.759,0.754,0.756,-0.001,-0.1321,2125.0,160.53
160610.SZ,20170905,1.066,1.066,1.07,1.066,1.066,0.0,0.0,449.0,47.939
160611.SZ,20170905,0.841,0.834,0.841,0.834,0.841,0.0,0.0,1002.47,83.773
160616.SZ,20170905,1.376,1.376,1.379,1.375,1.379,0.003,0.218,105.0,14.439
160621.SZ,20170905,1.071,1.072,1.072,1.072,1.072,0.001,0.0934,1.0,0.107
160635.SZ,20170905,1.003,1.001,1.008,1.001,1.008,0.005,0.4985,423.45,42.66
160642.SZ,20170905,0.92,0.92,0.925,0.914,0.924,0.004,0.4348,160.0,14.769
160643.SZ,20170905,1.013,1.025,1.03,1.025,1.03,0.017,1.6782,4004.32,411.355
160706.SZ,20170905,1.1,1.1,1.106,1.099,1.104,0.004,0.3636,14572.66,1608.051
160716.SZ,20170905,1.475,1.476,1.485,1.475,1.482,0.007,0.4746,2555.0,378.412
160717.SZ,20170905,0.81,0.812,0.815,0.81,0.812,0.002,0.2469,7618.64,618.772
160719.SZ,20170905,0.725,0.723,0.725,0.723,0.724,-0.001,-0.1379,3576.02,258.817
160720.SZ,20170905,1.072,1.064,1.064,1.064,1.064,-0.008,-0.7463,100.0,10.64
160722.SZ,20170905,0.962,0.962,0.965,0.961,0.965,0.003,0.3119,21968.0,2115.225
160723.SZ,20170905,0.912,0.918,0.918,0.91,0.914,0.002,0.2193,1242.47,113.237
160805.SZ,20170905,0.812,0.834,0.834,0.809,0.822,0.01,1.2315,108.52,8.797
160806.SZ,20170905,1.39,1.395,1.398,1.392,1.398,0.008,0.5755,602.34,84.109
160812.SZ,20170905,1.474,1.473,1.475,1.472,1.475,0.001,0.0678,1470.28,216.806
160813.SZ,20170905,0.803,0.802,0.804,0.768,0.802,-0.001,-0.1245,6681.88,536.712
160910.SZ,20170905,1.08,1.082,1.092,1.082,1.092,0.012,1.1111,281.24,30.468
160915.SZ,20170905,1.111,1.112,1.112,1.112,1.112,0.001,0.09,5.0,0.556
160916.SZ,20170905,2.566,2.568,2.578,2.567,2.577,0.011,0.4287,2613.79,672.438
160918.SZ,20170905,1.904,1.9,1.91,1.9,1.91,0.006,0.3151,5059.14,963.433
160919.SZ,20170905,1.249,1.258,1.258,1.25,1.256,0.007,0.5604,1787.0,224.032
160921.SZ,20170905,0.884,0.9,0.9,0.897,0.898,0.014,1.5837,322.0,28.923
160922.SZ,20170905,1.062,1.06,1.135,1.053,1.064,0.002,0.1883,3462.0,377.95
160924.SZ,20170905,0.993,0.993,0.993,0.991,0.993,0.0,0.0,62.0,6.148
161005.SZ,20170905,1.915,1.921,1.95,1.919,1.94,0.025,1.3055,3642.6,704.306
161010.SZ,20170905,1.101,1.1,1.1,1.098,1.1,-0.001,-0.0908,817.0,89.813
161015.SZ,20170905,0.929,0.929,0.929,0.929,0.929,0.0,0.0,13.51,1.255
161017.SZ,20170905,2.231,2.242,2.242,2.231,2.236,0.005,0.2241,954.28,213.324
161019.SZ,20170905,0.981,0.981,0.981,0.98,0.981,0.0,0.0,5057.0,495.604
161033.SZ,20170905,1.138,1.138,1.139,1.128,1.139,0.001,0.0879,631.0,71.824
161035.SZ,20170905,0.912,0.916,0.916,0.912,0.916,0.004,0.4386,1688.23,154.401
161036.SZ,20170905,0.969,0.968,0.97,0.968,0.97,0.001,0.1032,1181.13,114.543
161037.SZ,20170905,1.088,1.082,1.091,1.082,1.089,0.001,0.0919,2439.33,265.198
161038.SZ,20170905,1.027,1.027,1.04,1.024,1.036,0.009,0.8763,10123.52,1041.643
161115.SZ,20170905,1.336,1.336,1.336,1.336,1.336,0.0,0.0,38.0,5.076
161116.SZ,20170905,0.731,0.729,0.732,0.729,0.731,0.0,0.0,1232.96,89.926
161124.SZ,20170905,1.037,1.042,1.044,1.041,1.043,0.006,0.5786,4886.0,509.492
161125.SZ,20170905,1.024,1.025,1.025,1.019,1.02,-0.004,-0.3906,433.0,44.166
161126.SZ,20170905,1.1,1.097,1.098,1.089,1.089,-0.011,-1.0,999.0,109.201
161127.SZ,20170905,1.219,1.218,1.22,1.215,1.215,-0.004,-0.3281,3326.0,404.904
161128.SZ,20170905,1.112,1.133,1.133,1.094,1.109,-0.003,-0.2698,1260.0,139.324
161129.SZ,20170905,0.857,0.859,0.859,0.852,0.855,-0.002,-0.2334,1409.0,120.702
161130.SZ,20170905,0.979,0.98,0.98,0.979,0.98,0.001,0.1021,179.0,17.533
161210.SZ,20170905,0.999,0.995,1.002,0.995,1.002,0.003,0.3003,151.0,15.072
161216.SZ,20170905,1.048,1.049,1.049,1.047,1.047,-0.001,-0.0954,74.0,7.749
161217.SZ,20170905,0.844,0.834,0.842,0.828,0.841,-0.003,-0.3555,1137.06,94.842
161219.SZ,20170905,1.351,1.34,1.349,1.34,1.349,-0.002,-0.148,10.0,1.341
161222.SZ,20170905,1.133,1.131,1.139,1.131,1.139,0.006,0.5296,5821.29,660.741
161224.SZ,20170905,1.079,1.081,1.081,1.081,1.081,0.002,0.1854,10.0,1.081
161225.SZ,20170905,1.207,1.21,1.226,1.209,1.218,0.011,0.9114,1952.09,236.785
161226.SZ,20170905,0.914,0.913,0.915,0.912,0.913,-0.001,-0.1094,53285.09,4868.885
161227.SZ,20170905,1.002,1.0,1.006,1.0,1.005,0.003,0.2994,12519.71,1257.315
161229.SZ,20170905,1.396,1.394,1.395,1.391,1.391,-0.005,-0.3582,141.0,19.631
161232.SZ,20170905,0.828,0.827,0.831,0.827,0.831,0.003,0.3623,106516.34,8827.091
161233.SZ,20170905,0.935,0.94,0.94,0.94,0.94,0.005,0.5348,26.0,2.444
161505.SZ,20170905,1.076,1.086,1.086,1.086,1.086,0.01,0.9294,2.0,0.217
161607.SZ,20170905,1.203,1.216,1.218,1.214,1.218,0.015,1.2469,1779.0,216.304
161610.SZ,20170905,0.946,0.944,0.944,0.94,0.942,-0.004,-0.4228,3067.8,289.006
161614.SZ,20170905,1.025,1.026,1.026,1.024,1.024,-0.001,-0.0976,30.0,3.072
161631.SZ,20170905,1.111,1.109,1.113,1.103,1.113,0.002,0.18,16719.99,1850.729
161706.SZ,20170905,1.545,1.536,1.547,1.53,1.532,-0.013,-0.8414,977.0,150.632
161713.SZ,20170905,1.009,1.009,1.009,1.009,1.009,0.0,0.0,150.0,15.135
161714.SZ,20170905,0.959,0.96,0.965,0.953,0.965,0.006,0.6257,240.0,23.149
161715.SZ,20170905,1.229,1.226,1.228,1.216,1.228,-0.001,-0.0814,1494.42,182.479
161716.SZ,20170905,1.101,1.102,1.102,1.102,1.102,0.001,0.0908,10.0,1.102
161727.SZ,20170905,0.985,0.986,0.986,0.986,0.986,0.001,0.1015,34800.0,3431.28
161810.SZ,20170905,1.842,1.847,1.851,1.843,1.848,0.006,0.3257,2530.23,467.668
161815.SZ,20170905,0.433,0.433,0.434,0.432,0.433,0.0,0.0,21914.27,949.024
161820.SZ,20170905,1.067,1.068,1.068,1.068,1.068,0.001,0.0937,444.0,47.419
161831.SZ,20170905,0.997,1.01,1.01,0.993,0.999,0.002,0.2006,1456.0,145.363
161834.SZ,20170905,0.866,0.866,0.868,0.864,0.867,0.001,0.1155,11951.6,1034.979
161835.SZ,20170905,0.91,0.919,0.919,0.912,0.912,0.002,0.2198,300.02,27.431
161903.SZ,20170905,0.884,0.878,0.881,0.878,0.879,-0.005,-0.5656,119.0,10.477
161907.SZ,20170905,1.689,1.652,1.663,1.652,1.663,-0.026,-1.5394,23.0,3.816
161908.SZ,20170905,0.905,0.902,0.902,0.902,0.902,-0.003,-0.3315,3.84,0.346
161911.SZ,20170905,0.975,0.974,0.979,0.974,0.978,0.003,0.3077,19226.14,1880.203
162006.SZ,20170905,1.114,1.118,1.118,1.114,1.115,0.001,0.0898,267.36,29.814
162105.SZ,20170905,1.17,1.095,1.098,1.094,1.096,-0.074,-6.3248,1680.42,184.103
162108.SZ,20170905,1.112,1.112,1.113,1.112,1.113,0.001,0.0899,1342.0,149.245
162207.SZ,20170905,1.264,1.264,1.265,1.263,1.263,-0.001,-0.0791,487.0,61.529
162215.SZ,20170905,1.06,1.061,1.061,1.061,1.061,0.001,0.0943,32.0,3.395
162307.SZ,20170905,1.207,1.205,1.208,1.205,1.208,0.001,0.0829,52.02,6.283
162411.SZ,20170905,0.503,0.503,0.504,0.502,0.502,-0.001,-0.1988,710538.46,35739.671
162415.SZ,20170905,1.136,1.141,1.141,1.134,1.136,0.0,0.0,769.0,87.331
162510.SZ,20170905,1.068,1.072,1.087,1.072,1.087,0.019,1.779,112.0,12.15
162605.SZ,20170905,1.1,1.094,1.101,1.094,1.101,0.001,0.0909,450.01,49.424
162607.SZ,20170905,0.557,0.56,0.561,0.555,0.561,0.004,0.7181,1837.98,102.789
162703.SZ,20170905,1.399,1.432,1.472,1.388,1.402,0.003,0.2144,2542.1,354.975
162711.SZ,20170905,1.372,1.376,1.38,1.374,1.38,0.008,0.5831,140.0,19.315
162712.SZ,20170905,1.413,1.414,1.414,1.413,1.413,0.0,0.0,209.11,29.567
162715.SZ,20170905,1.083,1.085,1.085,1.085,1.085,0.002,0.1847,15.0,1.627
162717.SZ,20170905,0.944,0.94,0.945,0.94,0.945,0.001,0.1059,701.07,65.901
162719.SZ,20170905,0.844,0.845,0.845,0.84,0.843,-0.001,-0.1185,2396.32,201.859
163003.SZ,20170905,0.625,0.627,0.627,0.626,0.626,0.001,0.16,70.0,4.383
163110.SZ,20170905,2.713,2.712,2.712,2.699,2.71,-0.003,-0.1106,4913.84,1331.132
163111.SZ,20170905,1.133,1.131,1.147,1.131,1.139,0.006,0.5296,2543.66,289.064
163119.SZ,20170905,0.898,0.899,0.905,0.899,0.905,0.007,0.7795,416.0,37.538
163208.SZ,20170905,0.799,0.798,0.798,0.798,0.798,-0.001,-0.1252,12.0,0.957
163210.SZ,20170905,1.024,1.025,1.027,1.024,1.026,0.002,0.1953,2461.94,252.437
163302.SZ,20170905,1.314,1.314,1.315,1.314,1.315,0.001,0.0761,260.43,34.228
163402.SZ,20170905,0.812,0.812,0.816,0.81,0.815,0.003,0.3695,80802.7,6579.397
163407.SZ,20170905,1.721,1.722,1.733,1.72,1.733,0.012,0.6973,795.33,137.405
163409.SZ,20170905,1.573,1.578,1.578,1.565,1.573,0.0,0.0,751.0,117.741
163412.SZ,20170905,2.733,2.72,2.747,2.72,2.742,0.009,0.3293,6798.0,1861.072
163415.SZ,20170905,1.325,1.325,1.326,1.321,1.323,-0.002,-0.1509,1903.0,251.829
163503.SZ,20170905,0.507,0.508,0.509,0.507,0.509,0.002,0.3945,5489.0,279.073
163801.SZ,20170905,1.212,1.207,1.218,1.207,1.215,0.003,0.2475,955.07,115.896
163821.SZ,20170905,1.527,1.529,1.57,1.529,1.562,0.035,2.2921,154.0,23.945
164105.SZ,20170905,1.255,1.251,1.369,1.251,1.289,0.034,2.7092,537.56,69.319
164206.SZ,20170905,1.049,1.049,1.049,1.048,1.049,0.0,0.0,16174.99,1696.509
164403.SZ,20170905,0.962,0.97,0.97,0.951,0.951,-0.011,-1.1435,43.0,4.163
164701.SZ,20170905,0.627,0.626,0.627,0.625,0.627,0.0,0.0,2158.0,135.035
164702.SZ,20170905,0.991,0.987,0.992,0.986,0.992,0.001,0.1009,2566.01,253.019
164703.SZ,20170905,1.026,1.023,1.023,1.023,1.023,-0.003,-0.2924,6.11,0.625
164705.SZ,20170905,1.163,1.163,1.163,1.155,1.157,-0.006,-0.5159,139.0,16.092
164808.SZ,20170905,0.999,0.996,0.999,0.996,0.997,-0.002,-0.2002,401.0,39.969
164810.SZ,20170905,0.955,0.965,0.965,0.956,0.963,0.008,0.8377,2481.0,237.852
164814.SZ,20170905,1.006,1.009,1.009,1.006,1.007,0.001,0.0994,108.0,10.879
164906.SZ,20170905,1.365,1.364,1.371,1.364,1.367,0.002,0.1465,7126.3,974.092
165309.SZ,20170905,1.183,1.184,1.184,1.184,1.184,0.001,0.0845,4.0,0.473
165313.SZ,20170905,1.469,1.466,1.47,1.465,1.467,-0.002,-0.1361,879.33,129.089
165508.SZ,20170905,1.847,1.85,1.85,1.85,1.85,0.003,0.1624,1.0,0.185
165510.SZ,20170905,0.81,0.816,0.824,0.812,0.813,0.003,0.3704,2028.0,165.435
165513.SZ,20170905,0.431,0.431,0.433,0.431,0.432,0.001,0.232,961.0,41.502
165516.SZ,20170905,2.541,2.547,2.547,2.547,2.547,0.006,0.2361,2.0,0.509
165517.SZ,20170905,0.755,0.755,0.755,0.755,0.755,0.0,0.0,2.0,0.151
165525.SZ,20170905,1.207,1.205,1.217,1.203,1.203,-0.004,-0.3314,1638.1,197.245
165528.SZ,20170905,0.994,0.995,0.996,0.993,0.996,0.002,0.2012,23629.92,2350.745
165807.SZ,20170905,1.049,1.049,1.049,1.049,1.049,0.0,0.0,471.0,49.407
166001.SZ,20170905,1.168,1.174,1.176,1.173,1.176,0.008,0.6849,180.0,21.138
166006.SZ,20170905,1.231,1.23,1.233,1.225,1.232,0.001,0.0812,1065.0,131.127
166007.SZ,20170905,1.342,1.348,1.353,1.348,1.35,0.008,0.5961,35.0,4.725
166008.SZ,20170905,1.033,1.027,1.027,1.027,1.027,-0.006,-0.5808,2.0,0.205
166011.SZ,20170905,1.267,1.267,1.275,1.267,1.274,0.007,0.5525,921.04,117.102
166402.SZ,20170905,1.052,1.042,1.062,1.042,1.046,-0.006,-0.5703,1358.0,142.148
166904.SZ,20170905,1.065,1.066,1.066,1.066,1.066,0.001,0.0939,1000.0,106.6
167001.SZ,20170905,0.82,0.821,0.824,0.819,0.824,0.004,0.4878,12674.46,1041.599
167003.SZ,20170905,0.938,0.933,0.933,0.933,0.933,-0.005,-0.533,300.11,28.0
167501.SZ,20170905,1.103,1.106,1.106,1.106,1.106,0.003,0.272,0.01,0.001
168101.SZ,20170905,1.078,1.08,1.088,1.078,1.088,0.01,0.9276,7686.0,833.317
168102.SZ,20170905,0.836,0.832,0.845,0.832,0.845,0.009,1.0766,8773.93,738.102
168103.SZ,20170905,0.803,0.803,0.816,0.803,0.813,0.01,1.2453,71410.62,5785.788
168104.SZ,20170905,0.943,0.95,0.954,0.946,0.95,0.007,0.7423,522.0,49.567
168105.SZ,20170905,0.814,0.814,0.823,0.811,0.821,0.007,0.86,17818.11,1454.853
168106.SZ,20170905,0.853,0.89,0.912,0.88,0.892,0.039,4.5721,229.0,20.371
168108.SZ,20170905,0.874,0.936,0.936,0.888,0.889,0.015,1.7162,182.0,16.403
168301.SZ,20170905,0.926,0.924,0.929,0.924,0.928,0.002,0.216,10095.36,935.502
168401.SZ,20170905,0.9,0.894,0.909,0.894,0.894,-0.006,-0.6667,1752.11,156.783
169101.SZ,20170905,1.501,1.505,1.532,1.505,1.53,0.029,1.932,7179.0,1093.52
169102.SZ,20170905,1.486,1.493,1.499,1.485,1.495,0.009,0.6057,3668.59,548.073
169103.SZ,20170905,1.336,1.342,1.346,1.341,1.343,0.007,0.524,1231.0,165.595
169104.SZ,20170905,1.308,1.311,1.318,1.31,1.313,0.005,0.3823,1168.94,153.175
169105.SZ,20170905,1.325,1.328,1.368,1.328,1.345,0.02,1.5094,157537.28,21082.507
169201.SZ,20170905,0.883,0.875,0.879,0.875,0.879,-0.004,-0.453,1600.15,140.413
184801.SZ,20170905,99.888,99.879,99.879,99.661,99.878,-0.01,-0.01,58.0,578.635
