ts_code,trade_date,pre_close,open,high,low,close,change,pct_chg,vol,amount
150008.SZ,20170808,1.31,1.268,1.325,1.268,1.317,0.007,0.5344,455.94,59.831
150009.SZ,20170808,1.085,1.11,1.11,1.061,1.088,0.003,0.2765,427.07,46.858
150012.SZ,20170808,1.034,1.03,1.033,1.021,1.026,-0.008,-0.7737,5809.0,594.541
150013.SZ,20170808,1.347,1.34,1.341,1.333,1.341,-0.006,-0.4454,183.44,24.586
150016.SZ,20170808,1.069,1.06,1.06,1.047,1.047,-0.022,-2.058,1058.0,110.926
150017.SZ,20170808,1.148,1.15,1.152,1.148,1.152,0.004,0.3484,467.39,53.725
150018.SZ,20170808,1.041,1.04,1.04,1.033,1.035,-0.006,-0.5764,173416.0,17960.798
150019.SZ,20170808,0.926,0.928,0.939,0.922,0.939,0.013,1.4039,507448.81,47416.574
150020.SZ,20170808,1.062,1.062,1.062,1.061,1.062,0.0,0.0,1608.0,170.737
150021.SZ,20170808,1.044,1.043,1.044,1.041,1.043,-0.001,-0.0958,7556.38,787.771
150022.SZ,20170808,0.796,0.796,0.796,0.793,0.795,-0.001,-0.1256,196371.58,15594.984
150023.SZ,20170808,0.384,0.384,0.389,0.384,0.387,0.003,0.7813,210874.62,8159.568
150028.SZ,20170808,1.013,1.005,1.012,1.001,1.012,-0.001,-0.0987,518.75,52.104
150029.SZ,20170808,1.463,1.466,1.47,1.463,1.463,0.0,0.0,585.46,85.848
150030.SZ,20170808,1.005,0.988,1.05,0.988,1.05,0.045,4.4776,6.29,0.64
150031.SZ,20170808,1.23,1.235,1.235,1.221,1.233,0.003,0.2439,168.72,20.77
150032.SZ,20170808,1.006,1.005,1.007,1.005,1.007,0.001,0.0994,1250.0,125.787
150033.SZ,20170808,0.955,0.955,0.965,0.948,0.949,-0.006,-0.6283,2800.0,267.357
150036.SZ,20170808,1.065,1.025,1.025,1.025,1.025,-0.04,-3.7559,1.0,0.102
150040.SZ,20170808,1.052,1.054,1.054,1.054,1.054,0.002,0.1901,1.0,0.105
150048.SZ,20170808,1.09,1.092,1.092,1.09,1.09,0.0,0.0,2.0,0.218
150049.SZ,20170808,0.992,0.993,0.999,0.993,0.993,0.001,0.1008,1718.0,170.662
150050.SZ,20170808,1.238,1.243,1.253,1.243,1.253,0.015,1.2116,4279.47,534.41
150051.SZ,20170808,0.992,0.992,0.993,0.988,0.991,-0.001,-0.1008,6921.58,686.345
150052.SZ,20170808,1.64,1.64,1.649,1.636,1.647,0.007,0.4268,34081.19,5604.842
150053.SZ,20170808,1.03,1.011,1.035,1.01,1.035,0.005,0.4854,553.92,57.208
150054.SZ,20170808,1.005,0.995,0.996,0.995,0.995,-0.01,-0.995,830.0,82.615
150055.SZ,20170808,1.079,1.046,1.046,1.046,1.046,-0.033,-3.0584,1.0,0.104
150056.SZ,20170808,1.438,1.439,1.439,1.439,1.439,0.001,0.0695,50.0,7.195
150058.SZ,20170808,1.016,1.0,1.0,1.0,1.0,-0.016,-1.5748,23.0,2.3
150059.SZ,20170808,1.28,1.268,1.268,1.235,1.235,-0.045,-3.5156,581.34,72.303
150060.SZ,20170808,1.37,1.33,1.378,1.33,1.371,0.001,0.073,4812.54,659.454
150064.SZ,20170808,1.016,0.989,1.023,0.989,1.02,0.004,0.3937,6.14,0.613
150065.SZ,20170808,1.041,1.007,1.045,1.007,1.043,0.002,0.1921,104.52,10.54
150073.SZ,20170808,1.014,1.041,1.041,1.041,1.041,0.027,2.6627,12.0,1.249
150075.SZ,20170808,1.173,1.156,1.175,1.147,1.175,0.002,0.1705,40.56,4.712
150076.SZ,20170808,0.993,0.99,0.99,0.981,0.985,-0.008,-0.8056,328.0,32.34
150084.SZ,20170808,1.127,1.052,1.127,1.052,1.125,-0.002,-0.1775,3.0,0.322
150091.SZ,20170808,0.898,0.878,0.94,0.878,0.94,0.042,4.6771,16.27,1.456
150092.SZ,20170808,1.027,1.03,1.03,1.03,1.03,0.003,0.2921,42.0,4.326
150093.SZ,20170808,0.945,0.956,0.956,0.956,0.956,0.011,1.164,1.0,0.095
150094.SZ,20170808,1.12,1.015,1.016,1.015,1.016,-0.104,-9.2857,52.45,5.325
150095.SZ,20170808,0.53,0.496,0.526,0.496,0.523,-0.007,-1.3208,409.0,20.472
150100.SZ,20170808,1.079,1.075,1.076,1.051,1.051,-0.028,-2.595,14121.0,1514.901
150101.SZ,20170808,1.718,1.718,1.755,1.717,1.718,0.0,0.0,21946.25,3808.448
150104.SZ,20170808,1.051,1.052,1.052,1.052,1.052,0.001,0.0951,3.0,0.315
150106.SZ,20170808,1.134,1.134,1.134,1.134,1.134,0.0,0.0,599.0,67.926
150107.SZ,20170808,0.997,0.984,1.0,0.984,0.999,0.002,0.2006,1188.5,118.075
150109.SZ,20170808,0.982,0.959,1.0,0.959,1.0,0.018,1.833,70.38,6.953
150112.SZ,20170808,0.996,0.992,0.993,0.991,0.993,-0.003,-0.3012,2610.0,259.003
150113.SZ,20170808,1.525,1.55,1.55,1.55,1.55,0.025,1.6393,110.0,17.05
150117.SZ,20170808,1.04,1.039,1.04,1.038,1.04,0.0,0.0,122500.16,12723.99
150118.SZ,20170808,0.46,0.461,0.468,0.459,0.461,0.001,0.2174,83164.89,3854.363
150121.SZ,20170808,1.041,1.005,1.005,1.005,1.005,-0.036,-3.4582,5.0,0.502
150124.SZ,20170808,1.944,1.947,1.952,1.936,1.952,0.008,0.4115,5690.5,1109.008
150130.SZ,20170808,1.043,1.043,1.043,1.039,1.043,0.0,0.0,162691.45,16932.077
150131.SZ,20170808,0.496,0.496,0.506,0.493,0.502,0.006,1.2097,431811.37,21540.482
150135.SZ,20170808,1.005,0.982,1.012,0.982,1.012,0.007,0.6965,3.0,0.299
150138.SZ,20170808,1.02,1.03,1.031,1.018,1.018,-0.002,-0.1961,705.0,72.042
150139.SZ,20170808,1.0,0.95,1.0,0.95,0.991,-0.009,-0.9,1023.77,99.641
150140.SZ,20170808,1.014,1.013,1.02,1.013,1.013,-0.001,-0.0986,7172.0,726.782
150141.SZ,20170808,0.915,0.902,0.916,0.902,0.916,0.001,0.1093,30.5,2.792
150143.SZ,20170808,1.008,1.01,1.011,1.01,1.011,0.003,0.2976,10.17,1.027
150144.SZ,20170808,0.746,0.75,0.75,0.729,0.746,0.0,0.0,554.0,41.174
150145.SZ,20170808,1.062,1.062,1.062,1.062,1.062,0.0,0.0,10.0,1.062
150146.SZ,20170808,0.425,0.424,0.424,0.402,0.424,-0.001,-0.2353,240.0,9.978
150148.SZ,20170808,1.18,1.25,1.25,1.25,1.25,0.07,5.9322,1.0,0.125
150149.SZ,20170808,0.602,0.612,0.618,0.608,0.608,0.006,0.9967,3593.0,220.151
150150.SZ,20170808,1.059,1.042,1.068,1.042,1.057,-0.002,-0.1889,8506.0,902.722
150151.SZ,20170808,1.57,1.573,1.645,1.544,1.615,0.045,2.8662,11682.51,1870.983
150152.SZ,20170808,1.002,1.001,1.001,0.992,0.995,-0.007,-0.6986,573261.9,57036.073
150153.SZ,20170808,0.563,0.565,0.588,0.562,0.586,0.023,4.0853,2602046.93,149832.833
150154.SZ,20170808,0.945,0.944,0.947,0.944,0.947,0.002,0.2116,1501.0,141.694
150156.SZ,20170808,1.017,1.017,1.033,1.017,1.017,0.0,0.0,81.0,8.239
150157.SZ,20170808,1.014,1.016,1.02,1.003,1.009,-0.005,-0.4931,17168.0,1734.876
150158.SZ,20170808,1.04,1.03,1.045,1.029,1.044,0.004,0.3846,32707.94,3388.022
150164.SZ,20170808,0.996,0.993,0.993,0.989,0.992,-0.004,-0.4016,870.0,86.175
150165.SZ,20170808,0.81,0.826,0.84,0.826,0.84,0.03,3.7037,11.0,0.91
150169.SZ,20170808,1.005,1.005,1.005,1.002,1.003,-0.002,-0.199,16983.0,1704.688
150170.SZ,20170808,1.355,1.352,1.368,1.352,1.368,0.013,0.9594,25671.11,3495.486
150171.SZ,20170808,0.984,0.984,0.984,0.967,0.977,-0.007,-0.7114,392644.93,38338.849
150172.SZ,20170808,1.16,1.161,1.18,1.146,1.173,0.013,1.1207,893553.87,104033.127
150173.SZ,20170808,0.992,0.99,0.991,0.984,0.987,-0.005,-0.504,1536.0,151.769
150174.SZ,20170808,0.526,0.519,0.541,0.519,0.541,0.015,2.8517,14279.92,759.94
150175.SZ,20170808,0.967,0.967,0.967,0.961,0.964,-0.003,-0.3102,169233.0,16308.645
150176.SZ,20170808,1.05,1.05,1.053,1.038,1.052,0.002,0.1905,136067.78,14254.659
150177.SZ,20170808,1.055,1.042,1.067,1.042,1.059,0.004,0.3791,2483.55,263.752
150178.SZ,20170808,1.502,1.496,1.51,1.48,1.507,0.005,0.3329,8204.03,1224.584
150179.SZ,20170808,1.048,1.007,1.035,1.007,1.035,-0.013,-1.2405,11.0,1.11
150180.SZ,20170808,1.215,1.205,1.29,1.205,1.281,0.066,5.4321,1000.69,127.872
150181.SZ,20170808,0.982,0.981,0.981,0.972,0.975,-0.007,-0.7128,244991.39,23890.933
150182.SZ,20170808,0.821,0.819,0.85,0.805,0.836,0.015,1.827,793316.21,65896.714
150184.SZ,20170808,1.023,1.008,1.008,1.0,1.005,-0.018,-1.7595,1437.7,144.343
150185.SZ,20170808,0.8,0.802,0.806,0.796,0.801,0.001,0.125,10370.34,831.649
150186.SZ,20170808,0.955,0.954,0.955,0.944,0.947,-0.008,-0.8377,58072.0,5508.794
150187.SZ,20170808,0.612,0.606,0.639,0.598,0.628,0.016,2.6144,43380.58,2685.62
150188.SZ,20170808,1.003,1.002,1.003,1.001,1.003,0.0,0.0,7384.9,740.053
150189.SZ,20170808,0.955,0.955,0.957,0.955,0.957,0.002,0.2094,39.36,3.76
150190.SZ,20170808,1.058,1.063,1.063,1.06,1.06,0.002,0.189,13926.0,1476.245
150191.SZ,20170808,1.041,1.05,1.089,1.05,1.083,0.042,4.0346,3032.45,329.241
150193.SZ,20170808,1.0,1.019,1.027,0.999,1.024,0.024,2.4,737.07,73.962
150194.SZ,20170808,0.966,0.965,0.971,0.963,0.964,-0.002,-0.207,37059.0,3574.206
150195.SZ,20170808,1.079,1.078,1.099,1.074,1.099,0.02,1.8536,108187.53,11804.974
150196.SZ,20170808,1.112,1.118,1.15,1.118,1.135,0.023,2.0683,57998.33,6591.229
150197.SZ,20170808,1.422,1.439,1.49,1.422,1.432,0.01,0.7032,284357.59,41257.952
150198.SZ,20170808,1.173,1.145,1.152,1.134,1.134,-0.039,-3.3248,389.52,44.319
150199.SZ,20170808,0.947,0.945,0.953,0.939,0.946,-0.001,-0.1056,11517.63,1089.433
150200.SZ,20170808,0.982,0.981,0.982,0.971,0.975,-0.007,-0.7128,2549815.8,248418.803
150201.SZ,20170808,0.503,0.503,0.518,0.496,0.508,0.005,0.994,5549354.65,280911.574
150203.SZ,20170808,0.998,0.983,0.997,0.983,0.997,-0.001,-0.1002,3.24,0.319
150204.SZ,20170808,0.769,0.779,0.796,0.766,0.796,0.027,3.5111,5103.58,399.387
150205.SZ,20170808,0.974,0.973,0.973,0.965,0.967,-0.007,-0.7187,108516.09,10497.556
150206.SZ,20170808,1.01,1.008,1.048,0.984,1.026,0.016,1.5842,506919.67,51552.083
150207.SZ,20170808,1.03,1.036,1.103,1.031,1.031,0.001,0.0971,253.0,27.885
150208.SZ,20170808,0.481,0.485,0.485,0.452,0.479,-0.002,-0.4158,11417.0,543.036
150209.SZ,20170808,0.986,0.984,0.985,0.975,0.981,-0.005,-0.5071,54820.6,5363.363
150210.SZ,20170808,0.888,0.888,0.899,0.886,0.895,0.007,0.7883,215833.79,19304.377
150211.SZ,20170808,1.006,1.005,1.005,1.0,1.003,-0.003,-0.2982,27580.0,2763.385
150212.SZ,20170808,0.747,0.752,0.758,0.738,0.739,-0.008,-1.071,64398.04,4800.007
150213.SZ,20170808,1.03,1.035,1.035,1.029,1.03,0.0,0.0,15405.0,1589.161
150214.SZ,20170808,0.376,0.377,0.386,0.375,0.384,0.008,2.1277,65918.0,2512.759
150216.SZ,20170808,1.059,1.036,1.064,1.036,1.06,0.001,0.0944,323.9,33.611
150217.SZ,20170808,1.001,0.996,0.996,0.996,0.996,-0.005,-0.4995,743.88,74.09
150218.SZ,20170808,0.621,0.618,0.627,0.61,0.616,-0.005,-0.8052,8993.7,558.375
150220.SZ,20170808,0.806,0.806,0.818,0.796,0.81,0.004,0.4963,25837.39,2092.31
150221.SZ,20170808,1.122,1.123,1.125,1.117,1.121,-0.001,-0.0891,278766.0,31234.303
150222.SZ,20170808,0.434,0.433,0.455,0.423,0.446,0.012,2.765,2796020.77,122810.437
150223.SZ,20170808,1.118,1.118,1.119,1.115,1.116,-0.002,-0.1789,112782.0,12592.404
150224.SZ,20170808,0.919,0.918,0.936,0.903,0.926,0.007,0.7617,370526.33,33985.27
150225.SZ,20170808,1.126,1.159,1.159,1.041,1.063,-0.063,-5.595,120.0,12.644
150226.SZ,20170808,1.277,1.311,1.341,1.25,1.25,-0.027,-2.1143,193.48,25.895
150227.SZ,20170808,0.987,0.987,0.987,0.977,0.979,-0.008,-0.8105,397221.0,38949.219
150228.SZ,20170808,0.949,0.945,0.965,0.944,0.952,0.003,0.3161,659849.84,62923.412
150229.SZ,20170808,1.097,1.086,1.098,1.086,1.096,-0.001,-0.0912,214.71,23.447
150230.SZ,20170808,1.182,1.189,1.197,1.181,1.188,0.006,0.5076,2280.0,269.854
150231.SZ,20170808,1.041,1.034,1.034,1.034,1.034,-0.007,-0.6724,0.39,0.04
150232.SZ,20170808,1.087,1.109,1.13,1.058,1.086,-0.001,-0.092,148.31,16.247
150233.SZ,20170808,0.956,0.954,0.965,0.954,0.959,0.003,0.3138,4574.0,437.498
150234.SZ,20170808,1.15,1.162,1.165,1.115,1.165,0.015,1.3043,2848.96,325.173
150235.SZ,20170808,1.042,1.004,1.03,1.004,1.019,-0.023,-2.2073,4241.0,431.367
150236.SZ,20170808,0.892,0.885,0.91,0.88,0.899,0.007,0.7848,24692.83,2196.883
150237.SZ,20170808,1.083,1.055,1.055,1.055,1.055,-0.028,-2.5854,0.54,0.056
150241.SZ,20170808,1.038,1.037,1.037,1.037,1.037,-0.001,-0.0963,743.04,77.053
150242.SZ,20170808,1.03,1.02,1.031,1.02,1.03,0.0,0.0,1534.73,157.516
150243.SZ,20170808,1.02,1.014,1.016,1.014,1.016,-0.004,-0.3922,251.5,25.552
150244.SZ,20170808,0.586,0.59,0.608,0.583,0.607,0.021,3.5836,88388.58,5319.232
150245.SZ,20170808,1.066,1.067,1.067,1.067,1.067,0.001,0.0938,99.95,10.664
150246.SZ,20170808,0.909,0.915,0.992,0.884,0.925,0.016,1.7602,2449.0,227.384
150247.SZ,20170808,1.025,1.02,1.021,1.02,1.021,-0.004,-0.3902,295.0,30.119
150248.SZ,20170808,0.835,0.84,0.849,0.825,0.848,0.013,1.5569,12140.3,1017.784
150249.SZ,20170808,1.016,1.004,1.004,1.004,1.004,-0.012,-1.1811,100.0,10.04
150250.SZ,20170808,0.994,1.002,1.012,0.99,1.01,0.016,1.6097,1086.0,108.723
150251.SZ,20170808,1.103,1.075,1.083,1.075,1.083,-0.02,-1.8132,11.66,1.254
150252.SZ,20170808,1.518,1.521,1.526,1.463,1.466,-0.052,-3.4256,13511.83,2026.052
150255.SZ,20170808,0.962,0.96,0.96,0.951,0.954,-0.008,-0.8316,5753.65,549.203
150256.SZ,20170808,0.918,0.921,0.921,0.921,0.921,0.003,0.3268,111.65,10.282
150257.SZ,20170808,0.989,0.996,0.996,0.989,0.99,0.001,0.1011,419.0,41.559
150258.SZ,20170808,0.94,0.929,0.95,0.929,0.949,0.009,0.9574,277.72,26.084
150259.SZ,20170808,0.962,0.959,0.96,0.951,0.953,-0.009,-0.9356,3266.09,312.092
150260.SZ,20170808,0.665,0.669,0.69,0.669,0.682,0.017,2.5564,1103.2,75.142
150261.SZ,20170808,1.04,1.037,1.04,1.037,1.04,0.0,0.0,5446.63,565.184
150262.SZ,20170808,0.694,0.695,0.705,0.687,0.705,0.011,1.585,18950.86,1320.26
150263.SZ,20170808,1.024,1.022,1.022,1.022,1.022,-0.002,-0.1953,2.0,0.204
150264.SZ,20170808,0.465,0.477,0.477,0.434,0.473,0.008,1.7204,183.0,7.954
150265.SZ,20170808,1.088,1.088,1.088,1.085,1.088,0.0,0.0,849.28,92.259
150266.SZ,20170808,1.346,1.346,1.352,1.328,1.342,-0.004,-0.2972,2321.48,311.4
150267.SZ,20170808,1.057,1.043,1.043,1.042,1.043,-0.014,-1.3245,474.0,49.431
150268.SZ,20170808,0.943,0.944,0.96,0.944,0.952,0.009,0.9544,2587.0,248.22
150269.SZ,20170808,1.081,1.07,1.08,1.07,1.074,-0.007,-0.6475,732.79,79.022
150270.SZ,20170808,1.728,1.723,1.76,1.698,1.715,-0.013,-0.7523,29954.0,5151.944
150271.SZ,20170808,1.014,1.01,1.014,1.009,1.014,0.0,0.0,1184.18,119.647
150272.SZ,20170808,0.863,0.831,0.901,0.831,0.901,0.038,4.4032,525.99,47.052
150273.SZ,20170808,1.003,0.999,1.001,0.997,0.999,-0.004,-0.3988,2206.27,220.387
150274.SZ,20170808,0.681,0.671,0.689,0.671,0.682,0.001,0.1468,3229.33,220.751
150275.SZ,20170808,0.981,0.981,0.981,0.971,0.974,-0.007,-0.7136,157243.49,15327.277
150276.SZ,20170808,0.618,0.619,0.629,0.614,0.621,0.003,0.4854,151248.56,9417.559
150277.SZ,20170808,1.001,1.0,1.001,0.992,0.993,-0.008,-0.7992,3717.0,369.426
150278.SZ,20170808,0.536,0.533,0.546,0.532,0.542,0.006,1.1194,14296.79,775.645
150280.SZ,20170808,0.705,0.696,0.714,0.696,0.71,0.005,0.7092,1333.7,94.126
150281.SZ,20170808,1.071,1.035,1.116,1.035,1.08,0.009,0.8403,9.0,0.971
150282.SZ,20170808,0.567,0.513,0.595,0.513,0.588,0.021,3.7037,215.0,12.43
150283.SZ,20170808,0.96,0.961,0.961,0.95,0.951,-0.009,-0.9375,3891.0,370.821
150284.SZ,20170808,0.726,0.734,0.74,0.734,0.74,0.014,1.9284,184.03,13.607
150287.SZ,20170808,1.072,1.079,1.082,1.066,1.068,-0.004,-0.3731,1880.34,202.201
150288.SZ,20170808,0.981,0.975,1.01,0.934,0.949,-0.032,-3.262,138401.28,13446.473
150289.SZ,20170808,1.05,1.055,1.058,1.051,1.053,0.003,0.2857,131975.9,13936.11
150290.SZ,20170808,0.717,0.713,0.744,0.687,0.692,-0.025,-3.4868,568951.79,40568.894
150291.SZ,20170808,1.056,1.052,1.055,1.05,1.051,-0.005,-0.4735,5900.0,621.484
150292.SZ,20170808,0.768,0.765,0.775,0.757,0.765,-0.003,-0.3906,3442.0,265.7
150293.SZ,20170808,1.044,1.042,1.044,1.039,1.044,0.0,0.0,3.0,0.312
150295.SZ,20170808,1.013,1.011,1.013,0.999,1.01,-0.003,-0.2962,974.0,98.471
150296.SZ,20170808,0.97,0.972,0.98,0.972,0.978,0.008,0.8247,4223.16,412.181
150297.SZ,20170808,1.049,1.036,1.049,1.036,1.049,0.0,0.0,695.0,72.249
150298.SZ,20170808,0.454,0.462,0.463,0.448,0.45,-0.004,-0.8811,1391.32,64.148
150299.SZ,20170808,1.052,1.051,1.052,1.045,1.047,-0.005,-0.4753,56781.0,5942.937
150300.SZ,20170808,0.723,0.722,0.727,0.717,0.721,-0.002,-0.2766,51780.0,3740.028
150301.SZ,20170808,1.044,1.041,1.055,1.041,1.043,-0.001,-0.0958,293.0,30.611
150302.SZ,20170808,1.099,1.08,1.096,1.046,1.096,-0.003,-0.273,5086.19,547.217
150303.SZ,20170808,1.031,1.028,1.028,1.025,1.027,-0.004,-0.388,8072.5,827.675
150304.SZ,20170808,0.846,0.845,0.86,0.838,0.858,0.012,1.4184,49386.68,4211.013
150305.SZ,20170808,1.048,1.014,1.014,1.014,1.014,-0.034,-3.2443,1.0,0.101
150306.SZ,20170808,0.5,0.5,0.5,0.48,0.495,-0.005,-1.0,886.0,43.407
150307.SZ,20170808,0.965,0.962,0.971,0.962,0.965,0.0,0.0,3592.15,347.393
150308.SZ,20170808,1.064,1.059,1.072,1.055,1.064,0.0,0.0,8242.89,870.111
150309.SZ,20170808,1.038,1.0,1.0,1.0,1.0,-0.038,-3.6609,120.4,12.04
150310.SZ,20170808,0.517,0.569,0.569,0.5,0.503,-0.014,-2.7079,443.0,22.648
150311.SZ,20170808,0.985,0.97,0.975,0.97,0.975,-0.01,-1.0152,0.02,0.001
150312.SZ,20170808,0.719,0.687,0.741,0.687,0.698,-0.021,-2.9207,454.02,32.942
150315.SZ,20170808,1.008,1.012,1.013,1.0,1.01,0.002,0.1984,1907.96,191.614
150316.SZ,20170808,0.751,0.726,0.751,0.726,0.748,-0.003,-0.3995,4935.0,363.067
150317.SZ,20170808,1.035,1.034,1.034,1.024,1.027,-0.008,-0.7729,3119.0,320.313
150318.SZ,20170808,0.86,0.859,0.927,0.852,0.86,0.0,0.0,663.24,57.049
150321.SZ,20170808,1.187,1.185,1.196,1.182,1.189,0.002,0.1685,6710.87,798.953
150322.SZ,20170808,1.397,1.38,1.416,1.34,1.37,-0.027,-1.9327,30958.0,4346.247
150324.SZ,20170808,0.42,0.411,0.438,0.41,0.43,0.01,2.381,585.0,24.015
150325.SZ,20170808,1.028,1.025,1.035,1.025,1.035,0.007,0.6809,2585.0,265.766
150326.SZ,20170808,0.91,0.952,0.952,0.951,0.951,0.041,4.5055,1231.0,117.101
150327.SZ,20170808,1.078,1.1,1.1,1.1,1.1,0.022,2.0408,1.0,0.11
150328.SZ,20170808,1.186,1.17,1.188,1.17,1.188,0.002,0.1686,6.0,0.703
150329.SZ,20170808,1.026,1.01,1.015,0.956,1.015,-0.011,-1.0721,84.0,8.194
150330.SZ,20170808,1.368,1.358,1.369,1.342,1.368,0.0,0.0,6834.62,928.5
150331.SZ,20170808,1.052,1.052,1.052,1.048,1.048,-0.004,-0.3802,120019.0,12590.063
150332.SZ,20170808,0.371,0.37,0.387,0.367,0.387,0.016,4.3127,71531.0,2706.752
150335.SZ,20170808,1.026,1.026,1.026,1.022,1.025,-0.001,-0.0975,31915.1,3267.475
150336.SZ,20170808,0.339,0.338,0.352,0.325,0.348,0.009,2.6549,114976.0,3897.567
150343.SZ,20170808,1.043,1.057,1.058,1.045,1.058,0.015,1.4382,820.0,86.488
150344.SZ,20170808,1.103,1.09,1.139,1.09,1.099,-0.004,-0.3626,2480.97,272.638
159001.SZ,20170808,100.0,99.999,100.001,99.999,100.0,0.0,0.0,261020.38,2610202.285
159003.SZ,20170808,100.0,99.999,100.001,99.999,100.001,0.001,0.001,35469.37,354692.299
159005.SZ,20170808,100.0,100.0,100.001,99.999,100.0,0.0,0.0,112233.05,1122330.454
159901.SZ,20170808,4.449,4.449,4.479,4.44,4.466,0.017,0.3821,44572.97,19867.638
159902.SZ,20170808,3.359,3.361,3.373,3.356,3.362,0.003,0.0893,104162.23,35025.25
159903.SZ,20170808,1.117,1.118,1.127,1.118,1.126,0.009,0.8057,10664.88,1197.702
159905.SZ,20170808,1.463,1.46,1.468,1.456,1.459,-0.004,-0.2734,22821.0,3334.907
159906.SZ,20170808,0.952,0.958,0.965,0.958,0.964,0.012,1.2605,63.0,6.071
159907.SZ,20170808,1.426,1.42,1.436,1.412,1.436,0.01,0.7013,143.0,20.371
159908.SZ,20170808,1.365,1.375,1.375,1.363,1.374,0.009,0.6593,104.03,14.222
159910.SZ,20170808,1.598,1.598,1.598,1.591,1.595,-0.003,-0.1877,149.0,23.724
159912.SZ,20170808,1.305,1.302,1.309,1.3,1.302,-0.003,-0.2299,124.0,16.138
159913.SZ,20170808,1.699,1.664,1.675,1.664,1.675,-0.024,-1.4126,37.0,6.183
159915.SZ,20170808,1.651,1.652,1.679,1.646,1.678,0.027,1.6354,2199252.12,366490.589
159916.SZ,20170808,3.299,3.4,3.476,3.27,3.275,-0.024,-0.7275,100.0,34.368
159918.SZ,20170808,1.781,1.802,1.802,1.781,1.802,0.021,1.1791,335.0,59.998
159919.SZ,20170808,4.077,4.079,4.084,4.065,4.073,-0.004,-0.0981,57242.25,23319.017
159920.SZ,20170808,1.496,1.498,1.5,1.494,1.5,0.004,0.2674,265271.08,39698.532
159921.SZ,20170808,1.49,1.475,1.496,1.475,1.496,0.006,0.4027,35.0,5.169
159922.SZ,20170808,6.425,6.425,6.449,6.405,6.428,0.003,0.0467,711.0,457.435
159923.SZ,20170808,1.495,1.497,1.498,1.486,1.495,0.0,0.0,442.0,65.917
159924.SZ,20170808,1.425,1.43,1.43,1.429,1.429,0.004,0.2807,4.0,0.571
159925.SZ,20170808,1.542,1.543,1.55,1.543,1.548,0.006,0.3891,2588.79,400.139
159926.SZ,20170808,108.388,108.888,108.998,107.888,108.466,0.078,0.072,18.0,194.892
159927.SZ,20170808,3.722,3.716,3.755,3.716,3.755,0.033,0.8866,3.0,1.119
159928.SZ,20170808,1.8,1.805,1.817,1.79,1.815,0.015,0.8333,2643.04,477.136
159929.SZ,20170808,1.441,1.454,1.454,1.44,1.448,0.007,0.4858,2125.0,307.06
159930.SZ,20170808,0.88,0.861,0.886,0.848,0.886,0.006,0.6818,2713.66,235.258
159931.SZ,20170808,1.64,1.62,1.633,1.619,1.632,-0.008,-0.4878,26.0,4.216
159932.SZ,20170808,1.745,1.73,1.73,1.725,1.726,-0.019,-1.0888,354.0,61.066
159933.SZ,20170808,1.838,1.802,1.825,1.802,1.82,-0.018,-0.9793,7.0,1.27
159934.SZ,20170808,2.716,2.717,2.718,2.709,2.712,-0.004,-0.1473,72091.0,19556.081
159935.SZ,20170808,1.634,1.625,1.653,1.625,1.65,0.016,0.9792,12.0,1.955
159936.SZ,20170808,1.563,1.54,1.565,1.54,1.562,-0.001,-0.064,430.0,66.818
159937.SZ,20170808,2.733,2.732,2.736,2.727,2.73,-0.003,-0.1098,129859.0,35479.916
159938.SZ,20170808,1.259,1.259,1.266,1.257,1.266,0.007,0.556,25870.0,3265.692
159939.SZ,20170808,1.041,1.042,1.047,1.039,1.046,0.005,0.4803,5797.0,604.846
159940.SZ,20170808,0.917,0.911,0.921,0.904,0.915,-0.002,-0.2181,692.41,63.08
159941.SZ,20170808,1.303,1.305,1.308,1.305,1.305,0.002,0.1535,1365.13,178.206
159942.SZ,20170808,1.818,1.804,1.825,1.804,1.809,-0.009,-0.495,103.59,18.742
159943.SZ,20170808,10.883,10.858,10.97,10.857,10.967,0.084,0.7718,752.96,822.065
159944.SZ,20170808,0.98,0.98,0.985,0.97,0.97,-0.01,-1.0204,1050.0,103.146
159945.SZ,20170808,0.777,0.78,0.78,0.766,0.779,0.002,0.2574,695.0,53.983
159946.SZ,20170808,1.059,1.069,1.086,1.066,1.086,0.027,2.5496,5424.51,585.649
159948.SZ,20170808,1.785,1.793,1.812,1.775,1.812,0.027,1.5126,6791.62,1224.764
159949.SZ,20170808,0.691,0.69,0.699,0.685,0.699,0.008,1.1577,95433.2,6616.23
159950.SZ,20170808,1.056,1.063,1.069,1.049,1.056,0.0,0.0,4052.02,432.24
159951.SZ,20170808,0.959,0.959,0.962,0.95,0.962,0.003,0.3128,13852.3,1328.857
159952.SZ,20170808,0.969,0.97,0.988,0.967,0.987,0.018,1.8576,238707.44,23363.168
159953.SZ,20170808,0.985,0.983,0.988,0.983,0.986,0.001,0.1015,16240.81,1601.195
160105.SZ,20170808,1.022,1.015,1.038,1.015,1.022,0.0,0.0,68.0,6.958
160106.SZ,20170808,1.271,1.266,1.273,1.266,1.273,0.002,0.1574,664.18,84.503
160119.SZ,20170808,1.544,1.525,1.547,1.525,1.545,0.001,0.0648,1008.69,155.73
160125.SZ,20170808,0.943,0.948,0.948,0.943,0.948,0.005,0.5302,561.0,53.115
160128.SZ,20170808,0.99,0.989,0.989,0.989,0.989,-0.001,-0.101,176.0,17.406
160130.SZ,20170808,0.952,0.944,0.951,0.944,0.951,-0.001,-0.105,633.0,60.051
160133.SZ,20170808,1.968,1.967,1.968,1.96,1.962,-0.006,-0.3049,760.71,149.507
160138.SZ,20170808,1.047,1.047,1.047,1.047,1.047,0.0,0.0,31.0,3.245
160211.SZ,20170808,3.139,3.156,3.159,3.134,3.152,0.013,0.4141,2857.7,899.867
160212.SZ,20170808,2.584,2.584,2.606,2.583,2.598,0.014,0.5418,16781.73,4358.8
160215.SZ,20170808,1.505,1.511,1.512,1.494,1.498,-0.007,-0.4651,6101.08,916.186
160216.SZ,20170808,0.389,0.39,0.39,0.388,0.389,0.0,0.0,119074.62,4631.222
160220.SZ,20170808,1.317,1.316,1.316,1.315,1.316,-0.001,-0.0759,641.0,84.331
160223.SZ,20170808,0.821,0.825,0.829,0.823,0.827,0.006,0.7308,626.0,51.695
160225.SZ,20170808,1.071,1.08,1.08,1.061,1.075,0.004,0.3735,975.16,104.051
160311.SZ,20170808,1.42,1.429,1.429,1.419,1.42,0.0,0.0,1178.21,167.434
160314.SZ,20170808,1.057,1.054,1.061,1.054,1.059,0.002,0.1892,5942.38,626.372
160322.SZ,20170808,1.238,1.245,1.251,1.24,1.249,0.011,0.8885,4621.43,576.445
160323.SZ,20170808,0.944,0.944,0.944,0.941,0.941,-0.003,-0.3178,379.0,35.714
160324.SZ,20170808,1.015,0.93,0.963,0.918,0.929,-0.086,-8.4729,26107.72,2425.426
160415.SZ,20170808,1.252,1.26,1.274,1.248,1.267,0.015,1.1981,2226.0,280.975
160416.SZ,20170808,0.897,0.896,0.896,0.892,0.893,-0.004,-0.4459,5466.0,488.005
160421.SZ,20170808,0.816,0.816,0.818,0.815,0.816,0.0,0.0,12124.86,989.673
160422.SZ,20170808,1.044,1.052,1.054,1.051,1.051,0.007,0.6705,2785.82,293.338
160505.SZ,20170808,1.762,1.766,1.766,1.757,1.76,-0.002,-0.1135,12524.0,2205.745
160512.SZ,20170808,2.184,2.179,2.179,2.177,2.179,-0.005,-0.2289,388.0,84.543
160515.SZ,20170808,0.999,0.997,0.999,0.997,0.998,-0.001,-0.1001,688.0,68.609
160518.SZ,20170808,0.917,0.918,0.92,0.916,0.919,0.002,0.2181,61837.38,5677.794
160519.SZ,20170808,0.895,0.894,0.894,0.89,0.893,-0.002,-0.2235,5332.01,475.72
160522.SZ,20170808,0.938,0.912,0.936,0.912,0.936,-0.002,-0.2132,30.0,2.762
160607.SZ,20170808,0.72,0.719,0.722,0.719,0.722,0.002,0.2778,956.0,68.825
160610.SZ,20170808,1.04,1.042,1.046,1.042,1.045,0.005,0.4808,1143.0,119.493
160611.SZ,20170808,0.813,0.806,0.814,0.805,0.812,-0.001,-0.123,625.63,50.388
160613.SZ,20170808,1.404,1.383,1.383,1.383,1.383,-0.021,-1.4957,24.0,3.319
160615.SZ,20170808,1.49,1.524,1.524,1.492,1.492,0.002,0.1342,41.0,6.194
160616.SZ,20170808,1.327,1.325,1.325,1.325,1.325,-0.002,-0.1507,100.0,13.25
160617.SZ,20170808,1.008,1.005,1.005,1.005,1.005,-0.003,-0.2976,1.0,0.1
160621.SZ,20170808,1.073,1.074,1.074,1.074,1.074,0.001,0.0932,15.0,1.611
160635.SZ,20170808,0.977,0.975,0.991,0.975,0.979,0.002,0.2047,464.32,45.415
160642.SZ,20170808,0.916,0.929,0.93,0.9,0.901,-0.015,-1.6376,230.0,21.01
160643.SZ,20170808,1.011,1.012,1.035,1.001,1.028,0.017,1.6815,4572.05,465.916
160706.SZ,20170808,1.067,1.067,1.069,1.064,1.067,0.0,0.0,17351.0,1850.832
160716.SZ,20170808,1.448,1.44,1.45,1.43,1.442,-0.006,-0.4144,11601.06,1664.419
160717.SZ,20170808,0.823,0.826,0.826,0.819,0.823,0.0,0.0,6573.0,539.725
160719.SZ,20170808,0.704,0.703,0.705,0.702,0.703,-0.001,-0.142,4532.0,318.92
160720.SZ,20170808,1.07,1.076,1.078,1.072,1.072,0.002,0.1869,42.0,4.514
160722.SZ,20170808,0.949,0.948,0.948,0.945,0.948,-0.001,-0.1054,12386.41,1172.818
160723.SZ,20170808,0.954,0.954,0.954,0.945,0.949,-0.005,-0.5241,1495.0,141.829
160805.SZ,20170808,0.816,0.816,0.83,0.812,0.814,-0.002,-0.2451,717.31,58.945
160806.SZ,20170808,1.344,1.344,1.344,1.343,1.343,-0.001,-0.0744,20.1,2.7
160812.SZ,20170808,1.442,1.44,1.45,1.438,1.45,0.008,0.5548,1238.0,178.599
160813.SZ,20170808,0.799,0.797,0.804,0.797,0.8,0.001,0.1252,2706.94,216.776
160910.SZ,20170808,1.063,1.059,1.061,1.059,1.061,-0.002,-0.1881,127.0,13.451
160915.SZ,20170808,1.106,1.109,1.109,1.109,1.109,0.003,0.2712,20.0,2.218
160916.SZ,20170808,2.488,2.48,2.489,2.467,2.477,-0.011,-0.4421,2051.67,507.723
160918.SZ,20170808,1.848,1.849,1.864,1.849,1.851,0.003,0.1623,960.0,177.926
160919.SZ,20170808,1.202,1.217,1.229,1.214,1.223,0.021,1.7471,16819.04,2058.441
160921.SZ,20170808,0.881,0.882,0.882,0.881,0.882,0.001,0.1135,1814.0,159.886
160922.SZ,20170808,1.069,1.076,1.078,1.076,1.078,0.009,0.8419,372.0,40.059
161005.SZ,20170808,1.831,1.831,1.834,1.821,1.823,-0.008,-0.4369,1059.0,192.999
161010.SZ,20170808,1.095,1.094,1.095,1.093,1.095,0.0,0.0,2283.0,249.761
161015.SZ,20170808,0.93,0.929,0.929,0.929,0.929,-0.001,-0.1075,10.0,0.929
161017.SZ,20170808,2.169,2.174,2.179,2.173,2.179,0.01,0.461,341.0,74.261
161019.SZ,20170808,0.988,0.987,0.989,0.987,0.988,0.0,0.0,1332.0,131.516
161033.SZ,20170808,1.001,1.001,1.011,0.99,1.0,-0.001,-0.0999,823.74,82.345
161035.SZ,20170808,0.895,0.901,0.901,0.901,0.901,0.006,0.6704,143.0,12.884
161036.SZ,20170808,0.933,0.944,0.944,0.941,0.944,0.011,1.179,1207.02,113.622
161037.SZ,20170808,1.04,1.04,1.041,1.04,1.04,0.0,0.0,1480.18,153.94
161115.SZ,20170808,1.336,1.335,1.336,1.335,1.336,0.0,0.0,274.0,36.582
161116.SZ,20170808,0.718,0.72,0.721,0.719,0.719,0.001,0.1393,2330.0,167.713
161124.SZ,20170808,1.063,1.065,1.07,1.065,1.068,0.005,0.4704,2777.0,296.402
161125.SZ,20170808,1.043,1.042,1.043,1.041,1.041,-0.002,-0.1918,7605.86,792.528
161126.SZ,20170808,1.1,1.1,1.1,1.096,1.099,-0.001,-0.0909,553.0,60.687
161127.SZ,20170808,1.161,1.172,1.172,1.14,1.16,-0.001,-0.0861,5304.86,613.983
161128.SZ,20170808,1.115,1.115,1.12,1.114,1.115,0.0,0.0,508.0,56.69
161129.SZ,20170808,0.891,0.882,0.886,0.882,0.886,-0.005,-0.5612,217.0,19.176
161130.SZ,20170808,0.99,0.991,0.991,0.99,0.991,0.001,0.101,6533.13,646.795
161210.SZ,20170808,1.009,1.005,1.011,1.004,1.006,-0.003,-0.2973,268.95,27.073
161217.SZ,20170808,0.798,0.801,0.813,0.801,0.806,0.008,1.0025,4081.33,329.586
161219.SZ,20170808,1.245,1.234,1.24,1.221,1.228,-0.017,-1.3655,76.4,9.356
161222.SZ,20170808,1.105,1.098,1.101,1.098,1.101,-0.004,-0.362,708.04,77.834
161225.SZ,20170808,1.14,1.133,1.141,1.133,1.138,-0.002,-0.1754,532.0,60.575
161226.SZ,20170808,0.875,0.875,0.877,0.873,0.874,-0.001,-0.1143,42209.62,3692.873
161227.SZ,20170808,0.961,0.962,0.967,0.962,0.965,0.004,0.4162,3729.03,359.395
161229.SZ,20170808,1.381,1.384,1.392,1.383,1.392,0.011,0.7965,2444.5,338.98
161232.SZ,20170808,0.779,0.78,0.781,0.778,0.778,-0.001,-0.1284,19030.06,1482.463
161233.SZ,20170808,0.925,0.92,0.92,0.901,0.919,-0.006,-0.6486,16.0,1.46
161607.SZ,20170808,1.168,1.161,1.164,1.161,1.164,-0.004,-0.3425,15.0,1.741
161610.SZ,20170808,0.906,0.906,0.91,0.906,0.91,0.004,0.4415,1392.75,126.509
161630.SZ,20170808,0.91,0.928,0.928,0.928,0.928,0.018,1.978,43.0,3.99
161631.SZ,20170808,1.035,1.035,1.039,1.03,1.039,0.004,0.3865,11002.09,1139.269
161706.SZ,20170808,1.45,1.449,1.459,1.443,1.458,0.008,0.5517,1088.76,157.538
161713.SZ,20170808,1.013,1.011,1.011,1.011,1.011,-0.002,-0.1974,400.0,40.44
161714.SZ,20170808,0.957,0.958,0.965,0.956,0.963,0.006,0.627,429.0,41.313
161715.SZ,20170808,1.198,1.2,1.218,1.199,1.199,0.001,0.0835,7000.38,844.049
161716.SZ,20170808,1.101,1.102,1.102,1.102,1.102,0.001,0.0908,10.0,1.102
161727.SZ,20170808,0.964,0.97,0.97,0.97,0.97,0.006,0.6224,200.0,19.4
161810.SZ,20170808,1.746,1.756,1.756,1.743,1.753,0.007,0.4009,835.67,145.94
161815.SZ,20170808,0.439,0.438,0.439,0.437,0.438,-0.001,-0.2278,5708.0,250.026
161820.SZ,20170808,1.07,1.071,1.071,1.07,1.07,0.0,0.0,48.0,5.139
161831.SZ,20170808,1.007,1.001,1.01,1.001,1.01,0.003,0.2979,10.72,1.082
161834.SZ,20170808,0.846,0.848,0.848,0.843,0.847,0.001,0.1182,8489.32,716.894
161835.SZ,20170808,0.921,0.92,0.926,0.917,0.925,0.004,0.4343,1312.01,120.556
161903.SZ,20170808,0.859,0.856,0.861,0.855,0.861,0.002,0.2328,303.0,25.937
161907.SZ,20170808,1.606,1.648,1.648,1.648,1.648,0.042,2.6152,14.0,2.307
161911.SZ,20170808,0.98,0.98,0.982,0.98,0.981,0.001,0.102,12540.67,1230.286
162006.SZ,20170808,1.078,1.082,1.088,1.082,1.088,0.01,0.9276,14.08,1.53
162108.SZ,20170808,1.11,1.11,1.11,1.11,1.11,0.0,0.0,13016.05,1444.781
162207.SZ,20170808,1.217,1.217,1.229,1.217,1.229,0.012,0.986,47.0,5.722
162215.SZ,20170808,1.05,1.042,1.043,1.042,1.043,-0.007,-0.6667,10380.0,1082.596
162411.SZ,20170808,0.532,0.527,0.529,0.527,0.528,-0.004,-0.7519,627422.11,33107.019
162414.SZ,20170808,1.128,1.138,1.138,1.138,1.138,0.01,0.8865,4.0,0.455
162415.SZ,20170808,1.176,1.181,1.181,1.171,1.175,-0.001,-0.085,3183.08,373.207
162510.SZ,20170808,1.015,1.028,1.028,1.027,1.027,0.012,1.1823,73.0,7.501
162605.SZ,20170808,1.065,1.075,1.076,1.07,1.076,0.011,1.0329,925.0,99.206
162607.SZ,20170808,0.533,0.526,0.533,0.526,0.531,-0.002,-0.3752,910.01,48.295
162703.SZ,20170808,1.282,1.298,1.298,1.285,1.285,0.003,0.234,453.0,58.395
162711.SZ,20170808,1.324,1.326,1.326,1.325,1.325,0.001,0.0755,3.0,0.397
162712.SZ,20170808,1.415,1.414,1.414,1.414,1.414,-0.001,-0.0707,1553.0,219.594
162717.SZ,20170808,0.938,0.933,0.938,0.933,0.938,0.0,0.0,220.0,20.626
162718.SZ,20170808,0.917,0.915,0.92,0.915,0.92,0.003,0.3272,326.0,29.85
162719.SZ,20170808,0.891,0.889,0.895,0.885,0.891,0.0,0.0,3011.49,267.603
163001.SZ,20170808,0.877,0.883,0.885,0.883,0.885,0.008,0.9122,45.0,3.977
163003.SZ,20170808,0.824,0.822,0.822,0.822,0.822,-0.002,-0.2427,115.57,9.499
163110.SZ,20170808,2.631,2.636,2.644,2.631,2.64,0.009,0.3421,5803.44,1531.293
163111.SZ,20170808,1.064,1.065,1.072,1.065,1.071,0.007,0.6579,4252.77,455.032
163119.SZ,20170808,0.846,0.851,0.858,0.851,0.858,0.012,1.4184,478.04,40.832
163208.SZ,20170808,0.836,0.821,0.833,0.821,0.833,-0.003,-0.3589,10.0,0.827
163210.SZ,20170808,1.038,1.038,1.038,1.036,1.038,0.0,0.0,2161.0,224.017
163302.SZ,20170808,1.309,1.301,1.317,1.301,1.317,0.008,0.6112,69.0,8.981
163402.SZ,20170808,1.05,1.05,1.052,1.045,1.052,0.002,0.1905,21997.12,2308.216
163407.SZ,20170808,1.677,1.666,1.674,1.663,1.674,-0.003,-0.1789,521.01,86.75
163409.SZ,20170808,1.506,1.519,1.524,1.518,1.524,0.018,1.1952,690.0,104.762
163412.SZ,20170808,2.64,2.647,2.648,2.633,2.64,0.0,0.0,971.0,256.222
163415.SZ,20170808,1.27,1.271,1.278,1.268,1.278,0.008,0.6299,1365.36,173.763
163503.SZ,20170808,0.477,0.482,0.485,0.481,0.484,0.007,1.4675,6309.0,304.851
163801.SZ,20170808,1.154,1.157,1.162,1.153,1.162,0.008,0.6932,1397.0,161.397
163821.SZ,20170808,1.478,1.524,1.524,1.487,1.489,0.011,0.7442,61.0,9.186
163824.SZ,20170808,1.037,1.037,1.037,1.037,1.037,0.0,0.0,64.0,6.636
163827.SZ,20170808,1.037,1.04,1.04,1.038,1.039,0.002,0.1929,300.0,31.17
164206.SZ,20170808,1.05,1.049,1.049,1.049,1.049,-0.001,-0.0952,800.0,83.92
164210.SZ,20170808,1.0,1.001,1.001,1.0,1.0,0.0,0.0,330.23,33.043
164302.SZ,20170808,1.025,1.019,1.019,1.019,1.019,-0.006,-0.5854,603.0,61.445
164403.SZ,20170808,0.951,0.954,0.966,0.954,0.966,0.015,1.5773,391.0,37.389
164509.SZ,20170808,1.043,1.013,1.014,1.013,1.014,-0.029,-2.7804,249.95,25.344
164701.SZ,20170808,0.61,0.61,0.61,0.609,0.61,0.0,0.0,1009.0,61.476
164702.SZ,20170808,0.994,0.993,0.998,0.993,0.997,0.003,0.3018,659.0,65.499
164705.SZ,20170808,1.181,1.182,1.184,1.181,1.184,0.003,0.254,1050.1,124.062
164808.SZ,20170808,1.001,1.001,1.001,1.001,1.001,0.0,0.0,150.0,15.015
164810.SZ,20170808,0.963,0.961,0.963,0.961,0.963,0.0,0.0,1453.0,139.845
164902.SZ,20170808,1.377,1.376,1.376,1.376,1.376,-0.001,-0.0726,13.0,1.788
164906.SZ,20170808,1.368,1.402,1.406,1.39,1.397,0.029,2.1199,22967.54,3212.977
165309.SZ,20170808,1.132,1.137,1.14,1.137,1.139,0.007,0.6184,4.0,0.455
165313.SZ,20170808,1.452,1.456,1.46,1.456,1.46,0.008,0.551,759.05,110.593
165508.SZ,20170808,1.784,1.804,1.804,1.804,1.804,0.02,1.1211,1.0,0.18
165510.SZ,20170808,0.793,0.796,0.796,0.793,0.796,0.003,0.3783,505.86,40.226
165512.SZ,20170808,2.407,2.387,2.412,2.385,2.412,0.005,0.2077,282.0,67.263
165513.SZ,20170808,0.434,0.437,0.437,0.43,0.434,0.0,0.0,1723.0,74.586
165525.SZ,20170808,1.192,1.194,1.203,1.188,1.188,-0.004,-0.3356,176.81,21.092
165528.SZ,20170808,0.97,0.973,0.98,0.972,0.977,0.007,0.7216,34067.32,3329.535
165807.SZ,20170808,1.05,1.05,1.05,1.048,1.049,-0.001,-0.0952,3947.68,413.718
166001.SZ,20170808,1.127,1.124,1.13,1.123,1.13,0.003,0.2662,1728.0,195.071
166006.SZ,20170808,1.191,1.188,1.194,1.184,1.193,0.002,0.1679,314.0,37.449
166007.SZ,20170808,1.325,1.322,1.326,1.32,1.324,-0.001,-0.0755,56.0,7.407
166011.SZ,20170808,1.24,1.239,1.24,1.239,1.24,0.0,0.0,75.0,9.299
166016.SZ,20170808,1.23,1.228,1.228,1.227,1.227,-0.003,-0.2439,400.0,49.09
166401.SZ,20170808,1.039,1.041,1.041,1.041,1.041,0.002,0.1925,2387.0,248.486
166402.SZ,20170808,1.053,1.053,1.053,1.051,1.053,0.0,0.0,556.0,58.535
166902.SZ,20170808,1.008,1.003,1.01,1.003,1.01,0.002,0.1984,505.0,50.886
167001.SZ,20170808,0.796,0.798,0.8,0.796,0.798,0.002,0.2513,41890.3,3343.948
167501.SZ,20170808,1.106,1.106,1.106,1.105,1.105,-0.001,-0.0904,390.0,43.101
168101.SZ,20170808,1.003,1.003,1.003,0.994,0.998,-0.005,-0.4985,3270.0,326.662
168102.SZ,20170808,0.797,0.796,0.797,0.793,0.794,-0.003,-0.3764,2735.02,217.258
168103.SZ,20170808,0.745,0.744,0.745,0.742,0.744,-0.001,-0.1342,35248.73,2620.783
168104.SZ,20170808,0.915,0.914,0.914,0.914,0.914,-0.001,-0.1093,30.0,2.742
168105.SZ,20170808,0.779,0.777,0.786,0.776,0.78,0.001,0.1284,1723.14,133.94
168106.SZ,20170808,0.861,0.859,0.87,0.857,0.868,0.007,0.813,346.0,29.852
168108.SZ,20170808,0.968,0.998,0.998,0.945,0.965,-0.003,-0.3099,892.0,85.356
168301.SZ,20170808,0.929,0.929,0.929,0.923,0.927,-0.002,-0.2153,2886.0,266.723
168401.SZ,20170808,0.891,0.896,0.896,0.896,0.896,0.005,0.5612,202.0,18.099
169101.SZ,20170808,1.489,1.489,1.494,1.483,1.489,0.0,0.0,1721.0,255.989
169102.SZ,20170808,1.462,1.451,1.462,1.451,1.458,-0.004,-0.2736,1624.45,236.672
169103.SZ,20170808,1.319,1.318,1.318,1.318,1.318,-0.001,-0.0758,322.0,42.439
169104.SZ,20170808,1.29,1.292,1.301,1.289,1.29,0.0,0.0,2255.0,291.701
169105.SZ,20170808,1.322,1.319,1.328,1.317,1.324,0.002,0.1513,67833.07,8968.743
169201.SZ,20170808,0.871,0.888,0.888,0.871,0.871,0.0,0.0,93.9,8.186
184801.SZ,20170808,101.481,101.11,101.895,101.11,101.362,-0.119,-0.1173,55.0,556.888
501000.SH,20170808,1.109,1.111,1.12,1.111,1.12,0.011,0.9919,79.0,8.844
501001.SH,20170808,1.026,1.034,1.034,1.026,1.034,0.008,0.7797,7304.09,752.978
501002.SH,20170808,0.967,0.956,0.956,0.956,0.956,-0.011,-1.1375,4.0,0.382
501003.SH,20170808,1.018,1.009,1.019,1.004,1.007,-0.011,-1.0806,167.73,16.975
501005.SH,20170808,0.915,0.911,0.918,0.908,0.915,0.0,0.0,398.93,36.501
501007.SH,20170808,0.906,0.904,0.904,0.888,0.892,-0.014,-1.5453,1381.98,123.585
501008.SH,20170808,0.897,0.912,0.912,0.909,0.909,0.012,1.3378,73.0,6.646
501009.SH,20170808,0.977,0.979,0.99,0.977,0.99,0.013,1.3306,3147.0,309.61
501010.SH,20170808,0.978,0.976,0.989,0.976,0.989,0.011,1.1247,202.0,19.805
501011.SH,20170808,0.998,1.009,1.032,1.008,1.025,0.027,2.7054,216.2,21.845
501012.SH,20170808,1.001,1.001,1.001,1.001,1.001,0.0,0.0,1.0,0.1
501015.SH,20170808,0.957,0.959,0.964,0.953,0.954,-0.003,-0.3135,150601.98,14441.316
501016.SH,20170808,1.089,1.1,1.1,1.081,1.086,-0.003,-0.2755,681.0,73.709
501017.SH,20170808,0.903,0.901,0.904,0.898,0.9,-0.003,-0.3322,2544.34,228.843
501018.SH,20170808,0.891,0.888,0.89,0.883,0.887,-0.004,-0.4489,21979.11,1945.555
501019.SH,20170808,0.855,0.855,0.859,0.84,0.857,0.002,0.2339,11903.53,1013.732
501020.SH,20170808,1.051,1.054,1.059,1.049,1.053,0.002,0.1903,646.03,68.165
501021.SH,20170808,1.285,1.293,1.301,1.287,1.298,0.013,1.0117,13265.75,1714.724
501022.SH,20170808,0.913,0.907,0.913,0.907,0.91,-0.003,-0.3286,16366.0,1487.191
501023.SH,20170808,1.117,1.119,1.125,1.119,1.123,0.006,0.5372,2896.39,325.037
501025.SH,20170808,1.147,1.144,1.147,1.14,1.146,-0.001,-0.0872,381.1,43.667
501026.SH,20170808,0.875,0.876,0.878,0.869,0.876,0.001,0.1143,27086.06,2372.96
501027.SH,20170808,0.965,0.962,0.969,0.953,0.969,0.004,0.4145,727.0,70.252
501028.SH,20170808,0.91,0.909,0.91,0.908,0.908,-0.002,-0.2198,14268.33,1295.677
501029.SH,20170808,1.072,1.072,1.074,1.068,1.07,-0.002,-0.1866,27179.0,2907.243
501030.SH,20170808,0.946,0.949,0.949,0.945,0.945,-0.001,-0.1057,292.07,27.606
501031.SH,20170808,0.937,0.956,0.956,0.944,0.952,0.015,1.6009,792.35,74.929
501032.SH,20170808,0.915,0.91,0.954,0.91,0.938,0.023,2.5137,692.85,63.059
501050.SH,20170808,1.127,1.127,1.128,1.118,1.125,-0.002,-0.1775,12858.75,1442.909
501300.SH,20170808,0.986,0.99,0.99,0.984,0.985,-0.001,-0.1014,1763.0,173.958
501301.SH,20170808,1.074,1.074,1.078,1.07,1.078,0.004,0.3724,3136.74,337.208
502000.SH,20170808,1.006,1.012,1.051,1.008,1.051,0.045,4.4732,45.99,4.642
502001.SH,20170808,1.093,1.125,1.125,1.125,1.125,0.032,2.9277,2.0,0.225
502002.SH,20170808,0.914,0.909,0.914,0.908,0.914,0.0,0.0,527.21,47.92
502003.SH,20170808,0.947,0.933,0.943,0.927,0.935,-0.012,-1.2672,5196.61,485.97
502004.SH,20170808,0.965,0.965,0.965,0.96,0.962,-0.003,-0.3109,19268.3,1852.439
502005.SH,20170808,0.906,0.912,0.921,0.89,0.909,0.003,0.3311,19405.31,1765.938
502006.SH,20170808,1.033,1.027,1.035,1.027,1.033,0.0,0.0,3330.31,344.351
502007.SH,20170808,1.055,1.058,1.058,1.05,1.05,-0.005,-0.4739,7685.0,806.927
502008.SH,20170808,1.015,1.015,1.026,1.004,1.018,0.003,0.2956,5853.33,594.693
502010.SH,20170808,1.164,1.159,1.174,1.133,1.162,-0.002,-0.1718,4287.34,495.376
502011.SH,20170808,0.975,0.975,0.975,0.967,0.968,-0.007,-0.7179,1572.0,152.236
502012.SH,20170808,1.37,1.34,1.379,1.335,1.368,-0.002,-0.146,5179.14,698.74
502013.SH,20170808,0.854,0.854,0.862,0.854,0.86,0.006,0.7026,24108.05,2070.123
502014.SH,20170808,1.019,1.019,1.029,1.017,1.02,0.001,0.0981,15505.5,1582.119
502015.SH,20170808,0.69,0.691,0.702,0.691,0.7,0.01,1.4493,45048.88,3142.666
502020.SH,20170808,1.361,1.356,1.36,1.356,1.36,-0.001,-0.0735,5.59,0.758
502023.SH,20170808,1.269,1.18,1.396,1.18,1.395,0.126,9.9291,1994.3,275.861
502024.SH,20170808,1.125,1.141,1.236,1.13,1.13,0.005,0.4444,17.51,2.0
502025.SH,20170808,1.196,1.12,1.289,1.12,1.193,-0.003,-0.2508,1447.9,174.048
502026.SH,20170808,0.849,0.855,0.855,0.851,0.854,0.005,0.5889,170.0,14.518
502028.SH,20170808,0.637,0.637,0.637,0.632,0.632,-0.005,-0.7849,24.0,1.52
502031.SH,20170808,0.995,0.981,0.983,0.98,0.98,-0.015,-1.5075,850.0,83.405
502032.SH,20170808,0.97,0.946,0.946,0.946,0.946,-0.024,-2.4742,4.52,0.428
502036.SH,20170808,0.996,0.965,0.996,0.965,0.996,0.0,0.0,132.0,12.904
502040.SH,20170808,1.078,1.07,1.07,1.07,1.07,-0.008,-0.7421,1.0,0.107
502048.SH,20170808,1.301,1.301,1.305,1.298,1.3,-0.001,-0.0769,4718.0,614.039
502049.SH,20170808,1.082,1.079,1.08,1.074,1.08,-0.002,-0.1848,5517.7,595.218
502050.SH,20170808,1.536,1.523,1.536,1.512,1.515,-0.021,-1.3672,11795.5,1793.614
502053.SH,20170808,0.989,0.979,0.989,0.979,0.989,0.0,0.0,13.0,1.274
502054.SH,20170808,1.072,1.059,1.072,1.059,1.069,-0.003,-0.2799,138.5,14.678
502055.SH,20170808,0.924,0.923,0.93,0.91,0.916,-0.008,-0.8658,6182.0,568.691
502056.SH,20170808,0.938,0.923,0.93,0.923,0.93,-0.008,-0.8529,212.98,19.786
502057.SH,20170808,1.033,1.04,1.044,1.034,1.044,0.011,1.0649,279.43,29.017
502058.SH,20170808,0.826,0.821,0.83,0.814,0.83,0.004,0.4843,376.0,31.104
505888.SH,20170808,1.125,1.125,1.125,1.121,1.124,-0.001,-0.0889,231372.07,25993.986
510010.SH,20170808,1.12,1.109,1.117,1.109,1.117,-0.003,-0.2679,333.95,37.231
510020.SH,20170808,2.623,2.646,2.699,2.619,2.699,0.076,2.8974,530.93,139.411
510030.SH,20170808,4.781,4.675,4.898,4.675,4.898,0.117,2.4472,52.0,24.763
510050.SH,20170808,2.679,2.679,2.686,2.666,2.682,0.003,0.112,1451225.73,388381.988
510060.SH,20170808,1.812,1.815,1.818,1.806,1.811,-0.001,-0.0552,1150.67,208.489
510070.SH,20170808,1.716,1.721,1.725,1.721,1.725,0.009,0.5245,483.27,83.183
510090.SH,20170808,1.564,1.512,1.573,1.503,1.573,0.009,0.5754,129.0,19.717
510110.SH,20170808,3.516,3.456,3.456,3.456,3.456,-0.06,-1.7065,62.0,21.427
510120.SH,20170808,2.877,2.879,2.879,2.879,2.879,0.002,0.0695,42.0,12.092
510130.SH,20170808,3.928,3.95,3.957,3.95,3.95,0.022,0.5601,28.0,11.069
510150.SH,20170808,4.327,4.311,4.312,4.25,4.25,-0.077,-1.7795,73.0,31.471
510160.SH,20170808,0.614,0.614,0.617,0.612,0.615,0.001,0.1629,72638.0,4467.71
510170.SH,20170808,2.127,2.119,2.175,2.119,2.15,0.023,1.0813,1562.02,336.133
510180.SH,20170808,3.393,3.396,3.402,3.382,3.393,0.0,0.0,68525.61,23244.739
510190.SH,20170808,3.456,3.455,3.465,3.44,3.465,0.009,0.2604,21.17,7.296
510210.SH,20170808,3.78,3.824,3.825,3.735,3.825,0.045,1.1905,70.0,26.406
510220.SH,20170808,4.09,4.105,4.11,4.053,4.107,0.017,0.4156,195.0,79.208
510230.SH,20170808,6.073,6.074,6.084,6.039,6.077,0.004,0.0659,1752.0,1061.074
510260.SH,20170808,1.162,1.144,1.158,1.144,1.158,-0.004,-0.3442,157.0,18.037
510270.SH,20170808,1.116,1.116,1.135,1.116,1.13,0.014,1.2545,112.44,12.71
510280.SH,20170808,1.582,1.551,1.6,1.551,1.599,0.017,1.0746,30.0,4.788
510290.SH,20170808,1.579,1.582,1.582,1.576,1.576,-0.003,-0.19,1521.0,240.349
510300.SH,20170808,3.782,3.784,3.791,3.772,3.783,0.001,0.0264,1211295.12,458104.572
510310.SH,20170808,1.584,1.584,1.585,1.577,1.581,-0.003,-0.1894,10924.44,1727.912
510330.SH,20170808,4.041,4.041,4.051,4.031,4.039,-0.002,-0.0495,28153.0,11378.223
510360.SH,20170808,1.172,1.172,1.176,1.17,1.172,0.0,0.0,233168.0,27350.514
510410.SH,20170808,0.848,0.846,0.863,0.836,0.85,0.002,0.2358,38477.2,3266.514
510430.SH,20170808,1.48,1.461,1.499,1.451,1.483,0.003,0.2027,2898.0,420.615
510440.SH,20170808,1.819,1.82,1.859,1.82,1.825,0.006,0.3299,216.0,39.536
510500.SH,20170808,6.643,6.643,6.662,6.615,6.636,-0.007,-0.1054,214593.84,142477.611
510510.SH,20170808,1.749,1.751,1.755,1.742,1.749,0.0,0.0,13474.0,2356.252
510520.SH,20170808,1.693,1.658,1.696,1.658,1.696,0.003,0.1772,19.0,3.154
510560.SH,20170808,1.299,1.303,1.304,1.299,1.299,0.0,0.0,76.0,9.887
510580.SH,20170808,6.15,6.15,6.184,6.121,6.15,0.0,0.0,228.0,140.053
510630.SH,20170808,1.901,1.91,1.91,1.899,1.91,0.009,0.4734,315.0,60.095
510650.SH,20170808,1.72,1.715,1.726,1.715,1.716,-0.004,-0.2326,180.0,30.939
510660.SH,20170808,1.63,1.63,1.64,1.63,1.638,0.008,0.4908,3905.0,638.903
510680.SH,20170808,2.173,2.09,2.112,2.09,2.112,-0.061,-2.8072,8.0,1.674
510710.SH,20170808,2.721,2.721,2.729,2.707,2.722,0.001,0.0368,2499.68,678.996
510810.SH,20170808,1.02,1.017,1.023,1.017,1.021,0.001,0.098,53874.24,5500.602
510880.SH,20170808,2.994,2.992,2.994,2.977,2.98,-0.014,-0.4676,41308.4,12320.286
510900.SH,20170808,1.216,1.217,1.217,1.206,1.214,-0.002,-0.1645,2998756.64,363434.205
511010.SH,20170808,109.869,109.841,109.956,109.601,109.76,-0.109,-0.0992,49649.0,545408.824
511220.SH,20170808,93.23,93.234,93.274,93.121,93.14,-0.09,-0.0965,460.93,4295.479
511230.SH,20170808,99.2,99.2,99.2,99.2,99.2,0.0,0.0,0.4,3.968
511600.SH,20170808,100.001,99.998,100.001,99.998,100.001,0.0,0.0,3151.41,31513.866
511650.SH,20170808,99.999,99.995,99.998,99.995,99.997,-0.002,-0.002,23506.93,235060.665
511660.SH,20170808,100.011,100.002,100.011,100.002,100.008,-0.003,-0.003,166860.88,1668717.167
511680.SH,20170808,99.998,100.013,100.013,100.0,100.0,0.002,0.002,137.23,1372.308
511690.SH,20170808,100.004,99.999,100.005,99.997,100.004,0.0,0.0,116715.49,1167149.009
511700.SH,20170808,100.019,100.016,100.025,100.003,100.025,0.006,0.006,1424.74,14250.063
511770.SH,20170808,100.005,100.0,100.014,99.999,100.01,0.005,0.005,1219.53,12196.062
511800.SH,20170808,100.002,99.999,100.011,99.996,100.004,0.002,0.002,15930.58,159310.288
511810.SH,20170808,100.009,100.003,100.01,100.003,100.007,-0.002,-0.002,128972.18,1289817.433
511820.SH,20170808,100.006,100.003,100.003,99.999,100.0,-0.006,-0.006,62069.87,620700.306
511830.SH,20170808,100.008,100.005,100.007,99.985,100.005,-0.003,-0.003,2101.85,21019.46
511850.SH,20170808,100.018,100.007,100.022,100.007,100.021,0.003,0.003,20641.84,206452.27
511860.SH,20170808,100.003,99.998,100.002,99.998,100.001,-0.002,-0.002,4826.02,48260.597
511880.SH,20170808,102.158,102.161,102.178,102.161,102.171,0.013,0.0127,584124.26,5968028.843
511890.SH,20170808,99.995,99.979,99.993,99.979,99.993,-0.002,-0.002,80.27,802.632
511900.SH,20170808,100.009,100.005,100.006,100.0,100.003,-0.006,-0.006,56453.36,564556.479
511910.SH,20170808,100.001,100.0,100.009,100.0,100.003,0.002,0.002,9394.04,93943.966
511920.SH,20170808,99.995,99.995,99.995,99.995,99.995,0.0,0.0,0.03,0.3
511930.SH,20170808,99.996,99.995,99.999,99.995,99.999,0.003,0.003,164.09,1640.858
511950.SH,20170808,99.96,99.96,100.402,99.96,100.402,0.442,0.4422,7.77,77.909
511960.SH,20170808,100.005,100.002,100.002,99.994,100.001,-0.004,-0.004,344.76,3447.597
511970.SH,20170808,99.999,99.998,100.0,99.998,100.0,0.001,0.001,676.22,6762.174
511980.SH,20170808,100.003,100.0,100.003,99.997,99.999,-0.004,-0.004,6722.84,67227.768
511990.SH,20170808,100.011,100.006,100.014,100.006,100.011,0.0,0.0,840771.14,8408508.582
512000.SH,20170808,1.007,1.007,1.015,0.995,1.007,0.0,0.0,95995.0,9642.568
512010.SH,20170808,1.445,1.457,1.463,1.446,1.463,0.018,1.2457,921.0,134.239
512070.SH,20170808,1.95,1.951,1.954,1.925,1.944,-0.006,-0.3077,7766.0,1505.43
512100.SH,20170808,0.856,0.856,0.86,0.853,0.859,0.003,0.3505,6702.0,573.684
512120.SH,20170808,1.408,1.37,1.407,1.37,1.406,-0.002,-0.142,67.0,9.319
512210.SH,20170808,1.693,1.693,1.746,1.685,1.738,0.045,2.658,56.0,9.627
512220.SH,20170808,1.318,1.313,1.313,1.3,1.301,-0.017,-1.2898,31.0,4.034
512230.SH,20170808,1.288,1.27,1.285,1.264,1.285,-0.003,-0.2329,115.0,14.565
512300.SH,20170808,1.144,1.147,1.153,1.142,1.153,0.009,0.7867,6379.0,733.071
512310.SH,20170808,0.693,0.693,0.694,0.69,0.691,-0.002,-0.2886,1089.0,75.386
512330.SH,20170808,0.775,0.775,0.779,0.775,0.778,0.003,0.3871,197.0,15.319
512340.SH,20170808,0.994,0.995,1.005,0.98,0.983,-0.011,-1.1066,25845.0,2581.757
512500.SH,20170808,3.042,3.035,3.055,3.035,3.046,0.004,0.1315,1134.78,345.72
512510.SH,20170808,1.293,1.292,1.297,1.287,1.289,-0.004,-0.3094,19102.97,2469.887
512550.SH,20170808,0.996,0.991,0.995,0.99,0.992,-0.004,-0.4016,120082.0,11923.454
512560.SH,20170808,1.003,1.003,1.018,0.99,1.009,0.006,0.5982,57927.4,5842.184
512580.SH,20170808,0.975,0.976,0.98,0.973,0.977,0.002,0.2051,8746.0,854.403
512600.SH,20170808,1.818,1.829,1.845,1.82,1.845,0.027,1.4851,1869.0,343.293
512610.SH,20170808,1.409,1.411,1.44,1.403,1.405,-0.004,-0.2839,1456.0,207.652
512660.SH,20170808,0.885,0.882,0.894,0.871,0.888,0.003,0.339,500338.0,44211.051
512680.SH,20170808,0.861,0.859,0.871,0.85,0.864,0.003,0.3484,139404.0,11995.476
512700.SH,20170808,0.999,0.999,0.999,0.993,0.995,-0.004,-0.4004,11561.0,1151.779
512800.SH,20170808,0.995,0.994,0.997,0.991,0.993,-0.002,-0.201,49000.88,4867.036
512810.SH,20170808,0.85,0.848,0.859,0.84,0.851,0.001,0.1176,53576.0,4568.703
512880.SH,20170808,1.06,1.06,1.072,1.051,1.064,0.004,0.3774,357541.0,37919.666
512900.SH,20170808,1.013,1.012,1.026,1.004,1.017,0.004,0.3949,67546.0,6849.171
512990.SH,20170808,1.105,1.102,1.116,1.095,1.107,0.002,0.181,16123.0,1785.264
513030.SH,20170808,1.118,1.115,1.116,1.109,1.11,-0.008,-0.7156,24667.0,2742.096
513050.SH,20170808,1.431,1.458,1.465,1.456,1.459,0.028,1.9567,213525.0,31192.29
513100.SH,20170808,2.087,2.096,2.1,2.087,2.092,0.005,0.2396,29510.69,6174.767
513500.SH,20170808,1.539,1.539,1.541,1.535,1.539,0.0,0.0,4025.0,619.616
513600.SH,20170808,2.45,2.449,2.475,2.447,2.451,0.001,0.0408,1669.0,409.161
513660.SH,20170808,2.461,2.455,2.47,2.454,2.47,0.009,0.3657,3945.0,970.645
518800.SH,20170808,2.712,2.713,2.714,2.705,2.708,-0.004,-0.1475,340219.0,92235.985
518880.SH,20170808,2.725,2.726,2.727,2.717,2.72,-0.005,-0.1835,1839057.0,500685.353
