ts_code,trade_date,pre_close,open,high,low,close,change,pct_chg,vol,amount
150008.SZ,20170302,1.165,1.165,1.165,1.155,1.165,0.0,0.0,172.45,19.99
150009.SZ,20170302,1.009,1.029,1.029,1.01,1.011,0.002,0.1982,616.2,62.392
150012.SZ,20170302,1.045,1.044,1.044,1.044,1.044,-0.001,-0.0957,1.0,0.104
150013.SZ,20170302,1.121,1.12,1.12,1.11,1.111,-0.01,-0.8921,1297.0,144.675
150016.SZ,20170302,1.065,1.06,1.068,1.06,1.063,-0.002,-0.1878,116.92,12.416
150017.SZ,20170302,1.079,1.077,1.081,1.075,1.079,0.0,0.0,4444.0,478.865
150018.SZ,20170302,1.013,1.012,1.015,1.011,1.014,0.001,0.0987,177246.05,17949.114
150019.SZ,20170302,0.811,0.814,0.817,0.804,0.805,-0.006,-0.7398,692378.01,56091.362
150020.SZ,20170302,1.044,1.047,1.047,1.047,1.047,0.003,0.2874,1.0,0.104
150021.SZ,20170302,1.048,1.048,1.049,1.041,1.046,-0.002,-0.1908,5147.0,537.504
150022.SZ,20170302,0.783,0.784,0.784,0.78,0.781,-0.002,-0.2554,357009.27,27933.29
150023.SZ,20170302,0.389,0.389,0.39,0.387,0.387,-0.002,-0.5141,546683.67,21210.458
150028.SZ,20170302,1.009,1.011,1.011,1.004,1.005,-0.004,-0.3964,213.0,21.48
150029.SZ,20170302,1.44,1.444,1.45,1.438,1.438,-0.002,-0.1389,3512.47,507.064
150030.SZ,20170302,1.054,1.054,1.06,1.054,1.055,0.001,0.0949,252.27,26.601
150031.SZ,20170302,1.073,1.08,1.081,1.065,1.065,-0.008,-0.7456,280.27,30.182
150032.SZ,20170302,1.04,1.042,1.042,1.039,1.039,-0.001,-0.0962,102.0,10.627
150033.SZ,20170302,0.942,0.942,0.95,0.942,0.943,0.001,0.1062,1703.0,160.626
150036.SZ,20170302,1.09,1.055,1.112,1.055,1.112,0.022,2.0183,14.0,1.501
150037.SZ,20170302,1.506,1.579,1.579,1.473,1.535,0.029,1.9256,6.0,0.923
150039.SZ,20170302,1.102,1.104,1.104,1.098,1.102,0.0,0.0,380.31,41.897
150040.SZ,20170302,1.748,1.727,1.744,1.727,1.744,-0.004,-0.2288,10.01,1.745
150048.SZ,20170302,1.009,1.009,1.009,0.988,1.002,-0.007,-0.6938,557.0,55.27
150049.SZ,20170302,1.035,1.034,1.035,1.034,1.035,0.0,0.0,2430.0,251.474
150050.SZ,20170302,1.84,1.841,1.846,1.836,1.839,-0.001,-0.0543,691.56,127.506
150051.SZ,20170302,0.998,0.998,0.999,0.995,0.996,-0.002,-0.2004,8650.0,861.914
150052.SZ,20170302,1.386,1.388,1.394,1.37,1.372,-0.014,-1.0101,53646.93,7405.386
150053.SZ,20170302,1.016,1.028,1.03,1.016,1.016,0.0,0.0,1108.84,113.952
150054.SZ,20170302,0.96,0.97,0.97,0.947,0.95,-0.01,-1.0417,116.0,11.06
150055.SZ,20170302,1.07,1.07,1.07,1.042,1.056,-0.014,-1.3084,800.96,84.304
150056.SZ,20170302,1.55,1.549,1.55,1.512,1.548,-0.002,-0.129,25183.72,3866.43
150057.SZ,20170302,1.142,1.185,1.185,1.128,1.128,-0.014,-1.2259,35.0,4.08
150058.SZ,20170302,1.002,1.001,1.001,0.992,0.994,-0.008,-0.7984,1507.98,150.268
150059.SZ,20170302,1.15,1.149,1.149,1.149,1.149,-0.001,-0.087,5.0,0.574
150060.SZ,20170302,1.111,1.109,1.113,1.099,1.11,-0.001,-0.09,12872.59,1424.502
150064.SZ,20170302,1.048,1.048,1.049,1.031,1.031,-0.017,-1.6221,2.38,0.248
150065.SZ,20170302,1.013,1.015,1.015,1.013,1.013,0.0,0.0,263.88,26.762
150066.SZ,20170302,0.945,0.945,0.945,0.94,0.94,-0.005,-0.5291,23.74,2.237
150067.SZ,20170302,1.304,1.318,1.318,1.291,1.309,0.005,0.3834,23.0,2.996
150073.SZ,20170302,1.011,1.018,1.024,1.014,1.014,0.003,0.2967,1703.59,173.709
150075.SZ,20170302,1.19,1.186,1.186,1.171,1.186,-0.004,-0.3361,1585.41,185.902
150076.SZ,20170302,0.994,0.995,0.995,0.994,0.994,0.0,0.0,130.0,12.93
150077.SZ,20170302,1.307,1.258,1.308,1.258,1.28,-0.027,-2.0658,196.0,24.811
150083.SZ,20170302,1.028,1.01,1.028,1.01,1.028,0.0,0.0,6.0,0.613
150084.SZ,20170302,0.988,0.995,0.995,0.972,0.99,0.002,0.2024,339.0,33.46
150085.SZ,20170302,1.044,1.044,1.045,1.043,1.044,0.0,0.0,12164.6,1269.858
150086.SZ,20170302,0.956,0.954,0.963,0.951,0.955,-0.001,-0.1046,22237.25,2123.851
150090.SZ,20170302,1.039,1.037,1.037,1.037,1.037,-0.002,-0.1925,5.0,0.518
150091.SZ,20170302,0.921,0.919,0.927,0.911,0.916,-0.005,-0.5429,130.4,11.904
150092.SZ,20170302,1.044,1.042,1.042,1.042,1.042,-0.002,-0.1916,44.0,4.584
150093.SZ,20170302,0.973,0.953,0.953,0.953,0.953,-0.02,-2.0555,3.0,0.285
150095.SZ,20170302,0.514,0.51,0.518,0.496,0.515,0.001,0.1946,301.0,15.365
150097.SZ,20170302,1.11,1.114,1.114,1.092,1.106,-0.004,-0.3604,6395.0,705.1
150100.SZ,20170302,0.998,0.996,0.998,0.995,0.997,-0.001,-0.1002,8799.52,876.86
150101.SZ,20170302,1.426,1.43,1.443,1.419,1.421,-0.005,-0.3506,13779.21,1971.757
150104.SZ,20170302,1.023,1.023,1.023,1.017,1.022,-0.001,-0.0978,4.0,0.408
150105.SZ,20170302,1.386,1.368,1.38,1.336,1.38,-0.006,-0.4329,221.0,30.009
150106.SZ,20170302,1.094,1.094,1.097,1.093,1.097,0.003,0.2742,3530.45,386.856
150107.SZ,20170302,0.906,0.905,0.913,0.892,0.895,-0.011,-1.2141,10591.59,953.871
150108.SZ,20170302,1.07,1.064,1.096,1.064,1.087,0.017,1.5888,75.0,8.059
150109.SZ,20170302,0.904,0.895,0.92,0.895,0.92,0.016,1.7699,487.0,43.817
150112.SZ,20170302,1.037,1.036,1.037,1.035,1.037,0.0,0.0,141.0,14.611
150113.SZ,20170302,1.392,1.4,1.4,1.4,1.4,0.008,0.5747,1.0,0.14
150117.SZ,20170302,1.04,1.04,1.04,1.037,1.038,-0.002,-0.1923,20214.5,2098.251
150118.SZ,20170302,0.454,0.454,0.456,0.445,0.447,-0.007,-1.5419,150624.5,6773.374
150122.SZ,20170302,1.247,1.232,1.232,1.231,1.231,-0.016,-1.2831,4.0,0.492
150123.SZ,20170302,1.205,1.205,1.213,1.202,1.203,-0.002,-0.166,10.04,1.214
150124.SZ,20170302,1.465,1.467,1.476,1.462,1.463,-0.002,-0.1365,1084.01,159.009
150130.SZ,20170302,1.047,1.048,1.048,1.041,1.042,-0.005,-0.4776,50874.74,5311.437
150131.SZ,20170302,0.476,0.478,0.479,0.472,0.474,-0.002,-0.4202,691192.68,32879.896
150134.SZ,20170302,1.144,1.147,1.2,1.147,1.188,0.044,3.8462,168.0,20.021
150135.SZ,20170302,1.01,1.01,1.01,1.01,1.01,0.0,0.0,92.0,9.292
150136.SZ,20170302,0.628,0.622,0.627,0.62,0.62,-0.008,-1.2739,87.0,5.431
150138.SZ,20170302,1.019,1.016,1.019,1.016,1.019,0.0,0.0,500.29,50.979
150139.SZ,20170302,1.008,0.996,1.005,0.993,1.003,-0.005,-0.496,734.36,73.038
150140.SZ,20170302,1.033,1.024,1.03,1.022,1.03,-0.003,-0.2904,3.0,0.307
150141.SZ,20170302,0.708,0.709,0.709,0.696,0.697,-0.011,-1.5537,658.0,45.867
150143.SZ,20170302,1.0,1.003,1.012,1.002,1.012,0.012,1.2,177.54,17.803
150144.SZ,20170302,0.684,0.68,0.685,0.678,0.679,-0.005,-0.731,10390.51,706.777
150145.SZ,20170302,1.036,1.036,1.036,1.031,1.031,-0.005,-0.4826,101.0,10.462
150146.SZ,20170302,0.508,0.51,0.512,0.504,0.507,-0.001,-0.1969,1366.0,69.242
150148.SZ,20170302,1.016,1.011,1.019,1.011,1.017,0.001,0.0984,1441.54,146.634
150149.SZ,20170302,0.589,0.59,0.593,0.582,0.584,-0.005,-0.8489,10132.0,594.868
150150.SZ,20170302,1.013,1.011,1.017,1.01,1.016,0.003,0.2962,930.0,94.386
150151.SZ,20170302,1.152,1.161,1.167,1.143,1.144,-0.008,-0.6944,17015.1,1969.856
150152.SZ,20170302,1.02,1.02,1.02,1.017,1.018,-0.002,-0.1961,546704.03,55684.813
150153.SZ,20170302,0.707,0.711,0.711,0.697,0.698,-0.009,-1.273,2767915.0,194177.189
150154.SZ,20170302,0.94,0.939,0.939,0.939,0.939,-0.001,-0.1064,1133.0,106.388
150157.SZ,20170302,1.008,1.006,1.006,1.005,1.006,-0.002,-0.1984,11797.0,1186.259
150158.SZ,20170302,0.872,0.876,0.879,0.859,0.86,-0.012,-1.3761,54564.9,4736.73
150165.SZ,20170302,0.668,0.67,0.67,0.66,0.664,-0.004,-0.5988,2330.73,154.485
150167.SZ,20170302,1.046,1.031,1.038,1.031,1.038,-0.008,-0.7648,4.0,0.413
150168.SZ,20170302,0.695,0.684,0.692,0.675,0.684,-0.011,-1.5827,790.1,53.731
150169.SZ,20170302,0.994,0.993,0.997,0.993,0.995,0.001,0.1006,33671.0,3348.957
150170.SZ,20170302,1.091,1.104,1.11,1.094,1.098,0.007,0.6416,48490.69,5336.822
150171.SZ,20170302,1.029,1.029,1.031,1.027,1.028,-0.001,-0.0972,235843.82,24258.556
150172.SZ,20170302,1.197,1.205,1.219,1.193,1.195,-0.002,-0.1671,1141130.71,137675.682
150173.SZ,20170302,0.997,0.996,0.996,0.995,0.995,-0.002,-0.2006,6532.4,650.348
150174.SZ,20170302,0.622,0.63,0.63,0.615,0.615,-0.007,-1.1254,13858.48,861.197
150175.SZ,20170302,0.959,0.959,0.962,0.959,0.959,0.0,0.0,108727.5,10441.548
150176.SZ,20170302,0.938,0.959,0.96,0.941,0.942,0.004,0.4264,401848.5,38190.692
150177.SZ,20170302,0.992,0.992,0.993,0.99,0.992,0.0,0.0,18035.0,1789.202
150178.SZ,20170302,1.357,1.356,1.372,1.345,1.364,0.007,0.5158,25587.94,3475.603
150179.SZ,20170302,1.019,1.023,1.023,1.011,1.011,-0.008,-0.7851,37.0,3.783
150180.SZ,20170302,1.224,1.235,1.235,1.215,1.215,-0.009,-0.7353,1924.81,234.755
150181.SZ,20170302,0.997,0.997,0.998,0.994,0.994,-0.003,-0.3009,172123.0,17132.148
150182.SZ,20170302,1.169,1.17,1.172,1.154,1.156,-0.013,-1.1121,801085.64,92992.405
150184.SZ,20170302,1.02,1.021,1.021,1.019,1.02,0.0,0.0,24446.12,2493.546
150185.SZ,20170302,0.902,0.902,0.909,0.897,0.898,-0.004,-0.4435,51958.62,4688.854
150186.SZ,20170302,1.017,1.017,1.018,1.014,1.015,-0.002,-0.1967,5759.53,585.182
150187.SZ,20170302,0.902,0.903,0.906,0.892,0.893,-0.009,-0.9978,55331.67,4959.111
150188.SZ,20170302,1.004,1.003,1.003,1.002,1.002,-0.002,-0.1992,2762.38,277.005
150189.SZ,20170302,1.028,1.022,1.022,1.011,1.015,-0.013,-1.2646,412.45,42.005
150190.SZ,20170302,1.071,1.08,1.08,1.072,1.073,0.002,0.1867,1408.0,151.089
150191.SZ,20170302,1.171,1.179,1.179,1.164,1.172,0.001,0.0854,1820.68,212.608
150192.SZ,20170302,1.05,1.045,1.045,1.042,1.045,-0.005,-0.4762,3161.52,330.33
150193.SZ,20170302,0.979,0.982,0.987,0.972,0.972,-0.007,-0.715,4147.0,405.474
150194.SZ,20170302,1.001,0.999,1.0,0.998,0.999,-0.002,-0.1998,380926.83,38045.65
150195.SZ,20170302,0.341,0.342,0.344,0.335,0.336,-0.005,-1.4663,1763659.58,59837.307
150196.SZ,20170302,1.057,1.056,1.057,1.05,1.056,-0.001,-0.0946,130717.0,13800.879
150197.SZ,20170302,1.207,1.211,1.236,1.203,1.206,-0.001,-0.0829,571384.75,69519.138
150198.SZ,20170302,1.099,1.098,1.105,1.095,1.098,-0.001,-0.091,29445.0,3230.796
150199.SZ,20170302,0.689,0.69,0.692,0.683,0.686,-0.003,-0.4354,130101.0,8942.434
150200.SZ,20170302,0.993,0.992,0.994,0.991,0.991,-0.002,-0.2014,1461882.0,145055.392
150201.SZ,20170302,0.52,0.525,0.533,0.518,0.519,-0.001,-0.1923,8850672.38,465166.054
150203.SZ,20170302,1.003,1.001,1.001,1.0,1.0,-0.003,-0.2991,7557.09,756.072
150204.SZ,20170302,1.068,1.066,1.072,1.055,1.058,-0.01,-0.9363,14127.87,1497.965
150205.SZ,20170302,0.997,0.996,0.997,0.994,0.994,-0.003,-0.3009,561117.22,55837.039
150206.SZ,20170302,0.486,0.487,0.488,0.479,0.481,-0.005,-1.0288,2768454.79,133525.99
150207.SZ,20170302,0.999,0.998,1.0,0.998,1.0,0.001,0.1001,2561.0,255.898
150208.SZ,20170302,0.5,0.5,0.506,0.49,0.49,-0.01,-2.0,10864.0,538.194
150209.SZ,20170302,1.016,1.015,1.017,1.011,1.014,-0.002,-0.1969,60792.09,6166.896
150210.SZ,20170302,0.79,0.793,0.795,0.77,0.772,-0.018,-2.2785,1134436.88,88498.911
150211.SZ,20170302,1.023,1.023,1.024,1.02,1.021,-0.002,-0.1955,139810.76,14283.336
150212.SZ,20170302,0.664,0.667,0.68,0.667,0.672,0.008,1.2048,346302.3,23248.92
150213.SZ,20170302,1.016,1.017,1.017,1.015,1.016,0.0,0.0,26412.0,2682.685
150214.SZ,20170302,0.387,0.389,0.391,0.382,0.382,-0.005,-1.292,189123.0,7301.029
150215.SZ,20170302,1.04,1.027,1.043,1.027,1.034,-0.006,-0.5769,170.46,17.552
150216.SZ,20170302,1.036,1.018,1.054,1.018,1.023,-0.013,-1.2548,436.01,44.99
150217.SZ,20170302,1.0,1.001,1.003,0.998,0.999,-0.001,-0.1,50109.0,5010.078
150218.SZ,20170302,0.617,0.62,0.629,0.617,0.618,0.001,0.1621,77392.58,4821.387
150219.SZ,20170302,1.192,1.191,1.191,1.186,1.19,-0.002,-0.1678,545.42,64.844
150220.SZ,20170302,0.808,0.81,0.811,0.802,0.802,-0.006,-0.7426,12543.0,1012.403
150221.SZ,20170302,1.183,1.182,1.183,1.18,1.181,-0.002,-0.1691,23850.42,2818.038
150222.SZ,20170302,0.648,0.65,0.652,0.642,0.644,-0.004,-0.6173,633892.33,40932.625
150223.SZ,20170302,1.132,1.132,1.133,1.131,1.131,-0.001,-0.0883,142742.0,16166.589
150224.SZ,20170302,0.932,0.938,0.95,0.93,0.932,0.0,0.0,627764.15,59004.002
150225.SZ,20170302,1.015,1.019,1.019,1.019,1.019,0.004,0.3941,40.0,4.076
150226.SZ,20170302,1.188,1.167,1.19,1.163,1.184,-0.004,-0.3367,585.76,68.686
150227.SZ,20170302,1.003,1.003,1.003,1.001,1.002,-0.001,-0.0997,410849.65,41163.789
150228.SZ,20170302,0.769,0.774,0.776,0.761,0.761,-0.008,-1.0403,580208.17,44570.777
150229.SZ,20170302,1.011,1.003,1.01,1.003,1.009,-0.002,-0.1978,5223.0,525.86
150230.SZ,20170302,0.962,0.95,0.964,0.948,0.956,-0.006,-0.6237,17818.0,1700.682
150231.SZ,20170302,1.113,1.119,1.124,1.119,1.121,0.008,0.7188,36.0,4.032
150232.SZ,20170302,0.917,0.912,0.925,0.91,0.916,-0.001,-0.1091,1256.0,115.267
150233.SZ,20170302,1.019,1.018,1.019,1.012,1.012,-0.007,-0.6869,1481.0,150.222
150234.SZ,20170302,0.576,0.576,0.576,0.563,0.563,-0.013,-2.2569,3215.0,182.272
150235.SZ,20170302,0.999,1.0,1.004,0.999,0.999,0.0,0.0,18814.25,1883.597
150236.SZ,20170302,0.926,0.93,0.945,0.923,0.924,-0.002,-0.216,65006.23,6073.808
150237.SZ,20170302,1.013,1.021,1.021,1.02,1.021,0.008,0.7897,80.0,8.167
150238.SZ,20170302,1.216,1.193,1.21,1.193,1.21,-0.006,-0.4934,592.64,70.796
150241.SZ,20170302,1.001,1.001,1.007,1.0,1.001,0.0,0.0,767.0,76.76
150242.SZ,20170302,0.901,0.91,0.91,0.893,0.894,-0.007,-0.7769,1588.0,142.625
150243.SZ,20170302,1.012,1.012,1.012,1.011,1.012,0.0,0.0,57523.55,5818.823
150244.SZ,20170302,0.773,0.776,0.779,0.765,0.766,-0.007,-0.9056,218968.23,16855.497
150245.SZ,20170302,1.063,1.065,1.085,1.065,1.08,0.017,1.5992,1029.41,111.558
150246.SZ,20170302,0.982,0.987,0.987,0.965,0.977,-0.005,-0.5092,631.0,61.485
150247.SZ,20170302,1.018,1.017,1.018,1.016,1.016,-0.002,-0.1965,10516.82,1069.484
150248.SZ,20170302,0.382,0.384,0.384,0.372,0.373,-0.009,-2.356,266993.29,10089.409
150249.SZ,20170302,1.015,1.002,1.01,1.0,1.01,-0.005,-0.4926,7036.0,710.598
150250.SZ,20170302,0.825,0.819,0.823,0.816,0.816,-0.009,-1.0909,995.0,81.635
150251.SZ,20170302,0.996,0.997,0.997,0.995,0.996,0.0,0.0,2149.0,214.08
150252.SZ,20170302,1.316,1.326,1.326,1.295,1.298,-0.018,-1.3678,28422.43,3716.212
150255.SZ,20170302,1.018,1.017,1.017,1.016,1.016,-0.002,-0.1965,90730.02,9227.134
150256.SZ,20170302,0.732,0.735,0.747,0.73,0.73,-0.002,-0.2732,3948.0,289.737
150257.SZ,20170302,1.024,1.021,1.021,1.018,1.02,-0.004,-0.3906,526.45,53.685
150258.SZ,20170302,1.063,1.062,1.062,1.055,1.056,-0.007,-0.6585,61.0,6.437
150259.SZ,20170302,1.019,1.019,1.019,1.018,1.018,-0.001,-0.0981,9279.38,944.769
150260.SZ,20170302,0.852,0.849,0.854,0.849,0.85,-0.002,-0.2347,1974.69,168.215
150261.SZ,20170302,1.041,1.037,1.038,1.034,1.038,-0.003,-0.2882,5392.3,558.326
150262.SZ,20170302,0.948,0.947,0.953,0.94,0.945,-0.003,-0.3165,16561.64,1565.047
150263.SZ,20170302,1.072,1.083,1.093,1.07,1.088,0.016,1.4925,11.0,1.194
150264.SZ,20170302,0.552,0.554,0.554,0.542,0.55,-0.002,-0.3623,2087.0,114.694
150265.SZ,20170302,1.056,1.06,1.06,1.055,1.057,0.001,0.0947,110.83,11.694
150266.SZ,20170302,1.431,1.423,1.434,1.398,1.401,-0.03,-2.0964,14007.55,1985.884
150267.SZ,20170302,1.031,1.033,1.033,1.028,1.029,-0.002,-0.194,1723.0,177.305
150268.SZ,20170302,0.765,0.768,0.768,0.76,0.76,-0.005,-0.6536,1606.0,122.33
150269.SZ,20170302,1.033,1.028,1.034,1.026,1.03,-0.003,-0.2904,16953.81,1745.9
150270.SZ,20170302,1.15,1.15,1.167,1.133,1.155,0.005,0.4348,151141.91,17358.41
150271.SZ,20170302,0.997,0.997,0.997,0.991,0.996,-0.001,-0.1003,169.11,16.826
150272.SZ,20170302,1.102,1.101,1.101,1.016,1.055,-0.047,-4.265,5837.47,605.913
150273.SZ,20170302,1.007,1.006,1.007,1.005,1.005,-0.002,-0.1986,8046.33,809.451
150274.SZ,20170302,0.701,0.701,0.706,0.691,0.693,-0.008,-1.1412,34082.79,2375.429
150275.SZ,20170302,0.996,0.996,0.996,0.994,0.995,-0.001,-0.1004,57601.25,5728.98
150276.SZ,20170302,0.656,0.659,0.665,0.642,0.643,-0.013,-1.9817,408603.68,26659.004
150277.SZ,20170302,1.008,1.006,1.008,1.006,1.007,-0.001,-0.0992,8382.0,844.045
150278.SZ,20170302,0.65,0.65,0.655,0.64,0.643,-0.007,-1.0769,85002.83,5490.764
150279.SZ,20170302,1.048,1.046,1.048,1.031,1.032,-0.016,-1.5267,1960.0,202.218
150280.SZ,20170302,0.82,0.793,0.812,0.781,0.785,-0.035,-4.2683,7717.0,606.432
150281.SZ,20170302,1.033,1.021,1.032,1.021,1.032,-0.001,-0.0968,67.0,6.905
150282.SZ,20170302,0.463,0.465,0.465,0.451,0.458,-0.005,-1.0799,8131.34,373.837
150283.SZ,20170302,1.016,1.014,1.016,1.014,1.015,-0.001,-0.0984,11548.62,1172.334
150284.SZ,20170302,0.714,0.727,0.727,0.71,0.71,-0.004,-0.5602,2873.04,204.645
150287.SZ,20170302,1.037,1.037,1.038,1.035,1.035,-0.002,-0.1929,76538.79,7931.559
150288.SZ,20170302,0.753,0.756,0.765,0.737,0.737,-0.016,-2.1248,261501.67,19626.45
150289.SZ,20170302,1.033,1.033,1.034,1.032,1.032,-0.001,-0.0968,5983.0,617.645
150290.SZ,20170302,0.527,0.532,0.533,0.517,0.519,-0.008,-1.518,698939.26,36650.03
150291.SZ,20170302,1.035,1.035,1.035,1.033,1.033,-0.002,-0.1932,4386.0,453.325
150292.SZ,20170302,0.633,0.634,0.636,0.627,0.629,-0.004,-0.6319,42238.1,2659.187
150293.SZ,20170302,1.036,1.037,1.039,1.037,1.038,0.002,0.1931,1570.83,163.131
150294.SZ,20170302,1.162,1.159,1.162,1.141,1.148,-0.014,-1.2048,2584.23,296.583
150295.SZ,20170302,1.017,1.016,1.017,1.016,1.016,-0.001,-0.0983,6574.25,667.949
150296.SZ,20170302,0.864,0.86,0.875,0.851,0.852,-0.012,-1.3889,15339.0,1318.436
150297.SZ,20170302,1.029,1.031,1.032,1.024,1.028,-0.001,-0.0972,3507.0,361.093
150298.SZ,20170302,0.448,0.448,0.451,0.445,0.445,-0.003,-0.6696,2538.0,113.613
150299.SZ,20170302,1.034,1.034,1.035,1.033,1.033,-0.001,-0.0967,18914.0,1955.006
150300.SZ,20170302,0.576,0.578,0.581,0.57,0.571,-0.005,-0.8681,183284.98,10544.799
150301.SZ,20170302,1.034,1.034,1.034,1.034,1.034,0.0,0.0,1.0,0.103
150302.SZ,20170302,1.13,1.144,1.153,1.123,1.13,0.0,0.0,6415.0,733.035
150303.SZ,20170302,1.022,1.022,1.022,1.02,1.021,-0.001,-0.0978,38571.85,3937.388
150304.SZ,20170302,0.392,0.393,0.395,0.383,0.384,-0.008,-2.0408,625481.31,24319.74
150305.SZ,20170302,0.997,1.0,1.0,0.995,0.995,-0.002,-0.2006,653.0,65.084
150306.SZ,20170302,0.548,0.546,0.55,0.54,0.545,-0.003,-0.5474,3892.44,212.15
150307.SZ,20170302,0.998,0.997,0.997,0.996,0.996,-0.002,-0.2004,7516.0,748.699
150308.SZ,20170302,0.495,0.495,0.499,0.487,0.489,-0.006,-1.2121,24381.0,1197.395
150309.SZ,20170302,0.995,0.994,0.995,0.994,0.994,-0.001,-0.1005,5892.1,585.727
150310.SZ,20170302,0.728,0.73,0.742,0.721,0.724,-0.004,-0.5495,1113.51,81.059
150311.SZ,20170302,1.017,1.029,1.029,1.017,1.017,0.0,0.0,865.0,88.71
150312.SZ,20170302,0.812,0.78,0.82,0.78,0.8,-0.012,-1.4778,3042.49,243.427
150315.SZ,20170302,0.998,0.998,0.998,0.996,0.996,-0.002,-0.2004,7053.0,702.741
150316.SZ,20170302,0.858,0.859,0.859,0.851,0.851,-0.007,-0.8159,2330.0,198.997
150317.SZ,20170302,1.065,1.043,1.052,1.043,1.052,-0.013,-1.2207,59.91,6.302
150318.SZ,20170302,0.982,0.963,0.994,0.963,0.986,0.004,0.4073,591.49,57.244
150321.SZ,20170302,1.181,1.179,1.18,1.179,1.179,-0.002,-0.1693,8135.61,959.936
150322.SZ,20170302,1.137,1.145,1.154,1.128,1.134,-0.003,-0.2639,15368.93,1748.502
150323.SZ,20170302,1.023,1.026,1.026,1.022,1.022,-0.001,-0.0978,4107.8,420.749
150324.SZ,20170302,0.492,0.492,0.495,0.489,0.493,0.001,0.2033,9066.79,446.31
150325.SZ,20170302,1.041,1.033,1.036,1.033,1.035,-0.006,-0.5764,561.47,58.051
150326.SZ,20170302,1.168,1.136,1.144,1.135,1.144,-0.024,-2.0548,902.16,102.78
150328.SZ,20170302,1.178,1.178,1.188,1.172,1.188,0.01,0.8489,365.43,43.079
150329.SZ,20170302,0.994,0.993,0.994,0.993,0.993,-0.001,-0.1006,17515.0,1739.524
150330.SZ,20170302,0.97,0.973,0.978,0.954,0.963,-0.007,-0.7216,36691.33,3563.582
150331.SZ,20170302,1.074,1.075,1.075,1.07,1.07,-0.004,-0.3724,45991.01,4930.073
150332.SZ,20170302,0.434,0.435,0.438,0.428,0.429,-0.005,-1.1521,162356.1,7015.128
150335.SZ,20170302,1.03,1.03,1.03,1.027,1.029,-0.001,-0.0971,4389.0,451.303
150336.SZ,20170302,0.591,0.592,0.593,0.581,0.583,-0.008,-1.3536,54185.0,3182.379
150343.SZ,20170302,1.07,1.057,1.075,1.057,1.075,0.005,0.4673,41.0,4.405
150344.SZ,20170302,1.12,1.135,1.142,1.121,1.125,0.005,0.4464,5297.05,599.283
159001.SZ,20170302,100.0,100.0,100.001,99.999,100.001,0.001,0.001,167454.38,1674543.855
159003.SZ,20170302,100.0,99.999,100.004,99.999,100.004,0.004,0.004,56933.84,569340.78
159005.SZ,20170302,100.0,100.0,100.01,100.0,100.009,0.009,0.009,32821.0,328210.074
159901.SZ,20170302,4.099,4.11,4.118,4.081,4.083,-0.016,-0.3903,39235.73,16088.145
159902.SZ,20170302,3.188,3.19,3.199,3.175,3.178,-0.01,-0.3137,77149.6,24596.198
159903.SZ,20170302,1.11,1.107,1.115,1.101,1.105,-0.005,-0.4505,3657.01,404.233
159905.SZ,20170302,1.256,1.27,1.27,1.225,1.255,-0.001,-0.0796,1578.0,193.443
159906.SZ,20170302,0.91,0.917,0.917,0.917,0.917,0.007,0.7692,4.0,0.366
159907.SZ,20170302,1.438,1.438,1.438,1.431,1.433,-0.005,-0.3477,17887.0,2569.855
159908.SZ,20170302,1.275,1.27,1.27,1.27,1.27,-0.005,-0.3922,1.0,0.127
159909.SZ,20170302,4.672,4.63,4.63,4.63,4.63,-0.042,-0.899,37.0,17.131
159910.SZ,20170302,1.443,1.434,1.434,1.434,1.434,-0.009,-0.6237,1.0,0.143
159911.SZ,20170302,4.025,4.012,4.012,4.012,4.012,-0.013,-0.323,1.0,0.401
159912.SZ,20170302,1.282,1.282,1.287,1.265,1.27,-0.012,-0.936,1262.0,160.542
159913.SZ,20170302,1.505,1.48,1.48,1.48,1.48,-0.025,-1.6611,66.0,9.768
159915.SZ,20170302,1.85,1.851,1.856,1.84,1.841,-0.009,-0.4865,547042.68,101023.148
159916.SZ,20170302,2.815,2.756,2.854,2.756,2.827,0.012,0.4263,33.0,9.274
159919.SZ,20170302,3.712,3.714,3.74,3.692,3.693,-0.019,-0.5119,103736.35,38482.101
159920.SZ,20170302,1.303,1.315,1.319,1.306,1.306,0.003,0.2302,65681.37,8609.98
159921.SZ,20170302,1.517,1.51,1.51,1.51,1.51,-0.007,-0.4614,27.0,4.077
159922.SZ,20170302,6.535,6.531,6.531,6.494,6.502,-0.033,-0.505,669.0,436.291
159923.SZ,20170302,1.311,1.33,1.33,1.313,1.313,0.002,0.1526,285.0,37.47
159924.SZ,20170302,1.415,1.423,1.423,1.416,1.416,0.001,0.0707,897.0,127.629
159925.SZ,20170302,1.416,1.412,1.412,1.403,1.408,-0.008,-0.565,2426.4,341.304
159926.SZ,20170302,110.99,106.101,110.499,106.101,110.499,-0.491,-0.4424,2.0,21.66
159927.SZ,20170302,3.41,3.4,3.42,3.399,3.42,0.01,0.2933,22.97,7.811
159928.SZ,20170302,1.562,1.562,1.562,1.55,1.554,-0.008,-0.5122,327.99,51.027
159929.SZ,20170302,1.432,1.431,1.449,1.426,1.433,0.001,0.0698,2834.04,407.007
159930.SZ,20170302,0.835,0.835,0.835,0.829,0.833,-0.002,-0.2395,138.0,11.509
159931.SZ,20170302,1.495,1.485,1.485,1.475,1.48,-0.015,-1.0033,61.0,9.017
159932.SZ,20170302,1.806,1.806,1.816,1.792,1.816,0.01,0.5537,1266.55,227.951
159933.SZ,20170302,1.627,1.626,1.626,1.619,1.619,-0.008,-0.4917,57.0,9.229
159934.SZ,20170302,2.762,2.766,2.768,2.763,2.766,0.004,0.1448,92116.6,25469.44
159935.SZ,20170302,1.666,1.665,1.666,1.665,1.666,0.0,0.0,23.0,3.831
159936.SZ,20170302,1.612,1.591,1.591,1.59,1.59,-0.022,-1.3648,10010.0,1592.59
159937.SZ,20170302,2.772,2.776,2.78,2.775,2.778,0.006,0.2165,76191.0,21167.581
159938.SZ,20170302,1.293,1.298,1.298,1.287,1.288,-0.005,-0.3867,1993.04,257.418
159939.SZ,20170302,1.094,1.095,1.099,1.09,1.09,-0.004,-0.3656,2178.0,238.449
159940.SZ,20170302,0.819,0.813,0.82,0.813,0.815,-0.004,-0.4884,1937.0,158.238
159941.SZ,20170302,1.298,1.298,1.38,1.294,1.3,0.002,0.1541,41666.32,5433.099
159942.SZ,20170302,1.8,1.807,1.808,1.777,1.777,-0.023,-1.2778,61.05,11.022
159943.SZ,20170302,10.867,10.871,10.871,10.791,10.81,-0.057,-0.5245,1493.51,1614.716
159944.SZ,20170302,0.905,0.887,0.908,0.887,0.902,-0.003,-0.3315,3030.44,273.138
159945.SZ,20170302,0.74,0.74,0.75,0.731,0.74,0.0,0.0,45343.77,3356.611
159946.SZ,20170302,1.013,1.015,1.015,1.008,1.008,-0.005,-0.4936,615.0,62.071
159948.SZ,20170302,1.984,1.99,1.99,1.971,1.972,-0.012,-0.6048,1595.91,316.147
159949.SZ,20170302,0.801,0.804,0.804,0.793,0.795,-0.006,-0.7491,32719.3,2616.697
160105.SZ,20170302,1.0,1.006,1.007,1.004,1.004,0.004,0.4,886.65,89.188
160106.SZ,20170302,1.272,1.274,1.277,1.265,1.271,-0.001,-0.0786,1150.0,145.917
160119.SZ,20170302,1.57,1.566,1.57,1.56,1.561,-0.009,-0.5732,2335.0,365.339
160125.SZ,20170302,0.846,0.85,0.853,0.846,0.846,0.0,0.0,3995.0,339.365
160128.SZ,20170302,0.985,0.982,0.986,0.982,0.986,0.001,0.1015,1964.0,193.215
160130.SZ,20170302,0.942,0.942,0.942,0.942,0.942,0.0,0.0,301.0,28.354
160131.SZ,20170302,0.994,0.999,0.999,0.992,0.994,0.0,0.0,3349.61,332.615
160133.SZ,20170302,1.817,1.818,1.822,1.815,1.815,-0.002,-0.1101,1564.71,284.5
160211.SZ,20170302,2.805,2.801,2.808,2.791,2.794,-0.011,-0.3922,2148.0,601.083
160212.SZ,20170302,2.307,2.309,2.311,2.295,2.297,-0.01,-0.4335,4713.84,1084.663
160215.SZ,20170302,1.546,1.543,1.551,1.535,1.551,0.005,0.3234,258.38,39.807
160216.SZ,20170302,0.447,0.446,0.447,0.444,0.444,-0.003,-0.6711,97661.0,4348.859
160220.SZ,20170302,1.283,1.282,1.282,1.282,1.282,-0.001,-0.0779,798.0,102.303
160223.SZ,20170302,0.903,0.899,0.899,0.895,0.895,-0.008,-0.8859,15005.62,1349.004
160225.SZ,20170302,0.984,0.991,0.995,0.988,0.988,0.004,0.4065,700.65,69.442
160311.SZ,20170302,1.313,1.33,1.33,1.311,1.313,0.0,0.0,1231.68,161.611
160314.SZ,20170302,1.015,1.019,1.022,1.018,1.019,0.004,0.3941,3738.38,381.294
160415.SZ,20170302,1.211,1.222,1.222,1.222,1.222,0.011,0.9083,100.0,12.22
160416.SZ,20170302,0.97,0.973,0.975,0.972,0.973,0.003,0.3093,14798.11,1440.359
160421.SZ,20170302,0.86,0.862,0.862,0.857,0.86,0.0,0.0,21365.47,1837.538
160505.SZ,20170302,1.625,1.625,1.628,1.611,1.612,-0.013,-0.8,56109.66,9077.21
160512.SZ,20170302,2.377,2.376,2.377,2.356,2.356,-0.021,-0.8835,6435.63,1521.849
160513.SZ,20170302,1.423,1.427,1.429,1.426,1.427,0.004,0.2811,154.0,21.962
160515.SZ,20170302,0.992,0.992,0.992,0.992,0.992,0.0,0.0,1812.29,179.779
160518.SZ,20170302,0.952,0.95,0.955,0.95,0.954,0.002,0.2101,37057.6,3534.769
160519.SZ,20170302,0.955,0.954,0.96,0.953,0.957,0.002,0.2094,18748.24,1791.936
160520.SZ,20170302,0.957,0.955,0.957,0.955,0.957,0.0,0.0,2014.0,192.737
160522.SZ,20170302,0.975,0.973,0.975,0.973,0.975,0.0,0.0,131.0,12.749
160607.SZ,20170302,0.685,0.683,0.688,0.683,0.685,0.0,0.0,3201.02,219.456
160610.SZ,20170302,1.016,1.015,1.025,1.015,1.02,0.004,0.3937,4213.53,430.637
160611.SZ,20170302,0.88,0.877,0.883,0.875,0.881,0.001,0.1136,139.0,12.176
160613.SZ,20170302,1.353,1.356,1.374,1.356,1.36,0.007,0.5174,44.05,6.046
160615.SZ,20170302,1.365,1.371,1.371,1.371,1.371,0.006,0.4396,2.0,0.274
160616.SZ,20170302,1.329,1.327,1.327,1.324,1.325,-0.004,-0.301,11.0,1.457
160617.SZ,20170302,1.095,1.009,1.085,0.988,1.085,-0.01,-0.9132,2436.95,242.867
160621.SZ,20170302,1.052,1.052,1.053,1.052,1.052,0.0,0.0,5689.0,598.5
160622.SZ,20170302,0.986,0.982,0.982,0.982,0.982,-0.004,-0.4057,10.0,0.982
160635.SZ,20170302,0.993,0.99,1.092,0.99,0.994,0.001,0.1007,983.0,102.884
160642.SZ,20170302,0.933,0.934,0.934,0.933,0.933,0.0,0.0,180.0,16.796
160706.SZ,20170302,0.978,0.98,0.981,0.973,0.974,-0.004,-0.409,14065.0,1373.628
160716.SZ,20170302,1.266,1.268,1.274,1.261,1.261,-0.005,-0.3949,2166.0,274.102
160717.SZ,20170302,0.775,0.783,0.786,0.777,0.777,0.002,0.2581,14302.0,1116.905
160719.SZ,20170302,0.716,0.717,0.719,0.717,0.717,0.001,0.1397,18176.0,1304.435
160720.SZ,20170302,1.112,1.119,1.121,1.113,1.12,0.008,0.7194,705.89,78.71
160722.SZ,20170302,0.936,0.933,0.941,0.933,0.94,0.004,0.4274,33040.99,3096.799
160805.SZ,20170302,0.846,0.843,0.85,0.843,0.85,0.004,0.4728,87.02,7.338
160806.SZ,20170302,1.278,1.277,1.277,1.271,1.271,-0.007,-0.5477,1888.03,240.491
160807.SZ,20170302,1.14,1.136,1.136,1.136,1.136,-0.004,-0.3509,1.0,0.113
160810.SZ,20170302,1.184,1.187,1.187,1.187,1.187,0.003,0.2534,3.0,0.356
160812.SZ,20170302,1.449,1.446,1.446,1.441,1.441,-0.008,-0.5521,252.33,36.434
160813.SZ,20170302,0.804,0.8,0.805,0.8,0.802,-0.002,-0.2488,1482.37,118.962
160910.SZ,20170302,0.931,0.929,0.929,0.928,0.929,-0.002,-0.2148,95.0,8.818
160916.SZ,20170302,2.255,2.244,2.246,2.239,2.243,-0.012,-0.5322,1870.72,419.544
160918.SZ,20170302,1.707,1.707,1.709,1.696,1.703,-0.004,-0.2343,3459.01,589.221
160919.SZ,20170302,1.127,1.127,1.129,1.121,1.124,-0.003,-0.2662,2489.0,280.505
160921.SZ,20170302,0.933,0.925,0.932,0.925,0.93,-0.003,-0.3215,3528.64,327.159
160922.SZ,20170302,1.036,1.037,1.038,1.037,1.038,0.002,0.1931,31.0,3.215
161005.SZ,20170302,1.694,1.694,1.695,1.688,1.689,-0.005,-0.2952,4665.24,788.728
161010.SZ,20170302,1.065,1.063,1.065,1.062,1.064,-0.001,-0.0939,14531.0,1545.159
161015.SZ,20170302,0.917,0.917,0.924,0.915,0.924,0.007,0.7634,404.0,37.047
161017.SZ,20170302,2.118,2.124,2.13,2.121,2.121,0.003,0.1416,177.8,37.732
161019.SZ,20170302,0.973,0.973,0.973,0.971,0.972,-0.001,-0.1028,2049.0,199.161
161033.SZ,20170302,0.965,0.96,0.961,0.956,0.957,-0.008,-0.829,368.0,35.269
161035.SZ,20170302,0.933,0.939,0.939,0.931,0.931,-0.002,-0.2144,790.0,73.706
161115.SZ,20170302,1.744,1.758,1.762,1.745,1.745,0.001,0.0573,22.59,3.965
161116.SZ,20170302,0.734,0.736,0.736,0.734,0.735,0.001,0.1362,15657.0,1151.603
161117.SZ,20170302,1.038,1.036,1.036,1.036,1.036,-0.002,-0.1927,54.0,5.594
161119.SZ,20170302,1.219,1.218,1.218,1.218,1.218,-0.001,-0.082,35.0,4.263
161124.SZ,20170302,1.04,1.044,1.048,1.043,1.043,0.003,0.2885,55778.07,5836.409
161125.SZ,20170302,1.025,1.037,1.109,1.036,1.056,0.031,3.0244,160572.62,16918.396
161126.SZ,20170302,1.058,1.072,1.078,1.069,1.078,0.02,1.8904,11446.17,1227.186
161127.SZ,20170302,1.082,1.095,1.11,1.095,1.11,0.028,2.5878,5077.06,559.434
161128.SZ,20170302,1.03,1.039,1.055,1.039,1.047,0.017,1.6505,11609.94,1214.757
161129.SZ,20170302,0.974,0.977,0.979,0.974,0.974,0.0,0.0,4511.11,440.275
161210.SZ,20170302,0.991,0.939,0.959,0.93,0.933,-0.058,-5.8527,11415.48,1068.118
161213.SZ,20170302,1.301,1.366,1.368,1.366,1.368,0.067,5.1499,1466.87,200.395
161216.SZ,20170302,1.031,1.025,1.025,1.025,1.025,-0.006,-0.582,26.0,2.665
161217.SZ,20170302,0.683,0.684,0.686,0.678,0.678,-0.005,-0.7321,1319.23,89.951
161219.SZ,20170302,1.217,1.217,1.227,1.193,1.213,-0.004,-0.3287,2758.24,331.464
161222.SZ,20170302,1.029,1.03,1.03,1.008,1.025,-0.004,-0.3887,62158.05,6278.989
161224.SZ,20170302,1.102,1.102,1.102,1.09,1.098,-0.004,-0.363,449.0,49.031
161225.SZ,20170302,1.097,1.098,1.098,1.096,1.097,0.0,0.0,1395.05,153.048
161226.SZ,20170302,1.01,1.011,1.013,1.008,1.01,0.0,0.0,34695.0,3503.511
161227.SZ,20170302,0.892,0.892,0.892,0.885,0.888,-0.004,-0.4484,3889.78,345.752
161229.SZ,20170302,1.22,1.221,1.227,1.21,1.221,0.001,0.082,6329.66,768.783
1612301.SZ,20170302,0.997,0.992,0.992,0.992,0.992,-0.005,-0.5015,77.0,7.638
161232.SZ,20170302,0.895,0.898,0.898,0.892,0.894,-0.001,-0.1117,16759.93,1497.793
161233.SZ,20170302,0.951,0.955,0.955,0.939,0.941,-0.01,-1.0515,970.03,91.41
161505.SZ,20170302,1.063,1.059,1.059,1.056,1.057,-0.006,-0.5644,11.0,1.163
161607.SZ,20170302,1.066,1.068,1.128,1.064,1.082,0.016,1.5009,1126.28,123.453
161610.SZ,20170302,0.869,0.877,0.877,0.863,0.864,-0.005,-0.5754,2927.3,252.981
161626.SZ,20170302,0.995,0.994,0.994,0.994,0.994,-0.001,-0.1005,404.0,40.157
161630.SZ,20170302,0.994,0.997,0.997,0.997,0.997,0.003,0.3018,21.0,2.093
161706.SZ,20170302,1.376,1.389,1.389,1.373,1.388,0.012,0.8721,1211.0,167.192
161714.SZ,20170302,0.843,0.848,0.848,0.843,0.848,0.005,0.5931,1362.0,115.397
161716.SZ,20170302,1.084,1.084,1.084,1.079,1.081,-0.003,-0.2768,1556.36,168.206
161722.SZ,20170302,1.075,1.075,1.077,1.075,1.075,0.0,0.0,174.0,18.716
161727.SZ,20170302,0.958,0.955,0.955,0.955,0.955,-0.003,-0.3132,300.0,28.65
161810.SZ,20170302,1.622,1.617,1.618,1.616,1.617,-0.005,-0.3083,1302.24,210.611
161813.SZ,20170302,1.269,1.278,1.298,1.278,1.294,0.025,1.9701,239.0,30.935
161815.SZ,20170302,0.483,0.483,0.483,0.48,0.482,-0.001,-0.207,26341.0,1267.283
161820.SZ,20170302,1.058,1.057,1.06,1.057,1.06,0.002,0.189,478.0,50.633
161821.SZ,20170302,1.207,1.206,1.206,1.206,1.206,-0.001,-0.0829,1.0,0.12
161831.SZ,20170302,0.948,0.955,0.96,0.953,0.953,0.005,0.5274,5216.18,498.26
161834.SZ,20170302,0.905,0.905,0.905,0.901,0.902,-0.003,-0.3315,24461.05,2209.62
161903.SZ,20170302,0.919,0.918,0.923,0.913,0.923,0.004,0.4353,73.0,6.668
161911.SZ,20170302,0.982,0.981,0.982,0.98,0.981,-0.001,-0.1018,6027.36,590.792
162006.SZ,20170302,1.061,1.058,1.06,1.058,1.058,-0.003,-0.2828,104.53,11.069
162105.SZ,20170302,1.081,1.08,1.115,1.079,1.079,-0.002,-0.185,218.16,23.857
162108.SZ,20170302,1.082,1.081,1.081,1.08,1.08,-0.002,-0.1848,5106.0,551.528
162207.SZ,20170302,1.128,1.129,1.13,1.129,1.129,0.001,0.0887,78.0,8.807
162308.SZ,20170302,1.14,1.106,1.139,1.106,1.139,-0.001,-0.0877,378.98,41.95
162411.SZ,20170302,0.65,0.66,0.661,0.658,0.659,0.009,1.3846,1327412.97,87576.726
162415.SZ,20170302,1.16,1.175,1.175,1.167,1.174,0.014,1.2069,535.0,62.722
162510.SZ,20170302,1.074,1.061,1.064,1.061,1.064,-0.01,-0.9311,19.0,2.017
162605.SZ,20170302,0.897,0.896,0.896,0.895,0.895,-0.002,-0.223,12.0,1.074
162607.SZ,20170302,0.456,0.458,0.458,0.455,0.455,-0.001,-0.2193,1528.1,69.682
162703.SZ,20170302,1.149,1.149,1.156,1.144,1.144,-0.005,-0.4352,709.01,81.282
162711.SZ,20170302,1.262,1.347,1.362,1.342,1.349,0.087,6.8938,906.04,121.75
162712.SZ,20170302,1.398,1.397,1.397,1.397,1.397,-0.001,-0.0715,3317.0,463.384
162715.SZ,20170302,1.096,1.077,1.093,1.075,1.092,-0.004,-0.365,999.0,108.205
162717.SZ,20170302,0.914,0.914,0.92,0.914,0.918,0.004,0.4376,930.09,85.222
163001.SZ,20170302,0.971,0.972,0.976,0.967,0.968,-0.003,-0.309,38.42,3.719
163005.SZ,20170302,0.814,0.814,0.814,0.814,0.814,0.0,0.0,30.0,2.442
163110.SZ,20170302,2.801,2.805,2.81,2.788,2.789,-0.012,-0.4284,11503.09,3221.741
163119.SZ,20170302,0.925,0.92,0.925,0.92,0.921,-0.004,-0.4324,86.0,7.939
163208.SZ,20170302,0.922,0.937,0.992,0.931,0.939,0.017,1.8438,56227.0,5333.861
163210.SZ,20170302,1.036,1.036,1.036,1.033,1.033,-0.003,-0.2896,3800.0,392.591
163302.SZ,20170302,1.285,1.286,1.286,1.282,1.284,-0.001,-0.0778,44.0,5.654
163402.SZ,20170302,1.014,1.016,1.017,1.013,1.016,0.002,0.1972,8802.73,894.044
163407.SZ,20170302,1.474,1.476,1.476,1.473,1.475,0.001,0.0678,439.01,64.749
163409.SZ,20170302,1.526,1.527,1.539,1.524,1.524,-0.002,-0.1311,203.0,30.968
163412.SZ,20170302,2.544,2.548,2.552,2.54,2.542,-0.002,-0.0786,15866.01,4040.816
163415.SZ,20170302,1.371,1.37,1.37,1.366,1.368,-0.003,-0.2188,2089.63,285.877
163503.SZ,20170302,0.476,0.476,0.48,0.476,0.478,0.002,0.4202,1182.0,56.655
163801.SZ,20170302,1.168,1.161,1.169,1.16,1.164,-0.004,-0.3425,521.0,60.753
163821.SZ,20170302,1.475,1.472,1.472,1.472,1.472,-0.003,-0.2034,1.0,0.147
163827.SZ,20170302,1.041,1.013,1.069,1.013,1.04,-0.001,-0.0961,814.0,84.473
163907.SZ,20170302,1.029,1.029,1.029,1.029,1.029,0.0,0.0,1010.4,103.97
164105.SZ,20170302,1.222,1.214,1.214,1.214,1.214,-0.008,-0.6547,2.0,0.242
164206.SZ,20170302,1.039,1.039,1.039,1.039,1.039,0.0,0.0,11500.0,1194.85
164208.SZ,20170302,1.12,1.12,1.12,1.12,1.12,0.0,0.0,670.56,75.102
164210.SZ,20170302,0.993,0.994,0.994,0.993,0.993,0.0,0.0,263.31,26.149
164302.SZ,20170302,1.003,1.002,1.003,1.002,1.003,0.0,0.0,636.27,63.76
164403.SZ,20170302,0.944,0.932,0.999,0.932,0.932,-0.012,-1.2712,1106.7,107.459
164701.SZ,20170302,0.615,0.616,0.618,0.616,0.617,0.002,0.3252,15079.87,930.649
164702.SZ,20170302,0.988,0.988,0.988,0.987,0.987,-0.001,-0.1012,100.0,9.87
164705.SZ,20170302,1.041,1.044,1.05,1.044,1.046,0.005,0.4803,815.46,85.286
164810.SZ,20170302,0.985,0.98,0.98,0.98,0.98,-0.005,-0.5076,290.0,28.42
164812.SZ,20170302,0.98,0.98,0.98,0.98,0.98,0.0,0.0,310.0,30.38
164815.SZ,20170302,0.86,0.861,0.875,0.861,0.863,0.003,0.3488,693.0,59.806
164906.SZ,20170302,1.043,1.051,1.056,1.051,1.052,0.009,0.8629,3723.0,392.112
165309.SZ,20170302,1.031,1.03,1.041,1.025,1.027,-0.004,-0.388,315.0,32.511
165311.SZ,20170302,1.337,1.34,1.34,1.34,1.34,0.003,0.2244,45.0,6.03
165313.SZ,20170302,1.382,1.373,1.387,1.36,1.372,-0.01,-0.7236,2243.0,308.489
165509.SZ,20170302,1.107,1.106,1.106,1.106,1.106,-0.001,-0.0903,8.96,0.99
165510.SZ,20170302,0.745,0.749,0.749,0.741,0.745,0.0,0.0,606.0,44.973
165512.SZ,20170302,2.195,2.186,2.273,2.16,2.16,-0.035,-1.5945,144.0,31.617
165513.SZ,20170302,0.481,0.481,0.481,0.478,0.481,0.0,0.0,2925.0,140.112
165516.SZ,20170302,2.352,2.362,2.362,2.35,2.357,0.005,0.2126,3.0,0.707
165517.SZ,20170302,0.744,0.744,0.744,0.743,0.744,0.0,0.0,37.0,2.752
165525.SZ,20170302,1.256,1.262,1.263,1.249,1.251,-0.005,-0.3981,10995.39,1381.077
165528.SZ,20170302,1.0,1.0,1.002,1.0,1.0,0.0,0.0,22958.13,2296.79
165705.SZ,20170302,0.977,0.972,0.974,0.972,0.972,-0.005,-0.5118,123.0,11.958
165807.SZ,20170302,1.025,1.024,1.024,1.024,1.024,-0.001,-0.0976,500.0,51.2
166001.SZ,20170302,1.035,1.066,1.139,1.059,1.06,0.025,2.4155,943.0,103.962
166009.SZ,20170302,2.043,2.042,2.042,2.042,2.042,-0.001,-0.0489,11.0,2.246
166011.SZ,20170302,1.199,1.199,1.199,1.185,1.186,-0.013,-1.0842,701.0,83.182
166012.SZ,20170302,1.046,1.038,1.038,1.038,1.038,-0.008,-0.7648,1.0,0.103
166105.SZ,20170302,0.955,0.954,0.954,0.949,0.953,-0.002,-0.2094,6.0,0.571
167001.SZ,20170302,0.932,0.931,0.931,0.928,0.929,-0.003,-0.3219,5317.24,494.335
167002.SZ,20170302,1.015,1.013,1.03,1.013,1.024,0.009,0.8867,210.0,21.498
167501.SZ,20170302,1.084,1.084,1.084,1.083,1.083,-0.001,-0.0923,501.0,54.258
168101.SZ,20170302,1.098,1.1,1.104,1.097,1.098,0.0,0.0,23794.03,2617.022
168102.SZ,20170302,0.929,0.928,0.931,0.927,0.93,0.001,0.1076,35455.0,3295.569
168103.SZ,20170302,0.89,0.891,0.894,0.89,0.892,0.002,0.2247,104321.09,9302.596
168104.SZ,20170302,0.95,0.937,0.95,0.937,0.95,0.0,0.0,1330.01,125.065
168105.SZ,20170302,0.924,0.92,0.924,0.913,0.92,-0.004,-0.4329,5600.88,515.517
168301.SZ,20170302,0.941,0.941,0.944,0.939,0.943,0.002,0.2125,28778.74,2708.47
169101.SZ,20170302,1.232,1.237,1.239,1.233,1.237,0.005,0.4058,12098.62,1496.361
169102.SZ,20170302,1.2,1.2,1.206,1.2,1.2,0.0,0.0,3888.0,466.598
169103.SZ,20170302,1.096,1.094,1.094,1.092,1.092,-0.004,-0.365,1111.0,121.42
169104.SZ,20170302,1.103,1.11,1.114,1.1,1.11,0.007,0.6346,1099.33,121.682
169105.SZ,20170302,1.035,1.035,1.038,1.033,1.034,-0.001,-0.0966,45142.28,4671.759
184721.SZ,20170302,0.974,0.976,0.978,0.973,0.973,-0.001,-0.1027,311770.0,30390.178
184722.SZ,20170302,0.978,0.978,0.979,0.975,0.976,-0.002,-0.2045,82036.96,8015.791
184801.SZ,20170302,102.47,102.47,102.47,102.1,102.392,-0.078,-0.0761,209.0,2136.573
500058.SH,20170302,0.954,0.953,0.954,0.95,0.95,-0.004,-0.4193,118497.0,11274.416
501000.SH,20170302,1.019,1.011,1.038,1.011,1.036,0.017,1.6683,76.82,7.929
501001.SH,20170302,1.028,1.028,1.03,1.026,1.026,-0.002,-0.1946,4624.45,475.229
501002.SH,20170302,1.057,1.057,1.058,1.039,1.057,0.0,0.0,18.0,1.89
501005.SH,20170302,1.005,1.0,1.006,1.0,1.005,0.0,0.0,3414.94,342.215
501007.SH,20170302,0.989,0.997,0.997,0.994,0.994,0.005,0.5056,408.0,40.677
501008.SH,20170302,0.992,0.986,0.992,0.983,0.991,-0.001,-0.1008,4487.01,442.137
501009.SH,20170302,1.006,1.004,1.007,1.001,1.001,-0.005,-0.497,832.92,83.566
501010.SH,20170302,1.008,1.002,1.017,1.001,1.01,0.002,0.1984,1367.02,137.118
501011.SH,20170302,1.01,1.017,1.017,1.005,1.007,-0.003,-0.297,836.26,84.116
501012.SH,20170302,1.011,1.009,1.012,1.001,1.005,-0.006,-0.5935,887.21,89.219
501015.SH,20170302,1.009,1.01,1.013,1.007,1.01,0.001,0.0991,229034.69,23126.656
501017.SH,20170302,0.972,0.973,0.978,0.972,0.976,0.004,0.4115,6050.0,589.457
501018.SH,20170302,1.019,1.019,1.019,1.015,1.018,-0.001,-0.0981,25725.9,2614.915
501021.SH,20170302,1.165,1.173,1.179,1.173,1.174,0.009,0.7725,35247.83,4147.141
501022.SH,20170302,0.931,0.931,0.934,0.928,0.932,0.001,0.1074,17146.46,1595.407
501023.SH,20170302,1.07,1.075,1.082,1.075,1.077,0.007,0.6542,9035.59,974.364
501025.SH,20170302,1.056,1.065,1.073,1.062,1.064,0.008,0.7576,4026.35,429.258
501026.SH,20170302,0.928,0.926,0.93,0.925,0.926,-0.002,-0.2155,29848.89,2765.052
501028.SH,20170302,0.928,0.926,0.928,0.924,0.926,-0.002,-0.2155,30751.98,2847.425
501029.SH,20170302,1.018,1.019,1.019,1.015,1.016,-0.002,-0.1965,83182.41,8460.37
501030.SH,20170302,1.007,1.017,1.017,1.005,1.005,-0.002,-0.1986,643.5,64.818
501031.SH,20170302,1.007,1.005,1.006,1.005,1.005,-0.002,-0.1986,150.0,15.076
501050.SH,20170302,1.03,1.03,1.036,1.028,1.028,-0.002,-0.1942,14457.4,1489.502
501300.SH,20170302,1.011,1.011,1.011,1.009,1.01,-0.001,-0.0989,3085.32,311.645
502000.SH,20170302,1.034,1.01,1.037,1.01,1.036,0.002,0.1934,76.0,7.72
502001.SH,20170302,1.029,1.026,1.033,1.02,1.033,0.004,0.3887,1429.0,145.771
502002.SH,20170302,0.978,0.999,0.999,0.98,0.98,0.002,0.2045,137.19,13.58
502003.SH,20170302,1.135,1.141,1.142,1.124,1.129,-0.006,-0.5286,2446.73,276.639
502004.SH,20170302,1.019,1.018,1.018,1.014,1.015,-0.004,-0.3925,5322.0,540.837
502005.SH,20170302,1.255,1.255,1.257,1.24,1.24,-0.015,-1.1952,40985.38,5109.232
502006.SH,20170302,1.003,1.003,1.005,0.993,0.994,-0.009,-0.8973,2732.92,272.451
502007.SH,20170302,1.082,1.099,1.099,1.073,1.076,-0.006,-0.5545,39.81,4.292
502008.SH,20170302,0.92,0.925,0.925,0.905,0.907,-0.013,-1.413,25749.96,2350.807
502010.SH,20170302,1.173,1.179,1.194,1.175,1.175,0.002,0.1705,23546.92,2787.671
502011.SH,20170302,1.014,1.013,1.015,1.012,1.014,0.0,0.0,34470.0,3494.394
502012.SH,20170302,1.336,1.339,1.368,1.333,1.336,0.0,0.0,50800.54,6860.356
502013.SH,20170302,0.838,0.841,0.843,0.833,0.833,-0.005,-0.5967,45013.22,3764.535
502014.SH,20170302,1.015,1.014,1.015,1.014,1.014,-0.001,-0.0985,17288.23,1753.374
502015.SH,20170302,0.662,0.666,0.673,0.65,0.651,-0.011,-1.6616,153954.85,10139.099
502016.SH,20170302,1.107,1.096,1.096,1.096,1.096,-0.011,-0.9937,1.0,0.11
502017.SH,20170302,1.01,1.01,1.011,1.01,1.01,0.0,0.0,474.0,47.875
502018.SH,20170302,1.221,1.2,1.234,1.196,1.212,-0.009,-0.7371,802.57,96.996
502020.SH,20170302,1.203,1.2,1.2,1.183,1.198,-0.005,-0.4156,3.02,0.36
502021.SH,20170302,1.021,1.011,1.021,1.011,1.021,0.0,0.0,9.0,0.912
502023.SH,20170302,1.013,1.01,1.01,0.992,0.996,-0.017,-1.6782,710.42,71.465
502024.SH,20170302,1.1,1.077,1.099,1.077,1.099,-0.001,-0.0909,1100.11,120.795
502025.SH,20170302,0.918,0.925,0.926,0.891,0.897,-0.021,-2.2876,4609.01,418.069
502026.SH,20170302,0.9,0.898,0.898,0.897,0.897,-0.003,-0.3333,73.0,6.553
502027.SH,20170302,1.049,1.052,1.06,1.05,1.06,0.011,1.0486,1179.0,124.475
502028.SH,20170302,0.728,0.731,0.731,0.717,0.729,0.001,0.1374,444.0,32.356
502031.SH,20170302,1.052,1.039,1.05,1.039,1.05,-0.002,-0.1901,2.0,0.209
502032.SH,20170302,1.159,1.15,1.155,1.14,1.143,-0.016,-1.3805,419.28,47.96
502036.SH,20170302,1.047,1.047,1.047,1.035,1.037,-0.01,-0.9551,261.0,27.068
502037.SH,20170302,1.034,1.033,1.033,1.033,1.033,-0.001,-0.0967,408.0,42.146
502038.SH,20170302,1.053,1.055,1.055,1.046,1.046,-0.007,-0.6648,138.0,14.488
502040.SH,20170302,0.971,0.95,0.95,0.95,0.95,-0.021,-2.1627,22.0,2.09
502041.SH,20170302,1.015,1.018,1.018,1.014,1.014,-0.001,-0.0985,260.0,26.454
502042.SH,20170302,0.906,0.904,0.904,0.904,0.904,-0.002,-0.2208,68.0,6.147
502048.SH,20170302,1.18,1.184,1.184,1.174,1.175,-0.005,-0.4237,4979.64,586.692
502049.SH,20170302,1.025,1.024,1.026,1.024,1.024,-0.001,-0.0976,17859.56,1830.472
502050.SH,20170302,1.34,1.34,1.345,1.319,1.326,-0.014,-1.0448,29785.2,3965.099
502053.SH,20170302,1.007,1.023,1.023,1.009,1.009,0.002,0.1986,4427.0,448.814
502054.SH,20170302,1.016,1.017,1.017,1.015,1.016,0.0,0.0,3875.0,393.73
502055.SH,20170302,1.002,1.005,1.02,0.999,1.0,-0.002,-0.1996,31399.5,3171.77
502056.SH,20170302,1.059,1.055,1.06,1.053,1.053,-0.006,-0.5666,120.09,12.719
502057.SH,20170302,1.038,1.035,1.035,1.034,1.035,-0.003,-0.289,861.0,89.094
502058.SH,20170302,1.087,1.102,1.105,1.07,1.072,-0.015,-1.3799,429.55,46.396
505888.SH,20170302,1.168,1.165,1.167,1.164,1.165,-0.003,-0.2568,89691.34,10450.879
510010.SH,20170302,1.005,1.005,1.013,1.001,1.004,-0.001,-0.0995,1044.0,104.874
510020.SH,20170302,2.415,2.414,2.42,2.414,2.42,0.005,0.207,196.92,47.578
510050.SH,20170302,2.368,2.373,2.379,2.351,2.353,-0.015,-0.6334,1443827.55,341537.364
510060.SH,20170302,1.652,1.66,1.66,1.638,1.639,-0.013,-0.7869,2653.0,437.038
510090.SH,20170302,1.334,1.328,1.328,1.328,1.328,-0.006,-0.4498,5.0,0.664
510110.SH,20170302,3.08,3.079,3.079,3.079,3.079,-0.001,-0.0325,6.0,1.847
510120.SH,20170302,2.68,2.682,2.689,2.682,2.683,0.003,0.1119,3.0,0.805
510130.SH,20170302,3.714,3.716,3.716,3.716,3.716,0.002,0.0539,100.0,37.16
510150.SH,20170302,3.967,3.903,3.995,3.903,3.964,-0.003,-0.0756,51.0,19.976
510160.SH,20170302,0.564,0.564,0.566,0.559,0.56,-0.004,-0.7092,7693.0,432.458
510180.SH,20170302,3.082,3.082,3.092,3.058,3.059,-0.023,-0.7463,71868.72,22098.747
510190.SH,20170302,3.302,3.269,3.27,3.225,3.268,-0.034,-1.0297,79.0,25.64
510210.SH,20170302,3.584,3.535,3.618,3.535,3.61,0.026,0.7254,29.0,10.474
510220.SH,20170302,3.982,3.966,3.974,3.95,3.95,-0.032,-0.8036,662.0,262.282
510230.SH,20170302,5.362,5.38,5.391,5.333,5.333,-0.029,-0.5408,1074.0,576.2
510260.SH,20170302,1.135,1.135,1.135,1.13,1.13,-0.005,-0.4405,448.41,50.744
510270.SH,20170302,1.03,1.042,1.042,1.029,1.029,-0.001,-0.0971,113.06,11.737
510280.SH,20170302,1.373,1.381,1.381,1.366,1.366,-0.007,-0.5098,34.0,4.665
510290.SH,20170302,1.605,1.61,1.61,1.599,1.599,-0.006,-0.3738,526.0,84.553
510300.SH,20170302,3.449,3.455,3.503,3.427,3.437,-0.012,-0.3479,955485.29,329333.173
510310.SH,20170302,1.442,1.447,1.447,1.429,1.431,-0.011,-0.7628,3582.01,514.259
510330.SH,20170302,3.677,3.684,3.695,3.657,3.665,-0.012,-0.3264,4657.0,1711.412
510360.SH,20170302,1.068,1.072,1.072,1.062,1.063,-0.005,-0.4682,10733.0,1144.817
510410.SH,20170302,0.714,0.708,0.72,0.708,0.712,-0.002,-0.2801,549.0,39.189
510420.SH,20170302,1.499,1.498,1.498,1.494,1.494,-0.005,-0.3336,2.0,0.299
510430.SH,20170302,1.365,1.365,1.367,1.355,1.367,0.002,0.1465,10.0,1.364
510440.SH,20170302,1.862,1.862,1.862,1.819,1.85,-0.012,-0.6445,66.0,12.188
510500.SH,20170302,6.765,6.755,6.782,6.718,6.733,-0.032,-0.473,134971.55,91065.149
510510.SH,20170302,1.78,1.781,1.781,1.768,1.769,-0.011,-0.618,31745.0,5642.72
510520.SH,20170302,1.915,1.908,1.994,1.83,1.92,0.005,0.2611,997.0,195.05
510580.SH,20170302,6.61,6.593,6.595,6.546,6.546,-0.064,-0.9682,223.0,146.584
510630.SH,20170302,1.704,1.7,1.703,1.691,1.695,-0.009,-0.5282,1474.0,249.267
510650.SH,20170302,1.508,1.509,1.509,1.5,1.5,-0.008,-0.5305,749.0,112.84
510660.SH,20170302,1.558,1.56,1.56,1.55,1.551,-0.007,-0.4493,2721.0,422.701
510710.SH,20170302,2.386,2.388,2.396,2.376,2.377,-0.009,-0.3772,2216.0,527.946
510810.SH,20170302,1.023,1.023,1.025,1.011,1.011,-0.012,-1.173,140124.0,14252.77
510880.SH,20170302,2.731,2.732,2.736,2.712,2.715,-0.016,-0.5859,81822.01,22294.964
510900.SH,20170302,1.131,1.147,1.149,1.135,1.137,0.006,0.5305,7223933.94,823457.002
511010.SH,20170302,111.159,111.127,111.218,110.956,110.964,-0.195,-0.1754,32838.0,364960.595
511210.SH,20170302,114.355,114.001,114.001,114.001,114.001,-0.354,-0.3096,1.0,11.4
511220.SH,20170302,96.315,96.13,96.6,96.12,96.15,-0.165,-0.1713,653.0,6283.286
511600.SH,20170302,99.997,99.994,100.001,99.992,100.0,0.003,0.003,10099.64,100993.546
511650.SH,20170302,99.997,100.0,100.0,99.998,99.999,0.002,0.002,7217.36,72172.912
511660.SH,20170302,99.998,99.995,100.003,99.993,99.999,0.001,0.001,136132.51,1361320.219
511680.SH,20170302,99.995,99.994,99.999,99.994,99.995,0.0,0.0,7643.97,76435.95
511690.SH,20170302,99.998,99.997,100.004,99.996,100.003,0.005,0.005,145993.3,1459919.806
511700.SH,20170302,99.998,99.996,100.001,99.995,99.999,0.001,0.001,11488.61,114884.345
511760.SH,20170302,99.999,99.986,99.986,99.765,99.902,-0.097,-0.097,0.15,1.497
511800.SH,20170302,99.997,99.995,100.001,99.994,100.0,0.003,0.003,10918.65,109185.239
511810.SH,20170302,100.002,99.997,100.004,99.997,100.003,0.001,0.001,251521.63,2515246.893
511820.SH,20170302,99.997,99.996,100.001,99.995,99.998,0.001,0.001,50469.01,504682.728
511830.SH,20170302,99.998,99.993,100.004,99.993,100.0,0.002,0.002,8606.16,86060.831
511850.SH,20170302,100.003,99.998,100.005,99.994,100.002,-0.001,-0.001,6256.98,62570.192
511860.SH,20170302,99.995,99.992,99.997,99.991,99.996,0.001,0.001,16399.23,163985.305
511880.SH,20170302,100.551,100.558,100.573,100.558,100.57,0.019,0.0189,554225.97,5573690.356
511890.SH,20170302,99.995,99.992,99.998,99.99,99.995,0.0,0.0,345.81,3457.919
511900.SH,20170302,99.995,99.995,99.999,99.994,99.997,0.002,0.002,106224.26,1062200.08
511910.SH,20170302,99.995,99.994,100.0,99.994,99.999,0.004,0.004,11540.74,115402.966
511920.SH,20170302,99.992,100.9,100.982,99.996,100.022,0.03,0.03,2035.01,20352.558
511930.SH,20170302,99.996,99.995,99.999,99.994,99.997,0.001,0.001,3622.1,36219.738
511950.SH,20170302,99.995,99.96,99.995,99.96,99.995,0.0,0.0,1134.52,11344.523
511960.SH,20170302,100.001,100.0,100.002,99.998,100.002,0.001,0.001,606.34,6063.39
511970.SH,20170302,99.996,99.995,99.999,99.995,99.999,0.003,0.003,19900.0,198994.975
511980.SH,20170302,99.997,99.994,100.0,99.99,99.998,0.001,0.001,25506.19,255052.576
511990.SH,20170302,99.998,99.997,100.006,99.996,100.001,0.003,0.003,1318819.82,13188571.391
512000.SH,20170302,0.99,0.992,1.004,0.989,0.99,0.0,0.0,70340.0,7018.059
512010.SH,20170302,1.333,1.333,1.335,1.329,1.334,0.001,0.075,488.0,64.914
512070.SH,20170302,1.708,1.706,1.72,1.7,1.701,-0.007,-0.4098,6367.0,1088.124
512100.SH,20170302,0.956,0.957,0.96,0.95,0.95,-0.006,-0.6276,16287.0,1555.905
512120.SH,20170302,1.325,1.325,1.325,1.304,1.323,-0.002,-0.1509,132.0,17.272
512210.SH,20170302,1.49,1.485,1.49,1.485,1.49,0.0,0.0,89.0,13.255
512220.SH,20170302,1.348,1.355,1.355,1.355,1.355,0.007,0.5193,10.0,1.355
512230.SH,20170302,1.3,1.288,1.319,1.288,1.318,0.018,1.3846,56.0,7.38
512300.SH,20170302,1.239,1.242,1.246,1.232,1.235,-0.004,-0.3228,8971.0,1110.884
512310.SH,20170302,0.719,0.719,0.72,0.715,0.715,-0.004,-0.5563,7576.0,543.506
512330.SH,20170302,0.826,0.827,0.827,0.825,0.825,-0.001,-0.1211,242.0,19.968
512340.SH,20170302,0.879,0.879,0.881,0.877,0.878,-0.001,-0.1138,2994.0,262.924
512500.SH,20170302,3.108,3.102,3.126,3.101,3.101,-0.007,-0.2252,7285.43,2269.847
512510.SH,20170302,1.302,1.299,1.305,1.293,1.294,-0.008,-0.6144,66368.72,8621.068
512580.SH,20170302,1.008,1.011,1.109,1.004,1.005,-0.003,-0.2976,185348.11,18813.084
512600.SH,20170302,1.561,1.563,1.596,1.563,1.593,0.032,2.05,354.0,56.408
512610.SH,20170302,1.425,1.422,1.422,1.414,1.414,-0.011,-0.7719,457.0,64.762
512660.SH,20170302,1.044,1.043,1.046,1.036,1.037,-0.007,-0.6705,121458.34,12629.766
512680.SH,20170302,1.019,1.021,1.021,1.011,1.011,-0.008,-0.7851,35839.0,3638.117
512810.SH,20170302,0.992,0.985,0.992,0.982,0.983,-0.009,-0.9073,7477.0,737.504
512880.SH,20170302,1.052,1.055,1.067,1.05,1.051,-0.001,-0.0951,68896.0,7296.201
512990.SH,20170302,1.026,1.033,1.034,1.022,1.022,-0.004,-0.3899,4423.0,454.464
513030.SH,20170302,0.996,1.007,1.015,1.007,1.013,0.017,1.7068,26642.0,2696.158
513050.SH,20170302,1.064,1.077,1.081,1.071,1.077,0.013,1.2218,13698.2,1473.433
513100.SH,20170302,1.947,1.977,2.054,1.965,1.989,0.042,2.1572,118538.01,23451.36
513500.SH,20170302,1.541,1.568,1.688,1.568,1.623,0.082,5.3212,194218.0,31653.065
513600.SH,20170302,2.167,2.171,2.216,2.157,2.168,0.001,0.0461,3472.0,753.944
513660.SH,20170302,2.163,2.165,2.186,2.163,2.171,0.008,0.3699,3489.17,756.279
518800.SH,20170302,2.757,2.76,2.766,2.76,2.762,0.005,0.1814,311336.0,86020.32
518880.SH,20170302,2.755,2.763,2.763,2.758,2.758,0.003,0.1089,3126891.64,863349.603
