ts_code,trade_date,pre_close,open,high,low,close,change,pct_chg,vol,amount
150008.SZ,20170512,1.213,1.128,1.235,1.128,1.235,0.022,1.8137,97.07,11.442
150009.SZ,20170512,0.93,0.93,0.97,0.91,0.91,-0.02,-2.1505,60.07,5.68
150012.SZ,20170512,1.048,1.048,1.053,1.046,1.051,0.003,0.2863,13369.61,1401.595
150013.SZ,20170512,1.102,1.1,1.118,1.096,1.116,0.014,1.2704,2672.51,295.119
150016.SZ,20170512,1.004,1.005,1.015,1.004,1.008,0.004,0.3984,5132.31,516.703
150017.SZ,20170512,1.005,1.002,1.011,0.978,1.005,0.0,0.0,5087.3,507.152
150018.SZ,20170512,1.031,1.029,1.036,1.029,1.035,0.004,0.388,76286.94,7886.575
150019.SZ,20170512,0.745,0.744,0.746,0.736,0.744,-0.001,-0.1342,307972.19,22812.113
150020.SZ,20170512,1.046,1.047,1.049,1.047,1.049,0.003,0.2868,616.0,64.551
150021.SZ,20170512,0.925,0.922,0.931,0.919,0.927,0.002,0.2162,13930.42,1286.516
150022.SZ,20170512,0.765,0.765,0.77,0.764,0.766,0.001,0.1307,367584.18,28160.059
150023.SZ,20170512,0.337,0.336,0.337,0.334,0.337,0.0,0.0,338893.52,11369.878
150028.SZ,20170512,1.007,1.004,1.009,1.004,1.008,0.001,0.0993,535.0,53.915
150029.SZ,20170512,1.266,1.252,1.276,1.252,1.264,-0.002,-0.158,713.19,90.58
150030.SZ,20170512,1.059,1.002,1.059,1.002,1.058,-0.001,-0.0944,72.22,7.595
150031.SZ,20170512,1.001,0.987,1.001,0.987,1.001,0.0,0.0,26.13,2.6
150032.SZ,20170512,0.998,0.999,0.999,0.999,0.999,0.001,0.1002,1000.0,99.9
150033.SZ,20170512,0.918,0.919,0.919,0.919,0.919,0.001,0.1089,89.0,8.179
150036.SZ,20170512,1.009,1.041,1.043,1.033,1.041,0.032,3.1715,177.86,18.476
150037.SZ,20170512,1.446,1.49,1.5,1.485,1.5,0.054,3.7344,91.0,13.626
150039.SZ,20170512,1.109,1.113,1.113,1.113,1.113,0.004,0.3607,200.0,22.26
150040.SZ,20170512,1.707,1.66,1.667,1.66,1.667,-0.04,-2.3433,70.0,11.62
150047.SZ,20170512,1.421,1.366,1.438,1.366,1.414,-0.007,-0.4926,144.0,20.667
150048.SZ,20170512,0.99,1.004,1.004,0.939,0.998,0.008,0.8081,639.0,60.235
150049.SZ,20170512,1.001,1.002,1.005,1.002,1.005,0.004,0.3996,11619.54,1165.955
150050.SZ,20170512,0.914,0.908,0.936,0.908,0.918,0.004,0.4376,461.0,42.409
150051.SZ,20170512,1.028,1.027,1.03,1.027,1.029,0.001,0.0973,15240.29,1567.95
150052.SZ,20170512,1.314,1.306,1.329,1.306,1.324,0.01,0.761,21332.0,2819.922
150053.SZ,20170512,1.02,1.024,1.035,1.024,1.032,0.012,1.1765,175.0,17.981
150054.SZ,20170512,0.84,0.822,0.85,0.822,0.85,0.01,1.1905,21.0,1.776
150056.SZ,20170512,1.301,1.263,1.31,1.263,1.301,0.0,0.0,11.44,1.487
150057.SZ,20170512,1.243,1.236,1.26,1.236,1.236,-0.007,-0.5632,90.0,11.316
150058.SZ,20170512,0.822,0.823,0.823,0.823,0.823,0.001,0.1217,3.0,0.246
150059.SZ,20170512,1.154,1.175,1.175,1.165,1.175,0.021,1.8198,262.22,30.81
150060.SZ,20170512,0.879,0.853,0.878,0.851,0.869,-0.01,-1.1377,296.0,25.492
150064.SZ,20170512,1.044,1.05,1.05,1.05,1.05,0.006,0.5747,1.0,0.105
150065.SZ,20170512,0.856,0.825,0.825,0.825,0.825,-0.031,-3.6215,2.79,0.23
150073.SZ,20170512,1.022,1.023,1.033,1.02,1.033,0.011,1.0763,189.86,19.493
150075.SZ,20170512,1.148,1.12,1.12,1.112,1.112,-0.036,-3.1359,42.8,4.765
150076.SZ,20170512,1.004,1.008,1.008,1.006,1.006,0.002,0.1992,266.0,26.799
150083.SZ,20170512,1.08,1.081,1.081,1.081,1.081,0.001,0.0926,9.0,0.972
150084.SZ,20170512,0.86,0.868,0.868,0.85,0.85,-0.01,-1.1628,56.0,4.792
150090.SZ,20170512,1.085,1.034,1.084,1.034,1.084,-0.001,-0.0922,2.11,0.228
150091.SZ,20170512,0.828,0.88,0.88,0.88,0.88,0.052,6.2802,3.0,0.264
150092.SZ,20170512,1.053,1.058,1.06,1.034,1.034,-0.019,-1.8044,11.0,1.152
150093.SZ,20170512,0.764,0.768,0.768,0.768,0.768,0.004,0.5236,6.0,0.46
150094.SZ,20170512,1.022,1.025,1.026,1.023,1.023,0.001,0.0978,358.0,36.671
150095.SZ,20170512,0.354,0.368,0.368,0.368,0.368,0.014,3.9548,2.0,0.073
150096.SZ,20170512,1.018,1.018,1.018,1.016,1.016,-0.002,-0.1965,993.0,101.087
150097.SZ,20170512,0.887,0.881,0.89,0.851,0.887,0.0,0.0,6988.0,614.921
150100.SZ,20170512,1.042,1.045,1.045,1.033,1.035,-0.007,-0.6718,6253.0,649.143
150101.SZ,20170512,1.078,1.049,1.1,1.049,1.074,-0.004,-0.3711,5681.82,611.095
150104.SZ,20170512,1.074,1.091,1.092,1.091,1.092,0.018,1.676,2.0,0.218
150105.SZ,20170512,1.308,1.201,1.31,1.2,1.309,0.001,0.0765,104.0,12.699
150106.SZ,20170512,1.109,1.112,1.112,1.108,1.108,-0.001,-0.0902,3905.0,432.862
150107.SZ,20170512,0.823,0.819,0.828,0.811,0.82,-0.003,-0.3645,1596.49,131.084
150108.SZ,20170512,1.061,1.062,1.062,1.062,1.062,0.001,0.0943,11.89,1.262
150112.SZ,20170512,1.052,1.068,1.07,1.064,1.067,0.015,1.4259,695.0,74.111
150113.SZ,20170512,1.358,1.254,1.482,1.254,1.289,-0.069,-5.081,942.25,120.912
150117.SZ,20170512,1.067,1.065,1.068,1.063,1.065,-0.002,-0.1874,12447.21,1325.486
150118.SZ,20170512,0.34,0.336,0.341,0.329,0.338,-0.002,-0.5882,94695.37,3174.723
150121.SZ,20170512,1.03,1.03,1.031,1.019,1.03,0.0,0.0,486.0,50.052
150122.SZ,20170512,1.13,1.017,1.175,1.017,1.175,0.045,3.9823,956.0,108.221
150123.SZ,20170512,1.261,1.261,1.293,1.258,1.275,0.014,1.1102,227.23,28.93
150124.SZ,20170512,1.565,1.558,1.582,1.558,1.574,0.009,0.5751,1499.39,235.963
150130.SZ,20170512,1.074,1.074,1.078,1.071,1.074,0.0,0.0,265088.25,28475.159
150131.SZ,20170512,0.442,0.442,0.453,0.438,0.452,0.01,2.2624,417907.5,18651.639
150135.SZ,20170512,1.015,1.015,1.016,1.015,1.016,0.001,0.0985,210.0,21.33
150136.SZ,20170512,0.581,0.632,0.632,0.632,0.632,0.051,8.778,1.0,0.063
150139.SZ,20170512,0.771,0.768,0.768,0.75,0.75,-0.021,-2.7237,49.22,3.716
150141.SZ,20170512,0.66,0.65,0.65,0.65,0.65,-0.01,-1.5152,4.0,0.26
150143.SZ,20170512,1.011,1.011,1.014,1.009,1.01,-0.001,-0.0989,6149.29,621.836
150144.SZ,20170512,0.45,0.45,0.475,0.444,0.468,0.018,4.0,2387.26,109.906
150145.SZ,20170512,1.017,1.025,1.025,1.022,1.025,0.008,0.7866,151.0,15.47
150146.SZ,20170512,0.405,0.405,0.405,0.404,0.404,-0.001,-0.2469,198.0,8.01
150148.SZ,20170512,1.062,1.059,1.059,1.04,1.058,-0.004,-0.3766,1788.57,188.164
150149.SZ,20170512,0.55,0.548,0.57,0.548,0.57,0.02,3.6364,1508.0,85.536
150150.SZ,20170512,1.015,1.015,1.019,1.015,1.018,0.003,0.2956,9751.0,991.23
150151.SZ,20170512,0.914,0.902,0.915,0.9,0.915,0.001,0.1094,3809.07,345.125
150152.SZ,20170512,1.04,1.038,1.042,1.037,1.042,0.002,0.1923,309852.24,32216.73
150153.SZ,20170512,0.554,0.553,0.554,0.532,0.55,-0.004,-0.722,1830295.82,99337.471
150154.SZ,20170512,0.909,0.902,0.902,0.901,0.901,-0.008,-0.8801,1170.0,105.419
150157.SZ,20170512,1.013,1.014,1.017,1.014,1.016,0.003,0.2962,81202.0,8248.794
150158.SZ,20170512,0.754,0.76,0.785,0.755,0.785,0.031,4.1114,82856.03,6448.29
150164.SZ,20170512,1.009,1.009,1.01,1.008,1.008,-0.001,-0.0991,27971.69,2822.472
150165.SZ,20170512,0.526,0.511,0.547,0.511,0.547,0.021,3.9924,494.29,25.797
150167.SZ,20170512,1.079,1.086,1.086,1.086,1.086,0.007,0.6487,1.0,0.108
150168.SZ,20170512,0.66,0.6,0.604,0.6,0.604,-0.056,-8.4848,501.0,30.26
150169.SZ,20170512,1.025,1.023,1.028,1.021,1.028,0.003,0.2927,119596.9,12246.026
150170.SZ,20170512,1.162,1.16,1.164,1.156,1.159,-0.003,-0.2582,9707.0,1124.619
150171.SZ,20170512,1.005,1.005,1.008,1.003,1.006,0.001,0.0995,285891.46,28771.948
150172.SZ,20170512,0.944,0.943,0.968,0.938,0.957,0.013,1.3771,515775.07,49240.614
150173.SZ,20170512,1.008,1.008,1.012,1.008,1.011,0.003,0.2976,37159.24,3752.873
150174.SZ,20170512,0.478,0.47,0.478,0.451,0.47,-0.008,-1.6736,11184.95,521.104
150175.SZ,20170512,0.963,0.963,0.963,0.959,0.961,-0.002,-0.2077,382342.15,36734.405
150176.SZ,20170512,0.927,0.918,0.93,0.915,0.922,-0.005,-0.5394,250552.13,23111.981
150177.SZ,20170512,1.038,1.036,1.036,1.026,1.036,-0.002,-0.1927,13183.81,1365.834
150178.SZ,20170512,1.185,1.184,1.216,1.17,1.209,0.024,2.0253,21231.93,2554.275
150179.SZ,20170512,1.045,1.045,1.046,1.044,1.044,-0.001,-0.0957,537.0,56.114
150180.SZ,20170512,1.125,1.089,1.174,1.089,1.113,-0.012,-1.0667,759.27,85.947
150181.SZ,20170512,1.019,1.02,1.024,1.02,1.023,0.004,0.3925,384474.32,39311.659
150182.SZ,20170512,0.795,0.786,0.788,0.758,0.774,-0.021,-2.6415,592997.06,45901.687
150184.SZ,20170512,1.064,1.068,1.1,1.062,1.063,-0.001,-0.094,25711.52,2737.217
150185.SZ,20170512,0.745,0.745,0.761,0.73,0.756,0.011,1.4765,41922.11,3133.25
150186.SZ,20170512,1.037,1.036,1.039,1.035,1.035,-0.002,-0.1929,96832.0,10042.258
150187.SZ,20170512,0.578,0.576,0.579,0.559,0.57,-0.008,-1.3841,43684.89,2480.585
150188.SZ,20170512,1.007,1.006,1.009,1.005,1.008,0.001,0.0993,6893.0,693.9
150189.SZ,20170512,0.768,0.77,0.79,0.76,0.783,0.015,1.9531,2742.78,211.439
150190.SZ,20170512,1.073,1.091,1.091,1.088,1.088,0.015,1.3979,3161.0,343.964
150191.SZ,20170512,1.02,0.961,1.024,0.96,1.016,-0.004,-0.3922,929.17,93.942
150192.SZ,20170512,1.058,1.052,1.072,1.052,1.052,-0.006,-0.5671,13.9,1.468
150193.SZ,20170512,0.873,0.873,0.878,0.824,0.875,0.002,0.2291,9743.1,848.812
150194.SZ,20170512,1.012,1.009,1.025,1.006,1.012,0.0,0.0,558230.23,56401.084
150195.SZ,20170512,0.232,0.227,0.235,0.218,0.234,0.002,0.8621,1748281.65,39945.059
150196.SZ,20170512,1.112,1.118,1.12,1.108,1.12,0.008,0.7194,77131.27,8603.456
150197.SZ,20170512,0.781,0.78,0.785,0.759,0.776,-0.005,-0.6402,173890.77,13410.99
150198.SZ,20170512,1.151,1.146,1.15,1.145,1.149,-0.002,-0.1738,1602.83,183.868
150199.SZ,20170512,0.671,0.671,0.673,0.66,0.673,0.002,0.2981,16397.24,1089.676
150200.SZ,20170512,1.007,1.007,1.01,1.005,1.006,-0.001,-0.0993,3161950.39,318544.121
150201.SZ,20170512,0.344,0.339,0.358,0.337,0.353,0.009,2.6163,5617380.2,196498.868
150203.SZ,20170512,1.021,1.021,1.029,1.021,1.026,0.005,0.4897,11278.67,1153.274
150204.SZ,20170512,0.769,0.748,0.759,0.741,0.75,-0.019,-2.4707,11479.49,862.163
150205.SZ,20170512,1.013,1.012,1.016,1.011,1.013,0.0,0.0,809111.35,81958.335
150206.SZ,20170512,0.905,0.89,0.896,0.863,0.884,-0.021,-2.3204,988359.87,87469.838
150207.SZ,20170512,1.064,1.062,1.067,1.062,1.067,0.003,0.282,923.32,98.368
150208.SZ,20170512,0.349,0.349,0.349,0.327,0.34,-0.009,-2.5788,15969.0,540.641
150209.SZ,20170512,1.043,1.041,1.041,1.033,1.035,-0.008,-0.767,598588.16,61999.314
150210.SZ,20170512,0.708,0.703,0.717,0.696,0.708,0.0,0.0,324933.19,22954.272
150211.SZ,20170512,1.046,1.046,1.046,1.04,1.042,-0.004,-0.3824,21466.51,2237.128
150212.SZ,20170512,0.48,0.481,0.496,0.47,0.48,0.0,0.0,92192.94,4429.493
150213.SZ,20170512,1.061,1.05,1.061,1.05,1.061,0.0,0.0,6470.0,686.261
150214.SZ,20170512,0.316,0.315,0.316,0.305,0.315,-0.001,-0.3165,108085.99,3361.0
150215.SZ,20170512,1.062,1.031,1.071,1.019,1.019,-0.043,-4.049,5.03,0.538
150216.SZ,20170512,0.92,0.934,0.934,0.91,0.911,-0.009,-0.9783,154.41,14.122
150217.SZ,20170512,1.016,1.015,1.017,1.014,1.015,-0.001,-0.0984,36570.41,3712.835
150218.SZ,20170512,0.45,0.444,0.444,0.42,0.429,-0.021,-4.6667,20737.88,890.263
150219.SZ,20170512,1.178,1.14,1.14,1.14,1.14,-0.038,-3.2258,20.0,2.28
150220.SZ,20170512,0.8,0.805,0.812,0.784,0.806,0.006,0.75,16745.0,1336.673
150221.SZ,20170512,1.162,1.161,1.162,1.156,1.159,-0.003,-0.2582,107509.14,12450.15
150222.SZ,20170512,0.36,0.359,0.364,0.348,0.356,-0.004,-1.1111,1355336.67,48345.909
150223.SZ,20170512,1.118,1.115,1.119,1.114,1.119,0.001,0.0894,167768.73,18750.553
150224.SZ,20170512,0.731,0.73,0.758,0.728,0.743,0.012,1.6416,319458.27,23700.122
150225.SZ,20170512,1.044,1.036,1.045,1.035,1.045,0.001,0.0958,211.78,21.986
150226.SZ,20170512,1.008,1.0,1.02,1.0,1.02,0.012,1.1905,62.9,6.365
150227.SZ,20170512,1.016,1.015,1.02,1.014,1.017,0.001,0.0984,710381.31,72320.263
150228.SZ,20170512,0.643,0.644,0.692,0.643,0.683,0.04,6.2208,1337715.84,89295.993
150229.SZ,20170512,1.024,1.024,1.108,1.024,1.039,0.015,1.4648,6114.31,628.356
150230.SZ,20170512,0.889,0.889,0.904,0.861,0.879,-0.01,-1.1249,4910.39,435.74
150231.SZ,20170512,1.109,1.108,1.108,1.074,1.108,-0.001,-0.0902,518.03,57.394
150232.SZ,20170512,0.98,0.963,0.985,0.955,0.968,-0.012,-1.2245,652.67,63.579
150233.SZ,20170512,1.032,1.034,1.036,1.03,1.036,0.004,0.3876,3351.36,346.776
150234.SZ,20170512,0.334,0.334,0.334,0.302,0.313,-0.021,-6.2874,3188.49,101.08
150235.SZ,20170512,1.026,1.027,1.027,1.025,1.025,-0.001,-0.0975,4966.0,509.097
150236.SZ,20170512,0.705,0.701,0.719,0.694,0.712,0.007,0.9929,15439.9,1100.375
150238.SZ,20170512,1.069,1.099,1.099,1.099,1.099,0.03,2.8064,20.0,2.198
150241.SZ,20170512,1.008,1.012,1.015,1.012,1.015,0.007,0.6944,767.0,77.702
150242.SZ,20170512,0.776,0.768,0.814,0.768,0.806,0.03,3.866,5822.0,466.416
150243.SZ,20170512,1.07,1.072,1.075,1.068,1.071,0.001,0.0935,57024.0,6109.658
150244.SZ,20170512,0.574,0.573,0.573,0.55,0.571,-0.003,-0.5226,162877.13,9122.872
150246.SZ,20170512,0.832,0.814,0.867,0.749,0.831,-0.001,-0.1202,311.0,25.176
150247.SZ,20170512,1.069,1.069,1.069,1.065,1.066,-0.003,-0.2806,37016.69,3946.369
150248.SZ,20170512,0.855,0.859,0.86,0.831,0.844,-0.011,-1.2865,29462.29,2481.301
150249.SZ,20170512,1.014,1.007,1.007,1.007,1.007,-0.007,-0.6903,1.0,0.1
150250.SZ,20170512,0.707,0.72,0.747,0.72,0.747,0.04,5.6577,4954.34,368.684
150251.SZ,20170512,1.038,1.027,1.055,1.027,1.048,0.01,0.9634,6921.69,725.695
150252.SZ,20170512,0.89,0.886,0.89,0.872,0.887,-0.003,-0.3371,8814.03,776.759
150255.SZ,20170512,1.032,1.031,1.036,1.031,1.035,0.003,0.2907,21292.0,2201.237
150256.SZ,20170512,0.614,0.66,0.66,0.628,0.658,0.044,7.1661,10090.01,660.057
150257.SZ,20170512,1.038,1.032,1.048,1.032,1.048,0.01,0.9634,178.0,18.478
150258.SZ,20170512,0.949,0.922,0.93,0.922,0.93,-0.019,-2.0021,169.03,15.719
150259.SZ,20170512,1.033,1.032,1.042,1.032,1.04,0.007,0.6776,2855.31,295.414
150260.SZ,20170512,0.649,0.63,0.644,0.619,0.626,-0.023,-3.5439,1039.42,66.289
150261.SZ,20170512,1.092,1.098,1.098,1.085,1.094,0.002,0.1832,1821.0,199.251
150262.SZ,20170512,0.674,0.678,0.693,0.662,0.686,0.012,1.7804,6359.07,432.233
150264.SZ,20170512,0.427,0.387,0.422,0.384,0.399,-0.028,-6.5574,2349.0,93.578
150265.SZ,20170512,1.089,1.09,1.09,1.087,1.088,-0.001,-0.0918,8349.84,908.762
150266.SZ,20170512,1.23,1.212,1.24,1.21,1.218,-0.012,-0.9756,9711.43,1194.14
150267.SZ,20170512,1.085,1.055,1.09,1.035,1.083,-0.002,-0.1843,1429.0,152.37
150268.SZ,20170512,0.656,0.67,0.695,0.67,0.695,0.039,5.9451,2919.79,201.444
150269.SZ,20170512,1.093,1.093,1.105,1.092,1.1,0.007,0.6404,23628.0,2592.564
150270.SZ,20170512,1.162,1.167,1.176,1.135,1.16,-0.002,-0.1721,44239.19,5101.386
150271.SZ,20170512,1.012,1.034,1.035,1.032,1.034,0.022,2.1739,489.0,50.556
150272.SZ,20170512,0.848,0.839,0.849,0.839,0.849,0.001,0.1179,456.85,38.722
150273.SZ,20170512,1.024,1.024,1.026,1.024,1.026,0.002,0.1953,11156.84,1143.463
150274.SZ,20170512,0.578,0.588,0.588,0.566,0.571,-0.007,-1.2111,13804.72,796.013
150275.SZ,20170512,1.011,1.011,1.012,1.008,1.012,0.001,0.0989,212028.4,21422.705
150276.SZ,20170512,0.537,0.534,0.55,0.524,0.525,-0.012,-2.2346,405758.3,21709.413
150277.SZ,20170512,1.043,1.047,1.047,1.042,1.044,0.001,0.0959,10728.0,1119.239
150278.SZ,20170512,0.503,0.503,0.507,0.475,0.499,-0.004,-0.7952,39899.35,1998.858
150281.SZ,20170512,1.034,1.033,1.088,1.026,1.088,0.054,5.2224,6924.01,716.682
150282.SZ,20170512,0.376,0.376,0.408,0.362,0.403,0.027,7.1809,19933.69,765.831
150283.SZ,20170512,1.037,1.03,1.043,1.03,1.041,0.004,0.3857,3368.03,349.563
150284.SZ,20170512,0.654,0.652,0.693,0.652,0.659,0.005,0.7645,2208.16,145.509
150287.SZ,20170512,1.067,1.067,1.073,1.066,1.072,0.005,0.4686,36844.0,3936.037
150288.SZ,20170512,0.485,0.48,0.483,0.461,0.475,-0.01,-2.0619,58197.93,2750.792
150289.SZ,20170512,1.042,1.042,1.043,1.037,1.038,-0.004,-0.3839,236299.0,24547.709
150290.SZ,20170512,0.297,0.296,0.308,0.293,0.301,0.004,1.3468,560774.94,16809.561
150291.SZ,20170512,1.038,1.037,1.043,1.037,1.043,0.005,0.4817,89245.15,9289.354
150292.SZ,20170512,0.525,0.53,0.557,0.53,0.556,0.031,5.9048,51131.15,2798.498
150293.SZ,20170512,1.063,1.061,1.061,1.061,1.061,-0.002,-0.1881,2000.0,212.2
150295.SZ,20170512,1.035,1.036,1.04,1.036,1.04,0.005,0.4831,63265.0,6565.575
150296.SZ,20170512,0.798,0.783,0.798,0.778,0.793,-0.005,-0.6266,38989.26,3082.223
150297.SZ,20170512,1.034,1.032,1.044,1.032,1.037,0.003,0.2901,1023.0,105.83
150298.SZ,20170512,0.39,0.365,0.384,0.365,0.381,-0.009,-2.3077,1509.08,55.613
150299.SZ,20170512,1.035,1.035,1.039,1.033,1.039,0.004,0.3865,335011.96,34729.643
150300.SZ,20170512,0.483,0.482,0.512,0.482,0.511,0.028,5.7971,323891.16,16122.954
150301.SZ,20170512,1.067,1.079,1.079,1.065,1.073,0.006,0.5623,2366.0,254.337
150302.SZ,20170512,0.859,0.837,0.877,0.837,0.87,0.011,1.2806,6764.19,587.057
150305.SZ,20170512,1.035,1.012,1.045,1.012,1.03,-0.005,-0.4831,3700.0,383.613
150306.SZ,20170512,0.459,0.455,0.457,0.437,0.457,-0.002,-0.4357,9938.4,446.65
150307.SZ,20170512,1.009,1.013,1.013,1.01,1.011,0.002,0.1982,16499.41,1668.841
150308.SZ,20170512,0.269,0.27,0.286,0.25,0.264,-0.005,-1.8587,35210.15,914.913
150309.SZ,20170512,1.026,1.023,1.023,1.023,1.023,-0.003,-0.2924,124.21,12.706
150310.SZ,20170512,0.461,0.462,0.463,0.462,0.463,0.002,0.4338,439.0,20.317
150311.SZ,20170512,1.009,1.011,1.014,1.01,1.013,0.004,0.3964,2812.0,284.442
150312.SZ,20170512,0.651,0.654,0.67,0.654,0.655,0.004,0.6144,2009.76,131.564
150315.SZ,20170512,1.016,1.018,1.029,1.018,1.028,0.012,1.1811,975.91,99.929
150316.SZ,20170512,0.653,0.647,0.654,0.636,0.636,-0.017,-2.6034,904.19,59.089
150318.SZ,20170512,0.824,0.752,0.819,0.752,0.786,-0.038,-4.6117,2.0,0.157
150321.SZ,20170512,1.177,1.177,1.181,1.177,1.181,0.004,0.3398,11141.0,1314.187
150322.SZ,20170512,0.81,0.821,0.826,0.8,0.818,0.008,0.9877,5996.0,486.745
150323.SZ,20170512,1.036,1.039,1.053,1.039,1.046,0.01,0.9653,736.0,76.775
150324.SZ,20170512,0.375,0.369,0.376,0.348,0.376,0.001,0.2667,1574.0,58.765
150325.SZ,20170512,1.045,1.044,1.045,1.044,1.045,0.0,0.0,234.01,24.453
150326.SZ,20170512,1.07,1.036,1.036,1.036,1.036,-0.034,-3.1776,50.0,5.18
150328.SZ,20170512,0.968,0.989,0.989,0.989,0.989,0.021,2.1694,5.0,0.494
150329.SZ,20170512,1.017,1.019,1.028,1.017,1.017,0.0,0.0,16993.54,1732.39
150330.SZ,20170512,0.994,0.994,1.065,0.994,1.045,0.051,5.1308,81602.09,8417.631
150331.SZ,20170512,1.063,1.063,1.063,1.058,1.06,-0.003,-0.2822,90915.08,9645.242
150332.SZ,20170512,0.271,0.273,0.282,0.267,0.279,0.008,2.952,139289.07,3841.545
150335.SZ,20170512,1.034,1.034,1.035,1.031,1.033,-0.001,-0.0967,25105.0,2593.839
150336.SZ,20170512,0.315,0.318,0.318,0.305,0.308,-0.007,-2.2222,72084.8,2248.77
150343.SZ,20170512,1.057,1.052,1.061,1.052,1.061,0.004,0.3784,4288.0,454.763
150344.SZ,20170512,0.907,0.922,0.922,0.876,0.906,-0.001,-0.1103,3804.0,337.781
159001.SZ,20170512,99.999,99.991,100.001,99.991,100.001,0.002,0.002,5221.55,52213.484
159003.SZ,20170512,100.0,99.991,100.0,99.989,100.0,0.0,0.0,49976.63,499734.51
159005.SZ,20170512,100.004,99.999,100.001,99.999,100.001,-0.003,-0.003,4038.54,40385.322
159901.SZ,20170512,3.986,3.985,4.0,3.966,3.998,0.012,0.3011,57805.45,23015.762
159902.SZ,20170512,3.073,3.061,3.072,3.045,3.067,-0.006,-0.1952,88009.0,26933.491
159903.SZ,20170512,1.049,1.044,1.049,1.043,1.048,-0.001,-0.0953,4668.36,488.876
159905.SZ,20170512,1.273,1.268,1.279,1.266,1.278,0.005,0.3928,1484.0,188.869
159906.SZ,20170512,0.887,0.883,0.887,0.883,0.883,-0.004,-0.451,53.0,4.685
159907.SZ,20170512,1.358,1.359,1.362,1.35,1.358,0.0,0.0,15174.0,2058.175
159908.SZ,20170512,1.238,1.23,1.311,1.18,1.225,-0.013,-1.0501,446.0,53.835
159909.SZ,20170512,4.561,4.598,4.598,4.511,4.598,0.037,0.8112,11.0,4.984
159910.SZ,20170512,1.386,1.39,1.408,1.387,1.408,0.022,1.5873,82.0,11.524
159911.SZ,20170512,3.908,3.947,3.947,3.928,3.928,0.02,0.5118,37.0,14.546
159912.SZ,20170512,1.228,1.226,1.255,1.222,1.239,0.011,0.8958,478.0,59.186
159913.SZ,20170512,1.638,1.479,1.633,1.479,1.596,-0.042,-2.5641,122.0,18.465
159915.SZ,20170512,1.696,1.692,1.7,1.677,1.698,0.002,0.1179,1636129.81,276100.462
159916.SZ,20170512,2.832,2.83,2.859,2.742,2.859,0.027,0.9534,39.0,11.015
159919.SZ,20170512,3.616,3.616,3.646,3.607,3.643,0.027,0.7467,57499.79,20872.419
159920.SZ,20170512,1.379,1.379,1.382,1.376,1.38,0.001,0.0725,98410.5,13583.963
159921.SZ,20170512,1.462,1.498,1.498,1.45,1.489,0.027,1.8468,88.0,13.019
159922.SZ,20170512,6.04,6.149,6.149,6.006,6.006,-0.034,-0.5629,242.0,146.251
159923.SZ,20170512,1.31,1.319,1.319,1.309,1.317,0.007,0.5344,242.02,31.714
159924.SZ,20170512,1.328,1.374,1.375,1.355,1.355,0.027,2.0331,971.0,133.413
159925.SZ,20170512,1.372,1.372,1.386,1.372,1.384,0.012,0.8746,2705.93,373.394
159927.SZ,20170512,3.329,3.3,3.3,3.3,3.3,-0.029,-0.8711,110.0,36.3
159928.SZ,20170512,1.574,1.58,1.6,1.576,1.595,0.021,1.3342,656.0,104.018
159929.SZ,20170512,1.399,1.398,1.399,1.391,1.397,-0.002,-0.143,19209.25,2678.801
159930.SZ,20170512,0.798,0.782,0.812,0.772,0.799,0.001,0.1253,270.0,21.455
159931.SZ,20170512,1.414,1.415,1.44,1.415,1.44,0.026,1.8388,1419.37,203.075
159932.SZ,20170512,1.673,1.686,1.686,1.686,1.686,0.013,0.777,1.0,0.168
159933.SZ,20170512,1.565,1.683,1.683,1.505,1.579,0.014,0.8946,658.0,100.067
159934.SZ,20170512,2.726,2.73,2.737,2.727,2.735,0.009,0.3302,133630.0,36516.189
159935.SZ,20170512,1.566,1.564,1.584,1.522,1.584,0.018,1.1494,28.0,4.305
159936.SZ,20170512,1.54,1.51,1.51,1.502,1.502,-0.038,-2.4675,548.0,82.317
159937.SZ,20170512,2.742,2.742,2.753,2.742,2.752,0.01,0.3647,109127.0,30012.899
159938.SZ,20170512,1.239,1.238,1.244,1.231,1.242,0.003,0.2421,13865.0,1719.032
159939.SZ,20170512,1.036,1.035,1.035,1.024,1.029,-0.007,-0.6757,4657.0,478.775
159940.SZ,20170512,0.785,0.786,0.802,0.786,0.8,0.015,1.9108,4345.11,345.087
159941.SZ,20170512,1.32,1.319,1.319,1.303,1.315,-0.005,-0.3788,1043.0,136.776
159942.SZ,20170512,1.72,1.709,1.718,1.709,1.718,-0.002,-0.1163,16.0,2.735
159943.SZ,20170512,10.32,10.13,10.25,10.13,10.174,-0.146,-1.4147,103.18,105.015
159944.SZ,20170512,0.81,0.811,0.811,0.793,0.81,0.0,0.0,429.0,34.505
159945.SZ,20170512,0.684,0.656,0.668,0.656,0.668,-0.016,-2.3392,11291.0,754.076
159946.SZ,20170512,0.988,0.987,0.987,0.96,0.978,-0.01,-1.0121,246.0,23.704
159948.SZ,20170512,1.834,1.832,1.842,1.82,1.842,0.008,0.4362,27180.0,4970.672
159949.SZ,20170512,0.714,0.716,0.716,0.708,0.715,0.001,0.1401,18747.65,1335.165
159950.SZ,20170512,0.987,0.982,0.987,0.976,0.987,0.0,0.0,14631.65,1431.291
160105.SZ,20170512,0.978,0.981,0.982,0.981,0.982,0.004,0.409,6.0,0.589
160106.SZ,20170512,1.21,1.213,1.223,1.213,1.223,0.013,1.0744,523.0,63.546
160119.SZ,20170512,1.477,1.467,1.468,1.456,1.459,-0.018,-1.2187,4904.65,716.339
160125.SZ,20170512,0.859,0.855,0.861,0.855,0.861,0.002,0.2328,3286.0,282.458
160128.SZ,20170512,0.961,0.962,0.962,0.96,0.96,-0.001,-0.1041,3440.0,330.412
160130.SZ,20170512,0.934,0.934,0.934,0.934,0.934,0.0,0.0,463.0,43.244
160133.SZ,20170512,1.87,1.871,1.88,1.871,1.88,0.01,0.5348,1395.22,262.071
160211.SZ,20170512,3.071,3.08,3.085,3.039,3.085,0.014,0.4559,3078.09,944.803
160212.SZ,20170512,2.53,2.525,2.536,2.512,2.533,0.003,0.1186,20053.55,5066.883
160215.SZ,20170512,1.524,1.521,1.521,1.506,1.513,-0.011,-0.7218,2171.0,327.704
160216.SZ,20170512,0.405,0.405,0.407,0.404,0.407,0.002,0.4938,120423.0,4880.864
160220.SZ,20170512,1.269,1.27,1.272,1.27,1.272,0.003,0.2364,1015.0,128.98
160223.SZ,20170512,0.835,0.836,0.848,0.835,0.848,0.013,1.5569,379.72,31.933
160225.SZ,20170512,0.921,0.931,0.931,0.907,0.912,-0.009,-0.9772,325.49,29.573
160311.SZ,20170512,1.327,1.327,1.356,1.327,1.331,0.004,0.3014,235.0,31.369
160314.SZ,20170512,1.017,1.017,1.031,1.017,1.031,0.014,1.3766,299.33,30.486
160323.SZ,20170512,0.924,0.923,0.924,0.923,0.924,0.0,0.0,203.0,18.755
160415.SZ,20170512,1.154,1.159,1.225,1.159,1.167,0.013,1.1265,832.0,99.658
160416.SZ,20170512,0.946,0.947,0.95,0.945,0.948,0.002,0.2114,7450.0,705.941
160421.SZ,20170512,0.821,0.816,0.821,0.816,0.818,-0.003,-0.3654,6079.36,497.711
160505.SZ,20170512,1.655,1.652,1.663,1.65,1.663,0.008,0.4834,12951.09,2150.394
160512.SZ,20170512,2.219,2.219,2.24,2.21,2.237,0.018,0.8112,1115.0,247.801
160515.SZ,20170512,0.978,0.976,0.979,0.975,0.978,0.0,0.0,12278.0,1197.792
160518.SZ,20170512,0.895,0.891,0.896,0.86,0.888,-0.007,-0.7821,53718.26,4716.211
160519.SZ,20170512,0.919,0.92,0.92,0.902,0.919,0.0,0.0,564.0,50.947
160520.SZ,20170512,0.95,0.95,0.95,0.95,0.95,0.0,0.0,62.34,5.922
160607.SZ,20170512,0.695,0.695,0.699,0.692,0.699,0.004,0.5755,776.0,53.943
160610.SZ,20170512,1.034,1.014,1.037,1.012,1.036,0.002,0.1934,99.64,10.282
160611.SZ,20170512,0.828,0.802,0.83,0.802,0.83,0.002,0.2415,27.28,2.246
160616.SZ,20170512,1.249,1.245,1.246,1.245,1.246,-0.003,-0.2402,3.0,0.373
160622.SZ,20170512,0.989,0.983,0.983,0.981,0.982,-0.007,-0.7078,4.0,0.392
160635.SZ,20170512,0.971,0.971,0.972,0.971,0.971,0.0,0.0,4.0,0.388
160642.SZ,20170512,0.903,0.903,0.903,0.903,0.903,0.0,0.0,171.01,15.442
160706.SZ,20170512,0.953,0.952,0.961,0.952,0.96,0.007,0.7345,22517.01,2156.269
160716.SZ,20170512,1.267,1.272,1.285,1.268,1.282,0.015,1.1839,1708.05,218.325
160717.SZ,20170512,0.766,0.762,0.766,0.762,0.764,-0.002,-0.2611,6852.1,523.157
160719.SZ,20170512,0.707,0.708,0.712,0.707,0.711,0.004,0.5658,6913.0,490.263
160720.SZ,20170512,1.1,1.086,1.086,1.084,1.084,-0.016,-1.4545,71.07,7.705
160722.SZ,20170512,0.945,0.944,0.949,0.944,0.949,0.004,0.4233,2915.0,275.494
160723.SZ,20170512,0.994,0.994,0.995,0.994,0.994,0.0,0.0,13329.92,1325.007
160805.SZ,20170512,0.806,0.805,0.805,0.805,0.805,-0.001,-0.1241,5.0,0.402
160806.SZ,20170512,1.22,1.216,1.225,1.216,1.224,0.004,0.3279,155.51,19.035
160810.SZ,20170512,1.186,1.185,1.185,1.183,1.185,-0.001,-0.0843,405.0,47.922
160812.SZ,20170512,1.386,1.372,1.399,1.372,1.396,0.01,0.7215,2886.12,400.061
160813.SZ,20170512,0.765,0.763,0.774,0.763,0.773,0.008,1.0458,1166.34,89.593
160910.SZ,20170512,0.975,0.98,0.98,0.977,0.98,0.005,0.5128,485.0,47.456
160916.SZ,20170512,2.302,2.304,2.319,2.304,2.317,0.015,0.6516,524.73,121.319
160918.SZ,20170512,1.759,1.75,1.79,1.748,1.76,0.001,0.0569,1135.84,199.14
160919.SZ,20170512,1.128,1.128,1.136,1.128,1.135,0.007,0.6206,376.0,42.611
160922.SZ,20170512,1.033,1.022,1.027,1.022,1.027,-0.006,-0.5808,3164.91,323.818
161005.SZ,20170512,1.726,1.723,1.74,1.721,1.74,0.014,0.8111,357.0,61.901
161010.SZ,20170512,1.029,1.028,1.029,1.026,1.029,0.0,0.0,3485.0,357.897
161015.SZ,20170512,0.912,0.911,0.911,0.91,0.91,-0.002,-0.2193,20000.0,1820.0
161017.SZ,20170512,1.993,1.989,2.021,1.989,2.02,0.027,1.3547,118.0,23.829
161019.SZ,20170512,0.96,0.957,0.962,0.957,0.958,-0.002,-0.2083,1586.0,152.123
161033.SZ,20170512,0.946,0.946,0.984,0.942,0.95,0.004,0.4228,25.0,2.396
161035.SZ,20170512,0.878,0.88,0.883,0.878,0.882,0.004,0.4556,798.0,70.224
161036.SZ,20170512,0.927,0.924,0.93,0.92,0.928,0.001,0.1079,951.06,87.853
161037.SZ,20170512,0.993,0.993,0.994,0.993,0.994,0.001,0.1007,18736.97,1861.438
161115.SZ,20170512,1.742,1.744,1.744,1.744,1.744,0.002,0.1148,57.0,9.94
161116.SZ,20170512,0.724,0.724,0.728,0.724,0.727,0.003,0.4144,4951.0,359.691
161117.SZ,20170512,1.015,1.001,1.018,0.986,1.018,0.003,0.2956,1230.0,121.306
161124.SZ,20170512,1.04,1.04,1.04,1.034,1.038,-0.002,-0.1923,1176.0,121.79
161125.SZ,20170512,1.049,1.044,1.048,1.037,1.043,-0.006,-0.572,11791.0,1229.158
161126.SZ,20170512,1.095,1.094,1.102,1.088,1.092,-0.003,-0.274,1716.0,186.987
161127.SZ,20170512,1.081,1.082,1.082,1.07,1.076,-0.005,-0.4625,2624.3,281.607
161128.SZ,20170512,1.123,1.119,1.119,1.104,1.114,-0.009,-0.8014,1939.0,215.082
161129.SZ,20170512,0.91,0.909,0.909,0.905,0.909,-0.001,-0.1099,3379.3,306.418
161210.SZ,20170512,0.973,0.969,0.973,0.969,0.972,-0.001,-0.1028,223.0,21.672
161217.SZ,20170512,0.613,0.619,0.624,0.616,0.624,0.011,1.7945,208.88,12.893
161219.SZ,20170512,1.273,1.268,1.275,1.222,1.275,0.002,0.1571,330.0,41.106
161222.SZ,20170512,1.04,1.04,1.052,1.038,1.048,0.008,0.7692,483.32,50.342
161224.SZ,20170512,1.03,1.02,1.066,1.02,1.046,0.016,1.5534,296.72,30.606
161225.SZ,20170512,1.054,1.063,1.069,1.061,1.066,0.012,1.1385,564.27,59.97
161226.SZ,20170512,0.923,0.926,0.931,0.923,0.929,0.006,0.6501,68428.42,6353.957
161227.SZ,20170512,0.865,0.861,0.867,0.861,0.867,0.002,0.2312,5028.73,434.158
161229.SZ,20170512,1.3,1.304,1.309,1.304,1.304,0.004,0.3077,593.0,77.488
1612301.SZ,20170512,0.99,0.984,0.984,0.956,0.957,-0.033,-3.3333,125.0,11.972
161232.SZ,20170512,0.806,0.8,0.806,0.799,0.801,-0.005,-0.6203,34564.1,2768.971
161233.SZ,20170512,0.935,0.936,0.936,0.936,0.936,0.001,0.107,4.0,0.374
161607.SZ,20170512,1.033,1.034,1.051,1.034,1.05,0.017,1.6457,57.0,5.916
161610.SZ,20170512,0.84,0.848,0.848,0.837,0.845,0.005,0.5952,980.47,82.637
161614.SZ,20170512,1.035,1.039,1.039,1.039,1.039,0.004,0.3865,1.0,0.103
161626.SZ,20170512,0.994,0.997,0.997,0.997,0.997,0.003,0.3018,8.0,0.797
161630.SZ,20170512,0.875,0.875,0.875,0.875,0.875,0.0,0.0,1.0,0.087
161631.SZ,20170512,0.981,0.981,0.984,0.971,0.978,-0.003,-0.3058,1327.08,129.825
161706.SZ,20170512,1.33,1.329,1.336,1.323,1.333,0.003,0.2256,2643.0,351.174
161713.SZ,20170512,0.994,0.995,0.995,0.994,0.994,0.0,0.0,107.0,10.64
161714.SZ,20170512,0.884,0.885,0.899,0.883,0.893,0.009,1.0181,4982.0,443.849
161722.SZ,20170512,1.089,1.089,1.095,1.088,1.093,0.004,0.3673,54.0,5.904
161810.SZ,20170512,1.515,1.52,1.526,1.52,1.526,0.011,0.7261,128.11,19.475
161815.SZ,20170512,0.45,0.449,0.453,0.448,0.452,0.002,0.4444,2807.0,126.431
161820.SZ,20170512,1.05,1.049,1.049,1.044,1.047,-0.003,-0.2857,289.0,30.187
161831.SZ,20170512,0.943,0.937,0.945,0.937,0.942,-0.001,-0.106,2894.13,272.874
161834.SZ,20170512,0.853,0.857,0.859,0.852,0.855,0.002,0.2345,2984.83,254.731
161903.SZ,20170512,0.825,0.827,0.837,0.827,0.831,0.006,0.7273,65.79,5.462
161907.SZ,20170512,1.447,1.461,1.466,1.461,1.463,0.016,1.1057,12.0,1.754
161911.SZ,20170512,0.954,0.953,0.955,0.951,0.951,-0.003,-0.3145,10408.0,991.777
162006.SZ,20170512,1.097,1.088,1.096,1.088,1.096,-0.001,-0.0912,259.32,28.322
162108.SZ,20170512,1.069,1.067,1.068,1.067,1.067,-0.002,-0.1871,68384.98,7296.677
162207.SZ,20170512,1.129,1.133,1.147,1.133,1.134,0.005,0.4429,31.0,3.547
162215.SZ,20170512,1.002,1.001,1.001,1.001,1.001,-0.001,-0.0998,2000.0,200.2
162307.SZ,20170512,1.042,1.048,1.048,1.048,1.048,0.006,0.5758,1.0,0.104
162411.SZ,20170512,0.609,0.608,0.609,0.607,0.608,-0.001,-0.1642,406799.56,24732.794
162414.SZ,20170512,1.085,1.086,1.086,1.086,1.086,0.001,0.0922,1.0,0.108
162415.SZ,20170512,1.224,1.222,1.222,1.208,1.216,-0.008,-0.6536,1024.0,124.518
162510.SZ,20170512,1.009,1.006,1.019,0.992,0.997,-0.012,-1.1893,1301.0,130.905
162605.SZ,20170512,0.983,0.981,0.99,0.975,0.99,0.007,0.7121,268.03,26.262
162607.SZ,20170512,0.483,0.477,0.478,0.47,0.478,-0.005,-1.0352,4128.35,195.675
162703.SZ,20170512,1.175,1.175,1.184,1.172,1.174,-0.001,-0.0851,1356.0,159.271
162711.SZ,20170512,1.254,1.258,1.258,1.251,1.253,-0.001,-0.0797,181.0,22.684
162712.SZ,20170512,1.389,1.389,1.39,1.389,1.39,0.001,0.072,619.0,85.988
162715.SZ,20170512,1.08,1.082,1.089,1.082,1.089,0.009,0.8333,1014.0,110.067
162717.SZ,20170512,0.911,0.913,0.93,0.913,0.93,0.019,2.0856,101.0,9.223
162718.SZ,20170512,0.891,0.891,0.892,0.891,0.892,0.001,0.1122,500.0,44.551
162719.SZ,20170512,0.971,0.97,0.97,0.969,0.97,-0.001,-0.103,2826.05,274.024
163001.SZ,20170512,0.912,0.894,0.908,0.884,0.908,-0.004,-0.4386,22.0,1.959
163003.SZ,20170512,0.81,0.809,0.809,0.809,0.809,-0.001,-0.1235,15.0,1.213
163005.SZ,20170512,0.817,0.807,0.807,0.807,0.807,-0.01,-1.224,5.0,0.403
163110.SZ,20170512,2.474,2.474,2.474,2.448,2.467,-0.007,-0.2829,7532.97,1852.821
163119.SZ,20170512,0.837,0.846,0.865,0.839,0.842,0.005,0.5974,736.0,62.038
163208.SZ,20170512,0.888,0.892,0.893,0.883,0.888,0.0,0.0,2077.75,184.152
163210.SZ,20170512,0.999,0.997,1.002,0.996,0.999,0.0,0.0,4807.64,479.829
163302.SZ,20170512,1.268,1.264,1.271,1.264,1.271,0.003,0.2366,115.0,14.606
163402.SZ,20170512,0.988,0.987,0.987,0.982,0.987,-0.001,-0.1012,18719.67,1843.755
163407.SZ,20170512,1.462,1.461,1.462,1.461,1.462,0.0,0.0,47.0,6.869
163409.SZ,20170512,1.44,1.44,1.44,1.43,1.433,-0.007,-0.4861,859.0,123.003
163412.SZ,20170512,2.384,2.399,2.399,2.37,2.395,0.011,0.4614,4205.0,1004.484
163415.SZ,20170512,1.276,1.272,1.277,1.268,1.274,-0.002,-0.1567,714.0,90.993
163503.SZ,20170512,0.444,0.441,0.441,0.438,0.441,-0.003,-0.6757,4892.37,215.069
163801.SZ,20170512,1.125,1.127,1.142,1.126,1.136,0.011,0.9778,415.35,47.075
163819.SZ,20170512,1.071,1.071,1.073,1.071,1.073,0.002,0.1867,203.0,21.741
163821.SZ,20170512,1.388,1.387,1.387,1.38,1.38,-0.008,-0.5764,15.0,2.07
164206.SZ,20170512,1.036,1.035,1.036,1.035,1.036,0.0,0.0,1100.0,113.95
164210.SZ,20170512,0.983,0.984,0.984,0.982,0.982,-0.001,-0.1017,52.78,5.184
164302.SZ,20170512,1.006,1.006,1.006,1.005,1.005,-0.001,-0.0994,474.48,47.686
164403.SZ,20170512,0.894,0.898,0.898,0.896,0.896,0.002,0.2237,12.0,1.075
164701.SZ,20170512,0.605,0.605,0.61,0.605,0.61,0.005,0.8264,12922.32,784.917
164705.SZ,20170512,1.094,1.094,1.094,1.09,1.093,-0.001,-0.0914,1498.81,163.861
164808.SZ,20170512,0.977,0.973,0.975,0.972,0.972,-0.005,-0.5118,1179.38,114.684
164810.SZ,20170512,0.947,0.948,0.957,0.947,0.957,0.01,1.056,1567.0,148.49
164815.SZ,20170512,0.78,0.78,0.784,0.78,0.784,0.004,0.5128,1554.63,121.313
164902.SZ,20170512,1.352,1.356,1.356,1.356,1.356,0.004,0.2959,1.0,0.135
164906.SZ,20170512,1.235,1.236,1.248,1.226,1.236,0.001,0.081,9585.63,1179.896
165309.SZ,20170512,1.017,1.017,1.02,1.017,1.018,0.001,0.0983,8.0,0.814
165313.SZ,20170512,1.387,1.388,1.399,1.382,1.393,0.006,0.4326,3560.41,495.168
165508.SZ,20170512,1.67,1.663,1.67,1.64,1.67,0.0,0.0,19.0,3.138
165509.SZ,20170512,1.094,1.091,1.091,1.087,1.087,-0.007,-0.6399,200.0,21.745
165510.SZ,20170512,0.753,0.756,0.756,0.755,0.756,0.003,0.3984,250.0,18.89
165512.SZ,20170512,2.197,2.169,2.276,2.137,2.156,-0.041,-1.8662,948.0,212.223
165513.SZ,20170512,0.438,0.437,0.441,0.437,0.44,0.002,0.4566,1968.0,86.566
165516.SZ,20170512,2.313,2.309,2.309,2.309,2.309,-0.004,-0.1729,126.0,29.093
165525.SZ,20170512,1.191,1.19,1.2,1.185,1.188,-0.003,-0.2519,9488.01,1128.05
165528.SZ,20170512,0.961,0.953,0.966,0.95,0.955,-0.006,-0.6243,4485.0,427.316
166001.SZ,20170512,1.046,1.046,1.055,1.046,1.055,0.009,0.8604,32.0,3.348
166006.SZ,20170512,1.054,1.058,1.066,1.058,1.066,0.012,1.1385,518.0,54.94
166009.SZ,20170512,1.95,1.956,1.959,1.956,1.959,0.009,0.4615,9.0,1.76
166011.SZ,20170512,1.153,1.162,1.162,1.161,1.161,0.008,0.6938,11.0,1.277
166401.SZ,20170512,1.03,1.028,1.03,0.936,1.03,0.0,0.0,4873.66,456.693
166904.SZ,20170512,1.06,1.06,1.06,1.06,1.06,0.0,0.0,901.0,95.506
167001.SZ,20170512,0.823,0.818,0.818,0.806,0.812,-0.011,-1.3366,45911.29,3724.902
167002.SZ,20170512,0.95,0.939,0.955,0.939,0.955,0.005,0.5263,2.0,0.189
168101.SZ,20170512,0.981,0.993,0.993,0.97,0.98,-0.001,-0.1019,5139.0,500.972
168102.SZ,20170512,0.813,0.813,0.813,0.8,0.809,-0.004,-0.492,11891.07,960.426
168103.SZ,20170512,0.773,0.773,0.773,0.767,0.77,-0.003,-0.3881,50599.96,3893.268
168104.SZ,20170512,0.944,0.943,0.943,0.94,0.942,-0.002,-0.2119,51.0,4.798
168105.SZ,20170512,0.795,0.8,0.8,0.782,0.79,-0.005,-0.6289,1684.25,132.791
168301.SZ,20170512,0.895,0.893,0.897,0.893,0.893,-0.002,-0.2235,12078.58,1081.057
169101.SZ,20170512,1.384,1.388,1.388,1.372,1.379,-0.005,-0.3613,4000.0,551.477
169102.SZ,20170512,1.279,1.284,1.292,1.275,1.287,0.008,0.6255,3157.09,404.535
169103.SZ,20170512,1.164,1.162,1.162,1.16,1.162,-0.002,-0.1718,160.81,18.679
169105.SZ,20170512,1.174,1.179,1.187,1.174,1.187,0.013,1.1073,121233.08,14311.456
169201.SZ,20170512,0.89,0.885,0.894,0.88,0.893,0.003,0.3371,2443.7,215.468
184722.SZ,20170512,0.94,0.94,0.946,0.937,0.943,0.003,0.3191,140836.0,13247.234
184801.SZ,20170512,99.999,99.85,99.999,99.6,99.99,-0.009,-0.009,47.0,469.189
500058.SH,20170512,0.945,0.944,0.952,0.943,0.949,0.004,0.4233,166814.0,15798.757
501001.SH,20170512,1.009,1.009,1.014,1.003,1.01,0.001,0.0991,14791.75,1491.664
501002.SH,20170512,0.934,0.936,0.939,0.936,0.939,0.005,0.5353,2.0,0.188
501003.SH,20170512,1.332,1.199,1.46,1.199,1.232,-0.1,-7.5075,10887.81,1389.517
501005.SH,20170512,0.918,0.918,0.942,0.911,0.931,0.013,1.4161,7214.01,666.053
501007.SH,20170512,0.887,0.887,0.887,0.887,0.887,0.0,0.0,1.0,0.089
501008.SH,20170512,0.913,0.913,0.913,0.884,0.903,-0.01,-1.0953,23.0,2.066
501009.SH,20170512,0.997,0.982,0.996,0.982,0.986,-0.011,-1.1033,9.0,0.888
501010.SH,20170512,1.016,1.018,1.018,1.018,1.018,0.002,0.1969,1.0,0.102
501011.SH,20170512,1.011,0.993,1.005,0.993,1.005,-0.006,-0.5935,460.0,46.167
501012.SH,20170512,1.008,1.005,1.005,1.0,1.0,-0.008,-0.7937,291.0,29.125
501015.SH,20170512,0.916,0.915,0.915,0.907,0.912,-0.004,-0.4367,67942.11,6185.27
501017.SH,20170512,0.889,0.88,0.899,0.87,0.888,-0.001,-0.1125,30637.96,2697.435
501018.SH,20170512,0.908,0.91,0.91,0.907,0.91,0.002,0.2203,73276.73,6650.936
501019.SH,20170512,0.831,0.832,0.839,0.825,0.83,-0.001,-0.1203,7557.98,626.087
501020.SH,20170512,0.964,0.964,0.979,0.961,0.97,0.006,0.6224,206.23,19.886
501021.SH,20170512,1.19,1.187,1.19,1.184,1.187,-0.003,-0.2521,100530.0,11943.47
501022.SH,20170512,0.925,0.925,0.94,0.914,0.928,0.003,0.3243,22263.68,2052.93
501023.SH,20170512,1.064,1.061,1.065,1.061,1.062,-0.002,-0.188,7753.51,823.926
501025.SH,20170512,1.064,1.063,1.067,1.061,1.064,0.0,0.0,919.56,98.053
501026.SH,20170512,0.899,0.885,0.885,0.87,0.885,-0.014,-1.5573,19901.92,1753.544
501028.SH,20170512,0.903,0.906,0.906,0.899,0.902,-0.001,-0.1107,2396.0,216.06
501029.SH,20170512,0.98,0.98,0.989,0.979,0.988,0.008,0.8163,84124.54,8277.907
501030.SH,20170512,0.998,0.998,1.019,0.988,1.016,0.018,1.8036,549.0,54.832
501031.SH,20170512,0.99,1.03,1.03,0.974,1.004,0.014,1.4141,909.0,90.675
501032.SH,20170512,0.901,0.902,0.979,0.902,0.91,0.009,0.9989,1050.0,95.091
501050.SH,20170512,1.013,1.013,1.02,1.009,1.015,0.002,0.1974,5043.6,511.32
501300.SH,20170512,1.008,1.007,1.009,1.007,1.009,0.001,0.0992,157.0,15.816
501301.SH,20170512,0.998,0.995,1.0,0.995,0.999,0.001,0.1002,74355.76,7426.258
502000.SH,20170512,0.966,0.952,0.969,0.934,0.969,0.003,0.3106,813.25,75.964
502002.SH,20170512,0.88,0.962,0.962,0.794,0.862,-0.018,-2.0455,235.44,18.757
502003.SH,20170512,0.951,0.951,0.951,0.94,0.945,-0.006,-0.6309,10328.13,975.184
502004.SH,20170512,1.034,1.03,1.038,1.03,1.037,0.003,0.2901,78429.49,8123.958
502005.SH,20170512,0.87,0.87,0.87,0.84,0.852,-0.018,-2.069,43889.6,3740.678
502006.SH,20170512,0.975,0.971,0.98,0.966,0.978,0.003,0.3077,3788.04,369.483
502007.SH,20170512,1.112,1.091,1.223,1.091,1.123,0.011,0.9892,10404.47,1158.316
502008.SH,20170512,0.844,0.826,0.845,0.826,0.83,-0.014,-1.6588,12556.99,1051.454
502010.SH,20170512,1.062,1.07,1.074,1.069,1.071,0.009,0.8475,719.8,77.125
502011.SH,20170512,1.037,1.031,1.039,1.031,1.036,-0.001,-0.0964,35023.59,3619.129
502012.SH,20170512,1.088,1.081,1.119,1.081,1.113,0.025,2.2978,12383.04,1373.721
502013.SH,20170512,0.807,0.808,0.817,0.801,0.806,-0.001,-0.1239,138232.77,11184.418
502014.SH,20170512,1.035,1.035,1.036,1.033,1.035,0.0,0.0,58726.76,6077.884
502015.SH,20170512,0.582,0.582,0.597,0.568,0.577,-0.005,-0.8591,119937.68,7003.355
502016.SH,20170512,1.066,1.066,1.076,1.066,1.076,0.01,0.9381,3.0,0.321
502017.SH,20170512,1.017,1.005,1.015,1.005,1.015,-0.002,-0.1967,600.0,60.755
502020.SH,20170512,1.16,1.187,1.193,1.184,1.193,0.033,2.8448,119.96,14.269
502021.SH,20170512,1.035,1.033,1.034,1.033,1.033,-0.002,-0.1932,154.0,15.913
502022.SH,20170512,1.299,1.301,1.301,1.301,1.301,0.002,0.154,1.31,0.17
502023.SH,20170512,0.863,0.894,0.894,0.894,0.894,0.031,3.5921,40.0,3.576
502024.SH,20170512,1.079,1.051,1.051,1.04,1.04,-0.039,-3.6145,1382.0,143.858
502026.SH,20170512,0.766,0.79,0.822,0.79,0.819,0.053,6.9191,1349.56,110.207
502027.SH,20170512,1.047,1.028,1.029,1.028,1.029,-0.018,-1.7192,893.0,91.827
502028.SH,20170512,0.567,0.539,0.577,0.517,0.57,0.003,0.5291,579.87,30.51
502031.SH,20170512,1.036,1.037,1.042,1.037,1.042,0.006,0.5792,360.05,37.465
502036.SH,20170512,0.924,0.924,0.957,0.924,0.924,0.0,0.0,526.35,48.707
502037.SH,20170512,1.05,1.043,1.043,1.043,1.043,-0.007,-0.6667,0.3,0.031
502038.SH,20170512,0.78,0.844,0.844,0.783,0.786,0.006,0.7692,32.5,2.613
502040.SH,20170512,0.935,0.954,0.954,0.954,0.954,0.019,2.0321,9.0,0.859
502041.SH,20170512,1.021,1.056,1.056,1.056,1.056,0.035,3.428,113.0,11.933
502042.SH,20170512,0.82,0.809,0.84,0.809,0.83,0.01,1.2195,1183.9,99.13
502048.SH,20170512,1.139,1.138,1.155,1.138,1.155,0.016,1.4047,10039.44,1156.591
502049.SH,20170512,1.061,1.063,1.089,1.063,1.073,0.012,1.131,4624.89,495.218
502050.SH,20170512,1.217,1.216,1.238,1.214,1.234,0.017,1.3969,23255.17,2859.637
502053.SH,20170512,0.9,0.902,0.919,0.902,0.906,0.006,0.6667,16087.0,1457.61
502054.SH,20170512,1.083,1.08,1.092,1.07,1.085,0.002,0.1847,75743.0,8135.34
502055.SH,20170512,0.709,0.714,0.742,0.713,0.736,0.027,3.8082,35589.0,2612.084
502056.SH,20170512,0.95,0.962,0.962,0.945,0.953,0.003,0.3158,524.65,49.71
502057.SH,20170512,1.052,1.053,1.055,1.053,1.054,0.002,0.1901,468.0,49.325
502058.SH,20170512,0.888,0.892,0.892,0.811,0.814,-0.074,-8.3333,426.0,34.767
505888.SH,20170512,1.183,1.179,1.18,1.168,1.174,-0.009,-0.7608,618138.1,72417.024
510010.SH,20170512,0.976,0.973,0.986,0.973,0.986,0.01,1.0246,763.0,75.108
510020.SH,20170512,2.359,2.331,2.396,2.331,2.396,0.037,1.5685,633.6,148.504
510030.SH,20170512,4.076,4.1,4.177,4.1,4.15,0.074,1.8155,48.0,19.927
510050.SH,20170512,2.334,2.331,2.37,2.331,2.37,0.036,1.5424,5479669.83,1292245.511
510060.SH,20170512,1.614,1.611,1.634,1.611,1.632,0.018,1.1152,2807.0,456.583
510070.SH,20170512,1.543,1.572,1.572,1.572,1.572,0.029,1.8795,1.0,0.157
510090.SH,20170512,1.34,1.309,1.339,1.309,1.314,-0.026,-1.9403,106.0,13.948
510110.SH,20170512,3.057,2.988,3.048,2.988,3.048,-0.009,-0.2944,48.0,14.348
510130.SH,20170512,3.496,3.536,3.562,3.533,3.545,0.049,1.4016,256.94,91.179
510150.SH,20170512,3.97,3.96,3.99,3.96,3.99,0.02,0.5038,2.0,0.795
510160.SH,20170512,0.549,0.549,0.552,0.547,0.551,0.002,0.3643,37439.0,2056.341
510170.SH,20170512,1.69,1.68,1.72,1.68,1.694,0.004,0.2367,19.2,3.25
510180.SH,20170512,2.982,2.982,3.018,2.978,3.012,0.03,1.006,138294.67,41567.465
510190.SH,20170512,3.214,3.171,3.216,3.171,3.216,0.002,0.0622,97.01,30.815
510210.SH,20170512,3.489,3.418,3.486,3.418,3.483,-0.006,-0.172,38.0,13.225
510230.SH,20170512,5.167,5.162,5.275,5.162,5.274,0.107,2.0708,7645.0,4011.712
510260.SH,20170512,1.088,1.086,1.09,1.086,1.09,0.002,0.1838,202.0,21.938
510270.SH,20170512,0.995,0.99,1.005,0.99,1.005,0.01,1.005,524.0,51.951
510280.SH,20170512,1.37,1.387,1.387,1.387,1.387,0.017,1.2409,4.0,0.555
510290.SH,20170512,1.473,1.469,1.476,1.464,1.469,-0.004,-0.2716,508.0,74.739
510300.SH,20170512,3.353,3.351,3.385,3.347,3.38,0.027,0.8052,1451197.42,488589.563
510310.SH,20170512,1.403,1.404,1.419,1.4,1.416,0.013,0.9266,18243.0,2568.744
510330.SH,20170512,3.579,3.58,3.617,3.578,3.605,0.026,0.7265,20361.0,7322.666
510360.SH,20170512,1.043,1.039,1.049,1.039,1.048,0.005,0.4794,4832.0,504.435
510410.SH,20170512,0.635,0.636,0.64,0.627,0.637,0.002,0.315,589.0,37.288
510420.SH,20170512,1.409,1.404,1.55,1.404,1.55,0.141,10.0071,54.5,7.678
510430.SH,20170512,1.331,1.332,1.332,1.331,1.332,0.001,0.0751,141.0,18.774
510440.SH,20170512,1.69,1.83,1.83,1.68,1.68,-0.01,-0.5917,100.0,17.973
510500.SH,20170512,6.154,6.143,6.154,6.088,6.137,-0.017,-0.2762,271878.0,166619.822
510510.SH,20170512,1.623,1.621,1.628,1.609,1.619,-0.004,-0.2465,30832.0,4990.715
510560.SH,20170512,1.22,1.211,1.211,1.202,1.202,-0.018,-1.4754,4133.61,499.334
510580.SH,20170512,5.738,5.738,5.75,5.722,5.745,0.007,0.122,10.0,5.74
510630.SH,20170512,1.685,1.67,1.673,1.655,1.671,-0.014,-0.8309,1319.0,220.199
510650.SH,20170512,1.46,1.47,1.489,1.47,1.488,0.028,1.9178,729.0,108.19
510660.SH,20170512,1.575,1.579,1.586,1.576,1.586,0.011,0.6984,2143.0,338.597
510680.SH,20170512,1.858,1.858,1.858,1.856,1.857,-0.001,-0.0538,6.0,1.115
510710.SH,20170512,2.355,2.365,2.393,2.365,2.39,0.035,1.4862,2567.91,612.348
510810.SH,20170512,0.937,0.934,0.95,0.934,0.944,0.007,0.7471,105970.57,9993.008
510880.SH,20170512,2.678,2.679,2.706,2.675,2.705,0.027,1.0082,60182.0,16202.786
510900.SH,20170512,1.128,1.123,1.131,1.123,1.127,-0.001,-0.0887,4264228.96,480691.268
511010.SH,20170512,108.944,108.854,109.125,108.694,108.9,-0.044,-0.0404,59283.36,645971.418
511220.SH,20170512,93.0,92.801,92.999,92.502,92.93,-0.07,-0.0753,11.2,103.927
511230.SH,20170512,99.0,99.0,99.0,99.0,99.0,0.0,0.0,2.8,27.72
511600.SH,20170512,99.998,100.001,100.008,100.001,100.006,0.008,0.008,5537.73,55379.903
511650.SH,20170512,99.996,100.0,100.009,99.999,100.006,0.01,0.01,14131.91,141322.175
511660.SH,20170512,100.002,100.005,100.018,100.004,100.013,0.011,0.011,134882.36,1348931.163
511680.SH,20170512,99.999,100.003,100.003,100.0,100.002,0.003,0.003,2929.0,29290.218
511690.SH,20170512,99.997,100.001,100.005,99.999,100.0,0.003,0.003,116107.15,1161105.438
511700.SH,20170512,100.0,100.005,100.005,100.0,100.004,0.004,0.004,128.04,1280.459
511770.SH,20170512,99.996,100.001,100.01,99.998,100.004,0.008,0.008,1788.62,17886.622
511800.SH,20170512,99.998,100.001,100.005,100.001,100.004,0.006,0.006,26030.17,260312.26
511810.SH,20170512,99.998,100.006,100.02,100.003,100.017,0.019,0.019,240721.2,2407420.649
511820.SH,20170512,100.0,100.0,100.009,99.998,100.006,0.006,0.006,34530.41,345313.235
511830.SH,20170512,99.999,100.002,100.016,100.0,100.013,0.014,0.014,5388.92,53893.327
511850.SH,20170512,100.012,100.02,100.022,100.016,100.021,0.009,0.009,5171.42,51724.258
511860.SH,20170512,100.002,100.002,100.01,100.002,100.004,0.002,0.002,7907.29,79076.224
511880.SH,20170512,101.244,101.261,101.272,101.255,101.268,0.024,0.0237,949553.27,9615518.81
511890.SH,20170512,99.993,100.0,100.0,99.995,100.0,0.007,0.007,133.61,1336.083
511900.SH,20170512,99.999,100.001,100.009,100.001,100.008,0.009,0.009,31850.43,318517.673
511910.SH,20170512,99.999,100.001,100.003,100.001,100.003,0.004,0.004,7081.0,70811.4
511920.SH,20170512,99.995,99.993,100.003,99.993,100.003,0.008,0.008,94.06,940.617
511930.SH,20170512,99.998,99.998,100.013,99.998,100.013,0.015,0.015,2098.28,20983.217
511950.SH,20170512,99.987,99.996,100.08,99.996,100.0,0.013,0.013,2.1,21.008
511960.SH,20170512,99.999,100.002,100.012,100.0,100.01,0.011,0.011,1056.94,10569.966
511970.SH,20170512,99.998,99.999,100.004,99.999,100.003,0.005,0.005,3802.05,38021.209
511980.SH,20170512,99.994,100.0,100.008,100.0,100.008,0.014,0.014,27438.18,274390.418
511990.SH,20170512,100.014,100.019,100.029,100.018,100.026,0.012,0.012,1046307.93,10465519.379
512000.SH,20170512,0.9,0.9,0.916,0.897,0.909,0.009,1.0,39573.0,3599.635
512010.SH,20170512,1.41,1.419,1.419,1.407,1.415,0.005,0.3546,499.0,70.578
512070.SH,20170512,1.641,1.642,1.677,1.642,1.663,0.022,1.3406,5654.01,940.165
512100.SH,20170512,0.84,0.841,0.843,0.833,0.84,0.0,0.0,5257.0,441.053
512120.SH,20170512,1.378,1.448,1.448,1.428,1.428,0.05,3.6284,11.0,1.578
512210.SH,20170512,1.529,1.476,1.52,1.427,1.519,-0.01,-0.654,30.0,4.384
512220.SH,20170512,1.291,1.29,1.29,1.29,1.29,-0.001,-0.0775,62.0,7.998
512230.SH,20170512,1.31,1.31,1.31,1.263,1.276,-0.034,-2.5954,21.0,2.681
512300.SH,20170512,1.152,1.147,1.15,1.145,1.149,-0.003,-0.2604,596.0,68.494
512310.SH,20170512,0.664,0.662,0.667,0.658,0.665,0.001,0.1506,2068.0,137.293
512330.SH,20170512,0.765,0.764,0.764,0.759,0.759,-0.006,-0.7843,674.0,51.282
512340.SH,20170512,0.776,0.773,0.777,0.771,0.773,-0.003,-0.3866,13121.0,1016.527
512500.SH,20170512,2.89,2.996,2.996,2.858,2.87,-0.02,-0.692,1736.0,501.361
512510.SH,20170512,1.194,1.194,1.199,1.186,1.192,-0.002,-0.1675,10840.0,1293.574
512580.SH,20170512,0.97,0.975,0.978,0.965,0.974,0.004,0.4124,10566.0,1029.466
512600.SH,20170512,1.576,1.622,1.622,1.6,1.622,0.046,2.9188,184.0,29.779
512610.SH,20170512,1.384,1.393,1.396,1.386,1.386,0.002,0.1445,1209.0,168.415
512640.SH,20170512,1.587,1.59,1.622,1.59,1.622,0.035,2.2054,54.0,8.724
512660.SH,20170512,0.876,0.874,0.878,0.866,0.871,-0.005,-0.5708,138462.0,12073.184
512680.SH,20170512,0.857,0.855,0.856,0.846,0.851,-0.006,-0.7001,25301.0,2153.792
512810.SH,20170512,0.848,0.847,0.851,0.842,0.844,-0.004,-0.4717,12286.0,1037.823
512880.SH,20170512,0.95,0.949,0.968,0.947,0.96,0.01,1.0526,117111.0,11254.302
512900.SH,20170512,0.911,0.91,0.926,0.91,0.917,0.006,0.6586,60315.0,5541.705
512990.SH,20170512,1.0,0.995,1.0,0.992,1.0,0.0,0.0,2041.0,203.61
513030.SH,20170512,1.162,1.159,1.159,1.132,1.133,-0.029,-2.4957,29976.0,3410.223
513050.SH,20170512,1.233,1.233,1.235,1.227,1.234,0.001,0.0811,55208.0,6799.505
513100.SH,20170512,2.07,2.061,2.062,2.05,2.051,-0.019,-0.9179,55429.02,11383.422
513500.SH,20170512,1.554,1.552,1.552,1.54,1.543,-0.011,-0.7079,14622.0,2256.175
513600.SH,20170512,2.282,2.282,2.282,2.27,2.278,-0.004,-0.1753,700.0,159.369
513660.SH,20170512,2.276,2.273,2.274,2.269,2.274,-0.002,-0.0879,157.0,35.685
518800.SH,20170512,2.723,2.725,2.734,2.725,2.73,0.007,0.2571,376959.0,102886.449
518880.SH,20170512,2.731,2.737,2.743,2.733,2.739,0.008,0.2929,1912927.0,523800.263
