ts_code,trade_date,pre_close,open,high,low,close,change,pct_chg,vol,amount
150008.SZ,20170614,1.323,1.314,1.323,1.314,1.322,-0.001,-0.0756,122.0,16.086
150009.SZ,20170614,1.0,0.982,0.984,0.982,0.984,-0.016,-1.6,356.0,35.009
150012.SZ,20170614,1.053,1.051,1.051,1.051,1.051,-0.002,-0.1899,24.36,2.56
150013.SZ,20170614,1.233,1.221,1.227,1.19,1.207,-0.026,-2.1087,1393.71,168.758
150016.SZ,20170614,1.027,1.02,1.026,1.02,1.025,-0.002,-0.1947,142.01,14.556
150017.SZ,20170614,1.117,1.118,1.118,1.113,1.113,-0.004,-0.3581,86.04,9.599
150018.SZ,20170614,1.05,1.049,1.049,1.045,1.048,-0.002,-0.1905,105518.0,11049.874
150019.SZ,20170614,0.86,0.859,0.859,0.837,0.84,-0.02,-2.3256,390674.82,33010.595
150020.SZ,20170614,1.051,1.051,1.052,1.051,1.052,0.001,0.0951,850.0,89.365
150021.SZ,20170614,0.971,0.976,0.988,0.973,0.987,0.016,1.6478,5430.26,533.729
150022.SZ,20170614,0.784,0.784,0.784,0.779,0.779,-0.005,-0.6378,170979.22,13346.413
150023.SZ,20170614,0.368,0.368,0.369,0.364,0.365,-0.003,-0.8152,362989.0,13287.865
150028.SZ,20170614,1.009,1.009,1.009,1.008,1.008,-0.001,-0.0991,190.0,19.155
150029.SZ,20170614,1.308,1.294,1.323,1.294,1.302,-0.006,-0.4587,450.45,59.457
150031.SZ,20170614,1.133,1.113,1.133,1.088,1.133,0.0,0.0,68.43,7.618
150032.SZ,20170614,1.001,0.999,0.999,0.999,0.999,-0.002,-0.1998,100.0,9.99
150036.SZ,20170614,1.067,1.075,1.075,1.051,1.052,-0.015,-1.4058,297.98,31.493
150037.SZ,20170614,1.59,1.58,1.58,1.58,1.58,-0.01,-0.6289,83.79,13.238
150039.SZ,20170614,1.119,1.118,1.118,1.118,1.118,-0.001,-0.0894,102.0,11.403
150048.SZ,20170614,1.053,1.049,1.063,1.04,1.044,-0.009,-0.8547,3426.21,360.922
150049.SZ,20170614,1.009,1.006,1.008,1.006,1.008,-0.001,-0.0991,518.21,52.178
150050.SZ,20170614,1.114,1.118,1.118,1.094,1.11,-0.004,-0.3591,1106.25,122.134
150051.SZ,20170614,1.031,1.034,1.034,1.025,1.03,-0.001,-0.097,1463.36,150.59
150052.SZ,20170614,1.473,1.468,1.47,1.446,1.449,-0.024,-1.6293,11722.99,1704.767
150053.SZ,20170614,1.025,1.023,1.023,1.023,1.023,-0.002,-0.1951,16.0,1.636
150054.SZ,20170614,0.849,0.871,0.871,0.869,0.869,0.02,2.3557,2.04,0.177
150056.SZ,20170614,1.347,1.341,1.341,1.341,1.341,-0.006,-0.4454,1.0,0.134
150057.SZ,20170614,1.16,1.162,1.2,1.162,1.192,0.032,2.7586,882.84,105.635
150059.SZ,20170614,1.2,1.216,1.22,1.207,1.207,0.007,0.5833,128.04,15.538
150060.SZ,20170614,0.921,0.927,0.928,0.917,0.917,-0.004,-0.4343,3567.13,328.29
150065.SZ,20170614,0.96,0.865,0.958,0.865,0.958,-0.002,-0.2083,17.59,1.675
150066.SZ,20170614,0.937,0.93,0.93,0.925,0.925,-0.012,-1.2807,60.01,5.58
150067.SZ,20170614,1.29,1.31,1.311,1.31,1.31,0.02,1.5504,32.29,4.23
150075.SZ,20170614,1.174,1.175,1.175,1.171,1.171,-0.003,-0.2555,593.0,69.454
150076.SZ,20170614,1.008,1.009,1.009,1.009,1.009,0.001,0.0992,3.0,0.302
150077.SZ,20170614,1.343,1.337,1.337,1.337,1.337,-0.006,-0.4468,3.0,0.401
150083.SZ,20170614,1.07,1.105,1.105,1.105,1.105,0.035,3.271,1.0,0.11
150084.SZ,20170614,1.018,0.956,1.015,0.956,1.015,-0.003,-0.2947,3.0,0.298
150090.SZ,20170614,1.097,1.048,1.089,1.048,1.089,-0.008,-0.7293,16.21,1.702
150091.SZ,20170614,0.862,0.929,0.931,0.869,0.869,0.007,0.8121,216.0,20.051
150094.SZ,20170614,1.019,1.022,1.022,1.022,1.022,0.003,0.2944,8.0,0.817
150096.SZ,20170614,1.015,1.014,1.015,1.014,1.014,-0.001,-0.0985,209.0,21.2
150097.SZ,20170614,0.943,0.935,0.943,0.935,0.936,-0.007,-0.7423,342.0,32.149
150100.SZ,20170614,1.032,1.036,1.036,1.027,1.033,0.001,0.0969,3236.0,334.252
150101.SZ,20170614,1.184,1.184,1.213,1.175,1.186,0.002,0.1689,4657.0,553.676
150104.SZ,20170614,1.046,1.051,1.051,1.033,1.05,0.004,0.3824,2.77,0.289
150105.SZ,20170614,1.42,1.4,1.444,1.4,1.444,0.024,1.6901,1188.19,166.351
150106.SZ,20170614,1.121,1.116,1.116,1.116,1.116,-0.005,-0.446,176.0,19.641
150107.SZ,20170614,0.927,0.916,0.92,0.9,0.905,-0.022,-2.3732,2176.25,198.929
150112.SZ,20170614,1.048,1.047,1.047,1.046,1.046,-0.002,-0.1908,2481.3,259.786
150117.SZ,20170614,1.057,1.057,1.06,1.021,1.053,-0.004,-0.3784,1481.0,154.474
150118.SZ,20170614,0.424,0.419,0.426,0.409,0.409,-0.015,-3.5377,66813.34,2787.487
150123.SZ,20170614,1.25,1.251,1.251,1.24,1.25,0.0,0.0,279.0,34.871
150124.SZ,20170614,1.882,1.869,1.882,1.833,1.842,-0.04,-2.1254,6423.0,1189.203
150130.SZ,20170614,1.081,1.08,1.081,1.078,1.081,0.0,0.0,62364.24,6733.286
150131.SZ,20170614,0.525,0.523,0.526,0.511,0.514,-0.011,-2.0952,259808.53,13415.306
150135.SZ,20170614,1.017,1.017,1.017,1.017,1.017,0.0,0.0,31.0,3.152
150136.SZ,20170614,0.718,0.71,0.71,0.71,0.71,-0.008,-1.1142,31.69,2.249
150143.SZ,20170614,1.013,1.013,1.014,1.012,1.012,-0.001,-0.0987,2450.0,248.157
150144.SZ,20170614,0.532,0.531,0.533,0.526,0.533,0.001,0.188,2365.6,125.015
150146.SZ,20170614,0.379,0.349,0.378,0.349,0.378,-0.001,-0.2639,11.0,0.412
150148.SZ,20170614,1.07,1.064,1.064,1.03,1.03,-0.04,-3.7383,2.0,0.209
150149.SZ,20170614,0.642,0.633,0.64,0.633,0.635,-0.007,-1.0903,7190.33,456.397
150150.SZ,20170614,1.02,1.022,1.022,1.017,1.019,-0.001,-0.098,1531.0,156.053
150151.SZ,20170614,0.984,0.958,0.999,0.958,0.983,-0.001,-0.1016,1367.95,135.833
150152.SZ,20170614,1.023,1.023,1.023,1.021,1.022,-0.001,-0.0978,191351.28,19566.857
150153.SZ,20170614,0.599,0.598,0.599,0.589,0.592,-0.007,-1.1686,1483096.95,88155.615
150154.SZ,20170614,0.915,0.913,0.925,0.913,0.924,0.009,0.9836,4621.0,425.461
150156.SZ,20170614,0.989,0.987,0.987,0.987,0.987,-0.002,-0.2022,1049.0,103.536
150157.SZ,20170614,1.02,1.019,1.019,1.017,1.019,-0.001,-0.098,14813.0,1509.183
150158.SZ,20170614,0.859,0.855,0.856,0.838,0.839,-0.02,-2.3283,23023.0,1947.072
150164.SZ,20170614,1.007,1.006,1.007,1.006,1.007,0.0,0.0,1289.0,129.678
150165.SZ,20170614,0.581,0.607,0.607,0.576,0.576,-0.005,-0.8606,80.68,4.833
150169.SZ,20170614,1.032,1.031,1.034,1.029,1.034,0.002,0.1938,19538.91,2016.839
150170.SZ,20170614,1.186,1.186,1.189,1.179,1.188,0.002,0.1686,21973.41,2603.844
150171.SZ,20170614,1.001,1.0,1.001,0.999,1.0,-0.001,-0.0999,211766.5,21181.754
150172.SZ,20170614,1.006,1.008,1.009,0.999,1.004,-0.002,-0.1988,231189.5,23202.014
150173.SZ,20170614,1.005,1.004,1.005,1.003,1.004,-0.001,-0.0995,4971.0,498.904
150174.SZ,20170614,0.527,0.525,0.533,0.525,0.531,0.004,0.759,10758.21,570.609
150175.SZ,20170614,0.955,0.955,0.956,0.952,0.953,-0.002,-0.2094,241314.0,23014.556
150176.SZ,20170614,0.954,0.955,0.957,0.94,0.95,-0.004,-0.4193,81344.01,7706.737
150177.SZ,20170614,1.043,1.035,1.043,1.03,1.042,-0.001,-0.0959,1124.0,117.2
150178.SZ,20170614,1.318,1.31,1.317,1.3,1.307,-0.011,-0.8346,7896.54,1031.887
150180.SZ,20170614,1.19,1.22,1.224,1.18,1.181,-0.009,-0.7563,313.79,37.146
150181.SZ,20170614,1.013,1.013,1.013,1.01,1.011,-0.002,-0.1974,120891.82,12230.181
150182.SZ,20170614,0.755,0.758,0.773,0.748,0.763,0.008,1.0596,343789.36,26272.258
150184.SZ,20170614,1.02,1.019,1.019,1.019,1.019,-0.001,-0.098,1997.0,203.494
150185.SZ,20170614,0.774,0.768,0.779,0.767,0.77,-0.004,-0.5168,7471.16,576.722
150186.SZ,20170614,1.022,1.021,1.024,1.021,1.023,0.001,0.0978,16577.0,1694.954
150187.SZ,20170614,0.55,0.55,0.578,0.545,0.559,0.009,1.6364,17456.71,982.032
150188.SZ,20170614,1.004,1.004,1.005,1.003,1.003,-0.001,-0.0996,2257.4,226.781
150189.SZ,20170614,0.807,0.822,0.875,0.822,0.83,0.023,2.8501,865.32,72.457
150191.SZ,20170614,1.056,1.027,1.055,1.027,1.055,-0.001,-0.0947,100.1,10.33
150193.SZ,20170614,0.984,0.963,0.966,0.961,0.961,-0.023,-2.3374,5013.0,482.757
150194.SZ,20170614,1.01,1.008,1.01,1.008,1.009,-0.001,-0.099,46341.52,4676.646
150195.SZ,20170614,1.033,1.035,1.035,1.023,1.024,-0.009,-0.8712,103988.9,10696.453
150196.SZ,20170614,1.064,1.065,1.065,1.064,1.064,0.0,0.0,55671.0,5926.85
150197.SZ,20170614,0.876,0.876,0.896,0.875,0.883,0.007,0.7991,128708.2,11389.512
150198.SZ,20170614,1.15,1.148,1.149,1.148,1.149,-0.001,-0.087,10408.0,1195.842
150199.SZ,20170614,0.871,0.862,0.878,0.85,0.865,-0.006,-0.6889,13636.89,1176.625
150200.SZ,20170614,1.001,1.001,1.001,0.999,1.0,-0.001,-0.0999,1384316.0,138456.802
150201.SZ,20170614,0.391,0.39,0.396,0.385,0.39,-0.001,-0.2558,3466528.41,135268.674
150203.SZ,20170614,1.008,1.009,1.01,1.009,1.01,0.002,0.1984,1050.55,106.005
150204.SZ,20170614,0.818,0.817,0.826,0.813,0.819,0.001,0.1222,428.18,35.096
150205.SZ,20170614,1.005,1.006,1.007,1.005,1.007,0.002,0.199,361085.66,36349.908
150206.SZ,20170614,0.862,0.861,0.892,0.858,0.878,0.016,1.8561,626829.03,55136.629
150207.SZ,20170614,1.053,1.045,1.047,1.045,1.047,-0.006,-0.5698,2.0,0.209
150208.SZ,20170614,0.465,0.455,0.457,0.44,0.453,-0.012,-2.5806,6840.0,305.331
150209.SZ,20170614,1.041,1.036,1.041,1.036,1.041,0.0,0.0,96220.82,9996.396
150210.SZ,20170614,0.783,0.779,0.785,0.758,0.767,-0.016,-2.0434,207096.07,15939.269
150211.SZ,20170614,1.029,1.03,1.031,1.029,1.03,0.001,0.0972,98868.0,10184.763
150212.SZ,20170614,0.547,0.548,0.575,0.547,0.553,0.006,1.0969,230817.9,12970.01
150213.SZ,20170614,1.042,1.034,1.034,1.034,1.034,-0.008,-0.7678,1.0,0.103
150214.SZ,20170614,0.368,0.367,0.369,0.361,0.363,-0.005,-1.3587,93470.0,3408.068
150215.SZ,20170614,1.238,1.119,1.119,1.119,1.119,-0.119,-9.6123,13.02,1.456
150216.SZ,20170614,0.984,0.978,1.005,0.978,0.981,-0.003,-0.3049,247.28,24.543
150217.SZ,20170614,1.005,1.005,1.006,1.005,1.005,0.0,0.0,3014.0,303.086
150218.SZ,20170614,0.495,0.495,0.508,0.488,0.496,0.001,0.202,8856.54,443.339
150219.SZ,20170614,1.149,1.141,1.141,1.141,1.141,-0.008,-0.6963,1.0,0.114
150220.SZ,20170614,0.831,0.825,0.83,0.82,0.829,-0.002,-0.2407,11700.0,962.642
150221.SZ,20170614,1.099,1.097,1.105,1.097,1.102,0.003,0.273,183410.72,20216.534
150222.SZ,20170614,0.385,0.385,0.397,0.382,0.389,0.004,1.039,1412124.97,55202.876
150223.SZ,20170614,1.105,1.1,1.106,1.1,1.106,0.001,0.0905,38497.0,4255.315
150224.SZ,20170614,0.798,0.8,0.803,0.792,0.799,0.001,0.1253,125923.63,10040.155
150225.SZ,20170614,1.069,1.042,1.07,1.039,1.07,0.001,0.0935,148.0,15.41
150227.SZ,20170614,1.013,1.012,1.012,1.009,1.009,-0.004,-0.3949,455638.66,46057.988
150228.SZ,20170614,0.737,0.735,0.736,0.721,0.727,-0.01,-1.3569,463196.02,33701.584
150229.SZ,20170614,1.052,1.041,1.052,1.041,1.052,0.0,0.0,24.0,2.523
150230.SZ,20170614,1.059,1.035,1.065,1.035,1.039,-0.02,-1.8886,328.0,34.68
150232.SZ,20170614,1.006,1.0,1.005,1.0,1.0,-0.006,-0.5964,41.0,4.106
150233.SZ,20170614,0.993,0.993,0.993,0.993,0.993,0.0,0.0,57.0,5.66
150234.SZ,20170614,0.353,0.362,0.362,0.345,0.353,0.0,0.0,168.95,6.09
150235.SZ,20170614,1.019,1.015,1.02,1.015,1.02,0.001,0.0981,1339.64,136.397
150236.SZ,20170614,0.76,0.757,0.765,0.755,0.761,0.001,0.1316,6456.99,489.054
150241.SZ,20170614,1.013,1.007,1.007,1.007,1.007,-0.006,-0.5923,650.03,65.458
150242.SZ,20170614,0.857,0.844,0.86,0.844,0.86,0.003,0.3501,22.0,1.858
150243.SZ,20170614,1.051,1.049,1.052,1.048,1.052,0.001,0.0951,10953.24,1148.95
150244.SZ,20170614,0.613,0.611,0.619,0.609,0.611,-0.002,-0.3263,26464.49,1624.598
150245.SZ,20170614,1.061,1.091,1.091,1.091,1.091,0.03,2.8275,1.09,0.118
150246.SZ,20170614,0.861,0.884,0.884,0.855,0.859,-0.002,-0.2323,385.0,33.947
150247.SZ,20170614,1.055,1.05,1.055,1.05,1.055,0.0,0.0,1480.0,156.064
150248.SZ,20170614,0.904,0.91,0.92,0.893,0.901,-0.003,-0.3319,3518.87,318.363
150250.SZ,20170614,0.808,0.793,0.793,0.78,0.78,-0.028,-3.4653,572.0,45.133
150251.SZ,20170614,1.066,1.064,1.07,1.062,1.069,0.003,0.2814,709.24,75.465
150252.SZ,20170614,1.004,0.968,1.021,0.968,1.002,-0.002,-0.1992,5582.6,560.279
150255.SZ,20170614,0.987,0.987,0.987,0.986,0.986,-0.001,-0.1013,682.0,67.283
150256.SZ,20170614,0.702,0.708,0.708,0.693,0.693,-0.009,-1.2821,3633.0,254.188
150259.SZ,20170614,0.989,0.987,0.988,0.987,0.987,-0.002,-0.2022,18591.0,1836.596
150260.SZ,20170614,0.661,0.617,0.661,0.617,0.656,-0.005,-0.7564,8493.89,556.21
150262.SZ,20170614,0.737,0.737,0.737,0.723,0.725,-0.012,-1.6282,4301.76,313.943
150265.SZ,20170614,1.066,1.066,1.069,1.066,1.066,0.0,0.0,1138.0,121.316
150266.SZ,20170614,1.255,1.255,1.264,1.241,1.263,0.008,0.6375,4917.46,617.283
150267.SZ,20170614,1.067,1.042,1.05,1.042,1.05,-0.017,-1.5933,100.68,10.491
150268.SZ,20170614,0.769,0.74,0.74,0.74,0.74,-0.029,-3.7711,265.0,19.61
150269.SZ,20170614,1.069,1.069,1.074,1.063,1.071,0.002,0.1871,3861.67,413.348
150270.SZ,20170614,1.481,1.489,1.508,1.455,1.475,-0.006,-0.4051,18427.0,2714.052
150272.SZ,20170614,0.946,0.953,0.99,0.933,0.933,-0.013,-1.3742,12.0,1.169
150273.SZ,20170614,1.028,1.027,1.027,1.027,1.027,-0.001,-0.0973,343.0,35.226
150274.SZ,20170614,0.58,0.573,0.585,0.572,0.577,-0.003,-0.5172,2631.58,151.678
150275.SZ,20170614,1.006,1.007,1.008,1.003,1.005,-0.001,-0.0994,38062.8,3826.24
150276.SZ,20170614,0.527,0.527,0.534,0.52,0.524,-0.003,-0.5693,91485.73,4812.969
150277.SZ,20170614,1.026,1.025,1.027,1.025,1.026,0.0,0.0,939.0,96.383
150278.SZ,20170614,0.472,0.467,0.476,0.465,0.465,-0.007,-1.4831,14819.94,693.438
150280.SZ,20170614,0.57,0.574,0.574,0.562,0.57,0.0,0.0,2056.0,117.608
150281.SZ,20170614,1.046,1.038,1.045,1.038,1.045,-0.001,-0.0956,752.0,78.058
150282.SZ,20170614,0.452,0.452,0.495,0.43,0.45,-0.002,-0.4425,3034.04,135.053
150283.SZ,20170614,1.028,1.029,1.03,1.027,1.029,0.001,0.0973,10732.01,1104.366
150284.SZ,20170614,0.766,0.753,0.776,0.75,0.754,-0.012,-1.5666,735.06,55.955
150287.SZ,20170614,1.048,1.045,1.045,1.045,1.045,-0.003,-0.2863,180.05,18.815
150288.SZ,20170614,0.532,0.532,0.532,0.519,0.524,-0.008,-1.5038,35917.0,1878.31
150289.SZ,20170614,1.036,1.036,1.036,1.033,1.034,-0.002,-0.1931,48858.0,5057.197
150290.SZ,20170614,0.412,0.408,0.418,0.404,0.408,-0.004,-0.9709,258367.57,10609.78
150291.SZ,20170614,1.042,1.039,1.04,1.039,1.04,-0.002,-0.1919,2189.0,227.607
150292.SZ,20170614,0.616,0.6,0.609,0.595,0.595,-0.021,-3.4091,11414.65,685.761
150294.SZ,20170614,1.027,0.955,1.006,0.955,1.006,-0.021,-2.0448,24.66,2.36
150295.SZ,20170614,1.034,1.034,1.034,1.033,1.033,-0.001,-0.0967,500.0,51.68
150296.SZ,20170614,0.884,0.871,0.871,0.865,0.865,-0.019,-2.1493,1197.0,104.088
150297.SZ,20170614,1.038,1.038,1.038,1.036,1.036,-0.002,-0.1927,2368.0,245.562
150298.SZ,20170614,0.442,0.442,0.442,0.399,0.435,-0.007,-1.5837,2106.0,89.522
150299.SZ,20170614,1.04,1.04,1.04,1.038,1.038,-0.002,-0.1923,54616.0,5671.248
150300.SZ,20170614,0.559,0.558,0.558,0.544,0.548,-0.011,-1.9678,82593.0,4532.479
150301.SZ,20170614,1.041,1.041,1.042,1.04,1.041,0.0,0.0,3443.0,358.388
150302.SZ,20170614,0.95,0.94,0.959,0.94,0.959,0.009,0.9474,45.0,4.238
150303.SZ,20170614,1.058,1.052,1.059,1.052,1.058,0.0,0.0,58760.16,6216.089
150304.SZ,20170614,0.94,0.936,0.943,0.927,0.931,-0.009,-0.9574,40423.66,3784.546
150306.SZ,20170614,0.52,0.51,0.51,0.507,0.508,-0.012,-2.3077,198.0,10.074
150307.SZ,20170614,0.99,0.988,0.988,0.988,0.988,-0.002,-0.202,2290.0,226.252
150308.SZ,20170614,1.105,1.128,1.168,1.09,1.163,0.058,5.2489,13191.37,1493.253
150310.SZ,20170614,0.49,0.478,0.478,0.478,0.478,-0.012,-2.449,508.0,24.282
150312.SZ,20170614,0.713,0.715,0.715,0.68,0.712,-0.001,-0.1403,68.0,4.702
150315.SZ,20170614,1.011,1.009,1.011,1.008,1.011,0.0,0.0,338.91,34.185
150316.SZ,20170614,0.686,0.668,0.71,0.668,0.699,0.013,1.895,959.91,66.544
150317.SZ,20170614,1.038,1.031,1.031,1.031,1.031,-0.007,-0.6744,100.0,10.31
150321.SZ,20170614,1.172,1.17,1.171,1.169,1.171,-0.001,-0.0853,3421.55,400.53
150322.SZ,20170614,0.988,0.984,0.989,0.969,0.981,-0.007,-0.7085,3415.02,333.049
150323.SZ,20170614,1.025,1.035,1.036,1.035,1.036,0.011,1.0732,581.0,60.191
150324.SZ,20170614,0.404,0.401,0.402,0.396,0.399,-0.005,-1.2376,4113.0,163.364
150325.SZ,20170614,1.036,1.036,1.036,1.036,1.036,0.0,0.0,100.0,10.36
150326.SZ,20170614,0.93,0.892,0.924,0.892,0.924,-0.006,-0.6452,254.0,22.66
150328.SZ,20170614,0.992,0.996,1.09,0.981,1.001,0.009,0.9073,6032.4,624.709
150329.SZ,20170614,1.012,1.012,1.012,1.006,1.009,-0.003,-0.2964,1894.0,190.884
150330.SZ,20170614,1.169,1.152,1.158,1.12,1.125,-0.044,-3.7639,24099.0,2738.415
150331.SZ,20170614,1.054,1.055,1.055,1.05,1.054,0.0,0.0,702.0,73.989
150332.SZ,20170614,0.325,0.324,0.326,0.32,0.322,-0.003,-0.9231,42502.0,1372.248
150335.SZ,20170614,1.024,1.023,1.024,1.023,1.024,0.0,0.0,19289.0,1974.432
150336.SZ,20170614,0.302,0.312,0.314,0.303,0.309,0.007,2.3179,41299.61,1273.457
150343.SZ,20170614,1.045,1.045,1.053,1.045,1.052,0.007,0.6699,990.65,104.264
150344.SZ,20170614,0.96,0.955,0.974,0.954,0.974,0.014,1.4583,1297.34,123.783
159001.SZ,20170614,100.0,100.0,100.001,99.999,99.999,-0.001,-0.001,117711.83,1177118.36
159003.SZ,20170614,100.0,100.0,100.0,99.999,100.0,0.0,0.0,15410.6,154105.563
159005.SZ,20170614,99.999,100.0,100.001,99.988,99.999,0.0,0.0,28868.24,288681.514
159901.SZ,20170614,4.303,4.29,4.292,4.236,4.24,-0.063,-1.4641,79395.6,33822.781
159902.SZ,20170614,3.236,3.234,3.24,3.204,3.207,-0.029,-0.8962,85650.01,27605.434
159903.SZ,20170614,1.092,1.092,1.094,1.086,1.088,-0.004,-0.3663,3866.34,420.868
159905.SZ,20170614,1.399,1.4,1.42,1.376,1.388,-0.011,-0.7863,5872.0,818.627
159906.SZ,20170614,0.949,0.947,0.948,0.947,0.948,-0.001,-0.1054,137.0,12.986
159907.SZ,20170614,1.388,1.405,1.405,1.371,1.399,0.011,0.7925,1017.0,141.04
159908.SZ,20170614,1.296,1.294,1.3,1.274,1.3,0.004,0.3086,96.0,12.264
159909.SZ,20170614,4.695,4.694,4.71,4.675,4.675,-0.02,-0.426,172.07,80.875
159910.SZ,20170614,1.492,1.495,1.511,1.482,1.5,0.008,0.5362,116.0,17.288
159911.SZ,20170614,4.057,4.041,4.091,4.041,4.091,0.034,0.8381,167.0,67.498
159912.SZ,20170614,1.308,1.282,1.293,1.282,1.288,-0.02,-1.5291,377.0,48.55
159913.SZ,20170614,1.613,1.715,1.715,1.599,1.615,0.002,0.124,239.0,38.795
159915.SZ,20170614,1.723,1.721,1.726,1.713,1.72,-0.003,-0.1741,1333080.14,229306.046
159916.SZ,20170614,3.039,3.058,3.06,3.007,3.024,-0.015,-0.4936,130.0,39.498
159918.SZ,20170614,1.823,1.822,1.825,1.822,1.825,0.002,0.1097,151.0,27.524
159919.SZ,20170614,3.861,3.86,3.86,3.816,3.822,-0.039,-1.0101,130971.49,50293.635
159920.SZ,20170614,1.395,1.401,1.404,1.388,1.396,0.001,0.0717,961737.56,133896.63
159921.SZ,20170614,1.499,1.487,1.498,1.487,1.498,-0.001,-0.0667,26.0,3.871
159922.SZ,20170614,6.096,6.096,6.112,6.082,6.088,-0.008,-0.1312,1319.18,804.656
159923.SZ,20170614,1.414,1.412,1.412,1.398,1.406,-0.008,-0.5658,1040.0,145.678
159924.SZ,20170614,1.386,1.383,1.407,1.379,1.389,0.003,0.2165,1178.0,165.33
159925.SZ,20170614,1.463,1.461,1.461,1.452,1.455,-0.008,-0.5468,1399.72,203.83
159926.SZ,20170614,106.675,106.75,106.9,106.5,106.9,0.225,0.2109,4.0,42.685
159927.SZ,20170614,3.511,3.496,3.536,3.496,3.516,0.005,0.1424,2.0,0.703
159928.SZ,20170614,1.75,1.754,1.778,1.739,1.751,0.001,0.0571,1576.0,276.15
159929.SZ,20170614,1.472,1.472,1.472,1.462,1.462,-0.01,-0.6793,2058.0,301.994
159930.SZ,20170614,0.8,0.795,0.815,0.795,0.815,0.015,1.875,77.0,6.132
159931.SZ,20170614,1.507,1.498,1.498,1.486,1.49,-0.017,-1.1281,146.0,21.736
159932.SZ,20170614,1.707,1.712,1.732,1.7,1.705,-0.002,-0.1172,64.0,10.957
159933.SZ,20170614,1.666,1.661,1.661,1.65,1.657,-0.009,-0.5402,7.0,1.159
159934.SZ,20170614,2.77,2.773,2.781,2.772,2.776,0.006,0.2166,130788.0,36302.153
159935.SZ,20170614,1.598,1.59,1.757,1.53,1.599,0.001,0.0626,967.0,165.372
159937.SZ,20170614,2.786,2.786,2.797,2.786,2.793,0.007,0.2513,222864.0,62239.097
159938.SZ,20170614,1.293,1.291,1.295,1.285,1.288,-0.005,-0.3867,9769.0,1258.702
159939.SZ,20170614,1.048,1.048,1.051,1.044,1.048,0.0,0.0,6388.0,669.789
159940.SZ,20170614,0.842,0.842,0.849,0.834,0.841,-0.001,-0.1188,1343.19,112.448
159941.SZ,20170614,1.29,1.295,1.3,1.288,1.295,0.005,0.3876,7274.0,939.332
159942.SZ,20170614,1.807,1.793,1.799,1.768,1.799,-0.008,-0.4427,564.75,99.908
159943.SZ,20170614,10.59,10.491,10.59,10.491,10.529,-0.061,-0.576,407.54,428.741
159944.SZ,20170614,0.819,0.811,0.82,0.811,0.82,0.001,0.1221,26.0,2.123
159945.SZ,20170614,0.693,0.687,0.695,0.687,0.695,0.002,0.2886,2315.0,159.231
159946.SZ,20170614,1.031,1.046,1.053,1.034,1.045,0.014,1.3579,10573.11,1099.705
159948.SZ,20170614,1.862,1.862,1.864,1.853,1.86,-0.002,-0.1074,2823.22,525.276
159949.SZ,20170614,0.723,0.724,0.728,0.72,0.724,0.001,0.1383,44422.16,3215.812
159950.SZ,20170614,1.017,1.01,1.011,1.007,1.008,-0.009,-0.885,6798.37,685.88
159952.SZ,20170614,1.003,1.001,1.004,0.997,1.0,-0.003,-0.2991,55224.95,5525.548
160105.SZ,20170614,1.027,1.021,1.036,1.016,1.016,-0.011,-1.0711,868.95,88.613
160106.SZ,20170614,1.235,1.23,1.23,1.227,1.227,-0.008,-0.6478,231.0,28.38
160119.SZ,20170614,1.46,1.467,1.467,1.457,1.459,-0.001,-0.0685,2903.66,424.233
160125.SZ,20170614,0.878,0.878,0.883,0.876,0.878,0.0,0.0,3741.77,329.166
160128.SZ,20170614,0.97,0.97,0.97,0.97,0.97,0.0,0.0,4.0,0.388
160130.SZ,20170614,0.948,0.952,0.952,0.95,0.95,0.002,0.211,106.0,10.071
160131.SZ,20170614,0.981,0.981,0.981,0.981,0.981,0.0,0.0,3307.15,324.431
160133.SZ,20170614,1.984,1.97,1.984,1.97,1.973,-0.011,-0.5544,2018.03,398.846
160138.SZ,20170614,0.988,0.989,0.989,0.984,0.987,-0.001,-0.1012,393.0,38.783
160211.SZ,20170614,3.122,3.106,3.116,3.092,3.093,-0.029,-0.9289,3233.88,1003.011
160212.SZ,20170614,2.567,2.564,2.565,2.54,2.549,-0.018,-0.7012,14498.96,3696.977
160215.SZ,20170614,1.554,1.556,1.573,1.556,1.558,0.004,0.2574,1825.52,285.81
160216.SZ,20170614,0.396,0.394,0.395,0.393,0.394,-0.002,-0.5051,89178.04,3513.008
160220.SZ,20170614,1.281,1.281,1.281,1.281,1.281,0.0,0.0,7.66,0.981
160223.SZ,20170614,0.853,0.838,0.852,0.838,0.85,-0.003,-0.3517,467.12,39.683
160225.SZ,20170614,0.953,0.952,0.966,0.95,0.95,-0.003,-0.3148,627.0,60.121
160311.SZ,20170614,1.41,1.41,1.41,1.392,1.392,-0.018,-1.2766,663.0,92.507
160314.SZ,20170614,1.049,1.052,1.052,1.043,1.045,-0.004,-0.3813,1438.0,150.315
160323.SZ,20170614,0.935,0.93,0.93,0.93,0.93,-0.005,-0.5348,20.0,1.86
160415.SZ,20170614,1.236,1.237,1.242,1.203,1.218,-0.018,-1.4563,1413.17,172.338
160416.SZ,20170614,0.908,0.909,0.909,0.905,0.907,-0.001,-0.1101,14027.0,1271.261
160421.SZ,20170614,0.801,0.801,0.805,0.796,0.799,-0.002,-0.2497,7543.79,601.477
160422.SZ,20170614,0.993,0.993,0.997,0.993,0.994,0.001,0.1007,44219.62,4399.86
160505.SZ,20170614,1.731,1.731,1.731,1.721,1.724,-0.007,-0.4044,10366.22,1788.308
160512.SZ,20170614,2.216,2.227,2.231,2.211,2.211,-0.005,-0.2256,1779.46,394.959
160513.SZ,20170614,1.402,1.41,1.43,1.407,1.408,0.006,0.428,266.0,38.0
160515.SZ,20170614,0.983,0.983,0.987,0.983,0.986,0.003,0.3052,1699.25,167.343
160518.SZ,20170614,0.878,0.878,0.885,0.878,0.882,0.004,0.4556,33031.95,2911.649
160519.SZ,20170614,0.866,0.866,0.869,0.863,0.867,0.001,0.1155,2742.06,237.331
160522.SZ,20170614,0.869,0.882,0.882,0.854,0.867,-0.002,-0.2301,45.0,3.879
160607.SZ,20170614,0.724,0.723,0.724,0.72,0.722,-0.002,-0.2762,3752.0,270.963
160610.SZ,20170614,1.052,1.049,1.049,1.043,1.044,-0.008,-0.7605,981.04,102.413
160611.SZ,20170614,0.808,0.802,0.807,0.802,0.806,-0.002,-0.2475,21.48,1.729
160615.SZ,20170614,1.413,1.417,1.417,1.417,1.417,0.004,0.2831,1.0,0.141
160616.SZ,20170614,1.252,1.261,1.266,1.261,1.266,0.014,1.1182,11.0,1.392
160617.SZ,20170614,0.996,0.995,0.995,0.995,0.995,-0.001,-0.1004,1.0,0.099
160621.SZ,20170614,1.055,1.056,1.056,1.056,1.056,0.001,0.0948,190.0,20.064
160642.SZ,20170614,0.901,0.893,0.893,0.893,0.893,-0.008,-0.8879,10.0,0.893
160706.SZ,20170614,1.014,1.014,1.014,1.002,1.005,-0.009,-0.8876,27583.73,2779.028
160716.SZ,20170614,1.357,1.357,1.357,1.336,1.342,-0.015,-1.1054,1942.32,260.891
160717.SZ,20170614,0.774,0.776,0.777,0.771,0.772,-0.002,-0.2584,7574.54,585.427
160719.SZ,20170614,0.718,0.719,0.72,0.717,0.719,0.001,0.1393,2816.0,202.295
160722.SZ,20170614,0.909,0.908,0.91,0.907,0.907,-0.002,-0.22,12373.26,1123.528
160723.SZ,20170614,0.928,0.928,0.928,0.924,0.925,-0.003,-0.3233,1251.25,115.716
160805.SZ,20170614,0.797,0.819,0.819,0.793,0.803,0.006,0.7528,300.96,24.123
160806.SZ,20170614,1.281,1.279,1.279,1.27,1.275,-0.006,-0.4684,311.46,39.668
160807.SZ,20170614,1.174,1.174,1.174,1.174,1.174,0.0,0.0,1.0,0.117
160812.SZ,20170614,1.434,1.432,1.437,1.42,1.426,-0.008,-0.5579,3742.36,535.006
160813.SZ,20170614,0.778,0.773,0.776,0.773,0.773,-0.005,-0.6427,168.02,12.992
160910.SZ,20170614,1.048,1.048,1.05,1.04,1.045,-0.003,-0.2863,1552.34,161.992
160916.SZ,20170614,2.459,2.459,2.46,2.445,2.45,-0.009,-0.366,2159.11,529.193
160918.SZ,20170614,1.771,1.769,1.775,1.766,1.77,-0.001,-0.0565,695.0,123.04
160919.SZ,20170614,1.143,1.126,1.138,1.125,1.137,-0.006,-0.5249,1373.0,155.506
160921.SZ,20170614,0.895,0.895,0.906,0.875,0.9,0.005,0.5587,16.0,1.434
160922.SZ,20170614,1.036,1.032,1.037,1.03,1.033,-0.003,-0.2896,106.0,10.949
161005.SZ,20170614,1.819,1.816,1.816,1.808,1.81,-0.009,-0.4948,473.0,85.636
161010.SZ,20170614,1.064,1.066,1.066,1.06,1.063,-0.001,-0.094,10260.0,1089.284
161015.SZ,20170614,0.945,0.916,0.936,0.914,0.936,-0.009,-0.9524,152.0,13.896
161017.SZ,20170614,1.994,1.977,1.995,1.97,1.995,0.001,0.0502,24.0,4.746
161019.SZ,20170614,0.962,0.96,0.964,0.96,0.964,0.002,0.2079,11874.42,1142.513
161033.SZ,20170614,0.977,0.974,0.992,0.974,0.977,0.0,0.0,73.02,7.173
161035.SZ,20170614,0.908,0.901,0.913,0.901,0.903,-0.005,-0.5507,730.02,66.395
161036.SZ,20170614,0.946,0.946,0.946,0.943,0.943,-0.003,-0.3171,11621.65,1095.961
161037.SZ,20170614,0.996,0.998,1.0,0.993,0.994,-0.002,-0.2008,8159.27,814.806
161115.SZ,20170614,1.755,1.751,1.751,1.751,1.751,-0.004,-0.2279,16.0,2.801
161116.SZ,20170614,0.733,0.732,0.737,0.73,0.732,-0.001,-0.1364,2068.36,151.614
161117.SZ,20170614,1.006,0.988,1.003,0.988,1.002,-0.004,-0.3976,1210.0,119.727
161119.SZ,20170614,1.216,1.226,1.228,1.225,1.228,0.012,0.9868,151.0,18.501
161124.SZ,20170614,1.031,1.033,1.035,1.029,1.033,0.002,0.194,32216.66,3322.629
161125.SZ,20170614,1.035,1.038,1.038,1.035,1.036,0.001,0.0966,12167.01,1260.159
161126.SZ,20170614,1.101,1.107,1.107,1.106,1.106,0.005,0.4541,453.0,50.146
161127.SZ,20170614,1.089,1.087,1.093,1.087,1.093,0.004,0.3673,4219.86,460.14
161128.SZ,20170614,1.113,1.11,1.111,1.093,1.11,-0.003,-0.2695,5876.0,650.403
161129.SZ,20170614,0.871,0.866,0.867,0.864,0.866,-0.005,-0.5741,809.0,70.015
161210.SZ,20170614,0.988,0.986,0.988,0.979,0.979,-0.009,-0.9109,158.0,15.534
161213.SZ,20170614,1.429,1.436,1.437,1.436,1.437,0.008,0.5598,11.0,1.58
161216.SZ,20170614,1.028,1.029,1.03,1.029,1.03,0.002,0.1946,202.0,20.795
161217.SZ,20170614,0.645,0.648,0.654,0.641,0.646,0.001,0.155,561.0,36.146
161219.SZ,20170614,1.262,1.262,1.268,1.255,1.257,-0.005,-0.3962,31.0,3.897
161222.SZ,20170614,1.065,1.067,1.067,1.064,1.064,-0.001,-0.0939,7123.57,759.041
161224.SZ,20170614,1.046,1.038,1.042,1.038,1.042,-0.004,-0.3824,521.0,54.16
161225.SZ,20170614,1.097,1.1,1.1,1.09,1.092,-0.005,-0.4558,824.21,89.961
161226.SZ,20170614,0.926,0.926,0.93,0.925,0.929,0.003,0.324,36012.11,3343.535
161227.SZ,20170614,0.923,0.921,0.921,0.911,0.915,-0.008,-0.8667,5525.7,505.769
161229.SZ,20170614,1.41,1.41,1.41,1.356,1.369,-0.041,-2.9078,2423.0,333.87
161232.SZ,20170614,0.77,0.77,0.77,0.73,0.768,-0.002,-0.2597,63372.76,4716.365
161505.SZ,20170614,1.064,1.063,1.063,1.063,1.063,-0.001,-0.094,2.0,0.212
161607.SZ,20170614,1.094,1.093,1.093,1.093,1.093,-0.001,-0.0914,1.0,0.109
161610.SZ,20170614,0.88,0.882,0.882,0.871,0.873,-0.007,-0.7955,846.0,73.816
161626.SZ,20170614,0.999,0.996,0.996,0.996,0.996,-0.003,-0.3003,20.0,1.992
161631.SZ,20170614,0.997,0.996,0.996,0.984,0.99,-0.007,-0.7021,5338.42,527.788
161706.SZ,20170614,1.417,1.411,1.416,1.4,1.402,-0.015,-1.0586,3451.0,486.991
161713.SZ,20170614,0.997,0.996,0.996,0.996,0.996,-0.001,-0.1003,4.0,0.398
161714.SZ,20170614,0.888,0.885,0.885,0.882,0.882,-0.006,-0.6757,85.0,7.511
161810.SZ,20170614,1.551,1.563,1.563,1.552,1.554,0.003,0.1934,230.07,35.781
161815.SZ,20170614,0.45,0.451,0.451,0.449,0.45,0.0,0.0,507.0,22.828
161821.SZ,20170614,1.199,1.206,1.206,1.206,1.206,0.007,0.5838,240.0,28.944
161831.SZ,20170614,0.954,0.954,0.956,0.948,0.948,-0.006,-0.6289,804.74,76.539
161834.SZ,20170614,0.85,0.842,0.854,0.842,0.85,0.0,0.0,20415.82,1731.329
161903.SZ,20170614,0.824,0.822,0.823,0.822,0.823,-0.001,-0.1214,2.0,0.164
161911.SZ,20170614,0.965,0.966,0.97,0.966,0.967,0.002,0.2073,4193.17,405.853
162006.SZ,20170614,1.077,1.072,1.072,1.072,1.072,-0.005,-0.4643,200.0,21.44
162207.SZ,20170614,1.188,1.184,1.184,1.179,1.179,-0.009,-0.7576,535.0,63.21
162307.SZ,20170614,1.145,1.123,1.144,1.111,1.132,-0.013,-1.1354,101.0,11.387
162411.SZ,20170614,0.559,0.564,0.565,0.562,0.562,0.003,0.5367,1111775.24,62582.321
162415.SZ,20170614,1.19,1.19,1.2,1.18,1.191,0.001,0.084,2163.0,256.696
162510.SZ,20170614,1.04,1.024,1.039,1.016,1.024,-0.016,-1.5385,962.89,99.299
162605.SZ,20170614,1.085,1.085,1.085,1.067,1.073,-0.012,-1.106,888.37,95.296
162607.SZ,20170614,0.483,0.486,0.488,0.483,0.484,0.001,0.207,3467.0,168.314
162703.SZ,20170614,1.259,1.251,1.254,1.24,1.243,-0.016,-1.2708,2817.33,350.179
162711.SZ,20170614,1.259,1.261,1.266,1.257,1.257,-0.002,-0.1589,44.0,5.542
162712.SZ,20170614,1.394,1.398,1.398,1.394,1.394,0.0,0.0,847.0,118.074
162715.SZ,20170614,1.084,1.086,1.088,1.083,1.088,0.004,0.369,1060.0,115.017
162717.SZ,20170614,0.928,0.92,0.92,0.903,0.903,-0.025,-2.694,40.0,3.678
162718.SZ,20170614,0.885,0.885,0.893,0.885,0.893,0.008,0.904,1001.19,88.606
162719.SZ,20170614,0.914,0.922,0.923,0.918,0.919,0.005,0.547,6413.9,589.36
163001.SZ,20170614,0.897,0.908,0.908,0.901,0.901,0.004,0.4459,2.0,0.18
163003.SZ,20170614,0.812,0.81,0.813,0.81,0.813,0.001,0.1232,255.16,20.668
163005.SZ,20170614,0.804,0.804,0.808,0.804,0.808,0.004,0.4975,21.36,1.723
163110.SZ,20170614,2.508,2.505,2.505,2.491,2.498,-0.01,-0.3987,2631.34,657.297
163111.SZ,20170614,1.013,1.011,1.013,1.006,1.006,-0.007,-0.691,5441.63,549.469
163119.SZ,20170614,0.872,0.862,0.874,0.862,0.867,-0.005,-0.5734,245.0,21.229
163208.SZ,20170614,0.849,0.849,0.85,0.847,0.85,0.001,0.1178,1460.0,124.0
163210.SZ,20170614,1.01,1.01,1.014,1.009,1.012,0.002,0.198,3498.38,354.332
163302.SZ,20170614,1.296,1.299,1.299,1.29,1.29,-0.006,-0.463,44.84,5.786
163402.SZ,20170614,1.037,1.037,1.038,1.03,1.032,-0.005,-0.4822,28489.89,2944.308
163407.SZ,20170614,1.644,1.588,1.627,1.585,1.587,-0.057,-3.4672,435.0,69.225
163409.SZ,20170614,1.457,1.456,1.468,1.456,1.468,0.011,0.755,152.0,22.133
163412.SZ,20170614,2.58,2.579,2.579,2.558,2.565,-0.015,-0.5814,4210.0,1080.457
163415.SZ,20170614,1.3,1.299,1.301,1.29,1.294,-0.006,-0.4615,566.0,73.367
163503.SZ,20170614,0.432,0.432,0.433,0.429,0.431,-0.001,-0.2315,1089.0,47.059
163801.SZ,20170614,1.158,1.151,1.154,1.15,1.152,-0.006,-0.5181,3908.0,449.709
163821.SZ,20170614,1.44,1.434,1.439,1.415,1.424,-0.016,-1.1111,1806.05,257.321
163824.SZ,20170614,1.019,1.017,1.018,1.017,1.017,-0.002,-0.1963,51.0,5.186
164105.SZ,20170614,1.226,1.217,1.217,1.217,1.217,-0.009,-0.7341,5.0,0.608
164206.SZ,20170614,1.036,1.036,1.036,1.036,1.036,0.0,0.0,149.0,15.436
164208.SZ,20170614,1.125,1.124,1.126,1.123,1.126,0.001,0.0889,2479.01,278.498
164210.SZ,20170614,0.986,0.983,0.983,0.983,0.983,-0.003,-0.3043,1.5,0.147
164302.SZ,20170614,1.007,1.009,1.009,1.009,1.009,0.002,0.1986,17.96,1.812
164403.SZ,20170614,0.903,0.905,0.905,0.902,0.902,-0.001,-0.1107,511.0,46.092
164701.SZ,20170614,0.621,0.622,0.624,0.62,0.622,0.001,0.161,823.0,51.205
164703.SZ,20170614,1.013,1.013,1.013,1.013,1.013,0.0,0.0,3.0,0.303
164705.SZ,20170614,1.11,1.111,1.111,1.108,1.108,-0.002,-0.1802,13.6,1.507
164812.SZ,20170614,0.951,0.948,0.948,0.948,0.948,-0.003,-0.3155,1.08,0.102
164814.SZ,20170614,0.98,0.983,0.983,0.98,0.98,0.0,0.0,119.0,11.669
164815.SZ,20170614,0.744,0.742,0.745,0.74,0.743,-0.001,-0.1344,4411.41,327.474
164906.SZ,20170614,1.233,1.235,1.238,1.219,1.221,-0.012,-0.9732,23350.83,2865.271
165309.SZ,20170614,1.07,1.07,1.07,1.07,1.07,0.0,0.0,9.0,0.963
165313.SZ,20170614,1.402,1.403,1.406,1.397,1.397,-0.005,-0.3566,3852.0,540.059
165508.SZ,20170614,1.73,1.731,1.731,1.731,1.731,0.001,0.0578,1.0,0.173
165510.SZ,20170614,0.745,0.746,0.747,0.746,0.746,0.001,0.1342,5.0,0.373
165512.SZ,20170614,2.278,2.328,2.337,2.297,2.297,0.019,0.8341,969.0,224.099
165513.SZ,20170614,0.442,0.442,0.444,0.441,0.442,0.0,0.0,1682.0,74.323
165516.SZ,20170614,2.422,2.435,2.437,2.427,2.427,0.005,0.2064,11.0,2.675
165525.SZ,20170614,1.182,1.18,1.187,1.136,1.173,-0.009,-0.7614,842.51,98.609
165528.SZ,20170614,0.87,0.87,0.873,0.865,0.873,0.003,0.3448,4182.52,364.431
165807.SZ,20170614,1.032,1.034,1.034,1.034,1.034,0.002,0.1938,748.47,77.391
166001.SZ,20170614,1.095,1.093,1.096,1.089,1.089,-0.006,-0.5479,336.0,36.69
166006.SZ,20170614,1.125,1.128,1.128,1.121,1.121,-0.004,-0.3556,7.0,0.787
166007.SZ,20170614,1.26,1.259,1.259,1.138,1.138,-0.122,-9.6825,48.0,5.474
166008.SZ,20170614,1.01,1.012,1.012,1.012,1.012,0.002,0.198,51.0,5.161
166009.SZ,20170614,2.053,2.051,2.052,2.051,2.052,-0.001,-0.0487,3.0,0.615
166011.SZ,20170614,1.222,1.203,1.203,1.195,1.195,-0.027,-2.2095,81.0,9.694
166401.SZ,20170614,1.028,1.027,1.027,1.027,1.027,-0.001,-0.0973,29.01,2.979
166402.SZ,20170614,0.995,0.996,0.997,0.995,0.996,0.001,0.1005,32241.16,3211.192
166902.SZ,20170614,1.005,1.004,1.004,1.004,1.004,-0.001,-0.0995,84.0,8.433
167001.SZ,20170614,0.769,0.769,0.773,0.761,0.773,0.004,0.5202,56709.8,4372.397
167003.SZ,20170614,0.917,0.93,0.94,0.93,0.94,0.023,2.5082,39.0,3.633
168101.SZ,20170614,0.917,0.911,0.928,0.911,0.918,0.001,0.1091,21025.16,1932.865
168102.SZ,20170614,0.768,0.77,0.772,0.762,0.768,0.0,0.0,6213.01,476.404
168103.SZ,20170614,0.739,0.739,0.741,0.736,0.738,-0.001,-0.1353,66325.43,4899.361
168105.SZ,20170614,0.777,0.776,0.784,0.776,0.777,0.0,0.0,1503.44,117.015
168301.SZ,20170614,0.88,0.88,0.88,0.876,0.879,-0.001,-0.1136,4740.0,416.346
169101.SZ,20170614,1.557,1.54,1.55,1.485,1.486,-0.071,-4.5601,17021.11,2562.698
169102.SZ,20170614,1.457,1.442,1.443,1.388,1.388,-0.069,-4.7358,8787.05,1243.177
169103.SZ,20170614,1.375,1.366,1.366,1.325,1.325,-0.05,-3.6364,1698.0,228.147
169104.SZ,20170614,1.333,1.301,1.33,1.24,1.266,-0.067,-5.0263,6157.17,793.953
169105.SZ,20170614,1.377,1.372,1.375,1.306,1.306,-0.071,-5.1561,403258.13,53795.869
169201.SZ,20170614,0.831,0.812,0.834,0.812,0.834,0.003,0.361,1234.3,100.883
184722.SZ,20170614,0.946,0.945,0.946,0.942,0.943,-0.003,-0.3171,62622.0,5907.672
184801.SZ,20170614,100.0,99.9,100.12,99.88,100.12,0.12,0.12,12.0,119.968
500058.SH,20170614,0.964,0.963,0.963,0.959,0.96,-0.004,-0.4149,83274.0,7998.492
501001.SH,20170614,1.04,1.039,1.04,1.035,1.035,-0.005,-0.4808,10629.64,1102.249
501002.SH,20170614,0.962,0.968,0.983,0.968,0.977,0.015,1.5593,44.0,4.309
501003.SH,20170614,1.004,0.997,1.01,0.997,1.004,0.0,0.0,826.89,82.862
501005.SH,20170614,0.938,0.939,0.939,0.931,0.937,-0.001,-0.1066,2358.9,220.034
501007.SH,20170614,0.939,0.912,0.939,0.912,0.939,0.0,0.0,3.0,0.276
501008.SH,20170614,0.909,0.907,0.909,0.907,0.909,0.0,0.0,202.11,18.343
501009.SH,20170614,1.02,1.037,1.037,1.017,1.019,-0.001,-0.098,227.82,23.198
501010.SH,20170614,1.026,1.03,1.065,1.016,1.037,0.011,1.0721,873.49,88.89
501011.SH,20170614,1.063,1.067,1.069,1.067,1.069,0.006,0.5644,31.0,3.314
501012.SH,20170614,1.065,1.058,1.058,1.055,1.055,-0.01,-0.939,135.03,14.274
501015.SH,20170614,0.902,0.904,0.908,0.902,0.904,0.002,0.2217,96723.08,8743.282
501016.SH,20170614,1.016,1.008,1.012,1.008,1.012,-0.004,-0.3937,78.57,7.937
501017.SH,20170614,0.873,0.872,0.874,0.868,0.874,0.001,0.1145,1478.57,128.899
501018.SH,20170614,0.867,0.864,0.864,0.861,0.862,-0.005,-0.5767,141760.17,12228.011
501019.SH,20170614,0.816,0.82,0.83,0.818,0.824,0.008,0.9804,2119.12,175.139
501020.SH,20170614,1.01,1.002,1.015,0.951,1.0,-0.01,-0.9901,7759.23,759.566
501021.SH,20170614,1.19,1.194,1.197,1.187,1.192,0.002,0.1681,55562.28,6619.391
501022.SH,20170614,0.878,0.878,0.883,0.866,0.868,-0.01,-1.139,2252.87,197.503
501023.SH,20170614,1.076,1.083,1.083,1.077,1.078,0.002,0.1859,5579.95,601.607
501025.SH,20170614,1.07,1.068,1.068,1.065,1.067,-0.003,-0.2804,2357.93,251.536
501026.SH,20170614,0.822,0.816,0.824,0.815,0.821,-0.001,-0.1217,15416.11,1262.564
501027.SH,20170614,0.877,0.878,0.881,0.878,0.878,0.001,0.114,5793.0,508.635
501028.SH,20170614,0.851,0.846,0.851,0.846,0.85,-0.001,-0.1175,16855.89,1427.536
501029.SH,20170614,1.044,1.044,1.044,1.03,1.03,-0.014,-1.341,87715.11,9085.023
501030.SH,20170614,1.001,0.994,0.997,0.993,0.994,-0.007,-0.6993,365.29,36.343
501031.SH,20170614,1.004,1.004,1.004,1.004,1.004,0.0,0.0,4.0,0.402
501050.SH,20170614,1.054,1.054,1.058,1.05,1.052,-0.002,-0.1898,9647.85,1015.988
501300.SH,20170614,0.996,0.998,0.998,0.994,0.997,0.001,0.1004,449.06,44.671
501301.SH,20170614,1.014,1.013,1.016,1.005,1.007,-0.007,-0.6903,22298.81,2250.464
502000.SH,20170614,0.98,0.911,0.98,0.911,0.98,0.0,0.0,8.0,0.763
502002.SH,20170614,0.853,0.788,0.788,0.788,0.788,-0.065,-7.6202,4.87,0.384
502003.SH,20170614,0.934,0.925,0.943,0.925,0.933,-0.001,-0.1071,4341.51,406.11
502004.SH,20170614,1.025,1.024,1.026,1.024,1.025,0.0,0.0,8238.07,844.509
502005.SH,20170614,0.841,0.83,0.852,0.83,0.843,0.002,0.2378,9145.82,771.127
502006.SH,20170614,1.019,1.01,1.019,1.006,1.009,-0.01,-0.9814,2413.37,244.286
502007.SH,20170614,1.113,1.1,1.112,1.1,1.112,-0.001,-0.0898,7.02,0.779
502008.SH,20170614,0.933,0.926,0.938,0.91,0.914,-0.019,-2.0364,1189.73,109.536
502011.SH,20170614,1.024,1.025,1.025,1.024,1.024,0.0,0.0,1860.14,190.61
502012.SH,20170614,1.182,1.175,1.176,1.167,1.167,-0.015,-1.269,1203.35,141.423
502013.SH,20170614,0.825,0.824,0.825,0.816,0.817,-0.008,-0.9697,34701.58,2845.219
502014.SH,20170614,1.031,1.031,1.032,1.029,1.031,0.0,0.0,25233.0,2600.537
502015.SH,20170614,0.617,0.618,0.618,0.603,0.603,-0.014,-2.269,58266.06,3545.421
502016.SH,20170614,1.044,1.084,1.084,1.061,1.061,0.017,1.6284,23.0,2.457
502020.SH,20170614,1.28,1.272,1.272,1.272,1.272,-0.008,-0.625,2.0,0.254
502021.SH,20170614,1.051,1.032,1.052,1.032,1.052,0.001,0.0951,11.0,1.137
502022.SH,20170614,1.5,1.466,1.466,1.466,1.466,-0.034,-2.2667,0.28,0.041
502023.SH,20170614,0.89,0.885,0.885,0.885,0.885,-0.005,-0.5618,7.0,0.62
502027.SH,20170614,1.02,1.019,1.024,1.019,1.021,0.001,0.098,774.0,78.918
502028.SH,20170614,0.512,0.513,0.519,0.513,0.519,0.007,1.3672,398.69,20.654
502031.SH,20170614,1.049,1.048,1.048,1.045,1.045,-0.004,-0.3813,55.0,5.764
502032.SH,20170614,0.91,0.91,0.91,0.91,0.91,0.0,0.0,28.0,2.548
502036.SH,20170614,0.982,0.959,0.959,0.958,0.958,-0.024,-2.444,2.0,0.192
502038.SH,20170614,0.911,0.828,0.842,0.828,0.842,-0.069,-7.5741,80.0,6.628
502040.SH,20170614,1.012,1.003,1.003,1.003,1.003,-0.009,-0.8893,2.0,0.201
502041.SH,20170614,1.038,1.038,1.038,1.038,1.038,0.0,0.0,1.0,0.104
502042.SH,20170614,0.931,0.96,0.96,0.945,0.945,0.014,1.5038,6.0,0.569
502048.SH,20170614,1.22,1.215,1.225,1.208,1.217,-0.003,-0.2459,1063.9,128.913
502049.SH,20170614,1.081,1.08,1.08,1.0,1.038,-0.043,-3.9778,941.0,101.136
502050.SH,20170614,1.363,1.357,1.362,1.335,1.354,-0.009,-0.6603,8561.38,1150.092
502053.SH,20170614,0.939,0.937,0.937,0.921,0.924,-0.015,-1.5974,313.0,28.934
502054.SH,20170614,1.074,1.075,1.075,1.075,1.075,0.001,0.0931,1.0,0.108
502055.SH,20170614,0.788,0.785,0.798,0.785,0.794,0.006,0.7614,1353.5,106.544
502056.SH,20170614,0.965,0.965,0.977,0.965,0.977,0.012,1.2435,725.0,70.689
502057.SH,20170614,1.04,1.04,1.04,1.04,1.04,0.0,0.0,100.0,10.4
505888.SH,20170614,1.18,1.18,1.181,1.178,1.179,-0.001,-0.0847,180330.91,21265.054
510010.SH,20170614,1.044,1.038,1.049,1.035,1.035,-0.009,-0.8621,545.59,56.542
510020.SH,20170614,2.525,2.505,2.505,2.482,2.486,-0.039,-1.5446,54.22,13.465
510030.SH,20170614,4.455,4.381,4.39,4.346,4.39,-0.065,-1.459,283.0,123.139
510050.SH,20170614,2.512,2.51,2.51,2.479,2.482,-0.03,-1.1943,2865079.21,713097.826
510060.SH,20170614,1.681,1.677,1.678,1.661,1.665,-0.016,-0.9518,1911.82,319.0
510090.SH,20170614,1.409,1.412,1.412,1.412,1.412,0.003,0.2129,0.76,0.107
510110.SH,20170614,3.17,3.1,3.101,3.087,3.098,-0.072,-2.2713,118.75,36.715
510120.SH,20170614,2.77,2.77,2.77,2.77,2.77,0.0,0.0,30.0,8.31
510130.SH,20170614,3.679,3.681,3.681,3.66,3.66,-0.019,-0.5164,79.0,29.056
510150.SH,20170614,4.301,4.378,4.378,4.308,4.308,0.007,0.1628,18.47,7.964
510160.SH,20170614,0.578,0.576,0.577,0.57,0.572,-0.006,-1.0381,7409.0,423.962
510170.SH,20170614,1.721,1.729,1.729,1.69,1.69,-0.031,-1.8013,132.0,22.426
510180.SH,20170614,3.175,3.17,3.17,3.138,3.143,-0.032,-1.0079,53599.0,16897.381
510190.SH,20170614,3.425,3.424,3.429,3.345,3.429,0.004,0.1168,2523.65,864.016
510210.SH,20170614,3.651,3.602,3.678,3.6,3.678,0.027,0.7395,129.53,46.66
510220.SH,20170614,3.989,3.912,3.979,3.912,3.963,-0.026,-0.6518,44.01,17.353
510230.SH,20170614,5.556,5.55,5.553,5.493,5.504,-0.052,-0.9359,401.0,221.245
510260.SH,20170614,1.123,1.073,1.135,1.073,1.12,-0.003,-0.2671,60.0,6.522
510270.SH,20170614,1.04,1.039,1.052,1.039,1.052,0.012,1.1538,45.0,4.715
510280.SH,20170614,1.5,1.5,1.5,1.5,1.5,0.0,0.0,244.0,36.6
510290.SH,20170614,1.51,1.514,1.514,1.503,1.503,-0.007,-0.4636,56.0,8.473
510300.SH,20170614,3.587,3.585,3.585,3.545,3.551,-0.036,-1.0036,1425761.88,508242.894
510310.SH,20170614,1.503,1.503,1.503,1.482,1.486,-0.017,-1.1311,10588.0,1577.833
510330.SH,20170614,3.831,3.831,3.831,3.786,3.792,-0.039,-1.018,25122.0,9550.027
510360.SH,20170614,1.111,1.11,1.111,1.097,1.1,-0.011,-0.9901,176085.0,19437.929
510410.SH,20170614,0.651,0.649,0.655,0.649,0.65,-0.001,-0.1536,1733.88,113.307
510420.SH,20170614,1.424,1.417,1.417,1.408,1.411,-0.013,-0.9129,14.0,1.973
510430.SH,20170614,1.37,1.379,1.379,1.379,1.379,0.009,0.6569,1.0,0.138
510500.SH,20170614,6.278,6.278,6.292,6.248,6.257,-0.021,-0.3345,226860.21,142226.464
510510.SH,20170614,1.659,1.66,1.663,1.653,1.655,-0.004,-0.2411,46915.0,7781.13
510560.SH,20170614,1.242,1.211,1.23,1.211,1.23,-0.012,-0.9662,2.0,0.244
510580.SH,20170614,5.879,5.864,5.864,5.83,5.863,-0.016,-0.2722,69.0,40.371
510630.SH,20170614,1.788,1.785,1.793,1.783,1.783,-0.005,-0.2796,287.65,51.476
510650.SH,20170614,1.578,1.569,1.577,1.559,1.564,-0.014,-0.8872,1212.0,189.692
510660.SH,20170614,1.682,1.682,1.684,1.666,1.669,-0.013,-0.7729,709.0,118.624
510710.SH,20170614,2.535,2.527,2.533,2.503,2.507,-0.028,-1.1045,2277.09,572.765
510810.SH,20170614,0.997,0.996,0.997,0.984,0.985,-0.012,-1.2036,65902.0,6523.791
510880.SH,20170614,2.865,2.865,2.865,2.825,2.829,-0.036,-1.2565,80597.29,22863.86
510900.SH,20170614,1.139,1.141,1.142,1.13,1.134,-0.005,-0.439,5882988.26,667434.143
511010.SH,20170614,109.895,109.899,110.055,109.898,110.003,0.108,0.0983,108792.52,1196933.459
511220.SH,20170614,93.599,93.7,93.895,93.656,93.801,0.202,0.2158,323.0,3028.197
511600.SH,20170614,99.999,99.998,99.998,99.992,99.996,-0.003,-0.003,5842.3,58419.996
511650.SH,20170614,100.0,99.998,99.999,99.994,99.997,-0.003,-0.003,6337.15,63369.439
511660.SH,20170614,99.999,99.996,100.0,99.994,99.999,0.0,0.0,174459.27,1744544.051
511680.SH,20170614,99.996,99.994,99.995,99.994,99.995,-0.001,-0.001,79.01,790.056
511690.SH,20170614,99.997,99.996,99.997,99.993,99.995,-0.002,-0.002,80340.96,803368.389
511700.SH,20170614,100.0,100.0,100.003,99.996,100.002,0.002,0.002,213.13,2131.32
511770.SH,20170614,99.99,99.992,99.996,99.968,99.975,-0.015,-0.015,4982.53,49822.273
511800.SH,20170614,99.995,99.995,99.998,99.991,99.995,0.0,0.0,9040.81,90402.956
511810.SH,20170614,99.997,99.994,99.997,99.992,99.996,-0.001,-0.001,321617.17,3216012.801
511820.SH,20170614,99.997,99.996,99.997,99.991,99.994,-0.003,-0.003,53367.97,533650.16
511830.SH,20170614,99.998,100.0,100.008,99.2,99.996,-0.002,-0.002,5974.72,59738.021
511850.SH,20170614,100.004,100.002,100.005,99.998,100.004,0.0,0.0,14989.78,149900.049
511860.SH,20170614,100.0,99.997,100.003,99.991,99.996,-0.004,-0.004,9078.87,90783.999
511880.SH,20170614,101.56,101.569,101.571,101.563,101.57,0.01,0.0098,791696.85,8041036.01
511890.SH,20170614,99.993,99.996,99.996,99.988,99.996,0.003,0.003,267.01,2669.835
511900.SH,20170614,99.996,99.996,99.998,99.993,99.998,0.002,0.002,41921.64,419199.401
511910.SH,20170614,99.995,99.993,99.995,99.992,99.994,-0.001,-0.001,5184.47,51841.766
511920.SH,20170614,99.994,99.987,99.99,99.987,99.99,-0.004,-0.004,24.04,240.374
511930.SH,20170614,99.992,99.995,99.995,99.99,99.99,-0.002,-0.002,2045.06,20449.05
511960.SH,20170614,99.998,99.995,99.997,99.9,99.994,-0.004,-0.004,1166.31,11659.556
511970.SH,20170614,99.996,99.996,99.996,99.995,99.995,-0.001,-0.001,55.22,552.178
511980.SH,20170614,99.998,99.996,99.997,99.992,99.994,-0.004,-0.004,6666.91,66665.554
511990.SH,20170614,99.999,99.996,99.999,99.991,99.996,-0.003,-0.003,1282640.44,12825762.633
512000.SH,20170614,0.932,0.932,0.935,0.927,0.93,-0.002,-0.2146,38297.0,3566.166
512010.SH,20170614,1.549,1.517,1.549,1.517,1.543,-0.006,-0.3873,3535.0,541.036
512070.SH,20170614,1.782,1.777,1.781,1.765,1.77,-0.012,-0.6734,2972.0,527.043
512100.SH,20170614,0.841,0.84,0.843,0.839,0.84,-0.001,-0.1189,8729.0,733.865
512120.SH,20170614,1.439,1.433,1.433,1.418,1.429,-0.01,-0.6949,78.0,11.066
512210.SH,20170614,1.644,1.63,1.63,1.62,1.621,-0.023,-1.399,22.0,3.571
512230.SH,20170614,1.335,1.31,1.327,1.31,1.327,-0.008,-0.5993,173.0,22.675
512300.SH,20170614,1.184,1.178,1.188,1.16,1.167,-0.017,-1.4358,39310.0,4620.974
512310.SH,20170614,0.671,0.672,0.672,0.669,0.67,-0.001,-0.149,2420.0,162.319
512330.SH,20170614,0.773,0.774,0.774,0.77,0.77,-0.003,-0.3881,1631.0,126.018
512340.SH,20170614,0.794,0.797,0.797,0.794,0.795,0.001,0.1259,3267.0,260.101
512500.SH,20170614,2.899,2.89,2.9,2.885,2.895,-0.004,-0.138,897.66,259.634
512510.SH,20170614,1.219,1.212,1.223,1.212,1.219,0.0,0.0,5845.58,713.018
512580.SH,20170614,0.979,0.979,0.981,0.974,0.975,-0.004,-0.4086,2300.0,224.54
512600.SH,20170614,1.755,1.756,1.756,1.753,1.754,-0.001,-0.057,938.0,164.521
512610.SH,20170614,1.464,1.458,1.459,1.447,1.459,-0.005,-0.3415,122.0,17.681
512660.SH,20170614,0.854,0.855,0.866,0.854,0.861,0.007,0.8197,181478.0,15623.31
512680.SH,20170614,0.833,0.832,0.845,0.832,0.838,0.005,0.6002,59471.0,4993.801
512810.SH,20170614,0.829,0.831,0.841,0.831,0.834,0.005,0.6031,28009.0,2346.122
512880.SH,20170614,0.982,0.982,0.986,0.978,0.983,0.001,0.1018,107399.0,10560.338
512900.SH,20170614,0.94,0.939,0.945,0.938,0.942,0.002,0.2128,35999.0,3390.621
512990.SH,20170614,1.043,1.043,1.043,1.032,1.036,-0.007,-0.6711,6611.0,686.067
513030.SH,20170614,1.111,1.115,1.115,1.111,1.114,0.003,0.27,23049.0,2565.651
513050.SH,20170614,1.274,1.268,1.268,1.26,1.261,-0.013,-1.0204,111822.0,14117.754
513100.SH,20170614,2.079,2.093,2.094,2.074,2.078,-0.001,-0.0481,40566.09,8450.365
513500.SH,20170614,1.529,1.529,1.535,1.527,1.529,0.0,0.0,9179.0,1404.887
513600.SH,20170614,2.313,2.307,2.313,2.298,2.306,-0.007,-0.3026,915.25,211.064
513660.SH,20170614,2.304,2.311,2.311,2.292,2.302,-0.002,-0.0868,12817.0,2945.061
518800.SH,20170614,2.763,2.766,2.777,2.766,2.774,0.011,0.3981,293360.0,81364.394
518880.SH,20170614,2.775,2.78,2.79,2.778,2.782,0.007,0.2523,1785083.5,496961.336
