ts_code,trade_date,pre_close,open,high,low,close,change,pct_chg,vol,amount
150008.SZ,20170719,1.34,1.27,1.352,1.27,1.352,0.012,0.8955,303.24,40.955
150009.SZ,20170719,1.05,1.023,1.13,1.023,1.128,0.078,7.4286,12952.77,1425.43
150012.SZ,20170719,1.041,1.04,1.043,1.04,1.043,0.002,0.1921,2704.48,281.778
150013.SZ,20170719,1.334,1.345,1.35,1.338,1.35,0.016,1.1994,3074.36,413.612
150016.SZ,20170719,1.04,1.045,1.045,1.041,1.045,0.005,0.4808,1369.83,143.023
150017.SZ,20170719,1.126,1.124,1.14,1.124,1.14,0.014,1.2433,255.52,29.085
150018.SZ,20170719,1.049,1.049,1.058,1.049,1.055,0.006,0.572,198638.03,20902.729
150019.SZ,20170719,0.876,0.871,0.923,0.871,0.918,0.042,4.7945,590884.15,53019.271
150020.SZ,20170719,1.056,1.055,1.056,1.055,1.056,0.0,0.0,4213.99,444.577
150021.SZ,20170719,1.054,1.05,1.053,1.044,1.047,-0.007,-0.6641,13297.05,1391.838
150022.SZ,20170719,0.79,0.788,0.794,0.786,0.794,0.004,0.5063,366693.82,28971.06
150023.SZ,20170719,0.357,0.358,0.366,0.355,0.366,0.009,2.521,608252.62,21947.655
150028.SZ,20170719,1.015,1.01,1.014,1.01,1.012,-0.003,-0.2956,556.0,56.272
150029.SZ,20170719,1.311,1.319,1.358,1.319,1.352,0.041,3.1274,457.15,61.741
150030.SZ,20170719,1.06,1.04,1.055,1.03,1.055,-0.005,-0.4717,730.23,77.022
150031.SZ,20170719,1.175,1.174,1.228,1.174,1.228,0.053,4.5106,560.36,68.601
150032.SZ,20170719,1.003,1.003,1.004,1.003,1.003,0.0,0.0,1283.0,128.725
150033.SZ,20170719,0.957,0.948,0.948,0.948,0.948,-0.009,-0.9404,3.0,0.284
150039.SZ,20170719,0.988,0.986,0.99,0.938,0.938,-0.05,-5.0607,403.06,39.9
150040.SZ,20170719,1.136,1.036,1.036,1.036,1.036,-0.1,-8.8028,2.01,0.208
150047.SZ,20170719,1.427,1.422,1.422,1.422,1.422,-0.005,-0.3504,65.0,9.243
150048.SZ,20170719,1.07,1.05,1.09,1.05,1.09,0.02,1.8692,23.0,2.419
150049.SZ,20170719,1.009,1.01,1.011,1.009,1.01,0.001,0.0991,4557.0,460.328
150050.SZ,20170719,1.13,1.115,1.159,1.115,1.159,0.029,2.5664,4141.54,477.544
150051.SZ,20170719,1.015,1.016,1.016,1.015,1.015,0.0,0.0,914.51,92.828
150052.SZ,20170719,1.572,1.57,1.628,1.563,1.627,0.055,3.4987,9186.12,1471.905
150053.SZ,20170719,1.014,1.029,1.029,1.029,1.029,0.015,1.4793,150.68,15.504
150055.SZ,20170719,1.055,1.075,1.075,1.044,1.044,-0.011,-1.0427,1.36,0.145
150056.SZ,20170719,1.389,1.306,1.42,1.306,1.398,0.009,0.6479,1184.0,165.195
150057.SZ,20170719,1.094,1.062,1.094,1.062,1.089,-0.005,-0.457,107.14,11.653
150058.SZ,20170719,0.979,0.97,1.0,0.97,1.0,0.021,2.145,1651.0,164.971
150059.SZ,20170719,1.086,1.182,1.195,1.182,1.195,0.109,10.0368,729.32,86.759
150060.SZ,20170719,1.15,1.153,1.207,1.153,1.199,0.049,4.2609,11144.28,1323.937
150064.SZ,20170719,1.02,1.022,1.022,1.015,1.022,0.002,0.1961,854.56,87.32
150065.SZ,20170719,0.957,0.973,0.987,0.971,0.987,0.03,3.1348,7.93,0.779
150066.SZ,20170719,0.93,0.923,0.923,0.915,0.916,-0.014,-1.5054,302.0,27.754
150067.SZ,20170719,1.406,1.418,1.418,1.418,1.418,0.012,0.8535,385.0,54.593
150075.SZ,20170719,1.096,1.11,1.121,1.11,1.121,0.025,2.281,2.0,0.223
150076.SZ,20170719,1.0,1.002,1.004,1.001,1.002,0.002,0.2,170.0,17.031
150077.SZ,20170719,1.456,1.497,1.515,1.479,1.515,0.059,4.0522,110.0,16.615
150083.SZ,20170719,1.11,1.102,1.102,1.102,1.102,-0.008,-0.7207,36.0,3.967
150084.SZ,20170719,1.044,1.109,1.109,1.012,1.061,0.017,1.6284,200.0,21.21
150091.SZ,20170719,0.804,0.87,0.87,0.87,0.87,0.066,8.209,2.0,0.174
150092.SZ,20170719,1.031,1.02,1.02,1.02,1.02,-0.011,-1.0669,1.0,0.102
150093.SZ,20170719,0.915,0.915,0.915,0.915,0.915,0.0,0.0,16.81,1.538
150094.SZ,20170719,1.022,1.021,1.021,1.021,1.021,-0.001,-0.0978,2.0,0.204
150095.SZ,20170719,0.437,0.476,0.476,0.413,0.434,-0.003,-0.6865,4.0,0.177
150100.SZ,20170719,1.04,1.04,1.043,1.035,1.042,0.002,0.1923,22161.05,2307.874
150101.SZ,20170719,1.419,1.424,1.546,1.424,1.545,0.126,8.8795,31091.7,4683.993
150104.SZ,20170719,1.094,1.096,1.096,1.047,1.096,0.002,0.1828,103.0,11.279
150105.SZ,20170719,1.486,1.5,1.5,1.487,1.487,0.001,0.0673,1816.0,270.04
150106.SZ,20170719,1.128,1.123,1.13,1.123,1.13,0.002,0.1773,3770.0,425.793
150107.SZ,20170719,0.919,0.92,0.965,0.912,0.965,0.046,5.0054,6786.52,637.852
150108.SZ,20170719,1.093,1.052,1.095,1.052,1.095,0.002,0.183,83.0,8.955
150109.SZ,20170719,0.945,0.899,0.999,0.899,0.977,0.032,3.3862,849.25,81.756
150112.SZ,20170719,0.982,0.994,0.997,0.994,0.996,0.014,1.4257,1288.0,128.308
150113.SZ,20170719,1.53,1.504,1.504,1.504,1.504,-0.026,-1.6993,53.0,7.971
150117.SZ,20170719,1.046,1.047,1.05,1.044,1.05,0.004,0.3824,122185.0,12782.132
150118.SZ,20170719,0.443,0.444,0.458,0.439,0.456,0.013,2.9345,102085.0,4606.171
150121.SZ,20170719,1.037,1.037,1.038,1.034,1.038,0.001,0.0964,387.5,40.204
150122.SZ,20170719,1.35,1.364,1.411,1.364,1.411,0.061,4.5185,834.98,117.432
150123.SZ,20170719,1.32,1.32,1.32,1.3,1.307,-0.013,-0.9848,2867.8,378.4
150124.SZ,20170719,1.904,1.9,1.945,1.9,1.945,0.041,2.1534,6432.05,1233.037
150130.SZ,20170719,1.05,1.05,1.053,1.047,1.051,0.001,0.0952,187433.33,19692.308
150131.SZ,20170719,0.477,0.478,0.491,0.476,0.49,0.013,2.7254,197402.83,9578.704
150135.SZ,20170719,1.017,1.016,1.019,1.016,1.019,0.002,0.1967,2131.0,216.85
150136.SZ,20170719,0.806,0.813,0.818,0.812,0.817,0.011,1.3648,1814.0,147.711
150138.SZ,20170719,1.026,1.026,1.027,1.025,1.025,-0.001,-0.0975,326.0,33.471
150139.SZ,20170719,0.807,0.856,0.888,0.856,0.888,0.081,10.0372,142.92,12.628
150140.SZ,20170719,1.018,1.022,1.023,1.017,1.018,0.0,0.0,18194.0,1854.581
150141.SZ,20170719,0.873,0.876,0.898,0.876,0.898,0.025,2.8637,10893.19,966.753
150143.SZ,20170719,1.011,1.0,1.0,1.0,1.0,-0.011,-1.088,3.24,0.324
150144.SZ,20170719,0.668,0.602,0.698,0.602,0.69,0.022,3.2934,12434.5,849.147
150146.SZ,20170719,0.412,0.417,0.422,0.417,0.417,0.005,1.2136,150.0,6.257
150148.SZ,20170719,1.062,1.055,1.061,1.055,1.059,-0.003,-0.2825,720.0,76.083
150149.SZ,20170719,0.6,0.598,0.612,0.598,0.6,0.0,0.0,1328.0,80.27
150150.SZ,20170719,1.038,1.039,1.065,1.039,1.064,0.026,2.5048,3212.28,338.458
150151.SZ,20170719,1.243,1.242,1.299,1.233,1.299,0.056,4.5052,11625.18,1496.014
150152.SZ,20170719,1.017,1.016,1.019,1.016,1.019,0.002,0.1967,168203.79,17117.824
150153.SZ,20170719,0.496,0.492,0.504,0.482,0.5,0.004,0.8065,2213169.66,109330.019
150156.SZ,20170719,1.017,1.01,1.015,1.01,1.015,-0.002,-0.1967,696.0,70.335
150157.SZ,20170719,1.037,1.038,1.04,1.036,1.038,0.001,0.0964,77148.0,8007.751
150158.SZ,20170719,0.99,0.991,1.028,0.981,1.028,0.038,3.8384,125567.23,12694.433
150164.SZ,20170719,1.002,1.0,1.003,0.999,1.003,0.001,0.0998,2329.02,233.284
150165.SZ,20170719,0.739,0.731,0.745,0.73,0.745,0.006,0.8119,1694.6,124.841
150167.SZ,20170719,1.103,1.088,1.088,1.088,1.088,-0.015,-1.3599,60.0,6.528
150168.SZ,20170719,0.749,0.794,0.794,0.742,0.79,0.041,5.474,848.0,65.144
150169.SZ,20170719,1.029,1.03,1.03,1.026,1.027,-0.002,-0.1944,473.0,48.597
150170.SZ,20170719,1.251,1.246,1.263,1.246,1.263,0.012,0.9592,8068.02,1016.659
150171.SZ,20170719,1.001,1.001,1.009,1.0,1.007,0.006,0.5994,892365.67,89761.293
150172.SZ,20170719,1.036,1.037,1.14,1.029,1.138,0.102,9.8456,1867462.75,205012.879
150173.SZ,20170719,0.998,0.997,0.999,0.997,0.999,0.001,0.1002,8474.61,845.631
150174.SZ,20170719,0.49,0.49,0.49,0.48,0.484,-0.006,-1.2245,19361.96,938.774
150175.SZ,20170719,0.964,0.964,0.966,0.963,0.966,0.002,0.2075,380309.0,36693.284
150176.SZ,20170719,1.007,1.011,1.026,1.011,1.025,0.018,1.7875,503360.4,51414.484
150177.SZ,20170719,1.051,1.059,1.059,1.053,1.058,0.007,0.666,17447.28,1843.844
150178.SZ,20170719,1.438,1.425,1.512,1.421,1.512,0.074,5.146,20269.4,3006.934
150179.SZ,20170719,1.03,1.03,1.031,1.03,1.031,0.001,0.0971,765.12,78.867
150180.SZ,20170719,1.151,1.14,1.2,1.14,1.2,0.049,4.2572,972.12,115.05
150181.SZ,20170719,1.001,1.0,1.004,0.999,1.002,0.001,0.0999,187434.59,18778.057
150182.SZ,20170719,0.722,0.721,0.734,0.712,0.732,0.01,1.385,614951.55,44495.884
150184.SZ,20170719,1.015,1.006,1.015,1.004,1.014,-0.001,-0.0985,2444.0,247.33
150185.SZ,20170719,0.731,0.738,0.749,0.725,0.748,0.017,2.3256,12808.06,941.222
150186.SZ,20170719,1.014,1.014,1.016,1.013,1.015,0.001,0.0986,11904.73,1208.485
150187.SZ,20170719,0.547,0.525,0.549,0.525,0.548,0.001,0.1828,20688.85,1120.918
150188.SZ,20170719,1.002,1.0,1.002,1.0,1.002,0.0,0.0,4281.2,428.371
150189.SZ,20170719,0.89,0.813,0.896,0.813,0.896,0.006,0.6742,607.87,53.821
150190.SZ,20170719,1.07,1.069,1.069,1.069,1.069,-0.001,-0.0935,19.0,2.031
150191.SZ,20170719,1.027,1.024,1.036,0.989,1.03,0.003,0.2921,269.87,27.556
150192.SZ,20170719,1.085,1.085,1.089,1.083,1.087,0.002,0.1843,1203.0,130.674
150193.SZ,20170719,0.983,1.011,1.02,0.997,1.019,0.036,3.6623,4575.49,463.882
150194.SZ,20170719,1.006,1.015,1.015,1.006,1.015,0.009,0.8946,16955.05,1719.482
150195.SZ,20170719,0.982,0.958,1.018,0.956,1.014,0.032,3.2587,55944.37,5539.336
150196.SZ,20170719,1.096,1.091,1.1,1.091,1.098,0.002,0.1825,122798.37,13464.98
150197.SZ,20170719,1.094,1.09,1.198,1.09,1.192,0.098,8.958,410558.96,47462.768
150198.SZ,20170719,1.134,1.135,1.142,1.132,1.142,0.008,0.7055,65736.0,7461.487
150199.SZ,20170719,0.827,0.831,0.854,0.831,0.848,0.021,2.5393,27726.0,2346.479
150200.SZ,20170719,0.996,0.996,1.0,0.994,1.0,0.004,0.4016,5342708.74,532835.975
150201.SZ,20170719,0.414,0.412,0.455,0.407,0.455,0.041,9.9034,12143966.9,535061.612
150203.SZ,20170719,1.013,1.013,1.013,1.002,1.013,0.0,0.0,10.12,1.024
150204.SZ,20170719,0.667,0.65,0.677,0.649,0.677,0.01,1.4993,3719.38,247.69
150205.SZ,20170719,0.984,0.984,0.987,0.983,0.987,0.003,0.3049,50070.76,4938.273
150206.SZ,20170719,0.88,0.878,0.906,0.875,0.898,0.018,2.0455,236469.04,21116.295
150207.SZ,20170719,1.05,1.054,1.054,1.054,1.054,0.004,0.381,7.0,0.737
150208.SZ,20170719,0.474,0.479,0.479,0.47,0.478,0.004,0.8439,11779.17,557.502
150209.SZ,20170719,1.025,1.027,1.028,1.026,1.027,0.002,0.1951,271241.67,27857.502
150210.SZ,20170719,0.808,0.809,0.834,0.805,0.834,0.026,3.2178,522484.19,43007.557
150211.SZ,20170719,1.024,1.025,1.026,1.022,1.024,0.0,0.0,84032.0,8605.015
150212.SZ,20170719,0.628,0.623,0.669,0.62,0.655,0.027,4.2994,160170.32,10265.203
150213.SZ,20170719,1.035,1.037,1.037,1.035,1.035,0.0,0.0,13195.0,1365.847
150214.SZ,20170719,0.324,0.322,0.34,0.315,0.337,0.013,4.0123,156228.37,5103.684
150215.SZ,20170719,1.126,1.11,1.11,1.11,1.11,-0.016,-1.421,16.0,1.776
150216.SZ,20170719,0.996,1.014,1.095,0.986,1.008,0.012,1.2048,379.32,37.882
150217.SZ,20170719,1.014,1.005,1.014,1.005,1.012,-0.002,-0.1972,6015.0,608.915
150218.SZ,20170719,0.52,0.52,0.571,0.519,0.55,0.03,5.7692,17909.44,971.659
150219.SZ,20170719,1.11,1.11,1.111,1.11,1.111,0.001,0.0901,155.5,17.272
150220.SZ,20170719,0.79,0.793,0.815,0.782,0.815,0.025,3.1646,74015.4,5925.039
150221.SZ,20170719,1.096,1.096,1.096,1.091,1.094,-0.002,-0.1825,202443.0,22138.294
150222.SZ,20170719,0.381,0.381,0.395,0.373,0.391,0.01,2.6247,2214682.31,85727.242
150223.SZ,20170719,1.117,1.118,1.122,1.114,1.119,0.002,0.1791,587196.58,65683.431
150224.SZ,20170719,0.816,0.815,0.898,0.809,0.898,0.082,10.049,930010.5,80545.59
150225.SZ,20170719,1.053,1.048,1.06,1.048,1.06,0.007,0.6648,955.31,100.902
150226.SZ,20170719,1.242,1.347,1.35,1.314,1.347,0.105,8.4541,3595.85,480.378
150227.SZ,20170719,1.012,1.013,1.014,1.01,1.012,0.0,0.0,373742.0,37820.229
150228.SZ,20170719,0.9,0.899,0.927,0.898,0.923,0.023,2.5556,956554.48,87231.827
150229.SZ,20170719,1.043,1.047,1.047,1.045,1.045,0.002,0.1918,533.0,55.779
150230.SZ,20170719,1.019,0.996,1.04,0.996,1.035,0.016,1.5702,1038.0,107.213
150232.SZ,20170719,1.078,1.088,1.099,1.026,1.098,0.02,1.8553,881.62,93.769
150235.SZ,20170719,1.019,1.027,1.031,1.019,1.031,0.012,1.1776,24145.91,2479.603
150236.SZ,20170719,0.786,0.784,0.865,0.779,0.865,0.079,10.0509,146134.66,12386.444
150241.SZ,20170719,1.054,1.043,1.044,1.042,1.043,-0.011,-1.0436,734.0,76.536
150242.SZ,20170719,1.019,1.022,1.036,1.014,1.036,0.017,1.6683,4687.34,481.812
150244.SZ,20170719,0.525,0.514,0.529,0.51,0.528,0.003,0.5714,43983.69,2289.159
150247.SZ,20170719,1.023,1.023,1.026,1.023,1.024,0.001,0.0978,16608.19,1702.048
150248.SZ,20170719,0.771,0.75,0.808,0.75,0.788,0.017,2.2049,5478.49,422.721
150249.SZ,20170719,1.032,1.022,1.029,1.022,1.029,-0.003,-0.2907,645.0,66.336
150250.SZ,20170719,0.972,0.99,0.99,0.974,0.989,0.017,1.749,896.0,88.181
150251.SZ,20170719,1.122,1.122,1.23,1.122,1.155,0.033,2.9412,27615.14,3234.654
150252.SZ,20170719,1.219,1.217,1.33,1.185,1.315,0.096,7.8753,116722.26,15004.789
150255.SZ,20170719,0.978,0.976,0.979,0.976,0.979,0.001,0.1022,5430.0,531.438
150256.SZ,20170719,0.897,0.92,0.92,0.889,0.899,0.002,0.223,1730.99,156.655
150257.SZ,20170719,0.987,0.983,0.983,0.982,0.983,-0.004,-0.4053,312.0,30.668
150258.SZ,20170719,0.875,0.891,0.892,0.891,0.892,0.017,1.9429,12.0,1.069
150259.SZ,20170719,0.98,0.978,0.98,0.976,0.98,0.0,0.0,6459.82,632.961
150260.SZ,20170719,0.596,0.605,0.618,0.604,0.612,0.016,2.6846,2935.84,180.202
150261.SZ,20170719,1.05,1.044,1.048,1.043,1.044,-0.006,-0.5714,31956.8,3340.016
150262.SZ,20170719,0.711,0.695,0.698,0.682,0.685,-0.026,-3.6568,23394.62,1621.432
150263.SZ,20170719,1.031,1.024,1.03,1.024,1.028,-0.003,-0.291,1148.17,117.724
150264.SZ,20170719,0.48,0.432,0.476,0.432,0.432,-0.048,-10.0,1495.49,64.62
150265.SZ,20170719,1.078,1.079,1.088,1.075,1.083,0.005,0.4638,12181.9,1317.533
150266.SZ,20170719,1.288,1.289,1.329,1.28,1.321,0.033,2.5621,12013.21,1571.547
150267.SZ,20170719,1.078,1.05,1.068,1.05,1.066,-0.012,-1.1132,307.0,32.77
150268.SZ,20170719,0.912,0.918,0.95,0.915,0.929,0.017,1.864,1894.12,174.746
150269.SZ,20170719,1.079,1.09,1.09,1.08,1.083,0.004,0.3707,16472.75,1786.721
150270.SZ,20170719,1.386,1.389,1.439,1.389,1.428,0.042,3.0303,26668.01,3792.669
150273.SZ,20170719,1.013,1.005,1.015,1.001,1.014,0.001,0.0987,21155.7,2139.351
150274.SZ,20170719,0.643,0.633,0.662,0.623,0.662,0.019,2.9549,11416.17,739.75
150275.SZ,20170719,0.999,0.998,1.002,0.998,1.002,0.003,0.3003,106816.07,10682.753
150276.SZ,20170719,0.573,0.575,0.599,0.564,0.594,0.021,3.6649,328830.44,19203.636
150277.SZ,20170719,1.015,1.014,1.016,1.014,1.015,0.0,0.0,13250.59,1344.635
150278.SZ,20170719,0.51,0.511,0.528,0.51,0.527,0.017,3.3333,23892.45,1238.878
150280.SZ,20170719,0.663,0.607,0.673,0.607,0.635,-0.028,-4.2232,965.0,63.412
150282.SZ,20170719,0.523,0.527,0.549,0.527,0.545,0.022,4.2065,2899.98,156.037
150283.SZ,20170719,0.976,0.975,0.976,0.971,0.975,-0.001,-0.1025,1833.0,178.709
150287.SZ,20170719,1.054,1.058,1.061,1.057,1.06,0.006,0.5693,57545.8,6097.176
150288.SZ,20170719,0.662,0.661,0.711,0.661,0.71,0.048,7.2508,189829.64,13284.395
150289.SZ,20170719,1.055,1.054,1.059,1.054,1.056,0.001,0.0948,264419.36,27954.993
150290.SZ,20170719,0.589,0.592,0.648,0.59,0.648,0.059,10.017,774375.37,48552.898
150291.SZ,20170719,1.057,1.057,1.057,1.055,1.057,0.0,0.0,6561.89,692.752
150292.SZ,20170719,0.75,0.754,0.768,0.75,0.766,0.016,2.1333,5780.97,439.885
150293.SZ,20170719,1.036,1.043,1.047,1.043,1.045,0.009,0.8687,755.0,78.868
150294.SZ,20170719,1.015,0.928,1.035,0.928,1.002,-0.013,-1.2808,179.48,17.376
150295.SZ,20170719,1.027,1.027,1.029,1.025,1.027,0.0,0.0,8611.21,884.653
150296.SZ,20170719,0.908,0.918,0.938,0.917,0.938,0.03,3.304,8515.92,790.724
150297.SZ,20170719,1.043,1.043,1.043,1.038,1.043,0.0,0.0,1768.56,184.433
150298.SZ,20170719,0.461,0.416,0.46,0.416,0.44,-0.021,-4.5553,820.5,35.74
150299.SZ,20170719,1.056,1.056,1.058,1.054,1.057,0.001,0.0947,165687.12,17491.028
150300.SZ,20170719,0.695,0.693,0.718,0.693,0.711,0.016,2.3022,150489.99,10602.124
150301.SZ,20170719,1.049,1.051,1.053,1.044,1.053,0.004,0.3813,3577.45,376.468
150302.SZ,20170719,1.0,0.952,1.071,0.952,1.069,0.069,6.9,9751.98,1021.366
150303.SZ,20170719,1.028,1.028,1.034,1.028,1.034,0.006,0.5837,33975.38,3505.77
150304.SZ,20170719,0.767,0.762,0.776,0.753,0.775,0.008,1.043,43798.83,3372.595
150305.SZ,20170719,1.033,1.037,1.06,1.037,1.06,0.027,2.6137,506.05,53.422
150306.SZ,20170719,0.496,0.475,0.492,0.475,0.489,-0.007,-1.4113,1647.0,79.851
150307.SZ,20170719,0.978,0.977,0.98,0.976,0.98,0.002,0.2045,2782.0,272.388
150308.SZ,20170719,0.958,0.939,0.965,0.939,0.965,0.007,0.7307,1627.59,155.122
150310.SZ,20170719,0.456,0.413,0.43,0.413,0.43,-0.026,-5.7018,29.0,1.245
150312.SZ,20170719,0.678,0.726,0.726,0.61,0.677,-0.001,-0.1475,24.0,1.623
150315.SZ,20170719,1.01,1.009,1.02,1.009,1.019,0.009,0.8911,1553.44,157.416
150316.SZ,20170719,0.68,0.677,0.74,0.654,0.7,0.02,2.9412,2921.71,198.878
150318.SZ,20170719,0.751,0.751,0.751,0.751,0.751,0.0,0.0,50.0,3.755
150321.SZ,20170719,1.196,1.197,1.21,1.191,1.198,0.002,0.1672,53995.86,6475.536
150322.SZ,20170719,1.187,1.199,1.306,1.181,1.306,0.119,10.0253,77493.88,9717.596
150323.SZ,20170719,1.026,1.026,1.027,1.024,1.027,0.001,0.0975,578.0,59.305
150324.SZ,20170719,0.367,0.367,0.38,0.345,0.38,0.013,3.5422,351.95,12.807
150325.SZ,20170719,1.039,1.037,1.038,1.037,1.038,-0.001,-0.0962,264.0,27.383
150326.SZ,20170719,0.869,0.941,0.941,0.918,0.937,0.068,7.8251,442.72,41.524
150327.SZ,20170719,1.095,1.13,1.13,1.077,1.077,-0.018,-1.6438,95.0,10.443
150328.SZ,20170719,1.05,1.061,1.1,1.061,1.097,0.047,4.4762,226.78,24.85
150329.SZ,20170719,1.068,1.065,1.078,1.047,1.051,-0.017,-1.5918,3543.0,376.602
150330.SZ,20170719,1.332,1.329,1.347,1.308,1.346,0.014,1.0511,48711.0,6473.76
150331.SZ,20170719,1.055,1.056,1.056,1.055,1.056,0.001,0.0948,38378.0,4050.167
150332.SZ,20170719,0.303,0.3,0.316,0.299,0.316,0.013,4.2904,56708.79,1751.175
150335.SZ,20170719,1.025,1.024,1.025,1.023,1.025,0.0,0.0,46760.17,4787.12
150336.SZ,20170719,0.289,0.287,0.296,0.28,0.293,0.004,1.3841,92181.0,2680.857
150343.SZ,20170719,1.057,1.058,1.058,1.058,1.058,0.001,0.0946,3072.0,325.017
150344.SZ,20170719,0.973,0.986,1.07,0.986,1.07,0.097,9.9692,5535.77,583.129
159001.SZ,20170719,99.998,99.999,100.0,99.99,99.992,-0.006,-0.006,69862.64,698594.185
159003.SZ,20170719,99.997,99.996,99.997,99.978,99.992,-0.005,-0.005,107895.1,1078879.005
159005.SZ,20170719,100.0,100.0,100.001,99.993,99.998,-0.002,-0.002,35705.32,357054.23
159901.SZ,20170719,4.34,4.332,4.437,4.322,4.437,0.097,2.235,85439.2,37479.553
159902.SZ,20170719,3.229,3.225,3.318,3.218,3.316,0.087,2.6943,127619.97,41724.913
159903.SZ,20170719,1.091,1.085,1.103,1.082,1.103,0.012,1.0999,8114.52,886.401
159905.SZ,20170719,1.451,1.452,1.479,1.452,1.478,0.027,1.8608,34407.0,5058.085
159906.SZ,20170719,0.91,0.906,0.937,0.906,0.935,0.025,2.7473,332.0,30.395
159907.SZ,20170719,1.37,1.361,1.395,1.361,1.39,0.02,1.4599,31257.0,4338.941
159908.SZ,20170719,1.325,1.334,1.356,1.334,1.356,0.031,2.3396,103.01,13.784
159909.SZ,20170719,4.801,4.87,4.87,4.87,4.87,0.069,1.4372,3.0,1.461
159910.SZ,20170719,1.552,1.569,1.582,1.569,1.582,0.03,1.933,113.0,17.763
159911.SZ,20170719,3.97,3.988,4.108,3.936,4.108,0.138,3.4761,141.06,56.011
159912.SZ,20170719,1.272,1.272,1.288,1.272,1.282,0.01,0.7862,560.0,71.771
159913.SZ,20170719,1.629,1.715,1.715,1.664,1.665,0.036,2.2099,38.0,6.494
159915.SZ,20170719,1.579,1.573,1.595,1.561,1.593,0.014,0.8866,1628131.05,257042.337
159916.SZ,20170719,3.189,3.15,3.246,3.15,3.232,0.043,1.3484,118.0,38.006
159918.SZ,20170719,1.732,1.73,1.759,1.73,1.759,0.027,1.5589,161.53,28.175
159919.SZ,20170719,3.987,3.987,4.075,3.982,4.075,0.088,2.2072,111229.42,44956.646
159920.SZ,20170719,1.443,1.444,1.457,1.443,1.453,0.01,0.693,711841.0,103247.054
159921.SZ,20170719,1.496,1.49,1.497,1.49,1.497,0.001,0.0668,123.0,18.404
159922.SZ,20170719,6.06,5.901,6.18,5.701,6.175,0.115,1.8977,2599.0,1574.084
159923.SZ,20170719,1.484,1.486,1.516,1.475,1.516,0.032,2.1563,148064.38,22199.098
159924.SZ,20170719,1.405,1.416,1.418,1.389,1.417,0.012,0.8541,1957.87,277.131
159925.SZ,20170719,1.512,1.515,1.542,1.515,1.54,0.028,1.8519,4706.51,721.763
159927.SZ,20170719,3.638,3.657,3.69,3.64,3.69,0.052,1.4294,419.0,154.368
159928.SZ,20170719,1.714,1.713,1.734,1.713,1.734,0.02,1.1669,1187.0,204.558
159929.SZ,20170719,1.418,1.402,1.426,1.402,1.426,0.008,0.5642,1165.07,165.921
159930.SZ,20170719,0.824,0.827,0.848,0.817,0.839,0.015,1.8204,4234.73,352.81
159931.SZ,20170719,1.608,1.608,1.637,1.583,1.626,0.018,1.1194,1686.0,272.422
159932.SZ,20170719,1.657,1.67,1.68,1.67,1.68,0.023,1.3881,13.0,2.183
159933.SZ,20170719,1.777,1.799,1.8,1.78,1.8,0.023,1.2943,1405.0,252.125
159934.SZ,20170719,2.695,2.701,2.701,2.696,2.699,0.004,0.1484,89947.7,24270.565
159935.SZ,20170719,1.615,1.566,1.626,1.536,1.612,-0.003,-0.1858,82.0,13.208
159936.SZ,20170719,1.54,1.528,1.536,1.528,1.536,-0.004,-0.2597,86.0,13.194
159937.SZ,20170719,2.713,2.717,2.719,2.714,2.716,0.003,0.1106,146428.0,39773.046
159938.SZ,20170719,1.241,1.241,1.254,1.239,1.254,0.013,1.0475,15062.0,1877.589
159939.SZ,20170719,1.012,1.014,1.023,1.004,1.023,0.011,1.087,15688.0,1587.482
159940.SZ,20170719,0.909,0.9,0.92,0.88,0.92,0.011,1.2101,5189.01,472.668
159941.SZ,20170719,1.285,1.291,1.296,1.29,1.294,0.009,0.7004,14193.11,1835.579
159942.SZ,20170719,1.747,1.788,1.788,1.776,1.778,0.031,1.7745,25.0,4.442
159943.SZ,20170719,10.626,10.524,10.779,10.524,10.778,0.152,1.4305,259.56,275.89
159944.SZ,20170719,0.862,0.87,0.882,0.87,0.882,0.02,2.3202,5123.02,450.574
159945.SZ,20170719,0.719,0.724,0.745,0.724,0.743,0.024,3.338,18972.36,1406.198
159946.SZ,20170719,1.08,1.031,1.034,1.021,1.034,-0.046,-4.2593,893.01,91.598
159948.SZ,20170719,1.715,1.71,1.739,1.701,1.738,0.023,1.3411,31361.91,5421.102
159949.SZ,20170719,0.656,0.65,0.66,0.649,0.66,0.004,0.6098,71758.54,4697.864
159950.SZ,20170719,1.029,1.018,1.118,1.014,1.04,0.011,1.069,3205.22,328.437
159951.SZ,20170719,0.937,0.936,0.943,0.93,0.94,0.003,0.3202,23240.65,2173.926
159952.SZ,20170719,0.933,0.932,0.945,0.925,0.942,0.009,0.9646,80421.29,7515.449
159953.SZ,20170719,0.959,0.955,0.976,0.953,0.966,0.007,0.7299,99536.56,9595.158
160105.SZ,20170719,1.032,1.019,1.024,1.019,1.021,-0.011,-1.0659,100.0,10.224
160106.SZ,20170719,1.264,1.25,1.26,1.25,1.26,-0.004,-0.3165,744.02,93.368
160119.SZ,20170719,1.458,1.47,1.492,1.447,1.488,0.03,2.0576,2849.0,421.101
160125.SZ,20170719,0.916,0.919,0.927,0.918,0.927,0.011,1.2009,5125.44,472.775
160128.SZ,20170719,0.989,0.986,0.989,0.986,0.986,-0.003,-0.3033,630.0,62.248
160130.SZ,20170719,0.95,0.942,0.942,0.942,0.942,-0.008,-0.8421,50.0,4.71
160131.SZ,20170719,1.001,1.004,1.004,1.003,1.003,0.002,0.1998,720.0,72.236
160133.SZ,20170719,1.978,1.977,2.0,1.966,2.0,0.022,1.1122,917.23,182.168
160138.SZ,20170719,1.029,1.03,1.034,1.03,1.034,0.005,0.4859,14.0,1.443
160211.SZ,20170719,3.125,3.124,3.166,3.1,3.164,0.039,1.248,6028.43,1890.672
160212.SZ,20170719,2.567,2.565,2.609,2.552,2.604,0.037,1.4414,20288.1,5235.852
160215.SZ,20170719,1.661,1.659,1.695,1.655,1.695,0.034,2.047,11792.57,1971.891
160216.SZ,20170719,0.369,0.37,0.372,0.369,0.37,0.001,0.271,316831.68,11717.983
160220.SZ,20170719,1.304,1.306,1.308,1.306,1.308,0.004,0.3067,1206.0,157.575
160223.SZ,20170719,0.783,0.771,0.79,0.771,0.787,0.004,0.5109,4638.72,363.2
160225.SZ,20170719,1.012,1.003,1.022,0.999,1.022,0.01,0.9881,1681.45,168.812
160311.SZ,20170719,1.396,1.396,1.426,1.395,1.413,0.017,1.2178,1264.86,178.105
160314.SZ,20170719,1.05,1.032,1.059,1.032,1.055,0.005,0.4762,2369.57,248.91
160323.SZ,20170719,0.928,0.925,0.93,0.925,0.929,0.001,0.1078,1510.0,140.148
160415.SZ,20170719,1.203,1.222,1.242,1.222,1.223,0.02,1.6625,2333.0,287.885
160416.SZ,20170719,0.89,0.888,0.89,0.886,0.888,-0.002,-0.2247,10772.82,955.855
160421.SZ,20170719,0.798,0.801,0.803,0.795,0.803,0.005,0.6266,4178.26,333.994
160422.SZ,20170719,0.995,0.996,1.017,0.996,1.016,0.021,2.1106,3887.05,393.86
160505.SZ,20170719,1.748,1.749,1.769,1.747,1.767,0.019,1.087,13644.2,2399.343
160512.SZ,20170719,2.167,2.16,2.182,2.16,2.182,0.015,0.6922,2173.09,471.695
160515.SZ,20170719,0.995,0.995,0.998,0.995,0.998,0.003,0.3015,1762.0,175.681
160518.SZ,20170719,0.876,0.873,0.888,0.871,0.888,0.012,1.3699,59081.22,5197.911
160519.SZ,20170719,0.867,0.87,0.874,0.865,0.87,0.003,0.346,14517.97,1259.803
160522.SZ,20170719,0.9,0.896,0.925,0.888,0.913,0.013,1.4444,1389.0,124.855
160607.SZ,20170719,0.726,0.725,0.734,0.725,0.733,0.007,0.9642,487.0,35.53
160610.SZ,20170719,1.026,1.027,1.054,1.027,1.04,0.014,1.3645,928.68,96.415
160611.SZ,20170719,0.798,0.794,0.806,0.794,0.806,0.008,1.0025,151.23,12.015
160613.SZ,20170719,1.35,1.372,1.372,1.372,1.372,0.022,1.6296,1.0,0.137
160615.SZ,20170719,1.456,1.462,1.485,1.462,1.482,0.026,1.7857,352.0,51.775
160616.SZ,20170719,1.257,1.258,1.268,1.258,1.268,0.011,0.8751,702.0,88.713
160621.SZ,20170719,1.069,1.073,1.073,1.073,1.073,0.004,0.3742,54.0,5.794
160622.SZ,20170719,0.994,0.997,0.997,0.997,0.997,0.003,0.3018,10.0,0.997
160635.SZ,20170719,0.992,0.979,0.996,0.977,0.995,0.003,0.3024,61.0,6.036
160642.SZ,20170719,0.9,0.89,0.89,0.89,0.89,-0.01,-1.1111,57.0,5.073
160643.SZ,20170719,1.009,0.965,1.006,0.965,0.981,-0.028,-2.775,15.0,1.479
160706.SZ,20170719,1.047,1.048,1.066,1.047,1.066,0.019,1.8147,31702.64,3360.195
160716.SZ,20170719,1.448,1.449,1.468,1.448,1.468,0.02,1.3812,4202.69,614.444
160717.SZ,20170719,0.802,0.805,0.81,0.801,0.81,0.008,0.9975,13798.91,1114.013
160719.SZ,20170719,0.706,0.71,0.71,0.705,0.708,0.002,0.2833,6064.0,429.126
160720.SZ,20170719,1.019,1.121,1.121,1.121,1.121,0.102,10.0098,520.0,58.292
160722.SZ,20170719,0.924,0.924,0.926,0.924,0.926,0.002,0.2165,12017.97,1111.678
160723.SZ,20170719,0.908,0.93,0.93,0.909,0.911,0.003,0.3304,2776.06,252.926
160805.SZ,20170719,0.8,0.8,0.819,0.8,0.819,0.019,2.375,207.28,16.646
160806.SZ,20170719,1.305,1.311,1.33,1.311,1.33,0.025,1.9157,619.85,82.073
160807.SZ,20170719,1.225,1.218,1.223,1.218,1.223,-0.002,-0.1633,2.0,0.244
160812.SZ,20170719,1.41,1.41,1.428,1.41,1.428,0.018,1.2766,1961.67,278.52
160813.SZ,20170719,0.779,0.783,0.799,0.782,0.799,0.02,2.5674,2587.95,204.296
160910.SZ,20170719,1.046,1.048,1.064,1.04,1.063,0.017,1.6252,869.72,91.136
160915.SZ,20170719,1.099,1.1,1.1,1.1,1.1,0.001,0.091,79.0,8.69
160916.SZ,20170719,2.428,2.43,2.459,2.428,2.459,0.031,1.2768,1858.95,454.504
160918.SZ,20170719,1.8,1.82,1.82,1.785,1.819,0.019,1.0556,2862.0,516.612
160919.SZ,20170719,1.146,1.15,1.162,1.15,1.162,0.016,1.3962,433.0,49.941
160921.SZ,20170719,0.879,0.884,0.89,0.884,0.89,0.011,1.2514,774.0,68.422
160922.SZ,20170719,1.055,1.088,1.088,1.063,1.078,0.023,2.1801,297.0,31.957
161005.SZ,20170719,1.83,1.822,1.845,1.813,1.844,0.014,0.765,1466.0,268.029
161010.SZ,20170719,1.063,1.064,1.073,1.064,1.073,0.01,0.9407,5990.0,641.004
161017.SZ,20170719,2.11,2.059,2.079,2.029,2.079,-0.031,-1.4692,1136.79,234.497
161019.SZ,20170719,0.979,0.979,0.981,0.979,0.98,0.001,0.1021,5537.0,542.457
161033.SZ,20170719,0.98,0.98,1.009,0.978,0.995,0.015,1.5306,754.0,75.104
161035.SZ,20170719,0.889,0.873,0.888,0.873,0.883,-0.006,-0.6749,220.01,19.355
161036.SZ,20170719,0.902,0.896,0.902,0.886,0.902,0.0,0.0,1338.06,119.16
161037.SZ,20170719,1.015,1.002,1.012,1.002,1.012,-0.003,-0.2956,1172.0,118.486
161115.SZ,20170719,1.336,1.34,1.34,1.338,1.338,0.002,0.1497,51.0,6.832
161116.SZ,20170719,0.717,0.719,0.719,0.717,0.717,0.0,0.0,6273.01,450.062
161117.SZ,20170719,1.001,1.022,1.022,1.015,1.015,0.014,1.3986,16.0,1.626
161119.SZ,20170719,1.241,1.234,1.234,1.234,1.234,-0.007,-0.5641,52.0,6.416
161124.SZ,20170719,1.051,1.053,1.061,1.051,1.061,0.01,0.9515,1479.0,156.465
161125.SZ,20170719,1.039,1.042,1.044,1.039,1.04,0.001,0.0962,2366.0,246.145
161126.SZ,20170719,1.123,1.12,1.124,1.12,1.122,-0.001,-0.089,794.0,89.141
161127.SZ,20170719,1.169,1.17,1.172,1.168,1.171,0.002,0.1711,2009.0,235.077
161128.SZ,20170719,1.101,1.113,1.113,1.107,1.109,0.008,0.7266,2166.0,239.993
161129.SZ,20170719,0.842,0.844,0.844,0.841,0.841,-0.001,-0.1188,302.0,25.422
161130.SZ,20170719,0.994,0.994,0.995,0.993,0.995,0.001,0.1006,20935.18,2082.368
161210.SZ,20170719,0.991,0.992,1.001,0.992,1.001,0.01,1.0091,963.95,96.186
161213.SZ,20170719,1.426,1.404,1.404,1.404,1.404,-0.022,-1.5428,15.0,2.106
161217.SZ,20170719,0.719,0.726,0.746,0.726,0.746,0.027,3.7552,3100.03,228.882
161219.SZ,20170719,1.224,1.208,1.224,1.202,1.224,0.0,0.0,61.0,7.37
161222.SZ,20170719,1.085,1.085,1.096,1.085,1.096,0.011,1.0138,100.07,10.951
161224.SZ,20170719,1.041,1.02,1.04,1.019,1.04,-0.001,-0.0961,1037.16,105.764
161225.SZ,20170719,1.111,1.118,1.144,1.118,1.134,0.023,2.0702,5747.01,648.919
161226.SZ,20170719,0.88,0.88,0.882,0.878,0.88,0.0,0.0,70266.89,6178.868
161227.SZ,20170719,0.938,0.937,0.959,0.937,0.959,0.021,2.2388,11946.44,1135.82
161229.SZ,20170719,1.351,1.356,1.368,1.356,1.368,0.017,1.2583,2802.0,381.687
161232.SZ,20170719,0.765,0.763,0.769,0.756,0.769,0.004,0.5229,28501.48,2177.924
161233.SZ,20170719,0.916,0.917,0.917,0.917,0.917,0.001,0.1092,10.0,0.917
161607.SZ,20170719,1.17,1.167,1.186,1.167,1.169,-0.001,-0.0855,478.66,56.139
161610.SZ,20170719,0.878,0.878,0.893,0.877,0.893,0.015,1.7084,3374.42,299.589
161614.SZ,20170719,1.027,1.034,1.034,1.034,1.034,0.007,0.6816,21.0,2.171
161630.SZ,20170719,0.9,0.881,0.881,0.881,0.881,-0.019,-2.1111,10.0,0.881
161631.SZ,20170719,1.018,1.019,1.03,1.008,1.026,0.008,0.7859,4651.01,472.155
161706.SZ,20170719,1.426,1.408,1.428,1.408,1.428,0.002,0.1403,220.01,31.168
161713.SZ,20170719,1.011,1.01,1.01,1.009,1.01,-0.001,-0.0989,70.0,7.067
161714.SZ,20170719,0.914,0.919,0.926,0.918,0.926,0.012,1.3129,1945.0,179.617
161715.SZ,20170719,1.068,1.068,1.115,1.068,1.115,0.047,4.4007,12742.92,1397.524
161722.SZ,20170719,1.14,1.141,1.152,1.141,1.151,0.011,0.9649,69.0,7.935
161727.SZ,20170719,0.964,0.951,0.962,0.951,0.962,-0.002,-0.2075,2150.0,206.661
161810.SZ,20170719,1.617,1.628,1.64,1.624,1.64,0.023,1.4224,392.95,64.182
161815.SZ,20170719,0.437,0.435,0.439,0.435,0.438,0.001,0.2288,1988.0,87.002
161820.SZ,20170719,1.069,1.07,1.07,1.069,1.069,0.0,0.0,104.0,11.118
161831.SZ,20170719,0.986,0.993,0.996,0.99,0.993,0.007,0.7099,821.66,81.466
161834.SZ,20170719,0.847,0.84,0.855,0.84,0.855,0.008,0.9445,13987.01,1189.026
161835.SZ,20170719,0.91,0.901,0.91,0.901,0.904,-0.006,-0.6593,516.22,46.518
161903.SZ,20170719,0.824,0.814,0.83,0.814,0.83,0.006,0.7282,68.0,5.549
161907.SZ,20170719,1.588,1.591,1.6,1.59,1.6,0.012,0.7557,146.0,23.25
161911.SZ,20170719,0.975,0.975,0.976,0.974,0.974,-0.001,-0.1026,15201.58,1481.459
162006.SZ,20170719,1.072,1.058,1.078,1.053,1.078,0.006,0.5597,91.21,9.724
162207.SZ,20170719,1.213,1.204,1.212,1.202,1.212,-0.001,-0.0824,53.0,6.396
162215.SZ,20170719,1.034,1.035,1.035,1.035,1.035,0.001,0.0967,110.0,11.385
162411.SZ,20170719,0.537,0.535,0.535,0.533,0.534,-0.003,-0.5587,567733.12,30326.846
162414.SZ,20170719,1.116,1.118,1.122,1.118,1.122,0.006,0.5376,49.0,5.489
162415.SZ,20170719,1.177,1.182,1.182,1.175,1.178,0.001,0.085,332.95,39.211
162510.SZ,20170719,0.997,0.992,0.999,0.992,0.999,0.002,0.2006,1228.0,122.265
162605.SZ,20170719,1.071,1.054,1.072,1.048,1.072,0.001,0.0934,451.0,48.258
162607.SZ,20170719,0.506,0.506,0.517,0.506,0.513,0.007,1.3834,782.83,40.119
162703.SZ,20170719,1.272,1.268,1.28,1.261,1.278,0.006,0.4717,2292.0,291.807
162711.SZ,20170719,1.278,1.27,1.289,1.27,1.289,0.011,0.8607,145.0,18.636
162712.SZ,20170719,1.415,1.412,1.414,1.412,1.414,-0.001,-0.0707,701.0,99.017
162717.SZ,20170719,0.933,0.929,0.93,0.915,0.929,-0.004,-0.4287,611.0,56.727
162718.SZ,20170719,0.893,0.891,0.9,0.891,0.895,0.002,0.224,768.31,68.68
162719.SZ,20170719,0.898,0.896,0.896,0.891,0.893,-0.005,-0.5568,2273.81,202.834
163001.SZ,20170719,0.864,0.877,0.879,0.864,0.866,0.002,0.2315,321.0,27.795
163003.SZ,20170719,0.822,0.82,0.822,0.82,0.822,0.0,0.0,201.0,16.482
163110.SZ,20170719,2.544,2.527,2.58,2.525,2.579,0.035,1.3758,6143.16,1572.609
163111.SZ,20170719,1.026,1.029,1.048,1.028,1.048,0.022,2.1442,8449.95,878.838
163119.SZ,20170719,0.813,0.829,0.829,0.824,0.824,0.011,1.353,102.0,8.416
163208.SZ,20170719,0.842,0.825,0.839,0.825,0.834,-0.008,-0.9501,204.0,16.943
163210.SZ,20170719,1.037,1.037,1.037,1.034,1.036,-0.001,-0.0964,5443.0,563.194
163302.SZ,20170719,1.289,1.285,1.302,1.278,1.302,0.013,1.0085,324.64,41.798
163402.SZ,20170719,1.041,1.041,1.049,1.04,1.049,0.008,0.7685,20519.95,2145.445
163407.SZ,20170719,1.653,1.656,1.676,1.655,1.676,0.023,1.3914,1015.56,169.157
163409.SZ,20170719,1.456,1.441,1.46,1.438,1.457,0.001,0.0687,834.0,121.583
163412.SZ,20170719,2.594,2.594,2.629,2.582,2.629,0.035,1.3493,8482.43,2208.222
163415.SZ,20170719,1.234,1.222,1.242,1.222,1.242,0.008,0.6483,831.0,102.934
163503.SZ,20170719,0.45,0.45,0.464,0.45,0.463,0.013,2.8889,3421.0,157.9
163801.SZ,20170719,1.145,1.139,1.173,1.139,1.17,0.025,2.1834,1397.0,162.866
163821.SZ,20170719,1.434,1.452,1.468,1.452,1.466,0.032,2.2315,23.0,3.35
163824.SZ,20170719,1.034,1.034,1.034,1.034,1.034,0.0,0.0,1701.0,175.883
163827.SZ,20170719,1.028,1.026,1.029,1.026,1.029,0.001,0.0973,450.0,46.218
164105.SZ,20170719,1.237,1.241,1.241,1.241,1.241,0.004,0.3234,10.0,1.241
164206.SZ,20170719,1.052,1.051,1.052,1.051,1.051,-0.001,-0.0951,398.0,41.83
164208.SZ,20170719,1.134,1.136,1.136,1.136,1.136,0.002,0.1764,1.0,0.113
164210.SZ,20170719,1.001,1.001,1.001,0.998,1.001,0.0,0.0,888.0,88.625
164403.SZ,20170719,0.925,0.927,0.93,0.927,0.93,0.005,0.5405,727.0,67.61
164701.SZ,20170719,0.608,0.606,0.608,0.605,0.606,-0.002,-0.3289,534.5,32.391
164702.SZ,20170719,0.992,0.99,0.99,0.99,0.99,-0.002,-0.2016,20.0,1.98
164705.SZ,20170719,1.139,1.159,1.159,1.141,1.144,0.005,0.439,703.0,80.397
164808.SZ,20170719,0.998,0.998,0.998,0.998,0.998,0.0,0.0,20.0,1.996
164810.SZ,20170719,0.958,0.951,0.96,0.951,0.958,0.0,0.0,1104.0,105.727
164814.SZ,20170719,0.997,0.99,0.99,0.989,0.989,-0.008,-0.8024,100.0,9.891
164902.SZ,20170719,1.369,1.37,1.37,1.37,1.37,0.001,0.073,4.0,0.548
164906.SZ,20170719,1.253,1.263,1.289,1.263,1.288,0.035,2.7933,24954.27,3180.802
165309.SZ,20170719,1.109,1.111,1.13,1.111,1.129,0.02,1.8034,38.0,4.259
165311.SZ,20170719,1.344,1.344,1.344,1.344,1.344,0.0,0.0,13853.0,1861.843
165313.SZ,20170719,1.405,1.41,1.42,1.41,1.42,0.015,1.0676,630.05,89.438
165508.SZ,20170719,1.779,1.761,1.768,1.761,1.768,-0.011,-0.6183,2.0,0.352
165510.SZ,20170719,0.763,0.768,0.776,0.768,0.775,0.012,1.5727,1192.0,92.15
165512.SZ,20170719,2.382,2.367,2.38,2.367,2.38,-0.002,-0.084,344.0,81.839
165513.SZ,20170719,0.433,0.433,0.435,0.429,0.43,-0.003,-0.6928,20366.0,876.982
165525.SZ,20170719,1.199,1.199,1.217,1.197,1.217,0.018,1.5013,2751.0,333.248
165528.SZ,20170719,0.929,0.93,0.949,0.93,0.949,0.02,2.1529,31638.13,2971.467
166001.SZ,20170719,1.099,1.105,1.115,1.105,1.115,0.016,1.4559,554.0,61.695
166006.SZ,20170719,1.168,1.168,1.192,1.168,1.187,0.019,1.6267,87.0,10.311
166007.SZ,20170719,1.297,1.308,1.322,1.308,1.322,0.025,1.9275,26.0,3.421
166008.SZ,20170719,1.027,1.027,1.027,1.027,1.027,0.0,0.0,761.0,78.154
166009.SZ,20170719,2.034,2.036,2.038,2.032,2.035,0.001,0.0492,16.0,3.257
166011.SZ,20170719,1.227,1.231,1.246,1.231,1.246,0.019,1.5485,2095.0,259.125
166401.SZ,20170719,1.04,1.04,1.04,1.04,1.04,0.0,0.0,99.55,10.353
166402.SZ,20170719,1.036,1.043,1.045,1.04,1.043,0.007,0.6757,5940.2,619.377
167001.SZ,20170719,0.776,0.765,0.783,0.763,0.783,0.007,0.9021,21590.03,1675.025
167002.SZ,20170719,0.893,0.869,0.887,0.869,0.887,-0.006,-0.6719,34.0,2.956
167003.SZ,20170719,0.906,0.904,0.916,0.904,0.916,0.01,1.1038,51.0,4.659
167501.SZ,20170719,1.107,1.107,1.107,1.106,1.107,0.0,0.0,1640.09,181.557
168101.SZ,20170719,0.964,0.963,0.98,0.96,0.98,0.016,1.6598,19716.0,1917.814
168102.SZ,20170719,0.779,0.762,0.793,0.762,0.793,0.014,1.7972,26907.0,2101.624
168103.SZ,20170719,0.74,0.741,0.749,0.736,0.749,0.009,1.2162,70033.73,5184.337
168104.SZ,20170719,0.887,0.886,0.9,0.886,0.89,0.003,0.3382,1575.5,140.272
168105.SZ,20170719,0.773,0.788,0.788,0.764,0.779,0.006,0.7762,7709.77,596.024
168106.SZ,20170719,0.856,0.856,0.879,0.855,0.857,0.001,0.1168,292.0,25.211
168108.SZ,20170719,0.925,0.878,0.924,0.878,0.923,-0.002,-0.2162,68.0,6.02
168301.SZ,20170719,0.908,0.908,0.922,0.908,0.922,0.014,1.5419,11767.04,1070.744
168401.SZ,20170719,0.872,0.898,0.898,0.871,0.893,0.021,2.4083,525.04,45.756
169101.SZ,20170719,1.471,1.471,1.499,1.471,1.493,0.022,1.4956,2009.0,299.367
169102.SZ,20170719,1.404,1.411,1.423,1.411,1.421,0.017,1.2108,3180.19,451.386
169103.SZ,20170719,1.308,1.312,1.319,1.31,1.317,0.009,0.6881,4692.0,616.841
169104.SZ,20170719,1.257,1.256,1.274,1.25,1.273,0.016,1.2729,289.0,36.467
169105.SZ,20170719,1.324,1.325,1.342,1.321,1.34,0.016,1.2085,102950.3,13767.293
169201.SZ,20170719,0.858,0.85,0.862,0.844,0.862,0.004,0.4662,211.0,18.164
184801.SZ,20170719,101.921,101.93,101.93,101.323,101.872,-0.049,-0.0481,26.9,273.64
500058.SH,20170719,0.963,0.963,0.976,0.963,0.974,0.011,1.1423,263867.08,25546.8
501000.SH,20170719,1.091,1.096,1.118,1.096,1.117,0.026,2.3831,35.0,3.904
501001.SH,20170719,1.01,1.033,1.033,1.006,1.018,0.008,0.7921,3447.6,349.441
501002.SH,20170719,0.939,0.929,0.936,0.92,0.936,-0.003,-0.3195,2058.04,190.139
501003.SH,20170719,0.995,0.999,0.999,0.991,0.994,-0.001,-0.1005,9.0,0.895
501005.SH,20170719,0.925,0.908,0.927,0.908,0.927,0.002,0.2162,4765.4,437.716
501007.SH,20170719,0.889,0.888,0.899,0.859,0.899,0.01,1.1249,577.12,49.909
501008.SH,20170719,0.88,0.88,0.889,0.879,0.884,0.004,0.4545,239.0,21.126
501009.SH,20170719,1.0,1.005,1.005,0.982,0.986,-0.014,-1.4,811.34,80.753
501010.SH,20170719,1.03,0.987,1.033,0.986,0.989,-0.041,-3.9806,232.25,23.023
501011.SH,20170719,1.038,1.037,1.037,1.022,1.032,-0.006,-0.578,842.36,86.811
501015.SH,20170719,0.908,0.908,0.923,0.907,0.923,0.015,1.652,110776.73,10116.205
501016.SH,20170719,1.078,1.099,1.099,1.05,1.06,-0.018,-1.6698,38.0,4.102
501017.SH,20170719,0.877,0.877,0.885,0.865,0.885,0.008,0.9122,9464.27,826.978
501018.SH,20170719,0.846,0.85,0.851,0.846,0.847,0.001,0.1182,47537.47,4028.649
501019.SH,20170719,0.805,0.806,0.818,0.805,0.818,0.013,1.6149,1888.77,152.878
501020.SH,20170719,1.028,1.032,1.045,1.032,1.045,0.017,1.6537,12195.83,1266.586
501021.SH,20170719,1.248,1.253,1.272,1.253,1.272,0.024,1.9231,13939.0,1759.097
501022.SH,20170719,0.898,0.895,0.915,0.882,0.912,0.014,1.559,23825.0,2134.273
501023.SH,20170719,1.101,1.104,1.118,1.104,1.117,0.016,1.4532,11968.65,1334.078
501025.SH,20170719,1.113,1.119,1.12,1.114,1.116,0.003,0.2695,790.55,88.436
501026.SH,20170719,0.848,0.846,0.86,0.846,0.86,0.012,1.4151,69768.66,5944.894
501027.SH,20170719,0.915,0.915,0.925,0.892,0.925,0.01,1.0929,4610.77,412.716
501028.SH,20170719,0.889,0.885,0.9,0.885,0.9,0.011,1.2373,5221.4,466.627
501029.SH,20170719,1.05,1.051,1.064,1.05,1.063,0.013,1.2381,54758.97,5778.823
501030.SH,20170719,1.0,0.933,0.955,0.912,0.937,-0.063,-6.3,2439.29,228.334
501031.SH,20170719,0.936,0.936,0.936,0.933,0.933,-0.003,-0.3205,133.0,12.426
501032.SH,20170719,0.926,0.924,0.924,0.924,0.924,-0.002,-0.216,2.0,0.185
501050.SH,20170719,1.128,1.128,1.132,1.115,1.132,0.004,0.3546,25631.24,2879.074
501300.SH,20170719,0.986,0.985,0.99,0.984,0.99,0.004,0.4057,409.0,40.271
501301.SH,20170719,1.04,1.044,1.05,1.043,1.05,0.01,0.9615,55808.81,5841.128
502000.SH,20170719,0.964,0.981,0.981,0.98,0.98,0.016,1.6598,21.0,2.06
502003.SH,20170719,0.886,0.882,0.894,0.875,0.893,0.007,0.7901,4929.77,437.554
502004.SH,20170719,0.972,0.973,0.974,0.971,0.973,0.001,0.1029,15745.0,1531.835
502005.SH,20170719,0.8,0.8,0.815,0.775,0.81,0.01,1.25,8989.18,724.58
502006.SH,20170719,1.007,1.0,1.024,1.0,1.023,0.016,1.5889,8327.27,848.462
502007.SH,20170719,1.051,1.034,1.054,1.034,1.054,0.003,0.2854,9511.26,1001.109
502008.SH,20170719,0.963,0.956,0.994,0.956,0.994,0.031,3.2191,11009.21,1083.725
502010.SH,20170719,1.117,1.13,1.188,1.129,1.16,0.043,3.8496,8582.85,977.157
502011.SH,20170719,0.981,0.981,0.99,0.981,0.989,0.008,0.8155,39735.0,3922.971
502012.SH,20170719,1.215,1.206,1.333,1.206,1.331,0.116,9.5473,41899.19,5444.155
502013.SH,20170719,0.838,0.837,0.851,0.837,0.851,0.013,1.5513,50910.1,4305.971
502014.SH,20170719,1.026,1.025,1.029,1.024,1.026,0.0,0.0,47587.22,4885.773
502015.SH,20170719,0.65,0.649,0.673,0.649,0.672,0.022,3.3846,70900.86,4704.136
502016.SH,20170719,0.973,1.07,1.07,1.07,1.07,0.097,9.9692,38.92,4.164
502017.SH,20170719,1.076,1.05,1.05,1.05,1.05,-0.026,-2.4164,991.43,104.1
502018.SH,20170719,1.05,1.03,1.03,1.03,1.03,-0.02,-1.9048,385.43,39.699
502020.SH,20170719,1.396,1.349,1.365,1.349,1.362,-0.034,-2.4355,428.03,58.409
502023.SH,20170719,0.969,0.965,1.011,0.965,1.0,0.031,3.1992,1653.84,165.349
502024.SH,20170719,1.056,1.056,1.075,1.056,1.075,0.019,1.7992,8625.6,921.957
502025.SH,20170719,0.88,0.905,0.92,0.894,0.915,0.035,3.9773,9569.21,870.019
502026.SH,20170719,0.778,0.796,0.813,0.796,0.813,0.035,4.4987,210.3,16.935
502028.SH,20170719,0.52,0.543,0.554,0.543,0.553,0.033,6.3462,800.47,44.261
502031.SH,20170719,1.03,1.042,1.042,1.042,1.042,0.012,1.165,8.0,0.834
502032.SH,20170719,0.917,0.955,0.955,0.955,0.955,0.038,4.1439,30.0,2.865
502036.SH,20170719,0.951,0.945,0.945,0.926,0.926,-0.025,-2.6288,112.96,10.623
502038.SH,20170719,0.786,0.794,0.811,0.794,0.811,0.025,3.1807,4.91,0.395
502040.SH,20170719,1.062,1.062,1.062,1.062,1.062,0.0,0.0,0.41,0.044
502041.SH,20170719,1.057,1.089,1.089,1.089,1.089,0.032,3.0274,1.0,0.109
502042.SH,20170719,1.08,1.064,1.099,1.063,1.099,0.019,1.7593,71.0,7.732
502048.SH,20170719,1.287,1.285,1.307,1.284,1.306,0.019,1.4763,2351.32,306.069
502049.SH,20170719,1.076,1.061,1.075,1.061,1.069,-0.007,-0.6506,974.88,104.292
502050.SH,20170719,1.509,1.51,1.545,1.51,1.535,0.026,1.723,12288.55,1878.175
502053.SH,20170719,0.969,0.963,0.989,0.963,0.989,0.02,2.064,1646.0,162.674
502054.SH,20170719,1.087,1.085,1.085,1.08,1.081,-0.006,-0.552,8897.0,961.321
502055.SH,20170719,0.824,0.821,0.899,0.821,0.896,0.072,8.7379,26564.11,2327.306
502056.SH,20170719,0.922,0.941,0.941,0.92,0.93,0.008,0.8677,72.0,6.73
502057.SH,20170719,1.042,1.043,1.044,1.043,1.043,0.001,0.096,275.0,28.692
502058.SH,20170719,0.807,0.801,0.811,0.801,0.811,0.004,0.4957,1871.29,150.853
505888.SH,20170719,1.141,1.141,1.141,1.137,1.141,0.0,0.0,412009.83,46925.472
510010.SH,20170719,1.109,1.11,1.115,1.091,1.115,0.006,0.541,484.0,53.688
510020.SH,20170719,2.7,2.61,2.688,2.61,2.679,-0.021,-0.7778,667.94,178.361
510030.SH,20170719,4.78,4.78,4.83,4.78,4.823,0.043,0.8996,47.0,22.637
510050.SH,20170719,2.659,2.66,2.703,2.659,2.702,0.043,1.6171,4137178.13,1111089.333
510060.SH,20170719,1.788,1.789,1.812,1.788,1.81,0.022,1.2304,10047.69,1809.003
510070.SH,20170719,1.638,1.673,1.685,1.673,1.685,0.047,2.8694,67.0,11.279
510090.SH,20170719,1.544,1.5,1.547,1.472,1.508,-0.036,-2.3316,129.87,19.541
510110.SH,20170719,3.478,3.449,3.45,3.39,3.448,-0.03,-0.8626,262.45,90.524
510120.SH,20170719,2.776,2.776,2.85,2.776,2.849,0.073,2.6297,16.0,4.548
510130.SH,20170719,3.746,3.801,3.83,3.801,3.83,0.084,2.2424,1981.69,755.927
510150.SH,20170719,4.262,4.479,4.479,4.261,4.313,0.051,1.1966,29.0,12.431
510160.SH,20170719,0.6,0.599,0.61,0.599,0.61,0.01,1.6667,72719.7,4418.236
510170.SH,20170719,1.933,1.933,1.999,1.92,1.994,0.061,3.1557,4975.72,968.094
510180.SH,20170719,3.32,3.315,3.382,3.315,3.382,0.062,1.8675,109818.04,36824.601
510190.SH,20170719,3.555,3.48,3.637,3.47,3.548,-0.007,-0.1969,78.0,27.502
510210.SH,20170719,3.692,3.684,3.7,3.684,3.7,0.008,0.2167,354.0,130.885
510220.SH,20170719,3.989,3.99,3.99,3.932,3.99,0.001,0.0251,38.67,15.257
510230.SH,20170719,6.01,6.017,6.136,6.003,6.131,0.121,2.0133,7536.0,4586.881
510260.SH,20170719,1.092,1.108,1.124,1.1,1.1,0.008,0.7326,600.0,66.513
510270.SH,20170719,1.084,1.099,1.115,1.09,1.113,0.029,2.6753,2847.97,314.888
510280.SH,20170719,1.618,1.615,1.615,1.572,1.608,-0.01,-0.618,18.0,2.896
510290.SH,20170719,1.503,1.509,1.53,1.509,1.529,0.026,1.7299,1521.0,231.77
510300.SH,20170719,3.706,3.705,3.788,3.701,3.783,0.077,2.0777,1741180.48,651901.9
510310.SH,20170719,1.55,1.55,1.58,1.545,1.58,0.03,1.9355,39898.25,6251.108
510330.SH,20170719,3.962,3.961,4.042,3.958,4.039,0.077,1.9435,74839.0,29820.211
510360.SH,20170719,1.151,1.15,1.17,1.15,1.17,0.019,1.6507,56432.0,6549.774
510410.SH,20170719,0.722,0.723,0.778,0.723,0.772,0.05,6.9252,26850.0,2042.847
510420.SH,20170719,1.458,1.421,1.468,1.421,1.468,0.01,0.6859,372.8,53.313
510430.SH,20170719,1.43,1.442,1.47,1.442,1.467,0.037,2.5874,15.0,2.174
510440.SH,20170719,1.749,1.74,1.74,1.74,1.74,-0.009,-0.5146,1.0,0.174
510500.SH,20170719,6.237,6.225,6.382,6.21,6.377,0.14,2.2447,301127.04,189826.491
510510.SH,20170719,1.646,1.646,1.685,1.641,1.681,0.035,2.1264,48588.0,8149.44
510520.SH,20170719,1.726,1.7,1.701,1.7,1.701,-0.025,-1.4484,24.0,4.082
510560.SH,20170719,1.246,1.251,1.271,1.251,1.267,0.021,1.6854,244.0,30.612
510580.SH,20170719,5.982,5.858,6.023,5.858,6.023,0.041,0.6854,11.0,6.52
510630.SH,20170719,1.778,1.783,1.798,1.783,1.798,0.02,1.1249,142.0,25.491
510650.SH,20170719,1.716,1.711,1.756,1.71,1.756,0.04,2.331,1059.0,183.465
510660.SH,20170719,1.619,1.612,1.636,1.612,1.635,0.016,0.9883,13380.0,2177.505
510710.SH,20170719,2.703,2.703,2.74,2.697,2.732,0.029,1.0729,2849.99,774.381
510810.SH,20170719,1.002,1.006,1.023,1.005,1.023,0.021,2.0958,35458.62,3601.228
510880.SH,20170719,2.975,2.976,3.005,2.973,3.004,0.029,0.9748,64827.8,19379.315
510900.SH,20170719,1.181,1.183,1.196,1.183,1.196,0.015,1.2701,4507616.0,536640.774
511010.SH,20170719,109.557,109.599,109.753,109.554,109.632,0.075,0.0685,102728.33,1126549.105
511210.SH,20170719,112.38,111.111,111.39,111.111,111.39,-0.99,-0.8809,2.0,22.25
511220.SH,20170719,93.736,93.736,93.736,93.603,93.735,-0.001,-0.0011,155.0,1452.336
511600.SH,20170719,99.995,99.994,99.994,99.983,99.984,-0.011,-0.011,3258.97,32585.096
511650.SH,20170719,100.002,100.0,100.0,99.979,99.982,-0.02,-0.02,15664.56,156626.419
511660.SH,20170719,100.0,99.995,99.998,99.984,99.986,-0.014,-0.014,120690.65,1206787.332
511680.SH,20170719,99.996,99.991,99.991,99.985,99.988,-0.008,-0.008,2602.86,26025.973
511690.SH,20170719,99.996,99.995,99.996,99.98,99.983,-0.013,-0.013,50007.6,500003.303
511700.SH,20170719,100.002,99.999,99.999,99.991,99.996,-0.006,-0.006,749.9,7498.711
511760.SH,20170719,100.24,104.8,104.8,99.92,100.0,-0.24,-0.2394,6.3,63.96
511770.SH,20170719,99.995,99.996,99.998,99.8,99.98,-0.015,-0.015,2329.9,23294.662
511800.SH,20170719,99.996,99.993,99.996,99.98,99.986,-0.01,-0.01,2497.44,24970.776
511810.SH,20170719,99.996,99.995,99.995,99.981,99.985,-0.011,-0.011,160114.57,1600926.508
511820.SH,20170719,99.996,99.993,99.994,99.975,99.986,-0.01,-0.01,28574.97,285710.845
511830.SH,20170719,100.004,100.001,100.008,99.991,100.002,-0.002,-0.002,7504.78,75047.025
511850.SH,20170719,100.004,100.001,100.001,99.981,99.991,-0.013,-0.013,9836.48,98356.053
511860.SH,20170719,99.997,99.994,99.994,99.978,99.98,-0.017,-0.017,5194.49,51936.399
511880.SH,20170719,101.933,101.94,101.942,101.933,101.936,0.003,0.0029,645082.76,6575652.275
511890.SH,20170719,99.994,99.994,99.994,99.971,99.99,-0.004,-0.004,76.39,763.781
511900.SH,20170719,99.999,99.998,99.998,99.989,99.991,-0.008,-0.008,41020.2,410172.816
511910.SH,20170719,99.995,99.993,99.993,99.988,99.991,-0.004,-0.004,388.07,3880.373
511920.SH,20170719,99.989,99.981,99.988,99.931,99.969,-0.02,-0.02,8.02,80.175
511930.SH,20170719,99.998,99.985,99.999,99.985,99.995,-0.003,-0.003,1703.77,17037.345
511950.SH,20170719,99.982,99.974,99.974,99.974,99.974,-0.008,-0.008,0.1,1.0
511960.SH,20170719,99.995,99.993,99.993,99.98,99.984,-0.011,-0.011,528.64,5285.616
511970.SH,20170719,99.994,99.995,99.995,99.983,99.983,-0.011,-0.011,885.77,8856.822
511980.SH,20170719,99.996,99.994,99.994,99.98,99.983,-0.013,-0.013,7377.22,73760.206
511990.SH,20170719,99.996,99.996,99.996,99.981,99.985,-0.011,-0.011,1278349.82,12781640.684
512000.SH,20170719,0.951,0.95,1.008,0.947,1.008,0.057,5.9937,216573.69,21327.371
512010.SH,20170719,1.463,1.479,1.485,1.468,1.468,0.005,0.3418,263.0,38.933
512070.SH,20170719,1.901,1.89,1.975,1.89,1.969,0.068,3.5771,20373.98,3948.837
512100.SH,20170719,0.815,0.813,0.825,0.812,0.825,0.01,1.227,6799.0,556.263
512120.SH,20170719,1.42,1.385,1.409,1.385,1.405,-0.015,-1.0563,14.0,1.965
512210.SH,20170719,1.601,1.606,1.697,1.606,1.69,0.089,5.559,375.0,62.428
512220.SH,20170719,1.277,1.276,1.277,1.276,1.277,0.0,0.0,27.0,3.445
512230.SH,20170719,1.268,1.268,1.291,1.25,1.291,0.023,1.8139,10.0,1.259
512300.SH,20170719,1.135,1.12,1.144,1.112,1.138,0.003,0.2643,35258.0,3976.335
512310.SH,20170719,0.658,0.66,0.666,0.653,0.666,0.008,1.2158,724.0,47.949
512330.SH,20170719,0.742,0.74,0.754,0.738,0.754,0.012,1.6173,8396.0,622.887
512340.SH,20170719,0.868,0.875,0.903,0.875,0.901,0.033,3.8018,10086.0,905.706
512500.SH,20170719,2.875,2.88,2.946,2.873,2.928,0.053,1.8435,3547.69,1031.359
512510.SH,20170719,1.214,1.213,1.239,1.212,1.239,0.025,2.0593,10061.09,1236.378
512580.SH,20170719,0.938,0.939,0.952,0.936,0.952,0.014,1.4925,8267.0,780.171
512600.SH,20170719,1.93,1.846,1.88,1.835,1.88,-0.05,-2.5907,1685.0,309.492
512610.SH,20170719,1.408,1.41,1.44,1.39,1.395,-0.013,-0.9233,9173.0,1291.136
512640.SH,20170719,1.818,1.821,1.86,1.821,1.86,0.042,2.3102,191.5,35.123
512660.SH,20170719,0.84,0.841,0.847,0.833,0.847,0.007,0.8333,328356.0,27556.223
512680.SH,20170719,0.819,0.817,0.826,0.813,0.824,0.005,0.6105,55095.0,4521.061
512810.SH,20170719,0.808,0.808,0.814,0.802,0.813,0.005,0.6188,19726.0,1595.702
512880.SH,20170719,1.002,1.004,1.068,0.999,1.065,0.063,6.2874,520395.56,53982.755
512900.SH,20170719,0.959,0.959,1.016,0.956,1.015,0.056,5.8394,974663.0,97682.28
512990.SH,20170719,1.068,1.072,1.088,1.065,1.088,0.02,1.8727,48647.51,5254.11
513030.SH,20170719,1.116,1.114,1.114,1.103,1.114,-0.002,-0.1792,31466.0,3486.959
513050.SH,20170719,1.322,1.341,1.368,1.34,1.363,0.041,3.1014,127210.0,17216.89
513100.SH,20170719,2.073,2.082,2.092,2.082,2.089,0.016,0.7718,41249.0,8615.938
513500.SH,20170719,1.534,1.535,1.543,1.531,1.538,0.004,0.2608,21917.56,3372.713
513600.SH,20170719,2.376,2.39,2.39,2.359,2.371,-0.005,-0.2104,616.0,146.001
513660.SH,20170719,2.367,2.374,2.383,2.373,2.375,0.008,0.338,12184.0,2897.873
518800.SH,20170719,2.693,2.697,2.698,2.694,2.696,0.003,0.1114,310371.0,83704.562
518880.SH,20170719,2.708,2.711,2.712,2.707,2.709,0.001,0.0369,2080628.14,563886.144
