ts_code,trade_date,pre_close,open,high,low,close,change,pct_chg,vol,amount
150008.SZ,20170725,1.352,1.35,1.35,1.35,1.35,-0.002,-0.1479,92.76,12.522
150009.SZ,20170725,1.073,1.071,1.079,1.071,1.075,0.002,0.1864,2859.17,307.803
150013.SZ,20170725,1.358,1.352,1.352,1.35,1.35,-0.008,-0.5891,380.5,51.371
150016.SZ,20170725,1.05,1.048,1.054,1.046,1.046,-0.004,-0.381,230.01,24.193
150017.SZ,20170725,1.139,1.135,1.136,1.135,1.135,-0.004,-0.3512,895.52,101.662
150018.SZ,20170725,1.059,1.059,1.06,1.054,1.055,-0.004,-0.3777,11925.36,1258.394
150019.SZ,20170725,0.929,0.928,0.932,0.913,0.923,-0.006,-0.6459,266374.39,24568.729
150020.SZ,20170725,1.058,1.058,1.059,1.058,1.059,0.001,0.0945,690.0,73.022
150021.SZ,20170725,1.046,1.047,1.049,1.039,1.045,-0.001,-0.0956,3062.0,319.5
150022.SZ,20170725,0.8,0.802,0.802,0.798,0.799,-0.001,-0.125,54493.0,4359.766
150023.SZ,20170725,0.371,0.371,0.372,0.368,0.369,-0.002,-0.5391,218968.78,8099.612
150028.SZ,20170725,1.014,1.015,1.015,1.009,1.014,0.0,0.0,1737.0,176.048
150029.SZ,20170725,1.403,1.405,1.41,1.398,1.406,0.003,0.2138,2194.51,308.037
150030.SZ,20170725,1.055,1.032,1.032,1.032,1.032,-0.023,-2.1801,12.15,1.253
150031.SZ,20170725,1.23,1.27,1.27,1.22,1.22,-0.01,-0.813,13.58,1.706
150032.SZ,20170725,1.003,1.003,1.003,1.003,1.003,0.0,0.0,620.0,62.186
150037.SZ,20170725,1.736,1.739,1.739,1.739,1.739,0.003,0.1728,24.02,4.177
150048.SZ,20170725,1.085,1.071,1.085,1.071,1.085,0.0,0.0,162.0,17.353
150049.SZ,20170725,1.011,1.011,1.012,1.011,1.012,0.001,0.0989,1700.0,172.02
150050.SZ,20170725,1.227,1.23,1.23,1.206,1.206,-0.021,-1.7115,2027.94,246.297
150051.SZ,20170725,1.008,1.008,1.009,1.006,1.006,-0.002,-0.1984,7871.24,793.801
150052.SZ,20170725,1.647,1.643,1.648,1.633,1.636,-0.011,-0.6679,26040.0,4269.655
150053.SZ,20170725,1.018,1.018,1.024,1.018,1.02,0.002,0.1965,64.0,6.53
150054.SZ,20170725,0.96,0.96,0.96,0.96,0.96,0.0,0.0,45.0,4.32
150056.SZ,20170725,1.415,1.442,1.442,1.442,1.442,0.027,1.9081,1.0,0.144
150058.SZ,20170725,1.009,1.009,1.009,0.98,1.009,0.0,0.0,1703.26,171.857
150059.SZ,20170725,1.219,1.211,1.219,1.211,1.219,0.0,0.0,547.0,66.648
150060.SZ,20170725,1.2,1.2,1.224,1.191,1.218,0.018,1.5,1075.47,130.132
150064.SZ,20170725,1.018,1.013,1.014,1.013,1.013,-0.005,-0.4912,120.0,12.156
150065.SZ,20170725,1.011,1.011,1.011,1.011,1.011,0.0,0.0,5.0,0.505
150073.SZ,20170725,1.017,1.017,1.017,1.017,1.017,0.0,0.0,330.1,33.571
150075.SZ,20170725,1.153,1.16,1.16,1.16,1.16,0.007,0.6071,4.91,0.569
150076.SZ,20170725,1.001,1.0,1.0,0.999,0.999,-0.002,-0.1998,76.0,7.594
150077.SZ,20170725,1.511,1.507,1.512,1.507,1.512,0.001,0.0662,14.03,2.12
150083.SZ,20170725,1.108,1.118,1.118,1.033,1.033,-0.075,-6.769,28.0,3.104
150084.SZ,20170725,1.075,1.08,1.095,1.08,1.095,0.02,1.8605,123.0,13.312
150090.SZ,20170725,1.107,1.061,1.101,1.052,1.097,-0.01,-0.9033,282.59,30.321
150091.SZ,20170725,0.902,0.86,0.873,0.86,0.872,-0.03,-3.3259,18.42,1.597
150093.SZ,20170725,0.93,0.93,0.93,0.93,0.93,0.0,0.0,22.52,2.094
150100.SZ,20170725,1.041,1.047,1.048,1.037,1.048,0.007,0.6724,1114.0,116.645
150101.SZ,20170725,1.565,1.564,1.582,1.53,1.55,-0.015,-0.9585,4501.0,694.41
150104.SZ,20170725,1.079,1.061,1.079,1.061,1.077,-0.002,-0.1854,64.0,6.865
150105.SZ,20170725,1.546,1.526,1.526,1.495,1.495,-0.051,-3.2988,222.0,33.567
150106.SZ,20170725,1.139,1.14,1.141,1.134,1.14,0.001,0.0878,705.0,80.359
150107.SZ,20170725,0.975,0.972,0.985,0.965,0.965,-0.01,-1.0256,1814.18,176.513
150109.SZ,20170725,0.97,0.999,1.0,0.95,0.994,0.024,2.4742,323.87,32.064
150112.SZ,20170725,0.999,1.016,1.016,1.01,1.01,0.011,1.1011,31.0,3.144
150113.SZ,20170725,1.547,1.547,1.547,1.539,1.539,-0.008,-0.5171,72.0,11.098
150117.SZ,20170725,1.05,1.049,1.049,1.047,1.048,-0.002,-0.1905,16497.79,1728.935
150118.SZ,20170725,0.478,0.475,0.476,0.46,0.464,-0.014,-2.9289,78345.46,3666.271
150121.SZ,20170725,1.036,1.038,1.038,1.038,1.038,0.002,0.1931,55.0,5.709
150124.SZ,20170725,1.982,1.987,1.993,1.96,1.976,-0.006,-0.3027,4455.0,885.085
150130.SZ,20170725,1.051,1.05,1.051,1.048,1.048,-0.003,-0.2854,69247.91,7266.785
150131.SZ,20170725,0.49,0.491,0.5,0.488,0.489,-0.001,-0.2041,210674.54,10383.773
150135.SZ,20170725,1.015,1.015,1.015,1.015,1.015,0.0,0.0,132.0,13.398
150136.SZ,20170725,0.84,0.84,0.842,0.828,0.842,0.002,0.2381,132.0,10.946
150139.SZ,20170725,0.92,0.92,0.92,0.92,0.92,0.0,0.0,201.0,18.492
150140.SZ,20170725,1.014,1.012,1.012,1.009,1.011,-0.003,-0.2959,19524.0,1972.21
150141.SZ,20170725,0.926,0.915,0.916,0.915,0.916,-0.01,-1.0799,847.0,77.581
150144.SZ,20170725,0.735,0.741,0.741,0.71,0.716,-0.019,-2.585,9255.0,662.209
150145.SZ,20170725,1.046,1.046,1.046,1.046,1.046,0.0,0.0,5.0,0.523
150146.SZ,20170725,0.416,0.416,0.422,0.416,0.416,0.0,0.0,98.0,4.081
150148.SZ,20170725,1.069,1.15,1.15,1.15,1.15,0.081,7.5772,1.0,0.115
150149.SZ,20170725,0.605,0.619,0.629,0.602,0.603,-0.002,-0.3306,2495.0,150.792
150150.SZ,20170725,1.048,1.068,1.068,1.056,1.058,0.01,0.9542,1094.53,115.909
150151.SZ,20170725,1.332,1.292,1.35,1.292,1.341,0.009,0.6757,2078.0,274.803
150152.SZ,20170725,1.022,1.022,1.022,1.019,1.021,-0.001,-0.0978,466808.71,47634.424
150153.SZ,20170725,0.492,0.492,0.498,0.488,0.496,0.004,0.813,1901335.26,93898.843
150154.SZ,20170725,0.942,0.941,0.941,0.941,0.941,-0.001,-0.1062,1000.0,94.1
150156.SZ,20170725,1.015,0.96,1.016,0.96,1.016,0.001,0.0985,21.39,2.165
150157.SZ,20170725,1.04,1.04,1.04,1.037,1.038,-0.002,-0.1923,32389.28,3363.661
150158.SZ,20170725,1.028,1.028,1.038,1.017,1.023,-0.005,-0.4864,60269.47,6194.384
150164.SZ,20170725,1.005,1.005,1.005,1.004,1.004,-0.001,-0.0995,1339.69,134.633
150165.SZ,20170725,0.786,0.778,0.785,0.765,0.766,-0.02,-2.5445,1710.67,133.03
150167.SZ,20170725,1.071,1.071,1.082,1.07,1.082,0.011,1.0271,2219.37,237.709
150168.SZ,20170725,0.785,0.829,0.849,0.768,0.8,0.015,1.9108,1328.0,103.632
150169.SZ,20170725,1.029,1.029,1.029,1.027,1.029,0.0,0.0,3069.0,315.399
150170.SZ,20170725,1.278,1.274,1.285,1.274,1.276,-0.002,-0.1565,4415.0,564.159
150171.SZ,20170725,1.008,1.007,1.008,1.003,1.007,-0.001,-0.0992,20916.16,2102.343
150172.SZ,20170725,1.13,1.128,1.133,1.109,1.11,-0.02,-1.7699,343547.79,38407.635
150173.SZ,20170725,1.001,1.0,1.001,1.0,1.001,0.0,0.0,13324.95,1332.551
150174.SZ,20170725,0.486,0.488,0.488,0.47,0.47,-0.016,-3.2922,1633.15,77.164
150175.SZ,20170725,0.966,0.967,0.968,0.965,0.966,0.0,0.0,279396.0,26995.019
150176.SZ,20170725,1.016,1.013,1.019,1.006,1.008,-0.008,-0.7874,228900.0,23163.723
150177.SZ,20170725,1.06,1.023,1.058,1.023,1.058,-0.002,-0.1887,366.99,38.362
150178.SZ,20170725,1.5,1.485,1.493,1.474,1.484,-0.016,-1.0667,4248.16,630.477
150179.SZ,20170725,1.025,1.035,1.035,1.034,1.035,0.01,0.9756,320.48,33.146
150180.SZ,20170725,1.208,1.208,1.254,1.208,1.219,0.011,0.9106,509.94,62.339
150181.SZ,20170725,1.002,1.002,1.003,1.0,1.0,-0.002,-0.1996,19942.26,1997.125
150182.SZ,20170725,0.786,0.786,0.795,0.767,0.777,-0.009,-1.145,431160.48,33652.557
150184.SZ,20170725,1.014,1.01,1.015,1.01,1.015,0.001,0.0986,1241.35,125.893
150185.SZ,20170725,0.773,0.773,0.773,0.752,0.76,-0.013,-1.6818,7805.39,594.867
150186.SZ,20170725,1.017,1.017,1.017,1.015,1.016,-0.001,-0.0983,29650.95,3011.557
150187.SZ,20170725,0.578,0.579,0.592,0.563,0.57,-0.008,-1.3841,15048.27,865.537
150188.SZ,20170725,1.005,1.006,1.015,1.001,1.001,-0.004,-0.398,2393.25,241.151
150189.SZ,20170725,0.916,0.888,0.91,0.888,0.91,-0.006,-0.655,514.93,45.75
150190.SZ,20170725,1.065,1.066,1.066,1.065,1.066,0.001,0.0939,18.0,1.918
150191.SZ,20170725,1.061,1.064,1.064,1.021,1.06,-0.001,-0.0943,216.53,22.938
150193.SZ,20170725,1.036,1.036,1.036,1.005,1.01,-0.026,-2.5097,1111.59,112.584
150194.SZ,20170725,1.02,1.013,1.02,1.013,1.02,0.0,0.0,7163.51,728.732
150195.SZ,20170725,1.038,1.038,1.047,1.023,1.03,-0.008,-0.7707,25487.63,2629.624
150196.SZ,20170725,1.108,1.108,1.108,1.102,1.108,0.0,0.0,7881.0,872.668
150197.SZ,20170725,1.178,1.179,1.191,1.155,1.183,0.005,0.4244,134546.98,15766.513
150198.SZ,20170725,1.14,1.133,1.141,1.133,1.141,0.001,0.0877,8573.35,977.464
150199.SZ,20170725,0.916,0.915,0.923,0.901,0.912,-0.004,-0.4367,15478.89,1408.287
150200.SZ,20170725,0.999,0.999,0.999,0.997,0.998,-0.001,-0.1001,780133.76,77831.443
150201.SZ,20170725,0.477,0.476,0.48,0.46,0.463,-0.014,-2.935,4659331.62,217843.267
150203.SZ,20170725,1.012,1.006,1.011,1.006,1.006,-0.006,-0.5929,406.0,40.844
150204.SZ,20170725,0.69,0.674,0.708,0.674,0.692,0.002,0.2899,6827.32,473.903
150205.SZ,20170725,0.988,0.988,0.989,0.986,0.987,-0.001,-0.1012,22272.23,2198.244
150206.SZ,20170725,0.979,0.979,0.983,0.953,0.955,-0.024,-2.4515,270547.46,26153.584
150207.SZ,20170725,1.07,1.068,1.068,1.067,1.067,-0.003,-0.2804,357.39,38.137
150208.SZ,20170725,0.49,0.489,0.489,0.472,0.485,-0.005,-1.0204,3002.0,144.356
150209.SZ,20170725,1.028,1.027,1.027,1.025,1.027,-0.001,-0.0973,3542.49,363.717
150210.SZ,20170725,0.853,0.853,0.858,0.839,0.841,-0.012,-1.4068,120147.28,10162.795
150211.SZ,20170725,1.026,1.025,1.027,1.024,1.027,0.001,0.0975,20570.0,2109.958
150212.SZ,20170725,0.69,0.686,0.702,0.673,0.689,-0.001,-0.1449,120494.7,8303.334
150213.SZ,20170725,1.047,1.058,1.058,1.045,1.047,0.0,0.0,21295.0,2228.47
150214.SZ,20170725,0.343,0.343,0.35,0.34,0.35,0.007,2.0408,73815.26,2545.465
150216.SZ,20170725,1.015,1.06,1.06,1.009,1.021,0.006,0.5911,733.1,75.069
150217.SZ,20170725,1.014,1.016,1.016,1.011,1.012,-0.002,-0.1972,3194.0,323.761
150218.SZ,20170725,0.57,0.57,0.573,0.558,0.57,0.0,0.0,6117.36,344.994
150219.SZ,20170725,1.112,1.081,1.11,1.081,1.11,-0.002,-0.1799,1005.0,111.54
150220.SZ,20170725,0.814,0.813,0.815,0.811,0.813,-0.001,-0.1229,233.0,18.923
150221.SZ,20170725,1.111,1.112,1.115,1.109,1.112,0.001,0.09,1123644.41,124832.723
150222.SZ,20170725,0.419,0.42,0.425,0.403,0.407,-0.012,-2.864,3057591.72,125693.334
150223.SZ,20170725,1.124,1.119,1.123,1.116,1.118,-0.006,-0.5338,22265.14,2490.348
150224.SZ,20170725,0.905,0.904,0.908,0.887,0.888,-0.017,-1.8785,155928.69,13936.516
150225.SZ,20170725,1.118,1.016,1.08,1.016,1.079,-0.039,-3.4884,1179.71,123.046
150226.SZ,20170725,1.346,1.481,1.481,1.214,1.32,-0.026,-1.9316,1051.24,139.678
150227.SZ,20170725,1.009,1.008,1.01,1.007,1.008,-0.001,-0.0991,39021.0,3933.979
150228.SZ,20170725,0.932,0.932,0.955,0.929,0.931,-0.001,-0.1073,773887.0,72949.683
150229.SZ,20170725,1.063,1.055,1.072,1.055,1.068,0.005,0.4704,14662.24,1564.216
150230.SZ,20170725,1.11,1.101,1.117,1.082,1.111,0.001,0.0901,8401.7,915.285
150232.SZ,20170725,1.097,1.078,1.096,1.078,1.095,-0.002,-0.1823,192.0,20.854
150233.SZ,20170725,0.974,0.974,0.976,0.972,0.976,0.002,0.2053,1945.41,189.484
150234.SZ,20170725,1.04,1.028,1.06,1.028,1.059,0.019,1.8269,1684.49,178.348
150235.SZ,20170725,1.037,1.035,1.035,1.022,1.022,-0.015,-1.4465,187.01,19.308
150236.SZ,20170725,0.868,0.863,0.867,0.851,0.855,-0.013,-1.4977,23287.05,1994.256
150237.SZ,20170725,1.099,1.058,1.058,1.046,1.046,-0.053,-4.8226,268.92,28.345
150241.SZ,20170725,1.054,1.041,1.06,1.041,1.06,0.006,0.5693,5056.0,532.991
150242.SZ,20170725,1.04,1.035,1.06,1.008,1.04,0.0,0.0,9648.14,1012.813
150243.SZ,20170725,1.038,1.038,1.038,1.038,1.038,0.0,0.0,11.0,1.141
150244.SZ,20170725,0.525,0.523,0.535,0.523,0.527,0.002,0.381,26183.89,1382.339
150246.SZ,20170725,0.9,0.878,0.898,0.875,0.897,-0.003,-0.3333,335.14,29.357
150247.SZ,20170725,1.028,1.028,1.029,1.028,1.028,0.0,0.0,8475.68,871.322
150248.SZ,20170725,0.77,0.777,0.842,0.762,0.779,0.009,1.1688,4000.6,312.432
150249.SZ,20170725,1.031,1.021,1.031,1.021,1.031,0.0,0.0,1435.4,147.825
150250.SZ,20170725,1.003,0.992,1.02,0.99,1.01,0.007,0.6979,1701.96,171.888
150251.SZ,20170725,1.162,1.159,1.166,1.13,1.13,-0.032,-2.7539,8382.0,954.98
150252.SZ,20170725,1.33,1.336,1.375,1.311,1.368,0.038,2.8571,34034.43,4561.942
150255.SZ,20170725,0.978,0.978,0.98,0.975,0.978,0.0,0.0,3833.21,375.364
150256.SZ,20170725,0.909,0.915,0.942,0.911,0.918,0.009,0.9901,5523.0,509.528
150257.SZ,20170725,0.99,0.99,0.99,0.99,0.99,0.0,0.0,138.0,13.662
150258.SZ,20170725,0.896,0.894,0.921,0.894,0.899,0.003,0.3348,198.0,17.804
150259.SZ,20170725,0.979,0.978,0.978,0.977,0.978,-0.001,-0.1021,4459.21,436.085
150260.SZ,20170725,0.638,0.636,0.645,0.632,0.64,0.002,0.3135,1948.12,124.374
150261.SZ,20170725,1.049,1.051,1.051,1.051,1.051,0.002,0.1907,20323.27,2135.975
150262.SZ,20170725,0.67,0.678,0.686,0.667,0.68,0.01,1.4925,6081.17,411.282
150263.SZ,20170725,1.03,1.03,1.03,1.029,1.03,0.0,0.0,1215.0,125.123
150264.SZ,20170725,0.469,0.488,0.488,0.488,0.488,0.019,4.0512,1.0,0.048
150265.SZ,20170725,1.095,1.094,1.095,1.091,1.092,-0.003,-0.274,669.0,73.128
150266.SZ,20170725,1.351,1.352,1.353,1.324,1.329,-0.022,-1.6284,1874.64,249.813
150267.SZ,20170725,1.065,1.06,1.099,1.06,1.063,-0.002,-0.1878,267.0,28.43
150268.SZ,20170725,0.941,0.941,0.959,0.932,0.952,0.011,1.169,1951.05,184.891
150269.SZ,20170725,1.093,1.084,1.12,1.084,1.108,0.015,1.3724,13314.0,1460.12
150270.SZ,20170725,1.537,1.54,1.557,1.523,1.536,-0.001,-0.0651,32256.0,4973.475
150273.SZ,20170725,1.014,1.013,1.014,1.006,1.014,0.0,0.0,1715.0,173.509
150274.SZ,20170725,0.681,0.671,0.681,0.666,0.666,-0.015,-2.2026,1944.0,130.671
150275.SZ,20170725,1.002,1.001,1.001,0.999,1.001,-0.001,-0.0998,39725.84,3972.281
150276.SZ,20170725,0.616,0.614,0.619,0.593,0.604,-0.012,-1.9481,135347.7,8205.258
150277.SZ,20170725,1.016,1.016,1.016,1.015,1.016,0.0,0.0,10006.0,1016.469
150278.SZ,20170725,0.539,0.541,0.541,0.52,0.528,-0.011,-2.0408,29338.2,1555.336
150280.SZ,20170725,0.668,0.64,0.668,0.64,0.668,0.0,0.0,345.0,23.032
150281.SZ,20170725,1.099,1.01,1.099,1.01,1.099,0.0,0.0,9772.03,1054.907
150282.SZ,20170725,0.546,0.503,0.555,0.503,0.546,0.0,0.0,16128.71,881.421
150283.SZ,20170725,0.977,0.976,0.976,0.975,0.976,-0.001,-0.1024,614.08,59.873
150284.SZ,20170725,0.762,0.712,0.757,0.712,0.757,-0.005,-0.6562,366.01,26.203
150287.SZ,20170725,1.067,1.069,1.069,1.062,1.063,-0.004,-0.3749,9063.06,963.088
150288.SZ,20170725,0.693,0.692,0.703,0.674,0.69,-0.003,-0.4329,92020.62,6308.187
150289.SZ,20170725,1.061,1.062,1.067,1.062,1.063,0.002,0.1885,32553.0,3462.353
150290.SZ,20170725,0.651,0.656,0.661,0.632,0.645,-0.006,-0.9217,265438.34,17038.519
150291.SZ,20170725,1.062,1.063,1.065,1.061,1.061,-0.001,-0.0942,13058.0,1388.728
150292.SZ,20170725,0.773,0.779,0.789,0.764,0.773,0.0,0.0,8381.01,651.833
150293.SZ,20170725,1.046,1.041,1.046,1.041,1.046,0.0,0.0,12.34,1.285
150295.SZ,20170725,1.028,1.025,1.027,1.025,1.027,-0.001,-0.0973,451.0,46.274
150296.SZ,20170725,0.967,0.964,0.965,0.951,0.965,-0.002,-0.2068,895.0,85.303
150299.SZ,20170725,1.062,1.062,1.063,1.06,1.06,-0.002,-0.1883,33608.1,3568.978
150300.SZ,20170725,0.718,0.718,0.735,0.714,0.714,-0.004,-0.5571,106604.37,7723.266
150301.SZ,20170725,1.05,1.047,1.051,1.047,1.047,-0.003,-0.2857,106.62,11.166
150302.SZ,20170725,1.069,1.041,1.066,1.039,1.065,-0.004,-0.3742,100.33,10.458
150303.SZ,20170725,1.04,1.04,1.042,1.036,1.041,0.001,0.0962,14067.76,1464.623
150304.SZ,20170725,0.778,0.78,0.79,0.777,0.782,0.004,0.5141,22340.16,1749.596
150306.SZ,20170725,0.499,0.499,0.499,0.499,0.499,0.0,0.0,78.0,3.892
150307.SZ,20170725,0.98,0.979,0.979,0.979,0.979,-0.001,-0.102,1300.0,127.27
150308.SZ,20170725,0.999,1.013,1.013,0.992,0.992,-0.007,-0.7007,52.0,5.162
150311.SZ,20170725,1.007,1.005,1.005,1.004,1.004,-0.003,-0.2979,29.0,2.913
150312.SZ,20170725,0.666,0.663,0.664,0.662,0.663,-0.003,-0.4505,436.02,28.935
150315.SZ,20170725,1.02,1.019,1.019,1.019,1.019,-0.001,-0.098,10.0,1.019
150316.SZ,20170725,0.733,0.714,0.73,0.714,0.717,-0.016,-2.1828,214.0,15.306
150321.SZ,20170725,1.195,1.186,1.198,1.186,1.189,-0.006,-0.5021,1067.54,127.058
150322.SZ,20170725,1.307,1.272,1.32,1.272,1.296,-0.011,-0.8416,1445.52,186.757
150324.SZ,20170725,0.392,0.386,0.386,0.386,0.386,-0.006,-1.5306,90.0,3.474
150325.SZ,20170725,1.044,1.033,1.033,1.033,1.033,-0.011,-1.0536,870.0,89.871
150326.SZ,20170725,0.945,0.935,0.935,0.935,0.935,-0.01,-1.0582,5.0,0.467
150327.SZ,20170725,1.178,1.198,1.198,1.198,1.198,0.02,1.6978,1.0,0.119
150328.SZ,20170725,1.14,1.1,1.113,1.1,1.101,-0.039,-3.4211,98.0,10.893
150329.SZ,20170725,1.063,1.064,1.071,1.064,1.07,0.007,0.6585,1125.0,120.198
150330.SZ,20170725,1.32,1.327,1.339,1.313,1.334,0.014,1.0606,26518.0,3508.744
150331.SZ,20170725,1.063,1.062,1.063,1.06,1.063,0.0,0.0,6641.33,704.789
150332.SZ,20170725,0.331,0.334,0.336,0.322,0.326,-0.005,-1.5106,38539.0,1259.475
150335.SZ,20170725,1.028,1.028,1.028,1.026,1.027,-0.001,-0.0973,17539.0,1801.022
150336.SZ,20170725,0.322,0.327,0.334,0.313,0.317,-0.005,-1.5528,94482.0,3066.622
150343.SZ,20170725,1.052,1.05,1.058,1.047,1.058,0.006,0.5703,571.66,59.864
150344.SZ,20170725,1.08,1.063,1.069,1.06,1.06,-0.02,-1.8519,44.76,4.778
159001.SZ,20170725,100.0,100.0,100.001,99.999,100.0,0.0,0.0,293603.03,2936031.027
159003.SZ,20170725,100.0,99.999,100.001,99.998,100.0,0.0,0.0,46084.62,460845.733
159005.SZ,20170725,100.0,100.0,100.003,99.999,100.003,0.003,0.003,43878.63,438787.961
159901.SZ,20170725,4.486,4.479,4.492,4.44,4.446,-0.04,-0.8917,36035.2,16078.437
159902.SZ,20170725,3.351,3.351,3.36,3.321,3.334,-0.017,-0.5073,47464.0,15839.197
159903.SZ,20170725,1.113,1.114,1.118,1.101,1.106,-0.007,-0.6289,11272.59,1252.918
159905.SZ,20170725,1.503,1.503,1.504,1.484,1.488,-0.015,-0.998,19483.0,2909.752
159906.SZ,20170725,0.946,0.937,0.958,0.93,0.957,0.011,1.1628,2681.0,256.379
159907.SZ,20170725,1.397,1.396,1.418,1.393,1.397,0.0,0.0,309.0,43.493
159908.SZ,20170725,1.363,1.365,1.365,1.359,1.362,-0.001,-0.0734,12.0,1.635
159909.SZ,20170725,4.979,4.998,4.998,4.99,4.99,0.011,0.2209,29.26,14.601
159910.SZ,20170725,1.596,1.598,1.598,1.595,1.595,-0.001,-0.0627,21.0,3.351
159911.SZ,20170725,4.136,4.07,4.083,4.07,4.083,-0.053,-1.2814,3.0,1.223
159912.SZ,20170725,1.302,1.295,1.3,1.295,1.296,-0.006,-0.4608,157.0,20.336
159915.SZ,20170725,1.599,1.598,1.606,1.59,1.599,0.0,0.0,735777.73,117549.609
159916.SZ,20170725,3.226,3.265,3.265,3.264,3.264,0.038,1.1779,16.0,5.223
159918.SZ,20170725,1.755,1.772,1.772,1.755,1.765,0.01,0.5698,18.0,3.176
159919.SZ,20170725,4.095,4.088,4.098,4.058,4.066,-0.029,-0.7082,68468.33,27887.18
159920.SZ,20170725,1.455,1.456,1.458,1.453,1.453,-0.002,-0.1375,1390460.96,202442.509
159921.SZ,20170725,1.489,1.463,1.484,1.463,1.48,-0.009,-0.6044,43.0,6.357
159922.SZ,20170725,6.288,6.272,6.295,6.243,6.275,-0.013,-0.2067,1310.86,821.354
159923.SZ,20170725,1.512,1.509,1.514,1.502,1.502,-0.01,-0.6614,5576.0,841.253
159924.SZ,20170725,1.426,1.414,1.425,1.407,1.422,-0.004,-0.2805,1352.0,190.279
159925.SZ,20170725,1.553,1.557,1.557,1.54,1.54,-0.013,-0.8371,2431.0,375.786
159926.SZ,20170725,109.217,107.616,112.999,107.616,109.989,0.772,0.7068,11.0,120.587
159928.SZ,20170725,1.792,1.793,1.809,1.782,1.785,-0.007,-0.3906,1720.0,308.791
159929.SZ,20170725,1.43,1.43,1.43,1.425,1.428,-0.002,-0.1399,2187.0,312.147
159930.SZ,20170725,0.849,0.836,0.848,0.834,0.84,-0.009,-1.0601,423.0,35.584
159931.SZ,20170725,1.631,1.642,1.642,1.615,1.615,-0.016,-0.981,1127.0,182.318
159933.SZ,20170725,1.804,1.8,1.8,1.8,1.8,-0.004,-0.2217,100.0,18.0
159934.SZ,20170725,2.722,2.72,2.727,2.719,2.725,0.003,0.1102,73219.13,19939.189
159935.SZ,20170725,1.611,1.599,1.617,1.592,1.617,0.006,0.3724,73.0,11.754
159936.SZ,20170725,1.564,1.551,1.553,1.551,1.553,-0.011,-0.7033,94.0,14.59
159937.SZ,20170725,2.739,2.739,2.744,2.736,2.743,0.004,0.146,199307.0,54623.273
159938.SZ,20170725,1.254,1.255,1.258,1.249,1.25,-0.004,-0.319,12978.0,1625.703
159939.SZ,20170725,1.03,1.028,1.032,1.024,1.026,-0.004,-0.3883,3709.0,381.703
159940.SZ,20170725,0.92,0.911,0.919,0.911,0.914,-0.006,-0.6522,343.0,31.383
159941.SZ,20170725,1.302,1.308,1.31,1.305,1.309,0.007,0.5376,4675.0,611.222
159942.SZ,20170725,1.795,1.791,1.791,1.791,1.791,-0.004,-0.2228,1.0,0.179
159943.SZ,20170725,10.85,10.85,10.948,10.801,10.898,0.048,0.4424,319.4,346.973
159944.SZ,20170725,0.91,0.906,0.907,0.892,0.896,-0.014,-1.5385,110.01,9.91
159945.SZ,20170725,0.755,0.762,0.762,0.751,0.758,0.003,0.3974,4414.07,333.697
159946.SZ,20170725,1.047,1.044,1.044,1.044,1.044,-0.003,-0.2865,77.33,8.073
159948.SZ,20170725,1.73,1.73,1.739,1.723,1.732,0.002,0.1156,1317.0,228.1
159949.SZ,20170725,0.661,0.661,0.665,0.658,0.663,0.002,0.3026,59141.28,3915.319
159950.SZ,20170725,1.053,1.039,1.055,1.039,1.043,-0.01,-0.9497,10111.0,1066.251
159951.SZ,20170725,0.944,0.96,0.96,0.94,0.94,-0.004,-0.4237,26680.72,2525.951
159952.SZ,20170725,0.944,0.944,0.949,0.94,0.945,0.001,0.1059,52022.26,4914.269
159953.SZ,20170725,0.981,0.98,0.984,0.971,0.974,-0.007,-0.7136,53777.96,5259.576
160105.SZ,20170725,1.025,1.026,1.028,1.008,1.012,-0.013,-1.2683,768.02,77.649
160106.SZ,20170725,1.263,1.256,1.262,1.256,1.26,-0.003,-0.2375,410.6,51.665
160119.SZ,20170725,1.51,1.504,1.51,1.501,1.505,-0.005,-0.3311,1073.79,161.685
160125.SZ,20170725,0.939,0.939,0.939,0.936,0.937,-0.002,-0.213,1943.0,182.215
160128.SZ,20170725,0.989,0.99,0.99,0.981,0.99,0.001,0.1011,5005.0,495.492
160131.SZ,20170725,1.004,1.005,1.005,1.005,1.005,0.001,0.0996,1000.0,100.5
160133.SZ,20170725,2.014,2.016,2.016,2.003,2.006,-0.008,-0.3972,3194.34,641.041
160138.SZ,20170725,1.044,1.035,1.063,1.035,1.035,-0.009,-0.8621,30.0,3.115
160211.SZ,20170725,3.236,3.239,3.239,3.198,3.205,-0.031,-0.958,2051.69,659.277
160212.SZ,20170725,2.664,2.663,2.666,2.624,2.635,-0.029,-1.0886,31777.99,8407.53
160215.SZ,20170725,1.484,1.484,1.484,1.464,1.473,-0.011,-0.7412,7158.97,1055.482
160216.SZ,20170725,0.368,0.372,0.372,0.37,0.37,0.002,0.5435,173575.0,6441.947
160220.SZ,20170725,1.308,1.31,1.312,1.31,1.312,0.004,0.3058,588.0,77.071
160223.SZ,20170725,0.796,0.79,0.799,0.783,0.796,0.0,0.0,6424.45,504.823
160225.SZ,20170725,1.045,1.054,1.054,1.04,1.04,-0.005,-0.4785,626.43,65.397
160311.SZ,20170725,1.429,1.43,1.43,1.423,1.423,-0.006,-0.4199,869.0,123.845
160314.SZ,20170725,1.07,1.072,1.072,1.065,1.065,-0.005,-0.4673,977.0,104.056
160322.SZ,20170725,1.343,1.37,1.477,1.37,1.477,0.134,9.9777,2159.86,318.234
160323.SZ,20170725,0.938,0.939,0.939,0.938,0.938,0.0,0.0,200.0,18.77
160415.SZ,20170725,1.241,1.257,1.274,1.245,1.263,0.022,1.7728,1956.0,246.378
160416.SZ,20170725,0.891,0.891,0.895,0.891,0.894,0.003,0.3367,5826.0,520.324
160421.SZ,20170725,0.813,0.808,0.81,0.808,0.809,-0.004,-0.492,1951.08,157.899
160422.SZ,20170725,1.041,1.041,1.041,1.033,1.04,-0.001,-0.0961,13204.21,1370.449
160505.SZ,20170725,1.776,1.778,1.778,1.768,1.772,-0.004,-0.2252,12149.64,2153.547
160512.SZ,20170725,2.226,2.227,2.229,2.208,2.221,-0.005,-0.2246,2868.85,636.365
160513.SZ,20170725,1.412,1.417,1.417,1.417,1.417,0.005,0.3541,27.06,3.834
160515.SZ,20170725,0.999,0.999,0.999,0.999,0.999,0.0,0.0,510.0,50.949
160518.SZ,20170725,0.901,0.901,0.902,0.897,0.9,-0.001,-0.111,22382.13,2013.988
160519.SZ,20170725,0.877,0.877,0.88,0.874,0.88,0.003,0.3421,22628.19,1985.101
160607.SZ,20170725,0.733,0.728,0.734,0.728,0.73,-0.003,-0.4093,245.0,17.909
160610.SZ,20170725,1.046,1.041,1.042,1.026,1.031,-0.015,-1.434,853.0,87.819
160611.SZ,20170725,0.812,0.806,0.829,0.804,0.829,0.017,2.0936,185.0,14.916
160613.SZ,20170725,1.37,1.385,1.385,1.378,1.378,0.008,0.5839,7.0,0.968
160615.SZ,20170725,1.496,1.501,1.502,1.501,1.501,0.005,0.3342,26.69,4.006
160616.SZ,20170725,1.288,1.294,1.294,1.29,1.29,0.002,0.1553,253.0,32.657
160617.SZ,20170725,1.01,1.008,1.008,1.008,1.008,-0.002,-0.198,2.0,0.201
160618.SZ,20170725,1.143,1.143,1.143,1.143,1.143,0.0,0.0,12.0,1.371
160635.SZ,20170725,0.999,0.983,0.996,0.983,0.995,-0.004,-0.4004,42.8,4.213
160642.SZ,20170725,0.905,0.924,0.925,0.902,0.925,0.02,2.2099,189.0,17.071
160643.SZ,20170725,0.998,0.998,0.998,0.987,0.988,-0.01,-1.002,552.06,54.598
160706.SZ,20170725,1.073,1.072,1.074,1.064,1.065,-0.008,-0.7456,12097.52,1291.382
160716.SZ,20170725,1.48,1.478,1.48,1.47,1.473,-0.007,-0.473,5343.0,789.288
160717.SZ,20170725,0.809,0.801,0.809,0.801,0.808,-0.001,-0.1236,4006.0,323.677
160719.SZ,20170725,0.705,0.704,0.706,0.702,0.704,-0.001,-0.1418,5617.0,395.507
160720.SZ,20170725,1.12,1.119,1.119,1.119,1.119,-0.001,-0.0893,1.0,0.111
160722.SZ,20170725,0.934,0.933,0.938,0.933,0.938,0.004,0.4283,13187.37,1233.717
160723.SZ,20170725,0.904,0.912,0.917,0.912,0.915,0.011,1.2168,4717.02,431.488
160805.SZ,20170725,0.82,0.813,0.829,0.813,0.818,-0.002,-0.2439,349.03,28.398
160806.SZ,20170725,1.342,1.339,1.34,1.331,1.337,-0.005,-0.3726,378.33,50.422
160807.SZ,20170725,1.236,1.232,1.248,1.229,1.23,-0.006,-0.4854,5.0,0.618
160812.SZ,20170725,1.45,1.439,1.44,1.438,1.438,-0.012,-0.8276,904.89,130.223
160813.SZ,20170725,0.805,0.805,0.805,0.797,0.798,-0.007,-0.8696,145.28,11.594
160910.SZ,20170725,1.073,1.077,1.077,1.07,1.071,-0.002,-0.1864,1930.22,206.559
160916.SZ,20170725,2.488,2.491,2.493,2.476,2.486,-0.002,-0.0804,1287.26,320.184
160918.SZ,20170725,1.835,1.84,1.847,1.83,1.84,0.005,0.2725,1314.0,241.645
160919.SZ,20170725,1.188,1.178,1.178,1.17,1.171,-0.017,-1.431,1126.01,132.188
160921.SZ,20170725,0.897,0.897,0.897,0.896,0.897,0.0,0.0,951.0,85.299
160922.SZ,20170725,1.078,1.07,1.079,1.069,1.07,-0.008,-0.7421,1007.11,107.662
161005.SZ,20170725,1.847,1.848,1.852,1.84,1.84,-0.007,-0.379,2061.0,380.611
161010.SZ,20170725,1.083,1.084,1.084,1.076,1.078,-0.005,-0.4617,1925.0,207.818
161017.SZ,20170725,2.119,2.101,2.119,2.101,2.113,-0.006,-0.2832,106.89,22.53
161019.SZ,20170725,0.981,0.98,0.981,0.979,0.981,0.0,0.0,5046.0,494.636
161033.SZ,20170725,1.006,1.009,1.015,1.003,1.006,0.0,0.0,410.95,41.42
161036.SZ,20170725,0.906,0.91,0.925,0.909,0.925,0.019,2.0971,1670.14,151.998
161037.SZ,20170725,1.029,1.031,1.031,1.031,1.031,0.002,0.1944,301.03,31.036
161115.SZ,20170725,1.331,1.339,1.339,1.338,1.339,0.008,0.6011,626.46,83.863
161116.SZ,20170725,0.722,0.722,0.722,0.719,0.721,-0.001,-0.1385,2480.88,178.895
161117.SZ,20170725,1.015,1.013,1.013,1.013,1.013,-0.002,-0.197,19.0,1.924
161124.SZ,20170725,1.055,1.056,1.056,1.054,1.054,-0.001,-0.0948,1869.0,197.121
161125.SZ,20170725,1.045,1.045,1.047,1.041,1.047,0.002,0.1914,3124.01,326.14
161126.SZ,20170725,1.136,1.138,1.142,1.138,1.141,0.005,0.4401,1074.0,122.439
161127.SZ,20170725,1.204,1.212,1.246,1.212,1.218,0.014,1.1628,4341.01,531.148
161128.SZ,20170725,1.111,1.113,1.118,1.113,1.115,0.004,0.36,511.0,56.972
161129.SZ,20170725,0.841,0.852,0.854,0.844,0.845,0.004,0.4756,3049.0,259.017
161130.SZ,20170725,0.993,0.993,0.994,0.993,0.994,0.001,0.1007,4941.13,490.877
161210.SZ,20170725,1.001,1.006,1.011,1.003,1.003,0.002,0.1998,1024.81,103.363
161217.SZ,20170725,0.753,0.752,0.752,0.747,0.752,-0.001,-0.1328,274.0,20.513
161219.SZ,20170725,1.245,1.238,1.266,1.238,1.253,0.008,0.6426,32.0,3.986
161222.SZ,20170725,1.104,1.101,1.101,1.097,1.101,-0.003,-0.2717,211.23,23.198
161224.SZ,20170725,1.04,1.04,1.04,1.025,1.04,0.0,0.0,32.0,3.312
161225.SZ,20170725,1.139,1.137,1.143,1.135,1.135,-0.004,-0.3512,256.0,29.105
161226.SZ,20170725,0.885,0.887,0.888,0.883,0.886,0.001,0.113,42176.0,3735.251
161227.SZ,20170725,0.97,0.968,0.973,0.963,0.963,-0.007,-0.7216,6990.91,675.741
161229.SZ,20170725,1.372,1.372,1.375,1.369,1.373,0.001,0.0729,1862.0,255.749
1612301.SZ,20170725,0.987,0.988,0.988,0.988,0.988,0.001,0.1013,10.0,0.988
161232.SZ,20170725,0.774,0.774,0.775,0.772,0.774,0.0,0.0,19501.0,1508.544
161233.SZ,20170725,0.93,0.917,0.928,0.917,0.92,-0.01,-1.0753,10445.65,961.128
161607.SZ,20170725,1.177,1.172,1.172,1.171,1.171,-0.006,-0.5098,172.0,20.141
161610.SZ,20170725,0.913,0.908,0.91,0.9,0.908,-0.005,-0.5476,4341.77,391.926
161626.SZ,20170725,1.019,1.021,1.021,1.021,1.021,0.002,0.1963,1.0,0.102
161631.SZ,20170725,1.078,1.048,1.067,1.048,1.05,-0.028,-2.5974,11254.78,1184.182
161706.SZ,20170725,1.47,1.467,1.47,1.453,1.457,-0.013,-0.8844,849.79,123.732
161714.SZ,20170725,0.93,0.927,0.93,0.927,0.93,0.0,0.0,321.0,29.817
161715.SZ,20170725,1.125,1.122,1.135,1.114,1.123,-0.002,-0.1778,5497.88,614.521
161722.SZ,20170725,1.151,1.151,1.151,1.15,1.15,-0.001,-0.0869,9.0,1.035
161810.SZ,20170725,1.687,1.676,1.676,1.663,1.663,-0.024,-1.4226,492.08,82.403
161815.SZ,20170725,0.432,0.432,0.433,0.431,0.433,0.001,0.2315,4942.0,213.729
161831.SZ,20170725,0.992,0.99,0.994,0.987,0.987,-0.005,-0.504,1240.06,122.692
161834.SZ,20170725,0.856,0.852,0.856,0.85,0.855,-0.001,-0.1168,4137.03,352.641
161835.SZ,20170725,0.913,0.905,0.934,0.902,0.934,0.021,2.3001,2201.03,199.166
161903.SZ,20170725,0.85,0.844,0.851,0.841,0.843,-0.007,-0.8235,871.0,73.328
161907.SZ,20170725,1.628,1.626,1.626,1.626,1.626,-0.002,-0.1229,2.0,0.325
161911.SZ,20170725,0.975,0.975,0.976,0.975,0.976,0.001,0.1026,6644.0,648.369
162006.SZ,20170725,1.086,1.086,1.087,1.08,1.08,-0.006,-0.5525,54.0,5.835
162105.SZ,20170725,1.073,1.084,1.084,1.084,1.084,0.011,1.0252,9.0,0.975
162207.SZ,20170725,1.237,1.233,1.24,1.231,1.232,-0.005,-0.4042,255.0,31.494
162215.SZ,20170725,1.042,1.049,1.049,1.042,1.042,0.0,0.0,17547.22,1828.801
162307.SZ,20170725,1.211,1.182,1.203,1.176,1.203,-0.008,-0.6606,119.0,14.146
162411.SZ,20170725,0.538,0.538,0.543,0.538,0.542,0.004,0.7435,1049188.85,56753.067
162414.SZ,20170725,1.125,1.125,1.128,1.125,1.126,0.001,0.0889,346.0,38.956
162415.SZ,20170725,1.18,1.18,1.18,1.177,1.179,-0.001,-0.0847,270.0,31.828
162510.SZ,20170725,1.012,1.015,1.015,1.012,1.012,0.0,0.0,4.0,0.405
162605.SZ,20170725,1.091,1.091,1.096,1.087,1.089,-0.002,-0.1833,1215.0,132.595
162607.SZ,20170725,0.524,0.524,0.524,0.516,0.518,-0.006,-1.145,3893.0,201.937
162703.SZ,20170725,1.305,1.307,1.309,1.3,1.3,-0.005,-0.3831,1881.88,245.467
162711.SZ,20170725,1.296,1.297,1.297,1.29,1.296,0.0,0.0,465.16,60.071
162712.SZ,20170725,1.415,1.414,1.415,1.413,1.415,0.0,0.0,541.0,76.458
162717.SZ,20170725,0.93,0.929,0.93,0.925,0.925,-0.005,-0.5376,1050.66,97.706
162718.SZ,20170725,0.905,0.905,0.905,0.905,0.905,0.0,0.0,6.0,0.543
162719.SZ,20170725,0.896,0.898,0.904,0.898,0.9,0.004,0.4464,2274.89,205.133
163001.SZ,20170725,0.88,0.873,0.873,0.873,0.873,-0.007,-0.7955,1.0,0.087
163005.SZ,20170725,0.828,0.826,0.829,0.826,0.829,0.001,0.1208,55.0,4.543
163110.SZ,20170725,2.624,2.624,2.627,2.604,2.617,-0.007,-0.2668,4083.0,1069.078
163111.SZ,20170725,1.057,1.057,1.071,1.051,1.052,-0.005,-0.473,2017.0,214.331
163119.SZ,20170725,0.823,0.823,0.825,0.822,0.824,0.001,0.1215,767.8,63.16
163208.SZ,20170725,0.835,0.831,0.838,0.818,0.838,0.003,0.3593,1662.5,138.388
163210.SZ,20170725,1.04,1.04,1.04,1.038,1.04,0.0,0.0,2521.0,261.789
163302.SZ,20170725,1.308,1.314,1.314,1.3,1.302,-0.006,-0.4587,43.0,5.593
163402.SZ,20170725,1.052,1.049,1.053,1.045,1.047,-0.005,-0.4753,13139.52,1377.162
163407.SZ,20170725,1.7,1.682,1.698,1.676,1.689,-0.011,-0.6471,1393.44,234.626
163409.SZ,20170725,1.489,1.488,1.489,1.48,1.48,-0.009,-0.6044,345.0,51.237
163412.SZ,20170725,2.627,2.628,2.63,2.61,2.613,-0.014,-0.5329,4818.2,1262.287
163415.SZ,20170725,1.239,1.239,1.242,1.231,1.24,0.001,0.0807,5023.18,619.114
163503.SZ,20170725,0.473,0.472,0.473,0.469,0.469,-0.004,-0.8457,1629.0,76.474
163801.SZ,20170725,1.156,1.158,1.158,1.15,1.152,-0.004,-0.346,374.0,43.045
163819.SZ,20170725,1.101,1.102,1.103,1.102,1.103,0.002,0.1817,6.0,0.661
163821.SZ,20170725,1.478,1.474,1.474,1.474,1.474,-0.004,-0.2706,1.0,0.147
164210.SZ,20170725,1.001,0.998,1.0,0.998,1.0,-0.001,-0.0999,200.0,19.98
164403.SZ,20170725,0.943,0.942,0.942,0.942,0.942,-0.001,-0.106,100.0,9.42
164509.SZ,20170725,1.019,1.015,1.015,0.92,0.92,-0.099,-9.7154,81.0,7.904
164701.SZ,20170725,0.609,0.609,0.61,0.609,0.61,0.001,0.1642,2904.0,176.986
164702.SZ,20170725,0.994,0.994,0.994,0.993,0.993,-0.001,-0.1006,337.0,33.48
164705.SZ,20170725,1.152,1.15,1.151,1.15,1.15,-0.002,-0.1736,569.19,65.459
164808.SZ,20170725,1.001,1.002,1.002,1.002,1.002,0.001,0.0999,100.0,10.02
164810.SZ,20170725,0.959,0.958,0.96,0.957,0.96,0.001,0.1043,47260.3,4523.013
164906.SZ,20170725,1.294,1.301,1.323,1.301,1.323,0.029,2.2411,16654.18,2191.711
165309.SZ,20170725,1.136,1.133,1.136,1.133,1.134,-0.002,-0.1761,232.0,26.292
165313.SZ,20170725,1.423,1.426,1.427,1.422,1.425,0.002,0.1405,251.93,35.885
165508.SZ,20170725,1.8,1.777,1.777,1.763,1.764,-0.036,-2.0,60.76,10.733
165510.SZ,20170725,0.781,0.78,0.781,0.778,0.778,-0.003,-0.3841,412.0,32.155
165512.SZ,20170725,2.409,2.407,2.416,2.395,2.416,0.007,0.2906,298.0,71.375
165513.SZ,20170725,0.431,0.431,0.431,0.429,0.431,0.0,0.0,1871.0,80.498
165516.SZ,20170725,2.46,2.466,2.466,2.462,2.462,0.002,0.0813,2.0,0.492
165525.SZ,20170725,1.228,1.221,1.232,1.205,1.213,-0.015,-1.2215,1956.97,237.217
165528.SZ,20170725,0.946,0.933,0.945,0.933,0.941,-0.005,-0.5285,12606.95,1184.09
166001.SZ,20170725,1.121,1.114,1.114,1.114,1.114,-0.007,-0.6244,62.0,6.906
166006.SZ,20170725,1.197,1.191,1.191,1.191,1.191,-0.006,-0.5013,50.0,5.955
166007.SZ,20170725,1.336,1.326,1.326,1.326,1.326,-0.01,-0.7485,1.0,0.132
166009.SZ,20170725,2.056,2.068,2.068,2.056,2.056,0.0,0.0,2.0,0.412
166011.SZ,20170725,1.231,1.221,1.237,1.221,1.237,0.006,0.4874,109.11,13.399
166016.SZ,20170725,1.226,1.23,1.23,1.23,1.23,0.004,0.3263,2.0,0.246
166401.SZ,20170725,1.04,1.043,1.043,1.043,1.043,0.003,0.2885,3.0,0.312
166402.SZ,20170725,1.044,1.042,1.043,1.041,1.042,-0.002,-0.1916,3315.12,345.609
166902.SZ,20170725,1.006,1.007,1.008,1.007,1.008,0.002,0.1988,348.0,35.076
166904.SZ,20170725,1.063,1.065,1.066,1.065,1.066,0.003,0.2822,48.0,5.115
167001.SZ,20170725,0.789,0.791,0.791,0.781,0.785,-0.004,-0.507,23307.93,1829.128
167002.SZ,20170725,0.885,0.909,0.909,0.902,0.903,0.018,2.0339,569.0,51.401
167003.SZ,20170725,0.911,0.937,0.937,0.93,0.93,0.019,2.0856,150.0,14.037
167501.SZ,20170725,1.107,1.106,1.107,1.106,1.107,0.0,0.0,7.0,0.774
168101.SZ,20170725,0.974,0.973,0.974,0.953,0.967,-0.007,-0.7187,4586.0,444.075
168102.SZ,20170725,0.792,0.798,0.798,0.785,0.79,-0.002,-0.2525,2793.0,220.372
168103.SZ,20170725,0.752,0.751,0.752,0.748,0.751,-0.001,-0.133,33028.74,2475.359
168104.SZ,20170725,0.925,0.906,0.907,0.906,0.907,-0.018,-1.9459,600.0,54.39
168105.SZ,20170725,0.779,0.777,0.785,0.777,0.78,0.001,0.1284,2249.0,175.82
168106.SZ,20170725,0.861,0.836,0.861,0.836,0.857,-0.004,-0.4646,286.0,24.442
168301.SZ,20170725,0.927,0.925,0.929,0.925,0.928,0.001,0.1079,39709.32,3681.326
168401.SZ,20170725,0.88,0.878,0.88,0.878,0.88,0.0,0.0,164.75,14.493
169101.SZ,20170725,1.514,1.514,1.518,1.503,1.506,-0.008,-0.5284,2365.0,356.432
169102.SZ,20170725,1.46,1.448,1.458,1.447,1.449,-0.011,-0.7534,2709.0,393.279
169103.SZ,20170725,1.347,1.349,1.353,1.345,1.346,-0.001,-0.0742,1309.0,176.403
169104.SZ,20170725,1.281,1.284,1.285,1.283,1.284,0.003,0.2342,514.0,65.981
169105.SZ,20170725,1.353,1.353,1.359,1.351,1.351,-0.002,-0.1478,91938.93,12453.187
169201.SZ,20170725,0.86,0.852,0.865,0.852,0.862,0.002,0.2326,1304.01,111.953
184801.SZ,20170725,101.899,101.995,101.995,101.512,101.887,-0.012,-0.0118,34.0,345.917
500058.SH,20170725,0.982,0.983,0.987,0.983,0.986,0.004,0.4073,797998.98,78607.975
501000.SH,20170725,1.12,1.12,1.12,1.107,1.107,-0.013,-1.1607,1593.5,176.426
501001.SH,20170725,1.027,1.026,1.029,1.025,1.025,-0.002,-0.1947,2377.0,244.384
501002.SH,20170725,0.951,0.947,0.951,0.947,0.951,0.0,0.0,2.0,0.19
501003.SH,20170725,1.001,1.009,1.009,1.0,1.0,-0.001,-0.0999,310.0,31.023
501005.SH,20170725,0.909,0.91,0.916,0.905,0.907,-0.002,-0.22,3437.58,312.329
501008.SH,20170725,0.879,0.879,0.879,0.879,0.879,0.0,0.0,17.0,1.494
501009.SH,20170725,0.989,0.991,0.998,0.971,0.98,-0.009,-0.91,421.65,41.728
501010.SH,20170725,0.96,0.964,0.978,0.964,0.967,0.007,0.7292,693.53,67.057
501011.SH,20170725,1.019,1.02,1.02,1.013,1.017,-0.002,-0.1963,109.52,11.133
501012.SH,20170725,1.019,1.013,1.028,1.013,1.028,0.009,0.8832,16.0,1.623
501015.SH,20170725,0.93,0.93,0.931,0.924,0.93,0.0,0.0,102077.53,9482.115
501016.SH,20170725,1.083,1.181,1.181,1.072,1.072,-0.011,-1.0157,430.0,46.382
501017.SH,20170725,0.899,0.888,0.903,0.888,0.902,0.003,0.3337,7548.72,678.114
501018.SH,20170725,0.842,0.849,0.853,0.848,0.852,0.01,1.1876,90324.51,7690.668
501019.SH,20170725,0.841,0.841,0.847,0.833,0.833,-0.008,-0.9512,7604.37,634.032
501020.SH,20170725,1.057,1.057,1.057,1.045,1.045,-0.012,-1.1353,1089.56,114.361
501021.SH,20170725,1.28,1.281,1.281,1.269,1.275,-0.005,-0.3906,13588.58,1731.554
501022.SH,20170725,0.909,0.905,0.91,0.903,0.903,-0.006,-0.6601,928.0,84.176
501023.SH,20170725,1.118,1.118,1.12,1.11,1.11,-0.008,-0.7156,37283.96,4141.809
501025.SH,20170725,1.12,1.121,1.123,1.119,1.123,0.003,0.2679,184.51,20.669
501026.SH,20170725,0.864,0.86,0.865,0.86,0.863,-0.001,-0.1157,6219.43,535.783
501027.SH,20170725,0.935,0.946,0.946,0.944,0.944,0.009,0.9626,95.0,8.986
501028.SH,20170725,0.903,0.903,0.903,0.9,0.9,-0.003,-0.3322,3381.82,304.435
501029.SH,20170725,1.085,1.085,1.086,1.081,1.082,-0.003,-0.2765,51297.99,5555.273
501030.SH,20170725,0.93,0.929,0.931,0.92,0.929,-0.001,-0.1075,649.12,60.186
501031.SH,20170725,0.929,0.932,0.933,0.929,0.929,0.0,0.0,308.55,28.709
501032.SH,20170725,0.915,0.93,0.96,0.893,0.894,-0.021,-2.2951,94.66,8.78
501050.SH,20170725,1.131,1.139,1.139,1.127,1.131,0.0,0.0,13672.4,1546.204
501300.SH,20170725,0.989,0.986,0.989,0.986,0.989,0.0,0.0,150.0,14.821
501301.SH,20170725,1.051,1.051,1.051,1.046,1.047,-0.004,-0.3806,10707.64,1124.161
502003.SH,20170725,0.922,0.92,0.929,0.917,0.921,-0.001,-0.1085,4319.29,397.834
502004.SH,20170725,0.976,0.976,0.976,0.974,0.975,-0.001,-0.1025,2778.0,270.768
502005.SH,20170725,0.867,0.871,0.879,0.855,0.856,-0.011,-1.2687,8136.99,706.102
502006.SH,20170725,1.037,1.04,1.04,1.03,1.03,-0.007,-0.675,2228.27,229.69
502007.SH,20170725,1.059,1.054,1.06,1.045,1.06,0.001,0.0944,269.93,28.216
502008.SH,20170725,1.01,1.008,1.008,1.0,1.005,-0.005,-0.495,606.0,60.725
502010.SH,20170725,1.155,1.149,1.15,1.131,1.138,-0.017,-1.4719,902.16,103.175
502011.SH,20170725,0.986,0.986,0.988,0.985,0.987,0.001,0.1014,2738.5,270.263
502012.SH,20170725,1.314,1.311,1.312,1.294,1.303,-0.011,-0.8371,3358.97,436.477
502013.SH,20170725,0.858,0.862,0.862,0.847,0.849,-0.009,-1.049,21658.41,1841.184
502014.SH,20170725,1.027,1.027,1.028,1.027,1.028,0.001,0.0974,15876.15,1631.868
502015.SH,20170725,0.69,0.69,0.691,0.666,0.671,-0.019,-2.7536,58959.19,3975.345
502016.SH,20170725,1.129,1.09,1.09,1.09,1.09,-0.039,-3.4544,3.0,0.327
502023.SH,20170725,0.965,0.99,0.999,0.984,0.989,0.024,2.487,472.0,46.479
502024.SH,20170725,1.08,1.06,1.065,1.022,1.065,-0.015,-1.3889,502.0,53.409
502025.SH,20170725,0.9,0.93,0.972,0.868,0.918,0.018,2.0,1520.0,136.468
502026.SH,20170725,0.829,0.826,0.828,0.822,0.826,-0.003,-0.3619,114.0,9.39
502027.SH,20170725,1.05,1.03,1.043,1.03,1.036,-0.014,-1.3333,28.55,2.951
502028.SH,20170725,0.565,0.574,0.574,0.558,0.559,-0.006,-1.0619,621.03,35.142
502032.SH,20170725,1.03,0.971,0.971,0.971,0.971,-0.059,-5.7282,368.68,35.799
502036.SH,20170725,0.949,0.949,0.949,0.943,0.949,0.0,0.0,477.63,45.218
502040.SH,20170725,1.082,1.078,1.078,1.075,1.077,-0.005,-0.4621,80.0,8.618
502041.SH,20170725,1.099,1.013,1.013,1.013,1.013,-0.086,-7.8253,1158.0,117.305
502042.SH,20170725,1.098,1.098,1.1,1.07,1.07,-0.028,-2.5501,125.0,13.449
502048.SH,20170725,1.308,1.305,1.31,1.299,1.305,-0.003,-0.2294,2562.73,335.031
502049.SH,20170725,1.066,1.067,1.07,1.063,1.065,-0.001,-0.0938,8092.5,864.963
502050.SH,20170725,1.548,1.546,1.557,1.537,1.541,-0.007,-0.4522,11705.95,1810.86
502054.SH,20170725,1.124,1.085,1.1,1.078,1.09,-0.034,-3.0249,2010.0,218.073
502055.SH,20170725,0.891,0.882,0.886,0.871,0.871,-0.02,-2.2447,2780.3,244.368
502056.SH,20170725,0.93,0.93,0.93,0.92,0.92,-0.01,-1.0753,158.13,14.698
502057.SH,20170725,1.041,1.041,1.041,1.041,1.041,0.0,0.0,264.0,27.482
502058.SH,20170725,0.809,0.805,0.809,0.802,0.809,0.0,0.0,328.0,26.434
505888.SH,20170725,1.139,1.14,1.14,1.131,1.132,-0.007,-0.6146,341382.0,38723.386
510010.SH,20170725,1.113,1.122,1.124,1.11,1.119,0.006,0.5391,190.31,21.221
510020.SH,20170725,2.664,2.646,2.663,2.625,2.663,-0.001,-0.0375,20.29,5.358
510030.SH,20170725,4.891,4.83,4.99,4.83,4.84,-0.051,-1.0427,433.01,209.629
510050.SH,20170725,2.7,2.7,2.71,2.681,2.683,-0.017,-0.6296,3742524.78,1009062.254
510060.SH,20170725,1.81,1.812,1.814,1.799,1.801,-0.009,-0.4972,7055.82,1271.424
510070.SH,20170725,1.708,1.696,1.696,1.695,1.696,-0.012,-0.7026,8.0,1.357
510090.SH,20170725,1.518,1.521,1.521,1.51,1.51,-0.008,-0.527,81.0,12.318
510110.SH,20170725,3.45,3.508,3.61,3.5,3.5,0.05,1.4493,122.0,43.535
510120.SH,20170725,2.848,2.829,2.863,2.811,2.863,0.015,0.5267,26.3,7.499
510130.SH,20170725,3.877,3.881,3.881,3.848,3.849,-0.028,-0.7222,195.98,75.441
510150.SH,20170725,4.361,4.325,4.34,4.325,4.34,-0.021,-0.4815,2.0,0.867
510160.SH,20170725,0.611,0.61,0.611,0.605,0.606,-0.005,-0.8183,43285.0,2626.4
510170.SH,20170725,2.048,1.974,1.974,1.935,1.968,-0.08,-3.9063,170.0,33.299
510180.SH,20170725,3.388,3.386,3.396,3.362,3.367,-0.021,-0.6198,77848.43,26316.161
510190.SH,20170725,3.546,3.515,3.538,3.47,3.538,-0.008,-0.2256,73.0,25.549
510210.SH,20170725,3.759,3.759,3.784,3.714,3.717,-0.042,-1.1173,239.0,90.096
510220.SH,20170725,4.048,4.05,4.059,4.047,4.048,0.0,0.0,23.0,9.311
510230.SH,20170725,6.093,6.113,6.141,6.069,6.07,-0.023,-0.3775,8538.6,5229.07
510260.SH,20170725,1.122,1.117,1.135,1.116,1.119,-0.003,-0.2674,719.0,81.034
510270.SH,20170725,1.125,1.123,1.13,1.112,1.13,0.005,0.4444,520.03,58.49
510280.SH,20170725,1.585,1.571,1.608,1.552,1.6,0.015,0.9464,113.0,17.645
510290.SH,20170725,1.555,1.552,1.555,1.544,1.549,-0.006,-0.3859,533.0,82.496
510300.SH,20170725,3.801,3.8,3.802,3.765,3.772,-0.029,-0.763,969983.98,367104.728
510310.SH,20170725,1.588,1.588,1.59,1.576,1.576,-0.012,-0.7557,34196.73,5408.822
510330.SH,20170725,4.055,4.055,4.059,4.025,4.034,-0.021,-0.5179,54734.0,22161.986
510360.SH,20170725,1.177,1.176,1.177,1.168,1.169,-0.008,-0.6797,45445.0,5314.127
510410.SH,20170725,0.769,0.767,0.771,0.752,0.765,-0.004,-0.5202,4510.0,343.132
510420.SH,20170725,1.48,1.482,1.482,1.482,1.482,0.002,0.1351,1.0,0.148
510430.SH,20170725,1.478,1.496,1.496,1.496,1.496,0.018,1.2179,1.0,0.15
510440.SH,20170725,1.766,1.772,1.772,1.76,1.768,0.002,0.1133,113.0,19.983
510500.SH,20170725,6.48,6.482,6.485,6.424,6.478,-0.002,-0.0309,174490.48,112701.133
510510.SH,20170725,1.709,1.706,1.71,1.696,1.704,-0.005,-0.2926,84484.0,14401.583
510520.SH,20170725,1.693,1.68,1.71,1.658,1.658,-0.035,-2.0673,221.0,36.674
510560.SH,20170725,1.285,1.285,1.285,1.283,1.283,-0.002,-0.1556,176.0,22.613
510580.SH,20170725,6.114,6.083,6.083,5.998,6.074,-0.04,-0.6542,91.0,54.72
510630.SH,20170725,1.859,1.86,1.866,1.849,1.85,-0.009,-0.4841,1072.0,199.553
510650.SH,20170725,1.74,1.754,1.754,1.734,1.742,0.002,0.1149,681.0,118.365
510660.SH,20170725,1.639,1.64,1.65,1.64,1.645,0.006,0.3661,2518.0,413.842
510680.SH,20170725,2.176,2.09,2.124,2.09,2.124,-0.052,-2.3897,31.0,6.539
510710.SH,20170725,2.741,2.741,2.78,2.724,2.755,0.014,0.5108,4078.83,1119.306
510810.SH,20170725,1.033,1.03,1.037,1.026,1.029,-0.004,-0.3872,281281.15,28965.065
510880.SH,20170725,3.034,3.035,3.036,3.015,3.02,-0.014,-0.4614,59835.73,18090.932
510900.SH,20170725,1.189,1.188,1.192,1.183,1.184,-0.005,-0.4205,4439096.0,527258.452
511010.SH,20170725,109.687,109.705,109.75,109.585,109.64,-0.047,-0.0428,91923.0,1008223.885
511210.SH,20170725,111.397,110.501,111.29,110.501,111.29,-0.107,-0.0961,2.0,22.179
511220.SH,20170725,93.785,93.808,93.808,93.75,93.788,0.003,0.0032,198.1,1857.84
511230.SH,20170725,103.99,100.0,114.388,100.0,114.379,10.389,9.9904,5.1,55.806
511600.SH,20170725,99.992,99.991,99.993,99.989,99.993,0.001,0.001,2643.58,26433.332
511650.SH,20170725,99.993,99.992,99.997,99.989,99.996,0.003,0.003,21137.5,211357.298
511660.SH,20170725,99.999,99.999,100.001,99.996,100.001,0.002,0.002,158845.24,1588423.866
511680.SH,20170725,99.988,99.99,99.99,99.986,99.987,-0.001,-0.001,2138.29,21380.175
511690.SH,20170725,99.991,99.991,99.993,99.989,99.991,0.0,0.0,101740.5,1017307.583
511700.SH,20170725,100.003,100.0,100.003,99.992,100.001,-0.002,-0.002,1288.63,12885.899
511770.SH,20170725,99.993,99.989,99.995,99.913,99.995,0.002,0.002,3837.66,38371.879
511800.SH,20170725,99.992,99.99,99.992,99.987,99.992,0.0,0.0,4920.16,49196.407
511810.SH,20170725,99.992,99.993,99.998,99.992,99.996,0.004,0.004,307807.51,3077889.877
511820.SH,20170725,99.991,99.994,99.994,99.99,99.992,0.001,0.001,17535.97,175343.584
511830.SH,20170725,100.0,99.998,100.0,99.994,100.0,0.0,0.0,14302.65,143024.335
511850.SH,20170725,100.001,100.001,100.002,99.996,100.001,0.0,0.0,13111.68,131115.75
511860.SH,20170725,99.991,99.991,99.993,99.989,99.993,0.002,0.002,3829.93,38295.664
511880.SH,20170725,101.995,102.003,102.012,102.001,102.009,0.014,0.0137,589342.35,6011540.219
511890.SH,20170725,99.988,99.987,99.988,99.983,99.983,-0.005,-0.005,18.14,181.376
511900.SH,20170725,99.998,99.996,100.004,99.995,100.004,0.006,0.006,29184.72,291836.875
511910.SH,20170725,99.989,99.992,99.992,99.986,99.991,0.002,0.002,1695.88,16956.612
511920.SH,20170725,99.988,99.988,99.988,99.988,99.988,0.0,0.0,1.25,12.499
511950.SH,20170725,99.986,99.964,100.444,99.964,99.996,0.01,0.01,42.62,426.139
511960.SH,20170725,99.992,99.99,99.994,99.986,99.993,0.001,0.001,462.16,4621.18
511970.SH,20170725,99.991,99.991,99.994,99.989,99.989,-0.002,-0.002,772.13,7720.538
511980.SH,20170725,99.993,99.99,99.992,99.988,99.992,-0.001,-0.001,5639.83,56392.722
511990.SH,20170725,99.996,99.995,99.999,99.992,99.998,0.002,0.002,678717.41,6786798.211
512000.SH,20170725,0.998,0.999,1.001,0.988,0.989,-0.009,-0.9018,33053.0,3279.976
512010.SH,20170725,1.491,1.473,1.489,1.473,1.488,-0.003,-0.2012,376.0,55.498
512070.SH,20170725,1.938,1.94,1.94,1.919,1.922,-0.016,-0.8256,3275.0,630.904
512100.SH,20170725,0.835,0.835,0.835,0.831,0.835,0.0,0.0,3067.0,255.292
512120.SH,20170725,1.407,1.38,1.386,1.38,1.383,-0.024,-1.7058,11.0,1.52
512210.SH,20170725,1.807,1.93,1.987,1.688,1.786,-0.021,-1.1621,20.0,3.569
512220.SH,20170725,1.266,1.272,1.289,1.272,1.287,0.021,1.6588,6.0,0.769
512230.SH,20170725,1.294,1.277,1.278,1.277,1.277,-0.017,-1.3138,117.0,14.943
512300.SH,20170725,1.141,1.141,1.145,1.131,1.144,0.003,0.2629,29957.93,3421.146
512310.SH,20170725,0.68,0.68,0.68,0.673,0.673,-0.007,-1.0294,968.0,65.32
512330.SH,20170725,0.763,0.763,0.765,0.757,0.757,-0.006,-0.7864,2255.0,172.371
512340.SH,20170725,0.921,0.919,0.921,0.912,0.92,-0.001,-0.1086,6402.0,587.615
512500.SH,20170725,2.98,2.972,2.976,2.959,2.97,-0.01,-0.3356,609.0,180.771
512510.SH,20170725,1.261,1.26,1.262,1.252,1.259,-0.002,-0.1586,7664.66,962.016
512580.SH,20170725,0.965,0.965,0.965,0.953,0.957,-0.008,-0.829,5724.79,548.401
512600.SH,20170725,1.907,1.903,1.908,1.811,1.885,-0.022,-1.1536,4891.0,897.896
512610.SH,20170725,1.45,1.447,1.479,1.421,1.421,-0.029,-2.0,1282.0,188.409
512660.SH,20170725,0.872,0.874,0.877,0.861,0.867,-0.005,-0.5734,301272.0,26197.131
512680.SH,20170725,0.851,0.852,0.853,0.84,0.843,-0.008,-0.9401,67607.0,5719.974
512810.SH,20170725,0.837,0.84,0.842,0.83,0.831,-0.006,-0.7168,17067.0,1423.952
512880.SH,20170725,1.055,1.056,1.064,1.042,1.044,-0.011,-1.0427,114890.0,12044.632
512900.SH,20170725,1.009,1.006,1.008,0.996,0.999,-0.01,-0.9911,81885.0,8197.964
512990.SH,20170725,1.096,1.097,1.1,1.091,1.093,-0.003,-0.2737,23288.0,2550.222
513030.SH,20170725,1.104,1.102,1.104,1.101,1.102,-0.002,-0.1812,14920.0,1644.223
513050.SH,20170725,1.36,1.372,1.376,1.368,1.372,0.012,0.8824,92030.0,12636.139
513100.SH,20170725,2.094,2.096,2.1,2.096,2.098,0.004,0.191,19352.99,4061.278
513500.SH,20170725,1.538,1.537,1.539,1.533,1.537,-0.001,-0.065,4647.0,713.832
513600.SH,20170725,2.384,2.389,2.401,2.375,2.393,0.009,0.3775,331.0,78.786
513660.SH,20170725,2.393,2.397,2.397,2.388,2.388,-0.005,-0.2089,2674.0,639.63
518800.SH,20170725,2.717,2.717,2.722,2.715,2.721,0.004,0.1472,316490.0,86022.414
518880.SH,20170725,2.727,2.728,2.735,2.727,2.733,0.006,0.22,1746172.49,476772.28
