ts_code,trade_date,pre_close,open,high,low,close,change,pct_chg,vol,amount
150008.SZ,20170511,1.219,1.217,1.217,1.2,1.213,-0.006,-0.4922,152.0,18.311
150009.SZ,20170511,0.929,0.93,0.93,0.93,0.93,0.001,0.1076,11.0,1.023
150012.SZ,20170511,1.052,1.055,1.055,1.047,1.048,-0.004,-0.3802,12629.44,1329.929
150013.SZ,20170511,1.081,1.07,1.102,1.063,1.102,0.021,1.9426,1926.07,209.297
150016.SZ,20170511,1.01,1.005,1.01,0.999,1.004,-0.006,-0.5941,8247.6,825.35
150017.SZ,20170511,1.007,0.991,1.005,0.972,1.005,-0.002,-0.1986,320.13,31.985
150018.SZ,20170511,1.031,1.033,1.035,1.029,1.031,0.0,0.0,76639.63,7905.549
150019.SZ,20170511,0.733,0.725,0.746,0.72,0.745,0.012,1.6371,471094.93,34348.519
150020.SZ,20170511,1.048,1.047,1.047,1.046,1.046,-0.002,-0.1908,18250.45,1910.456
150021.SZ,20170511,0.938,0.931,0.942,0.913,0.925,-0.013,-1.3859,47048.68,4343.885
150022.SZ,20170511,0.769,0.767,0.767,0.76,0.765,-0.004,-0.5202,711740.91,54334.906
150023.SZ,20170511,0.338,0.337,0.338,0.33,0.337,-0.001,-0.2959,678040.51,22659.675
150028.SZ,20170511,1.004,0.999,1.008,0.91,1.007,0.003,0.2988,3617.25,355.98
150029.SZ,20170511,1.286,1.285,1.285,1.25,1.266,-0.02,-1.5552,3660.4,460.799
150030.SZ,20170511,1.04,1.039,1.059,1.038,1.059,0.019,1.8269,1403.63,147.103
150031.SZ,20170511,1.006,1.005,1.005,0.988,1.001,-0.005,-0.497,603.9,59.716
150032.SZ,20170511,0.997,0.998,0.998,0.998,0.998,0.001,0.1003,5509.0,549.798
150033.SZ,20170511,0.929,0.918,0.929,0.918,0.918,-0.011,-1.1841,72.0,6.624
150036.SZ,20170511,1.018,1.057,1.057,1.009,1.009,-0.009,-0.8841,2.76,0.288
150037.SZ,20170511,1.45,1.305,1.458,1.305,1.446,-0.004,-0.2759,145.0,20.606
150047.SZ,20170511,1.432,1.434,1.443,1.42,1.421,-0.011,-0.7682,716.0,102.396
150048.SZ,20170511,1.01,0.968,1.007,0.941,0.99,-0.02,-1.9802,2203.0,209.17
150049.SZ,20170511,1.0,0.999,1.002,0.998,1.001,0.001,0.1,5851.0,584.613
150050.SZ,20170511,0.915,0.89,0.914,0.89,0.914,-0.001,-0.1093,1860.82,167.015
150051.SZ,20170511,1.024,1.023,1.028,1.023,1.028,0.004,0.3906,41609.29,4271.631
150052.SZ,20170511,1.304,1.302,1.315,1.291,1.314,0.01,0.7669,45427.69,5913.66
150053.SZ,20170511,1.024,1.019,1.02,1.019,1.02,-0.004,-0.3906,49.0,4.994
150054.SZ,20170511,0.84,0.84,0.84,0.84,0.84,0.0,0.0,3.0,0.252
150055.SZ,20170511,1.129,1.073,1.073,1.073,1.073,-0.056,-4.9601,2.0,0.214
150056.SZ,20170511,1.341,1.327,1.327,1.24,1.301,-0.04,-2.9828,938.0,119.315
150057.SZ,20170511,1.24,1.245,1.248,1.18,1.243,0.003,0.2419,193.42,24.027
150058.SZ,20170511,0.855,0.801,0.852,0.801,0.822,-0.033,-3.8596,210.25,16.909
150060.SZ,20170511,0.902,0.875,0.887,0.833,0.879,-0.023,-2.5499,1957.0,168.35
150064.SZ,20170511,1.018,1.031,1.068,1.03,1.044,0.026,2.554,1505.18,159.355
150065.SZ,20170511,0.881,0.85,0.856,0.85,0.856,-0.025,-2.8377,50.1,4.287
150066.SZ,20170511,0.934,0.927,0.927,0.927,0.927,-0.007,-0.7495,11.0,1.019
150073.SZ,20170511,1.023,1.022,1.022,1.022,1.022,-0.001,-0.0978,548.0,56.005
150075.SZ,20170511,1.13,1.114,1.148,1.114,1.148,0.018,1.5929,97.0,10.983
150076.SZ,20170511,1.003,1.003,1.004,1.003,1.004,0.001,0.0997,617.0,61.934
150083.SZ,20170511,1.041,1.079,1.081,1.078,1.08,0.039,3.7464,244.08,26.346
150084.SZ,20170511,0.871,0.835,0.86,0.835,0.86,-0.011,-1.2629,472.0,39.952
150090.SZ,20170511,1.08,1.099,1.099,1.085,1.085,0.005,0.463,721.0,78.229
150091.SZ,20170511,0.824,0.813,0.828,0.78,0.828,0.004,0.4854,284.68,22.979
150092.SZ,20170511,1.058,1.053,1.053,1.053,1.053,-0.005,-0.4726,1.0,0.105
150093.SZ,20170511,0.8,0.764,0.764,0.764,0.764,-0.036,-4.5,1.0,0.076
150094.SZ,20170511,1.023,1.021,1.022,1.021,1.022,-0.001,-0.0978,71.0,7.254
150095.SZ,20170511,0.374,0.36,0.36,0.35,0.354,-0.02,-5.3476,299.0,10.632
150096.SZ,20170511,1.02,1.018,1.018,1.018,1.018,-0.002,-0.1961,442.0,44.995
150097.SZ,20170511,0.905,0.858,0.896,0.816,0.887,-0.018,-1.989,7506.0,646.002
150100.SZ,20170511,1.033,1.034,1.044,1.034,1.042,0.009,0.8712,6241.78,649.575
150101.SZ,20170511,1.055,1.055,1.085,1.017,1.078,0.023,2.1801,7210.82,760.724
150104.SZ,20170511,1.067,1.073,1.074,1.068,1.074,0.007,0.656,350.0,37.543
150105.SZ,20170511,1.235,1.131,1.308,1.131,1.308,0.073,5.9109,50.0,5.672
150106.SZ,20170511,1.111,1.113,1.113,1.108,1.109,-0.002,-0.18,7969.28,884.158
150107.SZ,20170511,0.821,0.81,0.823,0.792,0.823,0.002,0.2436,6946.01,563.138
150112.SZ,20170511,1.052,1.052,1.053,1.052,1.052,0.0,0.0,180.0,18.944
150117.SZ,20170511,1.052,1.055,1.069,1.054,1.067,0.015,1.4259,92407.97,9825.631
150118.SZ,20170511,0.346,0.342,0.343,0.311,0.34,-0.006,-1.7341,327810.2,10705.119
150121.SZ,20170511,1.033,1.03,1.03,1.03,1.03,-0.003,-0.2904,161.0,16.583
150123.SZ,20170511,1.265,1.259,1.261,1.259,1.261,-0.004,-0.3162,52.0,6.547
150124.SZ,20170511,1.566,1.54,1.565,1.54,1.565,-0.001,-0.0639,4650.0,720.525
150130.SZ,20170511,1.069,1.069,1.074,1.068,1.074,0.005,0.4677,319188.32,34148.338
150131.SZ,20170511,0.44,0.44,0.444,0.426,0.442,0.002,0.4545,594132.56,25884.744
150135.SZ,20170511,1.015,1.021,1.023,1.015,1.015,0.0,0.0,3797.0,385.837
150136.SZ,20170511,0.599,0.588,0.599,0.581,0.581,-0.018,-3.005,221.0,12.999
150138.SZ,20170511,1.03,1.03,1.03,1.03,1.03,0.0,0.0,10.0,1.03
150139.SZ,20170511,0.798,0.771,0.771,0.771,0.771,-0.027,-3.3835,10.0,0.771
150140.SZ,20170511,1.054,1.054,1.054,1.054,1.054,0.0,0.0,10000.0,1054.0
150141.SZ,20170511,0.677,0.61,0.66,0.61,0.66,-0.017,-2.5111,142.0,9.322
150143.SZ,20170511,1.007,1.008,1.012,1.007,1.011,0.004,0.3972,40598.28,4098.164
150144.SZ,20170511,0.469,0.466,0.466,0.437,0.45,-0.019,-4.0512,16500.67,749.894
150145.SZ,20170511,1.013,1.028,1.029,1.016,1.017,0.004,0.3949,1084.0,111.168
150146.SZ,20170511,0.415,0.388,0.413,0.375,0.405,-0.01,-2.4096,506.0,20.23
150148.SZ,20170511,1.061,1.061,1.064,1.059,1.062,0.001,0.0943,3566.0,378.945
150149.SZ,20170511,0.549,0.538,0.55,0.519,0.55,0.001,0.1821,7970.0,420.741
150150.SZ,20170511,1.009,1.007,1.015,1.007,1.015,0.006,0.5946,4510.58,455.986
150151.SZ,20170511,0.937,0.93,0.93,0.853,0.914,-0.023,-2.4546,7085.3,628.982
150152.SZ,20170511,1.032,1.03,1.04,1.03,1.04,0.008,0.7752,391245.13,40461.114
150153.SZ,20170511,0.565,0.563,0.564,0.519,0.554,-0.011,-1.9469,2663207.01,144754.04
150154.SZ,20170511,0.91,0.91,0.91,0.902,0.909,-0.001,-0.1099,4245.0,383.024
150157.SZ,20170511,1.007,1.007,1.014,1.006,1.013,0.006,0.5958,66256.95,6698.625
150158.SZ,20170511,0.756,0.748,0.756,0.732,0.754,-0.002,-0.2646,68238.39,5087.701
150164.SZ,20170511,1.006,1.006,1.009,1.006,1.009,0.003,0.2982,43121.6,4345.072
150165.SZ,20170511,0.535,0.521,0.53,0.502,0.526,-0.009,-1.6822,429.2,21.912
150167.SZ,20170511,1.072,1.029,1.079,1.029,1.079,0.007,0.653,1.7,0.179
150168.SZ,20170511,0.626,0.626,0.66,0.566,0.66,0.034,5.4313,209.0,12.114
150169.SZ,20170511,1.022,1.022,1.025,1.022,1.025,0.003,0.2935,198887.7,20351.542
150170.SZ,20170511,1.157,1.152,1.166,1.15,1.162,0.005,0.4322,28801.01,3345.746
150171.SZ,20170511,1.0,0.999,1.005,0.999,1.005,0.005,0.5,664525.42,66653.466
150172.SZ,20170511,0.941,0.933,0.947,0.915,0.944,0.003,0.3188,848303.94,78688.813
150173.SZ,20170511,1.005,1.005,1.009,1.005,1.008,0.003,0.2985,48522.43,4887.397
150174.SZ,20170511,0.498,0.496,0.496,0.45,0.478,-0.02,-4.0161,17376.16,814.448
150175.SZ,20170511,0.958,0.957,0.963,0.956,0.963,0.005,0.5219,574573.7,55164.225
150176.SZ,20170511,0.92,0.922,0.935,0.917,0.927,0.007,0.7609,325073.37,30145.955
150177.SZ,20170511,1.034,1.031,1.038,1.027,1.038,0.004,0.3868,12252.28,1264.555
150178.SZ,20170511,1.179,1.161,1.185,1.157,1.185,0.006,0.5089,27356.69,3200.262
150179.SZ,20170511,1.042,1.041,1.046,1.033,1.045,0.003,0.2879,1033.43,107.813
150180.SZ,20170511,1.176,1.135,1.135,1.108,1.125,-0.051,-4.3367,1610.78,180.181
150181.SZ,20170511,1.013,1.013,1.022,1.011,1.019,0.006,0.5923,395883.63,40196.677
150182.SZ,20170511,0.804,0.795,0.802,0.733,0.795,-0.009,-1.1194,1100089.89,85060.989
150184.SZ,20170511,1.062,1.063,1.07,1.063,1.064,0.002,0.1883,39372.71,4195.079
150185.SZ,20170511,0.743,0.74,0.75,0.692,0.745,0.002,0.2692,85718.55,6189.471
150186.SZ,20170511,1.031,1.031,1.037,1.03,1.037,0.006,0.582,161300.9,16662.161
150187.SZ,20170511,0.583,0.583,0.583,0.527,0.578,-0.005,-0.8576,152434.59,8487.246
150188.SZ,20170511,1.008,1.006,1.008,1.006,1.007,-0.001,-0.0992,5545.16,558.182
150189.SZ,20170511,0.796,0.788,0.788,0.764,0.768,-0.028,-3.5176,1936.45,148.747
150190.SZ,20170511,1.058,1.059,1.086,1.059,1.073,0.015,1.4178,551.38,59.509
150191.SZ,20170511,1.074,1.023,1.028,0.97,1.02,-0.054,-5.0279,2444.36,245.893
150192.SZ,20170511,1.053,1.053,1.058,1.049,1.058,0.005,0.4748,3654.5,383.792
150193.SZ,20170511,0.89,0.851,0.873,0.826,0.873,-0.017,-1.9101,10547.41,899.955
150194.SZ,20170511,1.009,1.008,1.013,1.007,1.012,0.003,0.2973,718920.97,72706.327
150195.SZ,20170511,0.25,0.25,0.255,0.225,0.232,-0.018,-7.2,1952331.52,45668.715
150196.SZ,20170511,1.098,1.099,1.118,1.097,1.112,0.014,1.275,83366.0,9265.381
150197.SZ,20170511,0.815,0.81,0.81,0.734,0.781,-0.034,-4.1718,310198.29,23821.068
150198.SZ,20170511,1.146,1.148,1.151,1.148,1.151,0.005,0.4363,6495.0,746.186
150199.SZ,20170511,0.664,0.653,0.676,0.64,0.671,0.007,1.0542,47375.0,3119.355
150200.SZ,20170511,1.002,1.002,1.009,1.001,1.007,0.005,0.499,4200958.38,422057.261
150201.SZ,20170511,0.342,0.332,0.347,0.322,0.344,0.002,0.5848,10237508.6,339519.026
150203.SZ,20170511,1.013,1.012,1.021,1.012,1.021,0.008,0.7897,16718.37,1700.407
150204.SZ,20170511,0.792,0.792,0.792,0.738,0.769,-0.023,-2.904,32522.96,2498.62
150205.SZ,20170511,1.0,0.997,1.019,0.991,1.013,0.013,1.3,1176665.47,118080.927
150206.SZ,20170511,0.932,0.904,0.932,0.839,0.905,-0.027,-2.897,1780864.95,157343.297
150207.SZ,20170511,1.055,1.026,1.072,1.026,1.064,0.009,0.8531,9408.32,990.224
150208.SZ,20170511,0.351,0.328,0.36,0.32,0.349,-0.002,-0.5698,34151.59,1130.554
150209.SZ,20170511,1.042,1.046,1.049,1.039,1.043,0.001,0.096,311098.68,32394.134
150210.SZ,20170511,0.696,0.692,0.711,0.675,0.708,0.012,1.7241,645466.64,44562.433
150211.SZ,20170511,1.035,1.035,1.046,1.035,1.046,0.011,1.0628,172266.25,17872.91
150212.SZ,20170511,0.488,0.488,0.488,0.449,0.48,-0.008,-1.6393,360936.26,16912.536
150213.SZ,20170511,1.057,1.057,1.062,1.057,1.061,0.004,0.3784,4441.0,470.897
150214.SZ,20170511,0.311,0.308,0.316,0.287,0.316,0.005,1.6077,129096.23,3875.586
150215.SZ,20170511,1.08,1.021,1.091,1.021,1.062,-0.018,-1.6667,17.03,1.834
150216.SZ,20170511,0.93,0.91,0.928,0.87,0.92,-0.01,-1.0753,554.7,50.772
150217.SZ,20170511,1.01,1.011,1.018,1.011,1.016,0.006,0.5941,36073.14,3659.821
150218.SZ,20170511,0.448,0.44,0.45,0.404,0.45,0.002,0.4464,84271.42,3594.563
150219.SZ,20170511,1.177,1.177,1.181,1.139,1.178,0.001,0.085,4500.0,530.424
150220.SZ,20170511,0.802,0.796,0.809,0.751,0.8,-0.002,-0.2494,16667.0,1306.7
150221.SZ,20170511,1.164,1.161,1.165,1.158,1.162,-0.002,-0.1718,268777.0,31211.507
150222.SZ,20170511,0.373,0.368,0.369,0.336,0.36,-0.013,-3.4853,2693372.3,94937.087
150223.SZ,20170511,1.115,1.118,1.12,1.114,1.118,0.003,0.2691,119396.0,13331.785
150224.SZ,20170511,0.727,0.722,0.733,0.707,0.731,0.004,0.5502,514407.18,36947.049
150225.SZ,20170511,1.044,1.044,1.044,1.043,1.044,0.0,0.0,778.0,81.173
150226.SZ,20170511,1.021,1.003,1.008,1.003,1.008,-0.013,-1.2733,632.54,63.579
150227.SZ,20170511,1.008,1.008,1.016,1.007,1.016,0.008,0.7937,634918.43,64267.901
150228.SZ,20170511,0.641,0.64,0.649,0.633,0.643,0.002,0.312,742652.55,47549.636
150229.SZ,20170511,1.022,1.022,1.024,1.021,1.024,0.002,0.1957,11354.35,1160.525
150230.SZ,20170511,0.915,0.91,0.91,0.87,0.889,-0.026,-2.8415,4047.45,357.727
150231.SZ,20170511,1.081,1.109,1.109,1.067,1.109,0.028,2.5902,26.12,2.892
150232.SZ,20170511,0.997,0.971,0.998,0.912,0.98,-0.017,-1.7051,2556.41,246.972
150233.SZ,20170511,1.026,1.031,1.032,1.029,1.032,0.006,0.5848,137.88,14.201
150234.SZ,20170511,0.371,0.371,0.371,0.334,0.334,-0.037,-9.973,6262.26,210.907
150235.SZ,20170511,1.018,1.019,1.036,1.016,1.026,0.008,0.7859,7660.98,784.65
150236.SZ,20170511,0.702,0.685,0.706,0.674,0.705,0.003,0.4274,39682.09,2734.056
150237.SZ,20170511,1.03,1.021,1.04,1.021,1.04,0.01,0.9709,299.0,31.088
150238.SZ,20170511,1.091,1.051,1.069,1.035,1.069,-0.022,-2.0165,47.0,4.969
150241.SZ,20170511,1.011,1.009,1.009,1.008,1.008,-0.003,-0.2967,4599.0,464.029
150242.SZ,20170511,0.764,0.784,0.784,0.757,0.776,0.012,1.5707,611.0,47.524
150243.SZ,20170511,1.047,1.049,1.146,1.048,1.07,0.023,2.1968,31041.43,3285.76
150244.SZ,20170511,0.597,0.593,0.593,0.537,0.574,-0.023,-3.8526,246558.61,13872.296
150245.SZ,20170511,1.087,1.073,1.088,1.073,1.088,0.001,0.092,67.68,7.36
150246.SZ,20170511,0.86,0.86,0.86,0.813,0.832,-0.028,-3.2558,312.7,25.71
150247.SZ,20170511,1.066,1.063,1.069,1.063,1.069,0.003,0.2814,41072.66,4381.748
150248.SZ,20170511,0.881,0.872,0.872,0.824,0.855,-0.026,-2.9512,78241.34,6648.441
150249.SZ,20170511,1.013,1.014,1.014,1.014,1.014,0.001,0.0987,100.0,10.14
150250.SZ,20170511,0.704,0.695,0.71,0.695,0.707,0.003,0.4261,296.69,20.931
150251.SZ,20170511,1.034,1.031,1.056,1.031,1.038,0.004,0.3868,11607.02,1208.179
150252.SZ,20170511,0.906,0.906,0.906,0.844,0.89,-0.016,-1.766,41014.16,3583.183
150255.SZ,20170511,1.028,1.028,1.032,1.027,1.032,0.004,0.3891,17608.38,1813.386
150256.SZ,20170511,0.621,0.622,0.622,0.614,0.614,-0.007,-1.1272,1626.0,100.636
150257.SZ,20170511,1.033,1.032,1.038,1.032,1.038,0.005,0.484,664.0,68.724
150258.SZ,20170511,0.963,0.973,0.973,0.911,0.949,-0.014,-1.4538,308.49,28.601
150259.SZ,20170511,1.028,1.028,1.038,1.028,1.033,0.005,0.4864,7985.65,825.07
150260.SZ,20170511,0.677,0.65,0.65,0.619,0.649,-0.028,-4.1359,4340.81,276.027
150261.SZ,20170511,1.088,1.093,1.095,1.092,1.092,0.004,0.3676,3583.0,391.708
150262.SZ,20170511,0.709,0.701,0.701,0.666,0.674,-0.035,-4.9365,15136.97,1029.558
150263.SZ,20170511,1.053,1.052,1.054,1.052,1.054,0.001,0.095,18.33,1.93
150264.SZ,20170511,0.436,0.406,0.427,0.406,0.427,-0.009,-2.0642,35.0,1.443
150265.SZ,20170511,1.084,1.089,1.09,1.08,1.089,0.005,0.4613,23096.41,2514.109
150266.SZ,20170511,1.196,1.162,1.23,1.158,1.23,0.034,2.8428,21622.24,2591.715
150267.SZ,20170511,1.085,1.046,1.085,1.046,1.085,0.0,0.0,5224.3,551.031
150268.SZ,20170511,0.656,0.67,0.67,0.656,0.656,0.0,0.0,451.64,29.767
150269.SZ,20170511,1.082,1.096,1.096,1.09,1.093,0.011,1.0166,11112.0,1214.702
150270.SZ,20170511,1.16,1.16,1.169,1.141,1.162,0.002,0.1724,39356.55,4548.479
150271.SZ,20170511,1.025,1.02,1.02,1.012,1.012,-0.013,-1.2683,1550.0,157.4
150272.SZ,20170511,0.891,0.847,0.945,0.844,0.848,-0.043,-4.826,387.9,33.253
150273.SZ,20170511,1.024,1.024,1.024,1.02,1.024,0.0,0.0,19594.0,2002.931
150274.SZ,20170511,0.556,0.546,0.58,0.538,0.578,0.022,3.9568,25526.6,1411.116
150275.SZ,20170511,1.006,1.005,1.011,1.004,1.011,0.005,0.497,418340.32,42128.001
150276.SZ,20170511,0.507,0.506,0.54,0.492,0.537,0.03,5.9172,746915.13,38226.531
150277.SZ,20170511,1.044,1.047,1.053,1.041,1.043,-0.001,-0.0958,74711.69,7809.282
150278.SZ,20170511,0.489,0.489,0.505,0.463,0.503,0.014,2.863,91962.88,4453.251
150279.SZ,20170511,1.041,1.087,1.088,1.087,1.087,0.046,4.4188,162.0,17.614
150281.SZ,20170511,1.027,1.022,1.034,1.022,1.034,0.007,0.6816,375.0,38.465
150282.SZ,20170511,0.372,0.385,0.385,0.36,0.376,0.004,1.0753,1205.0,44.78
150283.SZ,20170511,1.034,1.034,1.037,1.03,1.037,0.003,0.2901,15385.99,1585.148
150284.SZ,20170511,0.666,0.654,0.666,0.654,0.654,-0.012,-1.8018,1165.47,76.234
150287.SZ,20170511,1.072,1.07,1.076,1.063,1.067,-0.005,-0.4664,182648.16,19476.087
150288.SZ,20170511,0.498,0.494,0.494,0.448,0.485,-0.013,-2.6104,149828.87,6991.563
150289.SZ,20170511,1.038,1.037,1.042,1.033,1.042,0.004,0.3854,616896.46,64162.988
150290.SZ,20170511,0.314,0.305,0.306,0.283,0.297,-0.017,-5.414,1276613.59,37486.138
150291.SZ,20170511,1.035,1.035,1.038,1.035,1.038,0.003,0.2899,22409.39,2322.939
150292.SZ,20170511,0.515,0.509,0.525,0.509,0.525,0.01,1.9417,17482.0,912.263
150293.SZ,20170511,1.05,1.05,1.064,1.05,1.063,0.013,1.2381,39.0,4.135
150294.SZ,20170511,0.998,1.044,1.044,0.93,1.038,0.04,4.008,53.0,5.357
150295.SZ,20170511,1.037,1.036,1.037,1.034,1.035,-0.002,-0.1929,15821.0,1638.027
150296.SZ,20170511,0.786,0.771,0.798,0.764,0.798,0.012,1.5267,14000.53,1088.279
150297.SZ,20170511,1.032,1.033,1.034,1.033,1.034,0.002,0.1938,1867.25,192.901
150298.SZ,20170511,0.392,0.356,0.396,0.356,0.39,-0.002,-0.5102,2113.0,80.348
150299.SZ,20170511,1.032,1.031,1.035,1.031,1.035,0.003,0.2907,338634.27,34997.977
150300.SZ,20170511,0.474,0.474,0.483,0.463,0.483,0.009,1.8987,146622.6,6994.376
150301.SZ,20170511,1.069,1.067,1.075,1.066,1.067,-0.002,-0.1871,4708.0,502.309
150302.SZ,20170511,0.847,0.821,0.86,0.821,0.859,0.012,1.4168,5003.41,417.658
150303.SZ,20170511,1.021,1.021,1.025,1.02,1.023,0.002,0.1959,345847.48,35362.093
150304.SZ,20170511,0.243,0.229,0.24,0.219,0.24,-0.003,-1.2346,1226480.46,27718.676
150305.SZ,20170511,1.021,1.016,1.037,1.015,1.035,0.014,1.3712,1903.06,194.885
150306.SZ,20170511,0.471,0.451,0.47,0.432,0.459,-0.012,-2.5478,8545.0,377.233
150307.SZ,20170511,1.008,1.008,1.015,1.008,1.009,0.001,0.0992,17262.0,1742.498
150308.SZ,20170511,0.292,0.292,0.292,0.263,0.269,-0.023,-7.8767,38970.07,1037.991
150309.SZ,20170511,1.014,1.02,1.027,1.008,1.026,0.012,1.1834,1427.0,145.645
150310.SZ,20170511,0.497,0.497,0.497,0.453,0.461,-0.036,-7.2435,2891.32,135.659
150311.SZ,20170511,1.004,1.007,1.01,1.006,1.009,0.005,0.498,1058.0,106.552
150312.SZ,20170511,0.7,0.678,0.68,0.634,0.651,-0.049,-7.0,748.56,50.322
150315.SZ,20170511,1.009,1.012,1.016,1.011,1.016,0.007,0.6938,1714.0,173.731
150316.SZ,20170511,0.7,0.685,0.685,0.636,0.653,-0.047,-6.7143,3135.53,202.85
150318.SZ,20170511,0.819,0.824,0.824,0.824,0.824,0.005,0.6105,1.0,0.082
150321.SZ,20170511,1.176,1.177,1.178,1.174,1.177,0.001,0.085,19330.06,2272.554
150322.SZ,20170511,0.834,0.832,0.832,0.788,0.81,-0.024,-2.8777,15536.53,1248.647
150323.SZ,20170511,1.059,1.035,1.036,1.03,1.036,-0.023,-2.1719,1121.0,115.849
150324.SZ,20170511,0.396,0.368,0.388,0.356,0.375,-0.021,-5.303,4884.0,180.647
150328.SZ,20170511,0.99,0.95,0.975,0.95,0.968,-0.022,-2.2222,137.0,13.031
150329.SZ,20170511,1.016,1.01,1.017,1.01,1.017,0.001,0.0984,5857.39,594.48
150330.SZ,20170511,0.997,0.988,0.999,0.96,0.994,-0.003,-0.3009,44899.32,4446.833
150331.SZ,20170511,1.064,1.06,1.065,1.055,1.063,-0.001,-0.094,65591.13,6963.393
150332.SZ,20170511,0.288,0.284,0.285,0.259,0.271,-0.017,-5.9028,274362.18,7340.861
150335.SZ,20170511,1.03,1.031,1.035,1.029,1.034,0.004,0.3883,100246.19,10350.21
150336.SZ,20170511,0.332,0.319,0.32,0.299,0.315,-0.017,-5.1205,222991.37,6853.754
150343.SZ,20170511,1.049,1.051,1.058,1.051,1.057,0.008,0.7626,4797.0,506.394
150344.SZ,20170511,0.915,0.92,0.92,0.866,0.907,-0.008,-0.8743,1812.0,157.917
159001.SZ,20170511,100.0,99.999,100.001,99.999,99.999,-0.001,-0.001,11174.38,111743.569
159003.SZ,20170511,100.0,99.999,100.001,99.999,100.0,0.0,0.0,51710.35,517102.98
159005.SZ,20170511,100.0,100.001,100.005,100.0,100.004,0.004,0.004,5889.52,58896.078
159901.SZ,20170511,3.955,3.945,3.988,3.899,3.986,0.031,0.7838,140395.24,55331.909
159902.SZ,20170511,3.062,3.058,3.073,3.011,3.073,0.011,0.3592,134655.6,41032.467
159903.SZ,20170511,1.057,1.055,1.057,1.033,1.049,-0.008,-0.7569,27250.94,2834.924
159905.SZ,20170511,1.257,1.236,1.275,1.236,1.273,0.016,1.2729,1030.0,129.892
159906.SZ,20170511,0.886,0.885,0.894,0.878,0.887,0.001,0.1129,366.0,32.215
159907.SZ,20170511,1.364,1.353,1.359,1.331,1.358,-0.006,-0.4399,10360.0,1397.347
159909.SZ,20170511,4.556,4.464,4.561,4.464,4.561,0.005,0.1097,11.0,4.949
159910.SZ,20170511,1.384,1.384,1.386,1.384,1.386,0.002,0.1445,32.0,4.433
159911.SZ,20170511,3.94,3.853,3.919,3.853,3.908,-0.032,-0.8122,86.8,33.498
159912.SZ,20170511,1.238,1.228,1.252,1.21,1.228,-0.01,-0.8078,493.0,60.304
159913.SZ,20170511,1.64,1.64,1.64,1.638,1.638,-0.002,-0.122,101.0,16.563
159915.SZ,20170511,1.7,1.69,1.698,1.657,1.696,-0.004,-0.2353,3348574.02,562541.769
159916.SZ,20170511,2.807,2.721,2.919,2.721,2.832,0.025,0.8906,115.0,32.129
159918.SZ,20170511,2.025,1.835,2.019,1.835,1.949,-0.076,-3.7531,102.0,19.073
159919.SZ,20170511,3.6,3.6,3.619,3.578,3.616,0.016,0.4444,99370.11,35717.311
159920.SZ,20170511,1.379,1.376,1.386,1.366,1.379,0.0,0.0,247222.0,34144.421
159921.SZ,20170511,1.481,1.462,1.462,1.43,1.462,-0.019,-1.2829,199.0,28.792
159922.SZ,20170511,6.129,6.123,6.123,5.951,6.04,-0.089,-1.4521,800.51,480.198
159923.SZ,20170511,1.32,1.319,1.319,1.302,1.31,-0.01,-0.7576,116.02,15.201
159924.SZ,20170511,1.349,1.328,1.328,1.328,1.328,-0.021,-1.5567,972.0,129.081
159925.SZ,20170511,1.368,1.368,1.373,1.36,1.372,0.004,0.2924,1815.99,247.814
159927.SZ,20170511,3.329,3.329,3.329,3.329,3.329,0.0,0.0,96.0,31.958
159928.SZ,20170511,1.582,1.57,1.574,1.55,1.574,-0.008,-0.5057,1384.99,216.289
159929.SZ,20170511,1.398,1.398,1.399,1.381,1.399,0.001,0.0715,3143.0,436.078
159930.SZ,20170511,0.758,0.761,0.808,0.757,0.798,0.04,5.277,672.0,51.535
159931.SZ,20170511,1.41,1.395,1.414,1.391,1.414,0.004,0.2837,2693.37,376.354
159932.SZ,20170511,1.693,1.647,1.673,1.647,1.673,-0.02,-1.1813,4.0,0.661
159933.SZ,20170511,1.533,1.565,1.565,1.565,1.565,0.032,2.0874,1.0,0.156
159934.SZ,20170511,2.722,2.721,2.729,2.719,2.726,0.004,0.147,108659.0,29592.314
159935.SZ,20170511,1.575,1.58,1.58,1.564,1.566,-0.009,-0.5714,13.0,2.039
159937.SZ,20170511,2.74,2.739,2.744,2.737,2.742,0.002,0.073,235957.0,64689.26
159938.SZ,20170511,1.246,1.246,1.246,1.224,1.239,-0.007,-0.5618,59970.02,7398.576
159939.SZ,20170511,1.04,1.038,1.038,1.01,1.036,-0.004,-0.3846,12158.0,1245.47
159940.SZ,20170511,0.782,0.775,0.785,0.775,0.785,0.003,0.3836,521.0,40.887
159941.SZ,20170511,1.32,1.324,1.324,1.316,1.32,0.0,0.0,3646.0,480.288
159942.SZ,20170511,1.746,1.699,1.721,1.699,1.72,-0.026,-1.4891,408.64,69.531
159943.SZ,20170511,10.22,10.12,10.32,10.052,10.32,0.1,0.9785,507.51,512.571
159944.SZ,20170511,0.839,0.814,0.82,0.801,0.81,-0.029,-3.4565,1576.0,127.593
159945.SZ,20170511,0.67,0.67,0.684,0.65,0.684,0.014,2.0896,2642.0,173.6
159946.SZ,20170511,1.012,0.99,0.99,0.987,0.988,-0.024,-2.3715,123.0,12.152
159948.SZ,20170511,1.84,1.835,1.836,1.79,1.834,-0.006,-0.3261,11701.62,2129.932
159949.SZ,20170511,0.718,0.718,0.718,0.7,0.714,-0.004,-0.5571,74379.03,5285.744
159950.SZ,20170511,0.985,0.985,0.995,0.968,0.987,0.002,0.203,133076.07,13070.217
160105.SZ,20170511,0.979,0.974,0.979,0.974,0.978,-0.001,-0.1021,420.41,40.977
160106.SZ,20170511,1.215,1.203,1.216,1.2,1.21,-0.005,-0.4115,1017.0,122.639
160119.SZ,20170511,1.499,1.49,1.493,1.475,1.477,-0.022,-1.4676,6373.94,943.164
160125.SZ,20170511,0.86,0.857,0.862,0.856,0.859,-0.001,-0.1163,5746.92,493.304
160128.SZ,20170511,0.961,0.961,0.964,0.961,0.961,0.0,0.0,2698.0,259.627
160130.SZ,20170511,0.933,0.934,0.934,0.934,0.934,0.001,0.1072,1.0,0.093
160131.SZ,20170511,0.97,0.974,0.978,0.974,0.978,0.008,0.8247,52.13,5.097
160133.SZ,20170511,1.869,1.86,1.87,1.859,1.87,0.001,0.0535,1274.52,237.544
160211.SZ,20170511,3.042,3.04,3.078,2.998,3.071,0.029,0.9533,2969.6,904.977
160212.SZ,20170511,2.494,2.492,2.53,2.47,2.53,0.036,1.4435,28389.31,7085.396
160215.SZ,20170511,1.535,1.517,1.524,1.507,1.524,-0.011,-0.7166,2255.79,340.987
160216.SZ,20170511,0.398,0.404,0.406,0.403,0.405,0.007,1.7588,134461.0,5438.064
160220.SZ,20170511,1.272,1.272,1.272,1.269,1.269,-0.003,-0.2358,2019.0,256.212
160223.SZ,20170511,0.839,0.839,0.847,0.835,0.835,-0.004,-0.4768,253.57,21.202
160225.SZ,20170511,0.918,0.939,0.94,0.911,0.921,0.003,0.3268,546.0,49.845
160311.SZ,20170511,1.337,1.325,1.327,1.304,1.327,-0.01,-0.7479,929.22,122.205
160314.SZ,20170511,1.029,1.024,1.028,1.013,1.017,-0.012,-1.1662,2248.0,229.678
160323.SZ,20170511,0.924,0.923,0.924,0.92,0.924,0.0,0.0,23299.45,2143.822
160415.SZ,20170511,1.182,1.161,1.162,1.143,1.154,-0.028,-2.3689,343.0,39.582
160416.SZ,20170511,0.933,0.943,0.947,0.94,0.946,0.013,1.3934,10088.0,951.814
160421.SZ,20170511,0.83,0.83,0.831,0.815,0.821,-0.009,-1.0843,33226.64,2748.015
160505.SZ,20170511,1.653,1.65,1.656,1.64,1.655,0.002,0.121,15243.56,2509.339
160512.SZ,20170511,2.269,2.249,2.258,2.201,2.219,-0.05,-2.2036,2632.22,585.353
160515.SZ,20170511,0.977,0.976,0.978,0.976,0.978,0.001,0.1024,2114.0,206.698
160518.SZ,20170511,0.898,0.896,0.896,0.872,0.895,-0.003,-0.3341,37314.56,3301.934
160519.SZ,20170511,0.92,0.92,0.921,0.886,0.919,-0.001,-0.1087,15695.09,1437.45
160522.SZ,20170511,0.948,0.933,0.947,0.933,0.947,-0.001,-0.1055,61.0,5.701
160607.SZ,20170511,0.693,0.693,0.695,0.69,0.695,0.002,0.2886,3007.0,208.316
160610.SZ,20170511,1.035,1.035,1.035,1.027,1.034,-0.001,-0.0966,470.89,48.498
160611.SZ,20170511,0.83,0.833,0.833,0.8,0.828,-0.002,-0.241,279.98,22.991
160615.SZ,20170511,1.32,1.314,1.314,1.314,1.314,-0.006,-0.4545,58.0,7.621
160616.SZ,20170511,1.262,1.252,1.252,1.234,1.249,-0.013,-1.0301,49.67,6.141
160617.SZ,20170511,0.995,0.994,0.994,0.994,0.994,-0.001,-0.1005,7.0,0.695
160621.SZ,20170511,1.054,1.053,1.056,1.053,1.056,0.002,0.1898,3.0,0.316
160635.SZ,20170511,0.992,0.971,0.971,0.971,0.971,-0.021,-2.1169,2.0,0.194
160642.SZ,20170511,0.903,0.903,0.903,0.903,0.903,0.0,0.0,215.0,19.414
160706.SZ,20170511,0.951,0.951,0.953,0.946,0.953,0.002,0.2103,23373.1,2216.173
160716.SZ,20170511,1.265,1.268,1.268,1.258,1.267,0.002,0.1581,3423.47,432.827
160717.SZ,20170511,0.763,0.762,0.767,0.762,0.766,0.003,0.3932,6113.75,467.801
160719.SZ,20170511,0.707,0.704,0.707,0.704,0.707,0.0,0.0,4546.0,320.846
160722.SZ,20170511,0.948,0.944,0.947,0.944,0.945,-0.003,-0.3165,11747.1,1109.343
160723.SZ,20170511,0.994,0.994,0.995,0.994,0.994,0.0,0.0,48799.21,4852.651
160805.SZ,20170511,0.806,0.8,0.816,0.8,0.806,0.0,0.0,480.98,38.602
160806.SZ,20170511,1.223,1.211,1.22,1.206,1.22,-0.003,-0.2453,270.61,32.803
160810.SZ,20170511,1.183,1.186,1.186,1.186,1.186,0.003,0.2536,1.0,0.118
160812.SZ,20170511,1.392,1.369,1.407,1.365,1.386,-0.006,-0.431,2584.0,357.521
160813.SZ,20170511,0.774,0.765,0.765,0.753,0.765,-0.009,-1.1628,962.76,73.513
160910.SZ,20170511,0.975,0.966,0.975,0.966,0.975,0.0,0.0,585.0,56.991
160916.SZ,20170511,2.297,2.304,2.304,2.282,2.302,0.005,0.2177,2415.63,553.954
160918.SZ,20170511,1.742,1.728,1.759,1.728,1.759,0.017,0.9759,630.0,110.661
160919.SZ,20170511,1.145,1.136,1.144,1.12,1.128,-0.017,-1.4847,917.0,103.392
160921.SZ,20170511,0.917,0.915,0.917,0.915,0.915,-0.002,-0.2181,5313.14,486.152
160922.SZ,20170511,1.028,1.032,1.126,0.966,1.033,0.005,0.4864,13552.71,1420.361
161005.SZ,20170511,1.723,1.72,1.726,1.696,1.726,0.003,0.1741,1707.0,292.097
161010.SZ,20170511,1.028,1.03,1.031,1.027,1.029,0.001,0.0973,5664.0,581.961
161017.SZ,20170511,2.023,2.002,2.002,1.992,1.993,-0.03,-1.4829,30.0,5.992
161019.SZ,20170511,0.96,0.927,0.961,0.926,0.96,0.0,0.0,7542.0,722.865
161033.SZ,20170511,0.953,0.946,0.95,0.944,0.946,-0.007,-0.7345,330.0,31.298
161035.SZ,20170511,0.888,0.873,0.886,0.865,0.878,-0.01,-1.1261,2035.0,177.398
161036.SZ,20170511,0.942,0.933,0.933,0.916,0.927,-0.015,-1.5924,1028.04,94.881
161037.SZ,20170511,1.0,0.994,0.995,0.993,0.993,-0.007,-0.7,147347.69,14635.781
161115.SZ,20170511,1.745,1.744,1.744,1.742,1.742,-0.003,-0.1719,110.0,19.163
161116.SZ,20170511,0.723,0.723,0.724,0.721,0.724,0.001,0.1383,3798.0,274.383
161119.SZ,20170511,1.216,1.221,1.221,1.221,1.221,0.005,0.4112,9.0,1.098
161124.SZ,20170511,1.036,1.038,1.045,1.029,1.04,0.004,0.3861,3184.0,331.149
161125.SZ,20170511,1.048,1.048,1.051,1.044,1.049,0.001,0.0954,3799.18,397.718
161126.SZ,20170511,1.104,1.091,1.103,1.091,1.095,-0.009,-0.8152,534.0,58.524
161127.SZ,20170511,1.095,1.09,1.09,1.076,1.081,-0.014,-1.2785,3682.51,398.348
161128.SZ,20170511,1.123,1.123,1.128,1.119,1.123,0.0,0.0,823.0,92.473
161129.SZ,20170511,0.898,0.906,0.913,0.904,0.91,0.012,1.3363,1563.0,142.315
161210.SZ,20170511,0.973,0.974,0.974,0.961,0.973,0.0,0.0,945.0,91.608
161217.SZ,20170511,0.624,0.622,0.624,0.611,0.613,-0.011,-1.7628,1158.0,71.098
161219.SZ,20170511,1.277,1.267,1.281,1.262,1.273,-0.004,-0.3132,259.0,33.115
161222.SZ,20170511,1.044,1.036,1.04,1.031,1.04,-0.004,-0.3831,2679.1,277.175
161224.SZ,20170511,1.058,1.06,1.06,1.02,1.03,-0.028,-2.6465,507.0,52.281
161225.SZ,20170511,1.055,1.054,1.058,1.043,1.054,-0.001,-0.0948,6013.49,630.822
161226.SZ,20170511,0.917,0.918,0.931,0.918,0.923,0.006,0.6543,75949.44,6995.888
161227.SZ,20170511,0.863,0.86,0.866,0.85,0.865,0.002,0.2317,13386.26,1148.157
161229.SZ,20170511,1.301,1.3,1.308,1.3,1.3,-0.001,-0.0769,1076.0,140.183
161232.SZ,20170511,0.821,0.818,0.819,0.799,0.806,-0.015,-1.827,34001.15,2738.282
161233.SZ,20170511,0.939,0.935,0.935,0.935,0.935,-0.004,-0.426,4.0,0.374
161607.SZ,20170511,1.029,1.028,1.033,1.028,1.033,0.004,0.3887,11.0,1.131
161610.SZ,20170511,0.84,0.833,0.84,0.832,0.84,0.0,0.0,2835.19,236.67
161630.SZ,20170511,0.9,0.9,0.9,0.875,0.875,-0.025,-2.7778,41.0,3.612
161631.SZ,20170511,0.986,0.986,0.99,0.973,0.981,-0.005,-0.5071,5004.11,489.887
161706.SZ,20170511,1.339,1.325,1.336,1.32,1.33,-0.009,-0.6721,2621.0,348.041
161713.SZ,20170511,0.996,0.994,0.994,0.992,0.994,-0.002,-0.2008,667.0,66.185
161714.SZ,20170511,0.878,0.877,0.884,0.877,0.884,0.006,0.6834,990.2,87.273
161810.SZ,20170511,1.546,1.515,1.515,1.506,1.515,-0.031,-2.0052,116.9,17.666
161815.SZ,20170511,0.452,0.452,0.452,0.447,0.45,-0.002,-0.4425,3697.0,166.264
161820.SZ,20170511,1.051,1.051,1.052,1.049,1.05,-0.001,-0.0951,1834.0,192.573
161831.SZ,20170511,0.938,0.943,0.946,0.938,0.943,0.005,0.533,2814.73,265.663
161834.SZ,20170511,0.856,0.856,0.86,0.85,0.853,-0.003,-0.3505,42131.55,3600.01
161903.SZ,20170511,0.834,0.826,0.826,0.816,0.825,-0.009,-1.0791,49.0,4.019
161907.SZ,20170511,1.468,1.46,1.46,1.447,1.447,-0.021,-1.4305,19.0,2.75
161908.SZ,20170511,0.891,0.91,0.91,0.91,0.91,0.019,2.1324,1.0,0.091
161911.SZ,20170511,0.955,0.955,0.956,0.951,0.954,-0.001,-0.1047,28723.96,2740.86
162006.SZ,20170511,1.103,1.081,1.097,1.08,1.097,-0.006,-0.544,63.0,6.848
162108.SZ,20170511,1.078,1.069,1.069,1.069,1.069,-0.009,-0.8349,16986.0,1815.803
162207.SZ,20170511,1.135,1.13,1.13,1.129,1.129,-0.006,-0.5286,70.0,7.909
162215.SZ,20170511,1.002,1.002,1.002,1.001,1.002,0.0,0.0,34011.0,3404.552
162307.SZ,20170511,1.059,1.029,1.042,1.022,1.042,-0.017,-1.6053,105.0,10.86
162411.SZ,20170511,0.597,0.608,0.611,0.607,0.609,0.012,2.0101,918611.95,55861.519
162414.SZ,20170511,1.084,1.084,1.085,1.084,1.085,0.001,0.0923,28.0,3.035
162415.SZ,20170511,1.222,1.222,1.23,1.221,1.224,0.002,0.1637,3961.0,485.208
162510.SZ,20170511,1.01,0.997,1.018,0.983,1.009,-0.001,-0.099,531.0,52.953
162605.SZ,20170511,0.972,0.969,0.983,0.962,0.983,0.011,1.1317,1093.03,106.361
162607.SZ,20170511,0.478,0.477,0.488,0.477,0.483,0.005,1.046,3964.0,189.884
162703.SZ,20170511,1.178,1.168,1.175,1.16,1.175,-0.003,-0.2547,2217.04,258.528
162711.SZ,20170511,1.266,1.26,1.262,1.244,1.254,-0.012,-0.9479,181.17,22.613
162712.SZ,20170511,1.392,1.39,1.39,1.389,1.389,-0.003,-0.2155,4130.0,573.805
162715.SZ,20170511,1.093,1.081,1.093,1.08,1.08,-0.013,-1.1894,985.0,107.071
162717.SZ,20170511,0.927,0.911,0.928,0.911,0.911,-0.016,-1.726,616.0,56.127
162718.SZ,20170511,0.893,0.892,0.899,0.889,0.891,-0.002,-0.224,776.11,69.363
162719.SZ,20170511,0.956,0.97,0.971,0.968,0.971,0.015,1.569,14333.18,1390.004
163001.SZ,20170511,0.928,0.906,0.912,0.904,0.912,-0.016,-1.7241,154.2,13.985
163003.SZ,20170511,0.81,0.81,0.81,0.81,0.81,0.0,0.0,214.0,17.334
163110.SZ,20170511,2.49,2.483,2.485,2.432,2.474,-0.016,-0.6426,10000.36,2458.854
163119.SZ,20170511,0.848,0.848,0.848,0.831,0.837,-0.011,-1.2972,982.0,82.322
163208.SZ,20170511,0.895,0.895,0.895,0.887,0.888,-0.007,-0.7821,312.19,27.762
163210.SZ,20170511,1.0,1.001,1.001,0.995,0.999,-0.001,-0.1,3174.0,316.463
163302.SZ,20170511,1.272,1.267,1.268,1.263,1.268,-0.004,-0.3145,220.0,27.844
163402.SZ,20170511,0.995,0.991,0.991,0.98,0.988,-0.007,-0.7035,18790.91,1851.54
163407.SZ,20170511,1.476,1.462,1.463,1.452,1.462,-0.014,-0.9485,113.94,16.63
163409.SZ,20170511,1.457,1.436,1.448,1.436,1.44,-0.017,-1.1668,204.0,29.338
163412.SZ,20170511,2.389,2.386,2.389,2.358,2.384,-0.005,-0.2093,7474.0,1773.701
163415.SZ,20170511,1.285,1.278,1.278,1.258,1.276,-0.009,-0.7004,6384.08,807.992
163503.SZ,20170511,0.454,0.443,0.45,0.439,0.444,-0.01,-2.2026,7096.24,312.836
163801.SZ,20170511,1.132,1.129,1.13,1.12,1.125,-0.007,-0.6184,1537.0,172.492
163819.SZ,20170511,1.078,1.071,1.071,1.068,1.071,-0.007,-0.6494,134.0,14.315
163821.SZ,20170511,1.388,1.384,1.388,1.383,1.388,0.0,0.0,108.48,15.048
163907.SZ,20170511,1.028,1.025,1.025,1.025,1.025,-0.003,-0.2918,0.52,0.053
164105.SZ,20170511,1.203,1.205,1.236,1.205,1.236,0.033,2.7431,2.0,0.244
164206.SZ,20170511,1.037,1.036,1.036,1.036,1.036,-0.001,-0.0964,220.0,22.792
164208.SZ,20170511,1.123,1.121,1.121,1.121,1.121,-0.002,-0.1781,280.66,31.461
164210.SZ,20170511,0.985,0.984,0.984,0.983,0.983,-0.002,-0.203,1252.37,123.16
164403.SZ,20170511,0.901,0.894,0.894,0.894,0.894,-0.007,-0.7769,2.0,0.178
164701.SZ,20170511,0.606,0.606,0.608,0.604,0.605,-0.001,-0.165,4455.16,269.919
164702.SZ,20170511,0.961,0.959,0.96,0.959,0.96,-0.001,-0.1041,5.0,0.479
164705.SZ,20170511,1.09,1.092,1.095,1.09,1.094,0.004,0.367,922.01,100.662
164808.SZ,20170511,0.977,0.974,0.977,0.971,0.977,0.0,0.0,126.0,12.243
164810.SZ,20170511,0.96,0.95,0.958,0.947,0.947,-0.013,-1.3542,1170.0,110.948
164814.SZ,20170511,0.98,0.983,0.983,0.97,0.97,-0.01,-1.0204,51.0,4.95
164815.SZ,20170511,0.777,0.782,0.782,0.777,0.78,0.003,0.3861,2264.0,176.432
164906.SZ,20170511,1.251,1.265,1.295,1.225,1.235,-0.016,-1.279,10754.96,1347.66
165309.SZ,20170511,1.024,1.011,1.018,1.011,1.017,-0.007,-0.6836,18.0,1.828
165313.SZ,20170511,1.394,1.381,1.387,1.372,1.387,-0.007,-0.5022,4039.27,556.922
165508.SZ,20170511,1.734,1.664,1.672,1.664,1.67,-0.064,-3.6909,10.0,1.667
165510.SZ,20170511,0.749,0.752,0.756,0.75,0.753,0.004,0.534,5710.0,428.764
165512.SZ,20170511,2.138,2.169,2.197,2.062,2.197,0.059,2.7596,893.0,186.134
165513.SZ,20170511,0.437,0.436,0.438,0.436,0.438,0.001,0.2288,2352.0,102.655
165516.SZ,20170511,2.316,2.313,2.313,2.313,2.313,-0.003,-0.1295,440.0,101.772
165525.SZ,20170511,1.196,1.18,1.195,1.173,1.191,-0.005,-0.4181,9896.2,1168.72
165528.SZ,20170511,0.971,0.961,0.975,0.96,0.961,-0.01,-1.0299,51138.28,4941.3
165705.SZ,20170511,0.962,0.958,0.958,0.958,0.958,-0.004,-0.4158,20.0,1.916
165807.SZ,20170511,1.027,1.027,1.027,1.027,1.027,0.0,0.0,1630.68,167.47
166001.SZ,20170511,1.053,1.052,1.053,1.042,1.046,-0.007,-0.6648,165.6,17.359
166006.SZ,20170511,1.044,1.059,1.06,1.047,1.054,0.01,0.9579,67.34,7.079
166007.SZ,20170511,1.207,1.171,1.171,1.168,1.169,-0.038,-3.1483,10.0,1.169
166008.SZ,20170511,1.011,1.009,1.026,1.009,1.026,0.015,1.4837,4.0,0.405
166009.SZ,20170511,1.969,1.949,1.95,1.949,1.95,-0.019,-0.965,100.61,19.618
166011.SZ,20170511,1.153,1.153,1.155,1.151,1.153,0.0,0.0,28.0,3.228
166012.SZ,20170511,1.036,1.034,1.034,1.034,1.034,-0.002,-0.1931,3.0,0.31
166902.SZ,20170511,0.973,0.985,0.985,0.985,0.985,0.012,1.2333,3.0,0.295
166904.SZ,20170511,1.06,1.06,1.06,1.06,1.06,0.0,0.0,410.0,43.46
167001.SZ,20170511,0.835,0.833,0.833,0.76,0.823,-0.012,-1.4371,69937.23,5465.011
167002.SZ,20170511,0.965,0.921,0.95,0.921,0.95,-0.015,-1.5544,91.0,8.384
168101.SZ,20170511,0.999,0.976,0.998,0.969,0.981,-0.018,-1.8018,10913.01,1071.928
168102.SZ,20170511,0.822,0.822,0.822,0.808,0.813,-0.009,-1.0949,8791.01,715.024
168103.SZ,20170511,0.783,0.783,0.783,0.76,0.773,-0.01,-1.2771,95441.47,7377.972
168104.SZ,20170511,0.95,0.916,0.947,0.916,0.944,-0.006,-0.6316,333.38,30.739
168105.SZ,20170511,0.8,0.8,0.803,0.785,0.795,-0.005,-0.625,3424.45,270.449
168301.SZ,20170511,0.905,0.902,0.903,0.892,0.895,-0.01,-1.105,11572.7,1038.236
169101.SZ,20170511,1.361,1.35,1.39,1.35,1.384,0.023,1.6899,6795.0,929.545
169102.SZ,20170511,1.27,1.27,1.317,1.269,1.279,0.009,0.7087,2493.09,318.184
169103.SZ,20170511,1.157,1.159,1.164,1.158,1.164,0.007,0.605,459.0,53.299
169104.SZ,20170511,1.14,1.161,1.161,1.15,1.157,0.017,1.4912,775.0,89.763
169105.SZ,20170511,1.163,1.165,1.175,1.163,1.174,0.011,0.9458,120188.41,14048.562
169201.SZ,20170511,0.898,0.89,0.89,0.885,0.89,-0.008,-0.8909,501.01,44.394
184722.SZ,20170511,0.947,0.947,0.947,0.933,0.94,-0.007,-0.7392,104314.01,9809.078
184801.SZ,20170511,100.2,100.0,100.2,95.23,99.999,-0.201,-0.2006,106.8,1062.837
500058.SH,20170511,0.95,0.95,0.95,0.935,0.945,-0.005,-0.5263,220160.0,20757.944
501000.SH,20170511,1.022,1.0,1.0,0.996,0.996,-0.026,-2.544,53.28,5.309
501001.SH,20170511,1.006,1.009,1.009,1.0,1.009,0.003,0.2982,9565.31,961.625
501002.SH,20170511,0.947,0.934,0.934,0.918,0.934,-0.013,-1.3728,111.0,10.232
501003.SH,20170511,1.211,1.09,1.332,1.09,1.332,0.121,9.9917,3924.86,451.015
501005.SH,20170511,0.947,0.94,0.94,0.9,0.918,-0.029,-3.0623,15532.63,1414.031
501007.SH,20170511,0.915,0.886,0.889,0.886,0.887,-0.028,-3.0601,18.0,1.596
501008.SH,20170511,0.913,0.913,0.913,0.913,0.913,0.0,0.0,21.0,1.917
501009.SH,20170511,0.998,0.976,0.997,0.976,0.997,-0.001,-0.1002,30.0,2.986
501010.SH,20170511,0.99,1.016,1.039,0.98,1.016,0.026,2.6263,25.02,2.547
501011.SH,20170511,1.015,1.016,1.016,1.011,1.011,-0.004,-0.3941,57.0,5.782
501012.SH,20170511,1.007,1.008,1.008,1.008,1.008,0.001,0.0993,236.0,23.789
501015.SH,20170511,0.929,0.923,0.925,0.902,0.916,-0.013,-1.3994,66486.39,6102.179
501017.SH,20170511,0.922,0.902,0.908,0.851,0.889,-0.033,-3.5792,21711.25,1944.147
501018.SH,20170511,0.884,0.901,0.908,0.901,0.908,0.024,2.7149,272476.17,24620.983
501019.SH,20170511,0.84,0.838,0.838,0.819,0.831,-0.009,-1.0714,19337.05,1594.486
501020.SH,20170511,0.965,0.964,0.976,0.951,0.964,-0.001,-0.1036,4887.25,466.411
501021.SH,20170511,1.187,1.186,1.191,1.181,1.19,0.003,0.2527,54915.0,6520.74
501022.SH,20170511,0.926,0.925,0.94,0.911,0.925,-0.001,-0.108,29287.11,2701.88
501023.SH,20170511,1.067,1.067,1.07,1.059,1.064,-0.003,-0.2812,6291.04,669.47
501025.SH,20170511,1.06,1.059,1.066,1.059,1.064,0.004,0.3774,2649.35,281.555
501026.SH,20170511,0.904,0.902,0.902,0.823,0.899,-0.005,-0.5531,23936.39,2100.97
501028.SH,20170511,0.912,0.91,0.91,0.891,0.903,-0.009,-0.9868,21066.23,1901.988
501029.SH,20170511,0.981,0.979,0.981,0.97,0.98,-0.001,-0.1019,189103.13,18444.207
501030.SH,20170511,0.996,0.995,1.009,0.965,0.998,0.002,0.2008,1686.97,165.772
501031.SH,20170511,0.998,0.998,0.998,0.97,0.99,-0.008,-0.8016,442.47,43.529
501032.SH,20170511,0.903,0.901,0.91,0.9,0.901,-0.002,-0.2215,1510.99,136.141
501050.SH,20170511,1.013,1.013,1.013,1.007,1.013,0.0,0.0,5958.81,601.241
501300.SH,20170511,1.008,1.008,1.008,1.007,1.008,0.0,0.0,1161.0,117.028
501301.SH,20170511,0.998,0.999,1.001,0.994,0.998,0.0,0.0,67054.37,6694.455
502000.SH,20170511,0.962,0.938,0.971,0.912,0.966,0.004,0.4158,171.36,16.219
502002.SH,20170511,0.921,0.883,0.883,0.829,0.88,-0.041,-4.4517,39.0,3.319
502003.SH,20170511,0.96,0.95,0.952,0.92,0.951,-0.009,-0.9375,39068.48,3673.759
502004.SH,20170511,1.029,1.029,1.034,1.028,1.034,0.005,0.4859,81283.05,8377.123
502005.SH,20170511,0.87,0.865,0.891,0.807,0.87,0.0,0.0,85043.33,7198.658
502006.SH,20170511,0.973,0.966,0.975,0.95,0.975,0.002,0.2055,9590.72,924.877
502007.SH,20170511,1.112,1.112,1.12,1.101,1.112,0.0,0.0,23303.15,2592.889
502008.SH,20170511,0.837,0.823,0.845,0.793,0.844,0.007,0.8363,32844.86,2712.465
502010.SH,20170511,1.061,1.06,1.064,1.051,1.062,0.001,0.0943,5496.2,581.49
502011.SH,20170511,1.027,1.023,1.038,1.023,1.037,0.01,0.9737,16456.09,1698.906
502012.SH,20170511,1.09,1.08,1.094,1.056,1.088,-0.002,-0.1835,15359.48,1651.92
502013.SH,20170511,0.796,0.794,0.81,0.787,0.807,0.011,1.3819,427582.59,34029.21
502014.SH,20170511,1.03,1.03,1.036,1.029,1.035,0.005,0.4854,420962.01,43490.197
502015.SH,20170511,0.561,0.558,0.584,0.541,0.582,0.021,3.7433,358747.33,20014.456
502016.SH,20170511,1.03,1.006,1.086,1.006,1.066,0.036,3.4951,673.0,71.414
502017.SH,20170511,1.007,1.002,1.018,1.002,1.017,0.01,0.993,380.0,38.329
502018.SH,20170511,1.081,0.973,1.12,0.973,1.12,0.039,3.6078,120.49,13.054
502020.SH,20170511,1.168,1.174,1.174,1.158,1.16,-0.008,-0.6849,380.0,44.113
502021.SH,20170511,1.037,1.037,1.041,1.035,1.035,-0.002,-0.1929,403.0,41.912
502022.SH,20170511,1.299,1.299,1.299,1.299,1.299,0.0,0.0,1.14,0.148
502023.SH,20170511,0.898,0.89,0.89,0.863,0.863,-0.035,-3.8976,124.0,10.71
502024.SH,20170511,1.07,1.06,1.079,1.06,1.079,0.009,0.8411,150.0,15.995
502025.SH,20170511,0.723,0.658,0.759,0.652,0.733,0.01,1.3831,743.0,49.057
502026.SH,20170511,0.8,0.83,0.833,0.766,0.766,-0.034,-4.25,1271.6,104.764
502028.SH,20170511,0.585,0.577,0.59,0.532,0.567,-0.018,-3.0769,441.0,24.649
502031.SH,20170511,1.044,1.04,1.047,1.035,1.036,-0.008,-0.7663,2046.0,212.442
502032.SH,20170511,1.023,0.921,1.019,0.921,1.019,-0.004,-0.391,439.26,41.074
502036.SH,20170511,0.981,0.922,0.924,0.922,0.924,-0.057,-5.8104,7.0,0.646
502038.SH,20170511,0.835,0.78,0.78,0.78,0.78,-0.055,-6.5868,2.0,0.156
502042.SH,20170511,0.81,0.82,0.82,0.82,0.82,0.01,1.2346,6.9,0.566
502048.SH,20170511,1.133,1.133,1.14,1.131,1.139,0.006,0.5296,4752.72,539.661
502049.SH,20170511,1.051,1.051,1.062,1.051,1.061,0.01,0.9515,4542.65,481.268
502050.SH,20170511,1.211,1.207,1.219,1.204,1.217,0.006,0.4955,20873.63,2526.063
502053.SH,20170511,0.907,0.889,0.9,0.88,0.9,-0.007,-0.7718,7394.0,660.969
502054.SH,20170511,1.074,1.082,1.083,1.076,1.083,0.009,0.838,20701.5,2233.698
502055.SH,20170511,0.71,0.702,0.722,0.682,0.709,-0.001,-0.1408,28732.78,2007.909
502056.SH,20170511,0.985,0.985,0.985,0.95,0.95,-0.035,-3.5533,127.18,12.138
502057.SH,20170511,1.052,1.053,1.053,1.051,1.052,0.0,0.0,604.0,63.531
502058.SH,20170511,0.9,0.873,0.888,0.813,0.888,-0.012,-1.3333,527.0,45.619
505888.SH,20170511,1.189,1.188,1.188,1.176,1.183,-0.006,-0.5046,358743.2,42308.273
510010.SH,20170511,0.976,0.987,0.987,0.974,0.976,0.0,0.0,139.0,13.571
510020.SH,20170511,2.368,2.33,2.366,2.33,2.359,-0.009,-0.3801,44.13,10.333
510030.SH,20170511,4.07,4.07,4.189,4.07,4.076,0.006,0.1474,56.0,22.832
510050.SH,20170511,2.321,2.316,2.337,2.315,2.334,0.013,0.5601,2921606.13,679858.476
510060.SH,20170511,1.601,1.601,1.614,1.597,1.614,0.013,0.812,4472.01,717.224
510070.SH,20170511,1.572,1.561,1.561,1.543,1.543,-0.029,-1.8448,142.14,21.969
510110.SH,20170511,3.076,2.949,3.057,2.949,3.057,-0.019,-0.6177,49.0,14.608
510120.SH,20170511,2.67,2.706,2.706,2.706,2.706,0.036,1.3483,1.0,0.271
510130.SH,20170511,3.533,3.505,3.505,3.496,3.496,-0.037,-1.0473,401.0,140.498
510160.SH,20170511,0.545,0.546,0.55,0.541,0.549,0.004,0.7339,22484.0,1222.495
510170.SH,20170511,1.72,1.72,1.72,1.69,1.69,-0.03,-1.7442,11.0,1.883
510180.SH,20170511,2.971,2.965,2.988,2.955,2.982,0.011,0.3702,75337.44,22379.023
510210.SH,20170511,3.494,3.451,3.489,3.41,3.489,-0.005,-0.1431,58.0,19.85
510220.SH,20170511,4.005,3.902,4.007,3.902,4.007,0.002,0.0499,3.0,1.181
510230.SH,20170511,5.135,5.17,5.172,5.078,5.167,0.032,0.6232,735.01,378.38
510260.SH,20170511,1.126,1.126,1.126,1.088,1.088,-0.038,-3.3748,61.0,6.641
510270.SH,20170511,1.007,0.986,0.995,0.986,0.995,-0.012,-1.1917,114.0,11.339
510280.SH,20170511,1.349,1.358,1.37,1.358,1.37,0.021,1.5567,46.0,6.274
510290.SH,20170511,1.479,1.479,1.479,1.439,1.473,-0.006,-0.4057,1931.0,282.072
510300.SH,20170511,3.336,3.328,3.361,3.316,3.353,0.017,0.5096,2181884.37,727387.609
510310.SH,20170511,1.399,1.398,1.405,1.388,1.403,0.004,0.2859,49513.0,6914.347
510330.SH,20170511,3.565,3.556,3.586,3.542,3.579,0.014,0.3927,17950.0,6392.151
510360.SH,20170511,1.036,1.033,1.043,1.029,1.043,0.007,0.6757,46251.0,4802.135
510410.SH,20170511,0.641,0.638,0.642,0.621,0.635,-0.006,-0.936,2476.27,155.682
510420.SH,20170511,1.409,1.399,1.409,1.363,1.409,0.0,0.0,355.94,48.547
510430.SH,20170511,1.332,1.331,1.331,1.331,1.331,-0.001,-0.0751,1.0,0.133
510440.SH,20170511,1.752,1.721,1.721,1.668,1.69,-0.062,-3.5388,28.0,4.733
510500.SH,20170511,6.172,6.163,6.165,6.0,6.154,-0.018,-0.2916,786633.92,480442.223
510510.SH,20170511,1.63,1.63,1.645,1.589,1.623,-0.007,-0.4294,180277.0,28960.872
510520.SH,20170511,1.72,1.716,1.73,1.636,1.72,0.0,0.0,90.0,14.982
510560.SH,20170511,1.25,1.199,1.22,1.199,1.22,-0.03,-2.4,2.0,0.242
510580.SH,20170511,5.869,5.702,5.738,5.67,5.738,-0.131,-2.2321,42.0,23.998
510630.SH,20170511,1.667,1.659,1.685,1.646,1.685,0.018,1.0798,1472.0,244.283
510650.SH,20170511,1.457,1.454,1.46,1.454,1.46,0.003,0.2059,40.0,5.835
510660.SH,20170511,1.577,1.572,1.578,1.561,1.575,-0.002,-0.1268,3676.0,577.213
510680.SH,20170511,1.804,1.892,1.892,1.804,1.858,0.054,2.9933,35.0,6.487
510710.SH,20170511,2.34,2.341,2.362,2.341,2.355,0.015,0.641,391.0,91.905
510810.SH,20170511,0.938,0.937,0.939,0.926,0.937,-0.001,-0.1066,108359.21,10094.966
510880.SH,20170511,2.665,2.666,2.684,2.652,2.678,0.013,0.4878,73031.0,19470.059
510900.SH,20170511,1.123,1.127,1.133,1.122,1.128,0.005,0.4452,8058579.69,908725.549
511010.SH,20170511,108.822,108.782,108.996,108.737,108.944,0.122,0.1121,67952.02,739451.527
511220.SH,20170511,93.45,93.467,93.467,92.951,93.0,-0.45,-0.4815,116.0,1079.359
511230.SH,20170511,99.0,95.555,99.0,95.555,99.0,0.0,0.0,3.0,29.65
511600.SH,20170511,99.999,100.0,100.0,99.996,99.998,-0.001,-0.001,6558.77,65586.469
511650.SH,20170511,99.998,99.997,99.998,99.995,99.996,-0.002,-0.002,12150.35,121498.724
511660.SH,20170511,100.011,100.003,100.004,99.998,100.002,-0.009,-0.009,103467.35,1034678.629
511680.SH,20170511,100.0,99.997,99.999,99.997,99.999,-0.001,-0.001,1435.0,14349.712
511690.SH,20170511,100.0,99.998,99.999,99.994,99.997,-0.003,-0.003,128020.31,1280159.179
511700.SH,20170511,100.002,100.0,100.003,100.0,100.0,-0.002,-0.002,320.86,3208.621
511760.SH,20170511,99.957,99.945,100.017,99.945,100.017,0.06,0.06,1.1,11.001
511770.SH,20170511,100.0,99.986,100.003,99.986,99.996,-0.004,-0.004,981.1,9810.893
511800.SH,20170511,99.999,99.996,99.998,99.994,99.998,-0.001,-0.001,20468.62,204679.493
511810.SH,20170511,100.004,100.0,100.002,99.994,99.998,-0.006,-0.006,188148.39,1881453.261
511820.SH,20170511,100.0,99.999,100.002,99.997,100.0,0.0,0.0,106349.74,1063482.411
511830.SH,20170511,100.003,100.0,100.007,99.995,99.999,-0.004,-0.004,7060.51,70606.854
511850.SH,20170511,100.021,100.019,100.019,100.002,100.012,-0.009,-0.009,5615.27,56159.987
511860.SH,20170511,100.006,99.996,100.003,99.993,100.002,-0.004,-0.004,3995.27,39952.602
511880.SH,20170511,101.242,101.243,101.247,101.242,101.244,0.002,0.002,1053220.93,10663260.676
511890.SH,20170511,99.99,99.955,99.995,99.955,99.993,0.003,0.003,32.0,319.973
511900.SH,20170511,100.003,99.999,100.0,99.996,99.999,-0.004,-0.004,42474.19,424735.478
511910.SH,20170511,100.0,99.997,99.999,99.997,99.999,-0.001,-0.001,4567.27,45671.845
511920.SH,20170511,99.995,99.995,99.995,99.995,99.995,0.0,0.0,6.01,60.097
511930.SH,20170511,99.998,99.999,99.999,99.995,99.998,0.0,0.0,2177.01,21769.495
511950.SH,20170511,99.993,99.96,99.995,99.96,99.987,-0.006,-0.006,12.0,119.976
511960.SH,20170511,100.003,99.999,100.0,99.99,99.999,-0.004,-0.004,1237.79,12377.617
511970.SH,20170511,100.0,99.998,99.999,99.997,99.998,-0.002,-0.002,765.36,7653.447
511980.SH,20170511,100.0,99.996,100.001,99.99,99.994,-0.006,-0.006,10168.74,101684.243
511990.SH,20170511,100.011,100.008,100.015,100.008,100.014,0.003,0.003,1044549.48,10446716.795
512000.SH,20170511,0.898,0.887,0.903,0.887,0.9,0.002,0.2227,21608.0,1931.496
512010.SH,20170511,1.41,1.394,1.41,1.394,1.41,0.0,0.0,131.0,18.462
512070.SH,20170511,1.64,1.65,1.65,1.625,1.641,0.001,0.061,5570.01,909.386
512100.SH,20170511,0.849,0.859,0.859,0.82,0.84,-0.009,-1.0601,13570.0,1129.902
512120.SH,20170511,1.357,1.43,1.48,1.367,1.378,0.021,1.5475,280.0,38.69
512210.SH,20170511,1.48,1.627,1.627,1.529,1.529,0.049,3.3108,13.0,2.004
512220.SH,20170511,1.303,1.291,1.291,1.291,1.291,-0.012,-0.921,78.0,10.07
512300.SH,20170511,1.16,1.156,1.156,1.147,1.152,-0.008,-0.6897,1262.0,144.974
512310.SH,20170511,0.664,0.66,0.664,0.645,0.664,0.0,0.0,3327.0,217.325
512330.SH,20170511,0.772,0.763,0.768,0.749,0.765,-0.007,-0.9067,6290.0,474.896
512340.SH,20170511,0.781,0.735,0.776,0.734,0.776,-0.005,-0.6402,1640.0,126.731
512500.SH,20170511,2.93,2.92,2.96,2.884,2.89,-0.04,-1.3652,2882.47,833.792
512510.SH,20170511,1.199,1.196,1.196,1.167,1.194,-0.005,-0.417,14069.64,1667.659
512580.SH,20170511,0.974,0.97,0.986,0.95,0.97,-0.004,-0.4107,31370.0,3012.247
512600.SH,20170511,1.588,1.575,1.576,1.575,1.576,-0.012,-0.7557,58.0,9.135
512610.SH,20170511,1.397,1.38,1.388,1.376,1.384,-0.013,-0.9306,2362.0,326.188
512640.SH,20170511,1.586,1.584,1.587,1.584,1.587,0.001,0.0631,64.0,10.154
512660.SH,20170511,0.882,0.88,0.881,0.85,0.876,-0.006,-0.6803,243745.0,21166.302
512680.SH,20170511,0.86,0.856,0.86,0.83,0.857,-0.003,-0.3488,52417.0,4447.726
512810.SH,20170511,0.855,0.847,0.85,0.826,0.848,-0.007,-0.8187,52924.0,4460.031
512880.SH,20170511,0.949,0.94,0.953,0.94,0.95,0.001,0.1054,107045.0,10095.125
512900.SH,20170511,0.909,0.901,0.913,0.898,0.911,0.002,0.22,133737.0,12084.259
512990.SH,20170511,1.002,1.006,1.008,0.995,1.0,-0.002,-0.1996,3750.0,375.731
513030.SH,20170511,1.142,1.146,1.169,1.146,1.162,0.02,1.7513,29862.0,3458.858
513050.SH,20170511,1.231,1.239,1.24,1.228,1.233,0.002,0.1625,61661.0,7610.903
513100.SH,20170511,2.071,2.069,2.078,2.067,2.07,-0.001,-0.0483,25625.0,5304.643
513500.SH,20170511,1.548,1.549,1.557,1.549,1.554,0.006,0.3876,8410.0,1307.032
513600.SH,20170511,2.274,2.275,2.284,2.27,2.282,0.008,0.3518,2881.75,655.771
513660.SH,20170511,2.271,2.266,2.28,2.266,2.276,0.005,0.2202,2168.0,492.056
518800.SH,20170511,2.719,2.72,2.724,2.717,2.723,0.004,0.1471,319782.0,86952.857
518880.SH,20170511,2.726,2.726,2.735,2.726,2.731,0.005,0.1834,2706412.3,738453.701
