ts_code,trade_date,pre_close,open,high,low,close,change,pct_chg,vol,amount
150008.SZ,20170519,1.2,1.237,1.237,1.237,1.237,0.037,3.0833,1.0,0.123
150009.SZ,20170519,0.929,0.95,0.95,0.95,0.95,0.021,2.2605,1.4,0.133
150012.SZ,20170519,1.05,1.052,1.052,1.049,1.05,0.0,0.0,1282.0,134.582
150013.SZ,20170519,1.119,1.074,1.114,1.074,1.113,-0.006,-0.5362,617.66,68.427
150016.SZ,20170519,1.019,1.016,1.018,1.013,1.018,-0.001,-0.0981,6063.86,616.846
150017.SZ,20170519,1.024,1.025,1.032,1.025,1.027,0.003,0.293,6977.09,717.365
150018.SZ,20170519,1.04,1.037,1.041,1.036,1.04,0.0,0.0,34159.39,3548.639
150019.SZ,20170519,0.775,0.775,0.78,0.77,0.777,0.002,0.2581,165548.06,12859.387
150021.SZ,20170519,0.933,0.934,0.942,0.933,0.941,0.008,0.8574,5588.0,523.322
150022.SZ,20170519,0.778,0.778,0.782,0.776,0.778,0.0,0.0,185705.0,14451.232
150023.SZ,20170519,0.347,0.346,0.35,0.345,0.347,0.0,0.0,342173.0,11873.721
150028.SZ,20170519,1.007,1.008,1.012,1.008,1.009,0.002,0.1986,335.32,33.84
150029.SZ,20170519,1.305,1.301,1.321,1.301,1.31,0.005,0.3831,82.0,10.772
150030.SZ,20170519,1.045,1.07,1.07,1.05,1.055,0.01,0.9569,117.0,12.342
150031.SZ,20170519,1.022,1.022,1.022,1.022,1.022,0.0,0.0,102.56,10.481
150032.SZ,20170519,0.999,1.0,1.0,0.998,1.0,0.001,0.1001,3401.0,339.5
150033.SZ,20170519,0.925,0.908,0.916,0.908,0.916,-0.009,-0.973,100.0,9.12
150036.SZ,20170519,1.04,1.031,1.031,1.031,1.031,-0.009,-0.8654,1.0,0.103
150039.SZ,20170519,1.113,1.111,1.114,1.111,1.114,0.001,0.0898,110.0,12.234
150047.SZ,20170519,1.432,1.478,1.478,1.432,1.432,0.0,0.0,3.0,0.434
150048.SZ,20170519,1.028,1.01,1.025,0.982,0.983,-0.045,-4.3774,730.04,74.343
150049.SZ,20170519,1.003,1.002,1.002,1.002,1.002,-0.001,-0.0997,944.0,94.588
150050.SZ,20170519,0.972,0.972,1.014,0.972,0.972,0.0,0.0,901.2,88.98
150051.SZ,20170519,1.034,1.032,1.032,1.031,1.032,-0.002,-0.1934,4358.24,449.733
150052.SZ,20170519,1.338,1.343,1.345,1.339,1.344,0.006,0.4484,5841.96,783.612
150053.SZ,20170519,1.031,1.027,1.028,1.027,1.028,-0.003,-0.291,162.0,16.653
150055.SZ,20170519,1.076,1.062,1.065,1.062,1.065,-0.011,-1.0223,8168.0,869.112
150056.SZ,20170519,1.347,1.321,1.344,1.32,1.335,-0.012,-0.8909,303.5,40.098
150057.SZ,20170519,1.162,1.179,1.179,1.163,1.163,0.001,0.0861,71.44,8.422
150058.SZ,20170519,0.9,0.928,0.928,0.86,0.86,-0.04,-4.4444,132.74,12.18
150059.SZ,20170519,1.159,1.158,1.158,1.158,1.158,-0.001,-0.0863,3687.0,426.954
150060.SZ,20170519,0.921,0.937,0.937,0.896,0.926,0.005,0.5429,11.0,1.017
150064.SZ,20170519,1.033,1.02,1.033,1.02,1.033,0.0,0.0,5.78,0.596
150065.SZ,20170519,0.939,0.874,0.874,0.874,0.874,-0.065,-6.9223,0.94,0.082
150067.SZ,20170519,1.3,1.3,1.3,1.299,1.299,-0.001,-0.0769,6.23,0.809
150073.SZ,20170519,1.052,1.023,1.023,1.023,1.023,-0.029,-2.7567,2.23,0.228
150075.SZ,20170519,1.155,1.146,1.146,1.146,1.146,-0.009,-0.7792,1.86,0.213
150076.SZ,20170519,1.01,1.007,1.007,1.007,1.007,-0.003,-0.297,189.0,19.032
150090.SZ,20170519,1.1,1.187,1.187,1.046,1.098,-0.002,-0.1818,13.0,1.484
150091.SZ,20170519,0.835,0.79,0.849,0.79,0.849,0.014,1.6766,18.0,1.454
150094.SZ,20170519,1.026,1.023,1.023,1.021,1.021,-0.005,-0.4873,837.0,85.605
150095.SZ,20170519,0.429,0.47,0.47,0.47,0.47,0.041,9.5571,1.0,0.047
150096.SZ,20170519,1.011,1.014,1.014,1.009,1.012,0.001,0.0989,3210.0,324.003
150097.SZ,20170519,0.921,0.922,0.925,0.9,0.923,0.002,0.2172,1882.0,172.935
150100.SZ,20170519,1.041,1.042,1.045,1.041,1.042,0.001,0.0961,1351.0,140.84
150101.SZ,20170519,1.122,1.123,1.155,1.123,1.141,0.019,1.6934,2294.55,260.219
150106.SZ,20170519,1.112,1.111,1.111,1.111,1.111,-0.001,-0.0899,1139.0,126.542
150107.SZ,20170519,0.887,0.868,0.882,0.865,0.865,-0.022,-2.4803,1497.34,130.994
150108.SZ,20170519,1.073,1.067,1.091,1.067,1.084,0.011,1.0252,181.0,19.605
150112.SZ,20170519,1.062,1.032,1.05,1.032,1.05,-0.012,-1.1299,400.0,41.828
150117.SZ,20170519,1.07,1.068,1.071,1.068,1.071,0.001,0.0935,18612.0,1989.772
150118.SZ,20170519,0.348,0.349,0.352,0.345,0.35,0.002,0.5747,51121.0,1786.818
150121.SZ,20170519,1.041,1.037,1.037,1.031,1.031,-0.01,-0.9606,249.0,25.727
150122.SZ,20170519,1.096,1.184,1.185,1.165,1.165,0.069,6.2956,206.0,24.126
150123.SZ,20170519,1.267,1.269,1.301,1.269,1.281,0.014,1.105,388.0,50.28
150124.SZ,20170519,1.613,1.619,1.629,1.608,1.627,0.014,0.8679,6439.0,1040.015
150130.SZ,20170519,1.081,1.079,1.081,1.078,1.079,-0.002,-0.185,113625.01,12263.909
150131.SZ,20170519,0.473,0.473,0.479,0.473,0.477,0.004,0.8457,172730.17,8219.469
150135.SZ,20170519,1.02,1.018,1.018,1.018,1.018,-0.002,-0.1961,729.0,74.212
150136.SZ,20170519,0.582,0.62,0.62,0.616,0.616,0.034,5.8419,529.0,32.621
150138.SZ,20170519,1.038,1.021,1.03,1.021,1.03,-0.008,-0.7707,155.46,16.01
150140.SZ,20170519,1.051,1.053,1.053,1.053,1.053,0.002,0.1903,10000.0,1053.0
150141.SZ,20170519,0.624,0.686,0.686,0.686,0.686,0.062,9.9359,0.27,0.018
150143.SZ,20170519,1.011,1.007,1.009,1.007,1.009,-0.002,-0.1978,32.36,3.265
150144.SZ,20170519,0.501,0.481,0.502,0.481,0.502,0.001,0.1996,1.01,0.05
150146.SZ,20170519,0.36,0.358,0.365,0.343,0.358,-0.002,-0.5556,265.0,9.33
150148.SZ,20170519,1.054,1.061,1.062,1.058,1.059,0.005,0.4744,1045.0,110.67
150149.SZ,20170519,0.607,0.608,0.609,0.598,0.607,0.0,0.0,1574.0,95.225
150150.SZ,20170519,1.017,1.017,1.021,1.016,1.016,-0.001,-0.0983,1536.64,156.284
150151.SZ,20170519,0.954,0.953,0.96,0.941,0.96,0.006,0.6289,489.98,46.56
150152.SZ,20170519,1.037,1.037,1.037,1.033,1.035,-0.002,-0.1929,79830.33,8255.432
150153.SZ,20170519,0.591,0.591,0.596,0.58,0.588,-0.003,-0.5076,1018304.96,59842.931
150157.SZ,20170519,1.016,1.014,1.017,1.014,1.016,0.0,0.0,35378.0,3593.353
150158.SZ,20170519,0.766,0.772,0.775,0.766,0.769,0.003,0.3916,18995.95,1467.473
150164.SZ,20170519,1.008,1.008,1.008,1.006,1.007,-0.001,-0.0992,13963.62,1406.146
150165.SZ,20170519,0.542,0.533,0.547,0.533,0.537,-0.005,-0.9225,523.23,28.175
150167.SZ,20170519,1.102,1.08,1.08,1.08,1.08,-0.022,-1.9964,50.0,5.4
150168.SZ,20170519,0.612,0.665,0.665,0.605,0.605,-0.007,-1.1438,315.0,19.781
150169.SZ,20170519,1.032,1.03,1.035,1.029,1.035,0.003,0.2907,13101.0,1350.808
150170.SZ,20170519,1.146,1.146,1.164,1.146,1.161,0.015,1.3089,22535.0,2613.524
150171.SZ,20170519,1.004,1.003,1.005,1.003,1.005,0.001,0.0996,212648.97,21352.752
150172.SZ,20170519,0.959,0.959,0.964,0.95,0.951,-0.008,-0.8342,154935.86,14818.892
150173.SZ,20170519,1.012,1.01,1.01,1.009,1.01,-0.002,-0.1976,6173.0,623.464
150174.SZ,20170519,0.512,0.501,0.518,0.501,0.516,0.004,0.7813,1727.83,87.468
150175.SZ,20170519,0.961,0.961,0.961,0.959,0.96,-0.001,-0.1041,293755.5,28187.306
150176.SZ,20170519,0.917,0.918,0.925,0.91,0.919,0.002,0.2181,188492.59,17320.594
150177.SZ,20170519,1.038,1.036,1.036,1.036,1.036,-0.002,-0.1927,3850.0,398.86
150178.SZ,20170519,1.187,1.188,1.207,1.182,1.196,0.009,0.7582,6836.32,819.853
150179.SZ,20170519,1.042,1.036,1.044,1.035,1.044,0.002,0.1919,81.52,8.447
150180.SZ,20170519,1.19,1.187,1.206,1.187,1.188,-0.002,-0.1681,242.42,28.787
150181.SZ,20170519,1.016,1.014,1.017,1.002,1.017,0.001,0.0984,229012.69,23281.404
150182.SZ,20170519,0.808,0.81,0.818,0.796,0.803,-0.005,-0.6188,169609.43,13648.071
150184.SZ,20170519,1.074,1.064,1.076,1.064,1.066,-0.008,-0.7449,25701.33,2743.997
150185.SZ,20170519,0.782,0.78,0.791,0.777,0.789,0.007,0.8951,25588.23,2002.029
150186.SZ,20170519,1.034,1.032,1.037,1.029,1.033,-0.001,-0.0967,64803.83,6672.692
150187.SZ,20170519,0.59,0.59,0.608,0.582,0.596,0.006,1.0169,9378.08,557.229
150188.SZ,20170519,1.006,1.005,1.007,1.005,1.007,0.001,0.0994,3629.17,365.059
150189.SZ,20170519,0.783,0.783,0.791,0.783,0.791,0.008,1.0217,318.72,25.163
150190.SZ,20170519,1.111,1.096,1.096,1.093,1.093,-0.018,-1.6202,3262.0,356.713
150191.SZ,20170519,1.076,1.006,1.079,1.006,1.065,-0.011,-1.0223,378.48,39.706
150193.SZ,20170519,0.893,0.871,0.899,0.871,0.895,0.002,0.224,5112.16,458.253
150194.SZ,20170519,1.018,1.016,1.019,1.015,1.019,0.001,0.0982,120443.68,12239.796
150195.SZ,20170519,1.022,1.021,1.03,1.0,1.012,-0.01,-0.9785,177690.72,17969.75
150196.SZ,20170519,1.096,1.096,1.096,1.087,1.092,-0.004,-0.365,29387.0,3206.714
150197.SZ,20170519,0.838,0.843,0.855,0.834,0.843,0.005,0.5967,67832.55,5720.69
150198.SZ,20170519,1.145,1.135,1.15,1.135,1.15,0.005,0.4367,13348.0,1534.467
150199.SZ,20170519,0.726,0.728,0.747,0.722,0.745,0.019,2.6171,66344.0,4885.283
150200.SZ,20170519,1.003,1.003,1.005,1.002,1.004,0.001,0.0997,857834.91,86111.663
150201.SZ,20170519,0.358,0.357,0.362,0.354,0.355,-0.003,-0.838,2684962.04,96002.106
150203.SZ,20170519,1.024,1.019,1.024,1.019,1.023,-0.001,-0.0977,13419.95,1371.772
150204.SZ,20170519,0.81,0.811,0.811,0.792,0.798,-0.012,-1.4815,10251.63,813.928
150205.SZ,20170519,1.012,1.012,1.015,1.01,1.013,0.001,0.0988,100051.18,10124.253
150206.SZ,20170519,0.914,0.915,0.924,0.899,0.906,-0.008,-0.8753,303366.17,27654.892
150207.SZ,20170519,1.066,1.059,1.116,0.978,1.063,-0.003,-0.2814,9291.81,989.273
150208.SZ,20170519,0.374,0.375,0.381,0.365,0.38,0.006,1.6043,13060.41,485.505
150209.SZ,20170519,1.035,1.036,1.039,1.036,1.039,0.004,0.3865,76707.66,7963.257
150210.SZ,20170519,0.725,0.725,0.731,0.718,0.724,-0.001,-0.1379,158304.3,11480.413
150211.SZ,20170519,1.033,1.035,1.035,1.032,1.033,0.0,0.0,20239.98,2090.173
150212.SZ,20170519,0.514,0.52,0.526,0.508,0.511,-0.003,-0.5837,56910.66,2942.515
150213.SZ,20170519,1.053,1.053,1.059,1.051,1.053,0.0,0.0,273.0,28.721
150214.SZ,20170519,0.341,0.338,0.346,0.334,0.341,0.0,0.0,73515.0,2492.868
150215.SZ,20170519,1.109,1.019,1.111,1.019,1.098,-0.011,-0.9919,5.02,0.557
150216.SZ,20170519,0.947,0.949,0.955,0.939,0.945,-0.002,-0.2112,4578.67,434.631
150217.SZ,20170519,1.012,1.01,1.01,1.009,1.01,-0.002,-0.1976,2001.0,202.1
150218.SZ,20170519,0.471,0.471,0.472,0.459,0.467,-0.004,-0.8493,14167.0,655.153
150220.SZ,20170519,0.832,0.83,0.832,0.826,0.83,-0.002,-0.2404,357.0,29.61
150221.SZ,20170519,1.159,1.157,1.161,1.152,1.157,-0.002,-0.1726,170170.0,19664.78
150222.SZ,20170519,0.38,0.38,0.385,0.376,0.38,0.0,0.0,807683.78,30777.248
150223.SZ,20170519,1.113,1.113,1.115,1.112,1.112,-0.001,-0.0898,35619.7,3964.877
150224.SZ,20170519,0.751,0.751,0.755,0.745,0.746,-0.005,-0.6658,100436.53,7535.947
150225.SZ,20170519,1.032,1.027,1.032,1.027,1.032,0.0,0.0,1295.0,133.641
150226.SZ,20170519,1.03,1.041,1.052,1.041,1.052,0.022,2.1359,23.88,2.487
150227.SZ,20170519,1.014,1.015,1.016,1.014,1.015,0.001,0.0986,513564.0,52117.702
150228.SZ,20170519,0.665,0.664,0.67,0.664,0.667,0.002,0.3008,296572.8,19769.694
150229.SZ,20170519,1.044,1.048,1.051,1.042,1.046,0.002,0.1916,1619.42,169.145
150230.SZ,20170519,0.937,0.861,0.943,0.86,0.943,0.006,0.6403,2201.0,204.175
150231.SZ,20170519,1.038,1.05,1.051,1.05,1.051,0.013,1.2524,158.54,16.649
150232.SZ,20170519,1.042,0.98,1.047,0.98,1.034,-0.008,-0.7678,1.25,0.129
150233.SZ,20170519,1.034,1.034,1.039,1.034,1.039,0.005,0.4836,1076.2,111.328
150234.SZ,20170519,0.36,0.352,0.359,0.352,0.358,-0.002,-0.5556,379.96,13.578
150235.SZ,20170519,1.027,1.024,1.025,1.024,1.025,-0.002,-0.1947,224.0,22.957
150236.SZ,20170519,0.711,0.711,0.724,0.708,0.709,-0.002,-0.2813,10858.06,773.699
150238.SZ,20170519,1.1,1.057,1.057,1.057,1.057,-0.043,-3.9091,2.0,0.211
150241.SZ,20170519,1.012,1.01,1.012,1.01,1.012,0.0,0.0,3001.0,303.101
150242.SZ,20170519,0.786,0.791,0.791,0.783,0.79,0.004,0.5089,3325.0,260.822
150243.SZ,20170519,1.08,1.062,1.081,1.062,1.07,-0.01,-0.9259,12348.0,1319.371
150244.SZ,20170519,0.604,0.604,0.607,0.595,0.603,-0.001,-0.1656,49872.17,2997.543
150245.SZ,20170519,1.096,1.112,1.112,1.112,1.112,0.016,1.4599,49.65,5.521
150246.SZ,20170519,0.857,0.86,0.868,0.806,0.864,0.007,0.8168,322.0,27.626
150247.SZ,20170519,1.064,1.062,1.062,1.054,1.057,-0.007,-0.6579,1430.0,151.276
150248.SZ,20170519,0.908,0.922,0.922,0.883,0.892,-0.016,-1.7621,5806.11,522.742
150249.SZ,20170519,1.01,1.01,1.013,1.01,1.013,0.003,0.297,126.0,12.756
150250.SZ,20170519,0.728,0.728,0.732,0.728,0.732,0.004,0.5495,19.0,1.386
150251.SZ,20170519,1.061,1.062,1.064,1.061,1.064,0.003,0.2828,422.0,44.815
150252.SZ,20170519,0.919,0.931,0.937,0.92,0.932,0.013,1.4146,2527.0,233.551
150255.SZ,20170519,1.036,1.036,1.036,1.033,1.034,-0.002,-0.1931,3089.0,319.638
150256.SZ,20170519,0.64,0.649,0.649,0.649,0.649,0.009,1.4063,1.0,0.064
150258.SZ,20170519,0.983,0.983,0.983,0.983,0.983,0.0,0.0,28.66,2.817
150259.SZ,20170519,1.039,1.035,1.037,1.035,1.037,-0.002,-0.1925,611.0,63.348
150260.SZ,20170519,0.681,0.672,0.676,0.672,0.672,-0.009,-1.3216,991.7,66.838
150261.SZ,20170519,1.091,1.074,1.1,1.074,1.094,0.003,0.275,6123.64,670.595
150262.SZ,20170519,0.72,0.723,0.737,0.718,0.735,0.015,2.0833,8352.56,608.986
150263.SZ,20170519,1.051,1.052,1.052,1.052,1.052,0.001,0.0951,12.33,1.297
150265.SZ,20170519,1.077,1.074,1.075,1.073,1.075,-0.002,-0.1857,3077.0,330.7
150266.SZ,20170519,1.228,1.221,1.243,1.214,1.227,-0.001,-0.0814,4976.94,607.705
150269.SZ,20170519,1.085,1.071,1.085,1.07,1.07,-0.015,-1.3825,13814.51,1485.988
150270.SZ,20170519,1.253,1.25,1.29,1.25,1.29,0.037,2.9529,45317.98,5797.91
150271.SZ,20170519,1.012,1.012,1.012,1.012,1.012,0.0,0.0,157.0,15.888
150272.SZ,20170519,0.94,0.934,0.934,0.929,0.929,-0.011,-1.1702,172.83,16.134
150273.SZ,20170519,1.03,1.034,1.034,1.027,1.027,-0.003,-0.2913,4299.87,442.833
150274.SZ,20170519,0.565,0.557,0.571,0.557,0.564,-0.001,-0.177,9214.03,518.341
150275.SZ,20170519,1.012,1.011,1.013,1.01,1.013,0.001,0.0988,70619.0,7143.77
150276.SZ,20170519,0.517,0.518,0.523,0.51,0.512,-0.005,-0.9671,160808.71,8279.685
150277.SZ,20170519,1.043,1.037,1.041,1.037,1.041,-0.002,-0.1918,125.0,12.988
150278.SZ,20170519,0.48,0.47,0.48,0.466,0.474,-0.006,-1.25,22795.34,1077.276
150280.SZ,20170519,0.653,0.588,0.66,0.588,0.645,-0.008,-1.2251,84.48,5.058
150281.SZ,20170519,1.034,1.032,1.032,1.032,1.032,-0.002,-0.1934,200.0,20.64
150282.SZ,20170519,0.405,0.387,0.402,0.387,0.4,-0.005,-1.2346,338.46,13.298
150283.SZ,20170519,1.036,1.036,1.04,1.031,1.034,-0.002,-0.1931,1188.03,123.299
150284.SZ,20170519,0.698,0.715,0.723,0.699,0.71,0.012,1.7192,1718.85,122.389
150287.SZ,20170519,1.075,1.075,1.078,1.073,1.076,0.001,0.093,21988.61,2360.279
150288.SZ,20170519,0.488,0.491,0.502,0.489,0.5,0.012,2.459,80559.51,3998.056
150289.SZ,20170519,1.039,1.04,1.04,1.037,1.039,0.0,0.0,58663.13,6094.4
150290.SZ,20170519,0.332,0.333,0.343,0.333,0.341,0.009,2.7108,309230.11,10466.687
150291.SZ,20170519,1.041,1.04,1.04,1.038,1.038,-0.003,-0.2882,49248.0,5116.609
150292.SZ,20170519,0.54,0.538,0.546,0.538,0.538,-0.002,-0.3704,13.0,0.7
150293.SZ,20170519,1.068,1.047,1.047,1.047,1.047,-0.021,-1.9663,10.0,1.047
150294.SZ,20170519,1.028,0.977,1.042,0.977,1.042,0.014,1.3619,11.0,1.081
150295.SZ,20170519,1.04,1.035,1.048,1.035,1.048,0.008,0.7692,3864.68,402.736
150296.SZ,20170519,0.805,0.813,0.814,0.801,0.803,-0.002,-0.2484,12781.05,1028.547
150297.SZ,20170519,1.038,1.037,1.04,1.036,1.04,0.002,0.1927,14892.79,1545.938
150298.SZ,20170519,0.409,0.401,0.402,0.4,0.4,-0.009,-2.2005,11638.0,465.627
150299.SZ,20170519,1.04,1.038,1.038,1.037,1.038,-0.002,-0.1923,119415.88,12391.781
150300.SZ,20170519,0.495,0.495,0.499,0.494,0.497,0.002,0.404,12391.48,614.873
150301.SZ,20170519,1.07,1.066,1.066,1.066,1.066,-0.004,-0.3738,419.0,44.665
150302.SZ,20170519,0.891,0.854,0.886,0.854,0.869,-0.022,-2.4691,323.03,28.007
150303.SZ,20170519,1.07,1.068,1.068,1.063,1.068,-0.002,-0.1869,14231.37,1517.129
150304.SZ,20170519,0.96,0.96,0.965,0.941,0.95,-0.01,-1.0417,27342.77,2604.225
150305.SZ,20170519,1.051,1.053,1.054,1.049,1.054,0.003,0.2854,2423.0,254.864
150306.SZ,20170519,0.464,0.464,0.473,0.464,0.465,0.001,0.2155,326.0,15.146
150307.SZ,20170519,1.014,1.012,1.013,1.011,1.012,-0.002,-0.1972,5098.0,515.969
150308.SZ,20170519,0.28,0.28,0.285,0.277,0.282,0.002,0.7143,4501.0,127.041
150309.SZ,20170519,1.032,1.032,1.044,1.028,1.029,-0.003,-0.2907,578.21,59.538
150310.SZ,20170519,0.492,0.46,0.495,0.46,0.494,0.002,0.4065,608.2,29.697
150311.SZ,20170519,1.016,1.016,1.017,1.012,1.012,-0.004,-0.3937,170.0,17.262
150312.SZ,20170519,0.716,0.712,0.777,0.679,0.692,-0.024,-3.352,499.01,35.045
150315.SZ,20170519,1.02,1.014,1.019,1.014,1.016,-0.004,-0.3922,2660.0,270.479
150316.SZ,20170519,0.733,0.726,0.756,0.7,0.743,0.01,1.3643,1663.77,124.038
150318.SZ,20170519,0.819,0.756,0.808,0.756,0.756,-0.063,-7.6923,132.04,9.987
150321.SZ,20170519,1.179,1.18,1.181,1.179,1.179,0.0,0.0,10169.0,1199.07
150322.SZ,20170519,0.853,0.853,0.88,0.853,0.872,0.019,2.2274,11051.67,956.537
150323.SZ,20170519,1.053,1.051,1.051,1.051,1.051,-0.002,-0.1899,100.0,10.51
150324.SZ,20170519,0.41,0.415,0.415,0.389,0.408,-0.002,-0.4878,109.0,4.438
150326.SZ,20170519,0.93,0.91,0.942,0.91,0.942,0.012,1.2903,1333.92,125.018
150327.SZ,20170519,1.158,1.141,1.141,1.141,1.141,-0.017,-1.468,14.0,1.597
150329.SZ,20170519,1.015,1.019,1.019,1.015,1.015,0.0,0.0,163.0,16.593
150330.SZ,20170519,1.002,1.008,1.025,0.994,1.007,0.005,0.499,3611.0,366.682
150331.SZ,20170519,1.062,1.065,1.065,1.061,1.062,0.0,0.0,18175.0,1931.203
150332.SZ,20170519,0.294,0.296,0.299,0.29,0.294,0.0,0.0,84951.01,2496.688
150335.SZ,20170519,1.032,1.032,1.034,1.029,1.031,-0.001,-0.0969,12516.8,1289.757
150336.SZ,20170519,0.331,0.338,0.339,0.33,0.33,-0.001,-0.3021,24808.0,826.928
150343.SZ,20170519,1.058,1.066,1.068,1.052,1.061,0.003,0.2836,1624.0,171.687
150344.SZ,20170519,0.906,0.866,0.933,0.866,0.928,0.022,2.4283,1423.0,125.333
159001.SZ,20170519,100.0,99.994,100.0,99.991,99.998,-0.002,-0.002,6264.13,62638.121
159003.SZ,20170519,100.0,99.991,99.997,99.989,99.995,-0.005,-0.005,67461.16,674557.303
159005.SZ,20170519,100.006,99.999,100.001,99.91,99.999,-0.007,-0.007,240343.56,2403435.422
159901.SZ,20170519,4.063,4.062,4.078,4.045,4.062,-0.001,-0.0246,42624.36,17330.06
159902.SZ,20170519,3.126,3.124,3.136,3.1,3.122,-0.004,-0.128,46222.0,14411.764
159903.SZ,20170519,1.069,1.069,1.072,1.066,1.068,-0.001,-0.0935,2995.0,320.329
159905.SZ,20170519,1.289,1.29,1.298,1.288,1.296,0.007,0.5431,116.0,14.968
159906.SZ,20170519,0.909,0.895,0.917,0.895,0.909,0.0,0.0,185.0,16.63
159907.SZ,20170519,1.38,1.385,1.386,1.373,1.373,-0.007,-0.5072,2164.0,298.593
159910.SZ,20170519,1.427,1.428,1.428,1.427,1.427,0.0,0.0,10.0,1.427
159911.SZ,20170519,4.022,3.942,3.942,3.942,3.942,-0.08,-1.9891,6.0,2.365
159912.SZ,20170519,1.243,1.243,1.248,1.231,1.245,0.002,0.1609,69.0,8.585
159915.SZ,20170519,1.738,1.737,1.739,1.719,1.725,-0.013,-0.748,982465.33,169697.665
159916.SZ,20170519,2.89,2.883,2.914,2.878,2.914,0.024,0.8304,5.0,1.45
159918.SZ,20170519,1.898,1.893,1.893,1.826,1.844,-0.054,-2.8451,8323.0,1542.799
159919.SZ,20170519,3.66,3.671,3.671,3.656,3.667,0.007,0.1913,28418.43,10414.383
159920.SZ,20170519,1.377,1.381,1.394,1.381,1.389,0.012,0.8715,50104.0,6948.872
159921.SZ,20170519,1.513,1.479,1.517,1.478,1.517,0.004,0.2644,242.0,35.808
159922.SZ,20170519,6.106,6.106,6.299,6.092,6.198,0.092,1.5067,401.0,244.582
159923.SZ,20170519,1.32,1.32,1.32,1.307,1.319,-0.001,-0.0758,115.0,15.116
159924.SZ,20170519,1.362,1.353,1.368,1.338,1.36,-0.002,-0.1468,1455.0,195.774
159925.SZ,20170519,1.392,1.39,1.395,1.39,1.394,0.002,0.1437,1483.1,206.322
159926.SZ,20170519,107.88,107.81,108.899,105.201,107.099,-0.781,-0.724,60.0,642.872
159927.SZ,20170519,3.343,3.368,3.368,3.342,3.348,0.005,0.1496,60.0,20.187
159928.SZ,20170519,1.618,1.628,1.632,1.62,1.632,0.014,0.8653,1478.02,240.259
159929.SZ,20170519,1.429,1.43,1.433,1.429,1.432,0.003,0.2099,689.0,98.578
159930.SZ,20170519,0.774,0.774,0.777,0.763,0.776,0.002,0.2584,63.36,4.903
159931.SZ,20170519,1.425,1.414,1.421,1.414,1.421,-0.004,-0.2807,7.01,0.991
159932.SZ,20170519,1.703,1.694,1.694,1.694,1.694,-0.009,-0.5285,10.0,1.694
159934.SZ,20170519,2.783,2.774,2.777,2.772,2.775,-0.008,-0.2875,106530.0,29548.788
159935.SZ,20170519,1.554,1.539,1.549,1.539,1.541,-0.013,-0.8366,3.0,0.462
159936.SZ,20170519,1.51,1.5,1.513,1.5,1.512,0.002,0.1325,72.0,10.886
159937.SZ,20170519,2.803,2.792,2.796,2.792,2.795,-0.008,-0.2854,181843.0,50806.675
159938.SZ,20170519,1.27,1.27,1.272,1.264,1.269,-0.001,-0.0787,7535.0,954.837
159939.SZ,20170519,1.055,1.055,1.06,1.045,1.055,0.0,0.0,3047.0,320.447
159940.SZ,20170519,0.798,0.797,0.798,0.797,0.797,-0.001,-0.1253,316.08,25.192
159941.SZ,20170519,1.286,1.307,1.307,1.286,1.287,0.001,0.0778,1392.0,179.483
159942.SZ,20170519,1.746,1.764,1.764,1.735,1.735,-0.011,-0.63,123.0,21.343
159943.SZ,20170519,10.392,10.303,10.414,10.303,10.325,-0.067,-0.6447,193.61,199.815
159944.SZ,20170519,0.835,0.823,0.824,0.823,0.824,-0.011,-1.3174,53.0,4.366
159945.SZ,20170519,0.691,0.696,0.697,0.691,0.696,0.005,0.7236,40588.0,2821.286
159948.SZ,20170519,1.88,1.88,1.882,1.862,1.868,-0.012,-0.6383,2865.0,537.858
159949.SZ,20170519,0.73,0.73,0.731,0.722,0.724,-0.006,-0.8219,30283.17,2202.642
159950.SZ,20170519,1.008,1.01,1.01,1.004,1.009,0.001,0.0992,34407.55,3471.355
159952.SZ,20170519,1.008,1.002,1.007,0.995,0.999,-0.009,-0.8929,1478754.96,148376.227
160105.SZ,20170519,0.996,0.988,0.994,0.982,0.991,-0.005,-0.502,136.88,13.56
160106.SZ,20170519,1.241,1.241,1.241,1.237,1.237,-0.004,-0.3223,823.0,101.987
160119.SZ,20170519,1.47,1.482,1.482,1.464,1.47,0.0,0.0,1096.74,161.447
160125.SZ,20170519,0.856,0.854,0.861,0.854,0.861,0.005,0.5841,2909.04,249.471
160128.SZ,20170519,0.96,0.962,0.966,0.962,0.966,0.006,0.625,13.0,1.251
160133.SZ,20170519,1.902,1.89,1.9,1.89,1.89,-0.012,-0.6309,1895.59,358.48
160138.SZ,20170519,0.995,0.995,0.996,0.995,0.995,0.0,0.0,1124.0,111.892
160211.SZ,20170519,3.193,3.185,3.187,3.153,3.154,-0.039,-1.2214,3106.0,983.086
160212.SZ,20170519,2.611,2.611,2.617,2.589,2.591,-0.02,-0.766,18149.1,4716.332
160215.SZ,20170519,1.558,1.551,1.551,1.537,1.55,-0.008,-0.5135,141.0,21.725
160216.SZ,20170519,0.406,0.408,0.413,0.408,0.412,0.006,1.4778,229533.07,9425.237
160220.SZ,20170519,1.27,1.271,1.271,1.271,1.271,0.001,0.0787,4581.75,582.34
160223.SZ,20170519,0.853,0.853,0.867,0.853,0.859,0.006,0.7034,2663.35,227.702
160225.SZ,20170519,0.931,0.926,0.931,0.92,0.931,0.0,0.0,257.64,23.883
160311.SZ,20170519,1.351,1.351,1.354,1.347,1.352,0.001,0.074,409.58,55.363
160314.SZ,20170519,1.04,1.04,1.05,1.033,1.046,0.006,0.5769,2122.26,220.913
160415.SZ,20170519,1.197,1.196,1.196,1.19,1.19,-0.007,-0.5848,791.0,94.214
160416.SZ,20170519,0.946,0.946,0.95,0.946,0.947,0.001,0.1057,5535.0,524.474
160421.SZ,20170519,0.817,0.816,0.819,0.815,0.817,0.0,0.0,8831.87,721.343
160505.SZ,20170519,1.675,1.672,1.682,1.671,1.679,0.004,0.2388,9411.9,1579.346
160512.SZ,20170519,2.257,2.254,2.262,2.243,2.253,-0.004,-0.1772,713.28,160.077
160513.SZ,20170519,1.402,1.401,1.401,1.401,1.401,-0.001,-0.0713,10.0,1.401
160515.SZ,20170519,0.973,0.975,0.975,0.971,0.973,0.0,0.0,4561.0,443.549
160518.SZ,20170519,0.902,0.9,0.904,0.895,0.902,0.0,0.0,19343.23,1743.55
160519.SZ,20170519,0.899,0.903,0.904,0.889,0.89,-0.009,-1.0011,3862.12,345.25
160520.SZ,20170519,0.948,0.948,0.948,0.948,0.948,0.0,0.0,1.0,0.094
160607.SZ,20170519,0.715,0.709,0.716,0.709,0.714,-0.001,-0.1399,478.73,33.961
160610.SZ,20170519,1.052,1.058,1.058,1.045,1.054,0.002,0.1901,67.0,7.048
160611.SZ,20170519,0.822,0.812,0.823,0.812,0.823,0.001,0.1217,24.26,1.996
160613.SZ,20170519,1.329,1.314,1.329,1.31,1.329,0.0,0.0,36.0,4.731
160616.SZ,20170519,1.259,1.265,1.265,1.265,1.265,0.006,0.4766,10.0,1.265
160706.SZ,20170519,0.964,0.964,0.966,0.963,0.966,0.002,0.2075,25639.74,2472.751
160716.SZ,20170519,1.286,1.285,1.295,1.269,1.292,0.006,0.4666,1821.81,233.689
160717.SZ,20170519,0.762,0.764,0.764,0.76,0.763,0.001,0.1312,5163.02,393.768
160719.SZ,20170519,0.72,0.717,0.719,0.715,0.717,-0.003,-0.4167,9857.0,707.108
160720.SZ,20170519,1.096,1.093,1.093,1.093,1.093,-0.003,-0.2737,8.0,0.874
160722.SZ,20170519,0.944,0.944,0.944,0.941,0.944,0.0,0.0,4373.81,411.909
160723.SZ,20170519,0.992,0.994,1.002,0.994,1.002,0.01,1.0081,38730.66,3868.884
160805.SZ,20170519,0.802,0.798,0.798,0.798,0.798,-0.004,-0.4988,9.1,0.726
160806.SZ,20170519,1.237,1.234,1.234,1.234,1.234,-0.003,-0.2425,6.85,0.845
160812.SZ,20170519,1.402,1.403,1.41,1.401,1.403,0.001,0.0713,2963.12,416.547
160813.SZ,20170519,0.765,0.768,0.768,0.767,0.767,0.002,0.2614,19.0,1.459
160910.SZ,20170519,1.002,0.997,0.997,0.992,0.997,-0.005,-0.499,76.0,7.565
160915.SZ,20170519,1.101,1.165,1.165,1.164,1.164,0.063,5.7221,50.0,5.824
160916.SZ,20170519,2.359,2.357,2.36,2.354,2.36,0.001,0.0424,1162.82,274.154
160918.SZ,20170519,1.77,1.76,1.76,1.752,1.76,-0.01,-0.565,763.0,134.028
160919.SZ,20170519,1.161,1.15,1.15,1.142,1.146,-0.015,-1.292,105.0,12.018
160921.SZ,20170519,0.92,0.91,0.91,0.91,0.91,-0.01,-1.087,10.0,0.91
160922.SZ,20170519,1.029,1.022,1.033,1.02,1.027,-0.002,-0.1944,4037.0,412.623
161005.SZ,20170519,1.764,1.758,1.764,1.754,1.764,0.0,0.0,1282.79,225.598
161010.SZ,20170519,1.033,1.034,1.037,1.034,1.037,0.004,0.3872,7838.0,811.955
161017.SZ,20170519,2.036,2.027,2.028,2.027,2.028,-0.008,-0.3929,26.0,5.272
161019.SZ,20170519,0.96,0.962,0.962,0.96,0.96,0.0,0.0,1311.0,126.023
161033.SZ,20170519,0.99,0.968,0.973,0.968,0.971,-0.019,-1.9192,143.0,13.881
161035.SZ,20170519,0.904,0.903,0.903,0.901,0.901,-0.003,-0.3319,77.04,6.945
161036.SZ,20170519,0.947,0.947,0.947,0.946,0.946,-0.001,-0.1056,743.08,70.357
161037.SZ,20170519,0.998,0.999,1.097,0.998,1.0,0.002,0.2004,2473.32,246.967
161115.SZ,20170519,1.746,1.744,1.744,1.744,1.744,-0.002,-0.1145,139.0,24.241
161116.SZ,20170519,0.735,0.732,0.736,0.73,0.735,0.0,0.0,18012.51,1318.101
161117.SZ,20170519,1.001,1.013,1.013,1.013,1.013,0.012,1.1988,13.0,1.316
161124.SZ,20170519,1.027,1.025,1.031,1.025,1.028,0.001,0.0974,2465.0,253.117
161125.SZ,20170519,1.024,1.025,1.027,1.025,1.025,0.001,0.0977,4374.0,448.557
161126.SZ,20170519,1.072,1.075,1.097,1.075,1.084,0.012,1.1194,6619.09,722.692
161127.SZ,20170519,1.073,1.087,1.087,1.08,1.086,0.013,1.2116,1408.95,152.718
161128.SZ,20170519,1.094,1.125,1.125,1.095,1.104,0.01,0.9141,204.0,22.451
161129.SZ,20170519,0.925,0.922,0.935,0.922,0.932,0.007,0.7568,1748.0,162.602
161210.SZ,20170519,0.967,0.964,0.978,0.964,0.974,0.007,0.7239,320.0,31.202
161216.SZ,20170519,1.02,1.022,1.022,1.022,1.022,0.002,0.1961,323.0,33.01
161217.SZ,20170519,0.63,0.632,0.642,0.632,0.64,0.01,1.5873,125.0,7.922
161219.SZ,20170519,1.303,1.303,1.303,1.293,1.302,-0.001,-0.0767,17.0,2.209
161222.SZ,20170519,1.055,1.052,1.052,1.052,1.052,-0.003,-0.2844,1486.15,156.342
161224.SZ,20170519,1.054,1.057,1.057,1.048,1.05,-0.004,-0.3795,78.0,8.192
161225.SZ,20170519,1.084,1.087,1.095,1.086,1.087,0.003,0.2768,2148.61,233.493
161226.SZ,20170519,0.937,0.933,0.936,0.932,0.935,-0.002,-0.2134,40930.13,3822.832
161227.SZ,20170519,0.883,0.883,0.884,0.878,0.883,0.0,0.0,3987.48,351.785
161229.SZ,20170519,1.309,1.301,1.308,1.301,1.306,-0.003,-0.2292,348.0,45.341
1612301.SZ,20170519,0.974,0.977,0.983,0.977,0.983,0.009,0.924,2.0,0.196
161232.SZ,20170519,0.811,0.807,0.811,0.806,0.807,-0.004,-0.4932,48923.94,3955.739
161607.SZ,20170519,1.028,1.044,1.044,1.044,1.044,0.016,1.5564,9.0,0.939
161610.SZ,20170519,0.857,0.857,0.862,0.857,0.862,0.005,0.5834,530.89,45.603
161631.SZ,20170519,0.992,0.992,0.994,0.984,0.991,-0.001,-0.1008,1198.1,118.533
161706.SZ,20170519,1.345,1.341,1.347,1.332,1.346,0.001,0.0743,2946.0,395.013
161713.SZ,20170519,0.993,0.992,0.992,0.992,0.992,-0.001,-0.1007,400.0,39.68
161714.SZ,20170519,0.903,0.893,0.902,0.883,0.891,-0.012,-1.3289,3899.75,349.477
161810.SZ,20170519,1.548,1.536,1.536,1.533,1.533,-0.015,-0.969,11.51,1.764
161813.SZ,20170519,1.256,1.26,1.26,1.26,1.26,0.004,0.3185,11.0,1.386
161815.SZ,20170519,0.454,0.455,0.455,0.452,0.455,0.001,0.2203,1746.0,79.432
161820.SZ,20170519,1.048,1.047,1.048,1.047,1.048,0.0,0.0,2474.0,259.154
161831.SZ,20170519,0.942,0.94,0.944,0.931,0.938,-0.004,-0.4246,23834.74,2234.482
161834.SZ,20170519,0.86,0.857,0.861,0.857,0.858,-0.002,-0.2326,3440.31,294.95
161903.SZ,20170519,0.846,0.839,0.839,0.839,0.839,-0.007,-0.8274,1.0,0.083
161911.SZ,20170519,0.953,0.955,0.955,0.952,0.953,0.0,0.0,902.0,85.962
162215.SZ,20170519,1.001,1.002,1.003,1.002,1.002,0.001,0.0999,138467.59,13874.459
162307.SZ,20170519,1.045,1.047,1.066,1.046,1.047,0.002,0.1914,130.0,13.704
162411.SZ,20170519,0.594,0.596,0.598,0.594,0.597,0.003,0.5051,340518.51,20301.714
162414.SZ,20170519,1.089,1.09,1.099,1.09,1.099,0.01,0.9183,146.0,15.987
162415.SZ,20170519,1.176,1.18,1.196,1.18,1.184,0.008,0.6803,447.0,52.998
162510.SZ,20170519,1.018,1.017,1.035,1.009,1.019,0.001,0.0982,975.0,100.49
162605.SZ,20170519,1.002,0.996,1.01,0.996,1.01,0.008,0.7984,214.0,21.345
162607.SZ,20170519,0.475,0.478,0.479,0.473,0.478,0.003,0.6316,1090.52,52.014
162703.SZ,20170519,1.203,1.201,1.203,1.189,1.199,-0.004,-0.3325,677.0,81.155
162711.SZ,20170519,1.277,1.277,1.277,1.274,1.274,-0.003,-0.2349,51.2,6.527
162712.SZ,20170519,1.39,1.39,1.39,1.39,1.39,0.0,0.0,54.0,7.506
162715.SZ,20170519,1.084,1.083,1.087,1.079,1.083,-0.001,-0.0923,976.0,105.7
162717.SZ,20170519,0.915,0.91,0.91,0.908,0.909,-0.006,-0.6557,988.86,89.848
162718.SZ,20170519,0.897,0.882,0.905,0.88,0.898,0.001,0.1115,5591.52,493.664
162719.SZ,20170519,0.957,0.957,0.959,0.955,0.956,-0.001,-0.1045,1144.98,109.492
163001.SZ,20170519,0.907,0.919,0.919,0.919,0.919,0.012,1.323,4.0,0.367
163003.SZ,20170519,0.808,0.808,0.808,0.808,0.808,0.0,0.0,3.0,0.242
163110.SZ,20170519,2.499,2.505,2.51,2.495,2.507,0.008,0.3201,9094.59,2276.859
163119.SZ,20170519,0.865,0.863,0.863,0.862,0.862,-0.003,-0.3468,133.0,11.465
163208.SZ,20170519,0.872,0.882,0.885,0.881,0.881,0.009,1.0321,168.0,14.829
163210.SZ,20170519,1.004,1.004,1.004,1.002,1.004,0.0,0.0,2006.0,201.257
163402.SZ,20170519,0.989,0.986,0.992,0.986,0.99,0.001,0.1011,10070.34,996.641
163407.SZ,20170519,1.473,1.471,1.496,1.471,1.495,0.022,1.4936,37.0,5.524
163412.SZ,20170519,2.435,2.436,2.436,2.422,2.428,-0.007,-0.2875,2030.0,493.051
163415.SZ,20170519,1.306,1.302,1.302,1.295,1.295,-0.011,-0.8423,693.88,89.957
163503.SZ,20170519,0.435,0.436,0.438,0.435,0.437,0.002,0.4598,6309.0,275.383
163801.SZ,20170519,1.141,1.141,1.147,1.139,1.144,0.003,0.2629,504.02,57.463
163819.SZ,20170519,1.071,1.072,1.072,1.071,1.071,0.0,0.0,400.0,42.856
163821.SZ,20170519,1.398,1.389,1.389,1.389,1.389,-0.009,-0.6438,2.0,0.277
163824.SZ,20170519,1.021,1.017,1.017,1.017,1.017,-0.004,-0.3918,1.0,0.101
164208.SZ,20170519,1.123,1.12,1.12,1.12,1.12,-0.003,-0.2671,3814.69,427.245
164210.SZ,20170519,0.983,0.982,0.982,0.982,0.982,-0.001,-0.1017,68.0,6.677
164302.SZ,20170519,1.005,1.005,1.005,1.005,1.005,0.0,0.0,75.45,7.582
164509.SZ,20170519,0.998,0.998,0.998,0.998,0.998,0.0,0.0,5.0,0.499
164701.SZ,20170519,0.619,0.618,0.619,0.615,0.618,-0.001,-0.1616,18287.0,1126.803
164702.SZ,20170519,0.964,0.964,0.966,0.963,0.966,0.002,0.2075,245.0,23.634
164703.SZ,20170519,1.007,1.007,1.011,1.007,1.007,0.0,0.0,34.0,3.425
164705.SZ,20170519,1.09,1.094,1.096,1.093,1.096,0.006,0.5505,126.82,13.894
164808.SZ,20170519,0.976,0.974,0.974,0.974,0.974,-0.002,-0.2049,137.0,13.343
164810.SZ,20170519,0.961,0.956,0.956,0.954,0.954,-0.007,-0.7284,5316.2,507.745
164815.SZ,20170519,0.788,0.793,0.798,0.79,0.795,0.007,0.8883,2222.0,176.319
164902.SZ,20170519,1.348,1.348,1.348,1.348,1.348,0.0,0.0,1.0,0.134
164906.SZ,20170519,1.25,1.259,1.259,1.25,1.254,0.004,0.32,10678.44,1337.523
165313.SZ,20170519,1.408,1.403,1.405,1.399,1.405,-0.003,-0.2131,2944.0,412.847
165510.SZ,20170519,0.757,0.75,0.755,0.748,0.753,-0.004,-0.5284,1020.0,76.597
165512.SZ,20170519,2.186,2.178,2.185,2.178,2.185,-0.001,-0.0457,109.0,23.756
165513.SZ,20170519,0.441,0.441,0.45,0.441,0.447,0.006,1.3605,5334.0,237.714
165516.SZ,20170519,2.361,2.327,2.327,2.251,2.251,-0.11,-4.659,560.0,126.116
165517.SZ,20170519,0.749,0.748,0.748,0.748,0.748,-0.001,-0.1335,2.0,0.149
165525.SZ,20170519,1.172,1.172,1.174,1.162,1.163,-0.009,-0.7679,3115.76,363.417
165528.SZ,20170519,0.945,0.943,0.954,0.943,0.944,-0.001,-0.1058,5339.22,503.86
165807.SZ,20170519,1.029,1.029,1.03,1.029,1.03,0.001,0.0972,230.0,23.687
166001.SZ,20170519,1.061,1.067,1.067,1.067,1.067,0.006,0.5655,1.0,0.106
166006.SZ,20170519,1.08,1.08,1.08,1.08,1.08,0.0,0.0,2.0,0.216
166007.SZ,20170519,1.208,1.198,1.198,1.198,1.198,-0.01,-0.8278,5.0,0.599
166011.SZ,20170519,1.183,1.174,1.179,1.173,1.179,-0.004,-0.3381,219.0,25.747
166012.SZ,20170519,1.034,1.049,1.049,1.049,1.049,0.015,1.4507,68.0,7.133
166016.SZ,20170519,1.282,1.283,1.283,1.282,1.282,0.0,0.0,177.0,22.699
167001.SZ,20170519,0.814,0.818,0.821,0.816,0.819,0.005,0.6143,20037.39,1639.286
167501.SZ,20170519,1.075,1.076,1.076,1.076,1.076,0.001,0.093,2.0,0.215
168101.SZ,20170519,0.974,0.974,0.977,0.971,0.975,0.001,0.1027,2069.21,201.442
168102.SZ,20170519,0.813,0.813,0.813,0.806,0.813,0.0,0.0,3859.23,312.129
168103.SZ,20170519,0.773,0.773,0.776,0.773,0.775,0.002,0.2587,62436.3,4834.679
168104.SZ,20170519,0.925,0.936,0.939,0.936,0.936,0.011,1.1892,65.0,6.086
168105.SZ,20170519,0.789,0.794,0.794,0.788,0.789,0.0,0.0,3793.35,299.6
168301.SZ,20170519,0.893,0.893,0.894,0.891,0.891,-0.002,-0.224,6532.43,583.307
169101.SZ,20170519,1.409,1.409,1.45,1.4,1.424,0.015,1.0646,5916.0,838.925
169102.SZ,20170519,1.3,1.305,1.314,1.305,1.314,0.014,1.0769,2321.0,303.95
169103.SZ,20170519,1.198,1.199,1.204,1.197,1.199,0.001,0.0835,261.14,31.313
169104.SZ,20170519,1.15,1.138,1.157,1.138,1.156,0.006,0.5217,209.0,24.134
169105.SZ,20170519,1.201,1.2,1.223,1.2,1.219,0.018,1.4988,115422.0,13985.25
169201.SZ,20170519,0.889,0.88,0.889,0.88,0.889,0.0,0.0,622.01,54.757
184722.SZ,20170519,0.943,0.94,0.945,0.94,0.944,0.001,0.106,89748.0,8466.385
184801.SZ,20170519,99.9,99.999,99.999,99.51,99.564,-0.336,-0.3363,50.0,497.797
500058.SH,20170519,0.953,0.953,0.959,0.953,0.955,0.002,0.2099,276260.0,26406.241
501000.SH,20170519,1.027,1.013,1.013,1.013,1.013,-0.014,-1.3632,1.0,0.101
501001.SH,20170519,1.018,1.02,1.02,1.016,1.016,-0.002,-0.1965,577.55,58.87
501002.SH,20170519,0.95,0.936,0.936,0.936,0.936,-0.014,-1.4737,4.0,0.374
501003.SH,20170519,0.995,0.994,0.996,0.992,0.996,0.001,0.1005,9473.5,942.163
501005.SH,20170519,0.934,0.937,0.939,0.928,0.928,-0.006,-0.6424,605.47,56.55
501007.SH,20170519,0.947,0.908,0.926,0.908,0.908,-0.039,-4.1183,393.82,35.79
501008.SH,20170519,0.921,0.9,0.92,0.9,0.92,-0.001,-0.1086,120.0,10.804
501009.SH,20170519,1.006,1.006,1.006,1.005,1.006,0.0,0.0,111.0,11.161
501010.SH,20170519,1.029,1.009,1.009,1.002,1.009,-0.02,-1.9436,733.0,73.449
501011.SH,20170519,1.046,1.037,1.037,1.028,1.028,-0.018,-1.7208,7.8,0.805
501012.SH,20170519,1.027,1.027,1.027,1.027,1.027,0.0,0.0,84.0,8.627
501015.SH,20170519,0.925,0.922,0.926,0.922,0.925,0.0,0.0,22234.26,2055.419
501016.SH,20170519,1.0,0.994,0.995,0.993,0.994,-0.006,-0.6,441904.54,43921.586
501017.SH,20170519,0.893,0.896,0.896,0.887,0.892,-0.001,-0.112,11867.72,1057.316
501018.SH,20170519,0.922,0.923,0.934,0.923,0.932,0.01,1.0846,93812.84,8732.15
501019.SH,20170519,0.848,0.845,0.847,0.838,0.839,-0.009,-1.0613,16204.38,1361.002
501020.SH,20170519,0.971,0.972,0.978,0.972,0.978,0.007,0.7209,7161.32,697.904
501021.SH,20170519,1.164,1.168,1.179,1.166,1.178,0.014,1.2027,28737.68,3370.038
501022.SH,20170519,0.933,0.931,0.931,0.924,0.93,-0.003,-0.3215,880.19,81.423
501023.SH,20170519,1.046,1.048,1.056,1.048,1.055,0.009,0.8604,29258.01,3083.829
501025.SH,20170519,1.059,1.062,1.065,1.062,1.065,0.006,0.5666,1451.0,154.202
501026.SH,20170519,0.88,0.87,0.88,0.87,0.879,-0.001,-0.1136,7078.51,621.806
501028.SH,20170519,0.896,0.896,0.896,0.892,0.894,-0.002,-0.2232,5696.89,508.88
501029.SH,20170519,0.997,1.0,1.003,0.998,1.002,0.005,0.5015,54837.6,5488.489
501030.SH,20170519,1.02,1.058,1.058,1.01,1.016,-0.004,-0.3922,509.34,51.991
501031.SH,20170519,1.025,1.019,1.031,1.008,1.026,0.001,0.0976,245.0,24.98
501032.SH,20170519,0.929,0.9,0.92,0.9,0.92,-0.009,-0.9688,124.53,11.239
501050.SH,20170519,1.023,1.023,1.026,1.022,1.025,0.002,0.1955,10715.45,1097.748
501300.SH,20170519,1.007,1.008,1.008,1.006,1.008,0.001,0.0993,1845.0,185.763
501301.SH,20170519,1.001,0.997,1.004,0.997,1.003,0.002,0.1998,25232.35,2526.124
502003.SH,20170519,0.959,0.956,0.959,0.953,0.954,-0.005,-0.5214,3769.0,359.735
502004.SH,20170519,1.036,1.032,1.04,1.032,1.035,-0.001,-0.0965,10012.0,1035.809
502005.SH,20170519,0.885,0.874,0.899,0.872,0.884,-0.001,-0.113,4854.45,426.343
502006.SH,20170519,0.983,0.981,0.987,0.981,0.987,0.004,0.4069,718.62,70.683
502007.SH,20170519,1.118,1.116,1.126,1.116,1.124,0.006,0.5367,398.0,44.551
502008.SH,20170519,0.853,0.843,0.855,0.843,0.853,0.0,0.0,806.38,68.348
502010.SH,20170519,1.082,1.071,1.071,1.07,1.07,-0.012,-1.1091,4.04,0.432
502011.SH,20170519,1.033,1.035,1.035,1.032,1.035,0.002,0.1936,116.0,12.006
502012.SH,20170519,1.117,1.09,1.118,1.09,1.101,-0.016,-1.4324,4086.4,450.832
502013.SH,20170519,0.802,0.802,0.805,0.797,0.8,-0.002,-0.2494,55020.94,4400.472
502014.SH,20170519,1.031,1.031,1.032,1.029,1.032,0.001,0.097,64316.15,6628.63
502015.SH,20170519,0.571,0.572,0.579,0.563,0.569,-0.002,-0.3503,51285.45,2918.289
502016.SH,20170519,1.029,1.024,1.024,1.024,1.024,-0.005,-0.4859,10.0,1.024
502017.SH,20170519,1.014,1.012,1.015,1.012,1.012,-0.002,-0.1972,864.04,87.522
502018.SH,20170519,1.023,1.094,1.094,1.086,1.086,0.063,6.1584,676.0,73.774
502022.SH,20170519,1.359,1.226,1.226,1.226,1.226,-0.133,-9.7866,1.0,0.123
502023.SH,20170519,0.896,0.896,0.896,0.89,0.89,-0.006,-0.6696,6.0,0.535
502025.SH,20170519,0.732,0.708,0.785,0.708,0.726,-0.006,-0.8197,13.0,0.932
502026.SH,20170519,0.779,0.779,0.785,0.776,0.783,0.004,0.5135,1542.0,120.13
502028.SH,20170519,0.575,0.547,0.575,0.547,0.548,-0.027,-4.6957,938.0,51.375
502031.SH,20170519,1.05,1.044,1.049,1.044,1.049,-0.001,-0.0952,4.0,0.418
502032.SH,20170519,0.955,0.945,0.945,0.945,0.945,-0.01,-1.0471,1.0,0.095
502038.SH,20170519,0.835,0.786,0.786,0.786,0.786,-0.049,-5.8683,77.0,6.052
502042.SH,20170519,0.843,0.843,0.843,0.84,0.84,-0.003,-0.3559,816.0,68.789
502048.SH,20170519,1.145,1.146,1.15,1.146,1.15,0.005,0.4367,1845.92,211.807
502049.SH,20170519,1.069,1.066,1.074,1.066,1.074,0.005,0.4677,823.04,88.157
502050.SH,20170519,1.226,1.228,1.232,1.225,1.228,0.002,0.1631,2625.04,322.447
502055.SH,20170519,0.737,0.746,0.746,0.73,0.738,0.001,0.1357,1713.0,125.913
502056.SH,20170519,0.982,0.975,0.984,0.975,0.984,0.002,0.2037,47.01,4.588
502057.SH,20170519,1.04,1.042,1.056,1.042,1.056,0.016,1.5385,385.0,40.652
502058.SH,20170519,0.926,0.905,0.951,0.905,0.951,0.025,2.6998,5.0,0.462
505888.SH,20170519,1.168,1.165,1.172,1.165,1.168,0.0,0.0,350285.0,40920.618
510010.SH,20170519,0.991,0.99,0.99,0.98,0.989,-0.002,-0.2018,78.15,7.699
510020.SH,20170519,2.388,2.378,2.38,2.35,2.38,-0.008,-0.335,78.0,18.455
510030.SH,20170519,4.158,4.082,4.082,4.082,4.082,-0.076,-1.8278,50.0,20.41
510050.SH,20170519,2.35,2.349,2.357,2.347,2.355,0.005,0.2128,1394331.23,328209.327
510060.SH,20170519,1.608,1.609,1.609,1.607,1.609,0.001,0.0622,625.0,100.515
510090.SH,20170519,1.306,1.305,1.338,1.305,1.338,0.032,2.4502,12.0,1.569
510110.SH,20170519,2.964,2.96,2.963,2.955,2.955,-0.009,-0.3036,4.0,1.184
510120.SH,20170519,2.674,2.67,2.67,2.67,2.67,-0.004,-0.1496,1.0,0.267
510130.SH,20170519,3.585,3.585,3.585,3.557,3.564,-0.021,-0.5858,479.94,171.035
510150.SH,20170519,4.04,4.04,4.122,4.038,4.122,0.082,2.0297,112.0,45.581
510160.SH,20170519,0.55,0.548,0.551,0.548,0.549,-0.001,-0.1818,3037.0,166.792
510170.SH,20170519,1.655,1.64,1.655,1.64,1.655,0.0,0.0,6.0,0.992
510180.SH,20170519,3.007,3.006,3.012,3.001,3.007,0.0,0.0,43868.79,13193.238
510190.SH,20170519,3.246,3.217,3.217,3.217,3.217,-0.029,-0.8934,3.0,0.965
510210.SH,20170519,3.617,3.617,3.617,3.551,3.617,0.0,0.0,12.0,4.307
510230.SH,20170519,5.205,5.205,5.221,5.205,5.211,0.006,0.1153,2488.0,1297.511
510260.SH,20170519,1.058,1.055,1.055,1.05,1.055,-0.003,-0.2836,589.0,62.082
510280.SH,20170519,1.425,1.43,1.43,1.36,1.43,0.005,0.3509,127.0,17.811
510290.SH,20170519,1.503,1.5,1.503,1.498,1.501,-0.002,-0.1331,422.0,63.327
510300.SH,20170519,3.396,3.395,3.407,3.395,3.402,0.006,0.1767,715944.55,243482.042
510310.SH,20170519,1.421,1.421,1.425,1.42,1.424,0.003,0.2111,2510.59,357.22
510330.SH,20170519,3.63,3.639,3.639,3.624,3.631,0.001,0.0275,6427.0,2332.119
510360.SH,20170519,1.052,1.054,1.056,1.053,1.055,0.003,0.2852,2834.0,298.504
510410.SH,20170519,0.64,0.637,0.645,0.636,0.644,0.004,0.625,3584.04,228.824
510420.SH,20170519,1.388,1.396,1.396,1.383,1.395,0.007,0.5043,11.2,1.558
510430.SH,20170519,1.334,1.33,1.34,1.329,1.329,-0.005,-0.3748,31.0,4.126
510500.SH,20170519,6.255,6.255,6.276,6.226,6.253,-0.002,-0.032,136616.0,85431.903
510510.SH,20170519,1.65,1.652,1.659,1.644,1.652,0.002,0.1212,29472.0,4868.149
510520.SH,20170519,1.687,1.685,1.685,1.685,1.685,-0.002,-0.1186,1.0,0.169
510560.SH,20170519,1.236,1.231,1.231,1.231,1.231,-0.005,-0.4045,4.63,0.57
510580.SH,20170519,5.801,5.8,5.83,5.79,5.83,0.029,0.4999,4.0,2.321
510630.SH,20170519,1.703,1.708,1.73,1.708,1.725,0.022,1.2918,1217.0,208.885
510650.SH,20170519,1.474,1.473,1.478,1.472,1.478,0.004,0.2714,248.0,36.625
510660.SH,20170519,1.625,1.626,1.629,1.615,1.619,-0.006,-0.3692,1835.0,297.296
510680.SH,20170519,1.892,1.922,1.922,1.811,1.88,-0.012,-0.6342,50.0,9.226
510710.SH,20170519,2.368,2.373,2.376,2.372,2.376,0.008,0.3378,2241.0,532.073
510810.SH,20170519,0.95,0.95,0.956,0.95,0.955,0.005,0.5263,20593.97,1964.372
510880.SH,20170519,2.707,2.707,2.714,2.7,2.712,0.005,0.1847,62634.87,16958.137
510900.SH,20170519,1.124,1.126,1.128,1.121,1.122,-0.002,-0.1779,7877850.68,885719.613
511010.SH,20170519,108.989,108.98,108.991,108.5,108.638,-0.351,-0.3221,76591.0,833481.997
511210.SH,20170519,111.01,108.01,108.01,108.01,108.01,-3.0,-2.7025,1.0,10.801
511220.SH,20170519,92.45,92.429,92.43,92.405,92.43,-0.02,-0.0216,837.12,7737.022
511230.SH,20170519,99.0,99.0,99.0,99.0,99.0,0.0,0.0,0.7,6.93
511600.SH,20170519,99.998,100.002,100.006,100.002,100.005,0.007,0.007,3692.32,36924.784
511650.SH,20170519,100.001,100.004,100.007,100.0,100.003,0.002,0.002,6587.45,65877.275
511660.SH,20170519,100.005,100.007,100.013,100.0,100.012,0.007,0.007,187467.92,1874808.469
511680.SH,20170519,99.995,100.005,100.005,100.001,100.001,0.006,0.006,2879.07,28791.57
511690.SH,20170519,99.997,99.999,100.007,99.999,100.003,0.006,0.006,178535.71,1785409.176
511700.SH,20170519,99.999,99.997,100.005,99.997,100.001,0.002,0.002,278.11,2781.121
511760.SH,20170519,102.478,99.7,99.7,99.7,99.7,-2.778,-2.7108,1.0,9.97
511770.SH,20170519,99.997,100.0,100.005,99.995,100.005,0.008,0.008,3710.94,37109.243
511800.SH,20170519,99.999,100.003,100.009,100.001,100.004,0.005,0.005,11171.16,111715.632
511810.SH,20170519,99.999,100.008,100.009,100.0,100.002,0.003,0.003,271616.8,2716269.228
511820.SH,20170519,99.996,100.002,100.005,99.999,100.002,0.006,0.006,81323.09,813255.269
511830.SH,20170519,100.001,100.005,100.015,99.998,100.003,0.002,0.002,3281.2,32814.062
511850.SH,20170519,100.004,100.015,100.016,100.009,100.011,0.007,0.007,9309.32,93104.541
511860.SH,20170519,99.995,100.0,100.003,99.998,100.001,0.006,0.006,22444.91,224451.12
511880.SH,20170519,101.31,101.33,101.331,101.311,101.314,0.004,0.0039,819747.71,8306083.615
511890.SH,20170519,99.993,99.993,100.003,99.987,100.003,0.01,0.01,1188.74,11887.133
511900.SH,20170519,99.996,99.998,100.004,99.998,100.001,0.005,0.005,50539.88,505406.591
511910.SH,20170519,99.994,99.995,100.0,99.995,100.0,0.006,0.006,8242.35,82422.432
511920.SH,20170519,99.994,99.994,100.002,99.987,100.001,0.007,0.007,69.28,692.81
511930.SH,20170519,99.995,99.999,100.003,99.999,100.003,0.008,0.008,1983.52,19835.395
511950.SH,20170519,99.955,99.981,99.987,99.981,99.987,0.032,0.032,1.6,15.997
511960.SH,20170519,99.999,100.003,100.014,99.991,100.005,0.006,0.006,958.6,9586.642
511970.SH,20170519,99.996,100.0,100.004,100.0,100.003,0.007,0.007,2330.0,23300.413
511980.SH,20170519,99.997,100.002,100.008,100.001,100.004,0.007,0.007,5969.06,59692.082
511990.SH,20170519,100.009,100.017,100.019,100.0,100.005,-0.004,-0.004,1425587.13,14257945.978
512000.SH,20170519,0.907,0.905,0.909,0.904,0.906,-0.001,-0.1103,5932.0,537.19
512010.SH,20170519,1.452,1.459,1.459,1.447,1.447,-0.005,-0.3444,229.0,33.377
512070.SH,20170519,1.658,1.667,1.667,1.655,1.658,0.0,0.0,1425.0,235.985
512100.SH,20170519,0.857,0.859,0.859,0.851,0.855,-0.002,-0.2334,3065.0,262.424
512120.SH,20170519,1.413,1.385,1.385,1.385,1.385,-0.028,-1.9816,4.0,0.554
512210.SH,20170519,1.535,1.508,1.528,1.508,1.528,-0.007,-0.456,2.0,0.304
512230.SH,20170519,1.36,1.356,1.356,1.356,1.356,-0.004,-0.2941,1.0,0.136
512300.SH,20170519,1.17,1.165,1.171,1.165,1.17,0.0,0.0,361.0,42.147
512310.SH,20170519,0.677,0.677,0.677,0.672,0.674,-0.003,-0.4431,529.0,35.659
512330.SH,20170519,0.788,0.789,0.79,0.78,0.787,-0.001,-0.1269,331.0,25.898
512340.SH,20170519,0.79,0.792,0.792,0.786,0.786,-0.004,-0.5063,257.0,20.251
512500.SH,20170519,2.908,2.917,2.917,2.874,2.903,-0.005,-0.1719,389.43,112.932
512510.SH,20170519,1.216,1.22,1.221,1.212,1.219,0.003,0.2467,6357.19,773.4
512580.SH,20170519,0.997,0.998,0.998,0.989,0.994,-0.003,-0.3009,14800.0,1468.402
512600.SH,20170519,1.638,1.647,1.647,1.647,1.647,0.009,0.5495,33.0,5.435
512640.SH,20170519,1.617,1.606,1.607,1.606,1.607,-0.01,-0.6184,155.23,24.945
512660.SH,20170519,0.885,0.887,0.889,0.877,0.88,-0.005,-0.565,137794.0,12145.664
512680.SH,20170519,0.862,0.863,0.866,0.855,0.858,-0.004,-0.464,20389.0,1755.892
512810.SH,20170519,0.855,0.859,0.861,0.85,0.855,0.0,0.0,3449.0,295.952
512880.SH,20170519,0.96,0.957,0.96,0.953,0.956,-0.004,-0.4167,107488.75,10277.779
512900.SH,20170519,0.918,0.92,0.92,0.912,0.913,-0.005,-0.5447,45441.0,4161.613
512990.SH,20170519,1.003,1.009,1.01,1.001,1.009,0.006,0.5982,5387.0,543.093
513030.SH,20170519,1.111,1.112,1.116,1.11,1.115,0.004,0.36,41625.0,4632.063
513050.SH,20170519,1.256,1.26,1.26,1.247,1.249,-0.007,-0.5573,171529.0,21459.048
513100.SH,20170519,2.02,2.039,2.04,2.029,2.033,0.013,0.6436,32609.0,6627.712
513500.SH,20170519,1.507,1.509,1.519,1.505,1.506,-0.001,-0.0664,17919.0,2703.552
513600.SH,20170519,2.29,2.291,2.303,2.291,2.297,0.007,0.3057,399.86,91.838
513660.SH,20170519,2.269,2.279,2.293,2.276,2.291,0.022,0.9696,10789.58,2468.493
518800.SH,20170519,2.78,2.777,2.777,2.769,2.774,-0.006,-0.2158,292354.0,81040.136
518880.SH,20170519,2.791,2.782,2.787,2.778,2.784,-0.007,-0.2508,1940811.36,540009.999
