ts_code,trade_date,pre_close,open,high,low,close,change,pct_chg,vol,amount
150008.SZ,20170919,1.308,1.307,1.307,1.307,1.307,-0.001,-0.0765,5.0,0.653
150009.SZ,20170919,1.145,1.239,1.239,1.121,1.17,0.025,2.1834,281.0,32.449
150012.SZ,20170919,1.024,1.023,1.023,1.022,1.023,-0.001,-0.0977,1763.88,180.436
150013.SZ,20170919,1.404,1.392,1.4,1.392,1.4,-0.004,-0.2849,113.0,15.738
150016.SZ,20170919,1.074,1.075,1.079,1.06,1.06,-0.014,-1.3035,1059.47,113.908
150017.SZ,20170919,1.225,1.225,1.226,1.14,1.223,-0.002,-0.1633,2409.0,289.232
150018.SZ,20170919,1.034,1.036,1.036,1.025,1.027,-0.007,-0.677,46514.0,4776.298
150019.SZ,20170919,1.058,1.061,1.061,1.04,1.043,-0.015,-1.4178,230710.04,24197.318
150020.SZ,20170919,1.067,1.067,1.068,1.066,1.068,0.001,0.0937,20239.98,2159.602
150021.SZ,20170919,1.04,1.04,1.043,1.04,1.043,0.003,0.2885,8565.0,892.218
150022.SZ,20170919,0.83,0.83,0.832,0.827,0.828,-0.002,-0.241,96910.43,8038.923
150023.SZ,20170919,0.422,0.423,0.424,0.414,0.417,-0.005,-1.1848,338359.93,14194.474
150028.SZ,20170919,1.0,0.999,1.002,0.999,1.001,0.001,0.1,207.14,20.733
150029.SZ,20170919,1.59,1.582,1.599,1.582,1.584,-0.006,-0.3774,439.73,69.92
150030.SZ,20170919,1.05,1.05,1.05,1.029,1.029,-0.021,-2.0,84.36,8.812
150031.SZ,20170919,1.334,1.331,1.331,1.331,1.331,-0.003,-0.2249,63.84,8.497
150032.SZ,20170919,1.015,1.018,1.018,1.017,1.018,0.003,0.2956,160.0,16.28
150033.SZ,20170919,0.956,0.938,0.938,0.937,0.937,-0.019,-1.9874,50.0,4.687
150049.SZ,20170919,0.984,0.983,0.984,0.983,0.984,0.0,0.0,2957.46,290.718
150050.SZ,20170919,1.36,1.34,1.359,1.34,1.357,-0.003,-0.2206,159.56,21.394
150051.SZ,20170919,0.991,0.991,0.991,0.984,0.984,-0.007,-0.7064,894.0,88.317
150052.SZ,20170919,1.735,1.735,1.738,1.723,1.732,-0.003,-0.1729,5593.81,969.056
150053.SZ,20170919,1.036,1.036,1.039,1.036,1.039,0.003,0.2896,142.0,14.75
150054.SZ,20170919,1.108,1.071,1.071,1.071,1.071,-0.037,-3.3394,198.34,21.242
150056.SZ,20170919,1.58,1.53,1.56,1.53,1.559,-0.021,-1.3291,106.0,16.229
150057.SZ,20170919,1.135,1.128,1.129,1.128,1.129,-0.006,-0.5286,72.99,8.238
150058.SZ,20170919,1.105,1.135,1.135,1.112,1.114,0.009,0.8145,23.0,2.567
150059.SZ,20170919,1.082,1.092,1.092,1.09,1.09,0.008,0.7394,374.0,40.776
150060.SZ,20170919,1.527,1.481,1.527,1.481,1.518,-0.009,-0.5894,1400.24,209.147
150073.SZ,20170919,1.022,0.984,0.984,0.984,0.984,-0.038,-3.7182,1.0,0.098
150075.SZ,20170919,1.307,1.305,1.305,1.304,1.305,-0.002,-0.153,41.87,5.463
150076.SZ,20170919,0.989,0.985,0.985,0.985,0.985,-0.004,-0.4044,32.0,3.152
150084.SZ,20170919,1.27,1.223,1.223,1.223,1.223,-0.047,-3.7008,130.0,15.899
150090.SZ,20170919,1.04,1.037,1.037,1.037,1.037,-0.003,-0.2885,16.0,1.659
150091.SZ,20170919,1.147,1.06,1.115,1.06,1.115,-0.032,-2.7899,23.3,2.478
150095.SZ,20170919,0.579,0.583,0.583,0.579,0.579,0.0,0.0,111.0,6.427
150101.SZ,20170919,1.797,1.796,1.796,1.767,1.788,-0.009,-0.5008,1373.0,246.027
150104.SZ,20170919,1.061,1.057,1.057,1.057,1.057,-0.004,-0.377,44.0,4.65
150105.SZ,20170919,1.617,1.626,1.626,1.626,1.626,0.009,0.5566,100.0,16.26
150106.SZ,20170919,1.12,1.104,1.118,1.104,1.118,-0.002,-0.1786,348.6,38.905
150107.SZ,20170919,1.186,1.18,1.186,1.158,1.178,-0.008,-0.6745,3705.0,436.501
150117.SZ,20170919,1.045,1.042,1.046,1.024,1.044,-0.001,-0.0957,29296.08,3056.745
150118.SZ,20170919,0.6,0.599,0.641,0.593,0.614,0.014,2.3333,465759.1,29144.474
150124.SZ,20170919,2.25,2.253,2.253,2.222,2.244,-0.006,-0.2667,295.0,66.041
150130.SZ,20170919,1.056,1.056,1.057,1.055,1.057,0.001,0.0947,54727.0,5780.56
150131.SZ,20170919,0.53,0.53,0.531,0.52,0.524,-0.006,-1.1321,372664.31,19592.705
150135.SZ,20170919,1.019,1.02,1.021,1.02,1.02,0.001,0.0981,216.0,22.036
150136.SZ,20170919,0.92,0.918,0.918,0.847,0.916,-0.004,-0.4348,164.0,14.579
150138.SZ,20170919,1.023,1.039,1.039,1.027,1.038,0.015,1.4663,564.0,58.501
150139.SZ,20170919,0.982,0.982,1.023,0.982,1.023,0.041,4.1752,390.19,39.895
150144.SZ,20170919,0.723,0.709,0.721,0.701,0.721,-0.002,-0.2766,1292.77,90.633
150146.SZ,20170919,0.507,0.528,0.532,0.512,0.512,0.005,0.9862,220.0,11.626
150148.SZ,20170919,1.082,1.063,1.063,1.063,1.063,-0.019,-1.756,0.5,0.053
150149.SZ,20170919,0.652,0.656,0.656,0.645,0.649,-0.003,-0.4601,972.01,63.262
150150.SZ,20170919,1.014,1.009,1.009,1.001,1.009,-0.005,-0.4931,29.0,2.91
150151.SZ,20170919,1.762,1.793,1.793,1.726,1.753,-0.009,-0.5108,322.54,56.987
150152.SZ,20170919,1.005,1.006,1.006,1.002,1.004,-0.001,-0.0995,358062.0,35961.241
150153.SZ,20170919,0.68,0.68,0.683,0.666,0.669,-0.011,-1.6176,1900391.29,128456.159
150156.SZ,20170919,1.017,1.019,1.02,1.019,1.02,0.003,0.295,885.94,90.335
150157.SZ,20170919,0.997,0.995,0.995,0.99,0.991,-0.006,-0.6018,10987.0,1088.554
150158.SZ,20170919,1.081,1.075,1.083,1.066,1.073,-0.008,-0.7401,14440.0,1549.849
150165.SZ,20170919,0.836,0.789,0.841,0.789,0.832,-0.004,-0.4785,791.24,62.622
150167.SZ,20170919,1.057,1.041,1.041,1.04,1.04,-0.017,-1.6083,600.0,62.428
150169.SZ,20170919,0.99,0.989,0.99,0.988,0.988,-0.002,-0.202,13666.75,1351.766
150170.SZ,20170919,1.36,1.369,1.369,1.361,1.365,0.005,0.3676,19699.71,2690.656
150171.SZ,20170919,0.976,0.976,0.976,0.97,0.97,-0.006,-0.6148,21736.0,2111.19
150172.SZ,20170919,1.279,1.281,1.283,1.256,1.258,-0.021,-1.6419,360581.62,45665.584
150173.SZ,20170919,0.983,0.983,0.983,0.978,0.978,-0.005,-0.5086,614.0,60.261
150174.SZ,20170919,0.656,0.67,0.67,0.651,0.659,0.003,0.4573,1424.94,93.131
150175.SZ,20170919,0.965,0.965,0.966,0.963,0.964,-0.001,-0.1036,257792.0,24877.376
150176.SZ,20170919,1.029,1.023,1.035,1.023,1.029,0.0,0.0,195229.03,20084.353
150177.SZ,20170919,1.044,1.03,1.03,1.03,1.03,-0.014,-1.341,6.0,0.618
150178.SZ,20170919,1.655,1.643,1.655,1.632,1.635,-0.02,-1.2085,1015.89,167.49
150179.SZ,20170919,1.032,1.013,1.049,1.013,1.049,0.017,1.6473,259.0,27.136
150180.SZ,20170919,1.439,1.434,1.434,1.432,1.433,-0.006,-0.417,2648.51,379.351
150181.SZ,20170919,0.977,0.977,0.977,0.973,0.973,-0.004,-0.4094,87918.25,8569.231
150182.SZ,20170919,0.889,0.887,0.892,0.877,0.88,-0.009,-1.0124,220165.74,19456.501
150184.SZ,20170919,1.029,1.02,1.13,1.02,1.088,0.059,5.7337,2607.27,270.232
150185.SZ,20170919,0.937,0.937,0.937,0.905,0.926,-0.011,-1.174,67872.3,6303.271
150186.SZ,20170919,0.954,0.953,0.953,0.95,0.95,-0.004,-0.4193,10696.26,1017.928
150187.SZ,20170919,0.67,0.663,0.671,0.661,0.663,-0.007,-1.0448,14262.8,949.197
150188.SZ,20170919,1.009,1.009,1.009,1.006,1.008,-0.001,-0.0991,6661.69,671.253
150189.SZ,20170919,0.945,0.9,0.99,0.9,0.941,-0.004,-0.4233,56.16,5.289
150190.SZ,20170919,1.044,1.045,1.045,1.041,1.042,-0.002,-0.1916,2136.0,222.584
150191.SZ,20170919,1.291,1.293,1.296,1.275,1.295,0.004,0.3098,2951.01,380.866
150192.SZ,20170919,1.047,1.149,1.149,1.074,1.074,0.027,2.5788,258.0,27.716
150193.SZ,20170919,1.204,1.197,1.27,1.197,1.245,0.041,3.4053,15289.2,1902.503
150194.SZ,20170919,1.005,1.005,1.005,0.996,1.0,-0.005,-0.4975,10002.69,1002.775
150195.SZ,20170919,1.238,1.238,1.248,1.218,1.22,-0.018,-1.454,26521.65,3258.906
150196.SZ,20170919,1.12,1.091,1.12,1.091,1.1,-0.02,-1.7857,14.0,1.556
150197.SZ,20170919,1.543,1.542,1.555,1.523,1.531,-0.012,-0.7777,97910.93,15040.24
150199.SZ,20170919,1.073,1.07,1.08,1.058,1.06,-0.013,-1.2116,21228.01,2268.58
150200.SZ,20170919,0.977,0.976,0.977,0.972,0.974,-0.003,-0.3071,651518.0,63459.277
150201.SZ,20170919,0.588,0.59,0.591,0.569,0.573,-0.015,-2.551,4908183.75,284088.816
150203.SZ,20170919,1.0,0.999,1.0,0.999,1.0,0.0,0.0,199.0,19.897
150204.SZ,20170919,0.863,0.851,0.864,0.851,0.856,-0.007,-0.8111,857.37,73.52
150205.SZ,20170919,0.971,0.968,0.971,0.966,0.966,-0.005,-0.5149,20990.0,2031.232
150206.SZ,20170919,1.043,1.043,1.043,1.025,1.028,-0.015,-1.4382,141679.0,14631.9
150207.SZ,20170919,1.0,1.026,1.1,1.026,1.04,0.04,4.0,1909.44,198.55
150208.SZ,20170919,0.59,0.588,0.646,0.588,0.622,0.032,5.4237,14461.01,898.196
150209.SZ,20170919,0.985,0.983,0.988,0.98,0.983,-0.002,-0.203,152545.88,14971.189
150210.SZ,20170919,0.914,0.914,0.915,0.901,0.904,-0.01,-1.0941,152486.56,13841.411
150211.SZ,20170919,1.013,1.01,1.015,1.009,1.011,-0.002,-0.1974,18446.7,1866.564
150212.SZ,20170919,0.995,0.991,0.998,0.969,0.973,-0.022,-2.2111,180020.06,17658.324
150213.SZ,20170919,1.033,1.022,1.122,0.974,1.025,-0.008,-0.7744,875.0,89.98
150214.SZ,20170919,0.488,0.489,0.494,0.477,0.48,-0.008,-1.6393,74258.92,3587.945
150215.SZ,20170919,1.107,1.107,1.107,1.107,1.107,0.0,0.0,33.0,3.653
150216.SZ,20170919,1.249,1.21,1.272,1.21,1.24,-0.009,-0.7206,37.02,4.699
150217.SZ,20170919,1.004,1.0,1.01,1.0,1.007,0.003,0.2988,5329.0,536.731
150218.SZ,20170919,0.793,0.787,0.799,0.77,0.777,-0.016,-2.0177,21756.89,1709.321
150219.SZ,20170919,1.185,1.131,1.197,1.131,1.187,0.002,0.1688,133.0,15.867
150220.SZ,20170919,0.836,0.839,0.839,0.823,0.83,-0.006,-0.7177,11494.0,952.459
150221.SZ,20170919,1.126,1.128,1.128,1.122,1.122,-0.004,-0.3552,20340.52,2284.854
150222.SZ,20170919,0.478,0.478,0.478,0.467,0.469,-0.009,-1.8828,923132.1,43562.386
150223.SZ,20170919,1.124,1.124,1.128,1.12,1.122,-0.002,-0.1779,88346.0,9924.204
150224.SZ,20170919,1.023,1.025,1.028,0.997,1.0,-0.023,-2.2483,172269.62,17405.477
150225.SZ,20170919,1.057,1.057,1.061,1.03,1.059,0.002,0.1892,666.98,69.576
150226.SZ,20170919,1.446,1.456,1.488,1.45,1.45,0.004,0.2766,334.83,48.905
150227.SZ,20170919,0.981,0.981,0.981,0.977,0.978,-0.003,-0.3058,155802.99,15260.058
150228.SZ,20170919,0.934,0.933,0.944,0.929,0.937,0.003,0.3212,424980.3,39842.331
150229.SZ,20170919,1.03,1.028,1.03,1.028,1.03,0.0,0.0,45.1,4.637
150230.SZ,20170919,1.348,1.347,1.349,1.316,1.317,-0.031,-2.2997,1433.0,189.672
150231.SZ,20170919,1.049,1.031,1.031,1.031,1.031,-0.018,-1.7159,1.0,0.103
150232.SZ,20170919,1.268,1.28,1.28,1.211,1.214,-0.054,-4.2587,21.3,2.591
150233.SZ,20170919,0.954,0.954,0.954,0.952,0.952,-0.002,-0.2096,61.0,5.814
150235.SZ,20170919,1.049,1.048,1.048,1.048,1.048,-0.001,-0.0953,31.0,3.248
150236.SZ,20170919,0.969,0.968,0.968,0.951,0.952,-0.017,-1.7544,21658.75,2075.933
150238.SZ,20170919,1.25,1.275,1.275,1.275,1.275,0.025,2.0,53.0,6.757
150242.SZ,20170919,1.035,1.041,1.042,1.03,1.04,0.005,0.4831,830.0,86.177
150243.SZ,20170919,1.013,1.026,1.046,1.026,1.046,0.033,3.2577,12.0,1.253
150244.SZ,20170919,0.714,0.714,0.716,0.698,0.703,-0.011,-1.5406,52905.17,3736.439
150245.SZ,20170919,1.036,1.136,1.14,1.136,1.14,0.104,10.0386,415.09,47.199
150246.SZ,20170919,1.032,1.045,1.05,1.035,1.036,0.004,0.3876,3113.7,325.658
150247.SZ,20170919,1.031,1.032,1.032,1.029,1.029,-0.002,-0.194,3511.0,361.639
150248.SZ,20170919,0.901,0.902,0.907,0.899,0.899,-0.002,-0.222,2492.73,224.908
150250.SZ,20170919,1.006,1.004,1.006,1.0,1.0,-0.006,-0.5964,1038.0,104.052
150251.SZ,20170919,1.057,1.035,1.059,1.035,1.054,-0.003,-0.2838,737.0,77.843
150252.SZ,20170919,1.618,1.623,1.638,1.598,1.612,-0.006,-0.3708,6495.89,1051.683
150255.SZ,20170919,0.955,0.955,0.955,0.952,0.953,-0.002,-0.2094,2519.0,240.166
150256.SZ,20170919,0.92,0.92,0.92,0.917,0.917,-0.003,-0.3261,150.01,13.755
150257.SZ,20170919,0.988,0.979,0.979,0.967,0.967,-0.021,-2.1255,348.6,33.935
150258.SZ,20170919,1.12,1.093,1.116,1.093,1.116,-0.004,-0.3571,197.0,21.548
150259.SZ,20170919,0.957,0.957,0.957,0.953,0.953,-0.004,-0.418,1892.24,180.449
150260.SZ,20170919,0.763,0.77,0.77,0.76,0.762,-0.001,-0.1311,387.98,29.661
150261.SZ,20170919,1.043,1.042,1.042,1.041,1.041,-0.002,-0.1918,7042.0,733.53
150262.SZ,20170919,0.79,0.794,0.804,0.793,0.794,0.004,0.5063,17169.65,1370.108
150264.SZ,20170919,0.512,0.509,0.517,0.488,0.488,-0.024,-4.6875,412.0,20.997
150265.SZ,20170919,1.089,1.089,1.13,1.089,1.1,0.011,1.0101,15299.98,1680.825
150266.SZ,20170919,1.34,1.335,1.346,1.328,1.338,-0.002,-0.1493,14468.23,1935.165
150267.SZ,20170919,1.035,1.038,1.038,1.038,1.038,0.003,0.2899,1.0,0.103
150268.SZ,20170919,0.979,1.0,1.01,0.999,1.009,0.03,3.0644,1385.0,138.686
150269.SZ,20170919,0.985,0.981,0.983,0.98,0.981,-0.004,-0.4061,2420.72,237.311
150270.SZ,20170919,1.989,1.982,2.016,1.948,1.949,-0.04,-2.0111,33077.44,6581.853
150271.SZ,20170919,1.028,1.028,1.028,1.027,1.028,0.0,0.0,52.0,5.345
150272.SZ,20170919,1.021,1.04,1.04,1.024,1.024,0.003,0.2938,61.67,6.397
150274.SZ,20170919,0.686,0.686,0.686,0.676,0.686,0.0,0.0,435.34,29.477
150275.SZ,20170919,0.977,0.976,0.977,0.973,0.974,-0.003,-0.3071,40729.0,3973.664
150276.SZ,20170919,0.635,0.635,0.638,0.621,0.625,-0.01,-1.5748,81728.02,5139.554
150277.SZ,20170919,0.949,0.948,0.949,0.946,0.946,-0.003,-0.3161,7943.38,752.956
150278.SZ,20170919,0.601,0.605,0.609,0.595,0.6,-0.001,-0.1664,13037.7,785.5
150279.SZ,20170919,1.03,1.038,1.04,1.038,1.038,0.008,0.7767,315.0,32.704
150280.SZ,20170919,0.915,0.949,0.949,0.901,0.902,-0.013,-1.4208,865.8,78.229
150281.SZ,20170919,1.039,1.067,1.067,1.067,1.067,0.028,2.6949,1.0,0.106
150282.SZ,20170919,0.641,0.601,0.635,0.601,0.635,-0.006,-0.936,66.0,4.187
150283.SZ,20170919,0.957,0.956,0.956,0.952,0.952,-0.005,-0.5225,761.0,72.749
150284.SZ,20170919,0.797,0.799,0.806,0.792,0.797,0.0,0.0,835.81,67.239
150287.SZ,20170919,1.041,1.04,1.04,1.033,1.037,-0.004,-0.3842,41293.02,4283.915
150288.SZ,20170919,0.886,0.89,0.895,0.871,0.873,-0.013,-1.4673,78998.81,6985.358
150289.SZ,20170919,1.045,1.042,1.043,1.04,1.043,-0.002,-0.1914,103827.92,10818.14
150290.SZ,20170919,0.72,0.719,0.729,0.706,0.71,-0.01,-1.3889,267785.02,19166.661
150291.SZ,20170919,1.046,1.045,1.045,1.043,1.044,-0.002,-0.1912,796.0,83.108
150292.SZ,20170919,0.77,0.77,0.77,0.76,0.767,-0.003,-0.3896,2557.0,196.387
150293.SZ,20170919,1.041,1.038,1.038,1.037,1.037,-0.004,-0.3842,440.0,45.648
150294.SZ,20170919,1.067,1.068,1.068,1.068,1.068,0.001,0.0937,142.26,15.193
150295.SZ,20170919,1.008,1.007,1.008,1.002,1.008,0.0,0.0,3485.97,350.571
150296.SZ,20170919,1.001,0.996,0.999,0.989,0.989,-0.012,-1.1988,803.85,79.808
150299.SZ,20170919,1.046,1.045,1.046,1.042,1.045,-0.001,-0.0956,23746.0,2480.841
150300.SZ,20170919,0.712,0.713,0.718,0.7,0.715,0.003,0.4213,71667.0,5105.446
150301.SZ,20170919,1.066,1.054,1.054,1.051,1.051,-0.015,-1.4071,79.0,8.308
150302.SZ,20170919,1.18,1.155,1.187,1.155,1.187,0.007,0.5932,958.99,110.96
150303.SZ,20170919,1.028,1.026,1.028,1.024,1.026,-0.002,-0.1946,9875.25,1013.188
150304.SZ,20170919,0.943,0.936,0.948,0.926,0.927,-0.016,-1.6967,25032.27,2342.009
150306.SZ,20170919,0.545,0.548,0.548,0.546,0.548,0.003,0.5505,2388.0,130.794
150307.SZ,20170919,0.972,0.966,0.966,0.964,0.964,-0.008,-0.823,63.0,6.079
150308.SZ,20170919,1.12,1.12,1.12,1.12,1.12,0.0,0.0,16.8,1.881
150310.SZ,20170919,0.68,0.65,0.65,0.65,0.65,-0.03,-4.4118,10.0,0.65
150311.SZ,20170919,0.989,1.009,1.012,1.009,1.011,0.022,2.2245,5.0,0.505
150312.SZ,20170919,0.86,0.865,0.865,0.793,0.793,-0.067,-7.7907,397.99,34.198
150315.SZ,20170919,1.125,1.03,1.06,1.03,1.06,-0.065,-5.7778,236.15,24.326
150316.SZ,20170919,0.873,0.874,0.874,0.86,0.86,-0.013,-1.4891,507.64,43.939
150317.SZ,20170919,1.029,1.03,1.033,1.03,1.032,0.003,0.2915,328.87,33.896
150321.SZ,20170919,1.172,1.166,1.172,1.166,1.169,-0.003,-0.256,4447.0,520.998
150322.SZ,20170919,1.505,1.509,1.525,1.488,1.496,-0.009,-0.598,13602.79,2047.545
150324.SZ,20170919,0.518,0.52,0.52,0.505,0.517,-0.001,-0.1931,1105.26,56.022
150326.SZ,20170919,1.01,1.034,1.034,0.986,1.025,0.015,1.4851,60.0,5.958
150328.SZ,20170919,1.383,1.362,1.373,1.356,1.361,-0.022,-1.5907,852.0,116.544
150329.SZ,20170919,0.983,0.987,0.987,0.975,0.979,-0.004,-0.4069,1395.0,136.518
150330.SZ,20170919,1.455,1.462,1.49,1.448,1.458,0.003,0.2062,23203.0,3387.604
150331.SZ,20170919,1.059,1.058,1.059,1.058,1.058,-0.001,-0.0944,10943.0,1157.845
150332.SZ,20170919,0.487,0.489,0.493,0.475,0.479,-0.008,-1.6427,34722.43,1675.622
150335.SZ,20170919,1.028,1.027,1.028,1.026,1.028,0.0,0.0,3679.0,378.019
150336.SZ,20170919,0.388,0.388,0.389,0.379,0.382,-0.006,-1.5464,39033.57,1498.554
150343.SZ,20170919,1.058,1.062,1.063,1.062,1.062,0.004,0.3781,95.0,10.091
150344.SZ,20170919,1.19,1.193,1.208,1.17,1.176,-0.014,-1.1765,966.01,113.778
159001.SZ,20170919,99.995,99.993,99.995,99.98,99.993,-0.002,-0.002,43699.71,436968.125
159003.SZ,20170919,99.999,99.999,100.0,99.99,99.99,-0.009,-0.009,45108.3,451070.401
159005.SZ,20170919,100.0,100.0,100.001,99.985,99.999,-0.001,-0.001,337556.0,3375559.038
159901.SZ,20170919,4.759,4.759,4.766,4.706,4.717,-0.042,-0.8825,27000.32,12779.261
159902.SZ,20170919,3.659,3.661,3.665,3.612,3.618,-0.041,-1.1205,139778.74,50862.295
159903.SZ,20170919,1.207,1.208,1.212,1.195,1.195,-0.012,-0.9942,5337.41,641.086
159905.SZ,20170919,1.534,1.536,1.542,1.522,1.522,-0.012,-0.7823,2109.0,323.746
159906.SZ,20170919,1.004,1.004,1.005,1.003,1.004,0.0,0.0,284.0,28.517
159907.SZ,20170919,1.545,1.545,1.549,1.526,1.54,-0.005,-0.3236,366.0,56.171
159908.SZ,20170919,1.487,1.456,1.47,1.423,1.466,-0.021,-1.4122,589.86,85.25
159910.SZ,20170919,1.673,1.681,1.681,1.665,1.675,0.002,0.1195,75.0,12.528
159911.SZ,20170919,4.38,4.396,4.396,4.396,4.396,0.016,0.3653,50.0,21.98
159912.SZ,20170919,1.385,1.387,1.388,1.381,1.381,-0.004,-0.2888,389.0,53.969
159913.SZ,20170919,1.728,1.728,1.731,1.716,1.729,0.001,0.0579,1217.0,209.132
159915.SZ,20170919,1.808,1.807,1.811,1.785,1.79,-0.018,-0.9956,1150825.19,207097.411
159916.SZ,20170919,3.816,3.63,3.989,3.63,3.989,0.173,4.5335,264.0,97.896
159918.SZ,20170919,1.931,1.927,1.933,1.927,1.93,-0.001,-0.0518,11.0,2.122
159919.SZ,20170919,4.21,4.203,4.216,4.175,4.186,-0.024,-0.5701,40224.0,16882.3
159920.SZ,20170919,1.494,1.493,1.507,1.493,1.501,0.007,0.4685,1287321.0,193445.301
159921.SZ,20170919,1.57,1.565,1.565,1.558,1.562,-0.008,-0.5096,36.0,5.617
159922.SZ,20170919,6.84,6.841,6.841,6.789,6.79,-0.05,-0.731,1307.0,892.217
159923.SZ,20170919,1.533,1.528,1.542,1.528,1.528,-0.005,-0.3262,381.0,58.544
159924.SZ,20170919,1.474,1.465,1.471,1.442,1.471,-0.003,-0.2035,799.0,115.881
159925.SZ,20170919,1.603,1.6,1.605,1.593,1.596,-0.007,-0.4367,1470.63,234.947
159927.SZ,20170919,3.922,3.815,3.831,3.813,3.831,-0.091,-2.3202,22.0,8.393
159928.SZ,20170919,1.938,1.938,1.95,1.922,1.928,-0.01,-0.516,2673.0,517.085
159929.SZ,20170919,1.465,1.465,1.47,1.462,1.466,0.001,0.0683,1754.0,257.106
159930.SZ,20170919,0.889,0.888,0.9,0.876,0.889,0.0,0.0,1792.0,159.936
159931.SZ,20170919,1.672,1.673,1.678,1.672,1.672,0.0,0.0,1054.0,176.299
159932.SZ,20170919,1.84,1.849,1.849,1.831,1.845,0.005,0.2717,109.0,19.998
159933.SZ,20170919,1.88,1.873,1.89,1.873,1.88,0.0,0.0,164.0,30.862
159934.SZ,20170919,2.769,2.768,2.771,2.762,2.769,0.0,0.0,68297.52,18900.41
159935.SZ,20170919,1.808,1.804,1.804,1.716,1.775,-0.033,-1.8252,234.5,40.922
159936.SZ,20170919,1.585,1.584,1.586,1.575,1.585,0.0,0.0,157.0,24.843
159937.SZ,20170919,2.789,2.786,2.787,2.783,2.785,-0.004,-0.1434,177466.0,49421.627
159938.SZ,20170919,1.311,1.311,1.317,1.306,1.311,0.0,0.0,14122.03,1853.033
159939.SZ,20170919,1.151,1.151,1.156,1.144,1.144,-0.007,-0.6082,15587.38,1793.742
159940.SZ,20170919,0.946,0.948,0.951,0.939,0.946,0.0,0.0,1309.04,123.505
159941.SZ,20170919,1.285,1.281,1.288,1.281,1.286,0.001,0.0778,417.0,53.595
159942.SZ,20170919,1.977,1.959,1.967,1.956,1.967,-0.01,-0.5058,92.97,18.188
159943.SZ,20170919,11.71,11.71,11.74,11.612,11.666,-0.044,-0.3757,969.09,1134.059
159944.SZ,20170919,1.018,1.012,1.016,1.006,1.014,-0.004,-0.3929,1066.05,107.656
159945.SZ,20170919,0.806,0.798,0.803,0.793,0.798,-0.008,-0.9926,1790.0,142.783
159946.SZ,20170919,1.139,1.134,1.138,1.127,1.138,-0.001,-0.0878,387.26,43.906
159948.SZ,20170919,1.96,1.961,1.975,1.956,1.956,-0.004,-0.2041,23900.14,4702.711
159949.SZ,20170919,0.761,0.761,0.763,0.751,0.752,-0.009,-1.1827,129432.0,9784.916
159950.SZ,20170919,1.131,1.116,1.149,1.116,1.12,-0.011,-0.9726,1081.36,121.02
159951.SZ,20170919,1.026,1.034,1.034,1.022,1.025,-0.001,-0.0975,12622.16,1300.588
159952.SZ,20170919,1.061,1.061,1.065,1.05,1.054,-0.007,-0.6598,59749.11,6323.598
159953.SZ,20170919,1.039,1.041,1.042,1.035,1.036,-0.003,-0.2887,9836.41,1022.675
159955.SZ,20170919,1.037,1.035,1.04,1.028,1.029,-0.008,-0.7715,8456.18,876.678
160105.SZ,20170919,1.05,1.056,1.056,1.051,1.051,0.001,0.0952,689.57,72.636
160106.SZ,20170919,1.374,1.367,1.371,1.362,1.365,-0.009,-0.655,2477.35,338.486
160119.SZ,20170919,1.631,1.631,1.631,1.619,1.62,-0.011,-0.6744,2005.0,326.181
160125.SZ,20170919,0.96,0.96,0.963,0.956,0.96,0.0,0.0,1323.0,126.949
160128.SZ,20170919,0.983,0.982,0.986,0.982,0.983,0.0,0.0,4177.0,410.585
160130.SZ,20170919,1.018,0.957,0.99,0.957,0.98,-0.038,-3.7328,285.0,27.976
160131.SZ,20170919,1.004,1.004,1.004,1.004,1.004,0.0,0.0,213.0,21.385
160133.SZ,20170919,2.037,2.04,2.04,2.024,2.029,-0.008,-0.3927,4663.99,946.853
160211.SZ,20170919,2.89,2.905,2.913,2.883,2.891,0.001,0.0346,7334.9,2128.795
160212.SZ,20170919,2.812,2.813,2.833,2.803,2.805,-0.007,-0.2489,19074.89,5372.888
160215.SZ,20170919,1.647,1.647,1.651,1.62,1.633,-0.014,-0.85,12585.81,2061.483
160216.SZ,20170919,0.383,0.384,0.385,0.383,0.384,0.001,0.2611,198620.96,7623.018
160220.SZ,20170919,1.322,1.322,1.322,1.32,1.32,-0.002,-0.1513,1404.0,185.388
160223.SZ,20170919,0.883,0.881,0.887,0.878,0.882,-0.001,-0.1133,1066.0,93.77
160225.SZ,20170919,1.239,1.24,1.24,1.221,1.226,-0.013,-1.0492,6248.26,769.715
160311.SZ,20170919,1.484,1.475,1.487,1.475,1.478,-0.006,-0.4043,1195.6,177.101
160314.SZ,20170919,1.117,1.124,1.124,1.108,1.11,-0.007,-0.6267,1712.0,190.423
160322.SZ,20170919,1.219,1.226,1.26,1.226,1.255,0.036,2.9532,7056.68,877.827
160323.SZ,20170919,0.964,0.958,0.965,0.958,0.963,-0.001,-0.1037,1275.01,122.157
160324.SZ,20170919,0.932,0.928,0.931,0.925,0.93,-0.002,-0.2146,1937.06,179.435
160415.SZ,20170919,1.041,1.041,1.078,1.041,1.076,0.035,3.3622,3130.0,330.212
160416.SZ,20170919,0.893,0.895,0.899,0.891,0.892,-0.001,-0.112,23286.21,2080.949
160421.SZ,20170919,0.929,0.926,0.929,0.924,0.926,-0.003,-0.3229,26624.54,2467.82
160422.SZ,20170919,1.121,1.125,1.126,1.125,1.125,0.004,0.3568,1700.19,191.3
160505.SZ,20170919,1.892,1.892,1.892,1.885,1.887,-0.005,-0.2643,19985.54,3772.81
160512.SZ,20170919,2.273,2.262,2.272,2.262,2.27,-0.003,-0.132,2554.0,577.96
160515.SZ,20170919,0.995,0.993,0.995,0.993,0.994,-0.001,-0.1005,18634.0,1852.208
160518.SZ,20170919,0.981,0.98,0.987,0.98,0.984,0.003,0.3058,83510.47,8224.957
160519.SZ,20170919,0.969,0.97,0.979,0.97,0.976,0.007,0.7224,68198.32,6657.649
160522.SZ,20170919,0.974,0.975,0.975,0.97,0.975,0.001,0.1027,222.0,21.635
160607.SZ,20170919,0.772,0.774,0.774,0.77,0.772,0.0,0.0,880.76,67.985
160610.SZ,20170919,1.084,1.084,1.09,1.079,1.08,-0.004,-0.369,1106.06,119.507
160611.SZ,20170919,0.85,0.845,0.85,0.845,0.85,0.0,0.0,396.65,33.536
160613.SZ,20170919,1.414,1.413,1.413,1.413,1.413,-0.001,-0.0707,1.0,0.141
160615.SZ,20170919,1.541,1.542,1.542,1.536,1.536,-0.005,-0.3245,300.0,46.2
160616.SZ,20170919,1.401,1.4,1.404,1.399,1.399,-0.002,-0.1428,89.0,12.46
160635.SZ,20170919,1.01,1.01,1.01,1.01,1.01,0.0,0.0,3.0,0.303
160642.SZ,20170919,0.935,0.935,0.935,0.935,0.935,0.0,0.0,301.0,28.143
160643.SZ,20170919,1.042,1.041,1.041,1.041,1.041,-0.001,-0.096,20.0,2.082
160706.SZ,20170919,1.101,1.103,1.104,1.094,1.097,-0.004,-0.3633,20798.53,2282.545
160716.SZ,20170919,1.47,1.468,1.475,1.465,1.465,-0.005,-0.3401,1287.0,189.065
160717.SZ,20170919,0.809,0.81,0.81,0.808,0.808,-0.001,-0.1236,12543.0,1014.901
160719.SZ,20170919,0.715,0.714,0.716,0.71,0.713,-0.002,-0.2797,5215.0,371.158
160722.SZ,20170919,0.988,0.989,0.992,0.989,0.991,0.003,0.3036,22906.29,2269.599
160723.SZ,20170919,0.946,0.956,0.956,0.94,0.944,-0.002,-0.2114,7762.3,731.661
160805.SZ,20170919,0.813,0.815,0.824,0.813,0.814,0.001,0.123,367.81,29.971
160806.SZ,20170919,1.401,1.404,1.404,1.3,1.395,-0.006,-0.4283,814.89,112.935
160812.SZ,20170919,1.5,1.496,1.496,1.491,1.491,-0.009,-0.6,654.16,97.66
160813.SZ,20170919,0.802,0.802,0.803,0.801,0.801,-0.001,-0.1247,2234.41,179.231
160910.SZ,20170919,1.078,1.081,1.081,1.08,1.08,0.002,0.1855,343.45,37.109
160916.SZ,20170919,2.587,2.587,2.587,2.57,2.576,-0.011,-0.4252,536.98,138.209
160918.SZ,20170919,1.905,1.911,1.911,1.89,1.892,-0.013,-0.6824,890.0,168.407
160919.SZ,20170919,1.253,1.263,1.264,1.256,1.261,0.008,0.6385,3266.0,412.134
160921.SZ,20170919,0.91,0.915,0.92,0.913,0.913,0.003,0.3297,1878.27,172.24
160922.SZ,20170919,1.11,1.135,1.135,1.116,1.116,0.006,0.5405,82.0,9.187
160924.SZ,20170919,0.996,0.998,0.998,0.997,0.997,0.001,0.1004,1946.07,194.212
161005.SZ,20170919,1.98,1.98,1.993,1.98,1.98,0.0,0.0,5539.23,1101.709
161010.SZ,20170919,1.088,1.088,1.088,1.084,1.084,-0.004,-0.3676,6068.0,658.485
161017.SZ,20170919,2.281,2.284,2.3,2.281,2.281,0.0,0.0,407.0,92.965
161019.SZ,20170919,0.976,0.975,0.976,0.974,0.975,-0.001,-0.1025,7544.3,735.646
161033.SZ,20170919,1.132,1.128,1.136,1.125,1.126,-0.006,-0.53,1738.0,196.264
161035.SZ,20170919,0.931,0.936,0.936,0.929,0.929,-0.002,-0.2148,354.07,32.992
161036.SZ,20170919,0.978,0.975,0.975,0.974,0.974,-0.004,-0.409,425.0,41.397
161037.SZ,20170919,1.099,1.105,1.107,1.102,1.102,0.003,0.273,283.01,31.244
161038.SZ,20170919,1.04,1.043,1.048,1.034,1.034,-0.006,-0.5769,964.0,100.418
161115.SZ,20170919,1.337,1.335,1.335,1.335,1.335,-0.002,-0.1496,4.0,0.534
161116.SZ,20170919,0.723,0.72,0.723,0.72,0.722,-0.001,-0.1383,2808.0,202.715
161117.SZ,20170919,1.007,1.0,1.005,1.0,1.005,-0.002,-0.1986,5.0,0.5
161119.SZ,20170919,1.238,1.253,1.253,1.24,1.24,0.002,0.1616,54.0,6.701
161124.SZ,20170919,1.082,1.086,1.086,1.08,1.084,0.002,0.1848,15915.19,1723.12
161125.SZ,20170919,1.026,1.027,1.029,1.026,1.027,0.001,0.0975,4694.0,481.648
161126.SZ,20170919,1.108,1.1,1.107,1.094,1.098,-0.01,-0.9025,729.0,79.945
161127.SZ,20170919,1.206,1.208,1.212,1.208,1.212,0.006,0.4975,860.0,104.047
161128.SZ,20170919,1.105,1.103,1.11,1.103,1.106,0.001,0.0905,46.0,5.077
161129.SZ,20170919,0.888,0.886,0.89,0.885,0.889,0.001,0.1126,1116.86,99.009
161130.SZ,20170919,0.982,0.982,0.983,0.982,0.982,0.0,0.0,480.0,47.166
161210.SZ,20170919,1.019,1.019,1.027,1.003,1.008,-0.011,-1.0795,6033.4,612.391
161213.SZ,20170919,1.489,1.505,1.505,1.4,1.401,-0.088,-5.91,1559.0,218.649
161217.SZ,20170919,0.832,0.829,0.831,0.824,0.824,-0.008,-0.9615,713.04,58.853
161219.SZ,20170919,1.353,1.359,1.359,1.359,1.359,0.006,0.4435,1.0,0.135
161222.SZ,20170919,1.145,1.145,1.147,1.141,1.141,-0.004,-0.3493,441.0,50.413
161224.SZ,20170919,1.085,1.083,1.093,1.083,1.092,0.007,0.6452,1306.0,142.232
161225.SZ,20170919,1.197,1.194,1.196,1.193,1.193,-0.004,-0.3342,178.0,21.252
161226.SZ,20170919,0.896,0.888,0.89,0.887,0.888,-0.008,-0.8929,45752.0,4062.839
161227.SZ,20170919,1.014,1.008,1.014,1.004,1.004,-0.01,-0.9862,3418.92,344.728
161229.SZ,20170919,1.408,1.409,1.412,1.399,1.402,-0.006,-0.4261,293.0,41.259
1612301.SZ,20170919,0.987,0.991,0.994,0.991,0.992,0.005,0.5066,352.0,34.916
161232.SZ,20170919,0.855,0.853,0.856,0.853,0.854,-0.001,-0.117,90673.31,7744.978
161233.SZ,20170919,0.94,0.94,0.94,0.94,0.94,0.0,0.0,40.0,3.76
161607.SZ,20170919,1.203,1.198,1.199,1.198,1.199,-0.004,-0.3325,16.0,1.917
161610.SZ,20170919,0.941,0.94,0.94,0.937,0.937,-0.004,-0.4251,2152.0,202.075
161626.SZ,20170919,1.014,1.016,1.016,1.016,1.016,0.002,0.1972,509.57,51.772
161630.SZ,20170919,0.956,0.956,0.96,0.956,0.96,0.004,0.4184,12.0,1.15
161631.SZ,20170919,1.087,1.088,1.09,1.084,1.087,0.0,0.0,9673.32,1051.503
161706.SZ,20170919,1.554,1.542,1.557,1.536,1.544,-0.01,-0.6435,706.0,108.476
161713.SZ,20170919,1.013,1.012,1.012,1.011,1.012,-0.001,-0.0987,400.0,40.452
161714.SZ,20170919,0.981,0.987,1.078,0.982,1.009,0.028,2.8542,9570.0,973.602
161715.SZ,20170919,1.23,1.227,1.232,1.224,1.224,-0.006,-0.4878,358.26,43.98
161722.SZ,20170919,1.191,1.194,1.204,1.194,1.202,0.011,0.9236,27.0,3.244
161727.SZ,20170919,0.98,0.98,0.98,0.98,0.98,0.0,0.0,92.0,9.016
161810.SZ,20170919,1.865,1.85,1.865,1.841,1.854,-0.011,-0.5898,190.0,35.132
161813.SZ,20170919,1.294,1.273,1.28,1.165,1.277,-0.017,-1.3138,507.0,60.264
161815.SZ,20170919,0.436,0.435,0.436,0.434,0.436,0.0,0.0,2791.0,121.411
161820.SZ,20170919,1.07,1.071,1.071,1.07,1.071,0.001,0.0935,24055.0,2575.09
161831.SZ,20170919,0.994,0.995,1.008,0.994,0.995,0.001,0.1006,810.35,80.693
161834.SZ,20170919,0.882,0.882,0.885,0.879,0.881,-0.001,-0.1134,7679.0,676.635
161835.SZ,20170919,0.926,0.926,0.934,0.926,0.934,0.008,0.8639,350.0,32.505
161903.SZ,20170919,0.883,0.88,0.883,0.88,0.882,-0.001,-0.1133,1028.0,90.565
161911.SZ,20170919,0.979,0.979,0.979,0.976,0.978,-0.001,-0.1021,54143.0,5295.089
162006.SZ,20170919,1.125,1.122,1.122,1.119,1.119,-0.006,-0.5333,266.0,29.844
162108.SZ,20170919,1.114,1.11,1.11,1.11,1.11,-0.004,-0.3591,70.0,7.77
162207.SZ,20170919,1.271,1.266,1.266,1.266,1.266,-0.005,-0.3934,1.52,0.192
162307.SZ,20170919,1.2,1.198,1.2,1.196,1.2,0.0,0.0,439.0,52.641
162411.SZ,20170919,0.518,0.521,0.522,0.519,0.52,0.002,0.3861,734624.27,38185.407
162415.SZ,20170919,1.135,1.133,1.134,1.13,1.132,-0.003,-0.2643,672.0,76.054
162510.SZ,20170919,1.086,1.092,1.092,1.081,1.082,-0.004,-0.3683,19.0,2.067
162605.SZ,20170919,1.12,1.121,1.124,1.111,1.115,-0.005,-0.4464,1830.76,204.113
162607.SZ,20170919,0.574,0.574,0.574,0.569,0.572,-0.002,-0.3484,3535.85,202.154
162703.SZ,20170919,1.404,1.405,1.406,1.394,1.403,-0.001,-0.0712,2233.96,312.713
162711.SZ,20170919,1.393,1.394,1.414,1.394,1.395,0.002,0.1436,464.0,64.767
162712.SZ,20170919,1.418,1.419,1.42,1.416,1.418,0.0,0.0,1614.41,229.083
162715.SZ,20170919,1.08,1.081,1.081,1.081,1.081,0.001,0.0926,1.0,0.108
162717.SZ,20170919,0.955,0.956,0.957,0.956,0.956,0.001,0.1047,3195.54,305.494
162718.SZ,20170919,0.923,0.925,0.925,0.925,0.925,0.002,0.2167,100.03,9.252
162719.SZ,20170919,0.872,0.88,0.882,0.878,0.881,0.009,1.0321,8746.58,770.072
163001.SZ,20170919,0.912,0.916,0.916,0.911,0.911,-0.001,-0.1096,202.0,18.425
163003.SZ,20170919,0.626,0.626,0.626,0.626,0.626,0.0,0.0,116.8,7.311
163110.SZ,20170919,2.201,2.219,2.219,2.196,2.202,0.001,0.0454,2632.83,580.443
163111.SZ,20170919,1.15,1.147,1.15,1.141,1.141,-0.009,-0.7826,1982.23,226.848
163119.SZ,20170919,0.912,0.913,0.917,0.91,0.91,-0.002,-0.2193,320.0,29.254
163208.SZ,20170919,0.82,0.82,0.82,0.811,0.82,0.0,0.0,1206.0,98.374
163210.SZ,20170919,1.028,1.026,1.028,1.025,1.027,-0.001,-0.0973,2232.0,229.005
163302.SZ,20170919,1.312,1.314,1.314,1.312,1.312,0.0,0.0,55.0,7.221
163402.SZ,20170919,0.818,0.821,0.821,0.815,0.816,-0.002,-0.2445,26328.25,2152.424
163407.SZ,20170919,1.724,1.721,1.721,1.713,1.719,-0.005,-0.29,594.0,101.912
163409.SZ,20170919,1.599,1.586,1.587,1.586,1.586,-0.013,-0.813,236.0,37.429
163412.SZ,20170919,2.75,2.755,2.766,2.742,2.747,-0.003,-0.1091,6774.78,1867.215
163415.SZ,20170919,1.333,1.337,1.337,1.331,1.334,0.001,0.075,1761.0,234.671
163503.SZ,20170919,0.51,0.505,0.517,0.505,0.506,-0.004,-0.7843,1616.56,81.774
163801.SZ,20170919,1.225,1.233,1.238,1.232,1.232,0.007,0.5714,1317.63,162.505
163821.SZ,20170919,1.524,1.57,1.57,1.532,1.552,0.028,1.8373,51.0,7.915
163824.SZ,20170919,1.015,1.042,1.054,1.042,1.044,0.029,2.8571,242.0,25.378
163827.SZ,20170919,1.05,1.05,1.05,1.05,1.05,0.0,0.0,400.0,42.0
163907.SZ,20170919,1.043,1.044,1.044,1.044,1.044,0.001,0.0959,265.18,27.684
164105.SZ,20170919,1.246,1.246,1.252,1.246,1.252,0.006,0.4815,167.0,20.907
164208.SZ,20170919,1.138,1.138,1.138,1.138,1.138,0.0,0.0,5726.0,651.618
164403.SZ,20170919,0.97,0.986,0.994,0.983,0.984,0.014,1.4433,185.0,18.212
164701.SZ,20170919,0.618,0.618,0.618,0.615,0.616,-0.002,-0.3236,1100.0,67.823
164702.SZ,20170919,0.994,0.99,0.994,0.985,0.994,0.0,0.0,5883.02,581.921
164703.SZ,20170919,1.036,1.028,1.028,1.028,1.028,-0.008,-0.7722,3.0,0.308
164705.SZ,20170919,1.175,1.177,1.177,1.174,1.176,0.001,0.0851,1804.64,212.073
164808.SZ,20170919,0.999,0.999,0.999,0.999,0.999,0.0,0.0,296.0,29.57
164902.SZ,20170919,1.378,1.38,1.38,1.38,1.38,0.002,0.1451,67.0,9.246
164906.SZ,20170919,1.418,1.419,1.45,1.419,1.433,0.015,1.0578,19778.2,2837.292
165309.SZ,20170919,1.17,1.172,1.172,1.169,1.169,-0.001,-0.0855,123.0,14.379
165313.SZ,20170919,1.499,1.504,1.504,1.489,1.489,-0.01,-0.6671,1198.89,179.819
165508.SZ,20170919,1.902,1.956,1.987,1.939,1.939,0.037,1.9453,31.0,6.143
165510.SZ,20170919,0.84,0.849,0.849,0.846,0.846,0.006,0.7143,180.0,15.246
165512.SZ,20170919,2.461,2.459,2.482,2.459,2.482,0.021,0.8533,221.0,54.371
165513.SZ,20170919,0.431,0.431,0.434,0.431,0.434,0.003,0.6961,7967.0,344.731
165516.SZ,20170919,2.584,2.588,2.588,2.58,2.583,-0.001,-0.0387,231.0,59.601
165525.SZ,20170919,1.224,1.224,1.228,1.221,1.221,-0.003,-0.2451,35.0,4.287
165528.SZ,20170919,1.038,1.038,1.04,1.037,1.039,0.001,0.0963,34896.31,3625.268
165807.SZ,20170919,1.049,1.049,1.049,1.049,1.049,0.0,0.0,17.5,1.835
166001.SZ,20170919,1.167,1.167,1.171,1.164,1.164,-0.003,-0.2571,419.19,48.934
166006.SZ,20170919,1.11,1.11,1.11,1.102,1.107,-0.003,-0.2703,70.0,7.741
166007.SZ,20170919,1.351,1.339,1.344,1.339,1.344,-0.007,-0.5181,9.0,1.205
166008.SZ,20170919,1.027,1.031,1.031,1.029,1.03,0.003,0.2921,1002.16,103.308
166009.SZ,20170919,1.753,1.753,1.762,1.753,1.762,0.009,0.5134,65.44,11.496
166011.SZ,20170919,1.253,1.268,1.268,1.258,1.258,0.005,0.399,3.0,0.379
166016.SZ,20170919,1.156,1.122,1.138,1.122,1.138,-0.018,-1.5571,5.58,0.627
166023.SZ,20170919,0.999,0.999,0.999,0.994,0.994,-0.005,-0.5005,480.03,47.821
166401.SZ,20170919,1.056,1.062,1.062,1.051,1.051,-0.005,-0.4735,219.0,23.154
166402.SZ,20170919,1.041,1.047,1.047,1.036,1.045,0.004,0.3842,1045.06,108.57
167001.SZ,20170919,0.843,0.846,0.848,0.843,0.846,0.003,0.3559,40342.21,3412.298
167002.SZ,20170919,0.921,0.921,0.921,0.921,0.921,0.0,0.0,107.0,9.854
167003.SZ,20170919,0.948,0.944,0.964,0.944,0.949,0.001,0.1055,1211.46,114.462
167501.SZ,20170919,1.11,1.109,1.11,1.109,1.11,0.0,0.0,19983.38,2216.156
168101.SZ,20170919,1.12,1.12,1.122,1.111,1.114,-0.006,-0.5357,13134.0,1467.304
168102.SZ,20170919,0.879,0.88,0.883,0.876,0.878,-0.001,-0.1138,14689.01,1291.609
168103.SZ,20170919,0.835,0.835,0.84,0.831,0.832,-0.003,-0.3593,48102.31,4021.384
168104.SZ,20170919,0.972,0.879,0.977,0.879,0.977,0.005,0.5144,531.0,48.937
168105.SZ,20170919,0.852,0.855,0.862,0.855,0.856,0.004,0.4695,35535.0,3056.789
168106.SZ,20170919,0.885,0.883,0.884,0.883,0.883,-0.002,-0.226,50.0,4.416
168301.SZ,20170919,0.943,0.942,0.944,0.941,0.943,0.0,0.0,6638.0,625.355
168401.SZ,20170919,0.905,0.93,0.93,0.921,0.921,0.016,1.768,531.0,49.087
169101.SZ,20170919,1.388,1.389,1.52,1.389,1.495,0.107,7.7089,214266.3,31345.578
169102.SZ,20170919,1.625,1.603,1.636,1.603,1.633,0.008,0.4923,5584.23,909.586
169103.SZ,20170919,1.425,1.422,1.448,1.41,1.443,0.018,1.2632,9042.56,1294.359
169104.SZ,20170919,1.411,1.475,1.475,1.415,1.438,0.027,1.9135,3706.56,531.817
169105.SZ,20170919,1.451,1.451,1.458,1.438,1.452,0.001,0.0689,245264.49,35528.247
169201.SZ,20170919,0.902,0.902,0.906,0.902,0.902,0.0,0.0,760.54,68.821
184801.SZ,20170919,99.599,99.599,99.599,99.22,99.495,-0.104,-0.1044,104.9,1043.173
501001.SH,20170919,1.081,1.09,1.095,1.08,1.081,0.0,0.0,4022.4,436.533
501002.SH,20170919,1.064,1.069,1.098,1.066,1.08,0.016,1.5038,1103.52,119.689
501003.SH,20170919,1.033,1.075,1.075,1.033,1.05,0.017,1.6457,61.0,6.394
501005.SH,20170919,0.965,0.964,0.967,0.961,0.965,0.0,0.0,1328.0,128.161
501007.SH,20170919,0.926,0.925,0.931,0.925,0.929,0.003,0.324,439.81,40.839
501009.SH,20170919,1.067,1.068,1.076,1.068,1.073,0.006,0.5623,776.28,83.126
501010.SH,20170919,1.062,1.066,1.066,1.065,1.065,0.003,0.2825,53.0,5.646
501012.SH,20170919,1.022,1.026,1.026,1.026,1.026,0.004,0.3914,40.0,4.104
501015.SH,20170919,0.968,0.969,0.971,0.969,0.969,0.001,0.1033,65599.51,6358.308
501016.SH,20170919,1.15,1.136,1.147,1.133,1.133,-0.017,-1.4783,1106.11,125.94
501017.SH,20170919,0.928,0.926,0.932,0.925,0.926,-0.002,-0.2155,2879.57,267.259
501018.SH,20170919,0.886,0.888,0.888,0.883,0.885,-0.001,-0.1129,45241.95,4001.283
501019.SH,20170919,0.882,0.886,0.886,0.83,0.88,-0.002,-0.2268,2274.18,199.069
501020.SH,20170919,1.055,1.055,1.055,1.048,1.049,-0.006,-0.5687,426.52,44.808
501021.SH,20170919,1.361,1.361,1.361,1.341,1.349,-0.012,-0.8817,59008.0,7961.355
501022.SH,20170919,0.929,0.934,0.938,0.924,0.928,-0.001,-0.1076,40509.29,3758.865
501023.SH,20170919,1.144,1.141,1.144,1.137,1.137,-0.007,-0.6119,2721.83,310.167
501025.SH,20170919,1.129,1.129,1.129,1.118,1.128,-0.001,-0.0886,1087.57,122.21
501026.SH,20170919,0.944,0.945,0.948,0.944,0.946,0.002,0.2119,24972.43,2360.863
501027.SH,20170919,0.982,0.977,0.993,0.977,0.985,0.003,0.3055,10699.79,1052.513
501028.SH,20170919,0.956,0.955,0.959,0.955,0.956,0.0,0.0,10416.32,996.655
501029.SH,20170919,1.095,1.095,1.099,1.091,1.094,-0.001,-0.0913,29601.03,3242.029
501030.SH,20170919,1.02,1.018,1.018,1.016,1.017,-0.003,-0.2941,1277.03,129.887
501031.SH,20170919,1.027,1.017,1.019,1.017,1.019,-0.008,-0.779,116.24,11.842
501032.SH,20170919,1.004,0.98,0.987,0.98,0.986,-0.018,-1.7928,1102.53,108.722
501035.SH,20170919,0.91,0.903,0.91,0.898,0.903,-0.007,-0.7692,20410.86,1843.49
501050.SH,20170919,1.131,1.13,1.131,1.127,1.128,-0.003,-0.2653,12989.89,1466.598
501300.SH,20170919,0.964,0.964,0.967,0.96,0.96,-0.004,-0.4149,6603.19,636.212
501301.SH,20170919,1.091,1.086,1.097,1.085,1.093,0.002,0.1833,651.92,70.988
501302.SH,20170919,1.018,1.014,1.1,1.014,1.1,0.082,8.055,1629.7,167.003
502001.SH,20170919,1.161,1.161,1.161,1.161,1.161,0.0,0.0,18.0,2.09
502002.SH,20170919,0.947,0.943,0.943,0.92,0.92,-0.027,-2.8511,15.71,1.48
502003.SH,20170919,0.967,0.969,1.041,0.961,0.961,-0.006,-0.6205,1065.35,104.029
502004.SH,20170919,0.968,0.968,0.968,0.963,0.964,-0.004,-0.4132,1352.0,130.47
502005.SH,20170919,0.969,0.969,0.986,0.956,0.956,-0.013,-1.3416,4177.49,404.973
502006.SH,20170919,1.047,1.047,1.05,1.042,1.043,-0.004,-0.382,7302.82,761.79
502007.SH,20170919,1.019,1.019,1.02,1.018,1.019,0.0,0.0,4103.4,418.361
502008.SH,20170919,1.082,1.098,1.098,1.07,1.07,-0.012,-1.1091,6166.17,660.337
502010.SH,20170919,1.228,1.222,1.222,1.209,1.222,-0.006,-0.4886,648.0,78.408
502011.SH,20170919,0.986,0.988,0.988,0.984,0.984,-0.002,-0.2028,301.0,29.619
502012.SH,20170919,1.472,1.48,1.489,1.45,1.469,-0.003,-0.2038,3621.54,529.916
502013.SH,20170919,0.891,0.887,0.891,0.885,0.889,-0.002,-0.2245,6696.86,593.952
502014.SH,20170919,1.01,1.008,1.009,1.006,1.008,-0.002,-0.198,4088.1,412.161
502015.SH,20170919,0.772,0.769,0.772,0.76,0.76,-0.012,-1.5544,11905.76,913.247
502018.SH,20170919,1.08,0.977,0.977,0.977,0.977,-0.103,-9.537,100.0,9.77
502022.SH,20170919,1.618,1.66,1.7,1.66,1.7,0.082,5.068,11.24,1.906
502023.SH,20170919,1.08,1.08,1.093,1.065,1.067,-0.013,-1.2037,973.0,103.976
502024.SH,20170919,1.088,1.051,1.197,1.051,1.197,0.109,10.0184,14.0,1.486
502025.SH,20170919,1.105,1.036,1.105,1.036,1.04,-0.065,-5.8824,719.5,78.843
502026.SH,20170919,0.859,0.869,0.869,0.868,0.868,0.009,1.0477,2.0,0.174
502031.SH,20170919,0.998,1.003,1.003,1.003,1.003,0.005,0.501,52.0,5.216
502032.SH,20170919,1.018,1.012,1.012,1.012,1.012,-0.006,-0.5894,52.0,5.262
502036.SH,20170919,1.055,1.046,1.054,1.012,1.051,-0.004,-0.3791,309.15,31.665
502038.SH,20170919,1.045,1.031,1.055,1.031,1.055,0.01,0.9569,41.29,4.355
502040.SH,20170919,1.1,1.101,1.14,1.101,1.14,0.04,3.6364,256.04,28.67
502042.SH,20170919,1.19,1.078,1.187,1.078,1.11,-0.08,-6.7227,81.0,8.839
502048.SH,20170919,1.342,1.33,1.336,1.326,1.335,-0.007,-0.5216,5884.8,783.869
502049.SH,20170919,1.005,1.008,1.022,1.002,1.008,0.003,0.2985,5610.0,565.52
502050.SH,20170919,1.655,1.636,1.664,1.636,1.657,0.002,0.1208,4854.23,799.545
502053.SH,20170919,1.049,1.04,1.04,1.04,1.04,-0.009,-0.858,120.0,12.48
502055.SH,20170919,1.04,1.036,1.044,1.026,1.027,-0.013,-1.25,5670.0,584.75
502056.SH,20170919,1.0,0.999,0.999,0.99,0.999,-0.001,-0.1,214.76,21.381
502058.SH,20170919,1.018,0.92,0.996,0.92,0.955,-0.063,-6.1886,1522.43,147.581
505888.SH,20170919,1.112,1.112,1.113,1.109,1.109,-0.003,-0.2698,185467.77,20600.725
510010.SH,20170919,1.129,1.123,1.125,1.12,1.12,-0.009,-0.7972,42.0,4.719
510020.SH,20170919,2.681,2.656,2.674,2.632,2.667,-0.014,-0.5222,284.2,75.256
510030.SH,20170919,4.847,4.757,4.819,4.757,4.819,-0.028,-0.5777,28.0,13.363
510050.SH,20170919,2.729,2.731,2.738,2.71,2.72,-0.009,-0.3298,3095470.0,843077.912
510060.SH,20170919,1.839,1.843,1.845,1.832,1.837,-0.002,-0.1088,1690.96,311.132
510070.SH,20170919,1.818,1.817,1.82,1.816,1.816,-0.002,-0.11,81.0,14.717
510090.SH,20170919,1.563,1.538,1.554,1.538,1.554,-0.009,-0.5758,3.0,0.463
510110.SH,20170919,3.586,3.55,3.573,3.528,3.534,-0.052,-1.4501,320.0,112.997
510120.SH,20170919,3.068,3.035,3.067,2.951,2.987,-0.081,-2.6402,696.0,211.843
510130.SH,20170919,4.033,4.031,4.031,4.023,4.023,-0.01,-0.248,91.51,36.866
510150.SH,20170919,4.497,4.494,4.494,4.421,4.426,-0.071,-1.5788,240.0,107.526
510160.SH,20170919,0.612,0.612,0.613,0.608,0.61,-0.002,-0.3268,38796.0,2369.724
510170.SH,20170919,2.227,2.198,2.199,2.178,2.196,-0.031,-1.392,878.0,191.937
510180.SH,20170919,3.463,3.46,3.468,3.44,3.45,-0.013,-0.3754,73349.5,25346.801
510190.SH,20170919,3.8,3.775,3.775,3.728,3.73,-0.07,-1.8421,7.0,2.62
510210.SH,20170919,3.988,4.0,4.0,4.0,4.0,0.012,0.3009,3.0,1.2
510220.SH,20170919,4.29,4.256,4.286,4.254,4.279,-0.011,-0.2564,42.0,17.887
510230.SH,20170919,6.153,6.177,6.179,6.114,6.14,-0.013,-0.2113,1155.01,707.978
510260.SH,20170919,1.23,1.21,1.244,1.2,1.244,0.014,1.1382,115.0,13.857
510270.SH,20170919,1.138,1.135,1.135,1.128,1.133,-0.005,-0.4394,1031.18,116.57
510280.SH,20170919,1.643,1.635,1.688,1.629,1.687,0.044,2.678,100.0,16.522
510290.SH,20170919,1.654,1.654,1.657,1.652,1.655,0.001,0.0605,182.0,30.115
510300.SH,20170919,3.911,3.912,3.915,3.872,3.886,-0.025,-0.6392,887575.81,345678.308
510310.SH,20170919,1.638,1.635,1.638,1.624,1.63,-0.008,-0.4884,10746.0,1753.187
510330.SH,20170919,4.182,4.182,4.191,4.143,4.154,-0.028,-0.6695,43754.0,18211.655
510360.SH,20170919,1.209,1.211,1.212,1.2,1.202,-0.007,-0.579,106335.0,12854.514
510410.SH,20170919,0.861,0.858,0.861,0.85,0.855,-0.006,-0.6969,2667.4,227.951
510420.SH,20170919,1.552,1.552,1.552,1.551,1.551,-0.001,-0.0644,12.0,1.862
510430.SH,20170919,1.513,1.503,1.503,1.5,1.503,-0.01,-0.6609,21.0,3.151
510440.SH,20170919,1.883,1.886,1.886,1.886,1.886,0.003,0.1593,20.0,3.772
510500.SH,20170919,7.036,7.033,7.05,6.952,6.976,-0.06,-0.8528,342832.83,239699.528
510510.SH,20170919,1.85,1.851,1.851,1.834,1.837,-0.013,-0.7027,7725.0,1427.451
510520.SH,20170919,1.68,1.675,1.677,1.674,1.677,-0.003,-0.1786,20.0,3.349
510580.SH,20170919,6.598,6.568,6.569,6.55,6.56,-0.038,-0.5759,72.0,47.287
510630.SH,20170919,2.066,2.058,2.072,2.058,2.061,-0.005,-0.242,530.0,109.291
510650.SH,20170919,1.758,1.752,1.76,1.745,1.745,-0.013,-0.7395,4454.0,780.61
510660.SH,20170919,1.716,1.716,1.722,1.707,1.707,-0.009,-0.5245,1451.0,248.978
510680.SH,20170919,2.224,2.25,2.25,2.234,2.234,0.01,0.4496,35.0,7.837
510710.SH,20170919,2.803,2.798,2.805,2.776,2.78,-0.023,-0.8205,7697.0,2147.724
510810.SH,20170919,1.019,1.02,1.02,1.014,1.015,-0.004,-0.3925,48221.0,4909.631
510880.SH,20170919,3.01,3.011,3.025,3.0,3.004,-0.006,-0.1993,32052.91,9638.481
510900.SH,20170919,1.197,1.198,1.207,1.196,1.197,0.0,0.0,9819068.0,1178844.657
511010.SH,20170919,110.014,110.047,110.047,109.758,110.021,0.007,0.0064,27061.68,297736.948
511210.SH,20170919,110.5,111.4,111.4,109.0,110.051,-0.449,-0.4063,6.0,66.249
511220.SH,20170919,92.485,92.48,92.528,92.48,92.489,0.004,0.0043,1871.0,17306.064
511260.SH,20170919,100.276,100.03,100.276,100.03,100.121,-0.155,-0.1546,212.0,2125.625
511600.SH,20170919,99.986,99.987,99.988,99.982,99.983,-0.003,-0.003,610.92,6108.275
511620.SH,20170919,99.984,99.971,99.978,99.78,99.823,-0.161,-0.161,473.01,4728.804
511650.SH,20170919,99.987,99.989,99.989,99.977,99.978,-0.009,-0.009,13796.02,137935.01
511660.SH,20170919,99.99,99.983,99.988,99.975,99.979,-0.011,-0.011,135996.13,1359697.376
511670.SH,20170919,99.985,99.978,99.983,99.978,99.979,-0.006,-0.006,911.3,9111.185
511680.SH,20170919,99.981,99.985,99.985,99.976,99.977,-0.004,-0.004,127.0,1269.72
511690.SH,20170919,99.986,99.986,99.987,99.975,99.98,-0.006,-0.006,73426.85,734122.148
511700.SH,20170919,100.003,100.0,100.015,99.988,99.992,-0.011,-0.011,2536.14,25362.384
511760.SH,20170919,99.88,99.955,99.955,99.955,99.955,0.075,0.0751,0.1,1.0
511770.SH,20170919,99.991,99.984,99.996,99.974,99.978,-0.013,-0.013,208.45,2084.107
511800.SH,20170919,99.983,99.984,99.985,99.975,99.981,-0.002,-0.002,3230.35,32297.108
511810.SH,20170919,99.986,99.984,99.985,99.978,99.979,-0.007,-0.007,97536.07,975178.315
511820.SH,20170919,99.987,99.985,99.986,99.98,99.981,-0.006,-0.006,50754.71,507460.993
511830.SH,20170919,99.985,99.983,99.985,99.979,99.98,-0.005,-0.005,1884.0,18836.62
511850.SH,20170919,99.998,99.998,99.998,99.988,99.99,-0.008,-0.008,10655.49,106547.5
511860.SH,20170919,99.991,99.995,99.995,99.98,99.981,-0.01,-0.01,847.9,8477.685
511880.SH,20170919,102.581,102.585,102.587,102.574,102.583,0.002,0.0019,624890.41,6410232.345
511890.SH,20170919,99.98,99.988,99.988,99.9,99.979,-0.001,-0.001,204.25,2040.964
511900.SH,20170919,99.988,99.985,99.986,99.975,99.978,-0.01,-0.01,65151.59,651388.749
511910.SH,20170919,99.988,99.986,99.986,99.977,99.98,-0.008,-0.008,2288.82,22883.778
511920.SH,20170919,99.985,99.981,99.981,99.957,99.963,-0.022,-0.022,6.04,60.377
511960.SH,20170919,99.992,99.997,99.997,99.961,99.993,0.001,0.001,246.28,2462.197
511970.SH,20170919,99.988,99.986,99.986,99.0,99.977,-0.011,-0.011,4224.06,42082.402
511980.SH,20170919,99.986,99.986,99.986,99.977,99.98,-0.006,-0.006,5157.69,51566.539
511990.SH,20170919,99.986,99.985,99.986,99.97,99.979,-0.007,-0.007,1037826.37,10376218.125
512000.SH,20170919,1.069,1.07,1.07,1.05,1.055,-0.014,-1.3096,62873.0,6658.514
512010.SH,20170919,1.485,1.486,1.486,1.479,1.482,-0.003,-0.202,526.0,77.926
512070.SH,20170919,2.033,2.039,2.039,1.999,2.007,-0.026,-1.2789,14452.0,2915.021
512100.SH,20170919,0.914,0.915,0.917,0.908,0.911,-0.003,-0.3282,3073.0,280.074
512210.SH,20170919,1.858,1.824,1.825,1.81,1.82,-0.038,-2.0452,36796.0,6686.837
512220.SH,20170919,1.44,1.429,1.43,1.42,1.43,-0.01,-0.6944,4.0,0.571
512230.SH,20170919,1.304,1.306,1.306,1.304,1.304,0.0,0.0,2.0,0.261
512300.SH,20170919,1.19,1.193,1.193,1.186,1.186,-0.004,-0.3361,3305.0,393.081
512310.SH,20170919,0.733,0.733,0.736,0.73,0.733,0.0,0.0,2247.0,164.712
512330.SH,20170919,0.862,0.863,0.864,0.853,0.853,-0.009,-1.0441,1797.0,154.068
512340.SH,20170919,1.017,1.015,1.021,1.006,1.008,-0.009,-0.885,8997.0,914.804
512400.SH,20170919,1.048,1.048,1.053,1.037,1.042,-0.006,-0.5725,260520.0,27200.46
512500.SH,20170919,3.269,3.266,3.266,3.235,3.256,-0.013,-0.3977,1113.61,362.703
512510.SH,20170919,1.368,1.37,1.37,1.359,1.362,-0.006,-0.4386,32577.0,4454.427
512550.SH,20170919,1.01,1.013,1.014,1.007,1.009,-0.001,-0.099,7019.0,709.303
512560.SH,20170919,1.042,1.04,1.041,1.033,1.04,-0.002,-0.1919,3023.0,313.997
512570.SH,20170919,1.07,1.061,1.065,1.051,1.058,-0.012,-1.1215,10612.0,1126.429
512580.SH,20170919,1.063,1.066,1.069,1.056,1.06,-0.003,-0.2822,19581.0,2082.523
512600.SH,20170919,1.986,1.927,1.983,1.927,1.946,-0.04,-2.0141,1115.0,215.867
512610.SH,20170919,1.451,1.457,1.457,1.447,1.447,-0.004,-0.2757,43.0,6.253
512640.SH,20170919,1.907,1.907,1.907,1.896,1.896,-0.011,-0.5768,1247.0,236.768
512660.SH,20170919,0.919,0.92,0.92,0.911,0.913,-0.006,-0.6529,142308.77,13022.188
512680.SH,20170919,0.894,0.897,0.897,0.885,0.887,-0.007,-0.783,34874.0,3105.855
512700.SH,20170919,0.995,0.995,0.998,0.987,0.995,0.0,0.0,20814.0,2064.885
512800.SH,20170919,0.991,0.989,0.993,0.983,0.988,-0.003,-0.3027,155125.0,15322.25
512810.SH,20170919,0.884,0.88,0.886,0.875,0.879,-0.005,-0.5656,7168.0,630.51
512880.SH,20170919,1.131,1.134,1.134,1.109,1.114,-0.017,-1.5031,283380.0,31724.439
512900.SH,20170919,1.076,1.076,1.076,1.06,1.063,-0.013,-1.2082,103090.0,11010.663
512990.SH,20170919,1.151,1.152,1.154,1.146,1.147,-0.004,-0.3475,11104.0,1279.693
513030.SH,20170919,1.116,1.117,1.123,1.116,1.122,0.006,0.5376,21150.0,2367.933
513050.SH,20170919,1.471,1.484,1.507,1.483,1.5,0.029,1.9714,157586.0,23631.84
513100.SH,20170919,2.058,2.053,2.058,2.052,2.058,0.0,0.0,10361.0,2128.888
513500.SH,20170919,1.512,1.511,1.515,1.511,1.515,0.003,0.1984,5069.0,767.266
513600.SH,20170919,2.436,2.439,2.457,2.429,2.448,0.012,0.4926,1969.0,482.712
513660.SH,20170919,2.452,2.475,2.475,2.456,2.459,0.007,0.2855,5302.91,1308.212
518800.SH,20170919,2.765,2.759,2.767,2.739,2.765,0.0,0.0,368176.0,101756.046
518880.SH,20170919,2.758,2.753,2.764,2.753,2.759,0.001,0.0363,5063499.65,1397177.844
