ts_code,trade_date,pre_close,open,high,low,close,change,pct_chg,vol,amount
150009.SZ,20170915,1.123,1.1,1.139,1.1,1.139,0.016,1.4248,216.17,24.346
150012.SZ,20170915,1.025,1.024,1.025,1.024,1.025,0.0,0.0,491.43,50.342
150013.SZ,20170915,1.396,1.371,1.41,1.371,1.395,-0.001,-0.0716,402.76,55.752
150016.SZ,20170915,1.062,1.065,1.065,1.065,1.065,0.003,0.2825,505.0,53.782
150017.SZ,20170915,1.221,1.213,1.223,1.213,1.223,0.002,0.1638,146.0,17.713
150018.SZ,20170915,1.033,1.032,1.038,1.032,1.034,0.001,0.0968,42179.93,4366.066
150019.SZ,20170915,1.033,1.033,1.046,1.027,1.04,0.007,0.6776,309043.18,32052.968
150021.SZ,20170915,1.034,1.034,1.036,1.034,1.036,0.002,0.1934,10182.0,1052.899
150022.SZ,20170915,0.83,0.83,0.831,0.827,0.828,-0.002,-0.241,197151.0,16333.4
150023.SZ,20170915,0.414,0.414,0.417,0.412,0.415,0.001,0.2415,320102.15,13257.019
150028.SZ,20170915,1.001,1.002,1.003,1.002,1.002,0.001,0.0999,2193.0,219.757
150029.SZ,20170915,1.585,1.587,1.598,1.574,1.576,-0.009,-0.5678,2249.88,356.628
150030.SZ,20170915,1.049,1.003,1.009,1.003,1.009,-0.04,-3.8132,1.8,0.181
150031.SZ,20170915,1.335,1.3,1.333,1.3,1.306,-0.029,-2.1723,18.68,2.432
150033.SZ,20170915,0.948,0.938,0.938,0.938,0.938,-0.01,-1.0549,33.01,3.096
150048.SZ,20170915,1.116,1.132,1.132,1.107,1.125,0.009,0.8065,20.0,2.22
150050.SZ,20170915,1.347,1.345,1.345,1.345,1.345,-0.002,-0.1485,430.0,57.835
150051.SZ,20170915,0.988,0.989,0.989,0.987,0.988,0.0,0.0,448.9,44.326
150052.SZ,20170915,1.723,1.72,1.737,1.72,1.726,0.003,0.1741,5369.82,926.007
150054.SZ,20170915,1.1,1.099,1.15,1.06,1.061,-0.039,-3.5455,523.48,57.723
150057.SZ,20170915,1.11,1.111,1.111,1.111,1.111,0.001,0.0901,15.49,1.72
150058.SZ,20170915,1.13,1.032,1.104,1.032,1.104,-0.026,-2.3009,11.0,1.207
150059.SZ,20170915,1.05,1.099,1.099,1.077,1.077,0.027,2.5714,2084.0,225.582
150060.SZ,20170915,1.56,1.47,1.527,1.47,1.527,-0.033,-2.1154,928.0,139.575
150065.SZ,20170915,1.094,1.094,1.094,1.094,1.094,0.0,0.0,1.39,0.152
150066.SZ,20170915,0.895,0.887,0.887,0.865,0.871,-0.024,-2.6816,728.0,63.402
150073.SZ,20170915,1.004,1.025,1.026,1.024,1.024,0.02,1.992,202.0,20.714
150075.SZ,20170915,1.333,1.3,1.301,1.298,1.301,-0.032,-2.4006,193.05,25.093
150083.SZ,20170915,1.056,1.053,1.053,1.053,1.053,-0.003,-0.2841,1.0,0.105
150084.SZ,20170915,1.329,1.211,1.325,1.211,1.253,-0.076,-5.7186,137.0,17.143
150090.SZ,20170915,1.057,1.038,1.039,1.038,1.039,-0.018,-1.7029,204.0,21.182
150091.SZ,20170915,1.092,1.058,1.068,1.05,1.056,-0.036,-3.2967,44.93,4.741
150092.SZ,20170915,1.097,1.102,1.102,1.102,1.102,0.005,0.4558,210.0,23.142
150093.SZ,20170915,1.025,0.983,1.015,0.983,1.015,-0.01,-0.9756,213.05,20.952
150095.SZ,20170915,0.531,0.55,0.58,0.53,0.579,0.048,9.0395,420.0,22.475
150100.SZ,20170915,1.059,1.051,1.051,0.994,0.994,-0.065,-6.1379,8.0,0.834
150101.SZ,20170915,1.83,1.825,1.825,1.761,1.79,-0.04,-2.1858,4697.0,834.947
150105.SZ,20170915,1.572,1.617,1.617,1.617,1.617,0.045,2.8626,1.0,0.161
150106.SZ,20170915,1.11,1.11,1.116,1.11,1.116,0.006,0.5405,2144.0,238.871
150107.SZ,20170915,1.173,1.17,1.175,1.161,1.168,-0.005,-0.4263,3260.05,380.367
150117.SZ,20170915,1.048,1.046,1.048,1.045,1.048,0.0,0.0,46824.17,4898.706
150118.SZ,20170915,0.56,0.558,0.605,0.555,0.583,0.023,4.1071,328886.93,19269.884
150124.SZ,20170915,2.249,2.248,2.25,2.169,2.244,-0.005,-0.2223,749.0,167.559
150130.SZ,20170915,1.052,1.054,1.055,1.052,1.053,0.001,0.0951,116744.0,12298.091
150131.SZ,20170915,0.524,0.524,0.525,0.518,0.524,0.0,0.0,298188.02,15566.429
150135.SZ,20170915,1.021,1.015,1.021,1.014,1.021,0.0,0.0,158.0,16.033
150136.SZ,20170915,0.917,0.989,0.989,0.9,0.9,-0.017,-1.8539,41.0,3.698
150144.SZ,20170915,0.729,0.72,0.724,0.707,0.724,-0.005,-0.6859,185.31,13.366
150145.SZ,20170915,1.042,1.023,1.023,1.023,1.023,-0.019,-1.8234,1.0,0.102
150146.SZ,20170915,0.498,0.518,0.521,0.503,0.51,0.012,2.4096,386.0,19.792
150148.SZ,20170915,1.078,1.071,1.088,1.071,1.079,0.001,0.0928,79.0,8.527
150149.SZ,20170915,0.645,0.641,0.649,0.64,0.647,0.002,0.3101,2028.54,130.583
150151.SZ,20170915,1.81,1.757,1.796,1.757,1.79,-0.02,-1.105,1723.22,307.632
150152.SZ,20170915,1.01,1.009,1.009,1.006,1.007,-0.003,-0.297,126235.0,12719.199
150153.SZ,20170915,0.663,0.664,0.669,0.655,0.663,0.0,0.0,1760278.21,116710.787
150154.SZ,20170915,0.943,0.943,0.943,0.942,0.943,0.0,0.0,3175.24,299.422
150156.SZ,20170915,1.017,1.017,1.017,1.017,1.017,0.0,0.0,5275.05,536.472
150157.SZ,20170915,1.003,1.002,1.003,1.001,1.001,-0.002,-0.1994,12925.0,1295.498
150158.SZ,20170915,1.07,1.069,1.074,1.057,1.07,0.0,0.0,32531.42,3464.324
150165.SZ,20170915,0.849,0.782,0.824,0.782,0.824,-0.025,-2.9446,1.18,0.096
150168.SZ,20170915,0.831,0.888,0.888,0.888,0.888,0.057,6.8592,200.0,17.76
150169.SZ,20170915,0.988,0.987,0.988,0.985,0.987,-0.001,-0.1012,9384.0,925.824
150170.SZ,20170915,1.338,1.337,1.341,1.323,1.341,0.003,0.2242,12081.5,1614.015
150171.SZ,20170915,0.977,0.977,0.98,0.973,0.976,-0.001,-0.1024,52330.79,5118.654
150172.SZ,20170915,1.25,1.253,1.273,1.24,1.261,0.011,0.88,706389.63,88770.849
150173.SZ,20170915,0.988,0.984,0.988,0.956,0.987,-0.001,-0.1012,1038.0,101.552
150174.SZ,20170915,0.653,0.641,0.667,0.641,0.652,-0.001,-0.1531,5996.02,392.353
150175.SZ,20170915,0.968,0.968,0.968,0.965,0.966,-0.002,-0.2066,135852.5,13136.845
150176.SZ,20170915,1.01,1.004,1.014,0.994,1.007,-0.003,-0.297,291167.64,29112.115
150178.SZ,20170915,1.633,1.632,1.64,1.612,1.636,0.003,0.1837,1509.21,245.788
150179.SZ,20170915,1.054,1.012,1.012,1.012,1.012,-0.042,-3.9848,0.52,0.052
150180.SZ,20170915,1.43,1.43,1.43,1.428,1.429,-0.001,-0.0699,138.84,19.839
150181.SZ,20170915,0.981,0.981,0.981,0.98,0.98,-0.001,-0.1019,174571.0,17109.973
150182.SZ,20170915,0.861,0.862,0.877,0.862,0.876,0.015,1.7422,331317.58,28912.437
150184.SZ,20170915,1.02,1.019,1.02,1.018,1.02,0.0,0.0,4532.47,461.988
150185.SZ,20170915,0.927,0.929,0.929,0.921,0.923,-0.004,-0.4315,28982.66,2683.866
150186.SZ,20170915,0.956,0.956,0.956,0.954,0.956,0.0,0.0,11037.0,1054.094
150187.SZ,20170915,0.647,0.649,0.662,0.649,0.659,0.012,1.8547,20453.41,1344.834
150188.SZ,20170915,1.009,1.007,1.009,1.007,1.008,-0.001,-0.0991,907.26,91.528
150189.SZ,20170915,0.97,0.905,0.969,0.905,0.946,-0.024,-2.4742,323.51,30.772
150190.SZ,20170915,1.044,1.045,1.045,1.045,1.045,0.001,0.0958,110.0,11.495
150191.SZ,20170915,1.295,1.262,1.295,1.234,1.294,-0.001,-0.0772,104.91,13.12
150193.SZ,20170915,1.149,1.141,1.2,1.116,1.189,0.04,3.4813,8977.77,1051.952
150194.SZ,20170915,1.007,1.003,1.012,1.001,1.008,0.001,0.0993,5625.08,564.911
150195.SZ,20170915,1.227,1.229,1.229,1.213,1.214,-0.013,-1.0595,26518.04,3229.965
150196.SZ,20170915,1.114,1.114,1.114,1.106,1.106,-0.008,-0.7181,369.79,41.193
150197.SZ,20170915,1.601,1.597,1.597,1.511,1.523,-0.078,-4.872,187811.8,28939.165
150198.SZ,20170915,1.156,1.146,1.146,1.146,1.146,-0.01,-0.8651,1.0,0.114
150199.SZ,20170915,1.014,1.019,1.026,1.013,1.02,0.006,0.5917,12249.18,1250.704
150200.SZ,20170915,0.981,0.98,0.981,0.978,0.978,-0.003,-0.3058,622817.0,61018.8
150201.SZ,20170915,0.565,0.565,0.577,0.554,0.572,0.007,1.2389,6526027.55,370960.039
150203.SZ,20170915,1.012,1.007,1.007,0.995,1.003,-0.009,-0.8893,268.02,26.683
150204.SZ,20170915,0.865,0.858,0.86,0.846,0.852,-0.013,-1.5029,1448.72,123.4
150205.SZ,20170915,0.968,0.968,0.973,0.968,0.972,0.004,0.4132,120780.67,11731.523
150206.SZ,20170915,1.01,1.017,1.032,1.012,1.032,0.022,2.1782,257009.76,26385.163
150207.SZ,20170915,1.116,1.09,1.096,1.068,1.096,-0.02,-1.7921,134.0,14.62
150208.SZ,20170915,0.537,0.542,0.575,0.542,0.565,0.028,5.2142,18542.68,1047.556
150209.SZ,20170915,0.991,0.988,0.99,0.986,0.987,-0.004,-0.4036,37551.63,3709.549
150210.SZ,20170915,0.908,0.907,0.909,0.894,0.904,-0.004,-0.4405,212957.69,19239.625
150211.SZ,20170915,1.021,1.021,1.021,1.015,1.018,-0.003,-0.2938,2344.0,239.006
150212.SZ,20170915,0.979,0.97,0.976,0.935,0.961,-0.018,-1.8386,163157.38,15531.196
150213.SZ,20170915,1.033,1.032,1.033,1.032,1.033,0.0,0.0,10714.0,1106.658
150214.SZ,20170915,0.477,0.477,0.48,0.469,0.475,-0.002,-0.4193,87582.0,4153.579
150216.SZ,20170915,1.241,1.243,1.254,1.243,1.243,0.002,0.1612,167.88,20.872
150217.SZ,20170915,1.008,1.007,1.009,1.005,1.005,-0.003,-0.2976,16892.0,1700.44
150218.SZ,20170915,0.776,0.779,0.779,0.754,0.768,-0.008,-1.0309,28998.76,2212.853
150219.SZ,20170915,1.18,1.185,1.185,1.18,1.18,0.0,0.0,529.5,62.741
150220.SZ,20170915,0.828,0.83,0.831,0.825,0.83,0.002,0.2415,4225.0,350.148
150221.SZ,20170915,1.114,1.116,1.122,1.113,1.122,0.008,0.7181,131443.0,14697.193
150222.SZ,20170915,0.468,0.47,0.477,0.469,0.474,0.006,1.2821,1029779.51,48828.717
150223.SZ,20170915,1.127,1.126,1.126,1.124,1.124,-0.003,-0.2662,8668.0,974.475
150224.SZ,20170915,1.001,0.997,1.012,0.99,1.002,0.001,0.0999,217443.61,21764.309
150225.SZ,20170915,1.048,1.045,1.119,1.034,1.1,0.052,4.9618,738.76,77.441
150226.SZ,20170915,1.427,1.438,1.476,1.409,1.413,-0.014,-0.9811,605.09,86.913
150227.SZ,20170915,0.986,0.987,0.987,0.984,0.984,-0.002,-0.2028,163182.0,16081.45
150228.SZ,20170915,0.936,0.935,0.935,0.921,0.93,-0.006,-0.641,580636.85,53858.532
150229.SZ,20170915,1.025,1.039,1.039,1.029,1.029,0.004,0.3902,410.0,42.322
150230.SZ,20170915,1.31,1.285,1.329,1.285,1.3,-0.01,-0.7634,936.05,120.999
150232.SZ,20170915,1.233,1.176,1.239,1.176,1.236,0.003,0.2433,133.03,15.754
150233.SZ,20170915,0.958,0.957,0.958,0.957,0.958,0.0,0.0,664.36,63.627
150234.SZ,20170915,1.242,1.199,1.216,1.199,1.216,-0.026,-2.0934,541.51,64.973
150235.SZ,20170915,1.068,1.048,1.066,1.048,1.066,-0.002,-0.1873,97.0,10.167
150236.SZ,20170915,0.953,0.948,0.961,0.945,0.955,0.002,0.2099,17486.18,1666.804
150238.SZ,20170915,1.248,1.249,1.249,1.249,1.249,0.001,0.0801,7.0,0.874
150241.SZ,20170915,1.028,1.013,1.038,1.013,1.033,0.005,0.4864,3.0,0.308
150242.SZ,20170915,1.037,1.045,1.045,1.021,1.03,-0.007,-0.675,1612.01,165.521
150243.SZ,20170915,1.029,1.03,1.032,1.03,1.032,0.003,0.2915,5444.34,560.832
150244.SZ,20170915,0.698,0.695,0.699,0.69,0.699,0.001,0.1433,42903.0,2984.181
150245.SZ,20170915,1.151,1.151,1.151,1.125,1.125,-0.026,-2.2589,56.48,6.496
150246.SZ,20170915,1.033,1.005,1.024,1.005,1.024,-0.009,-0.8712,676.0,68.059
150247.SZ,20170915,1.033,1.033,1.033,1.033,1.033,0.0,0.0,181.0,18.697
150248.SZ,20170915,0.902,0.914,0.914,0.878,0.898,-0.004,-0.4435,2117.96,190.098
150249.SZ,20170915,1.004,1.014,1.014,1.014,1.014,0.01,0.996,595.0,60.333
150250.SZ,20170915,1.006,1.029,1.029,0.98,0.99,-0.016,-1.5905,1440.0,143.542
150251.SZ,20170915,1.057,1.045,1.095,1.045,1.058,0.001,0.0946,339.0,35.742
150252.SZ,20170915,1.732,1.715,1.731,1.6,1.618,-0.114,-6.582,9732.2,1593.917
150255.SZ,20170915,0.96,0.959,0.96,0.958,0.958,-0.002,-0.2083,4420.0,423.594
150256.SZ,20170915,0.931,0.874,0.908,0.874,0.908,-0.023,-2.4705,178.0,15.924
150259.SZ,20170915,0.96,0.959,0.961,0.959,0.959,-0.001,-0.1042,4763.41,457.147
150260.SZ,20170915,0.76,0.74,0.76,0.74,0.76,0.0,0.0,506.82,38.506
150261.SZ,20170915,1.044,1.042,1.044,1.042,1.044,0.0,0.0,601.0,62.624
150262.SZ,20170915,0.792,0.79,0.79,0.784,0.785,-0.007,-0.8838,3687.0,289.891
150263.SZ,20170915,1.055,1.055,1.055,1.055,1.055,0.0,0.0,126.0,13.293
150264.SZ,20170915,0.489,0.481,0.505,0.481,0.505,0.016,3.272,203.0,9.947
150265.SZ,20170915,1.063,1.069,1.14,1.069,1.096,0.033,3.1044,310.12,34.033
150266.SZ,20170915,1.339,1.321,1.343,1.321,1.336,-0.003,-0.224,548.55,73.022
150267.SZ,20170915,1.049,1.034,1.05,1.026,1.05,0.001,0.0953,901.0,93.418
150268.SZ,20170915,1.009,1.0,1.0,0.952,0.98,-0.029,-2.8741,5329.0,522.342
150269.SZ,20170915,0.985,0.986,0.987,0.985,0.987,0.002,0.203,7782.23,767.116
150270.SZ,20170915,1.89,1.88,1.92,1.856,1.872,-0.018,-0.9524,21642.85,4076.436
150271.SZ,20170915,1.022,1.027,1.027,1.02,1.02,-0.002,-0.1957,307.0,31.435
150272.SZ,20170915,1.017,1.02,1.02,1.02,1.02,0.003,0.295,30.76,3.137
150273.SZ,20170915,0.972,0.979,0.979,0.977,0.977,0.005,0.5144,315.0,30.778
150274.SZ,20170915,0.68,0.668,0.68,0.668,0.676,-0.004,-0.5882,1670.58,113.004
150275.SZ,20170915,0.982,0.981,0.981,0.979,0.98,-0.002,-0.2037,60579.0,5939.75
150276.SZ,20170915,0.627,0.63,0.635,0.623,0.628,0.001,0.1595,105432.91,6631.712
150277.SZ,20170915,0.952,0.951,0.952,0.951,0.951,-0.001,-0.105,6948.0,660.927
150278.SZ,20170915,0.585,0.581,0.59,0.579,0.589,0.004,0.6838,13961.21,815.735
150280.SZ,20170915,0.947,0.944,0.944,0.875,0.899,-0.048,-5.0686,1300.0,115.752
150281.SZ,20170915,1.064,1.063,1.063,1.063,1.063,-0.001,-0.094,10.0,1.063
150282.SZ,20170915,0.617,0.623,0.63,0.59,0.618,0.001,0.1621,747.0,46.429
150283.SZ,20170915,0.958,0.958,0.959,0.957,0.957,-0.001,-0.1044,3494.01,334.626
150284.SZ,20170915,0.79,0.786,0.788,0.786,0.788,-0.002,-0.2532,2086.2,164.075
150287.SZ,20170915,1.043,1.042,1.043,1.04,1.043,0.0,0.0,501.37,52.193
150288.SZ,20170915,0.971,0.967,0.967,0.898,0.903,-0.068,-7.0031,169632.87,15656.697
150289.SZ,20170915,1.049,1.051,1.051,1.042,1.042,-0.007,-0.6673,35283.16,3689.451
150290.SZ,20170915,0.768,0.765,0.765,0.708,0.711,-0.057,-7.4219,396872.69,28902.292
150291.SZ,20170915,1.05,1.046,1.048,1.046,1.048,-0.002,-0.1905,580.0,60.706
150292.SZ,20170915,0.768,0.76,0.76,0.751,0.751,-0.017,-2.2135,2831.0,214.533
150293.SZ,20170915,1.041,1.042,1.043,1.042,1.042,0.001,0.0961,581.0,60.551
150294.SZ,20170915,0.988,1.019,1.076,1.019,1.067,0.079,7.996,775.73,81.31
150295.SZ,20170915,1.011,1.01,1.012,1.007,1.01,-0.001,-0.0989,1674.14,169.124
150296.SZ,20170915,1.002,0.987,1.0,0.987,0.989,-0.013,-1.2974,3359.0,332.903
150297.SZ,20170915,1.079,1.07,1.07,1.07,1.07,-0.009,-0.8341,50.0,5.35
150299.SZ,20170915,1.049,1.049,1.05,1.046,1.046,-0.003,-0.286,13164.17,1381.004
150300.SZ,20170915,0.714,0.714,0.714,0.704,0.708,-0.006,-0.8403,60518.0,4286.492
150301.SZ,20170915,1.061,1.075,1.075,1.06,1.06,-0.001,-0.0943,93.0,9.946
150302.SZ,20170915,1.172,1.122,1.173,1.122,1.173,0.001,0.0853,1730.16,201.856
150303.SZ,20170915,1.032,1.032,1.032,1.032,1.032,0.0,0.0,0.52,0.053
150304.SZ,20170915,0.931,0.928,0.929,0.92,0.926,-0.005,-0.5371,9509.56,879.049
150305.SZ,20170915,1.03,1.029,1.04,1.029,1.04,0.01,0.9709,92.0,9.521
150306.SZ,20170915,0.536,0.522,0.539,0.521,0.539,0.003,0.5597,623.0,32.559
150307.SZ,20170915,0.97,0.967,0.972,0.967,0.972,0.002,0.2062,1319.79,128.18
150308.SZ,20170915,1.109,1.11,1.12,1.106,1.118,0.009,0.8115,1401.44,155.793
150309.SZ,20170915,1.057,1.063,1.063,1.016,1.037,-0.02,-1.8921,43.0,4.478
150310.SZ,20170915,0.649,0.616,0.713,0.616,0.68,0.031,4.7766,243.0,16.798
150312.SZ,20170915,0.854,0.769,0.884,0.769,0.84,-0.014,-1.6393,456.04,39.225
150315.SZ,20170915,1.039,1.142,1.142,1.028,1.028,-0.011,-1.0587,775.88,79.977
150316.SZ,20170915,0.882,0.88,0.88,0.851,0.868,-0.014,-1.5873,1710.38,146.405
150321.SZ,20170915,1.179,1.171,1.176,1.161,1.173,-0.006,-0.5089,2919.0,340.81
150322.SZ,20170915,1.616,1.588,1.588,1.48,1.502,-0.114,-7.0545,16175.77,2480.928
150324.SZ,20170915,0.501,0.518,0.518,0.499,0.499,-0.002,-0.3992,24.0,1.205
150325.SZ,20170915,1.037,1.034,1.034,1.034,1.034,-0.003,-0.2893,643.0,66.486
150326.SZ,20170915,0.987,1.003,1.003,1.003,1.003,0.016,1.6211,38.0,3.811
150328.SZ,20170915,1.377,1.341,1.376,1.31,1.376,-0.001,-0.0726,417.0,55.398
150329.SZ,20170915,0.985,0.984,0.985,0.984,0.985,0.0,0.0,1570.0,154.488
150330.SZ,20170915,1.464,1.458,1.469,1.449,1.456,-0.008,-0.5464,11215.04,1634.3
150331.SZ,20170915,1.059,1.058,1.059,1.057,1.059,0.0,0.0,16521.0,1748.027
150332.SZ,20170915,0.483,0.475,0.481,0.465,0.47,-0.013,-2.6915,49103.54,2323.771
150335.SZ,20170915,1.028,1.028,1.028,1.027,1.028,0.0,0.0,3929.0,403.574
150336.SZ,20170915,0.377,0.378,0.384,0.375,0.382,0.005,1.3263,59092.0,2250.649
150344.SZ,20170915,1.186,1.153,1.206,1.141,1.206,0.02,1.6863,83.3,9.948
159001.SZ,20170915,100.0,99.99,99.998,99.988,99.998,-0.002,-0.002,72331.93,723254.741
159003.SZ,20170915,100.0,99.993,99.999,99.99,99.999,-0.001,-0.001,36930.58,369276.83
159005.SZ,20170915,100.0,99.999,100.001,99.999,100.0,0.0,0.0,263315.33,2633152.924
159901.SZ,20170915,4.697,4.697,4.728,4.684,4.712,0.015,0.3194,42699.6,20099.391
159902.SZ,20170915,3.633,3.635,3.635,3.603,3.616,-0.017,-0.4679,194015.51,70190.092
159903.SZ,20170915,1.193,1.193,1.198,1.188,1.195,0.002,0.1676,6006.38,715.746
159905.SZ,20170915,1.509,1.501,1.53,1.501,1.528,0.019,1.2591,9253.0,1408.762
159906.SZ,20170915,1.001,0.992,1.018,0.992,1.014,0.013,1.2987,694.0,70.279
159907.SZ,20170915,1.542,1.532,1.535,1.522,1.523,-0.019,-1.2322,421.0,64.274
159908.SZ,20170915,1.43,1.438,1.526,1.43,1.44,0.01,0.6993,857.0,125.702
159909.SZ,20170915,5.407,5.46,5.49,5.43,5.43,0.023,0.4254,58.0,31.665
159910.SZ,20170915,1.668,1.665,1.681,1.664,1.664,-0.004,-0.2398,293.0,48.923
159911.SZ,20170915,4.394,4.367,4.367,4.3,4.301,-0.093,-2.1165,176.75,76.034
159912.SZ,20170915,1.377,1.372,1.383,1.359,1.376,-0.001,-0.0726,470.0,64.184
159913.SZ,20170915,1.716,1.711,1.724,1.706,1.722,0.006,0.3497,1336.0,228.308
159915.SZ,20170915,1.787,1.785,1.792,1.78,1.782,-0.005,-0.2798,895529.43,159878.87
159916.SZ,20170915,3.596,3.588,3.953,3.502,3.889,0.293,8.1479,37.0,13.705
159918.SZ,20170915,1.914,1.9,1.915,1.9,1.915,0.001,0.0522,32.0,6.081
159919.SZ,20170915,4.19,4.189,4.198,4.176,4.191,0.001,0.0239,17144.28,7179.891
159920.SZ,20170915,1.474,1.473,1.486,1.461,1.473,-0.001,-0.0678,1851361.95,271827.723
159921.SZ,20170915,1.583,1.567,1.567,1.555,1.561,-0.022,-1.3898,294.01,45.879
159922.SZ,20170915,6.847,6.8,6.825,6.762,6.782,-0.065,-0.9493,864.0,586.689
159923.SZ,20170915,1.538,1.522,1.538,1.518,1.531,-0.007,-0.4551,693.0,106.126
159924.SZ,20170915,1.459,1.458,1.483,1.445,1.46,0.001,0.0685,657.0,95.274
159925.SZ,20170915,1.6,1.599,1.599,1.59,1.596,-0.004,-0.25,2149.51,342.546
159927.SZ,20170915,3.832,3.834,3.837,3.834,3.837,0.005,0.1305,1296.0,497.267
159928.SZ,20170915,1.883,1.874,1.9,1.872,1.898,0.015,0.7966,809.0,152.593
159929.SZ,20170915,1.464,1.465,1.467,1.458,1.458,-0.006,-0.4098,2569.0,375.687
159930.SZ,20170915,0.887,0.879,0.886,0.876,0.878,-0.009,-1.0147,2560.0,224.974
159931.SZ,20170915,1.659,1.654,1.675,1.654,1.674,0.015,0.9042,742.0,123.274
159932.SZ,20170915,1.84,1.839,1.849,1.821,1.84,0.0,0.0,189.0,34.73
159933.SZ,20170915,1.86,1.86,1.879,1.833,1.879,0.019,1.0215,312.0,57.613
159934.SZ,20170915,2.78,2.788,2.796,2.788,2.793,0.013,0.4676,74365.0,20769.066
159935.SZ,20170915,1.751,1.721,1.847,1.721,1.827,0.076,4.3404,229.0,40.296
159936.SZ,20170915,1.58,1.578,1.58,1.578,1.58,0.0,0.0,7.0,1.104
159937.SZ,20170915,2.799,2.805,2.814,2.805,2.81,0.011,0.393,177662.0,49964.469
159938.SZ,20170915,1.307,1.305,1.314,1.301,1.306,-0.001,-0.0765,16804.0,2197.201
159939.SZ,20170915,1.146,1.145,1.148,1.141,1.145,-0.001,-0.0873,9352.0,1069.659
159940.SZ,20170915,0.947,0.946,0.946,0.936,0.944,-0.003,-0.3168,342.0,32.106
159941.SZ,20170915,1.276,1.275,1.275,1.271,1.274,-0.002,-0.1567,2117.0,269.188
159942.SZ,20170915,1.969,1.945,1.965,1.938,1.965,-0.004,-0.2031,277.91,53.863
159943.SZ,20170915,11.61,11.559,11.679,11.541,11.625,0.015,0.1292,406.76,471.862
159944.SZ,20170915,1.022,1.013,1.02,1.013,1.013,-0.009,-0.8806,20424.08,2083.024
159945.SZ,20170915,0.82,0.804,0.835,0.804,0.812,-0.008,-0.9756,644.0,51.865
159946.SZ,20170915,1.106,1.107,1.118,1.1,1.118,0.012,1.085,671.04,74.263
159948.SZ,20170915,1.945,1.942,1.963,1.941,1.943,-0.002,-0.1028,11025.62,2143.911
159949.SZ,20170915,0.758,0.758,0.759,0.752,0.755,-0.003,-0.3958,179138.61,13533.254
159950.SZ,20170915,1.115,1.115,1.116,1.115,1.116,0.001,0.0897,1331.0,148.508
159951.SZ,20170915,1.032,1.008,1.09,1.007,1.024,-0.008,-0.7752,15032.12,1538.851
159952.SZ,20170915,1.052,1.051,1.055,1.047,1.05,-0.002,-0.1901,89510.55,9406.724
159953.SZ,20170915,1.032,1.035,1.036,1.028,1.035,0.003,0.2907,8579.4,886.61
159955.SZ,20170915,1.029,1.025,1.032,1.025,1.028,-0.001,-0.0972,10163.2,1045.852
160105.SZ,20170915,1.054,1.046,1.054,1.046,1.046,-0.008,-0.759,99.0,10.366
160106.SZ,20170915,1.37,1.366,1.377,1.365,1.369,-0.001,-0.073,593.96,81.242
160119.SZ,20170915,1.632,1.63,1.631,1.615,1.625,-0.007,-0.4289,2333.0,378.224
160125.SZ,20170915,0.953,0.941,0.957,0.939,0.951,-0.002,-0.2099,1516.6,143.98
160128.SZ,20170915,0.984,0.983,0.984,0.983,0.984,0.0,0.0,102.0,10.026
160133.SZ,20170915,2.024,2.019,2.027,2.014,2.027,0.003,0.1482,2839.69,573.595
160138.SZ,20170915,1.03,1.028,1.038,1.028,1.038,0.008,0.7767,360.0,37.019
160211.SZ,20170915,2.845,2.852,2.87,2.848,2.865,0.02,0.703,2755.45,787.584
160212.SZ,20170915,2.765,2.752,2.79,2.752,2.785,0.02,0.7233,14294.42,3971.807
160215.SZ,20170915,1.65,1.649,1.65,1.631,1.643,-0.007,-0.4242,13210.11,2167.082
160216.SZ,20170915,0.377,0.381,0.383,0.381,0.381,0.004,1.061,265915.85,10147.424
160220.SZ,20170915,1.325,1.321,1.321,1.32,1.32,-0.005,-0.3774,1500.0,198.002
160223.SZ,20170915,0.877,0.871,0.877,0.871,0.876,-0.001,-0.114,794.0,69.36
160225.SZ,20170915,1.21,1.206,1.207,1.195,1.199,-0.011,-0.9091,9249.58,1109.777
160311.SZ,20170915,1.49,1.484,1.486,1.48,1.485,-0.005,-0.3356,286.38,42.506
160314.SZ,20170915,1.113,1.115,1.115,1.109,1.112,-0.001,-0.0898,1895.8,210.728
160322.SZ,20170915,1.206,1.21,1.215,1.202,1.206,0.0,0.0,4118.0,497.817
160323.SZ,20170915,0.963,0.963,0.964,0.962,0.962,-0.001,-0.1038,2901.0,279.562
160324.SZ,20170915,0.933,0.933,0.933,0.928,0.93,-0.003,-0.3215,2840.61,264.191
160415.SZ,20170915,1.048,1.039,1.059,1.038,1.04,-0.008,-0.7634,2361.1,247.264
160416.SZ,20170915,0.882,0.886,0.891,0.886,0.889,0.007,0.7937,24941.31,2217.31
160421.SZ,20170915,0.927,0.926,0.926,0.917,0.92,-0.007,-0.7551,30752.62,2829.622
160422.SZ,20170915,1.121,1.119,1.166,1.118,1.121,0.0,0.0,981.4,112.731
160505.SZ,20170915,1.899,1.895,1.899,1.889,1.892,-0.007,-0.3686,19063.14,3609.036
160512.SZ,20170915,2.291,2.266,2.284,2.266,2.276,-0.015,-0.6547,544.8,123.723
160515.SZ,20170915,0.993,0.993,0.995,0.993,0.995,0.002,0.2014,12184.61,1211.127
160518.SZ,20170915,0.97,0.97,0.975,0.969,0.973,0.003,0.3093,124605.03,12115.895
160519.SZ,20170915,0.952,0.952,0.961,0.951,0.957,0.005,0.5252,55899.31,5340.46
160522.SZ,20170915,0.969,0.966,0.975,0.964,0.964,-0.005,-0.516,1470.0,142.128
160607.SZ,20170915,0.766,0.76,0.769,0.76,0.766,0.0,0.0,539.05,41.272
160610.SZ,20170915,1.088,1.089,1.089,1.078,1.086,-0.002,-0.1838,865.47,93.699
160611.SZ,20170915,0.852,0.844,0.849,0.844,0.847,-0.005,-0.5869,139.92,11.823
160613.SZ,20170915,1.423,1.402,1.402,1.402,1.402,-0.021,-1.4758,1.0,0.14
160616.SZ,20170915,1.402,1.399,1.4,1.394,1.394,-0.008,-0.5706,154.0,21.543
160622.SZ,20170915,0.997,0.998,0.998,0.998,0.998,0.001,0.1003,10.0,0.998
160635.SZ,20170915,1.002,1.001,1.001,1.0,1.0,-0.002,-0.1996,5.0,0.5
160642.SZ,20170915,0.933,0.93,0.933,0.93,0.93,-0.003,-0.3215,813.0,75.613
160643.SZ,20170915,1.027,1.023,1.044,1.023,1.044,0.017,1.6553,4159.23,432.678
160706.SZ,20170915,1.097,1.097,1.101,1.093,1.098,0.001,0.0912,23994.91,2630.729
160716.SZ,20170915,1.468,1.461,1.47,1.46,1.468,0.0,0.0,1700.17,248.954
160717.SZ,20170915,0.805,0.805,0.805,0.796,0.801,-0.004,-0.4969,9774.0,781.847
160719.SZ,20170915,0.717,0.717,0.719,0.717,0.719,0.002,0.2789,3385.0,243.248
160722.SZ,20170915,0.985,0.984,0.985,0.982,0.982,-0.003,-0.3046,32542.4,3199.76
160723.SZ,20170915,0.93,0.936,0.939,0.936,0.938,0.008,0.8602,2963.04,277.538
160806.SZ,20170915,1.396,1.392,1.399,1.392,1.394,-0.002,-0.1433,312.53,43.646
160812.SZ,20170915,1.489,1.49,1.495,1.49,1.492,0.003,0.2015,1890.53,282.189
160813.SZ,20170915,0.8,0.797,0.798,0.797,0.798,-0.002,-0.25,243.04,19.383
160910.SZ,20170915,1.079,1.079,1.079,1.079,1.079,0.0,0.0,100.0,10.79
160916.SZ,20170915,2.578,2.575,2.577,2.57,2.575,-0.003,-0.1164,1294.62,333.054
160918.SZ,20170915,1.904,1.888,1.905,1.884,1.886,-0.018,-0.9454,313.0,59.073
160919.SZ,20170915,1.258,1.251,1.253,1.242,1.25,-0.008,-0.6359,3025.02,378.136
160921.SZ,20170915,0.908,0.908,0.919,0.901,0.901,-0.007,-0.7709,3675.03,333.747
160922.SZ,20170915,1.078,1.09,1.091,1.089,1.09,0.012,1.1132,68.0,7.408
160924.SZ,20170915,0.989,0.986,0.993,0.986,0.993,0.004,0.4044,1089.07,107.712
161005.SZ,20170915,1.968,1.969,1.976,1.954,1.963,-0.005,-0.2541,1535.84,301.854
161010.SZ,20170915,1.091,1.09,1.095,1.09,1.092,0.001,0.0917,2756.0,301.244
161015.SZ,20170915,0.929,0.929,0.929,0.929,0.929,0.0,0.0,12.0,1.114
161017.SZ,20170915,2.273,2.274,2.28,2.266,2.273,0.0,0.0,407.42,92.712
161019.SZ,20170915,0.977,0.976,0.978,0.975,0.977,0.0,0.0,13204.0,1289.269
161033.SZ,20170915,1.134,1.134,1.148,1.115,1.138,0.004,0.3527,2469.52,280.003
161035.SZ,20170915,0.929,0.931,0.934,0.93,0.931,0.002,0.2153,357.0,33.22
161036.SZ,20170915,0.973,0.979,0.979,0.97,0.975,0.002,0.2055,799.0,78.017
161037.SZ,20170915,1.097,1.095,1.095,1.095,1.095,-0.002,-0.1823,651.06,71.291
161038.SZ,20170915,1.04,1.036,1.045,1.033,1.04,0.0,0.0,2572.27,266.143
161115.SZ,20170915,1.332,1.335,1.335,1.335,1.335,0.003,0.2252,89.0,11.881
161116.SZ,20170915,0.724,0.725,0.726,0.723,0.725,0.001,0.1381,2222.96,161.183
161119.SZ,20170915,1.236,1.238,1.238,1.238,1.238,0.002,0.1618,50.0,6.19
161124.SZ,20170915,1.071,1.071,1.071,1.069,1.07,-0.001,-0.0934,7930.19,848.286
161125.SZ,20170915,1.022,1.021,1.024,1.021,1.024,0.002,0.1957,1194.19,122.189
161126.SZ,20170915,1.109,1.1,1.109,1.1,1.109,0.0,0.0,5.0,0.552
161127.SZ,20170915,1.204,1.2,1.204,1.195,1.2,-0.004,-0.3322,1190.0,142.847
161128.SZ,20170915,1.115,1.1,1.116,1.097,1.11,-0.005,-0.4484,141.0,15.622
161129.SZ,20170915,0.876,0.879,0.883,0.878,0.881,0.005,0.5708,988.0,86.962
161130.SZ,20170915,0.983,0.981,0.981,0.981,0.981,-0.002,-0.2035,49.0,4.806
161210.SZ,20170915,1.001,0.997,1.001,0.997,1.0,-0.001,-0.0999,4.0,0.399
161213.SZ,20170915,1.479,1.478,1.482,1.478,1.482,0.003,0.2028,35.81,5.304
161216.SZ,20170915,1.052,1.051,1.051,1.051,1.051,-0.001,-0.0951,4.0,0.42
161217.SZ,20170915,0.849,0.831,0.842,0.83,0.838,-0.011,-1.2956,707.38,59.129
161219.SZ,20170915,1.344,1.332,1.346,1.332,1.346,0.002,0.1488,2.0,0.267
161222.SZ,20170915,1.141,1.145,1.145,1.136,1.141,0.0,0.0,761.06,86.518
161224.SZ,20170915,1.082,1.084,1.084,1.083,1.083,0.001,0.0924,1378.0,149.345
161225.SZ,20170915,1.187,1.191,1.191,1.191,1.191,0.004,0.337,28.0,3.334
161226.SZ,20170915,0.896,0.899,0.902,0.899,0.9,0.004,0.4464,20692.64,1862.835
161227.SZ,20170915,1.004,1.003,1.01,1.003,1.008,0.004,0.3984,12081.11,1217.478
161232.SZ,20170915,0.854,0.854,0.854,0.849,0.85,-0.004,-0.4684,104813.31,8923.582
161233.SZ,20170915,0.94,0.94,0.976,0.94,0.968,0.028,2.9787,571.0,53.885
161607.SZ,20170915,1.197,1.196,1.199,1.196,1.196,-0.001,-0.0835,566.34,67.74
161610.SZ,20170915,0.95,0.951,0.951,0.944,0.95,0.0,0.0,1114.19,105.555
161630.SZ,20170915,0.953,0.956,0.956,0.956,0.956,0.003,0.3148,9.65,0.922
161631.SZ,20170915,1.099,1.099,1.099,1.088,1.091,-0.008,-0.7279,9667.0,1056.4
161706.SZ,20170915,1.557,1.538,1.548,1.529,1.548,-0.009,-0.578,844.19,129.43
161713.SZ,20170915,1.012,1.011,1.011,1.011,1.011,-0.001,-0.0988,200.0,20.22
161714.SZ,20170915,0.973,0.973,0.973,0.964,0.972,-0.001,-0.1028,80.0,7.769
161715.SZ,20170915,1.258,1.247,1.247,1.233,1.233,-0.025,-1.9873,1343.04,166.743
161810.SZ,20170915,1.902,1.886,1.905,1.88,1.891,-0.011,-0.5783,793.24,149.826
161813.SZ,20170915,1.284,1.283,1.399,1.283,1.294,0.01,0.7788,483.0,66.322
161815.SZ,20170915,0.434,0.435,0.436,0.434,0.435,0.001,0.2304,4384.0,190.852
161820.SZ,20170915,1.069,1.07,1.071,1.07,1.07,0.001,0.0935,4113.0,440.151
161831.SZ,20170915,0.993,0.984,0.997,0.981,0.993,0.0,0.0,1677.98,165.016
161834.SZ,20170915,0.881,0.88,0.882,0.878,0.879,-0.002,-0.227,15474.02,1361.816
161835.SZ,20170915,0.928,0.919,0.919,0.919,0.919,-0.009,-0.9698,104.0,9.557
161903.SZ,20170915,0.885,0.885,0.885,0.885,0.885,0.0,0.0,1.0,0.088
161907.SZ,20170915,1.666,1.649,1.663,1.649,1.652,-0.014,-0.8403,9.0,1.488
161911.SZ,20170915,0.98,0.98,0.98,0.978,0.98,0.0,0.0,47462.16,4649.731
162006.SZ,20170915,1.12,1.12,1.12,1.12,1.12,0.0,0.0,1004.01,112.449
162207.SZ,20170915,1.265,1.262,1.266,1.262,1.264,-0.001,-0.0791,112.0,14.176
162215.SZ,20170915,1.045,1.042,1.042,1.042,1.042,-0.003,-0.2871,1000.0,104.2
162307.SZ,20170915,1.188,1.197,1.212,1.197,1.211,0.023,1.936,54.0,6.532
162411.SZ,20170915,0.511,0.515,0.52,0.514,0.515,0.004,0.7828,1411309.25,72726.646
162414.SZ,20170915,1.126,1.129,1.129,1.128,1.128,0.002,0.1776,15.0,1.692
162415.SZ,20170915,1.137,1.137,1.137,1.131,1.135,-0.002,-0.1759,298.0,33.754
162605.SZ,20170915,1.098,1.099,1.106,1.098,1.106,0.008,0.7286,2972.87,327.818
162607.SZ,20170915,0.574,0.574,0.574,0.566,0.57,-0.004,-0.6969,3304.0,188.325
162703.SZ,20170915,1.397,1.399,1.4,1.397,1.4,0.003,0.2147,2171.0,303.597
162711.SZ,20170915,1.401,1.394,1.394,1.39,1.39,-0.011,-0.7852,342.22,47.637
162712.SZ,20170915,1.418,1.418,1.418,1.418,1.418,0.0,0.0,305.0,43.249
162717.SZ,20170915,0.954,0.955,0.956,0.955,0.956,0.002,0.2096,3288.07,314.328
162718.SZ,20170915,0.926,0.921,0.93,0.921,0.923,-0.003,-0.324,490.01,45.51
162719.SZ,20170915,0.86,0.866,0.868,0.865,0.867,0.007,0.814,8432.34,730.597
163003.SZ,20170915,0.626,0.626,0.626,0.626,0.626,0.0,0.0,66.6,4.169
163110.SZ,20170915,2.719,2.723,2.735,2.715,2.719,0.0,0.0,3007.9,817.84
163111.SZ,20170915,1.146,1.14,1.145,1.137,1.145,-0.001,-0.0873,2927.66,333.979
163119.SZ,20170915,0.906,0.905,0.911,0.904,0.908,0.002,0.2208,465.0,42.081
163208.SZ,20170915,0.808,0.811,0.818,0.81,0.81,0.002,0.2475,403.0,32.739
163210.SZ,20170915,1.028,1.029,1.029,1.026,1.028,0.0,0.0,3698.58,379.925
163302.SZ,20170915,1.32,1.311,1.312,1.311,1.312,-0.008,-0.6061,26.75,3.509
163402.SZ,20170915,0.819,0.817,0.818,0.815,0.816,-0.003,-0.3663,25642.32,2091.982
163407.SZ,20170915,1.725,1.724,1.724,1.718,1.719,-0.006,-0.3478,216.0,37.137
163409.SZ,20170915,1.573,1.574,1.574,1.569,1.569,-0.004,-0.2543,62.01,9.729
163412.SZ,20170915,2.743,2.745,2.745,2.728,2.735,-0.008,-0.2917,5120.0,1398.979
163415.SZ,20170915,1.339,1.347,1.347,1.334,1.336,-0.003,-0.224,775.32,103.56
163503.SZ,20170915,0.513,0.513,0.518,0.511,0.513,0.0,0.0,3018.0,154.813
163801.SZ,20170915,1.216,1.214,1.221,1.214,1.216,0.0,0.0,533.0,64.82
163821.SZ,20170915,1.553,1.566,1.566,1.566,1.566,0.013,0.8371,24.0,3.758
163827.SZ,20170915,1.047,1.045,1.049,1.045,1.046,-0.001,-0.0955,630.0,65.906
164105.SZ,20170915,1.248,1.247,1.269,1.227,1.266,0.018,1.4423,458.0,57.195
164206.SZ,20170915,1.051,1.051,1.051,1.051,1.051,0.0,0.0,197.05,20.709
164210.SZ,20170915,1.001,1.001,1.001,1.001,1.001,0.0,0.0,139.31,13.944
164302.SZ,20170915,1.022,1.022,1.025,1.022,1.025,0.003,0.2935,4806.75,491.25
164403.SZ,20170915,0.974,1.004,1.004,0.972,0.987,0.013,1.3347,56.0,5.529
164701.SZ,20170915,0.619,0.62,0.621,0.62,0.621,0.002,0.3231,1738.0,107.803
164702.SZ,20170915,0.992,0.987,0.994,0.987,0.994,0.002,0.2016,24.0,2.377
164705.SZ,20170915,1.167,1.153,1.174,1.143,1.162,-0.005,-0.4284,463.0,53.55
164808.SZ,20170915,0.998,1.0,1.0,1.0,1.0,0.002,0.2004,100.0,10.0
164810.SZ,20170915,0.962,0.963,0.963,0.963,0.963,0.001,0.104,5.0,0.481
164906.SZ,20170915,1.397,1.397,1.397,1.383,1.394,-0.003,-0.2147,12408.04,1725.182
165309.SZ,20170915,1.177,1.167,1.178,1.164,1.165,-0.012,-1.0195,16.0,1.873
165313.SZ,20170915,1.482,1.494,1.497,1.485,1.493,0.011,0.7422,1443.96,215.426
165510.SZ,20170915,0.827,0.829,0.839,0.829,0.838,0.011,1.3301,192.0,15.984
165513.SZ,20170915,0.432,0.432,0.433,0.431,0.431,-0.001,-0.2315,4423.0,191.006
165516.SZ,20170915,2.589,2.563,2.564,2.563,2.564,-0.025,-0.9656,5.0,1.281
165525.SZ,20170915,1.206,1.206,1.22,1.204,1.217,0.011,0.9121,4178.81,508.711
165528.SZ,20170915,1.038,1.039,1.04,1.03,1.031,-0.007,-0.6744,248332.1,25745.026
165705.SZ,20170915,0.953,0.962,0.962,0.962,0.962,0.009,0.9444,1.0,0.096
166001.SZ,20170915,1.168,1.16,1.167,1.16,1.166,-0.002,-0.1712,109.0,12.645
166006.SZ,20170915,1.115,1.104,1.116,1.104,1.109,-0.006,-0.5381,150.06,16.594
166009.SZ,20170915,2.147,2.174,2.174,2.149,2.149,0.002,0.0932,74.0,15.952
166011.SZ,20170915,1.26,1.253,1.261,1.25,1.253,-0.007,-0.5556,44.28,5.552
166016.SZ,20170915,1.139,1.139,1.158,1.139,1.156,0.017,1.4925,110.0,12.711
166023.SZ,20170915,1.007,1.007,1.01,0.991,0.991,-0.016,-1.5889,4570.15,456.761
166402.SZ,20170915,1.046,1.032,1.044,1.032,1.044,-0.002,-0.1912,617.0,63.758
167001.SZ,20170915,0.843,0.844,0.844,0.839,0.839,-0.004,-0.4745,34307.95,2887.165
167002.SZ,20170915,0.92,0.92,0.92,0.92,0.92,0.0,0.0,48.0,4.416
167003.SZ,20170915,0.972,0.944,0.944,0.943,0.943,-0.029,-2.9835,162.0,15.278
168101.SZ,20170915,1.124,1.121,1.13,1.116,1.117,-0.007,-0.6228,18464.0,2065.819
168102.SZ,20170915,0.873,0.863,0.879,0.858,0.872,-0.001,-0.1145,23225.15,2020.112
168103.SZ,20170915,0.828,0.827,0.829,0.825,0.828,0.0,0.0,70283.6,5809.93
168104.SZ,20170915,0.966,0.965,0.965,0.96,0.96,-0.006,-0.6211,671.0,64.615
168106.SZ,20170915,0.888,0.905,0.905,0.885,0.885,-0.003,-0.3378,41.0,3.636
168108.SZ,20170915,0.911,0.91,0.911,0.91,0.911,0.0,0.0,15.0,1.365
168301.SZ,20170915,0.942,0.941,0.942,0.939,0.942,0.0,0.0,3862.0,363.195
168401.SZ,20170915,0.912,0.922,0.922,0.912,0.912,0.0,0.0,108.01,9.853
169101.SZ,20170915,1.366,1.37,1.393,1.368,1.37,0.004,0.2928,21071.09,2898.94
169102.SZ,20170915,1.578,1.571,1.589,1.571,1.586,0.008,0.507,2523.04,399.26
169103.SZ,20170915,1.398,1.396,1.4,1.394,1.398,0.0,0.0,2960.0,414.125
169104.SZ,20170915,1.371,1.376,1.38,1.367,1.379,0.008,0.5835,2237.0,308.056
169105.SZ,20170915,1.421,1.421,1.432,1.421,1.429,0.008,0.563,88669.55,12669.91
169201.SZ,20170915,0.903,0.902,0.903,0.9,0.903,0.0,0.0,570.36,51.485
184801.SZ,20170915,99.551,99.551,99.749,99.22,99.653,0.102,0.1025,149.0,1481.647
168105.SZ,20170915,0.841,0.841,0.853,0.838,0.843,0.002,0.2378,14014.51,1181.27
501000.SH,20170915,1.158,1.14,1.14,1.14,1.14,-0.018,-1.5544,3.0,0.342
501001.SH,20170915,1.076,1.073,1.075,1.07,1.073,-0.003,-0.2788,3476.66,372.831
501002.SH,20170915,1.055,1.056,1.067,1.052,1.063,0.008,0.7583,28.0,2.957
501003.SH,20170915,1.039,1.033,1.039,1.032,1.039,0.0,0.0,221.0,22.812
501005.SH,20170915,0.968,0.966,0.966,0.961,0.963,-0.005,-0.5165,204.0,19.635
501007.SH,20170915,0.926,0.923,0.929,0.923,0.929,0.003,0.324,64.0,5.913
501009.SH,20170915,1.06,1.052,1.06,1.049,1.055,-0.005,-0.4717,447.37,47.176
501010.SH,20170915,1.068,1.067,1.075,1.067,1.071,0.003,0.2809,230.96,24.733
501011.SH,20170915,1.017,1.015,1.022,1.015,1.022,0.005,0.4916,344.0,35.069
501012.SH,20170915,1.024,1.012,1.022,1.012,1.022,-0.002,-0.1953,252.29,25.78
501015.SH,20170915,0.965,0.966,0.967,0.965,0.965,0.0,0.0,105975.73,10233.228
501017.SH,20170915,0.922,0.921,0.926,0.921,0.925,0.003,0.3254,6821.42,630.164
501018.SH,20170915,0.874,0.879,0.881,0.879,0.879,0.005,0.5721,59357.25,5220.917
501019.SH,20170915,0.876,0.869,0.881,0.869,0.88,0.004,0.4566,6778.27,595.326
501020.SH,20170915,1.053,1.051,1.055,1.05,1.054,0.001,0.095,2528.24,266.009
501021.SH,20170915,1.326,1.326,1.327,1.311,1.326,0.0,0.0,66201.55,8724.491
501022.SH,20170915,0.926,0.923,0.929,0.923,0.925,-0.001,-0.108,3679.0,339.663
501023.SH,20170915,1.13,1.129,1.13,1.124,1.127,-0.003,-0.2655,1756.5,197.71
501025.SH,20170915,1.124,1.124,1.134,1.12,1.134,0.01,0.8897,1075.8,120.563
501026.SH,20170915,0.943,0.937,0.942,0.937,0.94,-0.003,-0.3181,19322.78,1815.025
501027.SH,20170915,0.977,0.98,0.999,0.975,0.985,0.008,0.8188,1392.0,138.181
501028.SH,20170915,0.953,0.946,0.953,0.946,0.951,-0.002,-0.2099,7656.29,727.145
501029.SH,20170915,1.089,1.089,1.091,1.085,1.091,0.002,0.1837,34524.0,3759.107
501030.SH,20170915,1.015,1.013,1.013,1.013,1.013,-0.002,-0.197,5.0,0.507
501032.SH,20170915,0.98,0.981,0.981,0.981,0.981,0.001,0.102,106.0,10.399
501050.SH,20170915,1.127,1.129,1.129,1.125,1.126,-0.001,-0.0887,11300.0,1272.768
501300.SH,20170915,0.963,0.965,0.965,0.964,0.965,0.002,0.2077,1376.0,132.653
501301.SH,20170915,1.073,1.09,1.09,1.066,1.075,0.002,0.1864,11577.65,1238.084
501302.SH,20170915,1.006,1.0,1.0,1.0,1.0,-0.006,-0.5964,10.0,1.0
502003.SH,20170915,0.954,0.952,0.965,0.952,0.963,0.009,0.9434,5926.23,569.675
502004.SH,20170915,0.967,0.967,0.97,0.966,0.968,0.001,0.1034,14915.65,1444.769
502005.SH,20170915,0.941,0.948,0.96,0.948,0.96,0.019,2.0191,14603.54,1390.759
502006.SH,20170915,1.048,1.043,1.05,1.04,1.044,-0.004,-0.3817,3468.14,361.986
502007.SH,20170915,1.016,1.016,1.016,1.016,1.016,0.0,0.0,198.0,20.117
502008.SH,20170915,1.08,1.097,1.097,1.07,1.082,0.002,0.1852,1815.97,195.294
502010.SH,20170915,1.229,1.212,1.228,1.212,1.215,-0.014,-1.1391,1291.52,158.325
502011.SH,20170915,0.979,0.979,0.986,0.979,0.981,0.002,0.2043,1118.0,109.784
502012.SH,20170915,1.455,1.453,1.468,1.43,1.45,-0.005,-0.3436,2374.21,344.009
502013.SH,20170915,0.888,0.883,0.891,0.883,0.887,-0.001,-0.1126,22679.71,2013.019
502014.SH,20170915,1.012,1.011,1.012,1.009,1.01,-0.002,-0.1976,19987.0,2019.093
502015.SH,20170915,0.765,0.763,0.771,0.759,0.762,-0.003,-0.3922,22048.55,1687.308
502016.SH,20170915,1.09,1.088,1.088,1.087,1.088,-0.002,-0.1835,8.0,0.87
502018.SH,20170915,1.06,1.06,1.06,1.06,1.06,0.0,0.0,124.53,13.2
502020.SH,20170915,1.409,1.399,1.399,1.399,1.399,-0.01,-0.7097,22.0,3.078
502022.SH,20170915,1.715,1.618,1.618,1.618,1.618,-0.097,-5.656,3.31,0.536
502023.SH,20170915,1.17,1.12,1.16,1.081,1.112,-0.058,-4.9573,595.54,66.402
502025.SH,20170915,1.161,1.101,1.107,1.101,1.105,-0.056,-4.8234,547.66,60.505
502026.SH,20170915,0.863,0.859,0.859,0.852,0.854,-0.009,-1.0429,54.0,4.615
502027.SH,20170915,1.049,1.053,1.053,1.049,1.049,0.0,0.0,500.76,52.645
502028.SH,20170915,0.639,0.693,0.694,0.693,0.694,0.055,8.6072,35.0,2.428
502032.SH,20170915,0.991,0.988,0.995,0.988,0.995,0.004,0.4036,18.47,1.831
502037.SH,20170915,1.038,1.037,1.037,1.037,1.037,-0.001,-0.0963,13.0,1.348
502048.SH,20170915,1.338,1.33,1.34,1.33,1.338,0.0,0.0,65.54,8.729
502049.SH,20170915,1.035,1.03,1.03,1.026,1.03,-0.005,-0.4831,211.7,21.727
502050.SH,20170915,1.65,1.642,1.656,1.638,1.65,0.0,0.0,3015.01,496.03
502053.SH,20170915,1.049,1.048,1.048,1.03,1.048,-0.001,-0.0953,260.0,26.888
502054.SH,20170915,1.053,1.047,1.049,1.047,1.049,-0.004,-0.3799,53.0,5.55
502055.SH,20170915,1.022,1.021,1.03,1.014,1.023,0.001,0.0978,2730.7,279.414
502056.SH,20170915,0.978,0.98,0.983,0.98,0.983,0.005,0.5112,15.09,1.482
502058.SH,20170915,0.937,0.906,0.936,0.906,0.936,-0.001,-0.1067,40.0,3.675
505888.SH,20170915,1.113,1.113,1.114,1.112,1.113,0.0,0.0,74785.13,8320.528
510010.SH,20170915,1.124,1.123,1.138,1.11,1.13,0.006,0.5338,637.0,70.988
510020.SH,20170915,2.658,2.653,2.677,2.653,2.677,0.019,0.7148,242.2,64.27
510030.SH,20170915,4.781,4.781,4.799,4.78,4.799,0.018,0.3765,164.0,78.428
510050.SH,20170915,2.722,2.721,2.729,2.711,2.722,0.0,0.0,2610550.82,710081.234
510060.SH,20170915,1.839,1.839,1.845,1.834,1.841,0.002,0.1088,13411.0,2465.943
510070.SH,20170915,1.811,1.806,1.806,1.806,1.806,-0.005,-0.2761,6.0,1.084
510090.SH,20170915,1.556,1.558,1.558,1.556,1.556,0.0,0.0,2.0,0.311
510110.SH,20170915,3.607,3.59,3.59,3.538,3.586,-0.021,-0.5822,637.89,226.372
510120.SH,20170915,2.938,2.918,3.079,2.918,3.068,0.13,4.4248,663.0,201.937
510150.SH,20170915,4.41,4.382,4.424,4.382,4.398,-0.012,-0.2721,79.0,34.848
510160.SH,20170915,0.614,0.613,0.613,0.609,0.61,-0.004,-0.6515,67343.0,4115.487
510170.SH,20170915,2.26,2.228,2.245,2.205,2.245,-0.015,-0.6637,215.03,47.507
510180.SH,20170915,3.454,3.453,3.46,3.441,3.451,-0.003,-0.0869,47474.75,16388.198
510190.SH,20170915,3.757,3.702,3.788,3.618,3.788,0.031,0.8251,126.0,46.388
510210.SH,20170915,3.981,3.883,3.96,3.883,3.958,-0.023,-0.5777,46.0,17.975
510220.SH,20170915,4.285,4.3,4.3,4.242,4.299,0.014,0.3267,187.0,79.748
510230.SH,20170915,6.16,6.148,6.155,6.114,6.148,-0.012,-0.1948,598.0,366.82
510260.SH,20170915,1.223,1.223,1.223,1.223,1.223,0.0,0.0,30.0,3.669
510270.SH,20170915,1.138,1.132,1.136,1.12,1.134,-0.004,-0.3515,346.0,38.884
510280.SH,20170915,1.665,1.63,1.65,1.615,1.65,-0.015,-0.9009,13.0,2.115
510290.SH,20170915,1.651,1.651,1.651,1.644,1.644,-0.007,-0.424,1465.0,241.57
510300.SH,20170915,3.89,3.888,3.901,3.877,3.896,0.006,0.1542,926836.28,360429.126
510310.SH,20170915,1.626,1.629,1.633,1.623,1.628,0.002,0.123,7694.0,1251.568
510330.SH,20170915,4.157,4.161,4.169,4.142,4.155,-0.002,-0.0481,9652.0,4009.497
510360.SH,20170915,1.205,1.202,1.208,1.202,1.207,0.002,0.166,3433.0,413.85
510410.SH,20170915,0.877,0.872,0.877,0.855,0.857,-0.02,-2.2805,19372.25,1670.226
510420.SH,20170915,1.555,1.555,1.555,1.536,1.553,-0.002,-0.1286,710.59,109.414
510430.SH,20170915,1.517,1.515,1.515,1.515,1.515,-0.002,-0.1318,30.0,4.545
510440.SH,20170915,1.896,1.886,1.886,1.879,1.883,-0.013,-0.6857,7.0,1.316
510500.SH,20170915,7.024,7.017,7.024,6.941,6.97,-0.054,-0.7688,289539.86,202029.653
510510.SH,20170915,1.849,1.846,1.849,1.823,1.839,-0.01,-0.5408,46668.0,8588.959
510520.SH,20170915,1.679,1.674,1.678,1.672,1.678,-0.001,-0.0596,52.0,8.696
510560.SH,20170915,1.377,1.367,1.367,1.367,1.367,-0.01,-0.7262,4.63,0.633
510580.SH,20170915,6.563,6.563,6.563,6.43,6.559,-0.004,-0.0609,2236.0,1452.891
510630.SH,20170915,2.015,2.015,2.026,2.015,2.018,0.003,0.1489,1971.0,398.307
510650.SH,20170915,1.75,1.745,1.755,1.738,1.75,0.0,0.0,5257.0,920.187
510660.SH,20170915,1.708,1.707,1.71,1.703,1.71,0.002,0.1171,897.0,153.155
510680.SH,20170915,2.238,2.206,2.237,2.164,2.237,-0.001,-0.0447,52.0,11.461
510710.SH,20170915,2.78,2.777,2.809,2.77,2.803,0.023,0.8273,1772.0,493.511
510810.SH,20170915,1.014,1.013,1.019,1.011,1.018,0.004,0.3945,140596.0,14275.218
510880.SH,20170915,3.006,3.007,3.009,2.993,2.997,-0.009,-0.2994,36368.97,10907.678
510900.SH,20170915,1.187,1.184,1.189,1.171,1.181,-0.006,-0.5055,7056718.03,831704.69
511010.SH,20170915,110.112,110.121,110.159,110.048,110.09,-0.022,-0.02,38360.0,422326.382
511210.SH,20170915,110.12,110.5,110.5,110.5,110.5,0.38,0.3451,0.4,4.42
511220.SH,20170915,93.973,93.99,94.0,93.611,93.834,-0.139,-0.1479,1395.1,13113.157
511230.SH,20170915,100.2,100.2,100.2,100.2,100.2,0.0,0.0,0.3,3.006
511260.SH,20170915,100.009,99.73,100.198,99.73,100.195,0.186,0.186,170.9,1711.662
511600.SH,20170915,99.996,100.006,100.008,99.999,100.0,0.004,0.004,1613.4,16134.593
511620.SH,20170915,99.99,99.999,100.0,99.984,99.995,0.005,0.005,991.29,9912.054
511650.SH,20170915,99.996,100.006,100.007,99.996,100.003,0.007,0.007,24465.56,244659.877
511660.SH,20170915,100.001,100.009,100.01,99.997,100.006,0.005,0.005,197002.86,1970101.431
511670.SH,20170915,99.99,99.995,100.002,99.984,100.002,0.012,0.012,2466.46,24664.68
511680.SH,20170915,99.992,99.999,100.007,99.992,99.994,0.002,0.002,987.25,9872.112
511690.SH,20170915,99.996,100.006,100.007,99.996,100.0,0.004,0.004,190313.47,1903137.803
511700.SH,20170915,100.002,100.028,100.028,100.012,100.021,0.019,0.019,2280.94,22813.585
511770.SH,20170915,100.002,100.004,100.01,99.999,100.01,0.008,0.008,590.84,5908.553
511800.SH,20170915,99.994,100.003,100.006,99.996,100.002,0.008,0.008,4411.09,44111.39
511810.SH,20170915,100.0,100.009,100.009,99.998,100.003,0.003,0.003,127704.41,1277078.089
511820.SH,20170915,99.996,100.006,100.007,99.998,100.003,0.007,0.007,46030.7,460314.255
511830.SH,20170915,99.996,100.005,100.008,99.998,100.004,0.008,0.008,4911.61,49117.158
511850.SH,20170915,100.007,100.018,100.02,100.012,100.016,0.009,0.009,9418.73,94202.035
511860.SH,20170915,99.998,100.004,100.007,99.997,100.003,0.005,0.005,2404.76,24048.086
511880.SH,20170915,102.56,102.573,102.575,102.559,102.568,0.008,0.0078,662715.1,6797205.777
511890.SH,20170915,99.988,99.988,99.988,99.941,99.974,-0.014,-0.014,3.0,29.99
511900.SH,20170915,99.999,100.01,100.01,99.999,100.005,0.006,0.006,68506.3,685092.001
511910.SH,20170915,99.993,100.002,100.006,100.002,100.002,0.009,0.009,578.03,5780.509
511920.SH,20170915,100.08,100.0,100.0,100.0,100.0,-0.08,-0.0799,0.02,0.2
511930.SH,20170915,99.99,99.993,100.003,99.993,100.002,0.012,0.012,197.26,1972.635
511950.SH,20170915,99.957,99.967,99.97,99.967,99.97,0.013,0.013,1.1,10.996
511960.SH,20170915,99.999,100.003,100.009,99.966,100.003,0.004,0.004,529.67,5296.687
511970.SH,20170915,99.995,100.008,100.008,100.003,100.003,0.008,0.008,309.0,3090.147
511980.SH,20170915,100.0,100.003,100.03,99.996,100.006,0.006,0.006,2061.17,20612.252
511990.SH,20170915,100.0,100.01,100.012,99.997,100.005,0.005,0.005,1030790.82,10308247.184
512000.SH,20170915,1.054,1.049,1.063,1.047,1.056,0.002,0.1898,88097.0,9309.936
512010.SH,20170915,1.474,1.474,1.479,1.462,1.475,0.001,0.0678,556.0,81.627
512070.SH,20170915,2.012,2.012,2.026,2.002,2.016,0.004,0.1988,2465.0,496.778
512100.SH,20170915,0.908,0.908,0.914,0.903,0.907,-0.001,-0.1101,54564.0,4953.012
512210.SH,20170915,1.85,1.85,1.85,1.85,1.85,0.0,0.0,12.0,2.22
512220.SH,20170915,1.453,1.43,1.43,1.43,1.43,-0.023,-1.5829,7.0,1.001
512230.SH,20170915,1.316,1.308,1.308,1.297,1.297,-0.019,-1.4438,22.0,2.856
512300.SH,20170915,1.188,1.19,1.19,1.183,1.184,-0.004,-0.3367,4548.0,540.195
512310.SH,20170915,0.73,0.73,0.734,0.728,0.733,0.003,0.411,682.0,49.83
512330.SH,20170915,0.859,0.855,0.857,0.852,0.852,-0.007,-0.8149,7880.0,672.797
512340.SH,20170915,1.036,1.034,1.034,1.01,1.013,-0.023,-2.2201,24539.0,2509.568
512400.SH,20170915,1.07,1.067,1.07,1.04,1.043,-0.027,-2.5234,362899.0,38039.816
512500.SH,20170915,3.298,3.272,3.35,3.227,3.25,-0.048,-1.4554,2256.76,736.44
512510.SH,20170915,1.367,1.364,1.365,1.355,1.36,-0.007,-0.5121,7579.8,1032.191
512550.SH,20170915,1.01,1.008,1.011,1.005,1.008,-0.002,-0.198,9723.0,980.266
512560.SH,20170915,1.03,1.031,1.039,1.031,1.037,0.007,0.6796,19470.0,2014.026
512570.SH,20170915,1.054,1.05,1.067,1.048,1.056,0.002,0.1898,25106.38,2649.29
512580.SH,20170915,1.055,1.054,1.056,1.05,1.054,-0.001,-0.0948,13830.5,1456.769
512600.SH,20170915,1.89,1.891,1.909,1.889,1.893,0.003,0.1587,539.0,102.215
512610.SH,20170915,1.444,1.453,1.458,1.444,1.444,0.0,0.0,326.0,47.445
512640.SH,20170915,1.889,1.89,1.908,1.89,1.902,0.013,0.6882,65.0,12.302
512660.SH,20170915,0.906,0.907,0.918,0.907,0.916,0.01,1.1038,406860.0,37123.729
512680.SH,20170915,0.881,0.88,0.89,0.88,0.89,0.009,1.0216,71192.0,6319.06
512700.SH,20170915,0.995,0.996,0.996,0.99,0.994,-0.001,-0.1005,21599.0,2143.479
512800.SH,20170915,0.992,0.99,0.992,0.986,0.991,-0.001,-0.1008,94257.0,9314.453
512810.SH,20170915,0.874,0.867,0.882,0.867,0.882,0.008,0.9153,33496.0,2948.184
512880.SH,20170915,1.115,1.113,1.124,1.106,1.118,0.003,0.2691,469200.0,52421.809
512900.SH,20170915,1.064,1.061,1.073,1.055,1.065,0.001,0.094,127178.0,13528.94
512990.SH,20170915,1.148,1.148,1.148,1.142,1.145,-0.003,-0.2613,4053.0,464.123
513030.SH,20170915,1.117,1.116,1.117,1.112,1.116,-0.001,-0.0895,3436.0,383.278
513050.SH,20170915,1.447,1.444,1.45,1.441,1.45,0.003,0.2073,97425.0,14072.974
513100.SH,20170915,2.059,2.05,2.052,2.044,2.05,-0.009,-0.4371,15894.0,3254.253
513500.SH,20170915,1.505,1.501,1.51,1.501,1.507,0.002,0.1329,13373.0,2013.234
513600.SH,20170915,2.422,2.407,2.428,2.395,2.418,-0.004,-0.1652,1633.74,394.65
513660.SH,20170915,2.418,2.42,2.433,2.42,2.42,0.002,0.0827,201.0,48.73
518800.SH,20170915,2.773,2.78,2.791,2.78,2.787,0.014,0.5049,479429.56,133751.915
518880.SH,20170915,2.768,2.783,2.786,2.78,2.78,0.012,0.4335,4683004.0,1303710.611
