ts_code,trade_date,pre_close,open,high,low,close,change,pct_chg,vol,amount
150008.SZ,20170411,1.233,1.201,1.229,1.201,1.229,-0.004,-0.3244,836.91,101.052
150009.SZ,20170411,1.029,1.02,1.03,1.02,1.03,0.001,0.0972,302.9,31.01
150012.SZ,20170411,1.047,1.049,1.049,1.044,1.048,0.001,0.0955,636.9,66.678
150013.SZ,20170411,1.132,1.127,1.134,1.111,1.134,0.002,0.1767,2674.14,301.23
150016.SZ,20170411,1.08,1.08,1.085,1.075,1.075,-0.005,-0.463,33.0,3.558
150017.SZ,20170411,1.067,1.067,1.07,1.062,1.067,0.0,0.0,4562.57,486.522
150018.SZ,20170411,1.031,1.03,1.034,1.025,1.029,-0.002,-0.194,172443.37,17744.477
150019.SZ,20170411,0.844,0.841,0.857,0.831,0.855,0.011,1.3033,903548.29,76169.297
150020.SZ,20170411,1.043,1.04,1.042,1.04,1.042,-0.001,-0.0959,84711.01,8826.887
150021.SZ,20170411,1.036,1.039,1.039,1.035,1.035,-0.001,-0.0965,23360.01,2421.691
150022.SZ,20170411,0.806,0.806,0.81,0.799,0.81,0.004,0.4963,362439.23,29103.255
150023.SZ,20170411,0.387,0.386,0.388,0.384,0.388,0.001,0.2584,596609.47,23038.292
150028.SZ,20170411,1.005,1.003,1.007,1.003,1.004,-0.001,-0.0995,6049.24,607.266
150029.SZ,20170411,1.5,1.49,1.519,1.49,1.518,0.018,1.2,5403.64,813.37
150030.SZ,20170411,1.053,1.05,1.057,1.042,1.053,0.0,0.0,880.0,92.635
150031.SZ,20170411,1.118,1.116,1.125,1.085,1.125,0.007,0.6261,1106.95,123.508
150032.SZ,20170411,0.996,0.997,0.997,0.996,0.997,0.001,0.1004,9344.0,931.563
150033.SZ,20170411,0.935,0.928,0.936,0.928,0.936,0.001,0.107,79.0,7.369
150036.SZ,20170411,1.069,1.079,1.079,1.067,1.068,-0.001,-0.0935,130.0,13.896
150037.SZ,20170411,1.599,1.69,1.69,1.548,1.575,-0.024,-1.5009,256.0,40.239
150040.SZ,20170411,1.699,1.688,1.688,1.688,1.688,-0.011,-0.6474,0.02,0.003
150047.SZ,20170411,1.428,1.452,1.452,1.425,1.435,0.007,0.4902,631.0,89.972
150048.SZ,20170411,1.046,1.03,1.043,1.022,1.042,-0.004,-0.3824,2281.48,235.91
150049.SZ,20170411,0.992,0.993,0.994,0.992,0.993,0.001,0.1008,19511.56,1937.257
150050.SZ,20170411,1.03,1.026,1.03,1.004,1.026,-0.004,-0.3883,26495.06,2699.483
150051.SZ,20170411,1.007,1.007,1.012,1.005,1.007,0.0,0.0,54387.9,5480.439
150052.SZ,20170411,1.423,1.421,1.459,1.403,1.439,0.016,1.1244,121753.19,17293.068
150053.SZ,20170411,1.024,1.025,1.025,1.022,1.022,-0.002,-0.1953,920.0,94.086
150054.SZ,20170411,1.013,1.024,1.028,1.013,1.013,0.0,0.0,97.0,9.842
150055.SZ,20170411,1.039,1.037,1.045,1.035,1.045,0.006,0.5775,10668.76,1109.957
150056.SZ,20170411,1.71,1.601,1.601,1.543,1.557,-0.153,-8.9474,21205.1,3305.765
150057.SZ,20170411,1.21,1.164,1.164,1.164,1.164,-0.046,-3.8017,5.0,0.582
150058.SZ,20170411,1.02,1.006,1.019,1.0,1.011,-0.009,-0.8824,507.1,50.831
150059.SZ,20170411,1.151,1.147,1.15,1.147,1.15,-0.001,-0.0869,159.91,18.383
150060.SZ,20170411,1.101,1.104,1.111,1.087,1.108,0.007,0.6358,5558.6,607.226
150064.SZ,20170411,1.023,1.023,1.026,1.022,1.026,0.003,0.2933,1497.0,153.168
150065.SZ,20170411,1.059,1.039,1.064,1.039,1.063,0.004,0.3777,127.81,13.517
150066.SZ,20170411,0.937,0.931,0.931,0.93,0.93,-0.007,-0.7471,69.2,6.44
150067.SZ,20170411,1.305,1.292,1.292,1.283,1.283,-0.022,-1.6858,28.8,3.719
150073.SZ,20170411,1.02,1.02,1.034,1.02,1.02,0.0,0.0,61.0,6.267
150075.SZ,20170411,1.215,1.266,1.266,1.166,1.235,0.02,1.6461,394.56,47.917
150076.SZ,20170411,0.999,0.997,0.997,0.997,0.997,-0.002,-0.2002,152.0,15.154
150077.SZ,20170411,1.285,1.28,1.296,1.28,1.296,0.011,0.856,70.0,9.037
150083.SZ,20170411,1.059,1.008,1.04,1.008,1.04,-0.019,-1.7941,316.0,32.26
150084.SZ,20170411,1.019,1.06,1.06,0.991,1.015,-0.004,-0.3925,488.0,49.153
150085.SZ,20170411,1.06,1.059,1.06,1.05,1.052,-0.008,-0.7547,3022.82,318.512
150086.SZ,20170411,0.999,0.998,1.013,0.988,1.012,0.013,1.3013,26279.2,2628.57
150090.SZ,20170411,1.023,1.021,1.028,1.021,1.025,0.002,0.1955,1283.0,131.76
150091.SZ,20170411,0.984,0.973,0.98,0.96,0.973,-0.011,-1.1179,370.24,36.019
150092.SZ,20170411,1.051,1.05,1.05,1.05,1.05,-0.001,-0.0951,1.0,0.105
150093.SZ,20170411,0.969,0.947,0.979,0.947,0.963,-0.006,-0.6192,15.91,1.512
150094.SZ,20170411,1.019,1.022,1.027,1.017,1.027,0.008,0.7851,1363.0,139.244
150095.SZ,20170411,0.537,0.521,0.537,0.517,0.537,0.0,0.0,1324.0,70.291
150096.SZ,20170411,1.03,1.018,1.029,1.018,1.029,-0.001,-0.0971,7.0,0.713
150097.SZ,20170411,1.099,1.099,1.11,1.083,1.107,0.008,0.7279,10119.0,1109.11
150100.SZ,20170411,1.005,1.005,1.009,1.002,1.007,0.002,0.199,9194.77,924.991
150101.SZ,20170411,1.424,1.42,1.439,1.4,1.435,0.011,0.7725,10592.0,1503.658
150104.SZ,20170411,1.05,1.05,1.05,1.043,1.043,-0.007,-0.6667,9.0,0.943
150105.SZ,20170411,1.351,1.38,1.38,1.337,1.364,0.013,0.9623,494.65,67.032
150106.SZ,20170411,1.111,1.111,1.111,1.108,1.11,-0.001,-0.09,8499.4,942.909
150107.SZ,20170411,0.955,0.961,0.968,0.941,0.967,0.012,1.2565,11085.71,1064.456
150108.SZ,20170411,1.131,1.023,1.158,1.023,1.128,-0.003,-0.2653,271.0,30.909
150109.SZ,20170411,0.919,0.913,0.924,0.912,0.924,0.005,0.5441,1960.41,180.418
150112.SZ,20170411,1.043,1.043,1.046,1.04,1.046,0.003,0.2876,200.01,20.873
150113.SZ,20170411,1.448,1.4,1.439,1.4,1.438,-0.01,-0.6906,478.13,68.642
150117.SZ,20170411,1.054,1.054,1.061,1.051,1.06,0.006,0.5693,302433.63,31965.799
150118.SZ,20170411,0.49,0.488,0.507,0.48,0.503,0.013,2.6531,1114401.05,55419.074
150121.SZ,20170411,1.014,1.021,1.021,1.013,1.021,0.007,0.6903,40.0,4.057
150122.SZ,20170411,1.255,1.24,1.249,1.212,1.212,-0.043,-3.4263,41.0,5.096
150123.SZ,20170411,1.253,1.247,1.264,1.247,1.258,0.005,0.399,9769.25,1227.91
150124.SZ,20170411,1.57,1.57,1.572,1.535,1.569,-0.001,-0.0637,11302.0,1756.527
150130.SZ,20170411,1.069,1.069,1.071,1.06,1.064,-0.005,-0.4677,35966.11,3822.37
150131.SZ,20170411,0.485,0.484,0.489,0.476,0.486,0.001,0.2062,793287.16,38220.042
150133.SZ,20170411,1.063,1.065,1.065,1.064,1.064,0.001,0.0941,500.0,53.22
150134.SZ,20170411,1.144,1.141,1.144,1.14,1.144,0.0,0.0,1233.0,141.015
150135.SZ,20170411,1.022,1.011,1.023,1.011,1.023,0.001,0.0978,8.0,0.81
150136.SZ,20170411,0.653,0.626,0.65,0.62,0.636,-0.017,-2.6034,1044.0,65.212
150138.SZ,20170411,1.032,1.022,1.022,1.022,1.022,-0.01,-0.969,33.0,3.372
150139.SZ,20170411,0.994,0.97,1.001,0.97,1.001,0.007,0.7042,158.87,15.645
150140.SZ,20170411,1.033,1.025,1.04,1.025,1.034,0.001,0.0968,46413.0,4798.771
150141.SZ,20170411,0.734,0.735,0.752,0.735,0.751,0.017,2.3161,41119.48,3057.976
150143.SZ,20170411,1.001,1.002,1.002,1.002,1.002,0.001,0.0999,3864.0,387.172
150144.SZ,20170411,0.663,0.657,0.664,0.657,0.664,0.001,0.1508,4413.06,291.203
150145.SZ,20170411,1.022,1.02,1.041,1.02,1.041,0.019,1.8591,1175.45,120.241
150146.SZ,20170411,0.495,0.492,0.496,0.486,0.496,0.001,0.202,1468.49,72.343
150148.SZ,20170411,1.039,1.026,1.042,1.026,1.038,-0.001,-0.0962,1697.0,176.155
150149.SZ,20170411,0.62,0.618,0.619,0.6,0.614,-0.006,-0.9677,9648.0,588.336
150150.SZ,20170411,1.035,1.022,1.043,1.022,1.037,0.002,0.1932,5309.0,549.226
150151.SZ,20170411,1.153,1.141,1.162,1.13,1.16,0.007,0.6071,12373.47,1423.438
150152.SZ,20170411,1.045,1.042,1.044,1.036,1.041,-0.004,-0.3828,259240.65,26951.51
150153.SZ,20170411,0.671,0.67,0.68,0.663,0.678,0.007,1.0432,1955642.55,131281.285
150154.SZ,20170411,0.933,0.932,0.933,0.932,0.933,0.0,0.0,12407.42,1157.562
150157.SZ,20170411,1.007,1.006,1.006,1.004,1.005,-0.002,-0.1986,36570.5,3675.476
150158.SZ,20170411,0.823,0.823,0.827,0.81,0.822,-0.001,-0.1215,70729.34,5776.779
150164.SZ,20170411,1.002,1.001,1.001,1.0,1.001,-0.001,-0.0998,2001.0,200.258
150165.SZ,20170411,0.649,0.642,0.655,0.642,0.651,0.002,0.3082,279.43,18.044
150167.SZ,20170411,1.04,1.016,1.049,1.016,1.039,-0.001,-0.0962,13.0,1.33
150168.SZ,20170411,0.703,0.746,0.746,0.701,0.701,-0.002,-0.2845,134.0,9.568
150169.SZ,20170411,1.005,1.004,1.008,1.002,1.004,-0.001,-0.0995,21457.54,2154.605
150170.SZ,20170411,1.118,1.115,1.118,1.1,1.105,-0.013,-1.1628,51710.66,5722.221
150171.SZ,20170411,0.996,0.996,0.997,0.993,0.997,0.001,0.1004,382893.31,38067.805
150172.SZ,20170411,1.107,1.107,1.114,1.077,1.112,0.005,0.4517,1839279.54,201573.196
150173.SZ,20170411,1.004,1.011,1.011,1.004,1.008,0.004,0.3984,11138.06,1122.833
150174.SZ,20170411,0.608,0.608,0.608,0.598,0.604,-0.004,-0.6579,16913.58,1019.21
150175.SZ,20170411,0.958,0.958,0.958,0.955,0.957,-0.001,-0.1044,653186.16,62469.703
150176.SZ,20170411,0.937,0.935,0.939,0.911,0.92,-0.017,-1.8143,902852.95,83242.832
150177.SZ,20170411,1.004,1.002,1.004,1.002,1.004,0.0,0.0,23570.35,2363.673
150178.SZ,20170411,1.278,1.282,1.285,1.257,1.27,-0.008,-0.626,52477.13,6661.672
150179.SZ,20170411,1.04,1.028,1.03,1.022,1.025,-0.015,-1.4423,3708.62,380.552
150180.SZ,20170411,1.265,1.262,1.277,1.255,1.277,0.012,0.9486,3092.19,391.382
150181.SZ,20170411,1.017,1.017,1.017,1.011,1.016,-0.001,-0.0983,241174.59,24453.41
150182.SZ,20170411,1.164,1.169,1.277,1.162,1.264,0.1,8.5911,4022166.55,492759.207
150184.SZ,20170411,1.039,1.042,1.049,1.04,1.048,0.009,0.8662,42398.96,4426.368
150185.SZ,20170411,0.963,0.963,0.979,0.945,0.971,0.008,0.8307,176821.23,17031.922
150186.SZ,20170411,1.024,1.023,1.029,1.022,1.025,0.001,0.0977,35557.59,3636.236
150187.SZ,20170411,0.907,0.906,0.997,0.901,0.979,0.072,7.9383,354371.05,33840.171
150188.SZ,20170411,1.005,1.004,1.005,1.004,1.005,0.0,0.0,2249.44,226.037
150189.SZ,20170411,0.998,0.985,0.999,0.985,0.998,0.0,0.0,916.8,91.321
150190.SZ,20170411,1.09,1.095,1.095,1.073,1.093,0.003,0.2752,1731.03,188.746
150191.SZ,20170411,1.251,1.232,1.263,1.232,1.263,0.012,0.9592,3120.22,390.772
150192.SZ,20170411,1.045,1.045,1.051,1.042,1.05,0.005,0.4785,24335.35,2551.717
150193.SZ,20170411,1.088,1.085,1.122,1.075,1.119,0.031,2.8493,55850.61,6127.657
150194.SZ,20170411,1.009,1.009,1.01,1.005,1.006,-0.003,-0.2973,66289.93,6684.343
150195.SZ,20170411,0.341,0.34,0.349,0.333,0.349,0.008,2.346,1537930.19,52429.805
150196.SZ,20170411,1.069,1.067,1.072,1.064,1.066,-0.003,-0.2806,45704.0,4882.896
150197.SZ,20170411,1.129,1.127,1.148,1.117,1.147,0.018,1.5943,325214.24,36736.746
150198.SZ,20170411,1.153,1.147,1.148,1.144,1.148,-0.005,-0.4337,1172.0,134.322
150199.SZ,20170411,0.69,0.69,0.695,0.67,0.694,0.004,0.5797,154061.82,10553.554
150200.SZ,20170411,0.995,0.995,0.995,0.993,0.994,-0.001,-0.1005,1604064.19,159428.377
150201.SZ,20170411,0.47,0.468,0.478,0.456,0.477,0.007,1.4894,12938386.68,602328.765
150203.SZ,20170411,1.01,1.011,1.012,1.011,1.012,0.002,0.198,11902.88,1204.272
150204.SZ,20170411,0.949,0.97,0.97,0.932,0.95,0.001,0.1054,26180.47,2475.751
150205.SZ,20170411,1.022,1.022,1.033,1.021,1.033,0.011,1.0763,3598850.26,369464.607
150206.SZ,20170411,0.467,0.467,0.514,0.467,0.514,0.047,10.0642,14635519.93,726480.82
150207.SZ,20170411,1.008,1.005,1.017,1.005,1.015,0.007,0.6944,158465.85,16031.803
150208.SZ,20170411,0.581,0.578,0.599,0.562,0.595,0.014,2.4096,289158.03,17021.094
150209.SZ,20170411,1.032,1.031,1.037,1.027,1.035,0.003,0.2907,116557.88,12032.271
150210.SZ,20170411,0.823,0.823,0.848,0.812,0.848,0.025,3.0377,1206921.04,99750.88
150211.SZ,20170411,1.037,1.042,1.042,1.035,1.04,0.003,0.2893,25672.0,2669.27
150212.SZ,20170411,0.715,0.713,0.737,0.701,0.728,0.013,1.8182,353897.3,25535.952
150213.SZ,20170411,1.042,1.064,1.064,1.036,1.039,-0.003,-0.2879,19479.0,2024.851
150214.SZ,20170411,0.394,0.393,0.4,0.382,0.398,0.004,1.0152,269946.16,10630.281
150215.SZ,20170411,1.038,1.04,1.04,1.04,1.04,0.002,0.1927,20.0,2.08
150216.SZ,20170411,1.06,1.048,1.063,1.04,1.063,0.003,0.283,1524.34,159.342
150217.SZ,20170411,1.006,1.004,1.01,1.002,1.006,0.0,0.0,15981.9,1607.569
150218.SZ,20170411,0.653,0.653,0.668,0.638,0.659,0.006,0.9188,38874.09,2549.246
150219.SZ,20170411,1.206,1.199,1.207,1.199,1.207,0.001,0.0829,590.0,71.051
150220.SZ,20170411,0.848,0.85,0.86,0.834,0.859,0.011,1.2972,45746.03,3890.781
150221.SZ,20170411,1.198,1.197,1.215,1.192,1.21,0.012,1.0017,789373.53,95030.935
150222.SZ,20170411,0.642,0.64,0.693,0.64,0.688,0.046,7.1651,4159488.12,279351.561
150223.SZ,20170411,1.118,1.118,1.118,1.116,1.116,-0.002,-0.1789,87511.73,9769.601
150224.SZ,20170411,0.878,0.877,0.887,0.858,0.887,0.009,1.0251,651815.27,56818.49
150225.SZ,20170411,1.023,1.024,1.026,1.023,1.024,0.001,0.0978,840.0,86.093
150226.SZ,20170411,1.117,1.116,1.117,1.112,1.115,-0.002,-0.1791,867.31,96.662
150227.SZ,20170411,1.013,1.013,1.014,1.009,1.012,-0.001,-0.0987,212019.4,21442.02
150228.SZ,20170411,0.715,0.713,0.717,0.706,0.71,-0.005,-0.6993,1078017.89,76617.391
150229.SZ,20170411,1.022,1.023,1.024,1.023,1.023,0.001,0.0978,11000.0,1125.343
150230.SZ,20170411,0.973,0.969,0.982,0.953,0.966,-0.007,-0.7194,13631.35,1311.648
150231.SZ,20170411,1.138,1.122,1.122,1.122,1.122,-0.016,-1.406,8.26,0.926
150232.SZ,20170411,1.019,1.015,1.015,0.997,1.01,-0.009,-0.8832,1925.25,192.942
150233.SZ,20170411,1.019,1.021,1.021,1.018,1.018,-0.001,-0.0981,2111.2,214.941
150234.SZ,20170411,0.508,0.518,0.518,0.5,0.509,0.001,0.1969,5988.21,302.277
150235.SZ,20170411,1.005,1.01,1.01,1.003,1.004,-0.001,-0.0995,34336.0,3446.952
150236.SZ,20170411,0.861,0.855,0.87,0.841,0.867,0.006,0.6969,79334.45,6778.08
150237.SZ,20170411,1.019,1.019,1.019,1.019,1.019,0.0,0.0,29.0,2.955
150238.SZ,20170411,1.33,1.327,1.345,1.313,1.33,0.0,0.0,1117.54,148.341
150241.SZ,20170411,1.002,1.002,1.002,0.999,1.0,-0.002,-0.1996,15699.02,1570.36
150242.SZ,20170411,0.86,0.897,0.897,0.85,0.856,-0.004,-0.4651,11933.0,1018.823
150243.SZ,20170411,1.03,1.032,1.032,1.022,1.028,-0.002,-0.1942,17465.39,1798.375
150244.SZ,20170411,0.743,0.743,0.755,0.734,0.754,0.011,1.4805,136789.12,10170.757
150245.SZ,20170411,1.069,1.055,1.076,1.055,1.076,0.007,0.6548,183.48,19.496
150246.SZ,20170411,1.014,0.992,1.017,0.991,1.014,0.0,0.0,938.27,93.123
150247.SZ,20170411,1.02,1.018,1.019,1.017,1.019,-0.001,-0.098,86412.72,8796.193
150248.SZ,20170411,0.318,0.313,0.322,0.311,0.322,0.004,1.2579,235651.57,7461.937
150249.SZ,20170411,1.0,1.003,1.003,1.0,1.003,0.003,0.3,425.0,42.575
150250.SZ,20170411,0.792,0.777,0.788,0.777,0.788,-0.004,-0.5051,544.0,42.481
150251.SZ,20170411,1.017,1.017,1.022,1.017,1.022,0.005,0.4916,4952.26,505.849
150252.SZ,20170411,1.263,1.263,1.266,1.217,1.245,-0.018,-1.4252,34308.76,4254.706
150255.SZ,20170411,1.022,1.021,1.024,1.021,1.022,0.0,0.0,13277.01,1357.398
150256.SZ,20170411,0.701,0.701,0.704,0.696,0.699,-0.002,-0.2853,1442.0,100.866
150257.SZ,20170411,1.024,1.018,1.023,1.018,1.023,-0.001,-0.0977,335.0,34.183
150258.SZ,20170411,1.073,1.06,1.066,1.053,1.065,-0.008,-0.7456,322.38,34.112
150259.SZ,20170411,1.024,1.022,1.025,1.022,1.024,0.0,0.0,13483.08,1379.933
150260.SZ,20170411,0.864,0.861,0.882,0.85,0.873,0.009,1.0417,1840.83,159.091
150261.SZ,20170411,1.054,1.053,1.053,1.047,1.047,-0.007,-0.6641,220.0,23.154
150262.SZ,20170411,0.911,0.907,0.915,0.905,0.915,0.004,0.4391,7213.65,657.261
150263.SZ,20170411,1.105,1.145,1.145,1.08,1.08,-0.025,-2.2624,713.0,77.04
150264.SZ,20170411,0.583,0.573,0.582,0.571,0.582,-0.001,-0.1715,421.0,24.489
150265.SZ,20170411,1.049,1.049,1.052,1.046,1.052,0.003,0.286,37531.66,3936.161
150266.SZ,20170411,1.536,1.529,1.59,1.523,1.582,0.046,2.9948,78201.12,12131.093
150268.SZ,20170411,0.756,0.73,0.754,0.73,0.742,-0.014,-1.8519,946.0,69.362
150269.SZ,20170411,1.037,1.037,1.037,1.034,1.035,-0.002,-0.1929,26647.08,2757.914
150270.SZ,20170411,1.202,1.195,1.213,1.155,1.19,-0.012,-0.9983,143584.11,16991.198
150271.SZ,20170411,0.998,1.001,1.008,1.0,1.007,0.009,0.9018,2321.03,233.156
150272.SZ,20170411,1.002,1.02,1.02,1.003,1.004,0.002,0.1996,294.0,29.776
150273.SZ,20170411,1.012,1.012,1.015,1.011,1.015,0.003,0.2964,40707.16,4123.525
150274.SZ,20170411,0.775,0.772,0.81,0.77,0.805,0.03,3.871,94301.11,7408.978
150275.SZ,20170411,1.002,1.002,1.005,1.0,1.005,0.003,0.2994,572836.94,57418.014
150276.SZ,20170411,0.716,0.716,0.749,0.703,0.741,0.025,3.4916,1496883.68,107717.016
150277.SZ,20170411,1.022,1.018,1.027,1.018,1.025,0.003,0.2935,75814.26,7761.499
150278.SZ,20170411,0.708,0.708,0.728,0.682,0.72,0.012,1.6949,351490.9,24693.089
150279.SZ,20170411,1.074,1.055,1.055,1.055,1.055,-0.019,-1.7691,40.0,4.22
150280.SZ,20170411,0.793,0.778,0.805,0.778,0.8,0.007,0.8827,747.0,59.599
150281.SZ,20170411,1.033,1.024,1.029,1.023,1.028,-0.005,-0.484,4895.0,501.645
150282.SZ,20170411,0.44,0.44,0.441,0.434,0.441,0.001,0.2273,1987.0,86.983
150283.SZ,20170411,1.021,1.018,1.022,1.018,1.022,0.001,0.0979,17368.0,1774.581
150284.SZ,20170411,0.75,0.75,0.75,0.69,0.737,-0.013,-1.7333,4525.63,329.592
150287.SZ,20170411,1.065,1.068,1.076,1.063,1.068,0.003,0.2817,608228.56,64959.54
150288.SZ,20170411,0.744,0.746,0.769,0.743,0.766,0.022,2.957,805433.65,61190.613
150289.SZ,20170411,1.05,1.048,1.052,1.048,1.051,0.001,0.0952,171897.48,18052.685
150290.SZ,20170411,0.515,0.518,0.518,0.496,0.507,-0.008,-1.5534,1101330.79,55684.003
150291.SZ,20170411,1.042,1.042,1.043,1.04,1.042,0.0,0.0,17660.0,1838.892
150292.SZ,20170411,0.59,0.589,0.589,0.58,0.588,-0.002,-0.339,31934.01,1865.771
150293.SZ,20170411,1.04,1.04,1.043,1.034,1.041,0.001,0.0962,527.0,54.785
150294.SZ,20170411,1.328,1.326,1.326,1.27,1.325,-0.003,-0.2259,1006.0,128.966
150295.SZ,20170411,1.032,1.032,1.033,1.031,1.032,0.0,0.0,19681.76,2032.091
150296.SZ,20170411,0.914,0.914,0.944,0.904,0.944,0.03,3.2823,31454.89,2902.045
150297.SZ,20170411,1.036,1.037,1.037,1.034,1.034,-0.002,-0.1931,6655.0,689.647
150298.SZ,20170411,0.462,0.467,0.467,0.456,0.464,0.002,0.4329,6154.01,282.238
150299.SZ,20170411,1.041,1.04,1.043,1.04,1.042,0.001,0.0961,75345.48,7849.483
150300.SZ,20170411,0.537,0.538,0.539,0.532,0.536,-0.001,-0.1862,144603.67,7731.255
150301.SZ,20170411,1.041,1.042,1.042,1.04,1.041,0.0,0.0,11442.62,1191.437
150302.SZ,20170411,1.04,1.04,1.043,1.024,1.043,0.003,0.2885,13679.35,1411.184
150303.SZ,20170411,1.03,1.029,1.029,1.025,1.027,-0.003,-0.2913,56239.22,5768.507
150304.SZ,20170411,0.351,0.346,0.356,0.341,0.355,0.004,1.1396,827905.12,28908.217
150305.SZ,20170411,1.005,1.005,1.025,1.005,1.008,0.003,0.2985,1106.47,112.553
150306.SZ,20170411,0.526,0.523,0.531,0.523,0.526,0.0,0.0,5052.8,265.302
150307.SZ,20170411,1.01,1.009,1.013,1.009,1.01,0.0,0.0,6053.0,611.766
150308.SZ,20170411,0.475,0.47,0.48,0.47,0.48,0.005,1.0526,15392.72,734.365
150309.SZ,20170411,1.0,0.998,0.999,0.997,0.999,-0.001,-0.1,798.0,79.668
150310.SZ,20170411,0.692,0.689,0.711,0.686,0.709,0.017,2.4566,1996.3,137.964
150311.SZ,20170411,0.997,0.998,1.0,0.998,0.999,0.002,0.2006,13323.01,1330.312
150312.SZ,20170411,0.845,0.844,0.844,0.817,0.842,-0.003,-0.355,7336.49,606.272
150315.SZ,20170411,1.002,1.003,1.003,1.001,1.002,0.0,0.0,4408.0,441.696
150316.SZ,20170411,0.85,0.855,0.855,0.841,0.853,0.003,0.3529,6958.57,590.492
150317.SZ,20170411,1.089,1.056,1.056,1.056,1.056,-0.033,-3.0303,85.0,8.976
150318.SZ,20170411,0.968,0.955,0.976,0.946,0.976,0.008,0.8264,398.2,38.027
150321.SZ,20170411,1.197,1.191,1.192,1.188,1.191,-0.006,-0.5013,17124.63,2038.441
150322.SZ,20170411,1.144,1.137,1.143,1.1,1.138,-0.006,-0.5245,74382.6,8384.689
150323.SZ,20170411,1.058,1.057,1.1,1.048,1.058,0.0,0.0,5821.41,615.47
150324.SZ,20170411,0.515,0.507,0.529,0.507,0.529,0.014,2.7184,27776.85,1444.177
150325.SZ,20170411,1.04,1.039,1.042,1.038,1.041,0.001,0.0962,2439.34,253.545
150326.SZ,20170411,1.225,1.215,1.235,1.18,1.235,0.01,0.8163,2440.61,290.041
150327.SZ,20170411,1.12,1.121,1.121,1.121,1.121,0.001,0.0893,2.0,0.224
150328.SZ,20170411,1.258,1.21,1.258,1.21,1.258,0.0,0.0,8.0,0.979
150329.SZ,20170411,1.002,1.001,1.003,0.999,1.002,0.0,0.0,12148.35,1215.091
150330.SZ,20170411,0.933,0.931,0.935,0.912,0.925,-0.008,-0.8574,41190.0,3810.636
150331.SZ,20170411,1.08,1.079,1.08,1.076,1.076,-0.004,-0.3704,12430.28,1339.555
150332.SZ,20170411,0.4,0.401,0.407,0.394,0.406,0.006,1.5,171028.05,6851.888
150335.SZ,20170411,1.041,1.041,1.046,1.039,1.046,0.005,0.4803,110796.83,11551.343
150336.SZ,20170411,0.584,0.587,0.64,0.582,0.64,0.056,9.589,282527.95,17422.09
150343.SZ,20170411,1.049,1.048,1.048,1.046,1.047,-0.002,-0.1907,499.0,52.258
150344.SZ,20170411,1.058,1.056,1.06,1.039,1.058,0.0,0.0,4783.29,502.963
159001.SZ,20170411,100.002,99.999,100.001,99.997,100.001,-0.001,-0.001,11893.08,118930.393
159003.SZ,20170411,100.004,100.0,100.006,99.999,100.006,0.002,0.002,50742.66,507432.153
159005.SZ,20170411,100.0,99.999,100.001,99.999,100.001,0.001,0.001,452366.91,4523669.112
159901.SZ,20170411,4.216,4.217,4.236,4.154,4.226,0.01,0.2372,65750.82,27597.394
159902.SZ,20170411,3.278,3.276,3.305,3.24,3.299,0.021,0.6406,99388.62,32601.357
159903.SZ,20170411,1.131,1.131,1.138,1.124,1.137,0.006,0.5305,6394.31,724.14
159905.SZ,20170411,1.295,1.296,1.304,1.267,1.29,-0.005,-0.3861,650.0,84.1
159906.SZ,20170411,0.92,0.933,0.933,0.902,0.91,-0.01,-1.087,176.0,15.902
159907.SZ,20170411,1.469,1.469,1.473,1.455,1.468,-0.001,-0.0681,36017.0,5264.739
159908.SZ,20170411,1.29,1.3,1.3,1.3,1.3,0.01,0.7752,2.0,0.26
159909.SZ,20170411,4.768,4.7,4.768,4.629,4.7,-0.068,-1.4262,254.0,119.406
159910.SZ,20170411,1.487,1.483,1.489,1.443,1.489,0.002,0.1345,792.32,114.936
159911.SZ,20170411,4.148,4.116,4.116,4.116,4.116,-0.032,-0.7715,2.0,0.823
159912.SZ,20170411,1.335,1.335,1.335,1.31,1.333,-0.002,-0.1498,2084.81,273.997
159913.SZ,20170411,1.545,1.545,1.578,1.545,1.578,0.033,2.1359,2.0,0.312
159915.SZ,20170411,1.832,1.829,1.84,1.81,1.836,0.004,0.2183,1127883.12,205783.631
159916.SZ,20170411,2.96,2.978,2.98,2.916,2.98,0.02,0.6757,45.0,13.393
159918.SZ,20170411,2.058,1.972,2.046,1.972,2.022,-0.036,-1.7493,78.0,15.582
159919.SZ,20170411,3.774,3.774,3.787,3.732,3.783,0.009,0.2385,117664.22,44247.331
159920.SZ,20170411,1.334,1.334,1.34,1.315,1.323,-0.011,-0.8246,177206.1,23505.971
159921.SZ,20170411,1.55,1.528,1.552,1.528,1.552,0.002,0.129,562.0,86.455
159922.SZ,20170411,6.668,6.685,6.879,6.648,6.725,0.057,0.8548,1637.0,1096.244
159923.SZ,20170411,1.322,1.31,1.321,1.31,1.314,-0.008,-0.6051,846.0,111.041
159924.SZ,20170411,1.432,1.44,1.44,1.414,1.44,0.008,0.5587,1191.02,168.904
159925.SZ,20170411,1.433,1.43,1.436,1.402,1.436,0.003,0.2094,4634.73,659.934
159926.SZ,20170411,108.299,108.03,108.49,108.03,108.31,0.011,0.0102,5.0,54.118
159927.SZ,20170411,3.588,3.385,3.639,3.385,3.569,-0.019,-0.5295,43.0,15.263
159928.SZ,20170411,1.615,1.615,1.625,1.606,1.623,0.008,0.4954,621.0,100.193
159929.SZ,20170411,1.453,1.451,1.451,1.433,1.439,-0.014,-0.9635,7620.0,1098.446
159930.SZ,20170411,0.842,0.85,0.85,0.828,0.833,-0.009,-1.0689,681.0,56.65
159931.SZ,20170411,1.461,1.456,1.461,1.456,1.457,-0.004,-0.2738,405.0,59.166
159932.SZ,20170411,1.815,1.821,1.821,1.804,1.819,0.004,0.2204,231.55,41.92
159933.SZ,20170411,1.6,1.599,1.615,1.595,1.615,0.015,0.9375,19.0,3.035
159934.SZ,20170411,2.797,2.797,2.805,2.794,2.798,0.001,0.0358,226213.05,63307.231
159935.SZ,20170411,1.735,1.66,1.733,1.66,1.733,-0.002,-0.1153,6.0,1.004
159937.SZ,20170411,2.813,2.819,2.819,2.81,2.816,0.003,0.1066,231349.0,65108.293
159938.SZ,20170411,1.305,1.305,1.308,1.291,1.3,-0.005,-0.3831,50673.02,6577.14
159939.SZ,20170411,1.104,1.104,1.108,1.095,1.107,0.003,0.2717,12953.0,1425.422
159940.SZ,20170411,0.814,0.819,0.82,0.813,0.819,0.005,0.6143,2980.03,243.601
159941.SZ,20170411,1.284,1.284,1.286,1.282,1.285,0.001,0.0779,282.0,36.242
159942.SZ,20170411,1.838,1.802,1.833,1.802,1.822,-0.016,-0.8705,11019.69,2006.528
159943.SZ,20170411,11.042,11.02,11.117,10.93,11.094,0.052,0.4709,768.91,849.754
159944.SZ,20170411,0.921,0.918,0.929,0.91,0.929,0.008,0.8686,1028.03,94.477
159945.SZ,20170411,0.745,0.741,0.754,0.74,0.74,-0.005,-0.6711,2775.06,205.929
159946.SZ,20170411,1.03,1.028,1.028,1.01,1.011,-0.019,-1.8447,687.04,69.675
159948.SZ,20170411,1.98,1.98,1.986,1.955,1.985,0.005,0.2525,2527.59,498.419
159949.SZ,20170411,0.775,0.775,0.777,0.763,0.775,0.0,0.0,57282.39,4424.012
160105.SZ,20170411,1.03,1.028,1.037,1.02,1.028,-0.002,-0.1942,504.7,51.609
160106.SZ,20170411,1.283,1.283,1.283,1.266,1.283,0.0,0.0,2328.04,296.733
160119.SZ,20170411,1.595,1.597,1.623,1.587,1.605,0.01,0.627,2374.0,379.467
160125.SZ,20170411,0.864,0.865,0.865,0.853,0.859,-0.005,-0.5787,4193.0,360.076
160128.SZ,20170411,0.98,0.971,0.985,0.971,0.985,0.005,0.5102,1603.0,156.984
160130.SZ,20170411,0.94,0.94,0.944,0.94,0.944,0.004,0.4255,105.0,9.903
160131.SZ,20170411,0.985,0.988,0.993,0.988,0.993,0.008,0.8122,1301.83,129.25
160133.SZ,20170411,1.922,1.924,1.927,1.902,1.919,-0.003,-0.1561,4058.88,777.494
160211.SZ,20170411,3.14,3.13,3.16,3.081,3.158,0.018,0.5732,5086.42,1591.51
160212.SZ,20170411,2.579,2.576,2.6,2.542,2.581,0.002,0.0775,30407.59,7835.415
160215.SZ,20170411,1.675,1.66,1.669,1.64,1.657,-0.018,-1.0746,5741.18,949.098
160216.SZ,20170411,0.432,0.44,0.44,0.432,0.435,0.003,0.6944,157064.98,6864.279
160220.SZ,20170411,1.281,1.28,1.28,1.279,1.279,-0.002,-0.1561,4376.0,560.107
160223.SZ,20170411,0.892,0.893,0.893,0.881,0.882,-0.01,-1.1211,1729.37,153.34
160225.SZ,20170411,1.03,1.026,1.031,1.026,1.026,-0.004,-0.3883,89.0,9.131
160311.SZ,20170411,1.362,1.365,1.368,1.354,1.368,0.006,0.4405,2828.0,385.905
160314.SZ,20170411,1.068,1.075,1.075,1.06,1.072,0.004,0.3745,5367.08,572.591
160323.SZ,20170411,0.946,0.945,0.946,0.941,0.946,0.0,0.0,8767.76,827.905
160415.SZ,20170411,1.313,1.313,1.331,1.25,1.257,-0.056,-4.265,210.6,27.441
160416.SZ,20170411,0.972,0.974,0.978,0.968,0.97,-0.002,-0.2058,15314.0,1488.698
160421.SZ,20170411,0.865,0.863,0.869,0.863,0.868,0.003,0.3468,9505.53,823.543
160505.SZ,20170411,1.679,1.679,1.689,1.663,1.688,0.009,0.536,64385.73,10816.08
160512.SZ,20170411,2.396,2.392,2.398,2.37,2.398,0.002,0.0835,4106.48,978.382
160513.SZ,20170411,1.433,1.432,1.432,1.432,1.432,-0.001,-0.0698,3.0,0.429
160515.SZ,20170411,0.981,0.983,0.983,0.973,0.982,0.001,0.1019,22886.35,2237.123
160518.SZ,20170411,0.95,0.949,0.953,0.947,0.953,0.003,0.3158,52082.42,4944.722
160519.SZ,20170411,0.965,0.964,0.969,0.963,0.963,-0.002,-0.2073,6333.45,610.05
160520.SZ,20170411,0.957,0.953,0.957,0.952,0.957,0.0,0.0,521.0,49.599
160522.SZ,20170411,0.986,0.983,0.986,0.983,0.986,0.0,0.0,6481.34,637.39
160607.SZ,20170411,0.72,0.718,0.72,0.713,0.72,0.0,0.0,6141.35,440.601
160610.SZ,20170411,1.075,1.09,1.092,1.075,1.083,0.008,0.7442,2068.9,223.923
160611.SZ,20170411,0.871,0.874,0.876,0.868,0.876,0.005,0.5741,317.91,27.657
160615.SZ,20170411,1.387,1.394,1.412,1.394,1.399,0.012,0.8652,26.0,3.663
160616.SZ,20170411,1.357,1.357,1.369,1.357,1.369,0.012,0.8843,165.0,22.483
160617.SZ,20170411,1.002,1.001,1.001,1.0,1.0,-0.002,-0.1996,189.0,18.918
160635.SZ,20170411,1.011,1.004,1.013,1.0,1.001,-0.01,-0.9891,372.01,37.251
160642.SZ,20170411,0.93,0.94,0.94,0.932,0.932,0.002,0.2151,150.0,14.06
160706.SZ,20170411,0.99,0.99,0.996,0.982,0.995,0.005,0.5051,29704.51,2942.341
160716.SZ,20170411,1.296,1.296,1.303,1.292,1.293,-0.003,-0.2315,2144.0,277.388
160717.SZ,20170411,0.769,0.772,0.772,0.759,0.763,-0.006,-0.7802,11604.0,886.061
160719.SZ,20170411,0.723,0.723,0.726,0.722,0.725,0.002,0.2766,26550.0,1923.857
160720.SZ,20170411,1.11,1.11,1.113,1.11,1.113,0.003,0.2703,109.95,12.234
160722.SZ,20170411,0.948,0.948,0.95,0.948,0.95,0.002,0.211,43363.48,4117.386
160805.SZ,20170411,0.858,0.856,0.857,0.854,0.855,-0.003,-0.3497,166.0,14.21
160806.SZ,20170411,1.294,1.292,1.298,1.284,1.298,0.004,0.3091,942.45,122.197
160812.SZ,20170411,1.482,1.483,1.486,1.473,1.486,0.004,0.2699,2464.1,364.96
160813.SZ,20170411,0.82,0.815,0.821,0.813,0.821,0.001,0.122,2040.43,166.665
160910.SZ,20170411,0.964,0.956,0.956,0.952,0.956,-0.008,-0.8299,431.46,41.158
160916.SZ,20170411,2.35,2.341,2.355,2.33,2.355,0.005,0.2128,2979.66,698.896
160918.SZ,20170411,1.861,1.85,1.874,1.841,1.87,0.009,0.4836,1387.0,258.162
160919.SZ,20170411,1.2,1.2,1.203,1.187,1.203,0.003,0.25,4415.03,527.664
160921.SZ,20170411,0.929,0.926,0.93,0.925,0.928,-0.001,-0.1076,936.02,86.745
160922.SZ,20170411,1.043,1.041,1.041,1.031,1.033,-0.01,-0.9588,562.0,58.071
161005.SZ,20170411,1.774,1.773,1.781,1.761,1.77,-0.004,-0.2255,1428.51,252.558
161010.SZ,20170411,1.041,1.041,1.042,1.04,1.042,0.001,0.0961,9138.0,951.671
161015.SZ,20170411,0.915,0.914,0.914,0.914,0.914,-0.001,-0.1093,1210.0,110.594
161017.SZ,20170411,2.176,2.188,2.189,2.188,2.189,0.013,0.5974,72.0,15.753
161019.SZ,20170411,0.963,0.963,0.963,0.961,0.962,-0.001,-0.1038,1150.0,110.601
161033.SZ,20170411,1.016,1.013,1.016,1.005,1.016,0.0,0.0,1202.0,121.196
161035.SZ,20170411,0.943,0.936,0.94,0.931,0.94,-0.003,-0.3181,560.0,52.432
161036.SZ,20170411,0.992,0.992,0.993,0.99,0.993,0.001,0.1008,5740.48,568.847
161115.SZ,20170411,1.747,1.747,1.747,1.747,1.747,0.0,0.0,58.0,10.132
161116.SZ,20170411,0.742,0.742,0.746,0.74,0.743,0.001,0.1348,26775.0,1990.134
161117.SZ,20170411,1.035,1.022,1.022,1.022,1.022,-0.013,-1.256,40.0,4.088
161119.SZ,20170411,1.224,1.232,1.232,1.232,1.232,0.008,0.6536,8.0,0.985
161124.SZ,20170411,1.066,1.065,1.065,1.053,1.058,-0.008,-0.7505,5404.32,570.438
161125.SZ,20170411,1.023,1.021,1.023,1.021,1.023,0.0,0.0,7894.09,806.507
161126.SZ,20170411,1.057,1.059,1.059,1.056,1.057,0.0,0.0,2667.0,281.93
161127.SZ,20170411,1.049,1.049,1.05,1.044,1.048,-0.001,-0.0953,5110.0,534.827
161128.SZ,20170411,1.051,1.048,1.049,1.046,1.047,-0.004,-0.3806,2435.11,255.273
161129.SZ,20170411,0.972,0.984,0.985,0.978,0.978,0.006,0.6173,5631.02,552.537
161210.SZ,20170411,0.944,0.947,0.947,0.941,0.944,0.0,0.0,898.0,84.814
161213.SZ,20170411,1.394,1.393,1.41,1.384,1.384,-0.01,-0.7174,18.64,2.587
161217.SZ,20170411,0.692,0.69,0.7,0.69,0.7,0.008,1.1561,2876.47,200.21
161219.SZ,20170411,1.274,1.282,1.291,1.275,1.287,0.013,1.0204,276.93,35.591
161222.SZ,20170411,1.071,1.074,1.075,1.066,1.075,0.004,0.3735,2212.15,237.302
161224.SZ,20170411,1.108,1.093,1.105,1.093,1.104,-0.004,-0.361,482.03,52.735
161225.SZ,20170411,1.114,1.123,1.126,1.116,1.126,0.012,1.0772,10007.05,1120.275
161226.SZ,20170411,0.985,0.985,0.986,0.982,0.986,0.001,0.1015,41020.0,4035.84
161227.SZ,20170411,0.914,0.917,0.918,0.902,0.916,0.002,0.2188,31772.8,2893.034
161229.SZ,20170411,1.247,1.252,1.254,1.244,1.249,0.002,0.1604,1499.0,187.366
1612301.SZ,20170411,0.993,0.996,0.996,0.993,0.994,0.001,0.1007,10.0,0.993
161232.SZ,20170411,0.887,0.887,0.89,0.886,0.89,0.003,0.3382,21995.18,1953.541
161233.SZ,20170411,0.93,0.95,0.95,0.926,0.926,-0.004,-0.4301,13.01,1.207
161607.SZ,20170411,1.069,1.067,1.071,1.067,1.071,0.002,0.1871,14.0,1.497
161610.SZ,20170411,0.885,0.88,0.888,0.875,0.888,0.003,0.339,7074.38,623.19
161626.SZ,20170411,0.994,0.995,0.995,0.995,0.995,0.001,0.1006,23950.83,2383.107
161630.SZ,20170411,0.987,1.018,1.018,0.982,0.982,-0.005,-0.5066,11.31,1.15
161706.SZ,20170411,1.385,1.384,1.392,1.381,1.383,-0.002,-0.1444,2961.0,410.487
161713.SZ,20170411,1.001,1.001,1.001,1.001,1.001,0.0,0.0,4844.01,484.885
161714.SZ,20170411,0.851,0.851,0.853,0.846,0.847,-0.004,-0.47,287.0,24.387
161716.SZ,20170411,1.092,1.089,1.089,1.089,1.089,-0.003,-0.2747,15.0,1.633
161727.SZ,20170411,0.96,0.963,0.969,0.96,0.96,0.0,0.0,11003.0,1065.893
161810.SZ,20170411,1.619,1.608,1.614,1.602,1.614,-0.005,-0.3088,94.68,15.195
161813.SZ,20170411,1.265,1.265,1.265,1.265,1.265,0.0,0.0,5.0,0.632
161815.SZ,20170411,0.479,0.48,0.48,0.473,0.475,-0.004,-0.8351,7180.0,342.085
161820.SZ,20170411,1.057,1.057,1.057,1.056,1.057,0.0,0.0,1240.0,131.065
161831.SZ,20170411,0.947,0.947,0.949,0.933,0.941,-0.006,-0.6336,8751.74,819.67
161834.SZ,20170411,0.903,0.904,0.905,0.901,0.902,-0.001,-0.1107,40649.66,3668.606
161903.SZ,20170411,0.895,0.888,0.9,0.888,0.899,0.004,0.4469,283.26,25.396
161907.SZ,20170411,1.539,1.536,1.538,1.536,1.538,-0.001,-0.065,53.0,8.151
161908.SZ,20170411,0.892,0.889,0.889,0.889,0.889,-0.003,-0.3363,1.0,0.088
161911.SZ,20170411,0.962,0.962,0.962,0.961,0.962,0.0,0.0,3965.24,381.242
162006.SZ,20170411,1.115,1.116,1.118,1.098,1.114,-0.001,-0.0897,575.26,63.739
162105.SZ,20170411,1.078,1.075,1.075,1.075,1.075,-0.003,-0.2783,29.0,3.117
162108.SZ,20170411,1.082,1.08,1.08,1.08,1.08,-0.002,-0.1848,1795.33,193.895
162207.SZ,20170411,1.175,1.18,1.18,1.168,1.18,0.005,0.4255,529.41,62.077
162307.SZ,20170411,1.092,1.062,1.09,1.055,1.083,-0.009,-0.8242,150.0,16.076
162308.SZ,20170411,1.103,1.096,1.096,1.096,1.096,-0.007,-0.6346,13.0,1.424
162411.SZ,20170411,0.638,0.647,0.647,0.642,0.644,0.006,0.9404,902973.24,58097.538
162414.SZ,20170411,1.083,1.082,1.082,1.08,1.08,-0.003,-0.277,200.0,21.62
162415.SZ,20170411,1.168,1.163,1.165,1.163,1.165,-0.003,-0.2568,441.0,51.375
162510.SZ,20170411,1.082,1.079,1.135,1.077,1.083,0.001,0.0924,524.14,57.498
162605.SZ,20170411,0.955,0.95,0.958,0.948,0.958,0.003,0.3141,177.0,16.82
162607.SZ,20170411,0.495,0.495,0.505,0.494,0.498,0.003,0.6061,14201.14,705.321
162703.SZ,20170411,1.208,1.208,1.213,1.191,1.205,-0.003,-0.2483,2778.23,333.648
162711.SZ,20170411,1.371,1.367,1.38,1.367,1.38,0.009,0.6565,1878.11,257.681
162712.SZ,20170411,1.403,1.403,1.403,1.399,1.402,-0.001,-0.0713,592.0,82.974
162715.SZ,20170411,1.098,1.094,1.094,1.08,1.092,-0.006,-0.5464,999.0,108.506
162717.SZ,20170411,0.93,0.93,0.93,0.93,0.93,0.0,0.0,1323.0,123.039
162718.SZ,20170411,0.912,0.913,0.917,0.913,0.915,0.003,0.3289,5052.6,462.316
162719.SZ,20170411,0.991,0.995,0.996,0.991,0.992,0.001,0.1009,13513.22,1344.135
163001.SZ,20170411,0.97,0.962,0.97,0.962,0.97,0.0,0.0,351.32,33.967
163003.SZ,20170411,0.814,0.82,0.82,0.814,0.814,0.0,0.0,51683.38,4207.221
163005.SZ,20170411,0.817,0.818,0.818,0.818,0.818,0.001,0.1224,5233.41,428.092
163110.SZ,20170411,2.759,2.759,2.77,2.731,2.77,0.011,0.3987,18071.43,4973.875
163119.SZ,20170411,0.909,0.905,0.91,0.893,0.907,-0.002,-0.22,48969.54,4416.884
163208.SZ,20170411,0.918,0.919,0.92,0.919,0.92,0.002,0.2179,46.0,4.231
163210.SZ,20170411,1.023,1.023,1.028,1.023,1.026,0.003,0.2933,4243.03,435.203
163302.SZ,20170411,1.319,1.319,1.32,1.314,1.314,-0.005,-0.3791,165.43,21.756
163402.SZ,20170411,1.034,1.036,1.047,1.034,1.047,0.013,1.2573,20692.43,2151.4
163407.SZ,20170411,1.487,1.497,1.497,1.486,1.495,0.008,0.538,131.0,19.535
163409.SZ,20170411,1.543,1.534,1.547,1.528,1.547,0.004,0.2592,2668.0,409.022
163412.SZ,20170411,2.532,2.532,2.55,2.521,2.55,0.018,0.7109,8105.73,2053.226
163415.SZ,20170411,1.354,1.353,1.361,1.343,1.361,0.007,0.517,4997.5,674.078
163503.SZ,20170411,0.484,0.486,0.489,0.485,0.489,0.005,1.0331,5502.8,268.225
163801.SZ,20170411,1.182,1.181,1.189,1.172,1.184,0.002,0.1692,1808.38,213.6
163819.SZ,20170411,1.086,1.086,1.086,1.086,1.086,0.0,0.0,93.0,10.099
163821.SZ,20170411,1.479,1.484,1.487,1.484,1.487,0.008,0.5409,94.0,13.95
163907.SZ,20170411,1.032,1.033,1.033,1.033,1.033,0.001,0.0969,2.0,0.206
164105.SZ,20170411,1.233,1.216,1.216,1.216,1.216,-0.017,-1.3788,19.0,2.31
164206.SZ,20170411,1.04,1.041,1.042,1.041,1.041,0.001,0.0962,1501.0,156.254
164210.SZ,20170411,0.988,0.99,0.991,0.989,0.991,0.003,0.3036,943.55,93.393
164302.SZ,20170411,1.007,1.005,1.005,1.0,1.004,-0.003,-0.2979,10148.09,1018.814
164403.SZ,20170411,0.943,0.944,0.948,0.942,0.948,0.005,0.5302,148.0,14.003
164701.SZ,20170411,0.622,0.622,0.624,0.621,0.623,0.001,0.1608,10751.0,669.388
164703.SZ,20170411,1.035,1.007,1.009,1.007,1.008,-0.027,-2.6087,249.0,25.113
164705.SZ,20170411,1.062,1.062,1.062,1.052,1.056,-0.006,-0.565,6894.0,727.429
164808.SZ,20170411,0.989,0.99,0.992,0.989,0.992,0.003,0.3033,1767.36,174.915
164810.SZ,20170411,0.972,0.973,0.973,0.972,0.972,0.0,0.0,223.0,21.68
164815.SZ,20170411,0.838,0.843,0.843,0.832,0.834,-0.004,-0.4773,142.0,11.928
164906.SZ,20170411,1.113,1.118,1.128,1.1,1.105,-0.008,-0.7188,10710.75,1186.69
165309.SZ,20170411,1.048,1.048,1.049,1.044,1.049,0.001,0.0954,138.0,14.462
165313.SZ,20170411,1.422,1.423,1.428,1.419,1.427,0.005,0.3516,1595.83,227.224
165508.SZ,20170411,1.783,1.781,1.787,1.765,1.787,0.004,0.2243,52.0,9.226
165509.SZ,20170411,1.108,1.107,1.107,1.107,1.107,-0.001,-0.0903,11.0,1.217
165510.SZ,20170411,0.751,0.747,0.75,0.746,0.75,-0.001,-0.1332,8417.0,628.913
165512.SZ,20170411,2.213,2.239,2.272,2.239,2.253,0.04,1.8075,19.0,4.303
165513.SZ,20170411,0.468,0.468,0.468,0.465,0.467,-0.001,-0.2137,6740.0,314.584
165517.SZ,20170411,0.746,0.746,0.746,0.746,0.746,0.0,0.0,49.0,3.655
165525.SZ,20170411,1.325,1.327,1.347,1.304,1.344,0.019,1.434,166146.98,22096.52
165528.SZ,20170411,1.018,1.013,1.022,1.013,1.02,0.002,0.1965,14832.17,1507.703
165807.SZ,20170411,1.028,1.028,1.028,1.028,1.028,0.0,0.0,59.01,6.066
166001.SZ,20170411,1.074,1.076,1.095,1.07,1.079,0.005,0.4655,412.1,44.225
166006.SZ,20170411,1.073,1.066,1.066,1.065,1.066,-0.007,-0.6524,251.0,26.751
166008.SZ,20170411,1.012,1.014,1.015,1.012,1.015,0.003,0.2964,1712.0,173.403
166009.SZ,20170411,2.08,2.075,2.079,2.066,2.067,-0.013,-0.625,11.0,2.275
166011.SZ,20170411,1.193,1.189,1.196,1.183,1.193,0.0,0.0,680.67,80.851
166016.SZ,20170411,1.291,1.294,1.294,1.29,1.294,0.003,0.2324,22.0,2.838
166105.SZ,20170411,0.952,0.952,0.952,0.952,0.952,0.0,0.0,5.0,0.476
166401.SZ,20170411,1.031,1.031,1.031,1.031,1.031,0.0,0.0,2.0,0.206
166902.SZ,20170411,1.008,1.01,1.01,1.009,1.01,0.002,0.1984,2133.0,215.431
167001.SZ,20170411,0.919,0.917,0.918,0.916,0.918,-0.001,-0.1088,7743.11,710.04
167002.SZ,20170411,0.978,0.978,0.978,0.977,0.978,0.0,0.0,10.0,0.977
167501.SZ,20170411,1.087,1.088,1.088,1.087,1.087,0.0,0.0,120.0,13.046
168101.SZ,20170411,1.072,1.074,1.075,1.069,1.071,-0.001,-0.0933,23598.31,2526.323
168102.SZ,20170411,0.9,0.898,0.9,0.896,0.899,-0.001,-0.1111,13032.01,1169.523
168103.SZ,20170411,0.856,0.856,0.856,0.85,0.853,-0.003,-0.3505,98117.59,8362.601
168104.SZ,20170411,1.0,0.999,1.001,0.997,0.997,-0.003,-0.3,122486.01,12256.798
168105.SZ,20170411,0.899,0.899,0.9,0.894,0.9,0.001,0.1112,12432.62,1114.593
168301.SZ,20170411,0.934,0.932,0.933,0.93,0.933,-0.001,-0.1071,18788.58,1750.008
169101.SZ,20170411,1.327,1.311,1.339,1.293,1.33,0.003,0.2261,4550.0,599.212
169102.SZ,20170411,1.282,1.264,1.277,1.259,1.277,-0.005,-0.39,3754.0,474.706
169103.SZ,20170411,1.149,1.144,1.145,1.14,1.14,-0.009,-0.7833,503.0,57.426
169104.SZ,20170411,1.162,1.157,1.157,1.155,1.156,-0.006,-0.5164,1956.0,226.217
169105.SZ,20170411,1.088,1.09,1.095,1.079,1.087,-0.001,-0.0919,108193.89,11753.591
169201.SZ,20170411,0.926,0.924,0.93,0.923,0.928,0.002,0.216,6434.0,596.786
184722.SZ,20170411,0.997,0.997,1.002,0.996,1.002,0.005,0.5015,236868.18,23664.315
184801.SZ,20170411,100.8,100.62,101.05,100.6,101.045,0.245,0.2431,75.0,756.634
500058.SH,20170411,0.966,0.965,0.97,0.963,0.969,0.003,0.3106,177863.5,17190.582
501000.SH,20170411,1.023,1.023,1.023,1.023,1.023,0.0,0.0,29.0,2.967
501001.SH,20170411,1.047,1.04,1.051,1.038,1.045,-0.002,-0.191,7660.56,797.947
501002.SH,20170411,1.043,1.045,1.045,1.037,1.041,-0.002,-0.1918,530.0,54.985
501005.SH,20170411,1.004,1.004,1.004,0.996,0.996,-0.008,-0.7968,2976.18,297.158
501007.SH,20170411,0.98,0.98,0.98,0.969,0.969,-0.011,-1.1224,3414.85,330.931
501008.SH,20170411,0.979,0.973,0.973,0.971,0.971,-0.008,-0.8172,459.0,44.61
501009.SH,20170411,1.016,1.01,1.016,1.008,1.013,-0.003,-0.2953,301.18,30.406
501010.SH,20170411,1.059,1.005,1.03,1.005,1.026,-0.033,-3.1161,351.0,35.425
501011.SH,20170411,1.06,1.056,1.075,1.04,1.07,0.01,0.9434,1053.84,111.688
501012.SH,20170411,1.048,1.053,1.055,1.04,1.05,0.002,0.1908,159.0,16.693
501015.SH,20170411,1.023,1.021,1.027,1.016,1.025,0.002,0.1955,184082.17,18799.765
501017.SH,20170411,0.982,0.982,0.985,0.975,0.984,0.002,0.2037,9745.93,958.023
501018.SH,20170411,0.985,0.994,0.996,0.986,0.99,0.005,0.5076,126619.01,12561.205
501021.SH,20170411,1.194,1.194,1.195,1.176,1.18,-0.014,-1.1725,185672.7,21954.187
501022.SH,20170411,0.951,0.947,0.959,0.947,0.958,0.007,0.7361,19186.29,1827.874
501023.SH,20170411,1.092,1.095,1.096,1.078,1.08,-0.012,-1.0989,25738.37,2787.322
501025.SH,20170411,1.05,1.054,1.054,1.04,1.041,-0.009,-0.8571,2632.26,274.315
501026.SH,20170411,0.94,0.94,0.943,0.938,0.943,0.003,0.3191,22509.52,2118.989
501028.SH,20170411,0.945,0.943,0.948,0.943,0.946,0.001,0.1058,22268.02,2105.846
501029.SH,20170411,1.043,1.046,1.055,1.041,1.054,0.011,1.0547,78797.24,8256.205
501030.SH,20170411,1.087,1.073,1.107,1.073,1.093,0.006,0.552,2375.89,259.325
501031.SH,20170411,1.093,1.092,1.1,1.07,1.1,0.007,0.6404,907.83,98.688
501050.SH,20170411,1.023,1.023,1.025,1.019,1.023,0.0,0.0,9448.36,965.009
501300.SH,20170411,1.009,1.009,1.009,1.007,1.009,0.0,0.0,3916.84,394.845
502000.SH,20170411,1.038,1.039,1.043,1.039,1.042,0.004,0.3854,64.8,6.74
502001.SH,20170411,1.069,1.068,1.069,1.04,1.04,-0.029,-2.7128,41.33,4.414
502002.SH,20170411,1.008,1.007,1.008,0.986,1.008,0.0,0.0,168.0,16.778
502003.SH,20170411,1.149,1.15,1.258,1.146,1.206,0.057,4.9608,94834.11,11270.999
502004.SH,20170411,1.028,1.025,1.032,1.02,1.025,-0.003,-0.2918,47936.48,4922.529
502005.SH,20170411,1.272,1.271,1.398,1.251,1.389,0.117,9.1981,381165.91,51294.803
502006.SH,20170411,1.036,1.035,1.067,1.032,1.065,0.029,2.7992,9126.73,948.783
502007.SH,20170411,1.138,1.133,1.133,1.112,1.133,-0.005,-0.4394,580.56,65.343
502008.SH,20170411,0.943,0.942,0.998,0.942,0.977,0.034,3.6055,49668.47,4751.242
502010.SH,20170411,1.149,1.139,1.149,1.131,1.149,0.0,0.0,2300.37,262.456
502011.SH,20170411,1.019,1.018,1.019,1.016,1.018,-0.001,-0.0981,12992.7,1321.636
502012.SH,20170411,1.272,1.272,1.282,1.253,1.278,0.006,0.4717,38313.78,4848.392
502013.SH,20170411,0.882,0.882,0.902,0.879,0.898,0.016,1.8141,453422.93,40288.574
502014.SH,20170411,1.025,1.024,1.027,1.024,1.027,0.002,0.1951,358792.59,36786.266
502015.SH,20170411,0.741,0.739,0.779,0.732,0.771,0.03,4.0486,810291.97,60811.54
502016.SH,20170411,1.144,1.148,1.148,1.148,1.148,0.004,0.3497,1345.23,154.432
502017.SH,20170411,1.008,1.003,1.01,1.003,1.01,0.002,0.1984,301.0,30.4
502018.SH,20170411,1.286,1.273,1.326,1.273,1.317,0.031,2.4106,1436.19,186.579
502020.SH,20170411,1.201,1.2,1.2,1.189,1.189,-0.012,-0.9992,40009.79,4757.174
502021.SH,20170411,1.017,1.016,1.017,1.012,1.013,-0.004,-0.3933,1669.0,169.059
502022.SH,20170411,1.353,1.323,1.385,1.323,1.34,-0.013,-0.9608,81.0,10.841
502023.SH,20170411,1.013,1.055,1.055,1.02,1.035,0.022,2.1718,5544.56,572.233
502024.SH,20170411,1.106,1.105,1.12,1.1,1.12,0.014,1.2658,7337.5,817.03
502025.SH,20170411,0.93,0.935,0.958,0.924,0.948,0.018,1.9355,16029.0,1510.638
502026.SH,20170411,0.906,0.884,0.899,0.884,0.899,-0.007,-0.7726,51.0,4.583
502027.SH,20170411,1.087,1.083,1.084,1.046,1.084,-0.003,-0.276,1101.0,115.353
502028.SH,20170411,0.762,0.739,0.759,0.72,0.758,-0.004,-0.5249,2109.5,154.604
502031.SH,20170411,1.08,1.08,1.08,1.052,1.077,-0.003,-0.2778,51.28,5.525
502032.SH,20170411,1.215,1.21,1.235,1.198,1.234,0.019,1.5638,1015.52,122.926
502037.SH,20170411,1.04,1.038,1.038,1.036,1.037,-0.003,-0.2885,2345.3,243.035
502038.SH,20170411,1.04,1.024,1.024,1.006,1.02,-0.02,-1.9231,36.86,3.762
502040.SH,20170411,0.955,0.982,0.982,0.982,0.982,0.027,2.8272,2.0,0.196
502042.SH,20170411,0.906,0.871,0.899,0.871,0.899,-0.007,-0.7726,212.61,18.538
502048.SH,20170411,1.183,1.18,1.2,1.177,1.184,0.001,0.0845,3654.22,432.522
502049.SH,20170411,1.033,1.034,1.034,1.03,1.031,-0.002,-0.1936,6179.09,637.624
502050.SH,20170411,1.339,1.335,1.347,1.328,1.346,0.007,0.5228,55516.54,7405.143
502053.SH,20170411,0.967,0.966,0.966,0.955,0.964,-0.003,-0.3102,2832.86,272.533
502054.SH,20170411,1.029,1.025,1.029,1.025,1.028,-0.001,-0.0972,4091.0,420.431
502055.SH,20170411,0.903,0.899,0.912,0.88,0.911,0.008,0.8859,53560.14,4787.457
502056.SH,20170411,1.049,1.064,1.064,1.057,1.057,0.008,0.7626,12.0,1.275
502057.SH,20170411,1.042,1.04,1.04,1.04,1.04,-0.002,-0.1919,7.0,0.728
502058.SH,20170411,1.068,1.065,1.068,1.036,1.065,-0.003,-0.2809,1115.0,118.02
505888.SH,20170411,1.196,1.197,1.197,1.183,1.193,-0.003,-0.2508,249200.29,29668.557
510010.SH,20170411,1.011,1.011,1.012,0.99,1.011,0.0,0.0,1877.0,188.828
510020.SH,20170411,2.453,2.429,2.485,2.422,2.481,0.028,1.1415,1234.89,304.338
510030.SH,20170411,4.2,4.083,4.247,4.083,4.247,0.047,1.119,31.2,12.772
510050.SH,20170411,2.377,2.374,2.383,2.354,2.378,0.001,0.0421,2574388.02,609633.421
510060.SH,20170411,1.674,1.671,1.69,1.664,1.685,0.011,0.6571,4170.86,698.742
510070.SH,20170411,1.664,1.666,1.666,1.666,1.666,0.002,0.1202,1.0,0.167
510090.SH,20170411,1.357,1.344,1.344,1.344,1.344,-0.013,-0.958,20.0,2.688
510110.SH,20170411,3.07,3.02,3.02,3.02,3.02,-0.05,-1.6287,5.0,1.51
510120.SH,20170411,2.769,2.77,2.808,2.77,2.808,0.039,1.4085,119.37,33.489
510130.SH,20170411,3.788,3.779,3.798,3.766,3.798,0.01,0.264,4972.65,1875.59
510150.SH,20170411,4.057,4.06,4.06,4.02,4.02,-0.037,-0.912,34.0,13.768
510160.SH,20170411,0.579,0.579,0.582,0.572,0.582,0.003,0.5181,41751.0,2413.241
510170.SH,20170411,1.791,1.79,1.797,1.79,1.791,0.0,0.0,335.19,60.023
510180.SH,20170411,3.102,3.101,3.117,3.076,3.113,0.011,0.3546,91420.32,28276.865
510190.SH,20170411,3.35,3.302,3.344,3.281,3.344,-0.006,-0.1791,29.0,9.567
510210.SH,20170411,3.682,3.678,3.686,3.602,3.686,0.004,0.1086,312.0,114.324
510220.SH,20170411,4.117,4.054,4.115,4.054,4.114,-0.003,-0.0729,73.0,30.017
510230.SH,20170411,5.245,5.24,5.243,5.181,5.228,-0.017,-0.3241,3063.0,1594.616
510260.SH,20170411,1.175,1.136,1.17,1.135,1.17,-0.005,-0.4255,547.0,62.694
510270.SH,20170411,1.038,1.025,1.04,1.016,1.04,0.002,0.1927,856.73,88.206
510280.SH,20170411,1.42,1.384,1.384,1.378,1.378,-0.042,-2.9577,5.0,0.69
510290.SH,20170411,1.655,1.652,1.668,1.649,1.668,0.013,0.7855,44778.0,7425.355
510300.SH,20170411,3.505,3.504,3.518,3.467,3.514,0.009,0.2568,1057268.27,369694.16
510310.SH,20170411,1.463,1.463,1.47,1.446,1.47,0.007,0.4785,83560.0,12194.292
510330.SH,20170411,3.734,3.744,3.754,3.7,3.748,0.014,0.3749,6927.0,2579.861
510360.SH,20170411,1.081,1.083,1.088,1.071,1.088,0.007,0.6475,273424.0,29541.82
510410.SH,20170411,0.706,0.704,0.709,0.703,0.704,-0.002,-0.2833,161.0,11.346
510420.SH,20170411,1.493,1.504,1.504,1.504,1.504,0.011,0.7368,24.0,3.61
510430.SH,20170411,1.356,1.367,1.367,1.353,1.353,-0.003,-0.2212,116.0,15.709
510440.SH,20170411,1.86,1.863,1.887,1.856,1.887,0.027,1.4516,394.0,73.414
510500.SH,20170411,6.862,6.861,6.94,6.819,6.939,0.077,1.1221,150921.81,103927.304
510510.SH,20170411,1.806,1.806,1.824,1.8,1.823,0.017,0.9413,11286.0,2047.23
510520.SH,20170411,1.747,1.747,1.77,1.747,1.765,0.018,1.0303,49.0,8.612
510560.SH,20170411,1.359,1.365,1.365,1.353,1.358,-0.001,-0.0736,14.63,1.985
510580.SH,20170411,6.57,6.56,6.56,6.405,6.52,-0.05,-0.761,121.0,77.57
510630.SH,20170411,1.735,1.73,1.737,1.719,1.737,0.002,0.1153,416.0,71.733
510650.SH,20170411,1.484,1.481,1.481,1.465,1.474,-0.01,-0.6739,970.0,142.73
510660.SH,20170411,1.611,1.6,1.615,1.592,1.61,-0.001,-0.0621,5692.0,910.614
510680.SH,20170411,1.834,1.813,1.83,1.804,1.83,-0.004,-0.2181,34.0,6.14
510710.SH,20170411,2.394,2.397,2.398,2.375,2.398,0.004,0.1671,750.18,178.826
510810.SH,20170411,0.994,0.993,0.996,0.982,0.996,0.002,0.2012,184062.0,18211.363
510880.SH,20170411,2.79,2.789,2.795,2.76,2.792,0.002,0.0717,81709.02,22681.838
510900.SH,20170411,1.128,1.128,1.13,1.112,1.115,-0.013,-1.1525,10944504.9,1222166.946
511010.SH,20170411,110.988,110.921,111.03,110.906,110.925,-0.063,-0.0568,34111.67,378475.552
511220.SH,20170411,95.405,95.21,95.301,95.15,95.3,-0.105,-0.1101,1995.0,19011.679
511600.SH,20170411,100.003,100.0,100.013,99.999,100.013,0.01,0.01,22318.36,223194.006
511650.SH,20170411,100.001,99.999,100.014,99.998,100.012,0.011,0.011,6075.43,60756.92
511660.SH,20170411,100.008,100.003,100.02,100.001,100.019,0.011,0.011,97163.86,971731.943
511680.SH,20170411,99.999,99.999,100.003,99.996,99.998,-0.001,-0.001,3728.65,37286.107
511690.SH,20170411,100.006,100.004,100.016,100.001,100.016,0.01,0.01,97134.97,971426.945
511700.SH,20170411,100.002,99.999,100.013,99.999,100.013,0.011,0.011,4596.49,45966.865
511760.SH,20170411,99.993,100.028,100.028,99.978,99.978,-0.015,-0.015,0.49,4.9
511770.SH,20170411,99.995,99.993,99.999,99.991,99.998,0.003,0.003,13861.15,138605.908
511800.SH,20170411,100.009,99.999,100.02,99.995,100.018,0.009,0.009,4622.16,46225.891
511810.SH,20170411,100.005,100.002,100.016,100.001,100.014,0.009,0.009,125415.99,1254279.534
511820.SH,20170411,100.004,99.999,100.015,99.998,100.015,0.011,0.011,40806.28,408077.907
511830.SH,20170411,100.006,100.003,100.013,100.003,100.013,0.007,0.007,4557.86,45582.323
511850.SH,20170411,100.024,100.009,100.024,100.008,100.023,-0.001,-0.001,4219.62,42203.989
511860.SH,20170411,100.0,99.997,100.008,99.995,100.004,0.004,0.004,9234.66,92346.032
511880.SH,20170411,100.945,100.948,100.991,100.948,100.981,0.036,0.0357,748486.44,7556802.561
511890.SH,20170411,99.998,99.998,100.008,99.993,100.008,0.01,0.01,167.12,1671.167
511900.SH,20170411,100.0,99.999,100.017,99.998,100.015,0.015,0.015,112865.7,1128667.616
511910.SH,20170411,99.994,99.994,99.996,99.993,99.996,0.002,0.002,13447.25,134465.257
511920.SH,20170411,99.994,99.99,100.039,99.977,99.977,-0.017,-0.017,78.86,788.581
511930.SH,20170411,99.998,99.996,100.007,99.996,100.005,0.007,0.007,4135.67,41358.344
511950.SH,20170411,99.993,99.976,99.997,99.976,99.997,0.004,0.004,2.02,20.199
511960.SH,20170411,100.005,100.002,100.009,100.0,100.009,0.004,0.004,835.83,8358.659
511970.SH,20170411,99.999,99.999,100.003,99.999,100.0,0.001,0.001,4624.11,46241.215
511980.SH,20170411,99.998,99.996,100.003,99.995,100.0,0.002,0.002,34119.74,341191.472
511990.SH,20170411,100.011,100.006,100.04,100.005,100.024,0.013,0.013,1623773.96,16239843.724
512000.SH,20170411,0.967,0.966,0.969,0.953,0.968,0.001,0.1034,59804.0,5744.725
512010.SH,20170411,1.435,1.424,1.426,1.411,1.423,-0.012,-0.8362,295.01,41.998
512070.SH,20170411,1.67,1.667,1.672,1.647,1.669,-0.001,-0.0599,36613.0,6074.012
512100.SH,20170411,0.955,0.955,0.963,0.948,0.962,0.007,0.733,35165.0,3358.71
512120.SH,20170411,1.445,1.5,1.5,1.39,1.411,-0.034,-2.3529,9.0,1.266
512210.SH,20170411,1.506,1.505,1.518,1.494,1.518,0.012,0.7968,36.0,5.393
512220.SH,20170411,1.36,1.369,1.369,1.369,1.369,0.009,0.6618,1.0,0.137
512230.SH,20170411,1.322,1.301,1.319,1.301,1.318,-0.004,-0.3026,761.0,99.114
512300.SH,20170411,1.227,1.222,1.227,1.22,1.225,-0.002,-0.163,1381.0,168.744
512310.SH,20170411,0.753,0.754,0.769,0.754,0.769,0.016,2.1248,16919.0,1283.398
512330.SH,20170411,0.838,0.843,0.849,0.836,0.849,0.011,1.3126,4092.0,345.865
512340.SH,20170411,0.892,0.896,0.902,0.89,0.901,0.009,1.009,3631.0,325.307
512500.SH,20170411,3.157,3.135,3.184,3.135,3.18,0.023,0.7285,5991.99,1894.103
512510.SH,20170411,1.329,1.326,1.34,1.321,1.339,0.01,0.7524,13288.65,1767.349
512580.SH,20170411,1.055,1.059,1.068,1.05,1.068,0.013,1.2322,115580.15,12279.29
512600.SH,20170411,1.635,1.631,1.657,1.614,1.657,0.022,1.3456,233.0,38.043
512610.SH,20170411,1.445,1.443,1.443,1.425,1.437,-0.008,-0.5536,188.0,26.908
512640.SH,20170411,1.662,1.651,1.653,1.651,1.653,-0.009,-0.5415,233.0,38.475
512660.SH,20170411,1.072,1.076,1.127,1.069,1.118,0.046,4.291,457943.0,50614.345
512680.SH,20170411,1.035,1.034,1.083,1.032,1.078,0.043,4.1546,253080.22,26867.33
512810.SH,20170411,1.017,1.018,1.068,1.015,1.063,0.046,4.5231,281424.48,29517.916
512880.SH,20170411,1.024,1.022,1.027,1.011,1.024,0.0,0.0,146114.0,14875.799
512900.SH,20170411,0.982,0.982,0.986,0.967,0.984,0.002,0.2037,366732.0,35822.796
512990.SH,20170411,1.054,1.054,1.06,1.053,1.057,0.003,0.2846,3117.0,329.09
513030.SH,20170411,1.049,1.049,1.049,1.043,1.044,-0.005,-0.4766,4160.0,434.542
513050.SH,20170411,1.109,1.111,1.118,1.111,1.113,0.004,0.3607,8945.0,995.337
513100.SH,20170411,1.972,1.975,1.976,1.966,1.969,-0.003,-0.1521,15793.0,3110.727
513500.SH,20170411,1.546,1.549,1.551,1.534,1.54,-0.006,-0.3881,16523.0,2549.366
513600.SH,20170411,2.216,2.211,2.213,2.19,2.194,-0.022,-0.9928,1156.0,253.936
513660.SH,20170411,2.206,2.207,2.207,2.182,2.186,-0.02,-0.9066,1371.0,300.206
518800.SH,20170411,2.798,2.799,2.805,2.78,2.799,0.001,0.0357,219094.0,61294.964
518880.SH,20170411,2.808,2.809,2.826,2.806,2.814,0.006,0.2137,4373356.67,1229963.266
