ts_code,trade_date,pre_close,open,high,low,close,change,pct_chg,vol,amount
150008.SZ,20170921,1.303,1.228,1.31,1.228,1.308,0.005,0.3837,707.47,86.925
150009.SZ,20170921,1.168,1.167,1.168,1.138,1.164,-0.004,-0.3425,1015.0,118.287
150012.SZ,20170921,1.022,1.022,1.022,1.022,1.022,0.0,0.0,545.0,55.699
150013.SZ,20170921,1.397,1.392,1.399,1.392,1.399,0.002,0.1432,1097.39,153.459
150017.SZ,20170921,1.223,1.225,1.233,1.224,1.225,0.002,0.1635,1256.0,154.197
150018.SZ,20170921,1.028,1.026,1.031,1.026,1.031,0.003,0.2918,31147.44,3203.474
150019.SZ,20170921,1.066,1.069,1.069,1.053,1.053,-0.013,-1.2195,249508.08,26446.905
150020.SZ,20170921,1.068,1.067,1.067,1.067,1.067,-0.001,-0.0936,1350.0,144.045
150021.SZ,20170921,1.04,1.038,1.04,1.038,1.04,0.0,0.0,3500.0,363.919
150022.SZ,20170921,0.83,0.829,0.83,0.821,0.826,-0.004,-0.4819,347529.68,28704.565
150023.SZ,20170921,0.426,0.427,0.427,0.421,0.422,-0.004,-0.939,405253.99,17179.073
150028.SZ,20170921,1.002,1.002,1.003,0.993,1.002,0.0,0.0,1088.0,108.639
150029.SZ,20170921,1.591,1.588,1.599,1.581,1.581,-0.01,-0.6285,920.36,146.384
150030.SZ,20170921,0.95,0.99,1.014,0.99,1.014,0.064,6.7368,3.45,0.341
150031.SZ,20170921,1.34,1.35,1.353,1.329,1.329,-0.011,-0.8209,410.1,55.259
150033.SZ,20170921,0.937,0.928,0.928,0.927,0.927,-0.01,-1.0672,208.0,19.301
150037.SZ,20170921,1.845,1.829,1.829,1.829,1.829,-0.016,-0.8672,1.0,0.182
150047.SZ,20170921,1.39,1.38,1.43,1.38,1.43,0.04,2.8777,11.0,1.543
150048.SZ,20170921,1.132,1.131,1.131,1.114,1.115,-0.017,-1.5018,61.0,6.806
150049.SZ,20170921,0.984,0.982,0.983,0.982,0.983,-0.001,-0.1016,572.95,56.305
150050.SZ,20170921,1.362,1.365,1.365,1.345,1.345,-0.017,-1.2482,40.58,5.508
150051.SZ,20170921,0.983,0.979,0.985,0.974,0.985,0.002,0.2035,5165.5,503.711
150052.SZ,20170921,1.741,1.742,1.754,1.731,1.734,-0.007,-0.4021,7230.07,1259.225
150059.SZ,20170921,1.089,1.098,1.098,1.03,1.03,-0.059,-5.4178,268.57,29.482
150060.SZ,20170921,1.526,1.502,1.517,1.493,1.516,-0.01,-0.6553,597.0,89.728
150065.SZ,20170921,1.106,1.1,1.1,1.1,1.1,-0.006,-0.5425,29.16,3.207
150073.SZ,20170921,1.03,1.003,1.003,1.003,1.003,-0.027,-2.6214,196.0,19.658
150075.SZ,20170921,1.305,1.306,1.306,1.306,1.306,0.001,0.0766,46.63,6.089
150076.SZ,20170921,0.984,0.986,0.986,0.986,0.986,0.002,0.2033,16.0,1.577
150077.SZ,20170921,1.58,1.594,1.594,1.594,1.594,0.014,0.8861,30.0,4.782
150083.SZ,20170921,1.056,1.056,1.056,1.056,1.056,0.0,0.0,200.0,21.12
150084.SZ,20170921,1.277,1.212,1.328,1.212,1.325,0.048,3.7588,329.0,42.153
150090.SZ,20170921,1.037,1.035,1.04,1.035,1.036,-0.001,-0.0964,113.0,11.705
150091.SZ,20170921,1.115,1.227,1.227,1.041,1.081,-0.034,-3.0493,152.01,15.965
150095.SZ,20170921,0.579,0.534,0.57,0.534,0.57,-0.009,-1.5544,50.0,2.68
150100.SZ,20170921,1.083,1.034,1.071,1.034,1.071,-0.012,-1.108,24.0,2.485
150101.SZ,20170921,1.83,1.801,1.829,1.779,1.787,-0.043,-2.3497,1244.46,223.608
150106.SZ,20170921,1.0,1.079,1.079,1.057,1.06,0.06,6.0,8169.0,866.523
150107.SZ,20170921,1.175,1.175,1.177,1.165,1.17,-0.005,-0.4255,8961.78,1050.804
150117.SZ,20170921,1.041,1.038,1.041,1.036,1.041,0.0,0.0,29349.1,3052.125
150118.SZ,20170921,0.612,0.608,0.611,0.571,0.58,-0.032,-5.2288,267043.89,15891.461
150121.SZ,20170921,1.038,1.035,1.035,1.035,1.035,-0.003,-0.289,12.0,1.242
150122.SZ,20170921,1.438,1.447,1.447,1.447,1.447,0.009,0.6259,1.0,0.144
150124.SZ,20170921,2.246,2.244,2.249,2.234,2.245,-0.001,-0.0445,565.0,126.817
150130.SZ,20170921,1.057,1.056,1.058,1.056,1.057,0.0,0.0,22273.66,2352.887
150131.SZ,20170921,0.526,0.526,0.527,0.52,0.52,-0.006,-1.1407,203014.97,10621.922
150135.SZ,20170921,1.016,1.018,1.018,1.01,1.018,0.002,0.1969,382.0,38.727
150136.SZ,20170921,0.9,0.988,0.988,0.83,0.935,0.035,3.8889,344.04,31.427
150138.SZ,20170921,1.038,1.048,1.048,1.048,1.048,0.01,0.9634,300.0,31.44
150139.SZ,20170921,1.014,1.011,1.013,1.011,1.011,-0.003,-0.2959,459.64,46.479
150144.SZ,20170921,0.726,0.699,0.725,0.698,0.71,-0.016,-2.2039,745.8,52.077
150146.SZ,20170921,0.512,0.513,0.531,0.512,0.53,0.018,3.5156,92.0,4.714
150148.SZ,20170921,1.063,1.069,1.079,1.069,1.07,0.007,0.6585,2060.06,221.803
150149.SZ,20170921,0.651,0.655,0.655,0.647,0.65,-0.001,-0.1536,2858.0,185.646
150151.SZ,20170921,1.805,1.756,1.819,1.756,1.757,-0.048,-2.6593,340.12,60.006
150152.SZ,20170921,1.005,1.006,1.007,1.004,1.005,0.0,0.0,149723.57,15059.226
150153.SZ,20170921,0.678,0.678,0.683,0.666,0.667,-0.011,-1.6224,1930185.54,130084.069
150154.SZ,20170921,0.944,0.945,0.945,0.944,0.944,0.0,0.0,1294.0,122.185
150156.SZ,20170921,1.021,1.021,1.022,1.021,1.022,0.001,0.0979,700.0,71.473
150157.SZ,20170921,0.992,0.992,0.997,0.992,0.995,0.003,0.3024,29755.0,2958.894
150158.SZ,20170921,1.07,1.076,1.09,1.072,1.079,0.009,0.8411,57162.27,6187.582
150165.SZ,20170921,0.819,0.844,0.844,0.767,0.825,0.006,0.7326,220.08,17.789
150167.SZ,20170921,1.043,1.06,1.06,1.06,1.06,0.017,1.6299,1.0,0.106
150169.SZ,20170921,0.994,0.997,0.999,0.996,0.998,0.004,0.4024,15521.1,1547.669
150170.SZ,20170921,1.369,1.369,1.372,1.366,1.371,0.002,0.1461,25078.41,3435.509
150171.SZ,20170921,0.969,0.969,0.975,0.967,0.97,0.001,0.1032,49249.21,4773.682
150172.SZ,20170921,1.261,1.261,1.279,1.258,1.26,-0.001,-0.0793,263500.17,33473.777
150173.SZ,20170921,0.98,0.979,0.979,0.978,0.979,-0.001,-0.102,8307.0,813.077
150174.SZ,20170921,0.663,0.664,0.667,0.65,0.65,-0.013,-1.9608,14212.18,935.155
150175.SZ,20170921,0.967,0.967,0.971,0.967,0.97,0.003,0.3102,253710.0,24578.666
150176.SZ,20170921,1.03,1.025,1.047,1.025,1.039,0.009,0.8738,308180.15,31965.922
150177.SZ,20170921,1.021,1.01,1.01,1.01,1.01,-0.011,-1.0774,0.53,0.053
150178.SZ,20170921,1.633,1.675,1.675,1.606,1.643,0.01,0.6124,3648.15,600.454
150180.SZ,20170921,1.436,1.437,1.437,1.437,1.437,0.001,0.0696,5.28,0.758
150181.SZ,20170921,0.974,0.974,0.975,0.974,0.975,0.001,0.1027,112875.99,10997.697
150182.SZ,20170921,0.9,0.902,0.902,0.885,0.887,-0.013,-1.4444,305196.36,27249.9
150184.SZ,20170921,1.029,1.029,1.045,1.029,1.029,0.0,0.0,11872.41,1221.723
150185.SZ,20170921,0.932,0.927,0.931,0.908,0.912,-0.02,-2.1459,49123.54,4507.223
150186.SZ,20170921,0.951,0.952,0.953,0.951,0.951,0.0,0.0,10028.0,954.713
150187.SZ,20170921,0.681,0.671,0.683,0.67,0.672,-0.009,-1.3216,28370.87,1913.319
150188.SZ,20170921,1.008,1.007,1.008,1.007,1.008,0.0,0.0,1232.28,124.175
150189.SZ,20170921,0.901,0.883,0.943,0.883,0.943,0.042,4.6615,11.1,0.991
150190.SZ,20170921,1.04,1.045,1.045,1.042,1.042,0.002,0.1923,4.4,0.459
150191.SZ,20170921,1.298,1.263,1.298,1.263,1.296,-0.002,-0.1541,48.85,6.2
150192.SZ,20170921,1.074,1.071,1.071,1.071,1.071,-0.003,-0.2793,4.0,0.428
150193.SZ,20170921,1.236,1.235,1.235,1.182,1.209,-0.027,-2.1845,6996.61,839.749
150194.SZ,20170921,1.008,1.005,1.018,1.005,1.018,0.01,0.9921,8257.7,836.923
150195.SZ,20170921,1.227,1.231,1.235,1.196,1.204,-0.023,-1.8745,56711.06,6908.912
150196.SZ,20170921,1.089,1.071,1.119,1.071,1.079,-0.01,-0.9183,402.0,44.485
150197.SZ,20170921,1.625,1.609,1.617,1.512,1.521,-0.104,-6.4,212305.28,33227.637
150198.SZ,20170921,1.147,1.147,1.147,1.147,1.147,0.0,0.0,846.26,97.066
150199.SZ,20170921,1.082,1.09,1.09,1.07,1.081,-0.001,-0.0924,9469.0,1021.627
150200.SZ,20170921,0.974,0.974,0.975,0.974,0.974,0.0,0.0,197895.86,19282.316
150201.SZ,20170921,0.575,0.574,0.585,0.568,0.568,-0.007,-1.2174,4256053.4,246026.571
150203.SZ,20170921,1.013,1.008,1.008,1.008,1.008,-0.005,-0.4936,3.0,0.302
150204.SZ,20170921,0.853,0.842,0.875,0.842,0.843,-0.01,-1.1723,720.89,61.035
150205.SZ,20170921,0.97,0.967,0.97,0.966,0.967,-0.003,-0.3093,15920.43,1540.666
150206.SZ,20170921,1.047,1.046,1.046,1.029,1.029,-0.018,-1.7192,135939.72,14072.245
150208.SZ,20170921,0.615,0.604,0.613,0.587,0.61,-0.005,-0.813,5517.0,330.429
150209.SZ,20170921,0.983,0.982,0.989,0.982,0.986,0.003,0.3052,11363.07,1120.236
150210.SZ,20170921,0.91,0.911,0.913,0.899,0.899,-0.011,-1.2088,153682.71,13921.479
150211.SZ,20170921,1.013,1.008,1.018,1.008,1.015,0.002,0.1974,1197.0,120.914
150212.SZ,20170921,0.997,0.998,1.0,0.966,0.967,-0.03,-3.009,161863.91,15904.18
150213.SZ,20170921,1.028,1.024,1.13,1.024,1.032,0.004,0.3891,21843.0,2247.181
150214.SZ,20170921,0.489,0.49,0.49,0.469,0.47,-0.019,-3.8855,147351.0,7021.726
150216.SZ,20170921,1.252,1.252,1.253,1.252,1.253,0.001,0.0799,339.18,42.492
150217.SZ,20170921,1.011,1.002,1.013,1.002,1.004,-0.007,-0.6924,102.0,10.33
150218.SZ,20170921,0.793,0.798,0.798,0.76,0.76,-0.033,-4.1614,34586.65,2689.488
150220.SZ,20170921,0.83,0.828,0.83,0.823,0.824,-0.006,-0.7229,5240.0,432.97
150221.SZ,20170921,1.13,1.129,1.129,1.125,1.127,-0.003,-0.2655,89115.0,10045.109
150222.SZ,20170921,0.476,0.476,0.476,0.469,0.47,-0.006,-1.2605,976751.0,46101.264
150223.SZ,20170921,1.123,1.123,1.127,1.123,1.124,0.001,0.089,32662.08,3675.936
150224.SZ,20170921,1.005,1.003,1.019,0.998,0.998,-0.007,-0.6965,134158.15,13565.499
150226.SZ,20170921,1.437,1.436,1.446,1.436,1.446,0.009,0.6263,57.24,8.229
150227.SZ,20170921,0.979,0.979,0.981,0.979,0.98,0.001,0.1021,73455.49,7200.166
150228.SZ,20170921,0.943,0.943,0.957,0.938,0.946,0.003,0.3181,427672.84,40575.877
150230.SZ,20170921,1.344,1.33,1.349,1.321,1.349,0.005,0.372,744.0,99.148
150232.SZ,20170921,1.263,1.259,1.273,1.217,1.259,-0.004,-0.3167,311.23,39.142
150233.SZ,20170921,0.952,0.956,0.957,0.951,0.956,0.004,0.4202,603.0,57.645
150234.SZ,20170921,1.228,1.132,1.287,1.132,1.218,-0.01,-0.8143,923.0,108.113
150235.SZ,20170921,1.048,1.043,1.058,1.043,1.058,0.01,0.9542,2207.53,231.812
150236.SZ,20170921,0.956,0.962,0.967,0.953,0.953,-0.003,-0.3138,19074.47,1834.058
150237.SZ,20170921,1.124,1.123,1.124,1.123,1.124,0.0,0.0,52.33,5.881
150238.SZ,20170921,1.26,1.262,1.28,1.261,1.261,0.001,0.0794,242.84,30.66
150242.SZ,20170921,1.047,1.055,1.056,1.047,1.056,0.009,0.8596,953.0,100.225
150243.SZ,20170921,1.046,1.021,1.021,1.021,1.021,-0.025,-2.3901,375.0,38.287
150244.SZ,20170921,0.71,0.712,0.712,0.692,0.693,-0.017,-2.3944,40699.23,2859.387
150245.SZ,20170921,1.035,1.036,1.086,1.036,1.086,0.051,4.9275,51.48,5.338
150246.SZ,20170921,1.04,1.047,1.048,1.031,1.043,0.003,0.2885,569.0,59.058
150247.SZ,20170921,1.03,1.03,1.03,1.023,1.023,-0.007,-0.6796,1370.0,140.893
150248.SZ,20170921,0.901,0.903,0.903,0.886,0.889,-0.012,-1.3319,2930.17,262.109
150250.SZ,20170921,1.02,1.014,1.014,1.01,1.01,-0.01,-0.9804,92.0,9.328
150251.SZ,20170921,1.069,1.032,1.176,1.032,1.082,0.013,1.2161,9.0,0.963
150252.SZ,20170921,1.663,1.651,1.663,1.59,1.59,-0.073,-4.3897,6137.05,999.014
150255.SZ,20170921,0.953,0.953,0.955,0.953,0.954,0.001,0.1049,12693.92,1209.819
150256.SZ,20170921,0.924,0.922,0.932,0.922,0.93,0.006,0.6494,834.0,77.441
150257.SZ,20170921,0.967,0.988,0.988,0.988,0.988,0.021,2.1717,28.0,2.766
150258.SZ,20170921,1.116,1.091,1.091,1.09,1.09,-0.026,-2.3297,205.33,22.396
150259.SZ,20170921,0.954,0.953,0.955,0.953,0.955,0.001,0.1048,2475.25,236.221
150260.SZ,20170921,0.778,0.774,0.776,0.768,0.768,-0.01,-1.2853,695.01,53.726
150261.SZ,20170921,1.042,1.036,1.041,1.036,1.041,-0.001,-0.096,3823.37,397.748
150262.SZ,20170921,0.799,0.8,0.8,0.785,0.785,-0.014,-1.7522,9183.88,728.491
150263.SZ,20170921,1.051,1.031,1.031,1.031,1.031,-0.02,-1.9029,0.16,0.016
150264.SZ,20170921,0.51,0.523,0.523,0.521,0.523,0.013,2.549,19.0,0.991
150265.SZ,20170921,1.096,1.097,1.12,1.055,1.12,0.024,2.1898,1728.21,188.644
150266.SZ,20170921,1.338,1.336,1.346,1.323,1.324,-0.014,-1.0463,3373.85,449.633
150267.SZ,20170921,1.038,1.037,1.037,1.037,1.037,-0.001,-0.0963,100.0,10.37
150268.SZ,20170921,1.008,0.99,1.006,0.96,1.006,-0.002,-0.1984,1300.56,130.437
150269.SZ,20170921,0.978,0.978,0.979,0.975,0.975,-0.003,-0.3067,7402.0,723.125
150270.SZ,20170921,1.995,1.993,2.0,1.922,1.98,-0.015,-0.7519,23676.16,4659.793
150272.SZ,20170921,1.04,1.027,1.031,1.027,1.031,-0.009,-0.8654,237.0,24.424
150273.SZ,20170921,0.966,0.963,0.964,0.963,0.964,-0.002,-0.207,16.66,1.604
150274.SZ,20170921,0.695,0.685,0.694,0.672,0.674,-0.021,-3.0216,555.41,38.015
150275.SZ,20170921,0.974,0.975,0.976,0.974,0.976,0.002,0.2053,41018.67,3998.718
150276.SZ,20170921,0.629,0.622,0.639,0.622,0.629,0.0,0.0,80104.02,5058.715
150277.SZ,20170921,0.946,0.946,0.946,0.945,0.946,0.0,0.0,10600.0,1002.727
150278.SZ,20170921,0.599,0.597,0.6,0.585,0.589,-0.01,-1.6694,20609.68,1218.372
150279.SZ,20170921,1.04,1.039,1.039,1.039,1.039,-0.001,-0.0962,121.0,12.571
150280.SZ,20170921,0.92,0.9,0.91,0.874,0.91,-0.01,-1.087,168.96,15.104
150282.SZ,20170921,0.659,0.65,0.659,0.603,0.658,-0.001,-0.1517,305.0,19.307
150283.SZ,20170921,0.954,0.953,0.958,0.953,0.958,0.004,0.4193,2303.0,219.91
150284.SZ,20170921,0.801,0.801,0.806,0.796,0.796,-0.005,-0.6242,2068.0,164.826
150287.SZ,20170921,1.037,1.038,1.04,1.035,1.039,0.002,0.1929,57750.49,5987.022
150288.SZ,20170921,0.89,0.888,0.897,0.86,0.86,-0.03,-3.3708,116554.38,10207.542
150289.SZ,20170921,1.041,1.04,1.044,1.038,1.043,0.002,0.1921,84795.53,8819.855
150290.SZ,20170921,0.742,0.737,0.742,0.693,0.693,-0.049,-6.6038,357627.68,25676.226
150291.SZ,20170921,1.043,1.04,1.043,1.04,1.042,-0.001,-0.0959,1375.0,143.39
150292.SZ,20170921,0.768,0.764,0.781,0.764,0.781,0.013,1.6927,3699.32,287.831
150293.SZ,20170921,1.038,1.038,1.038,1.038,1.038,0.0,0.0,4.0,0.415
150294.SZ,20170921,1.016,1.071,1.071,1.071,1.071,0.055,5.4134,4.0,0.428
150295.SZ,20170921,1.007,1.007,1.009,1.007,1.009,0.002,0.1986,8835.0,890.272
150296.SZ,20170921,0.993,0.993,0.999,0.988,0.999,0.006,0.6042,1743.33,173.024
150297.SZ,20170921,1.078,1.045,1.045,1.032,1.035,-0.043,-3.9889,169.0,17.485
150298.SZ,20170921,0.541,0.543,0.548,0.543,0.545,0.004,0.7394,137.16,7.476
150299.SZ,20170921,1.043,1.043,1.045,1.042,1.044,0.001,0.0959,24367.69,2543.31
150300.SZ,20170921,0.723,0.72,0.736,0.719,0.727,0.004,0.5533,53431.0,3895.918
150301.SZ,20170921,1.045,1.043,1.043,1.043,1.043,-0.002,-0.1914,221.0,23.05
150302.SZ,20170921,1.185,1.185,1.187,1.167,1.185,0.0,0.0,76.0,9.003
150303.SZ,20170921,1.028,1.027,1.027,1.027,1.027,-0.001,-0.0973,362.0,37.177
150304.SZ,20170921,0.938,0.938,0.942,0.922,0.924,-0.014,-1.4925,13600.6,1267.802
150305.SZ,20170921,1.024,1.022,1.034,1.022,1.034,0.01,0.9766,12.0,1.238
150306.SZ,20170921,0.542,0.557,0.558,0.542,0.543,0.001,0.1845,671.0,37.02
150307.SZ,20170921,0.962,0.962,0.965,0.962,0.963,0.001,0.104,102.58,9.88
150308.SZ,20170921,1.13,1.111,1.144,1.106,1.109,-0.021,-1.8584,313.75,35.046
150309.SZ,20170921,1.057,1.062,1.062,1.058,1.058,0.001,0.0946,310.0,32.918
150310.SZ,20170921,0.661,0.62,0.695,0.62,0.658,-0.003,-0.4539,490.0,32.692
150311.SZ,20170921,1.011,1.011,1.022,0.984,1.018,0.007,0.6924,405.44,41.152
150312.SZ,20170921,0.833,0.843,0.862,0.833,0.833,0.0,0.0,597.31,50.638
150315.SZ,20170921,1.06,1.058,1.058,1.03,1.03,-0.03,-2.8302,59.29,6.168
150316.SZ,20170921,0.873,0.873,0.874,0.855,0.86,-0.013,-1.4891,865.63,75.141
150317.SZ,20170921,1.032,1.033,1.034,1.03,1.031,-0.001,-0.0969,1772.0,182.725
150318.SZ,20170921,1.01,1.015,1.016,1.0,1.0,-0.01,-0.9901,598.03,60.595
150321.SZ,20170921,1.179,1.178,1.178,1.174,1.175,-0.004,-0.3393,4365.0,512.943
150322.SZ,20170921,1.537,1.538,1.538,1.47,1.476,-0.061,-3.9688,10255.83,1532.582
150324.SZ,20170921,0.514,0.502,0.505,0.502,0.505,-0.009,-1.751,1015.0,51.197
150325.SZ,20170921,1.035,1.034,1.034,1.034,1.034,-0.001,-0.0966,104.0,10.753
150326.SZ,20170921,1.034,1.035,1.035,1.035,1.035,0.001,0.0967,13.0,1.345
150328.SZ,20170921,1.384,1.363,1.38,1.363,1.38,-0.004,-0.289,613.0,83.706
150329.SZ,20170921,0.977,0.975,0.977,0.975,0.976,-0.001,-0.1024,5579.65,544.151
150330.SZ,20170921,1.447,1.448,1.495,1.448,1.465,0.018,1.244,34693.65,5118.874
150331.SZ,20170921,1.058,1.059,1.062,1.059,1.061,0.003,0.2836,11694.14,1240.048
150332.SZ,20170921,0.488,0.493,0.493,0.476,0.479,-0.009,-1.8443,28606.0,1392.784
150335.SZ,20170921,1.028,1.028,1.028,1.027,1.028,0.0,0.0,7567.0,777.658
150336.SZ,20170921,0.395,0.398,0.398,0.387,0.387,-0.008,-2.0253,52725.6,2067.617
150343.SZ,20170921,1.062,1.058,1.058,1.058,1.058,-0.004,-0.3766,293.0,30.999
150344.SZ,20170921,1.18,1.193,1.21,1.17,1.17,-0.01,-0.8475,623.0,73.42
159001.SZ,20170921,99.994,99.997,100.001,99.996,100.001,0.007,0.007,18131.01,181308.094
159003.SZ,20170921,99.998,99.999,100.001,99.996,100.0,0.002,0.002,250503.87,2505036.209
159005.SZ,20170921,99.999,100.0,100.001,99.999,99.999,0.0,0.0,252388.1,2523883.113
159901.SZ,20170921,4.768,4.767,4.772,4.742,4.747,-0.021,-0.4404,22048.55,10480.267
159902.SZ,20170921,3.671,3.673,3.681,3.652,3.662,-0.009,-0.2452,73282.68,26870.75
159903.SZ,20170921,1.205,1.202,1.209,1.196,1.196,-0.009,-0.7469,3404.0,409.63
159905.SZ,20170921,1.541,1.545,1.55,1.54,1.545,0.004,0.2596,31316.0,4838.514
159906.SZ,20170921,1.005,1.008,1.01,1.007,1.007,0.002,0.199,165.0,16.616
159907.SZ,20170921,1.54,1.54,1.548,1.54,1.548,0.008,0.5195,443.0,68.347
159908.SZ,20170921,1.462,1.453,1.457,1.445,1.456,-0.006,-0.4104,56.02,8.125
159909.SZ,20170921,5.402,5.412,5.412,5.402,5.402,0.0,0.0,24.21,13.092
159910.SZ,20170921,1.68,1.684,1.684,1.68,1.681,0.001,0.0595,66.0,11.099
159911.SZ,20170921,4.396,4.415,4.415,4.415,4.415,0.019,0.4322,62.0,27.373
159912.SZ,20170921,1.381,1.388,1.388,1.38,1.38,-0.001,-0.0724,90.0,12.456
159913.SZ,20170921,1.769,1.728,1.765,1.728,1.761,-0.008,-0.4522,1045.0,180.795
159915.SZ,20170921,1.801,1.802,1.808,1.78,1.78,-0.021,-1.166,764903.75,137266.294
159916.SZ,20170921,3.822,3.823,3.823,3.763,3.763,-0.059,-1.5437,79.0,30.124
159918.SZ,20170921,1.966,1.938,1.95,1.772,1.772,-0.194,-9.8678,333.0,64.513
159919.SZ,20170921,4.202,4.202,4.213,4.192,4.197,-0.005,-0.119,20463.4,8596.001
159920.SZ,20170921,1.496,1.497,1.507,1.497,1.501,0.005,0.3342,1423204.0,213768.78
159921.SZ,20170921,1.563,1.56,1.563,1.553,1.563,0.0,0.0,172.01,26.882
159922.SZ,20170921,6.851,6.775,6.854,6.77,6.786,-0.065,-0.9488,304.0,206.942
159923.SZ,20170921,1.531,1.53,1.535,1.512,1.52,-0.011,-0.7185,117.0,17.84
159924.SZ,20170921,1.46,1.458,1.467,1.455,1.459,-0.001,-0.0685,1053.0,153.456
159925.SZ,20170921,1.602,1.602,1.602,1.595,1.601,-0.001,-0.0624,3133.86,501.052
159926.SZ,20170921,107.201,106.878,106.878,106.878,106.878,-0.323,-0.3013,1.0,10.687
159927.SZ,20170921,3.835,3.83,3.878,3.83,3.878,0.043,1.1213,17.0,6.518
159928.SZ,20170921,1.937,1.936,1.94,1.929,1.937,0.0,0.0,537.0,103.91
159929.SZ,20170921,1.476,1.468,1.481,1.468,1.48,0.004,0.271,3730.5,551.522
159930.SZ,20170921,0.881,0.893,0.893,0.87,0.873,-0.008,-0.9081,1971.0,173.309
159931.SZ,20170921,1.683,1.664,1.697,1.656,1.665,-0.018,-1.0695,183.0,30.607
159932.SZ,20170921,1.843,1.843,1.843,1.823,1.836,-0.007,-0.3798,15.0,2.748
159933.SZ,20170921,1.874,1.869,1.889,1.869,1.888,0.014,0.7471,24.0,4.497
159934.SZ,20170921,2.769,2.764,2.764,2.742,2.746,-0.023,-0.8306,72942.0,20067.737
159935.SZ,20170921,1.754,1.749,1.76,1.749,1.758,0.004,0.2281,152.0,26.644
159936.SZ,20170921,1.589,1.593,1.598,1.593,1.598,0.009,0.5664,704.0,112.281
159937.SZ,20170921,2.787,2.772,2.776,2.761,2.761,-0.026,-0.9329,219630.0,60851.875
159938.SZ,20170921,1.311,1.312,1.312,1.302,1.303,-0.008,-0.6102,9017.0,1179.276
159939.SZ,20170921,1.154,1.156,1.16,1.143,1.144,-0.01,-0.8666,3723.38,428.487
159940.SZ,20170921,0.947,0.944,0.95,0.936,0.948,0.001,0.1056,1628.0,154.329
159941.SZ,20170921,1.287,1.278,1.288,1.278,1.287,0.0,0.0,1466.08,188.029
159942.SZ,20170921,1.966,1.973,1.99,1.943,1.978,0.012,0.6104,439.02,85.922
159943.SZ,20170921,11.75,11.797,11.797,11.682,11.687,-0.063,-0.5362,428.43,501.755
159944.SZ,20170921,1.018,1.016,1.022,1.015,1.019,0.001,0.0982,1176.02,119.57
159945.SZ,20170921,0.804,0.799,0.807,0.799,0.801,-0.003,-0.3731,710.05,56.945
159946.SZ,20170921,1.148,1.132,1.15,1.132,1.142,-0.006,-0.5226,1006.29,115.34
159948.SZ,20170921,1.967,1.962,1.97,1.95,1.95,-0.017,-0.8643,3109.0,608.719
159949.SZ,20170921,0.758,0.758,0.762,0.748,0.749,-0.009,-1.1873,123003.1,9285.624
159951.SZ,20170921,1.035,1.03,1.035,1.022,1.024,-0.011,-1.0628,70448.51,7260.733
159952.SZ,20170921,1.06,1.06,1.063,1.049,1.05,-0.01,-0.9434,70928.09,7495.389
159953.SZ,20170921,1.038,1.038,1.039,1.031,1.037,-0.001,-0.0963,6706.76,695.185
159955.SZ,20170921,1.033,1.113,1.113,1.027,1.028,-0.005,-0.484,11921.15,1229.72
160105.SZ,20170921,1.053,1.063,1.063,1.053,1.06,0.007,0.6648,780.6,82.744
160106.SZ,20170921,1.373,1.379,1.379,1.374,1.374,0.001,0.0728,577.88,79.505
160119.SZ,20170921,1.634,1.628,1.635,1.618,1.62,-0.014,-0.8568,1874.0,304.867
160125.SZ,20170921,0.968,0.972,0.973,0.969,0.972,0.004,0.4132,4945.0,480.186
160128.SZ,20170921,0.982,0.982,0.987,0.982,0.982,0.0,0.0,1505.0,147.791
160130.SZ,20170921,0.975,0.962,0.97,0.959,0.965,-0.01,-1.0256,27.0,2.597
160131.SZ,20170921,1.004,1.004,1.004,1.004,1.004,0.0,0.0,399.0,40.059
160133.SZ,20170921,2.035,2.031,2.036,2.027,2.031,-0.004,-0.1966,2900.74,589.017
160211.SZ,20170921,2.88,2.888,2.9,2.863,2.864,-0.016,-0.5556,2618.94,754.247
160212.SZ,20170921,2.811,2.811,2.813,2.792,2.793,-0.018,-0.6403,9628.22,2700.088
160215.SZ,20170921,1.642,1.639,1.639,1.619,1.62,-0.022,-1.3398,10173.13,1656.023
160216.SZ,20170921,0.382,0.386,0.388,0.384,0.385,0.003,0.7853,280319.1,10824.224
160220.SZ,20170921,1.32,1.324,1.324,1.324,1.324,0.004,0.303,324.0,42.897
160223.SZ,20170921,0.877,0.878,0.883,0.876,0.879,0.002,0.2281,1226.0,107.9
160225.SZ,20170921,1.216,1.21,1.212,1.194,1.194,-0.022,-1.8092,12290.42,1478.25
160311.SZ,20170921,1.481,1.478,1.486,1.478,1.482,0.001,0.0675,570.01,84.57
160314.SZ,20170921,1.111,1.108,1.11,1.105,1.106,-0.005,-0.45,2045.36,226.455
160322.SZ,20170921,1.255,1.261,1.273,1.256,1.272,0.017,1.3546,4148.47,525.113
160323.SZ,20170921,0.963,0.963,0.963,0.963,0.963,0.0,0.0,2659.0,256.061
160324.SZ,20170921,0.929,0.926,0.928,0.925,0.927,-0.002,-0.2153,5275.73,488.521
160415.SZ,20170921,1.074,1.054,1.073,1.033,1.037,-0.037,-3.4451,3697.62,387.372
160416.SZ,20170921,0.899,0.907,0.909,0.906,0.908,0.009,1.0011,32754.52,2972.149
160421.SZ,20170921,0.927,0.927,0.928,0.92,0.92,-0.007,-0.7551,14880.02,1375.446
160422.SZ,20170921,1.125,1.131,1.132,1.131,1.131,0.006,0.5333,2922.89,330.628
160505.SZ,20170921,1.888,1.885,1.888,1.878,1.881,-0.007,-0.3708,26373.0,4967.518
160512.SZ,20170921,2.265,2.287,2.289,2.282,2.282,0.017,0.7506,1001.5,228.842
160515.SZ,20170921,0.995,0.994,0.996,0.994,0.995,0.0,0.0,3114.0,309.75
160518.SZ,20170921,0.987,0.987,0.987,0.981,0.981,-0.006,-0.6079,171434.02,16862.545
160519.SZ,20170921,0.981,0.981,0.981,0.96,0.971,-0.01,-1.0194,29351.02,2856.274
160520.SZ,20170921,0.974,0.977,0.977,0.977,0.977,0.003,0.308,61.0,5.959
160522.SZ,20170921,0.975,0.977,0.98,0.977,0.977,0.002,0.2051,2856.0,279.505
160607.SZ,20170921,0.773,0.769,0.777,0.769,0.771,-0.002,-0.2587,615.04,47.647
160610.SZ,20170921,1.079,1.076,1.089,1.075,1.08,0.001,0.0927,790.0,85.152
160611.SZ,20170921,0.851,0.85,0.853,0.848,0.853,0.002,0.235,687.44,58.364
160615.SZ,20170921,1.542,1.545,1.545,1.545,1.545,0.003,0.1946,2.0,0.309
160616.SZ,20170921,1.407,1.404,1.416,1.402,1.402,-0.005,-0.3554,83.0,11.656
160617.SZ,20170921,1.005,1.006,1.006,1.006,1.006,0.001,0.0995,4.0,0.402
160642.SZ,20170921,0.935,0.935,0.939,0.935,0.939,0.004,0.4278,414.0,38.814
160643.SZ,20170921,1.039,1.034,1.053,1.034,1.035,-0.004,-0.385,2227.81,230.872
160706.SZ,20170921,1.1,1.1,1.104,1.098,1.098,-0.002,-0.1818,11756.1,1293.524
160716.SZ,20170921,1.465,1.465,1.472,1.46,1.466,0.001,0.0683,1804.0,264.41
160717.SZ,20170921,0.81,0.808,0.816,0.808,0.814,0.004,0.4938,11380.0,922.406
160719.SZ,20170921,0.714,0.714,0.715,0.709,0.712,-0.002,-0.2801,4073.0,289.774
160722.SZ,20170921,0.993,0.994,0.995,0.991,0.991,-0.002,-0.2014,40698.0,4041.44
160723.SZ,20170921,0.938,0.954,0.954,0.949,0.952,0.014,1.4925,6782.26,645.639
160805.SZ,20170921,0.82,0.825,0.825,0.817,0.823,0.003,0.3659,1162.47,95.202
160806.SZ,20170921,1.401,1.401,1.404,1.399,1.399,-0.002,-0.1428,1080.21,151.454
160807.SZ,20170921,1.263,1.266,1.266,1.263,1.263,0.0,0.0,10.0,1.263
160812.SZ,20170921,1.499,1.494,1.495,1.492,1.492,-0.007,-0.467,1930.05,288.242
160813.SZ,20170921,0.808,0.808,0.811,0.807,0.808,0.0,0.0,3160.46,255.843
160910.SZ,20170921,1.078,1.078,1.079,1.078,1.078,0.0,0.0,461.67,49.772
160916.SZ,20170921,2.584,2.591,2.595,2.588,2.59,0.006,0.2322,1425.56,369.471
160918.SZ,20170921,1.91,1.905,1.911,1.899,1.9,-0.01,-0.5236,252.15,47.955
160919.SZ,20170921,1.262,1.262,1.263,1.259,1.259,-0.003,-0.2377,1097.0,138.457
160921.SZ,20170921,0.918,0.918,0.92,0.918,0.918,0.0,0.0,1197.06,109.904
160922.SZ,20170921,1.116,1.14,1.148,1.139,1.148,0.032,2.8674,388.46,44.313
160924.SZ,20170921,0.996,0.997,1.0,0.997,0.999,0.003,0.3012,1857.1,185.515
161005.SZ,20170921,1.999,1.999,2.0,1.988,1.997,-0.002,-0.1001,2362.72,471.771
161010.SZ,20170921,1.077,1.079,1.08,1.077,1.078,0.001,0.0929,5970.0,644.11
161017.SZ,20170921,2.313,2.313,2.313,2.289,2.304,-0.009,-0.3891,658.34,151.542
161019.SZ,20170921,0.976,0.976,0.976,0.975,0.976,0.0,0.0,4110.9,401.151
161033.SZ,20170921,1.12,1.118,1.128,1.107,1.117,-0.003,-0.2679,1107.12,122.945
161036.SZ,20170921,0.971,0.982,0.982,0.969,0.972,0.001,0.103,10102.19,978.995
161037.SZ,20170921,1.104,1.11,1.116,1.107,1.107,0.003,0.2717,485.0,53.857
161038.SZ,20170921,1.044,1.045,1.047,1.045,1.045,0.001,0.0958,6573.41,687.271
161115.SZ,20170921,1.334,1.334,1.335,1.33,1.33,-0.004,-0.2999,496.0,66.051
161116.SZ,20170921,0.725,0.72,0.723,0.72,0.72,-0.005,-0.6897,4216.0,303.986
161124.SZ,20170921,1.097,1.102,1.108,1.102,1.106,0.009,0.8204,7390.05,817.588
161125.SZ,20170921,1.029,1.031,1.033,1.03,1.032,0.003,0.2915,2568.0,264.771
161126.SZ,20170921,1.096,1.102,1.102,1.092,1.093,-0.003,-0.2737,889.0,97.115
161127.SZ,20170921,1.212,1.222,1.231,1.221,1.227,0.015,1.2376,2652.0,325.773
161128.SZ,20170921,1.109,1.112,1.112,1.104,1.104,-0.005,-0.4509,171.0,18.928
161129.SZ,20170921,0.884,0.891,0.896,0.891,0.895,0.011,1.2443,502.02,44.902
161130.SZ,20170921,0.981,0.982,0.987,0.97,0.975,-0.006,-0.6116,2524.17,247.612
161210.SZ,20170921,1.008,1.009,1.014,1.009,1.013,0.005,0.496,60.0,6.075
161213.SZ,20170921,1.496,1.496,1.497,1.346,1.496,0.0,0.0,1340.55,184.237
161216.SZ,20170921,1.053,1.052,1.053,1.052,1.053,0.0,0.0,542.0,57.071
161217.SZ,20170921,0.828,0.828,0.833,0.827,0.827,-0.001,-0.1208,563.12,46.625
161222.SZ,20170921,1.141,1.14,1.146,1.14,1.141,0.0,0.0,72.0,8.212
161224.SZ,20170921,1.097,1.096,1.099,1.095,1.098,0.001,0.0912,2573.14,282.244
161225.SZ,20170921,1.2,1.2,1.2,1.191,1.193,-0.007,-0.5833,156.0,18.604
161226.SZ,20170921,0.89,0.881,0.886,0.877,0.88,-0.01,-1.1236,91927.0,8087.116
161227.SZ,20170921,1.014,1.012,1.016,1.012,1.012,-0.002,-0.1972,4136.84,419.207
161229.SZ,20170921,1.412,1.416,1.424,1.416,1.421,0.009,0.6374,223.0,31.707
161232.SZ,20170921,0.857,0.857,0.861,0.856,0.858,0.001,0.1167,100608.71,8641.037
161233.SZ,20170921,0.94,0.943,0.943,0.935,0.935,-0.005,-0.5319,235.0,22.152
161505.SZ,20170921,1.077,1.079,1.079,1.079,1.079,0.002,0.1857,1.0,0.107
161607.SZ,20170921,1.198,1.199,1.199,1.195,1.195,-0.003,-0.2504,154.0,18.448
161610.SZ,20170921,0.942,0.945,0.949,0.943,0.943,0.001,0.1062,993.51,93.916
161630.SZ,20170921,0.96,0.961,0.961,0.961,0.961,0.001,0.1042,4.0,0.384
161631.SZ,20170921,1.094,1.091,1.095,1.085,1.085,-0.009,-0.8227,9075.16,987.705
161706.SZ,20170921,1.541,1.536,1.54,1.535,1.535,-0.006,-0.3894,23.0,3.534
161714.SZ,20170921,1.024,1.011,1.011,1.005,1.009,-0.015,-1.4648,39.0,3.933
161715.SZ,20170921,1.24,1.236,1.239,1.215,1.215,-0.025,-2.0161,1259.9,154.818
161727.SZ,20170921,0.98,0.988,0.988,0.988,0.988,0.008,0.8163,992.0,98.009
161810.SZ,20170921,1.867,1.872,1.887,1.864,1.867,0.0,0.0,882.72,165.228
161813.SZ,20170921,1.281,1.277,1.277,1.277,1.277,-0.004,-0.3123,53.0,6.768
161815.SZ,20170921,0.437,0.437,0.44,0.437,0.44,0.003,0.6865,7151.0,313.745
161820.SZ,20170921,1.072,1.072,1.073,1.071,1.071,-0.001,-0.0933,6299.0,675.238
161831.SZ,20170921,0.994,0.996,1.005,0.994,1.003,0.009,0.9054,2887.25,289.622
161834.SZ,20170921,0.884,0.884,0.884,0.882,0.882,-0.002,-0.2262,14663.85,1294.576
161835.SZ,20170921,0.933,0.933,0.933,0.928,0.933,0.0,0.0,2462.0,229.698
161903.SZ,20170921,0.882,0.879,0.879,0.879,0.879,-0.003,-0.3401,1.0,0.087
161907.SZ,20170921,1.67,1.652,1.652,1.652,1.652,-0.018,-1.0778,20.0,3.304
161911.SZ,20170921,0.967,0.969,0.969,0.965,0.967,0.0,0.0,16555.0,1600.043
162006.SZ,20170921,1.123,1.115,1.115,1.115,1.115,-0.008,-0.7124,14.62,1.63
162108.SZ,20170921,1.11,1.109,1.109,1.109,1.109,-0.001,-0.0901,0.05,0.005
162215.SZ,20170921,1.042,1.042,1.043,1.042,1.042,0.0,0.0,6449.0,671.994
162307.SZ,20170921,1.192,1.2,1.2,1.2,1.2,0.008,0.6711,1.0,0.12
162411.SZ,20170921,0.522,0.533,0.535,0.532,0.534,0.012,2.2989,2007017.44,107040.0
162415.SZ,20170921,1.128,1.133,1.133,1.128,1.132,0.004,0.3546,2178.0,246.124
162510.SZ,20170921,1.085,1.087,1.088,1.083,1.088,0.003,0.2765,356.08,38.628
162605.SZ,20170921,1.116,1.113,1.116,1.113,1.116,0.0,0.0,418.0,46.62
162607.SZ,20170921,0.575,0.575,0.575,0.57,0.572,-0.003,-0.5217,2503.0,143.265
162703.SZ,20170921,1.4,1.39,1.403,1.39,1.394,-0.006,-0.4286,958.0,133.585
162711.SZ,20170921,1.402,1.411,1.411,1.396,1.396,-0.006,-0.428,703.0,98.501
162712.SZ,20170921,1.419,1.419,1.421,1.419,1.421,0.002,0.1409,1791.0,254.221
162717.SZ,20170921,0.963,0.954,0.959,0.952,0.959,-0.004,-0.4154,989.15,94.188
162719.SZ,20170921,0.885,0.896,0.902,0.896,0.898,0.013,1.4689,10040.02,901.399
163001.SZ,20170921,0.916,0.914,0.914,0.91,0.91,-0.006,-0.655,14.0,1.279
163003.SZ,20170921,0.625,0.625,0.629,0.625,0.629,0.004,0.64,475.98,29.77
163005.SZ,20170921,0.826,0.826,0.826,0.826,0.826,0.0,0.0,100.35,8.288
163110.SZ,20170921,2.219,2.219,2.219,2.208,2.208,-0.011,-0.4957,3934.0,870.164
163111.SZ,20170921,1.154,1.149,1.155,1.149,1.151,-0.003,-0.26,5516.61,635.928
163119.SZ,20170921,0.911,0.916,0.92,0.915,0.915,0.004,0.4391,493.0,45.124
163208.SZ,20170921,0.817,0.825,0.827,0.821,0.827,0.01,1.224,706.29,58.277
163210.SZ,20170921,1.027,1.027,1.027,1.025,1.026,-0.001,-0.0974,1331.83,136.591
163302.SZ,20170921,1.314,1.314,1.315,1.314,1.314,0.0,0.0,696.0,91.454
163402.SZ,20170921,0.82,0.818,0.823,0.818,0.82,0.0,0.0,37030.74,3038.356
163407.SZ,20170921,1.717,1.717,1.723,1.717,1.717,0.0,0.0,284.0,48.801
163409.SZ,20170921,1.591,1.584,1.584,1.583,1.583,-0.008,-0.5028,4.0,0.633
163412.SZ,20170921,2.762,2.765,2.782,2.765,2.773,0.011,0.3983,9552.06,2650.168
163415.SZ,20170921,1.335,1.336,1.336,1.328,1.328,-0.007,-0.5243,1215.49,162.153
163503.SZ,20170921,0.508,0.509,0.509,0.504,0.504,-0.004,-0.7874,4241.0,214.475
163801.SZ,20170921,1.238,1.231,1.236,1.227,1.227,-0.011,-0.8885,334.0,41.08
163821.SZ,20170921,1.551,1.57,1.57,1.534,1.534,-0.017,-1.0961,52.0,8.076
163824.SZ,20170921,1.035,1.041,1.041,1.041,1.041,0.006,0.5797,4.0,0.416
163827.SZ,20170921,1.022,1.022,1.023,1.022,1.023,0.001,0.0978,411.0,42.045
163907.SZ,20170921,1.044,1.044,1.044,1.042,1.043,-0.001,-0.0958,16000.0,1668.701
164105.SZ,20170921,1.247,1.25,1.261,1.25,1.257,0.01,0.8019,325.97,40.978
164206.SZ,20170921,1.053,1.053,1.095,1.053,1.077,0.024,2.2792,23610.22,2487.694
164208.SZ,20170921,1.138,1.138,1.142,1.138,1.142,0.004,0.3515,6277.29,714.575
164210.SZ,20170921,1.001,1.003,1.003,1.003,1.003,0.002,0.1998,216.97,21.762
164302.SZ,20170921,1.023,1.022,1.024,1.022,1.024,0.001,0.0978,44172.73,4514.485
164403.SZ,20170921,0.978,0.981,0.988,0.978,0.979,0.001,0.1022,54.02,5.299
164701.SZ,20170921,0.617,0.616,0.617,0.616,0.616,-0.001,-0.1621,1581.0,97.391
164702.SZ,20170921,0.991,0.99,0.991,0.986,0.991,0.0,0.0,81.0,8.012
164703.SZ,20170921,1.028,1.025,1.025,1.025,1.025,-0.003,-0.2918,96.0,9.84
164705.SZ,20170921,1.182,1.182,1.185,1.182,1.183,0.001,0.0846,71.14,8.42
164808.SZ,20170921,0.999,1.0,1.0,1.0,1.0,0.001,0.1001,405.63,40.563
164810.SZ,20170921,0.964,0.95,0.964,0.95,0.964,0.0,0.0,97.0,9.307
164906.SZ,20170921,1.43,1.43,1.43,1.412,1.417,-0.013,-0.9091,15494.28,2194.641
165309.SZ,20170921,1.17,1.18,1.181,1.171,1.181,0.011,0.9402,71.0,8.374
165313.SZ,20170921,1.497,1.507,1.507,1.501,1.501,0.004,0.2672,1752.83,263.533
165508.SZ,20170921,1.944,1.959,1.97,1.958,1.97,0.026,1.3374,4.0,0.784
165509.SZ,20170921,1.095,1.095,1.095,1.095,1.095,0.0,0.0,100.0,10.95
165510.SZ,20170921,0.844,0.847,0.847,0.832,0.844,0.0,0.0,748.0,62.795
165512.SZ,20170921,2.462,2.461,2.461,2.458,2.459,-0.003,-0.1219,3.0,0.737
165513.SZ,20170921,0.433,0.432,0.435,0.432,0.434,0.001,0.2309,9711.0,421.105
165516.SZ,20170921,2.591,2.589,2.601,2.589,2.601,0.01,0.386,2.0,0.519
165525.SZ,20170921,1.216,1.216,1.216,1.213,1.213,-0.003,-0.2467,383.39,46.542
165528.SZ,20170921,1.058,1.056,1.056,1.045,1.047,-0.011,-1.0397,74763.35,7857.966
165807.SZ,20170921,1.049,1.048,1.049,1.048,1.049,0.0,0.0,578.0,60.602
166001.SZ,20170921,1.171,1.17,1.173,1.17,1.17,-0.001,-0.0854,972.05,113.79
166006.SZ,20170921,1.107,1.101,1.102,1.101,1.102,-0.005,-0.4517,247.83,27.307
166009.SZ,20170921,1.748,1.739,1.761,1.739,1.761,0.013,0.7437,104.05,18.224
166011.SZ,20170921,1.259,1.259,1.264,1.259,1.261,0.002,0.1589,4.45,0.561
166016.SZ,20170921,1.073,1.138,1.138,1.137,1.138,0.065,6.0578,113.0,12.849
166023.SZ,20170921,1.01,1.011,1.111,1.011,1.111,0.101,10.0,54.0,5.469
166402.SZ,20170921,1.046,1.048,1.05,1.041,1.05,0.004,0.3824,1402.0,147.074
166902.SZ,20170921,1.013,1.01,1.01,1.01,1.01,-0.003,-0.2962,216.0,21.816
166904.SZ,20170921,1.071,1.071,1.071,1.071,1.071,0.0,0.0,814.0,87.179
167001.SZ,20170921,0.85,0.854,0.854,0.846,0.846,-0.004,-0.4706,36563.0,3104.456
167003.SZ,20170921,0.948,0.948,0.948,0.945,0.948,0.0,0.0,3415.0,323.714
167501.SZ,20170921,1.11,1.109,1.109,1.108,1.108,-0.002,-0.1802,27370.0,3032.613
168101.SZ,20170921,1.119,1.119,1.119,1.111,1.116,-0.003,-0.2681,8971.0,999.429
168102.SZ,20170921,0.882,0.878,0.883,0.873,0.876,-0.006,-0.6803,15896.02,1394.932
168103.SZ,20170921,0.835,0.836,0.837,0.827,0.827,-0.008,-0.9581,65965.02,5481.465
168104.SZ,20170921,0.98,0.982,0.982,0.982,0.982,0.002,0.2041,361.72,35.52
168105.SZ,20170921,0.865,0.865,0.873,0.863,0.864,-0.001,-0.1156,7834.0,677.866
168106.SZ,20170921,0.885,0.897,0.897,0.885,0.887,0.002,0.226,304.03,26.931
168108.SZ,20170921,0.916,0.925,0.925,0.9,0.911,-0.005,-0.5459,132.0,12.06
168301.SZ,20170921,0.943,0.943,0.945,0.943,0.945,0.002,0.2121,8262.45,780.169
168401.SZ,20170921,0.921,0.924,0.926,0.924,0.926,0.005,0.5429,1857.33,171.893
169101.SZ,20170921,1.44,1.342,1.358,1.342,1.353,-0.087,-6.0417,187946.64,25379.006
169102.SZ,20170921,1.631,1.611,1.622,1.61,1.622,-0.009,-0.5518,4405.0,711.913
169103.SZ,20170921,1.449,1.45,1.45,1.444,1.444,-0.005,-0.3451,2041.56,295.163
169104.SZ,20170921,1.444,1.468,1.468,1.425,1.438,-0.006,-0.4155,1409.0,202.431
169105.SZ,20170921,1.472,1.471,1.485,1.462,1.482,0.01,0.6793,133869.34,19758.296
169201.SZ,20170921,0.904,0.904,0.91,0.904,0.91,0.006,0.6637,2114.15,192.155
184801.SZ,20170921,99.5,99.381,99.549,99.38,99.477,-0.023,-0.0231,39.7,394.677
501000.SH,20170921,1.158,1.16,1.16,1.16,1.16,0.002,0.1727,8.0,0.928
501001.SH,20170921,1.084,1.085,1.091,1.085,1.09,0.006,0.5535,6884.14,749.746
501002.SH,20170921,1.151,1.078,1.266,1.059,1.264,0.113,9.8175,1826.18,199.853
501003.SH,20170921,1.059,1.049,1.049,1.031,1.033,-0.026,-2.4551,155.0,16.017
501005.SH,20170921,0.966,0.963,0.966,0.963,0.963,-0.003,-0.3106,1926.0,185.791
501007.SH,20170921,0.931,0.93,0.93,0.927,0.927,-0.004,-0.4296,45.0,4.176
501009.SH,20170921,1.07,1.07,1.073,1.067,1.069,-0.001,-0.0935,646.28,69.051
501010.SH,20170921,1.096,1.104,1.108,1.104,1.105,0.009,0.8212,237.55,26.264
501011.SH,20170921,1.032,1.035,1.035,1.013,1.031,-0.001,-0.0969,241.11,24.864
501012.SH,20170921,1.026,1.01,1.01,1.01,1.01,-0.016,-1.5595,300.09,30.309
501015.SH,20170921,0.972,0.972,0.972,0.97,0.97,-0.002,-0.2058,86568.41,8402.434
501016.SH,20170921,1.121,1.13,1.133,1.122,1.122,0.001,0.0892,784.81,88.721
501017.SH,20170921,0.93,0.928,0.934,0.927,0.928,-0.002,-0.2151,15808.38,1472.326
501018.SH,20170921,0.882,0.89,0.893,0.89,0.892,0.01,1.1338,82261.12,7330.363
501019.SH,20170921,0.885,0.885,0.888,0.88,0.881,-0.004,-0.452,1311.0,115.543
501020.SH,20170921,1.046,1.049,1.051,1.048,1.048,0.002,0.1912,6535.4,685.239
501021.SH,20170921,1.381,1.381,1.392,1.379,1.388,0.007,0.5069,64365.0,8924.423
501022.SH,20170921,0.93,0.93,0.932,0.928,0.928,-0.002,-0.2151,8855.0,822.85
501023.SH,20170921,1.154,1.156,1.163,1.156,1.16,0.006,0.5199,6020.92,697.853
501025.SH,20170921,1.128,1.126,1.128,1.126,1.128,0.0,0.0,407.0,45.908
501026.SH,20170921,0.955,0.955,0.956,0.951,0.952,-0.003,-0.3141,6095.72,581.011
501027.SH,20170921,0.989,0.993,0.993,0.984,0.984,-0.005,-0.5056,1345.8,132.472
501028.SH,20170921,0.961,0.96,0.96,0.959,0.959,-0.002,-0.2081,25337.0,2432.123
501029.SH,20170921,1.098,1.099,1.101,1.095,1.101,0.003,0.2732,30270.0,3325.069
501030.SH,20170921,1.023,1.023,1.025,1.019,1.019,-0.004,-0.391,84.0,8.591
501031.SH,20170921,1.028,1.028,1.028,1.02,1.02,-0.008,-0.7782,20.0,2.048
501032.SH,20170921,0.986,0.988,0.989,0.987,0.988,0.002,0.2028,440.3,43.5
501035.SH,20170921,0.903,0.903,0.908,0.901,0.908,0.005,0.5537,9001.25,813.898
501050.SH,20170921,1.131,1.13,1.132,1.129,1.13,-0.001,-0.0884,8087.37,914.665
501300.SH,20170921,0.963,0.966,0.966,0.962,0.965,0.002,0.2077,4591.0,442.686
501301.SH,20170921,1.094,1.094,1.1,1.093,1.097,0.003,0.2742,5189.18,569.438
501302.SH,20170921,1.115,1.084,1.084,1.028,1.036,-0.079,-7.0852,1237.51,128.704
502002.SH,20170921,0.937,0.969,0.97,0.931,0.931,-0.006,-0.6403,305.71,29.624
502003.SH,20170921,0.972,0.969,0.978,0.96,0.962,-0.01,-1.0288,1118.11,108.333
502004.SH,20170921,0.96,0.96,0.965,0.96,0.963,0.003,0.3125,612.87,58.996
502005.SH,20170921,0.985,0.981,0.99,0.967,0.973,-0.012,-1.2183,3628.29,356.029
502006.SH,20170921,1.044,1.045,1.048,1.04,1.042,-0.002,-0.1916,6757.59,704.863
502007.SH,20170921,1.002,1.02,1.021,1.009,1.021,0.019,1.8962,2028.23,206.976
502008.SH,20170921,1.078,1.078,1.08,1.063,1.065,-0.013,-1.2059,3076.85,328.377
502010.SH,20170921,1.219,1.217,1.227,1.216,1.216,-0.003,-0.2461,1893.0,232.214
502011.SH,20170921,0.984,0.98,0.991,0.98,0.988,0.004,0.4065,263.0,25.843
502012.SH,20170921,1.46,1.45,1.48,1.45,1.457,-0.003,-0.2055,2046.58,299.845
502013.SH,20170921,0.886,0.886,0.889,0.883,0.884,-0.002,-0.2257,13256.11,1174.548
502014.SH,20170921,1.009,1.009,1.01,1.008,1.009,0.0,0.0,7862.38,793.836
502015.SH,20170921,0.762,0.762,0.767,0.756,0.756,-0.006,-0.7874,23574.09,1796.76
502016.SH,20170921,1.099,1.156,1.156,1.085,1.086,-0.013,-1.1829,88.0,9.898
502018.SH,20170921,0.977,1.048,1.048,1.048,1.048,0.071,7.2671,122.0,12.786
502020.SH,20170921,1.399,1.409,1.41,1.401,1.401,0.002,0.143,57.28,8.059
502023.SH,20170921,1.067,1.067,1.067,1.063,1.063,-0.004,-0.3749,87.09,9.283
502025.SH,20170921,1.099,1.053,1.15,1.053,1.15,0.051,4.6406,2.0,0.22
502026.SH,20170921,0.869,0.882,0.882,0.862,0.871,0.002,0.2301,56.45,4.929
502027.SH,20170921,1.054,1.056,1.056,1.056,1.056,0.002,0.1898,8.0,0.845
502028.SH,20170921,0.651,0.641,0.641,0.641,0.641,-0.01,-1.5361,1.0,0.064
502032.SH,20170921,1.012,1.006,1.006,0.986,0.988,-0.024,-2.3715,62.43,6.167
502036.SH,20170921,1.054,1.054,1.054,1.045,1.052,-0.002,-0.1898,63.0,6.589
502037.SH,20170921,1.036,1.038,1.038,1.038,1.038,0.002,0.1931,19.0,1.972
502038.SH,20170921,1.055,1.04,1.04,1.04,1.04,-0.015,-1.4218,58.29,6.062
502040.SH,20170921,1.165,1.101,1.115,1.101,1.115,-0.05,-4.2918,11.0,1.22
502041.SH,20170921,1.099,1.14,1.14,1.04,1.04,-0.059,-5.3685,257.99,28.201
502042.SH,20170921,1.112,1.116,1.116,1.11,1.11,-0.002,-0.1799,96.0,10.657
502048.SH,20170921,1.333,1.327,1.345,1.327,1.337,0.004,0.3001,202.42,26.987
502049.SH,20170921,1.008,1.005,1.008,1.005,1.007,-0.001,-0.0992,594.0,59.824
502050.SH,20170921,1.649,1.646,1.67,1.645,1.665,0.016,0.9703,6680.73,1108.818
502055.SH,20170921,1.029,1.041,1.041,1.021,1.027,-0.002,-0.1944,7019.5,727.1
502056.SH,20170921,0.999,0.989,1.0,0.989,0.993,-0.006,-0.6006,8.0,0.795
502058.SH,20170921,0.955,0.954,0.954,0.923,0.927,-0.028,-2.9319,369.58,34.212
505888.SH,20170921,1.109,1.109,1.113,1.101,1.112,0.003,0.2705,454339.57,50234.34
510010.SH,20170921,1.118,1.105,1.122,1.105,1.122,0.004,0.3578,111.0,12.442
510020.SH,20170921,2.659,2.66,2.677,2.66,2.66,0.001,0.0376,415.0,110.602
510030.SH,20170921,4.796,4.848,4.848,4.816,4.848,0.052,1.0842,242.0,117.318
510050.SH,20170921,2.717,2.716,2.743,2.712,2.728,0.011,0.4049,2760949.52,752931.508
510060.SH,20170921,1.832,1.831,1.847,1.831,1.838,0.006,0.3275,1738.0,319.543
510070.SH,20170921,1.822,1.824,1.824,1.813,1.813,-0.009,-0.494,80.0,14.521
510090.SH,20170921,1.555,1.535,1.554,1.535,1.553,-0.002,-0.1286,7.0,1.084
510110.SH,20170921,3.545,3.513,3.546,3.513,3.537,-0.008,-0.2257,90.0,31.852
510120.SH,20170921,2.958,2.95,2.965,2.927,2.948,-0.01,-0.3381,653.95,192.644
510130.SH,20170921,4.038,4.023,4.033,4.017,4.032,-0.006,-0.1486,46.0,18.527
510150.SH,20170921,4.466,4.45,4.46,4.439,4.46,-0.006,-0.1343,159.71,71.072
510160.SH,20170921,0.612,0.611,0.616,0.61,0.612,0.0,0.0,53111.0,3259.876
510170.SH,20170921,2.213,2.201,2.201,2.183,2.188,-0.025,-1.1297,128.0,28.023
510180.SH,20170921,3.451,3.45,3.476,3.446,3.45,-0.001,-0.029,117737.37,40718.382
510190.SH,20170921,3.796,3.706,3.747,3.706,3.742,-0.054,-1.4226,38.0,14.193
510220.SH,20170921,4.268,4.26,4.275,4.23,4.231,-0.037,-0.8669,100.69,42.68
510230.SH,20170921,6.125,6.125,6.195,6.125,6.163,0.038,0.6204,836.0,515.471
510260.SH,20170921,1.24,1.207,1.235,1.205,1.21,-0.03,-2.4194,905.0,109.505
510270.SH,20170921,1.13,1.132,1.139,1.125,1.139,0.009,0.7965,237.0,26.796
510280.SH,20170921,1.691,1.629,1.75,1.629,1.729,0.038,2.2472,218.0,37.415
510290.SH,20170921,1.66,1.655,1.658,1.647,1.647,-0.013,-0.7831,128.0,21.123
510300.SH,20170921,3.904,3.904,3.916,3.891,3.905,0.001,0.0256,1208402.86,471686.526
510310.SH,20170921,1.632,1.632,1.639,1.629,1.633,0.001,0.0613,31542.0,5149.038
510330.SH,20170921,4.168,4.168,4.186,4.161,4.163,-0.005,-0.12,19526.0,8149.203
510360.SH,20170921,1.207,1.208,1.214,1.206,1.206,-0.001,-0.0829,44448.0,5372.751
510410.SH,20170921,0.869,0.871,0.871,0.855,0.855,-0.014,-1.611,5755.0,496.536
510420.SH,20170921,1.551,1.551,1.551,1.551,1.551,0.0,0.0,1.0,0.155
510430.SH,20170921,1.511,1.517,1.517,1.517,1.517,0.006,0.3971,1.0,0.152
510440.SH,20170921,1.895,1.897,1.897,1.896,1.896,0.001,0.0528,34.0,6.45
510500.SH,20170921,7.048,7.043,7.048,6.953,6.966,-0.082,-1.1635,265099.13,185592.375
510510.SH,20170921,1.853,1.855,1.855,1.833,1.833,-0.02,-1.0793,32192.0,5925.736
510520.SH,20170921,1.677,1.677,1.677,1.672,1.675,-0.002,-0.1193,91.0,15.253
510560.SH,20170921,1.389,1.389,1.397,1.389,1.391,0.002,0.144,12.0,1.668
510580.SH,20170921,6.599,6.581,6.622,6.581,6.587,-0.012,-0.1818,45.0,29.777
510630.SH,20170921,2.074,2.071,2.077,2.063,2.073,-0.001,-0.0482,951.0,196.952
510650.SH,20170921,1.748,1.742,1.76,1.742,1.751,0.003,0.1716,1448.0,253.676
510660.SH,20170921,1.717,1.705,1.714,1.705,1.71,-0.007,-0.4077,865.0,147.785
510680.SH,20170921,2.202,2.182,2.227,2.171,2.227,0.025,1.1353,101.0,22.034
510710.SH,20170921,2.782,2.786,2.805,2.777,2.793,0.011,0.3954,687.0,191.81
510810.SH,20170921,1.016,1.014,1.018,1.012,1.015,-0.001,-0.0984,59120.0,5999.305
510880.SH,20170921,3.02,3.02,3.034,3.013,3.029,0.009,0.298,26259.47,7946.183
510900.SH,20170921,1.195,1.194,1.206,1.193,1.201,0.006,0.5021,6846029.36,822480.619
511010.SH,20170921,109.894,109.899,109.928,109.828,109.856,-0.038,-0.0346,24856.0,273119.492
511210.SH,20170921,110.051,109.7,109.7,109.7,109.7,-0.351,-0.3189,1.0,10.97
511220.SH,20170921,92.473,92.43,92.43,92.32,92.321,-0.152,-0.1644,2289.0,21138.372
511230.SH,20170921,100.2,100.2,100.2,100.2,100.2,0.0,0.0,0.5,5.01
511260.SH,20170921,100.225,100.119,100.35,100.119,100.28,0.055,0.0549,515.54,5169.979
511600.SH,20170921,99.981,99.98,99.984,99.978,99.984,0.003,0.003,811.64,8114.753
511620.SH,20170921,99.983,99.971,99.977,99.971,99.977,-0.006,-0.006,167.65,1676.052
511650.SH,20170921,99.982,99.978,99.982,99.977,99.982,0.0,0.0,7218.96,72174.577
511660.SH,20170921,99.983,99.981,99.986,99.977,99.984,0.001,0.001,118692.81,1186687.648
511670.SH,20170921,99.982,99.972,99.979,99.972,99.978,-0.004,-0.004,1045.84,10456.076
511680.SH,20170921,99.975,99.979,99.98,99.979,99.98,0.005,0.005,21.0,209.956
511690.SH,20170921,99.982,99.978,99.985,99.977,99.984,0.002,0.002,37866.95,378589.137
511700.SH,20170921,99.992,99.992,100.05,99.983,99.994,0.002,0.002,2866.82,28668.184
511760.SH,20170921,99.955,99.95,99.954,99.95,99.954,-0.001,-0.001,1.1,10.995
511770.SH,20170921,99.981,99.973,99.981,99.972,99.98,-0.001,-0.001,479.51,4794.066
511800.SH,20170921,99.98,99.983,99.988,99.978,99.987,0.007,0.007,2741.08,27405.145
511810.SH,20170921,99.983,99.981,99.985,99.976,99.983,0.0,0.0,192018.54,1919784.792
511820.SH,20170921,99.982,99.979,99.982,99.978,99.982,0.0,0.0,44164.22,441553.104
511830.SH,20170921,99.983,99.98,99.988,99.978,99.987,0.004,0.004,3167.45,31668.701
511850.SH,20170921,99.991,99.988,99.996,99.986,99.995,0.004,0.004,7992.81,79921.034
511860.SH,20170921,99.982,99.981,99.985,99.976,99.985,0.003,0.003,1530.61,15302.971
511880.SH,20170921,102.611,102.612,102.69,102.606,102.66,0.049,0.0478,656071.52,6732450.859
511890.SH,20170921,99.975,99.971,99.975,99.951,99.975,0.0,0.0,243.1,2430.223
511900.SH,20170921,99.982,99.98,99.985,99.977,99.984,0.002,0.002,61813.95,618014.325
511910.SH,20170921,99.981,99.98,99.98,99.976,99.978,-0.003,-0.003,623.32,6231.851
511920.SH,20170921,99.969,99.972,100.18,99.972,100.18,0.211,0.2111,12.02,120.209
511930.SH,20170921,99.964,99.967,99.978,99.967,99.976,0.012,0.012,105.08,1050.504
511960.SH,20170921,99.991,99.98,99.989,99.976,99.981,-0.01,-0.01,131.07,1310.442
511970.SH,20170921,99.981,99.979,99.982,99.979,99.982,0.001,0.001,223.03,2229.846
511980.SH,20170921,99.99,99.979,99.987,99.979,99.98,-0.01,-0.01,2751.49,27510.036
511990.SH,20170921,99.984,99.981,99.989,99.977,99.988,0.004,0.004,1212966.54,12127267.688
512000.SH,20170921,1.056,1.057,1.068,1.053,1.054,-0.002,-0.1894,72356.0,7677.302
512010.SH,20170921,1.482,1.482,1.482,1.47,1.47,-0.012,-0.8097,993.0,146.753
512070.SH,20170921,2.003,2.007,2.023,2.005,2.006,0.003,0.1498,5298.0,1066.729
512100.SH,20170921,0.918,0.918,0.918,0.907,0.907,-0.011,-1.1983,1426.0,130.371
512120.SH,20170921,1.449,1.427,1.427,1.42,1.426,-0.023,-1.5873,25.0,3.553
512210.SH,20170921,1.844,1.81,1.849,1.81,1.848,0.004,0.2169,67077.0,12191.28
512220.SH,20170921,1.43,1.438,1.438,1.43,1.431,0.001,0.0699,29.0,4.148
512230.SH,20170921,1.335,1.333,1.334,1.324,1.334,-0.001,-0.0749,25001.06,3325.177
512300.SH,20170921,1.191,1.191,1.193,1.188,1.189,-0.002,-0.1679,986.0,117.531
512310.SH,20170921,0.737,0.734,0.736,0.728,0.728,-0.009,-1.2212,7694.0,564.077
512330.SH,20170921,0.863,0.862,0.866,0.858,0.858,-0.005,-0.5794,270.0,23.191
512340.SH,20170921,1.025,1.022,1.025,1.011,1.011,-0.014,-1.3659,9372.0,953.28
512400.SH,20170921,1.067,1.068,1.068,1.038,1.039,-0.028,-2.6242,144875.0,15158.872
512500.SH,20170921,3.25,3.243,3.254,3.233,3.238,-0.012,-0.3692,1245.59,403.128
512510.SH,20170921,1.373,1.374,1.374,1.357,1.36,-0.013,-0.9468,3945.0,538.165
512550.SH,20170921,1.01,1.008,1.019,1.006,1.013,0.003,0.297,40240.0,4081.824
512560.SH,20170921,1.048,1.044,1.051,1.041,1.044,-0.004,-0.3817,6400.0,670.258
512570.SH,20170921,1.057,1.056,1.071,1.051,1.059,0.002,0.1892,13774.78,1461.059
512580.SH,20170921,1.065,1.066,1.067,1.051,1.052,-0.013,-1.2207,17814.0,1881.958
512600.SH,20170921,1.975,1.971,2.167,1.935,1.968,-0.007,-0.3544,565.0,114.813
512610.SH,20170921,1.448,1.429,1.456,1.429,1.442,-0.006,-0.4144,403.0,58.401
512640.SH,20170921,1.905,1.906,1.906,1.9,1.901,-0.004,-0.21,65.0,12.381
512660.SH,20170921,0.925,0.925,0.926,0.916,0.917,-0.008,-0.8649,151513.77,13953.683
512680.SH,20170921,0.898,0.899,0.9,0.891,0.891,-0.007,-0.7795,38794.0,3475.907
512700.SH,20170921,0.995,0.994,1.003,0.992,1.002,0.007,0.7035,16714.0,1671.352
512800.SH,20170921,0.989,0.99,0.999,0.987,0.994,0.005,0.5056,79639.0,7911.162
512810.SH,20170921,0.89,0.889,0.891,0.884,0.885,-0.005,-0.5618,8848.0,784.568
512880.SH,20170921,1.116,1.116,1.129,1.113,1.114,-0.002,-0.1792,252167.0,28337.783
512900.SH,20170921,1.064,1.064,1.078,1.062,1.062,-0.002,-0.188,87063.0,9306.473
512990.SH,20170921,1.152,1.152,1.154,1.146,1.146,-0.006,-0.5208,3305.0,380.229
513030.SH,20170921,1.12,1.122,1.123,1.118,1.119,-0.001,-0.0893,9619.0,1077.371
513050.SH,20170921,1.499,1.485,1.487,1.478,1.48,-0.019,-1.2675,164066.0,24325.953
513100.SH,20170921,2.06,2.059,2.06,2.055,2.058,-0.002,-0.0971,9224.0,1897.447
513500.SH,20170921,1.518,1.519,1.522,1.518,1.522,0.004,0.2635,6848.0,1041.04
513600.SH,20170921,2.444,2.47,2.47,2.432,2.444,0.0,0.0,813.0,198.538
513660.SH,20170921,2.453,2.46,2.466,2.46,2.461,0.008,0.3261,2243.0,552.08
518800.SH,20170921,2.766,2.76,2.76,2.741,2.741,-0.025,-0.9038,430933.0,118395.641
518880.SH,20170921,2.762,2.749,2.749,2.733,2.733,-0.029,-1.05,4659146.92,1277994.249
