ts_code,trade_date,pre_close,open,high,low,close,change,pct_chg,vol,amount
150008.SZ,20170811,1.315,1.272,1.315,1.272,1.31,-0.005,-0.3802,61.15,7.906
150009.SZ,20170811,1.081,1.119,1.119,1.056,1.061,-0.02,-1.8501,1673.0,177.596
150012.SZ,20170811,1.024,1.014,1.024,1.014,1.023,-0.001,-0.0977,838.0,85.651
150013.SZ,20170811,1.341,1.289,1.315,1.289,1.3,-0.041,-3.0574,519.9,67.73
150016.SZ,20170811,1.05,1.048,1.048,1.044,1.044,-0.006,-0.5714,477.59,49.945
150017.SZ,20170811,1.153,1.15,1.153,1.141,1.149,-0.004,-0.3469,1025.0,117.418
150018.SZ,20170811,1.027,1.021,1.032,1.021,1.029,0.002,0.1947,24491.0,2524.026
150019.SZ,20170811,0.947,0.943,0.943,0.906,0.906,-0.041,-4.3295,408582.17,37842.516
150020.SZ,20170811,1.061,1.061,1.062,1.061,1.062,0.001,0.0943,8812.6,935.096
150021.SZ,20170811,1.031,1.027,1.033,1.027,1.031,0.0,0.0,9740.0,1004.118
150022.SZ,20170811,0.801,0.798,0.799,0.796,0.796,-0.005,-0.6242,103608.57,8260.095
150023.SZ,20170811,0.382,0.38,0.381,0.372,0.373,-0.009,-2.356,276649.25,10427.075
150028.SZ,20170811,1.01,1.008,1.01,1.002,1.009,-0.001,-0.099,538.0,54.083
150029.SZ,20170811,1.46,1.442,1.442,1.432,1.433,-0.027,-1.8493,367.66,52.898
150030.SZ,20170811,1.05,1.003,1.003,1.003,1.003,-0.047,-4.4762,6.57,0.658
150031.SZ,20170811,1.239,1.22,1.22,1.124,1.124,-0.115,-9.2817,70.5,8.496
150032.SZ,20170811,0.972,1.008,1.011,0.981,0.981,0.009,0.9259,13375.62,1350.836
150033.SZ,20170811,0.939,0.941,0.947,0.937,0.947,0.008,0.852,12.0,1.125
150037.SZ,20170811,1.78,1.953,1.953,1.953,1.953,0.173,9.7191,239.0,46.676
150040.SZ,20170811,1.047,1.095,1.096,1.095,1.096,0.049,4.68,152.0,16.659
150049.SZ,20170811,0.991,0.991,0.991,0.991,0.991,0.0,0.0,220.0,21.802
150050.SZ,20170811,1.275,1.211,1.257,1.211,1.251,-0.024,-1.8824,1277.67,159.653
150051.SZ,20170811,0.99,1.004,1.004,0.994,0.995,0.005,0.5051,8135.0,809.538
150052.SZ,20170811,1.633,1.63,1.63,1.576,1.579,-0.054,-3.3068,17125.59,2725.431
150053.SZ,20170811,1.025,1.016,1.025,1.013,1.025,0.0,0.0,575.28,58.577
150054.SZ,20170811,0.994,1.029,1.029,0.999,1.0,0.006,0.6036,149.04,14.943
150055.SZ,20170811,1.064,1.081,1.088,1.052,1.055,-0.009,-0.8459,307.0,33.173
150056.SZ,20170811,1.451,1.405,1.451,1.404,1.43,-0.021,-1.4473,183.0,25.733
150059.SZ,20170811,1.165,1.162,1.212,1.162,1.185,0.02,1.7167,1098.96,130.267
150060.SZ,20170811,1.383,1.381,1.381,1.261,1.309,-0.074,-5.3507,6318.74,829.825
150064.SZ,20170811,1.023,0.981,1.02,0.981,1.02,-0.003,-0.2933,93.0,9.131
150066.SZ,20170811,0.905,0.932,0.932,0.89,0.911,0.006,0.663,98.0,8.921
150073.SZ,20170811,1.021,1.022,1.022,0.993,0.993,-0.028,-2.7424,23.77,2.389
150075.SZ,20170811,1.17,1.171,1.172,1.171,1.171,0.001,0.0855,16.83,1.971
150076.SZ,20170811,0.987,0.984,0.985,0.984,0.985,-0.002,-0.2026,889.99,87.639
150084.SZ,20170811,1.043,1.002,1.002,1.0,1.002,-0.041,-3.931,172.0,17.224
150091.SZ,20170811,0.916,0.877,0.917,0.877,0.917,0.001,0.1092,45.0,4.046
150092.SZ,20170811,1.03,1.023,1.023,1.023,1.023,-0.007,-0.6796,80.0,8.184
150093.SZ,20170811,0.951,0.951,0.951,0.94,0.94,-0.011,-1.1567,2.14,0.203
150100.SZ,20170811,1.041,1.063,1.063,1.033,1.05,0.009,0.8646,5635.47,590.621
150101.SZ,20170811,1.726,1.682,1.699,1.558,1.59,-0.136,-7.8795,14467.72,2384.755
150104.SZ,20170811,1.03,1.046,1.046,1.025,1.043,0.013,1.2621,2004.62,205.579
150107.SZ,20170811,0.996,0.98,0.992,0.97,0.97,-0.026,-2.6104,4130.41,406.504
150117.SZ,20170811,1.04,1.039,1.041,1.039,1.041,0.001,0.0962,15486.55,1609.582
150118.SZ,20170811,0.452,0.447,0.45,0.428,0.428,-0.024,-5.3097,101429.36,4437.577
150123.SZ,20170811,1.307,1.218,1.307,1.218,1.281,-0.026,-1.9893,4054.0,512.05
150124.SZ,20170811,1.988,1.986,1.986,1.92,1.933,-0.055,-2.7666,6307.0,1234.449
150130.SZ,20170811,1.043,1.044,1.045,1.043,1.045,0.002,0.1918,183015.97,19116.205
150131.SZ,20170811,0.515,0.505,0.52,0.504,0.508,-0.007,-1.3592,475783.23,24375.45
150135.SZ,20170811,1.009,1.008,1.008,1.008,1.008,-0.001,-0.0991,13.0,1.31
150136.SZ,20170811,0.818,0.802,0.802,0.802,0.802,-0.016,-1.956,22.0,1.764
150139.SZ,20170811,0.999,0.95,1.0,0.95,0.962,-0.037,-3.7037,39.14,3.765
150140.SZ,20170811,1.015,1.013,1.015,1.013,1.015,0.0,0.0,10.0,1.013
150141.SZ,20170811,0.91,0.891,0.893,0.88,0.88,-0.03,-3.2967,204.0,18.134
150144.SZ,20170811,0.715,0.68,0.7,0.68,0.688,-0.027,-3.7762,1328.65,91.993
150149.SZ,20170811,0.609,0.608,0.611,0.607,0.607,-0.002,-0.3284,4016.0,244.885
150150.SZ,20170811,1.012,1.015,1.016,1.015,1.016,0.004,0.3953,219.0,22.236
150151.SZ,20170811,1.586,1.522,1.586,1.431,1.525,-0.061,-3.8462,5159.03,789.233
150152.SZ,20170811,1.0,0.998,1.005,0.998,1.001,0.001,0.1,353083.0,35401.211
150153.SZ,20170811,0.578,0.571,0.589,0.565,0.573,-0.005,-0.8651,2183122.54,125890.0
150154.SZ,20170811,0.946,0.938,0.943,0.938,0.943,-0.003,-0.3171,6616.0,620.581
150157.SZ,20170811,1.005,1.007,1.007,1.001,1.006,0.001,0.0995,15665.0,1572.699
150158.SZ,20170811,1.012,1.001,1.007,0.974,0.975,-0.037,-3.6561,58324.36,5715.525
150164.SZ,20170811,0.992,0.992,0.994,0.992,0.993,0.001,0.1008,851.0,84.504
150165.SZ,20170811,0.811,0.771,0.814,0.738,0.764,-0.047,-5.7953,700.71,54.031
150167.SZ,20170811,1.053,0.993,1.068,0.993,1.068,0.015,1.4245,23.6,2.35
150168.SZ,20170811,0.808,0.8,0.8,0.8,0.8,-0.008,-0.9901,1.0,0.08
150169.SZ,20170811,1.002,1.002,1.004,1.001,1.004,0.002,0.1996,17969.5,1801.034
150170.SZ,20170811,1.33,1.313,1.313,1.267,1.279,-0.051,-3.8346,64637.0,8257.394
150171.SZ,20170811,0.971,0.969,0.973,0.968,0.97,-0.001,-0.103,210826.56,20470.432
150172.SZ,20170811,1.158,1.149,1.149,1.113,1.115,-0.043,-3.7133,645526.0,72941.553
150173.SZ,20170811,0.982,0.982,0.987,0.982,0.986,0.004,0.4073,2229.61,219.242
150174.SZ,20170811,0.543,0.539,0.54,0.519,0.528,-0.015,-2.7624,2263.79,120.978
150175.SZ,20170811,0.962,0.961,0.962,0.955,0.959,-0.003,-0.3119,305585.0,29278.734
150176.SZ,20170811,1.007,0.982,0.993,0.965,0.97,-0.037,-3.6743,513587.42,50124.929
150177.SZ,20170811,1.046,1.018,1.043,1.018,1.043,-0.003,-0.2868,3046.13,315.959
150178.SZ,20170811,1.494,1.472,1.472,1.437,1.448,-0.046,-3.079,6657.69,966.537
150179.SZ,20170811,1.021,1.008,1.034,1.008,1.016,-0.005,-0.4897,541.03,55.512
150180.SZ,20170811,1.246,1.245,1.278,1.236,1.275,0.029,2.3274,2332.97,290.644
150181.SZ,20170811,0.974,0.974,0.979,0.973,0.975,0.001,0.1027,594041.26,58024.078
150182.SZ,20170811,0.837,0.85,0.861,0.816,0.828,-0.009,-1.0753,561115.63,47280.657
150184.SZ,20170811,1.008,1.002,1.006,1.001,1.006,-0.002,-0.1984,769.43,77.089
150185.SZ,20170811,0.789,0.782,0.79,0.774,0.774,-0.015,-1.9011,9910.64,773.894
150186.SZ,20170811,0.948,0.947,0.952,0.947,0.949,0.001,0.1055,70103.09,6660.663
150187.SZ,20170811,0.624,0.616,0.648,0.607,0.625,0.001,0.1603,28037.53,1762.546
150188.SZ,20170811,1.003,1.003,1.004,1.002,1.003,0.0,0.0,3565.63,357.624
150189.SZ,20170811,0.93,0.892,0.892,0.89,0.891,-0.039,-4.1935,70.2,6.257
150190.SZ,20170811,1.06,1.058,1.058,1.049,1.049,-0.011,-1.0377,125.64,13.291
150191.SZ,20170811,1.08,1.055,1.072,1.051,1.071,-0.009,-0.8333,607.69,64.242
150192.SZ,20170811,1.05,1.032,1.135,1.032,1.135,0.085,8.0952,39.1,4.107
150193.SZ,20170811,1.007,1.02,1.02,0.973,0.974,-0.033,-3.2771,913.67,89.716
150194.SZ,20170811,0.964,0.965,0.974,0.965,0.968,0.004,0.4149,10072.7,976.043
150195.SZ,20170811,1.107,1.102,1.117,1.08,1.085,-0.022,-1.9874,51531.76,5662.296
150196.SZ,20170811,1.145,1.13,1.151,1.06,1.144,-0.001,-0.0873,7247.0,829.722
150197.SZ,20170811,1.45,1.403,1.427,1.305,1.305,-0.145,-10.0,257125.64,35120.882
150198.SZ,20170811,1.153,1.154,1.154,1.153,1.153,0.0,0.0,1281.0,147.826
150199.SZ,20170811,1.025,1.02,1.02,0.98,0.983,-0.042,-4.0976,20742.84,2078.781
150200.SZ,20170811,0.977,0.977,0.98,0.977,0.978,0.001,0.1024,1166329.64,114105.983
150201.SZ,20170811,0.49,0.481,0.484,0.452,0.453,-0.037,-7.551,6780975.27,318526.189
150203.SZ,20170811,0.982,0.984,0.984,0.98,0.984,0.002,0.2037,212.0,20.84
150204.SZ,20170811,0.794,0.75,0.79,0.75,0.79,-0.004,-0.5038,3951.11,308.418
150205.SZ,20170811,0.963,0.962,0.968,0.961,0.964,0.001,0.1038,99294.18,9594.955
150206.SZ,20170811,1.026,1.029,1.068,1.01,1.019,-0.007,-0.6823,403883.91,42127.83
150208.SZ,20170811,0.473,0.465,0.466,0.452,0.453,-0.02,-4.2283,7223.0,333.554
150209.SZ,20170811,0.978,0.978,0.983,0.978,0.98,0.002,0.2045,184140.04,18060.031
150210.SZ,20170811,0.901,0.886,0.894,0.871,0.873,-0.028,-3.1077,247966.52,21839.55
150211.SZ,20170811,1.005,1.005,1.008,1.001,1.008,0.003,0.2985,45345.0,4566.857
150212.SZ,20170811,0.726,0.727,0.727,0.68,0.687,-0.039,-5.3719,194441.37,13775.438
150213.SZ,20170811,1.027,1.023,1.035,1.023,1.028,0.001,0.0974,18911.0,1943.263
150214.SZ,20170811,0.379,0.377,0.38,0.356,0.363,-0.016,-4.2216,64097.0,2367.837
150216.SZ,20170811,1.065,1.047,1.074,1.047,1.074,0.009,0.8451,122.0,12.776
150217.SZ,20170811,0.993,0.994,1.0,0.957,0.994,0.001,0.1007,1489.0,147.511
150218.SZ,20170811,0.613,0.612,0.612,0.572,0.572,-0.041,-6.6884,10429.98,621.522
150219.SZ,20170811,1.141,1.141,1.141,1.141,1.141,0.0,0.0,1.0,0.114
150220.SZ,20170811,0.801,0.795,0.8,0.788,0.79,-0.011,-1.3733,12564.02,992.455
150221.SZ,20170811,1.118,1.118,1.126,1.112,1.12,0.002,0.1789,192946.57,21645.912
150222.SZ,20170811,0.446,0.445,0.463,0.429,0.434,-0.012,-2.6906,2560749.98,114633.615
150223.SZ,20170811,1.115,1.113,1.117,1.109,1.117,0.002,0.1794,22831.0,2536.066
150224.SZ,20170811,0.908,0.903,0.903,0.866,0.868,-0.04,-4.4053,273132.29,24150.559
150226.SZ,20170811,1.251,1.253,1.257,1.251,1.255,0.004,0.3197,449.0,56.332
150227.SZ,20170811,0.979,0.979,0.984,0.979,0.981,0.002,0.2043,520729.73,51156.014
150228.SZ,20170811,0.909,0.901,0.901,0.865,0.879,-0.03,-3.3003,768733.48,67785.512
150229.SZ,20170811,1.088,1.05,1.136,1.03,1.072,-0.016,-1.4706,1152.0,120.018
150230.SZ,20170811,1.281,1.3,1.3,1.205,1.205,-0.076,-5.9329,6856.0,854.954
150231.SZ,20170811,1.034,1.059,1.059,1.05,1.05,0.016,1.5474,17.0,1.789
150232.SZ,20170811,1.096,1.098,1.118,1.059,1.09,-0.006,-0.5474,1151.4,127.231
150233.SZ,20170811,0.958,0.96,0.961,0.96,0.961,0.003,0.3132,282.0,27.098
150234.SZ,20170811,1.167,1.121,1.198,1.121,1.19,0.023,1.9709,53.64,6.027
150236.SZ,20170811,0.884,0.871,0.881,0.841,0.843,-0.041,-4.638,16720.39,1432.769
150238.SZ,20170811,1.081,1.106,1.106,1.081,1.081,0.0,0.0,350.75,37.918
150242.SZ,20170811,0.999,1.008,1.008,0.956,0.96,-0.039,-3.9039,1673.0,161.218
150244.SZ,20170811,0.602,0.602,0.62,0.59,0.597,-0.005,-0.8306,73161.22,4423.826
150245.SZ,20170811,1.074,0.97,1.146,0.97,1.146,0.072,6.7039,66.0,7.44
150246.SZ,20170811,0.921,0.95,0.95,0.897,0.906,-0.015,-1.6287,565.0,51.753
150247.SZ,20170811,1.023,1.023,1.024,1.023,1.023,0.0,0.0,7363.0,753.656
150248.SZ,20170811,0.83,0.811,0.834,0.811,0.818,-0.012,-1.4458,11093.97,908.812
150249.SZ,20170811,0.993,0.992,0.992,0.992,0.992,-0.001,-0.1007,15.0,1.488
150250.SZ,20170811,0.976,0.96,0.973,0.943,0.946,-0.03,-3.0738,838.0,79.928
150251.SZ,20170811,1.083,1.042,1.15,1.042,1.148,0.065,6.0018,85.0,9.493
150252.SZ,20170811,1.545,1.543,1.545,1.391,1.425,-0.12,-7.767,14720.17,2156.986
150255.SZ,20170811,0.953,0.954,0.956,0.952,0.955,0.002,0.2099,16996.14,1624.333
150256.SZ,20170811,0.899,0.855,0.875,0.855,0.863,-0.036,-4.0044,1616.61,140.628
150257.SZ,20170811,0.99,0.968,0.989,0.968,0.989,-0.001,-0.101,50.0,4.882
150258.SZ,20170811,0.966,0.941,0.941,0.941,0.941,-0.025,-2.588,50.0,4.705
150259.SZ,20170811,0.954,0.955,0.957,0.955,0.956,0.002,0.2096,26027.4,2487.62
150260.SZ,20170811,0.669,0.664,0.708,0.659,0.665,-0.004,-0.5979,1646.1,109.935
150261.SZ,20170811,1.039,1.044,1.047,1.041,1.043,0.004,0.385,8536.0,891.326
150262.SZ,20170811,0.702,0.699,0.699,0.685,0.687,-0.015,-2.1368,10780.5,745.73
150263.SZ,20170811,1.022,1.026,1.03,1.026,1.029,0.007,0.6849,957.02,98.191
150264.SZ,20170811,0.467,0.437,0.478,0.437,0.478,0.011,2.3555,802.0,35.051
150265.SZ,20170811,1.067,1.066,1.067,1.064,1.065,-0.002,-0.1874,1693.01,180.474
150266.SZ,20170811,1.318,1.309,1.322,1.281,1.301,-0.017,-1.2898,2909.26,380.624
150268.SZ,20170811,0.932,0.93,0.93,0.889,0.9,-0.032,-3.4335,1780.0,161.065
150269.SZ,20170811,1.011,1.004,1.012,0.992,1.003,-0.008,-0.7913,14104.0,1410.659
150270.SZ,20170811,1.92,1.92,1.92,1.83,1.836,-0.084,-4.375,40997.51,7641.86
150271.SZ,20170811,1.087,1.01,1.01,1.01,1.01,-0.077,-7.0837,488.85,49.373
150272.SZ,20170811,0.868,0.869,0.882,0.869,0.869,0.001,0.1152,343.09,29.823
150273.SZ,20170811,0.998,0.992,1.001,0.968,0.997,-0.001,-0.1002,979.0,97.728
150274.SZ,20170811,0.67,0.657,0.68,0.64,0.64,-0.03,-4.4776,4731.36,305.304
150275.SZ,20170811,0.975,0.974,0.978,0.974,0.975,0.0,0.0,63366.59,6190.802
150276.SZ,20170811,0.615,0.605,0.606,0.576,0.576,-0.039,-6.3415,127237.68,7512.202
150277.SZ,20170811,0.991,0.99,0.993,0.989,0.991,0.0,0.0,34118.08,3381.925
150278.SZ,20170811,0.531,0.526,0.529,0.51,0.514,-0.017,-3.2015,23278.27,1200.105
150281.SZ,20170811,1.048,1.052,1.052,1.052,1.052,0.004,0.3817,1.0,0.105
150282.SZ,20170811,0.55,0.549,0.549,0.515,0.545,-0.005,-0.9091,3729.88,196.229
150283.SZ,20170811,0.952,0.948,0.956,0.948,0.954,0.002,0.2101,2315.14,221.061
150284.SZ,20170811,0.78,0.703,0.776,0.703,0.776,-0.004,-0.5128,126.3,8.887
150287.SZ,20170811,1.057,1.045,1.056,1.045,1.056,-0.001,-0.0946,4678.06,493.347
150288.SZ,20170811,0.958,0.924,0.959,0.862,0.862,-0.096,-10.0209,174414.82,15584.238
150289.SZ,20170811,1.059,1.058,1.06,1.053,1.058,-0.001,-0.0944,69185.86,7318.164
150290.SZ,20170811,0.732,0.725,0.744,0.659,0.659,-0.073,-9.9727,551841.05,38366.509
150291.SZ,20170811,1.05,1.043,1.05,1.043,1.05,0.0,0.0,1811.0,189.989
150292.SZ,20170811,0.743,0.74,0.74,0.7,0.715,-0.028,-3.7685,11574.33,822.897
150294.SZ,20170811,1.104,0.997,1.016,0.997,1.016,-0.088,-7.971,375.91,37.573
150295.SZ,20170811,1.007,1.007,1.008,1.005,1.008,0.001,0.0993,2485.0,250.48
150296.SZ,20170811,0.988,0.968,0.985,0.956,0.969,-0.019,-1.9231,1865.76,180.054
150297.SZ,20170811,1.049,1.051,1.051,1.05,1.05,0.001,0.0953,168.0,17.656
150298.SZ,20170811,0.456,0.46,0.46,0.426,0.43,-0.026,-5.7018,265.0,12.141
150299.SZ,20170811,1.045,1.044,1.047,1.044,1.047,0.002,0.1914,53164.0,5558.751
150300.SZ,20170811,0.686,0.677,0.68,0.651,0.659,-0.027,-3.9359,122067.1,8082.912
150301.SZ,20170811,1.047,1.055,1.055,1.05,1.05,0.003,0.2865,14.0,1.471
150302.SZ,20170811,1.054,1.053,1.053,1.001,1.036,-0.018,-1.7078,1088.23,110.907
150303.SZ,20170811,1.039,1.037,1.04,1.031,1.039,0.0,0.0,27256.94,2825.96
150304.SZ,20170811,0.835,0.835,0.853,0.827,0.833,-0.002,-0.2395,74044.99,6206.269
150305.SZ,20170811,1.017,1.019,1.031,1.014,1.025,0.008,0.7866,3711.0,376.763
150306.SZ,20170811,0.519,0.505,0.521,0.49,0.5,-0.019,-3.6609,3838.88,194.243
150307.SZ,20170811,0.969,0.966,0.97,0.966,0.97,0.001,0.1032,1618.01,156.893
150308.SZ,20170811,1.06,1.072,1.072,1.031,1.056,-0.004,-0.3774,1222.73,127.001
150310.SZ,20170811,0.529,0.476,0.478,0.476,0.476,-0.053,-10.0189,184.7,8.801
150311.SZ,20170811,0.978,0.97,0.999,0.97,0.999,0.021,2.1472,114.03,11.391
150312.SZ,20170811,0.72,0.685,0.727,0.664,0.723,0.003,0.4167,354.04,25.21
150315.SZ,20170811,1.009,1.0,1.011,0.957,1.011,0.002,0.1982,56.0,5.616
150316.SZ,20170811,0.748,0.752,0.752,0.73,0.731,-0.017,-2.2727,2652.0,196.036
150317.SZ,20170811,1.038,1.034,1.036,1.034,1.036,-0.002,-0.1927,110.0,11.395
150318.SZ,20170811,0.86,0.82,0.82,0.82,0.82,-0.04,-4.6512,217.0,17.794
150321.SZ,20170811,1.183,1.189,1.19,1.179,1.186,0.003,0.2536,5033.0,598.284
150322.SZ,20170811,1.416,1.38,1.4,1.274,1.274,-0.142,-10.0282,11838.54,1569.136
150323.SZ,20170811,1.028,1.025,1.025,1.025,1.025,-0.003,-0.2918,887.0,90.917
150324.SZ,20170811,0.409,0.429,0.429,0.392,0.392,-0.017,-4.1565,215.0,9.135
150325.SZ,20170811,1.036,1.036,1.036,1.036,1.036,0.0,0.0,22.0,2.279
150326.SZ,20170811,0.918,0.958,0.958,0.912,0.954,0.036,3.9216,57.6,5.51
150328.SZ,20170811,1.16,1.15,1.162,1.149,1.15,-0.01,-0.8621,61.0,7.014
150329.SZ,20170811,1.005,1.004,1.1,0.973,1.004,-0.001,-0.0995,885.0,88.894
150330.SZ,20170811,1.34,1.328,1.328,1.271,1.293,-0.047,-3.5075,15033.0,1946.054
150331.SZ,20170811,1.048,1.049,1.051,1.047,1.051,0.003,0.2863,18650.0,1957.789
150332.SZ,20170811,0.372,0.371,0.375,0.352,0.352,-0.02,-5.3763,38955.0,1415.213
150335.SZ,20170811,1.024,1.023,1.027,1.023,1.026,0.002,0.1953,34630.0,3551.392
150336.SZ,20170811,0.346,0.346,0.362,0.338,0.34,-0.006,-1.7341,87780.4,3091.393
150343.SZ,20170811,1.054,1.054,1.054,1.054,1.054,0.0,0.0,34.0,3.583
150344.SZ,20170811,1.075,1.054,1.054,1.04,1.04,-0.035,-3.2558,584.0,60.872
159001.SZ,20170811,100.0,99.999,100.001,99.997,100.0,0.0,0.0,78088.64,780879.238
159003.SZ,20170811,100.0,99.995,99.996,99.987,99.99,-0.01,-0.01,66578.03,665724.223
159005.SZ,20170811,100.0,100.0,100.001,99.9,99.98,-0.02,-0.02,442440.45,4424403.813
159901.SZ,20170811,4.466,4.46,4.46,4.372,4.374,-0.092,-2.06,41459.47,18303.224
159902.SZ,20170811,3.372,3.359,3.376,3.302,3.302,-0.07,-2.0759,94680.09,31640.714
159903.SZ,20170811,1.121,1.117,1.12,1.107,1.113,-0.008,-0.7136,8328.92,925.494
159905.SZ,20170811,1.468,1.457,1.462,1.425,1.425,-0.043,-2.9292,22360.0,3235.194
159906.SZ,20170811,0.962,0.952,0.962,0.952,0.962,0.0,0.0,3.0,0.287
159907.SZ,20170811,1.439,1.424,1.437,1.41,1.412,-0.027,-1.8763,511.3,72.608
159908.SZ,20170811,1.372,1.368,1.368,1.343,1.364,-0.008,-0.5831,143.0,19.216
159909.SZ,20170811,5.055,5.128,5.128,4.966,4.966,-0.089,-1.7606,57.0,28.387
159910.SZ,20170811,1.61,1.6,1.6,1.575,1.575,-0.035,-2.1739,540.43,85.131
159911.SZ,20170811,4.127,3.98,4.056,3.98,4.056,-0.071,-1.7204,14.0,5.615
159912.SZ,20170811,1.298,1.298,1.303,1.261,1.283,-0.015,-1.1556,1062.0,135.574
159913.SZ,20170811,1.686,1.641,1.667,1.641,1.667,-0.019,-1.1269,20.0,3.331
159915.SZ,20170811,1.669,1.661,1.678,1.656,1.659,-0.01,-0.5992,1718932.46,286724.194
159918.SZ,20170811,1.814,1.802,1.811,1.792,1.792,-0.022,-1.2128,70.0,12.561
159919.SZ,20170811,4.052,4.041,4.041,3.98,3.986,-0.066,-1.6288,186075.61,74597.612
159920.SZ,20170811,1.475,1.454,1.475,1.438,1.44,-0.035,-2.3729,5990432.0,868305.064
159921.SZ,20170811,1.492,1.481,1.481,1.461,1.461,-0.031,-2.0777,212.0,31.09
159922.SZ,20170811,6.422,6.37,6.409,6.285,6.285,-0.137,-2.1333,2250.04,1426.737
159923.SZ,20170811,1.497,1.483,1.497,1.478,1.481,-0.016,-1.0688,297.43,44.032
159924.SZ,20170811,1.43,1.424,1.424,1.383,1.415,-0.015,-1.049,1357.0,193.075
159925.SZ,20170811,1.545,1.545,1.548,1.519,1.52,-0.025,-1.6181,2369.0,362.425
159927.SZ,20170811,3.749,3.658,3.746,3.656,3.746,-0.003,-0.08,1152.0,421.249
159928.SZ,20170811,1.87,1.866,1.87,1.804,1.813,-0.057,-3.0481,1699.74,313.533
159929.SZ,20170811,1.454,1.454,1.454,1.436,1.439,-0.015,-1.0316,1257.0,181.254
159930.SZ,20170811,0.88,0.852,0.877,0.852,0.855,-0.025,-2.8409,535.0,46.34
159931.SZ,20170811,1.595,1.61,1.61,1.573,1.574,-0.021,-1.3166,275.0,43.444
159932.SZ,20170811,1.713,1.72,1.72,1.713,1.713,0.0,0.0,62.32,10.689
159933.SZ,20170811,1.777,1.768,1.768,1.768,1.768,-0.009,-0.5065,7.0,1.237
159934.SZ,20170811,2.738,2.748,2.759,2.748,2.754,0.016,0.5844,166906.0,45948.052
159936.SZ,20170811,1.562,1.539,1.546,1.526,1.546,-0.016,-1.0243,65.0,9.982
159937.SZ,20170811,2.758,2.769,2.776,2.767,2.77,0.012,0.4351,141696.0,39287.028
159938.SZ,20170811,1.273,1.272,1.276,1.263,1.268,-0.005,-0.3928,24461.0,3106.845
159939.SZ,20170811,1.043,1.043,1.045,1.036,1.036,-0.007,-0.6711,3831.0,398.776
159940.SZ,20170811,0.903,0.897,0.906,0.885,0.896,-0.007,-0.7752,1064.0,94.54
159941.SZ,20170811,1.294,1.283,1.283,1.264,1.27,-0.024,-1.8547,3472.01,440.333
159942.SZ,20170811,1.818,1.81,1.813,1.794,1.813,-0.005,-0.275,190.79,34.31
159943.SZ,20170811,11.097,10.991,10.991,10.88,10.88,-0.217,-1.9555,474.75,518.078
159944.SZ,20170811,0.969,0.959,0.961,0.939,0.94,-0.029,-2.9928,922.0,88.057
159945.SZ,20170811,0.775,0.77,0.77,0.75,0.75,-0.025,-3.2258,805.04,60.725
159946.SZ,20170811,1.14,1.091,1.121,1.091,1.119,-0.021,-1.8421,988.01,108.84
159948.SZ,20170811,1.811,1.791,1.816,1.778,1.801,-0.01,-0.5522,5428.71,982.971
159949.SZ,20170811,0.694,0.69,0.7,0.689,0.692,-0.002,-0.2882,81921.01,5691.127
159950.SZ,20170811,1.062,1.054,1.054,1.049,1.049,-0.013,-1.2241,280.0,29.402
159951.SZ,20170811,0.956,0.95,0.956,0.95,0.951,-0.005,-0.523,16836.72,1605.833
159952.SZ,20170811,0.982,0.978,0.987,0.972,0.977,-0.005,-0.5092,243142.13,23847.736
159953.SZ,20170811,0.98,0.962,0.973,0.962,0.965,-0.015,-1.5306,9692.26,941.56
160105.SZ,20170811,1.024,1.015,1.019,1.014,1.015,-0.009,-0.8789,81.0,8.221
160106.SZ,20170811,1.271,1.264,1.271,1.24,1.264,-0.007,-0.5507,1007.0,126.336
160119.SZ,20170811,1.545,1.477,1.551,1.477,1.517,-0.028,-1.8123,3806.0,572.124
160125.SZ,20170811,0.936,0.926,0.926,0.918,0.923,-0.013,-1.3889,4747.0,437.845
160128.SZ,20170811,0.99,0.99,0.99,0.976,0.981,-0.009,-0.9091,812.0,80.266
160130.SZ,20170811,0.945,0.945,0.945,0.945,0.945,0.0,0.0,2.0,0.189
160131.SZ,20170811,1.004,1.003,1.003,1.001,1.001,-0.003,-0.2988,781.0,78.224
160133.SZ,20170811,1.97,1.964,1.974,1.956,1.956,-0.014,-0.7107,956.28,187.524
160138.SZ,20170811,1.034,1.022,1.022,1.011,1.011,-0.023,-2.2244,144.0,14.578
160211.SZ,20170811,3.158,3.142,3.168,3.131,3.135,-0.023,-0.7283,2866.14,902.824
160212.SZ,20170811,2.604,2.596,2.61,2.582,2.582,-0.022,-0.8449,28080.13,7292.984
160215.SZ,20170811,1.486,1.474,1.481,1.458,1.458,-0.028,-1.8843,2817.0,414.044
160216.SZ,20170811,0.391,0.383,0.384,0.379,0.381,-0.01,-2.5575,186005.27,7097.785
160220.SZ,20170811,1.31,1.31,1.31,1.309,1.31,0.0,0.0,250.0,32.74
160223.SZ,20170811,0.828,0.821,0.84,0.821,0.829,0.001,0.1208,1194.1,98.596
160225.SZ,20170811,1.063,1.062,1.062,1.05,1.05,-0.013,-1.223,1109.0,116.577
160311.SZ,20170811,1.419,1.41,1.415,1.401,1.401,-0.018,-1.2685,1332.0,187.365
160314.SZ,20170811,1.067,1.06,1.065,1.056,1.056,-0.011,-1.0309,846.85,89.641
160322.SZ,20170811,1.238,1.224,1.225,1.219,1.22,-0.018,-1.454,2699.0,329.575
160323.SZ,20170811,0.944,0.937,0.939,0.937,0.939,-0.005,-0.5297,442.01,41.436
160324.SZ,20170811,0.923,0.918,0.92,0.91,0.91,-0.013,-1.4085,9276.16,847.849
160415.SZ,20170811,1.262,1.264,1.276,1.243,1.246,-0.016,-1.2678,2567.0,322.303
160416.SZ,20170811,0.888,0.886,0.887,0.878,0.879,-0.009,-1.0135,12204.66,1076.773
160421.SZ,20170811,0.817,0.801,0.815,0.8,0.81,-0.007,-0.8568,5452.54,441.283
160422.SZ,20170811,1.046,1.036,1.036,1.017,1.017,-0.029,-2.7725,790.08,81.806
160505.SZ,20170811,1.767,1.763,1.768,1.756,1.757,-0.01,-0.5659,17265.82,3040.054
160512.SZ,20170811,2.172,2.156,2.167,2.139,2.139,-0.033,-1.5193,1697.39,364.592
160515.SZ,20170811,0.997,0.994,0.997,0.993,0.993,-0.004,-0.4012,11258.0,1119.833
160518.SZ,20170811,0.923,0.92,0.924,0.914,0.918,-0.005,-0.5417,85324.29,7830.731
160519.SZ,20170811,0.891,0.881,0.89,0.88,0.884,-0.007,-0.7856,11340.0,1003.494
160522.SZ,20170811,0.934,0.926,0.926,0.926,0.926,-0.008,-0.8565,51.0,4.722
160607.SZ,20170811,0.722,0.722,0.727,0.72,0.72,-0.002,-0.277,3307.0,238.447
160610.SZ,20170811,1.048,1.036,1.036,1.032,1.033,-0.015,-1.4313,402.17,41.602
160611.SZ,20170811,0.802,0.799,0.811,0.797,0.811,0.009,1.1222,276.52,22.155
160613.SZ,20170811,1.42,1.404,1.404,1.404,1.404,-0.016,-1.1268,115.0,16.146
160615.SZ,20170811,1.499,1.489,1.489,1.486,1.488,-0.011,-0.7338,363.0,54.001
160616.SZ,20170811,1.328,1.321,1.321,1.306,1.306,-0.022,-1.6566,3.0,0.394
160635.SZ,20170811,0.989,0.995,0.995,0.986,0.987,-0.002,-0.2022,186.0,18.399
160643.SZ,20170811,1.017,1.017,1.039,1.017,1.017,0.0,0.0,3344.52,345.185
160706.SZ,20170811,1.064,1.064,1.064,1.045,1.045,-0.019,-1.7857,30683.36,3228.617
160716.SZ,20170811,1.427,1.422,1.424,1.408,1.409,-0.018,-1.2614,4644.78,658.685
160717.SZ,20170811,0.801,0.798,0.798,0.783,0.786,-0.015,-1.8727,14914.18,1175.461
160719.SZ,20170811,0.71,0.712,0.714,0.712,0.714,0.004,0.5634,11693.86,834.033
160720.SZ,20170811,1.071,1.077,1.077,1.069,1.07,-0.001,-0.0934,22.0,2.367
160722.SZ,20170811,0.949,0.946,0.947,0.946,0.946,-0.003,-0.3161,5907.84,559.043
160723.SZ,20170811,0.957,0.957,0.957,0.928,0.933,-0.024,-2.5078,2173.96,202.438
160805.SZ,20170811,0.827,0.81,0.821,0.81,0.817,-0.01,-1.2092,343.0,27.93
160806.SZ,20170811,1.344,1.339,1.37,1.319,1.324,-0.02,-1.4881,222.8,29.725
160812.SZ,20170811,1.446,1.434,1.434,1.432,1.432,-0.014,-0.9682,330.29,47.301
160813.SZ,20170811,0.799,0.799,0.799,0.786,0.789,-0.01,-1.2516,1573.34,124.116
160910.SZ,20170811,1.053,1.05,1.059,1.046,1.048,-0.005,-0.4748,563.15,59.092
160916.SZ,20170811,2.489,2.479,2.479,2.466,2.469,-0.02,-0.8035,906.62,224.047
160918.SZ,20170811,1.848,1.847,1.855,1.835,1.845,-0.003,-0.1623,1730.0,319.076
160919.SZ,20170811,1.232,1.214,1.222,1.199,1.199,-0.033,-2.6786,2367.0,285.827
160921.SZ,20170811,0.887,0.878,0.887,0.86,0.87,-0.017,-1.9166,2610.03,226.037
160922.SZ,20170811,1.076,1.077,1.077,1.044,1.062,-0.014,-1.3011,2489.41,264.39
161005.SZ,20170811,1.823,1.815,1.817,1.808,1.812,-0.011,-0.6034,1056.77,191.721
161010.SZ,20170811,1.083,1.089,1.089,1.077,1.078,-0.005,-0.4617,2505.0,269.962
161017.SZ,20170811,2.17,2.17,2.17,2.141,2.141,-0.029,-1.3364,686.27,147.664
161019.SZ,20170811,0.983,0.983,0.984,0.982,0.982,-0.001,-0.1017,11751.0,1155.186
161033.SZ,20170811,1.01,1.003,1.018,1.003,1.003,-0.007,-0.6931,297.0,29.978
161035.SZ,20170811,0.915,0.902,0.902,0.902,0.902,-0.013,-1.4208,16.0,1.443
161036.SZ,20170811,0.937,0.933,0.935,0.933,0.935,-0.002,-0.2134,511.02,47.771
161037.SZ,20170811,1.033,1.02,1.02,1.02,1.02,-0.013,-1.2585,1200.08,122.408
161115.SZ,20170811,1.338,1.338,1.338,1.332,1.332,-0.006,-0.4484,22.0,2.942
161116.SZ,20170811,0.724,0.727,0.728,0.725,0.726,0.002,0.2762,11186.96,812.406
161117.SZ,20170811,0.999,0.999,1.0,0.999,1.0,0.001,0.1001,296.0,29.59
161119.SZ,20170811,1.234,1.241,1.241,1.241,1.241,0.007,0.5673,1.0,0.124
161124.SZ,20170811,1.048,1.044,1.045,1.031,1.033,-0.015,-1.4313,3685.0,382.523
161125.SZ,20170811,1.038,1.027,1.032,1.022,1.031,-0.007,-0.6744,3837.05,395.066
161126.SZ,20170811,1.08,1.058,1.072,1.054,1.065,-0.015,-1.3889,997.0,105.742
161127.SZ,20170811,1.14,1.128,1.128,1.109,1.111,-0.029,-2.5439,5420.86,603.04
161128.SZ,20170811,1.105,1.09,1.09,1.078,1.079,-0.026,-2.3529,1314.65,142.619
161129.SZ,20170811,0.889,0.869,0.887,0.868,0.869,-0.02,-2.2497,832.0,72.613
161130.SZ,20170811,0.989,0.986,0.986,0.98,0.984,-0.005,-0.5056,3934.11,386.253
161210.SZ,20170811,1.008,0.998,1.008,0.993,0.993,-0.015,-1.4881,335.0,33.402
161216.SZ,20170811,1.048,1.044,1.044,1.044,1.044,-0.004,-0.3817,650.0,67.86
161217.SZ,20170811,0.803,0.797,0.8,0.764,0.764,-0.039,-4.8568,4740.45,372.524
161219.SZ,20170811,1.236,1.223,1.244,1.223,1.244,0.008,0.6472,36.0,4.432
161222.SZ,20170811,1.099,1.093,1.093,1.092,1.092,-0.007,-0.6369,90.0,9.829
161224.SZ,20170811,1.036,1.026,1.047,1.026,1.036,0.0,0.0,77.0,7.975
161225.SZ,20170811,1.136,1.114,1.153,1.114,1.12,-0.016,-1.4085,953.0,106.843
161226.SZ,20170811,0.908,0.906,0.907,0.902,0.903,-0.005,-0.5507,105945.0,9585.908
161227.SZ,20170811,0.963,0.955,0.961,0.947,0.95,-0.013,-1.3499,4489.32,428.326
161229.SZ,20170811,1.385,1.381,1.381,1.363,1.364,-0.021,-1.5162,884.0,120.982
161232.SZ,20170811,0.779,0.778,0.784,0.751,0.78,0.001,0.1284,99471.67,7675.627
161233.SZ,20170811,0.928,0.92,0.92,0.92,0.92,-0.008,-0.8621,241.01,22.172
161610.SZ,20170811,0.916,0.91,0.912,0.902,0.905,-0.011,-1.2009,2506.49,227.743
161614.SZ,20170811,1.027,1.027,1.027,1.027,1.027,0.0,0.0,4.0,0.41
161631.SZ,20170811,1.038,1.033,1.036,1.033,1.035,-0.003,-0.289,3815.85,394.467
161706.SZ,20170811,1.472,1.456,1.468,1.448,1.448,-0.024,-1.6304,202.0,29.299
161713.SZ,20170811,1.013,1.012,1.013,1.011,1.013,0.0,0.0,9907.0,1001.598
161714.SZ,20170811,0.95,0.945,0.945,0.921,0.923,-0.027,-2.8421,480.0,44.607
161715.SZ,20170811,1.198,1.19,1.19,1.136,1.146,-0.052,-4.3406,6919.45,810.864
161810.SZ,20170811,1.769,1.767,1.767,1.74,1.742,-0.027,-1.5263,792.13,138.709
161815.SZ,20170811,0.439,0.439,0.439,0.438,0.438,-0.001,-0.2278,2482.0,108.851
161820.SZ,20170811,1.07,1.069,1.069,1.068,1.068,-0.002,-0.1869,370.0,39.516
161831.SZ,20170811,0.982,0.976,0.976,0.965,0.965,-0.017,-1.7312,1422.0,137.812
161834.SZ,20170811,0.841,0.837,0.84,0.835,0.836,-0.005,-0.5945,24026.0,2009.634
161903.SZ,20170811,0.856,0.849,0.849,0.842,0.842,-0.014,-1.6355,289.0,24.401
161907.SZ,20170811,1.626,1.572,1.572,1.572,1.572,-0.054,-3.321,20.0,3.144
161911.SZ,20170811,0.979,0.98,0.982,0.979,0.979,0.0,0.0,18031.0,1767.192
162006.SZ,20170811,1.079,1.079,1.08,1.07,1.08,0.001,0.0927,842.0,90.705
162207.SZ,20170811,1.222,1.221,1.222,1.208,1.22,-0.002,-0.1637,719.0,87.37
162215.SZ,20170811,1.04,1.041,1.041,1.041,1.041,0.001,0.0962,210.0,21.861
162307.SZ,20170811,1.168,1.161,1.179,1.135,1.17,0.002,0.1712,143.0,16.549
162411.SZ,20170811,0.524,0.516,0.519,0.513,0.514,-0.01,-1.9084,1765729.23,91103.756
162415.SZ,20170811,1.165,1.153,1.153,1.101,1.146,-0.019,-1.6309,4174.0,476.299
162510.SZ,20170811,1.029,1.024,1.024,1.017,1.017,-0.012,-1.1662,160.86,16.393
162605.SZ,20170811,1.098,1.091,1.091,1.077,1.08,-0.018,-1.6393,1855.0,201.231
162607.SZ,20170811,0.523,0.522,0.531,0.52,0.521,-0.002,-0.3824,1824.0,95.213
162703.SZ,20170811,1.308,1.299,1.312,1.294,1.294,-0.014,-1.0703,4715.57,614.591
162711.SZ,20170811,1.325,1.321,1.321,1.305,1.307,-0.018,-1.3585,140.0,18.341
162712.SZ,20170811,1.415,1.414,1.415,1.414,1.415,0.0,0.0,263.0,37.188
162715.SZ,20170811,1.078,1.078,1.078,1.078,1.078,0.0,0.0,1.0,0.107
162718.SZ,20170811,0.919,0.915,0.918,0.912,0.916,-0.003,-0.3264,1470.31,134.655
162719.SZ,20170811,0.887,0.883,0.883,0.864,0.879,-0.008,-0.9019,3628.01,317.911
163001.SZ,20170811,0.892,0.89,0.891,0.89,0.891,-0.001,-0.1121,12.0,1.069
163003.SZ,20170811,0.822,0.822,0.822,0.822,0.822,0.0,0.0,104.0,8.548
163110.SZ,20170811,2.636,2.615,2.627,2.586,2.6,-0.036,-1.3657,3460.0,903.277
163111.SZ,20170811,1.072,1.068,1.07,1.044,1.053,-0.019,-1.7724,7665.02,813.119
163119.SZ,20170811,0.856,0.852,0.865,0.848,0.851,-0.005,-0.5841,554.0,47.094
163208.SZ,20170811,0.824,0.823,0.826,0.8,0.818,-0.006,-0.7282,1213.67,98.672
163210.SZ,20170811,1.036,1.036,1.036,1.033,1.033,-0.003,-0.2896,10588.86,1095.806
163302.SZ,20170811,1.307,1.327,1.327,1.292,1.3,-0.007,-0.5356,85.0,11.088
163402.SZ,20170811,1.052,1.048,1.052,1.042,1.042,-0.01,-0.9506,19313.19,2019.2
163407.SZ,20170811,1.666,1.66,1.666,1.64,1.644,-0.022,-1.3205,1710.84,282.84
163409.SZ,20170811,1.527,1.527,1.531,1.522,1.522,-0.005,-0.3274,301.0,45.937
163412.SZ,20170811,2.639,2.623,2.642,2.618,2.619,-0.02,-0.7579,3292.95,865.356
163415.SZ,20170811,1.278,1.272,1.275,1.26,1.262,-0.016,-1.252,1593.0,201.788
163503.SZ,20170811,0.488,0.485,0.485,0.472,0.478,-0.01,-2.0492,6906.56,330.756
163801.SZ,20170811,1.172,1.173,1.173,1.161,1.161,-0.011,-0.9386,5653.0,660.63
163821.SZ,20170811,1.489,1.512,1.512,1.464,1.465,-0.024,-1.6118,44.0,6.558
163824.SZ,20170811,1.038,1.038,1.038,1.038,1.038,0.0,0.0,4.0,0.415
164105.SZ,20170811,1.244,1.246,1.246,1.245,1.245,0.001,0.0804,28.0,3.488
164210.SZ,20170811,0.999,0.999,1.0,0.999,1.0,0.001,0.1001,4494.47,449.408
164403.SZ,20170811,0.965,0.952,0.974,0.952,0.952,-0.013,-1.3472,33.0,3.192
164701.SZ,20170811,0.613,0.614,0.615,0.613,0.615,0.002,0.3263,5997.61,368.715
164702.SZ,20170811,0.997,0.997,0.997,0.997,0.997,0.0,0.0,99.0,9.87
164703.SZ,20170811,1.018,1.015,1.021,1.015,1.021,0.003,0.2947,11.0,1.117
164705.SZ,20170811,1.167,1.152,1.152,1.138,1.139,-0.028,-2.3993,939.03,107.218
164810.SZ,20170811,0.962,0.962,0.965,0.962,0.965,0.003,0.3119,6616.0,638.384
164906.SZ,20170811,1.393,1.357,1.369,1.34,1.348,-0.045,-3.2304,22031.07,2981.703
165309.SZ,20170811,1.125,1.127,1.128,1.113,1.12,-0.005,-0.4444,51.0,5.719
165311.SZ,20170811,1.359,1.353,1.353,1.353,1.353,-0.006,-0.4415,5.0,0.676
165313.SZ,20170811,1.445,1.451,1.466,1.436,1.436,-0.009,-0.6228,634.0,92.618
165508.SZ,20170811,1.831,1.812,1.812,1.804,1.804,-0.027,-1.4746,2.0,0.361
165510.SZ,20170811,0.788,0.795,0.802,0.772,0.774,-0.014,-1.7766,2724.0,214.985
165512.SZ,20170811,2.398,2.408,2.423,2.362,2.362,-0.036,-1.5013,277.0,67.065
165513.SZ,20170811,0.434,0.433,0.434,0.43,0.433,-0.001,-0.2304,1358.0,58.591
165516.SZ,20170811,2.482,2.494,2.499,2.44,2.472,-0.01,-0.4029,31.0,7.663
165517.SZ,20170811,0.753,0.756,0.756,0.756,0.756,0.003,0.3984,1.0,0.075
165525.SZ,20170811,1.186,1.176,1.19,1.165,1.165,-0.021,-1.7707,2666.89,312.148
165528.SZ,20170811,0.975,0.969,0.97,0.946,0.958,-0.017,-1.7436,13341.04,1285.005
165807.SZ,20170811,1.05,1.048,1.048,1.048,1.048,-0.002,-0.1905,86.0,9.012
166001.SZ,20170811,1.135,1.138,1.138,1.119,1.119,-0.016,-1.4097,974.0,110.083
166006.SZ,20170811,1.182,1.176,1.182,1.175,1.175,-0.007,-0.5922,459.0,53.984
166007.SZ,20170811,1.321,1.314,1.314,1.314,1.314,-0.007,-0.5299,1.0,0.131
166011.SZ,20170811,1.231,1.235,1.235,1.228,1.228,-0.003,-0.2437,23.0,2.834
166016.SZ,20170811,1.143,1.119,1.119,1.119,1.119,-0.024,-2.0997,1.0,0.111
166401.SZ,20170811,1.041,1.041,1.041,1.041,1.041,0.0,0.0,1924.36,200.325
166402.SZ,20170811,1.041,1.013,1.03,1.0,1.027,-0.014,-1.3449,870.0,88.872
166902.SZ,20170811,1.007,1.008,1.008,1.007,1.007,0.0,0.0,67.0,6.752
166904.SZ,20170811,1.068,1.066,1.066,1.066,1.066,-0.002,-0.1873,400.0,42.64
167001.SZ,20170811,0.798,0.797,0.797,0.789,0.79,-0.008,-1.0025,26209.05,2077.453
167002.SZ,20170811,0.917,0.938,0.966,0.938,0.95,0.033,3.5987,265.2,25.344
167501.SZ,20170811,1.106,1.106,1.106,1.106,1.106,0.0,0.0,20.0,2.212
168101.SZ,20170811,0.995,0.998,0.998,0.988,0.99,-0.005,-0.5025,5623.0,556.631
168102.SZ,20170811,0.788,0.782,0.788,0.778,0.785,-0.003,-0.3807,11110.05,868.114
168103.SZ,20170811,0.741,0.738,0.741,0.736,0.736,-0.005,-0.6748,57374.4,4234.201
168105.SZ,20170811,0.774,0.773,0.773,0.76,0.768,-0.006,-0.7752,7047.15,540.351
168106.SZ,20170811,0.863,0.855,0.857,0.855,0.857,-0.006,-0.6952,337.0,28.849
168108.SZ,20170811,0.958,0.961,0.963,0.932,0.963,0.005,0.5219,619.0,58.682
168301.SZ,20170811,0.925,0.921,0.923,0.919,0.923,-0.002,-0.2162,4716.59,433.979
168401.SZ,20170811,0.896,0.886,0.889,0.886,0.889,-0.007,-0.7813,376.01,33.337
169101.SZ,20170811,1.494,1.481,1.49,1.47,1.48,-0.014,-0.9371,2288.0,338.285
169102.SZ,20170811,1.457,1.456,1.456,1.435,1.438,-0.019,-1.304,2529.0,365.399
169103.SZ,20170811,1.34,1.333,1.339,1.331,1.334,-0.006,-0.4478,427.0,57.031
169104.SZ,20170811,1.323,1.32,1.32,1.309,1.309,-0.014,-1.0582,447.55,58.778
169105.SZ,20170811,1.339,1.327,1.33,1.316,1.318,-0.021,-1.5683,82284.73,10877.111
184801.SZ,20170811,101.199,101.199,101.228,101.101,101.212,0.013,0.0128,16.0,161.87
501000.SH,20170811,1.113,1.111,1.122,1.111,1.122,0.009,0.8086,2.0,0.223
501001.SH,20170811,1.054,1.045,1.049,1.041,1.041,-0.013,-1.2334,2472.0,258.322
501002.SH,20170811,0.957,0.959,0.959,0.949,0.949,-0.008,-0.8359,77.0,7.355
501003.SH,20170811,1.007,1.007,1.009,1.007,1.007,0.0,0.0,119.0,11.993
501005.SH,20170811,0.915,0.919,0.919,0.906,0.911,-0.004,-0.4372,1664.0,151.586
501007.SH,20170811,0.9,0.892,0.9,0.892,0.893,-0.007,-0.7778,34.24,3.058
501008.SH,20170811,0.89,0.89,0.891,0.89,0.891,0.001,0.1124,79.0,7.038
501009.SH,20170811,0.999,0.989,0.995,0.979,0.98,-0.019,-1.9019,545.22,53.752
501010.SH,20170811,1.008,1.0,1.051,1.0,1.01,0.002,0.1984,239.62,24.294
501011.SH,20170811,1.02,1.013,1.013,1.011,1.011,-0.009,-0.8824,8.0,0.81
501015.SH,20170811,0.955,0.953,0.953,0.945,0.946,-0.009,-0.9424,145727.82,13841.854
501016.SH,20170811,1.073,1.07,1.07,1.06,1.06,-0.013,-1.2116,244.03,25.899
501017.SH,20170811,0.898,0.886,0.902,0.882,0.895,-0.003,-0.3341,4078.96,362.907
501018.SH,20170811,0.891,0.878,0.878,0.863,0.868,-0.023,-2.5814,59961.51,5212.647
501019.SH,20170811,0.86,0.86,0.864,0.841,0.856,-0.004,-0.4651,13287.46,1134.852
501020.SH,20170811,1.057,1.059,1.077,1.049,1.051,-0.006,-0.5676,593.0,63.423
501021.SH,20170811,1.28,1.269,1.269,1.24,1.244,-0.036,-2.8125,37143.0,4641.884
501022.SH,20170811,0.904,0.896,0.903,0.886,0.894,-0.01,-1.1062,2335.0,208.922
501023.SH,20170811,1.107,1.104,1.104,1.076,1.079,-0.028,-2.5294,6883.0,743.806
501025.SH,20170811,1.121,1.118,1.118,1.099,1.099,-0.022,-1.9625,947.0,104.506
501026.SH,20170811,0.871,0.862,0.866,0.86,0.86,-0.011,-1.2629,10151.0,876.078
501027.SH,20170811,0.968,0.953,0.953,0.953,0.953,-0.015,-1.5496,1600.0,152.48
501028.SH,20170811,0.898,0.901,0.901,0.888,0.891,-0.007,-0.7795,4614.38,412.696
501029.SH,20170811,1.066,1.066,1.066,1.053,1.053,-0.013,-1.2195,90630.96,9586.179
501030.SH,20170811,0.946,0.943,0.952,0.933,0.947,0.001,0.1057,264.0,24.826
501050.SH,20170811,1.116,1.111,1.115,1.1,1.103,-0.013,-1.1649,20034.6,2217.693
501300.SH,20170811,0.982,0.982,0.982,0.982,0.982,0.0,0.0,787.3,77.313
501301.SH,20170811,1.061,1.049,1.051,1.037,1.04,-0.021,-1.9793,4352.81,453.74
502000.SH,20170811,1.035,1.062,1.062,1.062,1.062,0.027,2.6087,1.0,0.106
502003.SH,20170811,0.935,0.93,0.948,0.925,0.93,-0.005,-0.5348,9837.76,922.85
502004.SH,20170811,0.959,0.959,0.961,0.956,0.96,0.001,0.1043,6282.11,602.672
502005.SH,20170811,0.911,0.912,0.945,0.901,0.903,-0.008,-0.8782,14061.25,1301.299
502006.SH,20170811,1.039,1.03,1.04,1.02,1.027,-0.012,-1.155,2264.68,233.09
502007.SH,20170811,1.053,1.055,1.055,1.055,1.055,0.002,0.1899,300.0,31.65
502008.SH,20170811,1.026,1.025,1.035,1.002,1.004,-0.022,-2.1442,6870.98,696.429
502010.SH,20170811,1.15,1.142,1.142,1.129,1.129,-0.021,-1.8261,266.06,30.165
502011.SH,20170811,0.964,0.965,0.965,0.963,0.963,-0.001,-0.1037,3932.0,378.852
502012.SH,20170811,1.336,1.331,1.331,1.298,1.313,-0.023,-1.7216,2435.08,319.17
502013.SH,20170811,0.854,0.85,0.864,0.834,0.835,-0.019,-2.2248,26345.94,2222.539
502014.SH,20170811,1.015,1.013,1.018,1.008,1.012,-0.003,-0.2956,15136.0,1536.091
502015.SH,20170811,0.693,0.689,0.689,0.653,0.658,-0.035,-5.0505,38937.0,2614.825
502016.SH,20170811,1.076,1.072,1.072,1.072,1.072,-0.004,-0.3717,3.0,0.322
502020.SH,20170811,1.359,1.349,1.349,1.339,1.339,-0.02,-1.4717,10.0,1.34
502023.SH,20170811,1.159,1.122,1.122,1.059,1.084,-0.075,-6.4711,2878.08,310.287
502025.SH,20170811,1.199,1.192,1.192,1.079,1.138,-0.061,-5.0876,880.0,96.213
502026.SH,20170811,0.847,0.839,0.839,0.829,0.829,-0.018,-2.1251,14.0,1.171
502028.SH,20170811,0.62,0.572,0.574,0.572,0.574,-0.046,-7.4194,140.0,8.022
502032.SH,20170811,0.951,0.921,0.969,0.92,0.969,0.018,1.8927,5.97,0.554
502036.SH,20170811,0.992,0.964,1.004,0.959,0.979,-0.013,-1.3105,67.0,6.48
502040.SH,20170811,1.12,1.106,1.106,1.106,1.106,-0.014,-1.25,7.0,0.774
502042.SH,20170811,1.042,1.05,1.05,1.041,1.041,-0.001,-0.096,101.0,10.577
502048.SH,20170811,1.29,1.285,1.285,1.273,1.274,-0.016,-1.2403,7445.25,950.802
502049.SH,20170811,1.082,1.08,1.087,1.076,1.08,-0.002,-0.1848,19083.36,2065.105
502050.SH,20170811,1.503,1.492,1.492,1.46,1.466,-0.037,-2.4617,21431.94,3147.751
502053.SH,20170811,0.997,0.981,0.981,0.959,0.968,-0.029,-2.9087,22.0,2.142
502055.SH,20170811,0.903,0.896,0.935,0.851,0.859,-0.044,-4.8726,7625.0,674.89
502056.SH,20170811,0.949,0.959,0.959,0.932,0.948,-0.001,-0.1054,217.0,20.568
502057.SH,20170811,1.047,1.04,1.04,1.04,1.04,-0.007,-0.6686,0.02,0.002
502058.SH,20170811,0.843,0.82,0.855,0.82,0.843,0.0,0.0,393.43,32.273
505888.SH,20170811,1.12,1.119,1.12,1.116,1.119,-0.001,-0.0893,276864.27,30973.723
510010.SH,20170811,1.105,1.099,1.146,1.08,1.08,-0.025,-2.2624,562.31,61.404
510020.SH,20170811,2.627,2.623,2.63,2.602,2.602,-0.025,-0.9517,46.0,12.044
510030.SH,20170811,4.725,4.646,4.69,4.63,4.639,-0.086,-1.8201,364.23,169.862
510050.SH,20170811,2.655,2.639,2.647,2.61,2.613,-0.042,-1.5819,3271999.01,858942.038
510060.SH,20170811,1.797,1.793,1.793,1.767,1.769,-0.028,-1.5582,2637.85,468.113
510070.SH,20170811,1.725,1.701,1.701,1.696,1.696,-0.029,-1.6812,134.0,22.791
510090.SH,20170811,1.559,1.514,1.534,1.489,1.503,-0.056,-3.592,289.0,43.365
510110.SH,20170811,3.439,3.41,3.68,3.41,3.539,0.1,2.9078,563.89,195.43
510120.SH,20170811,2.842,2.798,2.835,2.798,2.835,-0.007,-0.2463,84.25,23.577
510130.SH,20170811,3.91,3.899,3.899,3.86,3.86,-0.05,-1.2788,222.0,86.414
510150.SH,20170811,4.45,4.438,4.438,4.258,4.315,-0.135,-3.0337,70.0,30.396
510160.SH,20170811,0.614,0.613,0.613,0.6,0.6,-0.014,-2.2801,88697.0,5351.57
510170.SH,20170811,2.173,2.173,2.173,2.033,2.09,-0.083,-3.8196,1138.09,234.457
510180.SH,20170811,3.372,3.355,3.357,3.31,3.313,-0.059,-1.7497,259768.5,86533.13
510190.SH,20170811,3.462,3.404,3.445,3.404,3.422,-0.04,-1.1554,129.0,44.138
510210.SH,20170811,3.798,3.748,3.785,3.715,3.779,-0.019,-0.5003,26.0,9.696
510220.SH,20170811,4.13,4.14,4.14,4.046,4.138,0.008,0.1937,23.0,9.498
510230.SH,20170811,5.962,5.95,5.95,5.85,5.867,-0.095,-1.5934,3215.0,1891.074
510260.SH,20170811,1.152,1.148,1.16,1.148,1.16,0.008,0.6944,24.0,2.765
510270.SH,20170811,1.133,1.105,1.131,1.105,1.129,-0.004,-0.353,197.34,21.924
510280.SH,20170811,1.59,1.555,1.555,1.555,1.555,-0.035,-2.2013,33.0,5.132
510290.SH,20170811,1.575,1.57,1.57,1.545,1.545,-0.03,-1.9048,1239.0,193.294
510300.SH,20170811,3.772,3.748,3.756,3.695,3.7,-0.072,-1.9088,1816643.45,676532.342
510310.SH,20170811,1.579,1.573,1.573,1.548,1.548,-0.031,-1.9633,23187.0,3610.153
510330.SH,20170811,4.025,4.011,4.017,3.956,3.963,-0.062,-1.5404,33046.0,13182.908
510360.SH,20170811,1.168,1.168,1.168,1.148,1.148,-0.02,-1.7123,80061.0,9246.067
510410.SH,20170811,0.85,0.843,0.843,0.802,0.805,-0.045,-5.2941,26439.58,2173.797
510420.SH,20170811,1.497,1.485,1.485,1.485,1.485,-0.012,-0.8016,1.0,0.149
510430.SH,20170811,1.483,1.46,1.482,1.451,1.463,-0.02,-1.3486,15.0,2.194
510440.SH,20170811,1.83,1.82,1.82,1.819,1.819,-0.011,-0.6011,10.0,1.819
510500.SH,20170811,6.625,6.602,6.615,6.476,6.501,-0.124,-1.8717,468022.0,305962.301
510510.SH,20170811,1.746,1.746,1.746,1.708,1.712,-0.034,-1.9473,108303.0,18704.813
510520.SH,20170811,1.696,1.654,1.654,1.641,1.651,-0.045,-2.6533,82.0,13.538
510580.SH,20170811,6.288,6.068,6.202,6.068,6.1,-0.188,-2.9898,30.0,18.386
510630.SH,20170811,1.98,1.936,1.947,1.909,1.914,-0.066,-3.3333,2112.0,408.671
510650.SH,20170811,1.687,1.68,1.681,1.659,1.66,-0.027,-1.6005,935.0,155.546
510660.SH,20170811,1.661,1.665,1.671,1.653,1.663,0.002,0.1204,12154.0,2022.971
510680.SH,20170811,2.112,2.08,2.117,2.08,2.117,0.005,0.2367,22.0,4.58
510710.SH,20170811,2.7,2.69,2.69,2.654,2.658,-0.042,-1.5556,2959.0,789.485
510810.SH,20170811,0.999,0.997,0.997,0.985,0.988,-0.011,-1.1011,63162.0,6244.033
510880.SH,20170811,2.967,2.963,2.963,2.916,2.92,-0.047,-1.5841,101821.0,29812.224
510900.SH,20170811,1.181,1.161,1.174,1.153,1.155,-0.026,-2.2015,13170359.75,1530613.834
511010.SH,20170811,109.776,109.779,109.87,109.714,109.865,0.089,0.0811,73430.0,806350.229
511220.SH,20170811,93.218,93.183,93.287,93.15,93.25,0.032,0.0343,251.0,2340.421
511230.SH,20170811,99.8,99.8,99.8,99.8,99.8,0.0,0.0,3.2,31.936
511600.SH,20170811,99.998,100.001,100.01,100.001,100.009,0.011,0.011,6418.6,64191.196
511650.SH,20170811,99.998,100.003,100.008,100.001,100.008,0.01,0.01,30982.23,309836.157
511660.SH,20170811,100.01,100.015,100.026,100.015,100.024,0.014,0.014,149423.24,1494550.058
511680.SH,20170811,99.995,100.004,100.01,100.004,100.008,0.013,0.013,8513.46,85142.485
511690.SH,20170811,99.998,100.006,100.011,100.005,100.009,0.011,0.011,145503.19,1455164.462
511700.SH,20170811,100.02,100.02,100.033,100.02,100.028,0.008,0.008,1108.6,11089.213
511760.SH,20170811,99.981,99.931,99.931,99.914,99.931,-0.05,-0.05,2.12,21.185
511770.SH,20170811,100.0,100.004,100.009,100.001,100.006,0.006,0.006,1918.8,19189.288
511800.SH,20170811,100.011,100.008,100.016,100.005,100.011,0.0,0.0,3505.04,35054.729
511810.SH,20170811,100.013,100.015,100.026,100.015,100.026,0.013,0.013,187358.96,1874002.768
511820.SH,20170811,99.997,100.006,100.01,100.006,100.01,0.013,0.013,71080.47,710866.94
511830.SH,20170811,100.003,100.006,100.02,100.006,100.019,0.016,0.016,3173.56,31740.025
511850.SH,20170811,100.015,100.023,100.03,100.021,100.026,0.011,0.011,11548.11,115510.566
511860.SH,20170811,99.999,100.006,100.014,100.006,100.013,0.014,0.014,4393.32,43937.671
511880.SH,20170811,102.191,102.21,102.214,102.206,102.213,0.022,0.0215,607469.8,6209004.597
511890.SH,20170811,99.94,99.952,99.997,99.952,99.995,0.055,0.055,22.0,219.93
511900.SH,20170811,100.001,100.006,100.012,100.005,100.012,0.011,0.011,75031.47,750377.329
511910.SH,20170811,100.005,100.005,100.008,100.005,100.008,0.003,0.003,1004.0,10040.54
511920.SH,20170811,99.978,100.0,100.002,100.0,100.002,0.024,0.024,57.33,573.305
511930.SH,20170811,99.999,100.0,100.009,100.0,100.009,0.01,0.01,73.03,730.358
511950.SH,20170811,99.991,99.988,99.99,99.988,99.99,-0.001,-0.001,0.2,2.0
511960.SH,20170811,100.002,100.006,100.015,99.982,100.011,0.009,0.009,441.01,4410.347
511970.SH,20170811,99.997,100.0,100.009,100.0,100.008,0.011,0.011,3089.04,30891.811
511980.SH,20170811,100.0,100.0,100.02,100.0,100.007,0.007,0.007,6683.96,66844.78
511990.SH,20170811,100.011,100.018,100.025,100.018,100.022,0.011,0.011,936059.34,9362671.78
512000.SH,20170811,0.996,0.994,0.994,0.97,0.974,-0.022,-2.2088,102502.5,10057.268
512010.SH,20170811,1.468,1.458,1.467,1.444,1.456,-0.012,-0.8174,4268.0,620.607
512070.SH,20170811,1.906,1.895,1.896,1.868,1.869,-0.037,-1.9412,5904.0,1110.512
512100.SH,20170811,0.855,0.853,0.853,0.84,0.841,-0.014,-1.6374,9133.0,774.908
512120.SH,20170811,1.416,1.395,1.418,1.395,1.418,0.002,0.1412,33.0,4.619
512210.SH,20170811,1.758,1.736,1.736,1.716,1.716,-0.042,-2.3891,47.0,8.142
512220.SH,20170811,1.341,1.329,1.334,1.329,1.329,-0.012,-0.8949,8.0,1.064
512230.SH,20170811,1.284,1.27,1.321,1.259,1.306,0.022,1.7134,52581.0,6820.323
512300.SH,20170811,1.157,1.147,1.16,1.147,1.148,-0.009,-0.7779,1722.0,198.07
512310.SH,20170811,0.688,0.68,0.686,0.676,0.678,-0.01,-1.4535,7089.0,483.065
512330.SH,20170811,0.775,0.771,0.776,0.768,0.768,-0.007,-0.9032,12550.0,968.529
512340.SH,20170811,0.982,0.98,0.98,0.937,0.939,-0.043,-4.3788,13559.0,1296.714
512500.SH,20170811,3.049,3.03,3.041,3.0,3.01,-0.039,-1.2791,3241.88,978.874
512510.SH,20170811,1.288,1.285,1.286,1.26,1.261,-0.027,-2.0963,17577.97,2240.288
512550.SH,20170811,0.986,0.984,0.984,0.971,0.975,-0.011,-1.1156,55380.0,5396.973
512560.SH,20170811,1.006,1.004,1.03,0.997,1.0,-0.006,-0.5964,80485.0,8189.251
512570.SH,20170811,1.003,0.988,0.995,0.97,0.973,-0.03,-2.991,1044645.8,103065.73
512580.SH,20170811,0.968,0.969,0.97,0.959,0.96,-0.008,-0.8264,5080.0,489.621
512600.SH,20170811,1.888,1.884,1.893,1.839,1.893,0.005,0.2648,137.0,25.531
512610.SH,20170811,1.439,1.429,1.429,1.415,1.422,-0.017,-1.1814,595.0,84.29
512640.SH,20170811,1.811,1.783,1.784,1.779,1.779,-0.032,-1.767,95.0,16.913
512660.SH,20170811,0.884,0.889,0.9,0.876,0.883,-0.001,-0.1131,778122.0,69270.66
512680.SH,20170811,0.86,0.86,0.877,0.855,0.859,-0.001,-0.1163,163081.0,14161.828
512700.SH,20170811,0.979,0.978,0.978,0.956,0.964,-0.015,-1.5322,26835.0,2586.928
512800.SH,20170811,0.976,0.97,0.972,0.954,0.963,-0.013,-1.332,62864.34,6033.416
512810.SH,20170811,0.851,0.851,0.866,0.844,0.847,-0.004,-0.47,76250.0,6560.157
512880.SH,20170811,1.054,1.044,1.046,1.021,1.025,-0.029,-2.7514,376308.0,38962.74
512900.SH,20170811,1.005,1.002,1.002,0.978,0.979,-0.026,-2.5871,173944.0,17220.817
512990.SH,20170811,1.102,1.097,1.099,1.08,1.08,-0.022,-1.9964,15434.0,1684.259
513030.SH,20170811,1.097,1.088,1.088,1.068,1.077,-0.02,-1.8232,11768.0,1268.139
513050.SH,20170811,1.441,1.393,1.4,1.381,1.39,-0.051,-3.5392,313383.0,43648.383
513100.SH,20170811,2.066,2.03,2.034,2.02,2.031,-0.035,-1.6941,36471.0,7393.535
513500.SH,20170811,1.527,1.515,1.516,1.505,1.513,-0.014,-0.9168,9884.0,1494.251
513600.SH,20170811,2.43,2.407,2.407,2.375,2.38,-0.05,-2.0576,7784.0,1861.133
513660.SH,20170811,2.425,2.388,2.408,2.385,2.389,-0.036,-1.4845,3918.84,938.201
518800.SH,20170811,2.735,2.743,2.753,2.743,2.747,0.012,0.4388,547080.99,150386.674
518880.SH,20170811,2.749,2.758,2.767,2.758,2.763,0.014,0.5093,2680248.0,740661.602
