ts_code,trade_date,pre_close,open,high,low,close,change,pct_chg,vol,amount
150008.SZ,20170913,1.317,1.317,1.317,1.317,1.317,0.0,0.0,1.0,0.131
150009.SZ,20170913,1.126,1.127,1.127,1.127,1.127,0.001,0.0888,1.0,0.112
150012.SZ,20170913,1.026,1.024,1.025,1.023,1.025,-0.001,-0.0975,732.0,74.956
150013.SZ,20170913,1.386,1.388,1.41,1.388,1.41,0.024,1.7316,860.34,120.372
150016.SZ,20170913,1.066,1.07,1.07,1.065,1.065,-0.001,-0.0938,702.0,74.839
150017.SZ,20170913,1.22,1.222,1.225,1.22,1.225,0.005,0.4098,1349.44,164.937
150018.SZ,20170913,1.023,1.023,1.029,1.021,1.029,0.006,0.5865,23993.01,2456.796
150019.SZ,20170913,1.042,1.039,1.045,1.035,1.045,0.003,0.2879,179601.67,18692.125
150020.SZ,20170913,1.066,1.067,1.067,1.065,1.067,0.001,0.0938,20473.89,2182.501
150021.SZ,20170913,1.028,1.028,1.031,1.026,1.03,0.002,0.1946,16581.71,1703.762
150022.SZ,20170913,0.829,0.828,0.831,0.828,0.831,0.002,0.2413,191582.34,15904.297
150023.SZ,20170913,0.412,0.412,0.415,0.411,0.415,0.003,0.7282,337144.33,13927.567
150028.SZ,20170913,0.999,1.0,1.003,1.0,1.003,0.004,0.4004,233.03,23.308
150029.SZ,20170913,1.581,1.555,1.596,1.555,1.59,0.009,0.5693,208.66,33.037
150030.SZ,20170913,0.984,1.001,1.001,1.001,1.001,0.017,1.7276,1.64,0.164
150031.SZ,20170913,1.336,1.336,1.336,1.336,1.336,0.0,0.0,668.65,89.331
150032.SZ,20170913,1.018,1.018,1.018,1.018,1.018,0.0,0.0,100.0,10.18
150033.SZ,20170913,0.937,0.937,0.948,0.937,0.948,0.011,1.174,182.0,17.206
150040.SZ,20170913,1.049,1.049,1.049,1.049,1.049,0.0,0.0,4.3,0.451
150048.SZ,20170913,1.122,1.107,1.119,1.107,1.118,-0.004,-0.3565,102.0,11.293
150049.SZ,20170913,0.986,0.985,0.985,0.984,0.985,-0.001,-0.1014,678.01,66.783
150050.SZ,20170913,1.313,1.323,1.33,1.305,1.329,0.016,1.2186,1373.53,180.889
150051.SZ,20170913,0.986,0.986,0.99,0.986,0.989,0.003,0.3043,6433.3,635.869
150052.SZ,20170913,1.725,1.73,1.738,1.72,1.738,0.013,0.7536,8766.55,1513.231
150053.SZ,20170913,1.051,1.03,1.03,1.03,1.03,-0.021,-1.9981,54.0,5.562
150054.SZ,20170913,1.061,1.097,1.097,1.07,1.07,0.009,0.8483,830.0,90.916
150055.SZ,20170913,1.062,1.11,1.11,1.06,1.072,0.01,0.9416,1186.0,127.127
150056.SZ,20170913,1.534,1.519,1.544,1.519,1.54,0.006,0.3911,287.0,43.88
150057.SZ,20170913,1.132,1.11,1.11,1.11,1.11,-0.022,-1.9435,1.0,0.111
150058.SZ,20170913,1.124,1.115,1.13,1.115,1.13,0.006,0.5338,301.0,33.648
150059.SZ,20170913,1.09,1.085,1.085,1.072,1.072,-0.018,-1.6514,247.68,26.871
150060.SZ,20170913,1.62,1.55,1.619,1.55,1.607,-0.013,-0.8025,799.98,126.625
150064.SZ,20170913,1.038,1.049,1.049,1.049,1.049,0.011,1.0597,1.0,0.104
150084.SZ,20170913,1.28,1.202,1.244,1.202,1.244,-0.036,-2.8125,131.01,15.751
150090.SZ,20170913,1.066,1.053,1.065,1.053,1.065,-0.001,-0.0938,152.0,16.031
150091.SZ,20170913,1.079,1.077,1.077,1.043,1.05,-0.029,-2.6877,154.0,16.167
150093.SZ,20170913,1.057,0.967,1.057,0.967,1.057,0.0,0.0,52.0,5.046
150095.SZ,20170913,0.568,0.522,0.597,0.522,0.575,0.007,1.2324,105.0,5.904
150100.SZ,20170913,1.086,1.085,1.085,1.083,1.083,-0.003,-0.2762,497.0,53.879
150101.SZ,20170913,1.88,1.87,1.87,1.82,1.868,-0.012,-0.6383,3839.0,709.824
150104.SZ,20170913,1.048,1.021,1.064,1.02,1.064,0.016,1.5267,29.0,2.967
150106.SZ,20170913,1.117,1.117,1.124,1.115,1.115,-0.002,-0.1791,3043.0,339.957
150107.SZ,20170913,1.186,1.186,1.199,1.178,1.197,0.011,0.9275,4469.13,532.705
150112.SZ,20170913,1.031,1.045,1.045,1.045,1.045,0.014,1.3579,88.0,9.196
150113.SZ,20170913,1.637,1.609,1.621,1.609,1.621,-0.016,-0.9774,188.0,30.369
150117.SZ,20170913,1.05,1.047,1.049,1.047,1.048,-0.002,-0.1905,5975.47,626.605
150118.SZ,20170913,0.511,0.511,0.534,0.51,0.53,0.019,3.7182,279312.82,14654.179
150124.SZ,20170913,2.25,2.249,2.25,2.241,2.25,0.0,0.0,1443.0,324.425
150130.SZ,20170913,1.053,1.053,1.054,1.053,1.053,0.0,0.0,132334.01,13934.772
150131.SZ,20170913,0.524,0.524,0.529,0.522,0.529,0.005,0.9542,264688.81,13916.307
150135.SZ,20170913,1.017,1.021,1.021,1.021,1.021,0.004,0.3933,1.0,0.102
150136.SZ,20170913,0.92,0.918,0.918,0.918,0.918,-0.002,-0.2174,103.0,9.455
150146.SZ,20170913,0.529,0.53,0.53,0.503,0.503,-0.026,-4.9149,108.0,5.46
150148.SZ,20170913,1.095,1.066,1.071,1.066,1.071,-0.024,-2.1918,4065.15,433.505
150149.SZ,20170913,0.645,0.644,0.647,0.639,0.646,0.001,0.155,14081.97,905.437
150150.SZ,20170913,1.013,1.01,1.014,1.01,1.014,0.001,0.0987,94.0,9.527
150151.SZ,20170913,1.894,1.87,1.921,1.815,1.83,-0.064,-3.3791,3160.22,579.017
150152.SZ,20170913,1.008,1.008,1.009,1.006,1.009,0.001,0.0992,259414.62,26146.11
150153.SZ,20170913,0.666,0.665,0.672,0.662,0.67,0.004,0.6006,1545954.8,103122.46
150154.SZ,20170913,0.944,0.943,0.943,0.942,0.943,-0.001,-0.1059,8606.03,811.543
150156.SZ,20170913,1.014,1.021,1.021,1.015,1.015,0.001,0.0986,53262.0,5411.552
150157.SZ,20170913,1.005,1.003,1.004,1.003,1.004,-0.001,-0.0995,8938.0,897.293
150158.SZ,20170913,1.095,1.088,1.096,1.082,1.089,-0.006,-0.5479,18365.0,1997.54
150164.SZ,20170913,0.999,0.981,0.981,0.981,0.981,-0.018,-1.8018,58.0,5.689
150165.SZ,20170913,0.823,0.822,0.855,0.8,0.821,-0.002,-0.243,69.0,5.624
150167.SZ,20170913,1.06,1.043,1.058,1.022,1.058,-0.002,-0.1887,1715.35,181.053
150168.SZ,20170913,0.881,0.826,0.888,0.826,0.888,0.007,0.7946,1501.35,127.917
150169.SZ,20170913,0.993,0.993,0.993,0.989,0.989,-0.004,-0.4028,3185.0,315.583
150170.SZ,20170913,1.343,1.339,1.347,1.331,1.34,-0.003,-0.2234,3641.0,486.861
150171.SZ,20170913,0.976,0.976,0.977,0.975,0.977,0.001,0.1025,12084.21,1179.639
150172.SZ,20170913,1.263,1.265,1.266,1.251,1.256,-0.007,-0.5542,234411.38,29455.087
150173.SZ,20170913,0.992,0.992,0.992,0.987,0.988,-0.004,-0.4032,1377.0,136.083
150174.SZ,20170913,0.654,0.653,0.658,0.65,0.658,0.004,0.6116,976.41,63.977
150175.SZ,20170913,0.968,0.968,0.968,0.966,0.968,0.0,0.0,114435.62,11062.714
150176.SZ,20170913,1.021,1.024,1.024,1.012,1.02,-0.001,-0.0979,109302.6,11128.168
150178.SZ,20170913,1.658,1.643,1.666,1.635,1.645,-0.013,-0.7841,3007.65,495.253
150179.SZ,20170913,1.05,1.05,1.053,1.05,1.051,0.001,0.0952,380.04,39.992
150180.SZ,20170913,1.45,1.445,1.449,1.415,1.427,-0.023,-1.5862,560.49,80.759
150181.SZ,20170913,0.982,0.982,0.982,0.98,0.981,-0.001,-0.1018,78118.05,7662.454
150182.SZ,20170913,0.869,0.868,0.877,0.865,0.871,0.002,0.2301,176465.99,15362.538
150184.SZ,20170913,1.026,1.024,1.024,1.02,1.02,-0.006,-0.5848,500.55,51.177
150185.SZ,20170913,0.911,0.91,0.928,0.91,0.928,0.017,1.8661,29464.13,2701.11
150186.SZ,20170913,0.957,0.957,0.957,0.955,0.956,-0.001,-0.1045,17322.9,1655.904
150187.SZ,20170913,0.648,0.648,0.657,0.648,0.654,0.006,0.9259,7579.42,494.027
150188.SZ,20170913,1.01,1.007,1.01,1.007,1.009,-0.001,-0.099,5257.44,529.884
150189.SZ,20170913,1.002,0.951,0.98,0.951,0.98,-0.022,-2.1956,137.53,13.108
150190.SZ,20170913,1.045,1.045,1.046,1.043,1.045,0.0,0.0,2551.23,266.658
150191.SZ,20170913,1.28,1.244,1.268,1.244,1.268,-0.012,-0.9375,2288.44,288.519
150193.SZ,20170913,1.09,1.09,1.112,1.09,1.106,0.016,1.4679,2106.51,231.611
150194.SZ,20170913,0.999,1.004,1.007,1.002,1.007,0.008,0.8008,3832.64,384.561
150195.SZ,20170913,1.243,1.241,1.243,1.227,1.234,-0.009,-0.7241,31041.31,3827.071
150196.SZ,20170913,1.117,1.111,1.13,1.085,1.112,-0.005,-0.4476,4027.0,439.982
150197.SZ,20170913,1.614,1.606,1.64,1.592,1.638,0.024,1.487,136230.34,22048.882
150198.SZ,20170913,1.15,1.131,1.156,1.131,1.153,0.003,0.2609,6003.85,691.763
150199.SZ,20170913,0.986,0.986,1.029,0.986,1.022,0.036,3.6511,41996.74,4237.839
150200.SZ,20170913,0.982,0.982,0.982,0.981,0.981,-0.001,-0.1018,150136.0,14728.932
150201.SZ,20170913,0.568,0.567,0.572,0.558,0.565,-0.003,-0.5282,4107699.29,231887.792
150203.SZ,20170913,1.008,0.988,0.99,0.988,0.99,-0.018,-1.7857,6.03,0.596
150204.SZ,20170913,0.843,0.844,0.859,0.843,0.849,0.006,0.7117,559.16,47.355
150205.SZ,20170913,0.967,0.967,0.969,0.967,0.967,0.0,0.0,22265.86,2155.005
150206.SZ,20170913,1.023,1.027,1.035,1.023,1.025,0.002,0.1955,101015.23,10372.941
150207.SZ,20170913,1.138,1.252,1.252,1.042,1.24,0.102,8.9631,49.0,5.227
150208.SZ,20170913,0.505,0.514,0.514,0.506,0.514,0.009,1.7822,2404.64,122.542
150209.SZ,20170913,0.988,0.986,0.988,0.985,0.988,0.0,0.0,45734.32,4516.781
150210.SZ,20170913,0.916,0.911,0.92,0.911,0.918,0.002,0.2183,139291.37,12772.09
150211.SZ,20170913,1.035,1.034,1.037,1.028,1.029,-0.006,-0.5797,11259.19,1162.336
150212.SZ,20170913,0.963,0.953,1.005,0.938,1.002,0.039,4.0498,321927.62,31073.771
150213.SZ,20170913,1.033,1.033,1.033,1.028,1.033,0.0,0.0,6340.0,654.742
150214.SZ,20170913,0.484,0.488,0.491,0.474,0.49,0.006,1.2397,72841.56,3516.297
150215.SZ,20170913,1.028,1.105,1.105,1.08,1.08,0.052,5.0584,0.56,0.06
150216.SZ,20170913,1.262,1.182,1.283,1.182,1.201,-0.061,-4.8336,162.0,19.202
150217.SZ,20170913,1.013,1.005,1.017,1.005,1.009,-0.004,-0.3949,10590.45,1074.626
150218.SZ,20170913,0.767,0.767,0.788,0.747,0.788,0.021,2.7379,62612.32,4777.241
150219.SZ,20170913,1.13,1.173,1.173,1.173,1.173,0.043,3.8053,1.0,0.117
150220.SZ,20170913,0.829,0.829,0.829,0.825,0.829,0.0,0.0,2298.0,190.047
150221.SZ,20170913,1.114,1.114,1.114,1.113,1.113,-0.001,-0.0898,39249.0,4368.458
150222.SZ,20170913,0.475,0.476,0.482,0.474,0.476,0.001,0.2105,676092.0,32283.082
150223.SZ,20170913,1.129,1.128,1.13,1.125,1.126,-0.003,-0.2657,4530.6,511.086
150224.SZ,20170913,1.004,1.006,1.008,0.99,0.998,-0.006,-0.5976,239211.66,23908.829
150225.SZ,20170913,1.088,1.02,1.084,1.02,1.067,-0.021,-1.9301,248.0,25.712
150226.SZ,20170913,1.426,1.381,1.479,1.381,1.479,0.053,3.7167,54.73,8.087
150227.SZ,20170913,0.986,0.987,0.987,0.985,0.986,0.0,0.0,108999.22,10745.344
150228.SZ,20170913,0.961,0.961,0.961,0.952,0.954,-0.007,-0.7284,288768.0,27599.13
150229.SZ,20170913,1.015,1.016,1.036,1.016,1.03,0.015,1.4778,2899.0,297.252
150230.SZ,20170913,1.269,1.274,1.325,1.274,1.322,0.053,4.1765,7425.01,960.476
150232.SZ,20170913,1.24,1.14,1.239,1.14,1.237,-0.003,-0.2419,160.0,18.259
150233.SZ,20170913,0.958,0.956,0.958,0.956,0.958,0.0,0.0,220.85,21.155
150234.SZ,20170913,1.219,1.196,1.269,1.196,1.269,0.05,4.1017,331.48,40.091
150236.SZ,20170913,0.957,0.955,0.955,0.948,0.954,-0.003,-0.3135,6289.72,598.286
150237.SZ,20170913,1.072,1.051,1.051,1.051,1.051,-0.021,-1.959,0.06,0.006
150238.SZ,20170913,1.239,1.236,1.237,1.236,1.237,-0.002,-0.1614,84.06,10.392
150241.SZ,20170913,1.013,1.041,1.054,1.022,1.022,0.009,0.8885,88.0,9.128
150242.SZ,20170913,1.051,1.043,1.049,1.043,1.049,-0.002,-0.1903,388.0,40.671
150243.SZ,20170913,1.032,1.032,1.032,1.029,1.029,-0.003,-0.2907,61.0,6.294
150244.SZ,20170913,0.699,0.698,0.704,0.69,0.704,0.005,0.7153,66570.76,4649.445
150246.SZ,20170913,1.036,1.0,1.031,1.0,1.031,-0.005,-0.4826,1390.0,139.209
150247.SZ,20170913,1.034,1.034,1.034,1.028,1.028,-0.006,-0.5803,17.53,1.812
150248.SZ,20170913,0.895,0.899,0.913,0.885,0.907,0.012,1.3408,626.13,56.411
150250.SZ,20170913,1.015,1.02,1.02,1.02,1.02,0.005,0.4926,20.0,2.04
150251.SZ,20170913,1.054,1.036,1.159,1.016,1.072,0.018,1.7078,4599.04,477.373
150252.SZ,20170913,1.779,1.768,1.813,1.67,1.783,0.004,0.2248,11032.52,1962.797
150255.SZ,20170913,0.96,0.96,0.96,0.959,0.96,0.0,0.0,6195.01,594.104
150258.SZ,20170913,1.135,1.081,1.11,1.081,1.11,-0.025,-2.2026,101.0,10.921
150259.SZ,20170913,0.961,0.961,0.961,0.96,0.96,-0.001,-0.1041,7690.79,739.018
150260.SZ,20170913,0.763,0.763,0.764,0.754,0.764,0.001,0.1311,1448.04,110.102
150261.SZ,20170913,1.043,1.044,1.044,1.042,1.043,0.0,0.0,3097.35,322.769
150262.SZ,20170913,0.793,0.794,0.802,0.79,0.794,0.001,0.1261,4569.9,362.33
150263.SZ,20170913,1.047,1.035,1.036,1.035,1.036,-0.011,-1.0506,130.4,13.509
150264.SZ,20170913,0.508,0.48,0.509,0.48,0.508,0.0,0.0,131.0,6.615
150265.SZ,20170913,1.083,1.057,1.148,1.057,1.077,-0.006,-0.554,345.07,38.123
150266.SZ,20170913,1.339,1.331,1.345,1.329,1.34,0.001,0.0747,1685.56,225.155
150267.SZ,20170913,1.035,1.049,1.049,1.049,1.049,0.014,1.3527,10.0,1.049
150269.SZ,20170913,0.987,0.985,0.988,0.982,0.987,0.0,0.0,2271.28,223.507
150270.SZ,20170913,1.851,1.854,1.93,1.854,1.917,0.066,3.5656,45212.02,8598.304
150271.SZ,20170913,1.009,1.009,1.021,0.995,1.021,0.012,1.1893,848.26,85.55
150272.SZ,20170913,1.033,1.033,1.048,0.939,1.03,-0.003,-0.2904,970.62,99.947
150274.SZ,20170913,0.68,0.679,0.679,0.667,0.677,-0.003,-0.4412,1510.8,101.41
150275.SZ,20170913,0.982,0.981,0.982,0.98,0.982,0.0,0.0,45621.65,4473.491
150276.SZ,20170913,0.623,0.62,0.624,0.617,0.619,-0.004,-0.6421,39785.23,2465.698
150277.SZ,20170913,0.952,0.952,0.952,0.951,0.952,0.0,0.0,19839.0,1886.784
150278.SZ,20170913,0.584,0.577,0.585,0.577,0.583,-0.001,-0.1712,5193.61,302.114
150279.SZ,20170913,1.037,1.037,1.04,1.037,1.04,0.003,0.2893,1985.0,206.271
150280.SZ,20170913,0.932,0.85,0.954,0.85,0.93,-0.002,-0.2146,2135.22,186.218
150281.SZ,20170913,1.065,1.047,1.06,1.045,1.06,-0.005,-0.4695,200.0,20.944
150282.SZ,20170913,0.624,0.592,0.618,0.592,0.618,-0.006,-0.9615,24.0,1.48
150283.SZ,20170913,0.959,0.959,0.96,0.958,0.958,-0.001,-0.1043,848.09,81.253
150284.SZ,20170913,0.782,0.721,0.786,0.721,0.786,0.004,0.5115,3.05,0.237
150287.SZ,20170913,1.045,1.045,1.045,1.044,1.045,0.0,0.0,10739.11,1121.794
150288.SZ,20170913,0.989,0.985,1.015,0.975,1.007,0.018,1.82,122455.61,12269.213
150289.SZ,20170913,1.05,1.049,1.056,1.049,1.054,0.004,0.381,15260.09,1609.118
150290.SZ,20170913,0.778,0.773,0.801,0.758,0.79,0.012,1.5424,355178.34,27937.391
150291.SZ,20170913,1.05,1.05,1.052,1.05,1.05,0.0,0.0,10586.0,1112.116
150292.SZ,20170913,0.775,0.795,0.795,0.773,0.773,-0.002,-0.2581,13257.32,1025.814
150293.SZ,20170913,1.041,1.04,1.043,1.04,1.042,0.001,0.0961,570.82,59.485
150294.SZ,20170913,0.98,1.033,1.055,1.033,1.054,0.074,7.551,840.06,88.469
150295.SZ,20170913,1.011,1.01,1.011,1.01,1.011,0.0,0.0,2487.0,251.405
150296.SZ,20170913,0.997,0.988,1.008,0.985,1.004,0.007,0.7021,1125.88,112.864
150297.SZ,20170913,1.085,1.073,1.082,1.073,1.08,-0.005,-0.4608,451.0,48.597
150298.SZ,20170913,0.537,0.536,0.545,0.51,0.539,0.002,0.3724,809.16,43.119
150299.SZ,20170913,1.051,1.05,1.051,1.05,1.051,0.0,0.0,23457.0,2464.387
150300.SZ,20170913,0.731,0.731,0.732,0.723,0.725,-0.006,-0.8208,34461.0,2506.392
150301.SZ,20170913,1.079,1.07,1.07,1.07,1.07,-0.009,-0.8341,3.0,0.321
150302.SZ,20170913,1.175,1.15,1.173,1.144,1.164,-0.011,-0.9362,229.77,26.682
150303.SZ,20170913,1.033,1.031,1.031,1.031,1.031,-0.002,-0.1936,7.44,0.767
150304.SZ,20170913,0.939,0.939,0.94,0.932,0.936,-0.003,-0.3195,7296.38,682.691
150306.SZ,20170913,0.54,0.53,0.543,0.53,0.539,-0.001,-0.1852,419.0,22.537
150307.SZ,20170913,0.966,0.968,0.97,0.967,0.967,0.001,0.1035,595.11,57.661
150308.SZ,20170913,1.092,1.094,1.094,1.086,1.089,-0.003,-0.2747,537.67,58.815
150310.SZ,20170913,0.655,0.64,0.655,0.64,0.655,0.0,0.0,11.0,0.705
150311.SZ,20170913,1.013,1.008,1.008,0.981,0.987,-0.026,-2.5666,238.22,23.798
150312.SZ,20170913,0.855,0.77,0.859,0.77,0.85,-0.005,-0.5848,450.59,38.211
150315.SZ,20170913,1.03,1.03,1.05,1.03,1.05,0.02,1.9417,1.29,0.134
150316.SZ,20170913,0.875,0.875,0.875,0.849,0.866,-0.009,-1.0286,707.85,60.603
150321.SZ,20170913,1.181,1.181,1.187,1.181,1.181,0.0,0.0,5596.0,663.072
150322.SZ,20170913,1.65,1.678,1.678,1.611,1.658,0.008,0.4848,26930.69,4412.897
150323.SZ,20170913,1.049,1.046,1.046,1.046,1.046,-0.003,-0.286,4.0,0.418
150324.SZ,20170913,0.501,0.5,0.5,0.487,0.499,-0.002,-0.3992,1729.0,86.297
150325.SZ,20170913,1.039,1.037,1.037,1.037,1.037,-0.002,-0.1925,200.0,20.74
150326.SZ,20170913,0.979,1.0,1.0,0.98,0.998,0.019,1.9408,68.02,6.695
150328.SZ,20170913,1.376,1.348,1.374,1.31,1.372,-0.004,-0.2907,1307.12,176.498
150329.SZ,20170913,0.99,0.988,0.988,0.98,0.985,-0.005,-0.5051,7083.52,696.108
150330.SZ,20170913,1.504,1.493,1.533,1.47,1.51,0.006,0.3989,26773.53,4028.748
150331.SZ,20170913,1.06,1.059,1.059,1.058,1.059,-0.001,-0.0943,7110.02,752.438
150332.SZ,20170913,0.492,0.492,0.492,0.469,0.49,-0.002,-0.4065,23465.18,1139.512
150335.SZ,20170913,1.028,1.027,1.028,1.027,1.028,0.0,0.0,665.0,68.351
150336.SZ,20170913,0.375,0.38,0.385,0.376,0.379,0.004,1.0667,40716.0,1542.494
150343.SZ,20170913,1.058,1.065,1.065,1.056,1.056,-0.002,-0.189,264.0,27.913
150344.SZ,20170913,1.165,1.166,1.175,1.165,1.173,0.008,0.6867,334.35,39.068
159001.SZ,20170913,99.994,99.992,99.999,99.99,99.997,0.003,0.003,78836.04,788311.037
159003.SZ,20170913,99.995,99.992,100.0,99.992,100.0,0.005,0.005,60837.08,608345.167
159005.SZ,20170913,100.0,100.0,100.9,99.999,100.002,0.002,0.002,281230.25,2812303.027
159901.SZ,20170913,4.682,4.682,4.708,4.672,4.702,0.02,0.4272,28948.04,13573.936
159902.SZ,20170913,3.65,3.644,3.668,3.62,3.66,0.01,0.274,60256.62,21948.862
159903.SZ,20170913,1.19,1.189,1.195,1.184,1.192,0.002,0.1681,3920.0,465.448
159905.SZ,20170913,1.484,1.484,1.504,1.484,1.503,0.019,1.2803,21740.01,3252.241
159906.SZ,20170913,1.004,1.005,1.005,1.005,1.005,0.001,0.0996,7.0,0.703
159907.SZ,20170913,1.533,1.516,1.539,1.516,1.539,0.006,0.3914,228.0,35.051
159908.SZ,20170913,1.419,1.415,1.457,1.404,1.428,0.009,0.6342,1044.0,148.846
159909.SZ,20170913,5.493,5.43,5.43,5.43,5.43,-0.063,-1.1469,11.0,5.973
159910.SZ,20170913,1.681,1.672,1.679,1.672,1.679,-0.002,-0.119,72.0,12.039
159912.SZ,20170913,1.379,1.373,1.378,1.373,1.378,-0.001,-0.0725,50.0,6.866
159913.SZ,20170913,1.74,1.707,1.726,1.686,1.722,-0.018,-1.0345,1412.0,239.029
159915.SZ,20170913,1.793,1.792,1.798,1.784,1.797,0.004,0.2231,972239.31,174212.687
159916.SZ,20170913,3.55,3.748,3.748,3.415,3.68,0.13,3.662,3.0,1.084
159918.SZ,20170913,1.92,1.918,1.921,1.9,1.921,0.001,0.0521,226.0,43.019
159919.SZ,20170913,4.202,4.204,4.206,4.186,4.204,0.002,0.0476,37004.0,15539.519
159920.SZ,20170913,1.48,1.482,1.482,1.47,1.475,-0.005,-0.3378,1231642.04,181879.426
159921.SZ,20170913,1.573,1.562,1.562,1.55,1.562,-0.011,-0.6993,115.0,17.887
159922.SZ,20170913,6.953,6.79,6.947,6.79,6.905,-0.048,-0.6903,1265.0,870.95
159923.SZ,20170913,1.53,1.529,1.531,1.525,1.531,0.001,0.0654,795.0,121.535
159925.SZ,20170913,1.6,1.6,1.601,1.592,1.601,0.001,0.0625,831.92,132.856
159927.SZ,20170913,3.824,3.835,3.835,3.835,3.835,0.011,0.2877,1.0,0.383
159928.SZ,20170913,1.87,1.87,1.884,1.869,1.884,0.014,0.7487,1010.0,189.841
159929.SZ,20170913,1.46,1.452,1.465,1.452,1.463,0.003,0.2055,1382.02,201.875
159930.SZ,20170913,0.895,0.892,0.893,0.883,0.893,-0.002,-0.2235,3022.0,268.602
159931.SZ,20170913,1.67,1.67,1.685,1.669,1.669,-0.001,-0.0599,93.0,15.53
159932.SZ,20170913,1.835,1.835,1.84,1.82,1.836,0.001,0.0545,187.11,34.314
159933.SZ,20170913,1.875,1.851,1.919,1.851,1.869,-0.006,-0.32,72.0,13.557
159934.SZ,20170913,2.779,2.788,2.79,2.784,2.786,0.007,0.2519,55333.0,15415.505
159935.SZ,20170913,1.738,1.743,1.747,1.721,1.747,0.009,0.5178,510.5,88.945
159936.SZ,20170913,1.578,1.577,1.58,1.576,1.58,0.002,0.1267,42.0,6.622
159937.SZ,20170913,2.798,2.818,2.818,2.802,2.803,0.005,0.1787,133546.0,37462.476
159938.SZ,20170913,1.303,1.302,1.305,1.3,1.305,0.002,0.1535,10459.7,1362.289
159939.SZ,20170913,1.154,1.154,1.154,1.145,1.153,-0.001,-0.0867,12366.02,1419.506
159940.SZ,20170913,0.945,0.945,0.949,0.935,0.937,-0.008,-0.8466,482.0,45.152
159941.SZ,20170913,1.27,1.278,1.278,1.27,1.273,0.003,0.2362,1073.0,136.55
159942.SZ,20170913,1.978,1.969,1.98,1.95,1.967,-0.011,-0.5561,201.75,39.481
159943.SZ,20170913,11.58,11.519,11.669,11.519,11.669,0.089,0.7686,1284.19,1488.296
159944.SZ,20170913,1.04,1.017,1.04,1.017,1.04,0.0,0.0,10192.88,1056.573
159945.SZ,20170913,0.828,0.828,0.829,0.819,0.828,0.0,0.0,1175.14,96.778
159946.SZ,20170913,1.096,1.104,1.12,1.104,1.119,0.023,2.0985,522.06,57.829
159948.SZ,20170913,1.952,1.95,1.96,1.906,1.952,0.0,0.0,3517.16,685.679
159949.SZ,20170913,0.762,0.762,0.765,0.756,0.765,0.003,0.3937,198135.19,15063.898
159950.SZ,20170913,1.115,1.107,1.116,1.107,1.116,0.001,0.0897,200.0,22.227
159951.SZ,20170913,1.032,1.032,1.034,1.023,1.029,-0.003,-0.2907,17576.1,1808.692
159952.SZ,20170913,1.053,1.053,1.058,1.048,1.057,0.004,0.3799,108400.76,11419.327
159953.SZ,20170913,1.034,1.022,1.033,1.022,1.033,-0.001,-0.0967,4507.35,463.84
159955.SZ,20170913,1.031,1.035,1.036,1.028,1.032,0.001,0.097,15209.53,1568.254
160105.SZ,20170913,1.053,1.053,1.053,1.048,1.049,-0.004,-0.3799,356.87,37.407
160106.SZ,20170913,1.366,1.376,1.376,1.367,1.376,0.01,0.7321,1084.0,148.738
160119.SZ,20170913,1.625,1.624,1.633,1.621,1.632,0.007,0.4308,11557.0,1876.328
160125.SZ,20170913,0.947,0.95,0.952,0.946,0.946,-0.001,-0.1056,2541.0,241.369
160128.SZ,20170913,0.983,0.983,0.984,0.983,0.984,0.001,0.1017,7171.42,705.217
160133.SZ,20170913,2.015,2.016,2.024,2.014,2.024,0.009,0.4467,3104.89,626.887
160211.SZ,20170913,3.355,3.354,3.364,3.34,3.363,0.008,0.2385,2672.85,895.936
160212.SZ,20170913,2.773,2.773,2.773,2.737,2.772,-0.001,-0.0361,17603.61,4851.451
160215.SZ,20170913,1.666,1.666,1.671,1.654,1.668,0.002,0.12,10147.89,1688.852
160216.SZ,20170913,0.371,0.372,0.373,0.371,0.372,0.001,0.2695,88723.0,3299.203
160220.SZ,20170913,1.325,1.325,1.325,1.325,1.325,0.0,0.0,900.0,119.25
160223.SZ,20170913,0.887,0.898,0.898,0.873,0.876,-0.011,-1.2401,3775.11,330.193
160225.SZ,20170913,1.299,1.247,1.298,1.247,1.271,-0.028,-2.1555,5891.6,747.995
160311.SZ,20170913,1.49,1.485,1.495,1.485,1.492,0.002,0.1342,887.46,132.227
160314.SZ,20170913,1.12,1.125,1.125,1.111,1.123,0.003,0.2679,2092.83,234.187
160322.SZ,20170913,1.173,1.187,1.197,1.186,1.194,0.021,1.7903,8249.85,982.165
160323.SZ,20170913,0.958,0.957,0.963,0.957,0.961,0.003,0.3132,84.0,8.05
160324.SZ,20170913,0.926,0.927,0.934,0.927,0.933,0.007,0.7559,4146.82,386.069
160415.SZ,20170913,1.071,1.031,1.086,1.027,1.061,-0.01,-0.9337,1901.0,199.533
160416.SZ,20170913,0.871,0.876,0.878,0.875,0.876,0.005,0.5741,17191.0,1507.041
160421.SZ,20170913,0.92,0.92,0.92,0.91,0.919,-0.001,-0.1087,30642.27,2805.787
160422.SZ,20170913,1.112,1.112,1.112,1.109,1.109,-0.003,-0.2698,310.38,34.508
160505.SZ,20170913,1.901,1.908,1.908,1.9,1.902,0.001,0.0526,14973.02,2847.847
160512.SZ,20170913,2.277,2.289,2.3,2.289,2.3,0.023,1.0101,1149.94,264.049
160515.SZ,20170913,0.993,0.991,0.993,0.99,0.991,-0.002,-0.2014,10646.0,1054.549
160518.SZ,20170913,0.966,0.966,0.972,0.966,0.971,0.005,0.5176,173238.7,16804.933
160519.SZ,20170913,0.944,0.946,0.954,0.945,0.953,0.009,0.9534,33689.36,3204.157
160520.SZ,20170913,0.973,0.969,0.974,0.968,0.974,0.001,0.1028,9.0,0.872
160522.SZ,20170913,0.961,0.961,0.963,0.961,0.963,0.002,0.2081,2368.0,227.701
160607.SZ,20170913,0.765,0.766,0.766,0.763,0.766,0.001,0.1307,1066.42,81.629
160610.SZ,20170913,1.075,1.072,1.085,1.072,1.083,0.008,0.7442,4982.46,538.383
160611.SZ,20170913,0.845,0.844,0.85,0.843,0.85,0.005,0.5917,506.5,42.782
160613.SZ,20170913,1.408,1.419,1.419,1.419,1.419,0.011,0.7813,1.0,0.141
160616.SZ,20170913,1.408,1.404,1.404,1.404,1.404,-0.004,-0.2841,130.0,18.252
160617.SZ,20170913,1.003,1.005,1.005,1.005,1.005,0.002,0.1994,31.0,3.115
160621.SZ,20170913,1.074,1.072,1.072,1.071,1.071,-0.003,-0.2793,4389.0,470.171
160622.SZ,20170913,0.998,0.997,0.997,0.997,0.997,-0.001,-0.1002,3.0,0.299
160635.SZ,20170913,1.007,1.0,1.007,1.0,1.007,0.0,0.0,49.47,4.956
160642.SZ,20170913,0.928,0.928,0.934,0.928,0.934,0.006,0.6466,234.0,21.721
160643.SZ,20170913,1.039,1.038,1.039,1.031,1.031,-0.008,-0.77,683.01,70.872
160706.SZ,20170913,1.097,1.095,1.101,1.095,1.1,0.003,0.2735,17014.88,1868.981
160716.SZ,20170913,1.47,1.471,1.479,1.462,1.475,0.005,0.3401,1505.44,221.359
160717.SZ,20170913,0.81,0.81,0.81,0.806,0.808,-0.002,-0.2469,6843.0,552.481
160719.SZ,20170913,0.72,0.724,0.724,0.717,0.718,-0.002,-0.2778,2908.0,209.195
160720.SZ,20170913,1.067,1.078,1.078,1.078,1.078,0.011,1.0309,1.0,0.107
160722.SZ,20170913,0.978,0.98,0.983,0.98,0.983,0.005,0.5112,51985.34,5098.347
160723.SZ,20170913,0.914,0.917,0.919,0.917,0.917,0.003,0.3282,1343.0,123.235
160805.SZ,20170913,0.816,0.818,0.818,0.812,0.817,0.001,0.1225,339.03,27.647
160806.SZ,20170913,1.392,1.396,1.399,1.394,1.399,0.007,0.5029,2127.63,296.7
160807.SZ,20170913,1.279,1.276,1.276,1.276,1.276,-0.003,-0.2346,1.0,0.127
160810.SZ,20170913,1.19,1.187,1.187,1.187,1.187,-0.003,-0.2521,9.0,1.068
160812.SZ,20170913,1.487,1.487,1.491,1.485,1.488,0.001,0.0672,589.13,87.664
160813.SZ,20170913,0.807,0.797,0.804,0.797,0.804,-0.003,-0.3717,697.48,55.909
160910.SZ,20170913,1.091,1.077,1.082,1.077,1.082,-0.009,-0.8249,353.0,38.05
160916.SZ,20170913,2.593,2.59,2.593,2.575,2.593,0.0,0.0,2625.38,677.685
160918.SZ,20170913,1.904,1.89,1.901,1.885,1.901,-0.003,-0.1576,2081.09,393.992
160919.SZ,20170913,1.247,1.248,1.258,1.248,1.255,0.008,0.6415,2556.0,320.905
160921.SZ,20170913,0.909,0.903,0.905,0.903,0.905,-0.004,-0.44,613.01,55.424
160924.SZ,20170913,0.991,0.987,0.99,0.987,0.989,-0.002,-0.2018,20.0,1.976
161005.SZ,20170913,1.966,1.967,1.992,1.94,1.959,-0.007,-0.3561,4922.38,964.81
161010.SZ,20170913,1.096,1.094,1.099,1.094,1.098,0.002,0.1825,437.99,48.022
161017.SZ,20170913,2.26,2.26,2.268,2.253,2.268,0.008,0.354,730.11,165.279
161019.SZ,20170913,0.977,0.978,0.978,0.974,0.975,-0.002,-0.2047,9300.0,907.015
161033.SZ,20170913,1.192,1.2,1.2,1.13,1.174,-0.018,-1.5101,1568.19,183.867
161035.SZ,20170913,0.924,0.922,0.923,0.922,0.923,-0.001,-0.1082,421.18,38.867
161036.SZ,20170913,0.967,0.972,0.972,0.972,0.972,0.005,0.5171,1.0,0.097
161037.SZ,20170913,1.118,1.093,1.109,1.093,1.108,-0.01,-0.8945,168.0,18.535
161038.SZ,20170913,1.038,1.033,1.096,1.032,1.044,0.006,0.578,1811.04,187.894
161115.SZ,20170913,1.337,1.332,1.332,1.332,1.332,-0.005,-0.374,80.0,10.656
161116.SZ,20170913,0.725,0.726,0.727,0.725,0.726,0.001,0.1379,241.0,17.496
161117.SZ,20170913,1.007,1.03,1.03,1.009,1.009,0.002,0.1986,136.0,14.005
161119.SZ,20170913,1.234,1.253,1.253,1.236,1.236,0.002,0.1621,190.0,23.49
161124.SZ,20170913,1.055,1.059,1.064,1.058,1.061,0.006,0.5687,33811.22,3586.568
161125.SZ,20170913,1.017,1.019,1.02,1.017,1.02,0.003,0.295,3043.1,310.069
161126.SZ,20170913,1.103,1.105,1.109,1.105,1.109,0.006,0.544,200.0,22.1
161127.SZ,20170913,1.215,1.204,1.211,1.202,1.202,-0.013,-1.07,351.0,42.273
161128.SZ,20170913,1.126,1.104,1.116,1.103,1.116,-0.01,-0.8881,1294.0,143.33
161129.SZ,20170913,0.858,0.862,0.865,0.861,0.864,0.006,0.6993,1648.01,142.156
161130.SZ,20170913,0.977,0.98,0.981,0.98,0.981,0.004,0.4094,1306.0,128.088
161210.SZ,20170913,0.997,0.997,0.998,0.997,0.997,0.0,0.0,261.0,26.029
161213.SZ,20170913,1.628,1.512,1.527,1.484,1.487,-0.141,-8.6609,158.0,23.616
161216.SZ,20170913,1.051,1.053,1.095,1.052,1.052,0.001,0.0951,503.0,54.571
161217.SZ,20170913,0.858,0.844,0.854,0.836,0.852,-0.006,-0.6993,594.0,50.317
161222.SZ,20170913,1.136,1.139,1.143,1.137,1.137,0.001,0.088,66.03,7.522
161224.SZ,20170913,1.08,1.071,1.078,1.071,1.078,-0.002,-0.1852,264.0,28.349
161225.SZ,20170913,1.2,1.196,1.197,1.195,1.197,-0.003,-0.25,622.06,74.412
161226.SZ,20170913,0.899,0.899,0.903,0.899,0.901,0.002,0.2225,33118.5,2983.228
161227.SZ,20170913,1.001,1.002,1.008,1.001,1.008,0.007,0.6993,7732.23,776.853
161229.SZ,20170913,1.39,1.393,1.393,1.386,1.387,-0.003,-0.2158,271.0,37.696
1612301.SZ,20170913,0.986,0.986,0.986,0.986,0.986,0.0,0.0,4.0,0.394
161232.SZ,20170913,0.847,0.849,0.851,0.848,0.85,0.003,0.3542,111466.13,9468.544
161607.SZ,20170913,1.201,1.196,1.2,1.196,1.2,-0.001,-0.0833,410.0,49.116
161610.SZ,20170913,0.943,0.942,0.946,0.941,0.946,0.003,0.3181,2373.77,223.938
161614.SZ,20170913,1.027,1.027,1.027,1.027,1.027,0.0,0.0,1.0,0.102
161631.SZ,20170913,1.107,1.102,1.102,1.094,1.1,-0.007,-0.6323,9747.39,1070.932
161706.SZ,20170913,1.57,1.569,1.569,1.537,1.566,-0.004,-0.2548,670.78,103.175
161714.SZ,20170913,0.965,0.966,0.968,0.964,0.965,0.0,0.0,348.0,33.661
161715.SZ,20170913,1.244,1.244,1.257,1.244,1.256,0.012,0.9646,1415.56,177.066
161810.SZ,20170913,1.865,1.874,1.896,1.869,1.89,0.025,1.3405,511.14,96.19
161815.SZ,20170913,0.434,0.434,0.435,0.433,0.434,0.0,0.0,1995.0,86.501
161820.SZ,20170913,1.068,1.069,1.071,1.068,1.068,0.0,0.0,16511.0,1764.308
161831.SZ,20170913,0.999,0.992,1.004,0.991,0.996,-0.003,-0.3003,333.39,33.084
161834.SZ,20170913,0.878,0.878,0.881,0.877,0.881,0.003,0.3417,15872.06,1395.157
161835.SZ,20170913,0.918,0.928,0.928,0.925,0.925,0.007,0.7625,1919.17,177.62
161903.SZ,20170913,0.879,0.879,0.883,0.877,0.883,0.004,0.4551,2356.82,207.492
161907.SZ,20170913,1.647,1.649,1.652,1.643,1.652,0.005,0.3036,41.0,6.738
161911.SZ,20170913,0.979,0.979,0.98,0.978,0.979,0.0,0.0,50321.68,4922.089
162006.SZ,20170913,1.119,1.118,1.119,1.112,1.119,0.0,0.0,604.25,67.416
162105.SZ,20170913,1.097,1.093,1.093,1.093,1.093,-0.004,-0.3646,1.0,0.109
162207.SZ,20170913,1.264,1.26,1.265,1.26,1.265,0.001,0.0791,503.0,63.379
162215.SZ,20170913,1.053,1.05,1.05,1.048,1.048,-0.005,-0.4748,13847.0,1451.786
162411.SZ,20170913,0.495,0.502,0.503,0.5,0.501,0.006,1.2121,1318521.93,66105.689
162414.SZ,20170913,1.128,1.13,1.13,1.129,1.129,0.001,0.0887,506.0,57.158
162415.SZ,20170913,1.122,1.125,1.129,1.124,1.127,0.005,0.4456,650.0,73.164
162605.SZ,20170913,1.089,1.086,1.096,1.086,1.096,0.007,0.6428,20.0,2.181
162607.SZ,20170913,0.574,0.572,0.576,0.572,0.576,0.002,0.3484,5457.51,313.914
162703.SZ,20170913,1.392,1.413,1.413,1.39,1.407,0.015,1.0776,1618.32,226.363
162711.SZ,20170913,1.394,1.398,1.4,1.398,1.398,0.004,0.2869,69.0,9.655
162712.SZ,20170913,1.416,1.416,1.416,1.415,1.415,-0.001,-0.0706,6739.0,953.948
162717.SZ,20170913,0.968,0.949,0.951,0.949,0.95,-0.018,-1.8595,1399.0,133.024
162718.SZ,20170913,0.925,0.987,0.987,0.921,0.926,0.001,0.1081,2504.45,244.128
162719.SZ,20170913,0.837,0.844,0.848,0.844,0.846,0.009,1.0753,6242.25,528.117
163001.SZ,20170913,0.937,0.912,0.919,0.912,0.919,-0.018,-1.921,4.0,0.366
163003.SZ,20170913,0.626,0.626,0.626,0.626,0.626,0.0,0.0,17.6,1.101
163005.SZ,20170913,0.83,0.825,0.83,0.825,0.83,0.0,0.0,146.0,12.045
163110.SZ,20170913,2.72,2.718,2.732,2.714,2.732,0.012,0.4412,3452.17,940.366
163111.SZ,20170913,1.148,1.148,1.15,1.142,1.15,0.002,0.1742,2900.68,332.297
163119.SZ,20170913,0.903,0.902,0.909,0.899,0.902,-0.001,-0.1107,854.59,77.059
163208.SZ,20170913,0.794,0.796,0.797,0.791,0.796,0.002,0.2519,487.0,38.684
163210.SZ,20170913,1.029,1.028,1.03,1.025,1.026,-0.003,-0.2915,5554.0,569.87
163302.SZ,20170913,1.32,1.321,1.321,1.32,1.32,0.0,0.0,9.0,1.188
163402.SZ,20170913,0.821,0.817,0.821,0.817,0.82,-0.001,-0.1218,29492.99,2414.589
163407.SZ,20170913,1.73,1.724,1.728,1.723,1.728,-0.002,-0.1156,272.0,46.89
163409.SZ,20170913,1.576,1.572,1.572,1.572,1.572,-0.004,-0.2538,1.0,0.157
163412.SZ,20170913,2.743,2.743,2.754,2.734,2.753,0.01,0.3646,8853.29,2432.477
163415.SZ,20170913,1.335,1.342,1.351,1.338,1.35,0.015,1.1236,3448.9,462.884
163503.SZ,20170913,0.512,0.512,0.516,0.512,0.516,0.004,0.7813,6897.67,354.34
163801.SZ,20170913,1.209,1.21,1.218,1.21,1.218,0.009,0.7444,1033.06,125.422
163821.SZ,20170913,1.542,1.529,1.529,1.529,1.529,-0.013,-0.8431,10.0,1.529
163827.SZ,20170913,1.046,1.047,1.049,1.047,1.049,0.003,0.2868,260.0,27.261
163907.SZ,20170913,1.043,1.043,1.043,1.043,1.043,0.0,0.0,95.0,9.908
164105.SZ,20170913,1.278,1.248,1.248,1.248,1.248,-0.03,-2.3474,1.0,0.124
164206.SZ,20170913,1.05,1.051,1.051,1.051,1.051,0.001,0.0952,3719.0,390.866
164208.SZ,20170913,1.137,1.138,1.138,1.138,1.138,0.001,0.088,287.0,32.66
164210.SZ,20170913,1.0,0.999,1.0,0.999,1.0,0.0,0.0,258.08,25.801
164302.SZ,20170913,1.02,1.022,1.022,1.021,1.022,0.002,0.1961,6111.34,624.11
164403.SZ,20170913,0.966,0.967,0.982,0.966,0.982,0.016,1.6563,1259.0,122.748
164701.SZ,20170913,0.622,0.623,0.623,0.623,0.623,0.001,0.1608,2.0,0.124
164702.SZ,20170913,0.991,0.988,0.991,0.98,0.991,0.0,0.0,1730.56,170.975
164705.SZ,20170913,1.16,1.166,1.167,1.165,1.167,0.007,0.6034,803.98,93.722
164810.SZ,20170913,0.961,0.959,0.959,0.959,0.959,-0.002,-0.2081,9265.0,888.513
164812.SZ,20170913,0.948,0.947,0.947,0.947,0.947,-0.001,-0.1055,82.7,7.831
164906.SZ,20170913,1.377,1.381,1.388,1.378,1.381,0.004,0.2905,10274.15,1419.642
165313.SZ,20170913,1.48,1.489,1.489,1.482,1.483,0.003,0.2027,771.0,114.719
165508.SZ,20170913,1.92,1.904,1.921,1.904,1.92,0.0,0.0,3.0,0.574
165509.SZ,20170913,1.101,1.096,1.096,1.095,1.095,-0.006,-0.545,61.0,6.685
165510.SZ,20170913,0.821,0.828,0.834,0.825,0.828,0.007,0.8526,673.0,55.628
165512.SZ,20170913,2.484,2.481,2.495,2.463,2.463,-0.021,-0.8454,216.0,53.887
165513.SZ,20170913,0.434,0.433,0.434,0.43,0.43,-0.004,-0.9217,2932.0,126.592
165516.SZ,20170913,2.553,2.556,2.556,2.556,2.556,0.003,0.1175,20.0,5.112
165525.SZ,20170913,1.203,1.21,1.22,1.2,1.207,0.004,0.3325,8675.16,1055.714
165528.SZ,20170913,1.029,1.029,1.036,1.029,1.036,0.007,0.6803,116674.51,12062.621
166001.SZ,20170913,1.173,1.173,1.174,1.173,1.173,0.0,0.0,451.02,52.929
166006.SZ,20170913,1.106,1.102,1.107,1.102,1.107,0.001,0.0904,13.0,1.434
166007.SZ,20170913,1.344,1.394,1.394,1.342,1.347,0.003,0.2232,57.0,7.793
166009.SZ,20170913,2.142,2.156,2.156,2.156,2.156,0.014,0.6536,1.0,0.215
166011.SZ,20170913,1.259,1.268,1.268,1.263,1.263,0.004,0.3177,459.17,58.151
166016.SZ,20170913,1.133,1.139,1.139,1.128,1.139,0.006,0.5296,27.0,3.047
166402.SZ,20170913,1.043,1.039,1.049,1.039,1.046,0.003,0.2876,155.11,16.182
166904.SZ,20170913,1.068,1.073,1.073,1.067,1.067,-0.001,-0.0936,908.0,96.895
167001.SZ,20170913,0.839,0.84,0.843,0.84,0.843,0.004,0.4768,18253.33,1535.525
167003.SZ,20170913,0.94,0.98,0.98,0.941,0.941,0.001,0.1064,92054.0,9021.231
167501.SZ,20170913,1.11,1.11,1.11,1.109,1.11,0.0,0.0,26192.69,2906.497
168101.SZ,20170913,1.121,1.114,1.128,1.111,1.128,0.007,0.6244,21802.4,2436.172
168102.SZ,20170913,0.87,0.862,0.874,0.856,0.873,0.003,0.3448,17997.02,1560.734
168103.SZ,20170913,0.823,0.822,0.825,0.82,0.825,0.002,0.243,45495.29,3740.896
168104.SZ,20170913,0.962,0.96,0.978,0.96,0.977,0.015,1.5593,41.0,3.992
168106.SZ,20170913,0.882,0.882,0.885,0.882,0.885,0.003,0.3401,181.0,16.004
168108.SZ,20170913,0.94,0.912,0.942,0.882,0.939,-0.001,-0.1064,520.0,47.45
168301.SZ,20170913,0.94,0.939,0.94,0.936,0.94,0.0,0.0,8738.45,818.879
168401.SZ,20170913,0.91,0.912,0.921,0.912,0.921,0.011,1.2088,157.0,14.327
169101.SZ,20170913,1.541,1.54,1.551,1.535,1.549,0.008,0.5191,10010.45,1544.715
169102.SZ,20170913,1.572,1.552,1.571,1.551,1.57,-0.002,-0.1272,3522.4,552.576
169103.SZ,20170913,1.351,1.359,1.379,1.359,1.379,0.028,2.0725,5948.35,816.97
169104.SZ,20170913,1.32,1.331,1.351,1.331,1.351,0.031,2.3485,2605.4,350.067
169105.SZ,20170913,1.376,1.373,1.404,1.373,1.401,0.025,1.8169,146361.81,20411.057
169201.SZ,20170913,0.894,0.889,0.9,0.889,0.9,0.006,0.6711,623.14,55.9
184801.SZ,20170913,99.561,99.472,99.58,99.27,99.565,0.004,0.004,74.0,735.974
501000.SH,20170913,1.147,1.158,1.158,1.158,1.158,0.011,0.959,2.0,0.232
501001.SH,20170913,1.066,1.072,1.072,1.06,1.071,0.005,0.469,16307.66,1740.852
501002.SH,20170913,1.08,1.082,1.082,1.055,1.068,-0.012,-1.1111,791.0,83.624
501003.SH,20170913,1.022,1.05,1.05,1.005,1.045,0.023,2.2505,109.0,11.023
501005.SH,20170913,0.959,0.959,0.96,0.949,0.96,0.001,0.1043,3447.0,327.652
501008.SH,20170913,0.924,0.921,0.921,0.921,0.921,-0.003,-0.3247,4.0,0.368
501009.SH,20170913,1.069,1.069,1.069,1.048,1.066,-0.003,-0.2806,429.38,45.23
501010.SH,20170913,1.057,1.059,1.063,1.059,1.063,0.006,0.5676,44.34,4.701
501011.SH,20170913,1.016,1.02,1.022,1.02,1.022,0.006,0.5906,54.0,5.519
501012.SH,20170913,1.014,1.025,1.025,1.02,1.02,0.006,0.5917,36.0,3.675
501015.SH,20170913,0.967,0.966,0.966,0.964,0.966,-0.001,-0.1034,321547.72,31029.93
501016.SH,20170913,1.137,1.136,1.136,1.122,1.136,-0.001,-0.088,134.67,15.236
501017.SH,20170913,0.919,0.923,0.924,0.921,0.923,0.004,0.4353,21605.28,1993.224
501018.SH,20170913,0.86,0.861,0.862,0.859,0.861,0.001,0.1163,29134.34,2506.885
501019.SH,20170913,0.878,0.878,0.878,0.872,0.877,-0.001,-0.1139,5464.0,478.977
501020.SH,20170913,1.055,1.04,1.059,1.039,1.057,0.002,0.1896,2292.42,240.274
501021.SH,20170913,1.301,1.305,1.32,1.305,1.319,0.018,1.3836,28232.32,3707.66
501022.SH,20170913,0.915,0.916,0.927,0.912,0.926,0.011,1.2022,16941.22,1560.641
501023.SH,20170913,1.118,1.119,1.128,1.119,1.127,0.009,0.805,2550.42,286.579
501025.SH,20170913,1.128,1.123,1.13,1.123,1.127,-0.001,-0.0887,608.71,68.634
501026.SH,20170913,0.928,0.929,0.941,0.929,0.941,0.013,1.4009,109562.12,10279.715
501027.SH,20170913,0.975,0.975,0.977,0.97,0.977,0.002,0.2051,1657.0,161.308
501028.SH,20170913,0.944,0.945,0.952,0.945,0.951,0.007,0.7415,12385.48,1174.551
501029.SH,20170913,1.088,1.09,1.09,1.086,1.089,0.001,0.0919,17255.0,1877.187
501030.SH,20170913,1.006,0.997,1.009,0.997,1.008,0.002,0.1988,384.41,38.603
501031.SH,20170913,1.011,1.021,1.021,1.002,1.002,-0.009,-0.8902,31.84,3.192
501032.SH,20170913,0.985,0.985,0.985,0.984,0.985,0.0,0.0,2126.27,209.317
501050.SH,20170913,1.13,1.13,1.131,1.125,1.128,-0.002,-0.177,15727.84,1775.096
501300.SH,20170913,0.963,0.964,0.967,0.962,0.962,-0.001,-0.1038,1899.0,182.795
501301.SH,20170913,1.08,1.09,1.09,1.073,1.075,-0.005,-0.463,2420.0,260.434
502000.SH,20170913,1.063,1.06,1.06,1.049,1.056,-0.007,-0.6585,31.76,3.354
502002.SH,20170913,0.958,0.955,0.955,0.954,0.954,-0.004,-0.4175,370.0,35.328
502003.SH,20170913,0.96,0.96,0.963,0.953,0.959,-0.001,-0.1042,2195.73,210.396
502004.SH,20170913,0.969,0.97,0.97,0.967,0.969,0.0,0.0,8761.0,848.45
502005.SH,20170913,0.946,0.952,0.953,0.934,0.949,0.003,0.3171,12356.24,1168.599
502006.SH,20170913,1.05,1.05,1.052,1.045,1.052,0.002,0.1905,7217.86,758.108
502007.SH,20170913,1.017,1.016,1.023,1.014,1.018,0.001,0.0983,1541.64,156.793
502008.SH,20170913,1.081,1.071,1.088,1.071,1.082,0.001,0.0925,1922.86,208.335
502010.SH,20170913,1.23,1.222,1.248,1.222,1.223,-0.007,-0.5691,28.88,3.545
502011.SH,20170913,0.986,0.982,0.988,0.971,0.977,-0.009,-0.9128,211.0,20.602
502012.SH,20170913,1.47,1.421,1.477,1.421,1.454,-0.016,-1.0884,1974.72,288.236
502013.SH,20170913,0.886,0.883,0.887,0.883,0.886,0.0,0.0,31909.85,2825.138
502014.SH,20170913,1.011,1.011,1.011,1.009,1.011,0.0,0.0,23012.46,2324.475
502015.SH,20170913,0.759,0.757,0.763,0.754,0.762,0.003,0.3953,13361.5,1014.936
502020.SH,20170913,1.419,1.409,1.419,1.4,1.409,-0.01,-0.7047,1001.59,140.226
502022.SH,20170913,1.712,1.715,1.715,1.715,1.715,0.003,0.1752,83.0,14.235
502023.SH,20170913,1.13,1.139,1.16,1.119,1.156,0.026,2.3009,639.03,73.406
502025.SH,20170913,1.149,1.153,1.153,1.153,1.153,0.004,0.3481,7.0,0.807
502026.SH,20170913,0.863,0.855,0.863,0.855,0.863,0.0,0.0,28.27,2.433
502027.SH,20170913,1.036,1.049,1.049,1.049,1.049,0.013,1.2548,94.0,9.861
502028.SH,20170913,0.67,0.636,0.636,0.636,0.636,-0.034,-5.0746,1140.0,72.504
502032.SH,20170913,0.981,0.975,0.99,0.975,0.99,0.009,0.9174,1.16,0.114
502037.SH,20170913,1.039,1.038,1.038,1.038,1.038,-0.001,-0.0962,414.29,43.003
502042.SH,20170913,1.088,1.09,1.09,1.09,1.09,0.002,0.1838,31.0,3.379
502048.SH,20170913,1.35,1.336,1.341,1.335,1.335,-0.015,-1.1111,1749.84,234.491
502049.SH,20170913,1.032,1.03,1.03,1.026,1.026,-0.006,-0.5814,2253.69,231.766
502050.SH,20170913,1.656,1.646,1.659,1.64,1.657,0.001,0.0604,1739.68,286.733
502053.SH,20170913,1.039,1.036,1.036,1.036,1.036,-0.003,-0.2887,393.0,40.715
502054.SH,20170913,1.05,1.041,1.048,1.041,1.047,-0.003,-0.2857,713.0,74.675
502055.SH,20170913,1.024,1.024,1.032,1.02,1.028,0.004,0.3906,6692.0,685.168
502056.SH,20170913,0.989,0.983,0.998,0.983,0.995,0.006,0.6067,109.0,10.809
502058.SH,20170913,0.934,0.902,0.941,0.902,0.937,0.003,0.3212,374.0,33.99
505888.SH,20170913,1.115,1.114,1.116,1.112,1.116,0.001,0.0897,185015.35,20603.278
510010.SH,20170913,1.131,1.14,1.14,1.131,1.131,0.0,0.0,2.4,0.272
510020.SH,20170913,2.673,2.672,2.672,2.643,2.66,-0.013,-0.4863,33.0,8.751
510030.SH,20170913,4.842,4.93,4.93,4.826,4.826,-0.016,-0.3304,78.0,37.8
510050.SH,20170913,2.746,2.744,2.746,2.73,2.739,-0.007,-0.2549,3070605.83,840991.788
510060.SH,20170913,1.855,1.857,1.857,1.85,1.853,-0.002,-0.1078,1689.98,313.021
510070.SH,20170913,1.822,1.809,1.809,1.809,1.809,-0.013,-0.7135,2.0,0.362
510090.SH,20170913,1.538,1.536,1.556,1.536,1.556,0.018,1.1704,47.0,7.221
510110.SH,20170913,3.622,3.601,3.65,3.554,3.647,0.025,0.6902,583.0,209.615
510120.SH,20170913,2.96,2.949,3.089,2.949,2.949,-0.011,-0.3716,494.0,151.449
510130.SH,20170913,4.065,4.053,4.053,4.053,4.053,-0.012,-0.2952,50.0,20.265
510150.SH,20170913,4.385,4.38,4.404,4.342,4.381,-0.004,-0.0912,127.0,55.703
510160.SH,20170913,0.616,0.616,0.616,0.614,0.615,-0.001,-0.1623,80551.0,4952.801
510170.SH,20170913,2.263,2.237,2.278,2.237,2.278,0.015,0.6628,60.0,13.443
510180.SH,20170913,3.477,3.474,3.48,3.462,3.476,-0.001,-0.0288,74192.82,25769.965
510190.SH,20170913,3.796,3.796,3.796,3.703,3.703,-0.093,-2.4499,3.0,1.13
510210.SH,20170913,3.926,4.197,4.197,3.905,3.999,0.073,1.8594,50.0,19.625
510220.SH,20170913,4.299,4.297,4.3,4.215,4.294,-0.005,-0.1163,212.0,90.269
510230.SH,20170913,6.23,6.217,6.225,6.191,6.212,-0.018,-0.2889,609.72,379.058
510260.SH,20170913,1.23,1.216,1.23,1.216,1.22,-0.01,-0.813,250.4,30.544
510270.SH,20170913,1.143,1.143,1.143,1.13,1.142,-0.001,-0.0875,927.0,104.923
510280.SH,20170913,1.714,1.71,1.71,1.59,1.709,-0.005,-0.2917,134.0,22.352
510290.SH,20170913,1.644,1.646,1.652,1.644,1.652,0.008,0.4866,193.0,31.783
510300.SH,20170913,3.9,3.902,3.908,3.885,3.903,0.003,0.0769,593111.79,231145.734
510310.SH,20170913,1.63,1.626,1.636,1.626,1.631,0.001,0.0613,6697.0,1092.487
510330.SH,20170913,4.163,4.158,4.178,4.154,4.172,0.009,0.2162,29577.0,12332.533
510360.SH,20170913,1.205,1.206,1.21,1.202,1.208,0.003,0.249,11203.0,1352.552
510410.SH,20170913,0.882,0.882,0.897,0.88,0.887,0.005,0.5669,4605.39,407.214
510420.SH,20170913,1.553,1.55,1.555,1.55,1.555,0.002,0.1288,13.0,2.016
510430.SH,20170913,1.519,1.508,1.512,1.508,1.512,-0.007,-0.4608,2.0,0.302
510440.SH,20170913,1.9,1.864,1.885,1.864,1.885,-0.015,-0.7895,21.0,3.938
510500.SH,20170913,6.992,6.986,7.041,6.976,7.039,0.047,0.6722,191928.48,134594.416
510510.SH,20170913,1.841,1.883,1.883,1.84,1.85,0.009,0.4889,18665.0,3445.101
510560.SH,20170913,1.378,1.378,1.378,1.378,1.378,0.0,0.0,4.63,0.638
510580.SH,20170913,6.548,6.612,6.612,6.508,6.585,0.037,0.5651,7.08,4.629
510630.SH,20170913,1.978,1.987,2.014,1.987,2.006,0.028,1.4156,12640.0,2540.676
510650.SH,20170913,1.765,1.764,1.764,1.758,1.764,-0.001,-0.0567,3343.0,588.502
510660.SH,20170913,1.697,1.7,1.705,1.695,1.705,0.008,0.4714,2250.0,382.198
510680.SH,20170913,2.25,2.234,2.238,2.182,2.238,-0.012,-0.5333,76.0,16.696
510710.SH,20170913,2.802,2.799,2.802,2.789,2.799,-0.003,-0.1071,2122.0,593.491
510810.SH,20170913,1.022,1.02,1.02,1.015,1.016,-0.006,-0.5871,91229.0,9283.412
510880.SH,20170913,3.025,3.025,3.028,3.016,3.024,-0.001,-0.0331,17853.0,5394.837
510900.SH,20170913,1.2,1.199,1.201,1.188,1.193,-0.007,-0.5833,10716472.0,1279341.427
511010.SH,20170913,110.144,110.138,110.159,110.013,110.044,-0.1,-0.0908,65332.37,718976.592
511210.SH,20170913,110.8,110.1,110.79,110.1,110.12,-0.68,-0.6137,2.82,31.187
511220.SH,20170913,93.977,93.974,93.999,93.961,93.968,-0.009,-0.0096,753.4,7080.615
511230.SH,20170913,100.2,100.2,100.2,100.2,100.2,0.0,0.0,0.1,1.002
511260.SH,20170913,99.962,99.935,100.038,99.935,99.995,0.033,0.033,198.9,1989.393
511600.SH,20170913,99.993,99.992,99.994,99.99,99.994,0.001,0.001,1514.6,15144.838
511620.SH,20170913,99.987,99.987,99.989,99.984,99.989,0.002,0.002,559.83,5597.527
511650.SH,20170913,99.994,99.992,99.995,99.99,99.994,0.0,0.0,11537.61,115367.047
511660.SH,20170913,99.996,99.991,99.998,99.991,99.998,0.002,0.002,179404.47,1793943.772
511670.SH,20170913,99.99,99.988,99.99,99.985,99.985,-0.005,-0.005,2652.9,26525.57
511680.SH,20170913,99.991,99.992,99.992,99.992,99.992,0.001,0.001,8.22,82.193
511690.SH,20170913,99.994,99.99,99.999,99.989,99.996,0.002,0.002,241062.92,2410449.58
511700.SH,20170913,100.008,100.005,100.005,99.997,100.002,-0.006,-0.006,2524.21,25242.11
511770.SH,20170913,99.996,99.987,99.996,99.986,99.996,0.0,0.0,243.1,2430.788
511800.SH,20170913,99.996,99.99,99.996,99.988,99.994,-0.002,-0.002,1665.86,16657.458
511810.SH,20170913,99.996,99.992,100.006,99.991,100.0,0.004,0.004,103441.76,1034352.827
511820.SH,20170913,99.993,99.993,99.997,99.991,99.996,0.003,0.003,37118.07,371153.644
511830.SH,20170913,99.994,99.993,99.995,99.991,99.995,0.001,0.001,1911.05,19109.077
511850.SH,20170913,100.009,100.008,100.009,99.996,100.009,0.0,0.0,11379.38,113795.597
511860.SH,20170913,99.996,99.993,100.0,99.988,99.999,0.003,0.003,2536.71,25365.027
511880.SH,20170913,102.53,102.534,102.54,102.533,102.539,0.009,0.0088,656073.33,6727109.519
511890.SH,20170913,99.985,99.963,99.98,99.96,99.96,-0.025,-0.025,369.0,3688.814
511900.SH,20170913,99.995,99.994,99.996,99.992,99.996,0.001,0.001,46792.51,467896.929
511910.SH,20170913,99.993,99.992,99.993,99.992,99.993,0.0,0.0,63.17,631.653
511920.SH,20170913,99.984,99.982,99.982,99.982,99.982,-0.002,-0.002,0.01,0.1
511930.SH,20170913,99.978,99.981,100.102,99.981,99.989,0.011,0.011,205.0,2049.824
511950.SH,20170913,100.0,99.957,99.957,99.957,99.957,-0.043,-0.043,0.1,1.0
511960.SH,20170913,99.994,99.986,100.0,99.986,99.993,-0.001,-0.001,280.17,2801.54
511970.SH,20170913,99.992,99.996,99.996,99.992,99.993,0.001,0.001,420.0,4199.692
511980.SH,20170913,99.992,99.994,99.998,99.989,99.997,0.005,0.005,3844.07,38437.926
511990.SH,20170913,99.998,99.994,99.997,99.991,99.995,-0.003,-0.003,848855.28,8487990.163
512000.SH,20170913,1.059,1.053,1.063,1.052,1.055,-0.004,-0.3777,35601.93,3760.674
512010.SH,20170913,1.473,1.456,1.485,1.456,1.48,0.007,0.4752,2195.0,324.558
512070.SH,20170913,2.037,2.03,2.036,2.022,2.026,-0.011,-0.54,6263.0,1271.999
512100.SH,20170913,0.91,0.91,0.913,0.905,0.912,0.002,0.2198,4840.0,439.94
512120.SH,20170913,1.411,1.42,1.42,1.41,1.419,0.008,0.567,13.0,1.844
512210.SH,20170913,1.753,1.765,1.8,1.765,1.8,0.047,2.6811,5060.0,897.887
512220.SH,20170913,1.451,1.442,1.453,1.442,1.453,0.002,0.1378,39.0,5.661
512300.SH,20170913,1.185,1.187,1.19,1.185,1.189,0.004,0.3376,865.0,102.669
512310.SH,20170913,0.727,0.73,0.735,0.727,0.735,0.008,1.1004,2899.0,211.071
512330.SH,20170913,0.873,0.867,0.867,0.86,0.862,-0.011,-1.26,24976.0,2153.566
512340.SH,20170913,1.032,1.028,1.048,1.028,1.048,0.016,1.5504,7720.0,803.254
512400.SH,20170913,1.092,1.078,1.089,1.071,1.088,-0.004,-0.3663,258596.0,27945.071
512500.SH,20170913,3.268,3.248,3.4,3.238,3.286,0.018,0.5508,1470.98,484.311
512510.SH,20170913,1.36,1.362,1.444,1.359,1.369,0.009,0.6618,14074.0,1922.753
512550.SH,20170913,1.017,1.015,1.019,1.013,1.016,-0.001,-0.0983,9158.0,930.624
512560.SH,20170913,1.032,1.033,1.034,1.027,1.033,0.001,0.0969,18472.96,1902.88
512570.SH,20170913,1.059,1.059,1.062,1.054,1.055,-0.004,-0.3777,5815.0,613.717
512580.SH,20170913,1.046,1.045,1.055,1.044,1.055,0.009,0.8604,16030.0,1681.273
512600.SH,20170913,1.872,1.872,1.872,1.871,1.872,0.0,0.0,55.0,10.293
512610.SH,20170913,1.438,1.44,1.448,1.44,1.44,0.002,0.1391,124.0,17.869
512660.SH,20170913,0.909,0.907,0.914,0.907,0.911,0.002,0.22,213846.0,19474.05
512680.SH,20170913,0.882,0.882,0.889,0.882,0.884,0.002,0.2268,40537.0,3591.085
512700.SH,20170913,1.008,1.004,1.006,1.002,1.004,-0.004,-0.3968,19803.0,1987.671
512800.SH,20170913,1.004,1.003,1.003,0.998,1.002,-0.002,-0.1992,62013.0,6207.174
512810.SH,20170913,0.874,0.888,0.888,0.874,0.878,0.004,0.4577,4981.0,438.589
512880.SH,20170913,1.12,1.119,1.124,1.112,1.117,-0.003,-0.2679,173311.32,19361.055
512900.SH,20170913,1.069,1.066,1.071,1.062,1.065,-0.004,-0.3742,48827.0,5199.257
512990.SH,20170913,1.145,1.147,1.15,1.144,1.15,0.005,0.4367,9635.0,1105.22
513030.SH,20170913,1.114,1.115,1.116,1.108,1.11,-0.004,-0.3591,8477.0,941.612
513050.SH,20170913,1.423,1.432,1.433,1.426,1.427,0.004,0.2811,90558.0,12934.146
513100.SH,20170913,2.048,2.052,2.052,2.045,2.048,0.0,0.0,18343.0,3755.918
513500.SH,20170913,1.503,1.505,1.505,1.501,1.503,0.0,0.0,3585.0,538.581
513600.SH,20170913,2.429,2.422,2.431,2.422,2.43,0.001,0.0412,474.0,115.123
513660.SH,20170913,2.43,2.42,2.43,2.411,2.422,-0.008,-0.3292,2250.0,544.513
518800.SH,20170913,2.777,2.78,2.785,2.78,2.78,0.003,0.108,440805.0,122713.883
518880.SH,20170913,2.769,2.774,2.779,2.773,2.773,0.004,0.1445,3678098.65,1021249.324
168105.SZ,20170913,0.834,0.828,0.838,0.827,0.838,0.004,0.4796,5991.05,500.001
