ts_code,trade_date,pre_close,open,high,low,close,change,pct_chg,vol,amount
150008.SZ,20170504,1.223,1.249,1.249,1.15,1.223,0.0,0.0,159.0,19.819
150009.SZ,20170504,0.97,0.992,0.992,0.971,0.98,0.01,1.0309,1029.0,102.059
150012.SZ,20170504,1.048,1.046,1.145,1.043,1.049,0.001,0.0954,3612.0,390.135
150013.SZ,20170504,1.092,1.092,1.098,1.032,1.088,-0.004,-0.3663,1573.51,171.473
150016.SZ,20170504,1.045,1.05,1.05,1.01,1.05,0.005,0.4785,1107.84,115.549
150017.SZ,20170504,1.021,1.017,1.085,1.017,1.028,0.007,0.6856,1438.02,147.586
150018.SZ,20170504,1.034,1.032,1.035,1.031,1.032,-0.002,-0.1934,84614.57,8735.881
150019.SZ,20170504,0.803,0.801,0.806,0.796,0.798,-0.005,-0.6227,245458.05,19662.537
150020.SZ,20170504,1.046,1.046,1.047,1.046,1.047,0.001,0.0956,399.77,41.82
150021.SZ,20170504,0.983,0.98,0.982,0.978,0.98,-0.003,-0.3052,3327.0,326.299
150022.SZ,20170504,0.784,0.785,0.786,0.779,0.783,-0.001,-0.1276,351419.39,27550.384
150023.SZ,20170504,0.36,0.358,0.362,0.358,0.359,-0.001,-0.2778,279846.29,10073.776
150028.SZ,20170504,1.01,1.007,1.011,1.007,1.007,-0.003,-0.297,10889.57,1097.79
150029.SZ,20170504,1.378,1.37,1.39,1.37,1.38,0.002,0.1451,11525.21,1582.967
150030.SZ,20170504,1.05,1.079,1.079,1.024,1.04,-0.01,-0.9524,152.33,15.85
150031.SZ,20170504,1.05,1.004,1.05,1.004,1.05,0.0,0.0,118.44,12.359
150032.SZ,20170504,0.998,0.997,0.997,0.996,0.996,-0.002,-0.2004,3587.0,357.603
150033.SZ,20170504,0.921,0.921,0.927,0.921,0.925,0.004,0.4343,962.0,88.977
150036.SZ,20170504,1.038,1.041,1.041,1.041,1.041,0.003,0.289,40.0,4.164
150047.SZ,20170504,1.443,1.433,1.442,1.428,1.441,-0.002,-0.1386,67.64,9.727
150048.SZ,20170504,1.008,1.01,1.01,0.99,1.008,0.0,0.0,283.0,28.094
150049.SZ,20170504,1.002,1.0,1.0,0.998,0.999,-0.003,-0.2994,4202.0,419.868
150050.SZ,20170504,0.964,0.95,0.976,0.95,0.97,0.006,0.6224,1381.09,132.236
150051.SZ,20170504,1.024,1.026,1.026,1.023,1.024,0.0,0.0,18202.0,1864.156
150052.SZ,20170504,1.352,1.35,1.354,1.336,1.341,-0.011,-0.8136,23431.21,3149.651
150053.SZ,20170504,1.028,1.031,1.031,1.031,1.031,0.003,0.2918,12.0,1.237
150054.SZ,20170504,0.913,0.917,0.92,0.917,0.92,0.007,0.7667,38.0,3.49
150055.SZ,20170504,1.064,1.071,1.072,1.059,1.061,-0.003,-0.282,569.0,60.324
150056.SZ,20170504,1.415,1.375,1.414,1.375,1.411,-0.004,-0.2827,1400.0,195.199
150057.SZ,20170504,1.162,1.156,1.25,1.156,1.24,0.078,6.7126,342.0,42.191
150058.SZ,20170504,0.91,0.9,0.91,0.9,0.91,0.0,0.0,12.29,1.107
150060.SZ,20170504,0.977,0.96,0.96,0.948,0.959,-0.018,-1.8424,5877.18,558.521
150065.SZ,20170504,0.951,0.94,0.941,0.94,0.941,-0.01,-1.0515,184.63,17.373
150066.SZ,20170504,0.94,0.938,0.938,0.934,0.934,-0.006,-0.6383,607.0,56.773
150067.SZ,20170504,1.29,1.303,1.307,1.303,1.305,0.015,1.1628,174.0,22.699
150073.SZ,20170504,1.017,1.025,1.025,1.019,1.024,0.007,0.6883,424.25,43.454
150075.SZ,20170504,1.169,1.18,1.193,1.18,1.193,0.024,2.053,501.06,59.399
150076.SZ,20170504,1.002,1.003,1.007,1.002,1.002,0.0,0.0,1638.2,164.219
150077.SZ,20170504,1.203,1.226,1.229,1.226,1.229,0.026,2.1613,33.0,4.055
150085.SZ,20170504,1.052,1.052,1.053,1.048,1.05,-0.002,-0.1901,10820.1,1136.471
150086.SZ,20170504,0.931,0.93,0.946,0.918,0.927,-0.004,-0.4296,21652.75,2018.984
150090.SZ,20170504,1.061,1.055,1.07,1.039,1.067,0.006,0.5655,716.0,75.739
150091.SZ,20170504,0.871,0.889,0.891,0.888,0.891,0.02,2.2962,303.0,26.927
150092.SZ,20170504,1.04,1.042,1.052,1.042,1.051,0.011,1.0577,15.0,1.575
150093.SZ,20170504,0.893,0.889,0.907,0.889,0.907,0.014,1.5677,54.0,4.837
150094.SZ,20170504,1.034,1.019,1.026,1.019,1.019,-0.015,-1.4507,270.0,27.523
150095.SZ,20170504,0.444,0.43,0.437,0.43,0.437,-0.007,-1.5766,13.0,0.562
150097.SZ,20170504,0.959,0.95,0.956,0.936,0.952,-0.007,-0.7299,1100.0,104.175
150100.SZ,20170504,1.033,1.023,1.032,1.023,1.031,-0.002,-0.1936,5108.94,526.735
150101.SZ,20170504,1.217,1.211,1.22,1.173,1.178,-0.039,-3.2046,4958.18,594.572
150104.SZ,20170504,1.074,1.078,1.078,1.069,1.069,-0.005,-0.4655,12.0,1.284
150105.SZ,20170504,1.325,1.251,1.455,1.251,1.455,0.13,9.8113,226.17,29.893
150106.SZ,20170504,1.11,1.112,1.112,1.109,1.11,0.0,0.0,3612.0,401.065
150107.SZ,20170504,0.888,0.871,0.9,0.869,0.886,-0.002,-0.2252,5550.26,485.723
150108.SZ,20170504,1.071,1.071,1.072,1.071,1.072,0.001,0.0934,38.0,4.07
150109.SZ,20170504,0.944,0.85,0.938,0.85,0.938,-0.006,-0.6356,1.82,0.163
150117.SZ,20170504,1.062,1.05,1.059,1.05,1.059,-0.003,-0.2825,33723.0,3562.223
150118.SZ,20170504,0.387,0.381,0.394,0.381,0.384,-0.003,-0.7752,89814.53,3480.05
150121.SZ,20170504,1.025,1.034,1.035,1.026,1.033,0.008,0.7805,335.0,34.553
150122.SZ,20170504,1.16,1.121,1.152,1.121,1.152,-0.008,-0.6897,323.0,36.412
150123.SZ,20170504,1.258,1.258,1.259,1.257,1.259,0.001,0.0795,386.0,48.548
150124.SZ,20170504,1.587,1.587,1.591,1.58,1.58,-0.007,-0.4411,4694.0,743.863
150130.SZ,20170504,1.072,1.076,1.076,1.071,1.072,0.0,0.0,167786.79,17984.213
150131.SZ,20170504,0.467,0.466,0.473,0.463,0.469,0.002,0.4283,266463.49,12513.023
150135.SZ,20170504,1.015,1.015,1.015,1.013,1.015,0.0,0.0,483.0,49.024
150136.SZ,20170504,0.614,0.563,0.619,0.563,0.619,0.005,0.8143,34.0,1.919
150140.SZ,20170504,1.028,1.04,1.05,1.04,1.05,0.022,2.1401,1386.0,145.524
150141.SZ,20170504,0.68,0.686,0.686,0.68,0.68,0.0,0.0,439.0,30.035
150143.SZ,20170504,1.007,1.005,1.005,1.003,1.004,-0.003,-0.2979,9086.0,912.424
150144.SZ,20170504,0.624,0.615,0.631,0.615,0.63,0.006,0.9615,1881.29,118.422
150145.SZ,20170504,1.023,1.02,1.03,1.02,1.03,0.007,0.6843,21.0,2.16
150146.SZ,20170504,0.444,0.418,0.439,0.404,0.439,-0.005,-1.1261,126.0,5.439
150148.SZ,20170504,1.057,1.055,1.065,1.055,1.055,-0.002,-0.1892,8077.0,852.13
150149.SZ,20170504,0.595,0.586,0.601,0.584,0.584,-0.011,-1.8487,7600.0,451.655
150150.SZ,20170504,1.012,1.012,1.012,1.008,1.009,-0.003,-0.2964,2655.0,268.053
150151.SZ,20170504,1.03,1.004,1.023,0.999,0.999,-0.031,-3.0097,3088.64,309.469
150152.SZ,20170504,1.041,1.042,1.042,1.037,1.039,-0.002,-0.1921,695726.61,72341.407
150153.SZ,20170504,0.608,0.607,0.623,0.6,0.612,0.004,0.6579,1478252.07,90807.225
150154.SZ,20170504,0.928,0.924,0.924,0.924,0.924,-0.004,-0.431,1.0,0.092
150157.SZ,20170504,1.011,1.011,1.011,1.007,1.009,-0.002,-0.1978,133754.0,13486.767
150158.SZ,20170504,0.76,0.761,0.761,0.73,0.743,-0.017,-2.2368,37670.0,2822.026
150164.SZ,20170504,1.006,1.006,1.006,1.003,1.004,-0.002,-0.1988,39136.0,3928.88
150165.SZ,20170504,0.59,0.606,0.606,0.601,0.602,0.012,2.0339,2603.0,156.639
150167.SZ,20170504,1.044,1.044,1.068,1.044,1.055,0.011,1.0536,300.0,31.425
150168.SZ,20170504,0.641,0.635,0.635,0.635,0.635,-0.006,-0.936,1.0,0.063
150169.SZ,20170504,1.026,1.027,1.028,1.023,1.027,0.001,0.0975,54204.0,5561.528
150170.SZ,20170504,1.117,1.115,1.12,1.11,1.117,0.0,0.0,65298.0,7269.028
150171.SZ,20170504,1.006,1.004,1.007,1.002,1.004,-0.002,-0.1988,256215.28,25747.985
150172.SZ,20170504,1.002,0.999,1.002,0.983,0.989,-0.013,-1.2974,675262.53,66971.185
150173.SZ,20170504,1.009,1.006,1.007,1.005,1.007,-0.002,-0.1982,9756.0,982.319
150174.SZ,20170504,0.53,0.53,0.537,0.516,0.529,-0.001,-0.1887,9280.66,492.236
150175.SZ,20170504,0.963,0.963,0.963,0.959,0.959,-0.004,-0.4154,360045.0,34630.102
150176.SZ,20170504,0.899,0.896,0.897,0.882,0.884,-0.015,-1.6685,322718.78,28660.442
150177.SZ,20170504,1.023,1.023,1.023,1.02,1.021,-0.002,-0.1955,10581.3,1080.398
150178.SZ,20170504,1.213,1.205,1.215,1.2,1.201,-0.012,-0.9893,12111.35,1459.381
150179.SZ,20170504,1.049,1.05,1.05,1.042,1.044,-0.005,-0.4766,2043.13,213.611
150180.SZ,20170504,1.199,1.176,1.21,1.166,1.202,0.003,0.2502,1727.39,207.547
150181.SZ,20170504,1.015,1.015,1.015,1.01,1.013,-0.002,-0.197,205151.7,20767.351
150182.SZ,20170504,0.985,0.971,0.984,0.946,0.95,-0.035,-3.5533,467331.92,44924.491
150184.SZ,20170504,1.047,1.047,1.052,1.045,1.052,0.005,0.4776,27409.5,2872.657
150185.SZ,20170504,0.863,0.851,0.885,0.847,0.863,0.0,0.0,45199.87,3929.459
150186.SZ,20170504,1.029,1.029,1.029,1.026,1.028,-0.001,-0.0972,20045.77,2059.301
150187.SZ,20170504,0.753,0.753,0.753,0.72,0.722,-0.031,-4.1169,41136.66,3007.875
150188.SZ,20170504,1.011,1.009,1.012,1.007,1.01,-0.001,-0.0989,7721.69,779.621
150189.SZ,20170504,0.974,0.982,1.009,0.982,1.0,0.026,2.6694,2459.11,246.575
150190.SZ,20170504,1.089,1.089,1.114,1.071,1.083,-0.006,-0.551,55.38,6.123
150191.SZ,20170504,1.146,1.077,1.157,1.077,1.151,0.005,0.4363,205.33,22.766
150192.SZ,20170504,1.074,1.062,1.062,1.06,1.06,-0.014,-1.3035,531.26,56.365
150193.SZ,20170504,0.925,0.924,0.939,0.913,0.931,0.006,0.6486,2075.16,193.709
150194.SZ,20170504,1.012,1.012,1.012,1.006,1.008,-0.004,-0.3953,333787.0,33679.86
150195.SZ,20170504,0.282,0.281,0.291,0.275,0.283,0.001,0.3546,759017.14,21634.767
150196.SZ,20170504,1.074,1.068,1.083,1.068,1.077,0.003,0.2793,36290.0,3906.603
150197.SZ,20170504,0.966,0.951,0.951,0.92,0.923,-0.043,-4.4513,122449.02,11404.534
150198.SZ,20170504,1.15,1.146,1.147,1.144,1.144,-0.006,-0.5217,21088.59,2415.878
150199.SZ,20170504,0.704,0.701,0.709,0.695,0.702,-0.002,-0.2841,32296.0,2275.092
150200.SZ,20170504,1.011,1.01,1.01,1.006,1.008,-0.003,-0.2967,3039595.43,306531.435
150201.SZ,20170504,0.386,0.382,0.385,0.371,0.377,-0.009,-2.3316,7704863.06,290992.391
150203.SZ,20170504,1.016,1.013,1.016,1.011,1.013,-0.003,-0.2953,7831.23,794.049
150204.SZ,20170504,0.845,0.845,0.847,0.82,0.839,-0.006,-0.7101,11988.4,1002.429
150205.SZ,20170504,1.014,1.014,1.014,1.007,1.009,-0.005,-0.4931,1039138.04,104818.013
150206.SZ,20170504,0.357,0.354,0.356,0.326,0.328,-0.029,-8.1232,3046317.24,103380.916
150207.SZ,20170504,1.023,1.017,1.025,1.017,1.025,0.002,0.1955,9281.6,946.495
150208.SZ,20170504,0.434,0.431,0.447,0.428,0.437,0.003,0.6912,14966.0,660.313
150209.SZ,20170504,1.05,1.046,1.049,1.045,1.049,-0.001,-0.0952,215957.36,22628.457
150210.SZ,20170504,0.756,0.753,0.77,0.741,0.754,-0.002,-0.2646,511269.9,38661.256
150211.SZ,20170504,1.035,1.034,1.034,1.031,1.032,-0.003,-0.2899,94464.63,9748.461
150212.SZ,20170504,0.576,0.571,0.582,0.563,0.57,-0.006,-1.0417,93260.0,5354.875
150213.SZ,20170504,1.046,1.048,1.05,1.047,1.049,0.003,0.2868,33165.0,3477.558
150214.SZ,20170504,0.353,0.342,0.357,0.341,0.346,-0.007,-1.983,45407.18,1589.782
150215.SZ,20170504,1.079,1.052,1.101,1.052,1.1,0.021,1.9462,87.0,9.426
150216.SZ,20170504,0.984,0.984,0.984,0.933,0.953,-0.031,-3.1504,1432.53,136.737
150217.SZ,20170504,1.007,1.008,1.008,1.004,1.005,-0.002,-0.1986,11151.59,1121.338
150218.SZ,20170504,0.528,0.522,0.536,0.51,0.525,-0.003,-0.5682,11797.08,616.64
150219.SZ,20170504,1.175,1.178,1.189,1.178,1.189,0.014,1.1915,48.0,5.655
150220.SZ,20170504,0.853,0.85,0.865,0.84,0.849,-0.004,-0.4689,15455.0,1322.249
150221.SZ,20170504,1.185,1.185,1.185,1.179,1.181,-0.004,-0.3376,57186.43,6751.617
150222.SZ,20170504,0.506,0.505,0.505,0.475,0.479,-0.027,-5.336,1026532.51,50457.448
150223.SZ,20170504,1.123,1.121,1.126,1.119,1.125,0.002,0.1781,195730.76,21968.135
150224.SZ,20170504,0.784,0.783,0.783,0.768,0.768,-0.016,-2.0408,470628.13,36386.518
150225.SZ,20170504,1.035,1.035,1.035,1.032,1.032,-0.003,-0.2899,1213.0,125.342
150226.SZ,20170504,1.063,1.032,1.071,1.032,1.07,0.007,0.6585,217.64,23.15
150227.SZ,20170504,1.014,1.014,1.015,1.011,1.012,-0.002,-0.1972,465864.02,47160.425
150228.SZ,20170504,0.634,0.633,0.634,0.618,0.62,-0.014,-2.2082,711238.86,44439.103
150229.SZ,20170504,1.023,1.026,1.026,1.018,1.018,-0.005,-0.4888,359.0,36.732
150230.SZ,20170504,0.963,0.969,0.972,0.938,0.965,0.002,0.2077,3708.0,356.666
150231.SZ,20170504,1.099,1.081,1.113,1.08,1.092,-0.007,-0.6369,13236.0,1434.277
150232.SZ,20170504,1.011,1.0,1.024,1.0,1.023,0.012,1.1869,4169.93,421.298
150233.SZ,20170504,1.034,1.027,1.034,1.02,1.034,0.0,0.0,414.01,42.589
150234.SZ,20170504,0.396,0.396,0.41,0.395,0.395,-0.001,-0.2525,1177.81,47.67
150235.SZ,20170504,1.017,1.013,1.017,1.012,1.015,-0.002,-0.1967,24227.0,2458.073
150236.SZ,20170504,0.764,0.76,0.763,0.75,0.756,-0.008,-1.0471,24345.69,1840.662
150238.SZ,20170504,1.236,1.203,1.203,1.203,1.203,-0.033,-2.6699,20.0,2.406
150241.SZ,20170504,1.017,1.011,1.011,1.006,1.009,-0.008,-0.7866,4958.0,500.356
150242.SZ,20170504,0.76,0.754,0.755,0.745,0.749,-0.011,-1.4474,2173.06,163.036
150243.SZ,20170504,1.03,1.029,1.032,1.027,1.032,0.002,0.1942,18914.5,1946.805
150244.SZ,20170504,0.674,0.674,0.688,0.661,0.674,0.0,0.0,50575.31,3426.494
150245.SZ,20170504,1.07,1.08,1.089,1.061,1.061,-0.009,-0.8411,26.0,2.813
150246.SZ,20170504,0.929,0.852,0.927,0.852,0.924,-0.005,-0.5382,87.67,7.886
150247.SZ,20170504,1.059,1.057,1.06,1.055,1.06,0.001,0.0944,69609.6,7358.328
150248.SZ,20170504,0.945,0.936,0.95,0.928,0.935,-0.01,-1.0582,87398.83,8248.431
150249.SZ,20170504,1.037,1.01,1.013,1.01,1.011,-0.026,-2.5072,482.0,48.723
150250.SZ,20170504,0.701,0.7,0.7,0.69,0.69,-0.011,-1.5692,225.0,15.643
150251.SZ,20170504,1.047,1.032,1.049,1.032,1.046,-0.001,-0.0955,12727.0,1328.798
150252.SZ,20170504,1.042,1.049,1.049,1.012,1.024,-0.018,-1.7274,15711.0,1616.172
150255.SZ,20170504,1.034,1.029,1.031,1.028,1.031,-0.003,-0.2901,27049.49,2784.794
150256.SZ,20170504,0.615,0.61,0.611,0.6,0.6,-0.015,-2.439,4975.81,299.926
150257.SZ,20170504,1.028,1.028,1.028,1.027,1.027,-0.001,-0.0973,105.0,10.789
150259.SZ,20170504,1.033,1.034,1.034,1.029,1.032,-0.001,-0.0968,2806.0,289.491
150260.SZ,20170504,0.722,0.7,0.732,0.7,0.725,0.003,0.4155,3733.49,271.143
150261.SZ,20170504,1.079,1.077,1.077,1.071,1.076,-0.003,-0.278,6715.85,723.235
150262.SZ,20170504,0.782,0.776,0.79,0.77,0.787,0.005,0.6394,5639.26,441.292
150264.SZ,20170504,0.447,0.416,0.455,0.416,0.445,-0.002,-0.4474,95.0,4.132
150265.SZ,20170504,1.074,1.07,1.086,1.07,1.074,0.0,0.0,11569.01,1243.549
150266.SZ,20170504,1.338,1.324,1.372,1.304,1.344,0.006,0.4484,25313.35,3354.21
150267.SZ,20170504,1.078,1.08,1.082,1.04,1.047,-0.031,-2.8757,4990.0,520.057
150268.SZ,20170504,0.676,0.651,0.662,0.646,0.662,-0.014,-2.071,793.0,51.485
150269.SZ,20170504,1.049,1.05,1.054,1.047,1.052,0.003,0.286,10034.0,1054.861
150270.SZ,20170504,1.25,1.255,1.255,1.23,1.23,-0.02,-1.6,33356.0,4141.506
150271.SZ,20170504,1.016,1.02,1.02,1.009,1.009,-0.007,-0.689,252.0,25.606
150272.SZ,20170504,0.968,0.901,0.962,0.901,0.962,-0.006,-0.6198,250.41,23.572
150273.SZ,20170504,1.021,1.019,1.023,1.019,1.021,0.0,0.0,22705.24,2318.453
150274.SZ,20170504,0.643,0.635,0.66,0.623,0.646,0.003,0.4666,42074.23,2718.178
150275.SZ,20170504,1.011,1.01,1.012,1.006,1.008,-0.003,-0.2967,126251.76,12729.014
150276.SZ,20170504,0.585,0.583,0.608,0.571,0.593,0.008,1.3675,596738.48,35159.158
150277.SZ,20170504,1.036,1.028,1.041,1.028,1.039,0.003,0.2896,38122.61,3950.923
150278.SZ,20170504,0.558,0.556,0.573,0.522,0.558,0.0,0.0,82441.55,4587.625
150279.SZ,20170504,1.053,1.054,1.054,1.049,1.049,-0.004,-0.3799,293.3,30.774
150280.SZ,20170504,0.686,0.661,0.678,0.658,0.678,-0.008,-1.1662,211.71,14.073
150281.SZ,20170504,1.028,1.025,1.029,1.023,1.029,0.001,0.0973,628.0,64.354
150282.SZ,20170504,0.416,0.415,0.415,0.387,0.414,-0.002,-0.4808,12.0,0.495
150283.SZ,20170504,1.034,1.028,1.032,1.028,1.03,-0.004,-0.3868,403.41,41.551
150284.SZ,20170504,0.7,0.694,0.706,0.694,0.705,0.005,0.7143,426.01,29.939
150287.SZ,20170504,1.071,1.067,1.079,1.067,1.071,0.0,0.0,236792.74,25398.251
150288.SZ,20170504,0.569,0.559,0.58,0.545,0.569,0.0,0.0,279491.06,15940.078
150289.SZ,20170504,1.047,1.042,1.047,1.042,1.045,-0.002,-0.191,126055.9,13162.802
150290.SZ,20170504,0.396,0.392,0.392,0.375,0.377,-0.019,-4.798,352045.53,13539.44
150291.SZ,20170504,1.04,1.039,1.039,1.035,1.036,-0.004,-0.3846,6741.0,699.081
150292.SZ,20170504,0.517,0.516,0.516,0.503,0.503,-0.014,-2.7079,7675.46,392.005
150293.SZ,20170504,1.052,1.057,1.057,1.055,1.056,0.004,0.3802,199.0,21.025
150294.SZ,20170504,1.069,1.073,1.094,1.073,1.075,0.006,0.5613,380.01,41.141
150295.SZ,20170504,1.044,1.043,1.043,1.038,1.042,-0.002,-0.1916,2746.5,286.096
150296.SZ,20170504,0.853,0.843,0.87,0.843,0.857,0.004,0.4689,5096.43,436.827
150297.SZ,20170504,1.038,1.035,1.037,1.035,1.037,-0.001,-0.0963,1652.0,171.102
150298.SZ,20170504,0.4,0.397,0.415,0.397,0.415,0.015,3.75,1459.83,60.179
150299.SZ,20170504,1.039,1.038,1.038,1.035,1.036,-0.003,-0.2887,96952.91,10043.962
150300.SZ,20170504,0.471,0.469,0.47,0.458,0.46,-0.011,-2.3355,63259.08,2941.113
150301.SZ,20170504,1.067,1.058,1.058,1.057,1.057,-0.01,-0.9372,1996.61,211.201
150302.SZ,20170504,0.921,0.9,0.928,0.899,0.927,0.006,0.6515,286.0,26.39
150303.SZ,20170504,1.024,1.024,1.026,1.022,1.023,-0.001,-0.0977,220351.0,22559.256
150304.SZ,20170504,0.276,0.275,0.287,0.27,0.277,0.001,0.3623,474491.05,13316.428
150305.SZ,20170504,1.01,1.005,1.022,1.005,1.02,0.01,0.9901,722.0,73.622
150306.SZ,20170504,0.486,0.489,0.491,0.484,0.484,-0.002,-0.4115,1188.98,57.824
150307.SZ,20170504,1.01,1.009,1.01,1.008,1.009,-0.001,-0.099,40204.0,4058.016
150308.SZ,20170504,0.334,0.334,0.347,0.329,0.337,0.003,0.8982,39244.26,1332.842
150309.SZ,20170504,1.01,1.03,1.03,1.004,1.004,-0.006,-0.5941,178.0,18.027
150310.SZ,20170504,0.56,0.564,0.58,0.564,0.58,0.02,3.5714,69.05,3.983
150311.SZ,20170504,1.011,1.01,1.01,1.006,1.01,-0.001,-0.0989,1100.0,111.084
150312.SZ,20170504,0.761,0.723,0.76,0.723,0.756,-0.005,-0.657,754.0,55.722
150315.SZ,20170504,1.011,1.011,1.011,1.008,1.008,-0.003,-0.2967,10043.03,1013.179
150316.SZ,20170504,0.755,0.75,0.761,0.745,0.755,0.0,0.0,4198.78,316.077
150318.SZ,20170504,0.832,0.794,0.855,0.794,0.8,-0.032,-3.8462,21.0,1.673
150321.SZ,20170504,1.191,1.19,1.19,1.187,1.187,-0.004,-0.3359,9418.18,1118.894
150322.SZ,20170504,0.951,0.948,0.95,0.925,0.933,-0.018,-1.8927,9038.11,849.279
150323.SZ,20170504,1.046,1.038,1.1,1.037,1.05,0.004,0.3824,2044.22,214.038
150324.SZ,20170504,0.451,0.441,0.46,0.441,0.456,0.005,1.1086,6791.7,308.899
150325.SZ,20170504,1.05,1.04,1.048,1.04,1.04,-0.01,-0.9524,360.0,37.477
150326.SZ,20170504,1.076,1.004,1.086,0.99,1.086,0.01,0.9294,88.95,9.067
150327.SZ,20170504,1.129,1.13,1.13,1.13,1.13,0.001,0.0886,114.0,12.882
150329.SZ,20170504,1.009,1.009,1.009,1.006,1.007,-0.002,-0.1982,13377.35,1347.137
150330.SZ,20170504,0.95,0.948,0.95,0.923,0.938,-0.012,-1.2632,32815.0,3087.649
150331.SZ,20170504,1.07,1.068,1.069,1.066,1.069,-0.001,-0.0935,14247.0,1519.6
150332.SZ,20170504,0.321,0.312,0.324,0.31,0.313,-0.008,-2.4922,40148.0,1272.97
150335.SZ,20170504,1.038,1.039,1.039,1.032,1.033,-0.005,-0.4817,21913.0,2267.91
150336.SZ,20170504,0.459,0.46,0.46,0.446,0.447,-0.012,-2.6144,31109.84,1400.669
150343.SZ,20170504,1.058,1.051,1.056,1.046,1.051,-0.007,-0.6616,1539.0,161.445
150344.SZ,20170504,0.967,0.93,0.978,0.93,0.946,-0.021,-2.1717,580.22,54.863
159001.SZ,20170504,100.008,100.0,100.002,99.999,100.0,-0.008,-0.008,312104.04,3121040.472
159003.SZ,20170504,100.0,100.0,100.004,99.999,100.004,0.004,0.004,51675.47,516755.178
159005.SZ,20170504,100.001,100.0,100.006,100.0,100.006,0.005,0.005,4480.59,44806.742
159901.SZ,20170504,4.135,4.133,4.145,4.108,4.114,-0.021,-0.5079,72037.46,29717.029
159902.SZ,20170504,3.154,3.152,3.181,3.131,3.153,-0.001,-0.0317,93373.85,29463.091
159903.SZ,20170504,1.086,1.086,1.092,1.082,1.086,0.0,0.0,6825.51,740.411
159905.SZ,20170504,1.282,1.28,1.289,1.28,1.28,-0.002,-0.156,886.0,113.747
159906.SZ,20170504,0.903,0.904,0.913,0.904,0.913,0.01,1.1074,129.0,11.766
159907.SZ,20170504,1.405,1.4,1.416,1.399,1.404,-0.001,-0.0712,5077.0,715.231
159909.SZ,20170504,4.64,4.628,4.676,4.628,4.676,0.036,0.7759,75.0,34.771
159910.SZ,20170504,1.438,1.433,1.44,1.433,1.434,-0.004,-0.2782,16.0,2.295
159911.SZ,20170504,4.008,3.96,3.99,3.907,3.99,-0.018,-0.4491,93.0,36.538
159912.SZ,20170504,1.259,1.244,1.26,1.244,1.259,0.0,0.0,198.0,24.858
159913.SZ,20170504,1.529,1.548,1.631,1.524,1.524,-0.005,-0.327,150.0,23.25
159915.SZ,20170504,1.763,1.761,1.781,1.753,1.769,0.006,0.3403,1084637.32,191762.746
159916.SZ,20170504,3.01,3.007,3.007,3.004,3.004,-0.006,-0.1993,13.0,3.905
159918.SZ,20170504,1.95,1.861,1.861,1.861,1.861,-0.089,-4.5641,1.0,0.186
159919.SZ,20170504,3.675,3.675,3.684,3.654,3.66,-0.015,-0.4082,50040.55,18338.749
159920.SZ,20170504,1.352,1.352,1.352,1.346,1.347,-0.005,-0.3698,113480.0,15302.422
159921.SZ,20170504,1.518,1.492,1.53,1.485,1.53,0.012,0.7905,87.0,12.977
159922.SZ,20170504,6.304,6.265,6.33,6.265,6.276,-0.028,-0.4442,1331.99,839.789
159923.SZ,20170504,1.317,1.308,1.339,1.303,1.339,0.022,1.6705,141.0,18.419
159924.SZ,20170504,1.394,1.394,1.403,1.394,1.403,0.009,0.6456,999.0,139.261
159925.SZ,20170504,1.398,1.396,1.398,1.39,1.393,-0.005,-0.3577,4028.61,560.958
159926.SZ,20170504,108.08,108.14,108.14,108.14,108.14,0.06,0.0555,1.0,10.814
159927.SZ,20170504,3.389,3.35,3.38,3.349,3.366,-0.023,-0.6787,302.0,101.358
159928.SZ,20170504,1.613,1.616,1.619,1.58,1.612,-0.001,-0.062,1884.02,300.024
159929.SZ,20170504,1.434,1.438,1.438,1.421,1.427,-0.007,-0.4881,3767.0,537.454
159930.SZ,20170504,0.792,0.811,0.811,0.774,0.787,-0.005,-0.6313,408.49,32.113
159931.SZ,20170504,1.438,1.415,1.432,1.41,1.421,-0.017,-1.1822,164.45,23.276
159932.SZ,20170504,1.749,1.743,1.743,1.743,1.743,-0.006,-0.3431,71.0,12.375
159933.SZ,20170504,1.568,1.566,1.589,1.564,1.589,0.021,1.3393,4.0,0.628
159934.SZ,20170504,2.785,2.769,2.769,2.736,2.743,-0.042,-1.5081,131591.14,36237.623
159935.SZ,20170504,1.615,1.615,1.615,1.615,1.615,0.0,0.0,4.0,0.646
159936.SZ,20170504,1.558,1.573,1.573,1.573,1.573,0.015,0.9628,1.0,0.157
159937.SZ,20170504,2.804,2.789,2.789,2.758,2.765,-0.039,-1.3909,154171.0,42699.593
159938.SZ,20170504,1.279,1.279,1.283,1.276,1.279,0.0,0.0,11006.0,1406.825
159939.SZ,20170504,1.066,1.065,1.075,1.061,1.067,0.001,0.0938,2564.0,274.231
159941.SZ,20170504,1.311,1.31,1.31,1.291,1.31,-0.001,-0.0763,3368.0,437.652
159942.SZ,20170504,1.824,1.764,1.829,1.757,1.808,-0.016,-0.8772,213.28,37.64
159943.SZ,20170504,10.637,10.502,10.649,10.502,10.57,-0.067,-0.6299,395.28,418.735
159944.SZ,20170504,0.865,0.864,0.864,0.863,0.863,-0.002,-0.2312,7.0,0.604
159945.SZ,20170504,0.696,0.688,0.701,0.688,0.701,0.005,0.7184,4.0,0.279
159946.SZ,20170504,1.011,1.016,1.025,1.005,1.025,0.014,1.3848,193.0,19.604
159948.SZ,20170504,1.906,1.903,1.923,1.903,1.907,0.001,0.0525,6589.64,1265.918
159949.SZ,20170504,0.736,0.738,0.744,0.732,0.736,0.0,0.0,54104.01,3995.241
160105.SZ,20170504,1.007,1.007,1.024,1.002,1.009,0.002,0.1986,199.9,20.214
160106.SZ,20170504,1.247,1.242,1.251,1.242,1.251,0.004,0.3208,188.0,23.403
160119.SZ,20170504,1.52,1.521,1.538,1.52,1.522,0.002,0.1316,2832.16,431.754
160125.SZ,20170504,0.854,0.856,0.856,0.85,0.851,-0.003,-0.3513,2225.2,189.656
160128.SZ,20170504,0.974,0.975,0.975,0.973,0.973,-0.001,-0.1027,502.0,48.865
160131.SZ,20170504,0.982,0.981,0.981,0.981,0.981,-0.001,-0.1018,2.0,0.196
160133.SZ,20170504,1.926,1.928,1.929,1.924,1.925,-0.001,-0.0519,884.29,170.496
160211.SZ,20170504,3.159,3.155,3.176,3.145,3.166,0.007,0.2216,3180.78,1006.23
160212.SZ,20170504,2.593,2.591,2.61,2.577,2.599,0.006,0.2314,12945.0,3359.257
160215.SZ,20170504,1.592,1.586,1.599,1.586,1.594,0.002,0.1256,486.0,77.518
160216.SZ,20170504,0.408,0.407,0.407,0.404,0.406,-0.002,-0.4902,136893.44,5555.49
160220.SZ,20170504,1.274,1.273,1.274,1.273,1.274,0.0,0.0,111.01,14.139
160223.SZ,20170504,0.867,0.877,0.877,0.856,0.877,0.01,1.1534,41.0,3.57
160225.SZ,20170504,0.962,0.951,0.97,0.951,0.958,-0.004,-0.4158,353.0,33.948
160311.SZ,20170504,1.354,1.348,1.359,1.348,1.355,0.001,0.0739,532.96,72.215
160314.SZ,20170504,1.043,1.046,1.068,1.041,1.041,-0.002,-0.1918,187.0,19.533
160323.SZ,20170504,0.927,0.924,0.924,0.924,0.924,-0.003,-0.3236,500.04,46.203
160415.SZ,20170504,1.227,1.222,1.249,1.197,1.202,-0.025,-2.0375,1061.0,130.82
160416.SZ,20170504,0.939,0.94,0.945,0.937,0.94,0.001,0.1065,7642.0,718.218
160421.SZ,20170504,0.838,0.838,0.841,0.836,0.84,0.002,0.2387,24805.32,2078.467
160505.SZ,20170504,1.672,1.668,1.673,1.662,1.668,-0.004,-0.2392,11140.0,1855.699
160512.SZ,20170504,2.344,2.329,2.344,2.329,2.333,-0.011,-0.4693,887.98,207.44
160515.SZ,20170504,0.979,0.977,0.979,0.976,0.977,-0.002,-0.2043,1437.0,140.452
160518.SZ,20170504,0.915,0.913,0.92,0.912,0.916,0.001,0.1093,52774.32,4836.305
160519.SZ,20170504,0.931,0.927,0.934,0.927,0.934,0.003,0.3222,16715.0,1556.454
160520.SZ,20170504,0.95,0.949,0.949,0.948,0.948,-0.002,-0.2105,4.0,0.379
160522.SZ,20170504,0.974,0.969,0.973,0.969,0.973,-0.001,-0.1027,501.0,48.669
160607.SZ,20170504,0.706,0.707,0.709,0.703,0.706,0.0,0.0,1553.0,109.683
160610.SZ,20170504,1.05,1.05,1.05,1.042,1.045,-0.005,-0.4762,716.0,74.863
160611.SZ,20170504,0.831,0.83,0.83,0.827,0.83,-0.001,-0.1203,364.43,30.24
160615.SZ,20170504,1.364,1.349,1.362,1.349,1.362,-0.002,-0.1466,17.0,2.312
160616.SZ,20170504,1.301,1.298,1.299,1.297,1.298,-0.003,-0.2306,11.01,1.429
160617.SZ,20170504,0.997,0.995,0.995,0.995,0.995,-0.002,-0.2006,29.0,2.885
160621.SZ,20170504,1.056,1.057,1.062,1.057,1.062,0.006,0.5682,24.0,2.548
160635.SZ,20170504,1.007,1.001,1.001,1.0,1.0,-0.007,-0.6951,21.0,2.1
160642.SZ,20170504,0.92,0.905,0.905,0.905,0.905,-0.015,-1.6304,10.0,0.905
160706.SZ,20170504,0.968,0.967,0.969,0.965,0.965,-0.003,-0.3099,11972.0,1156.969
160716.SZ,20170504,1.276,1.283,1.283,1.275,1.278,0.002,0.1567,340.0,43.495
160717.SZ,20170504,0.757,0.751,0.755,0.747,0.748,-0.009,-1.1889,7110.14,532.26
160719.SZ,20170504,0.722,0.718,0.718,0.712,0.712,-0.01,-1.385,13912.0,992.587
160720.SZ,20170504,1.108,1.1,1.1,1.1,1.1,-0.008,-0.722,61.22,6.734
160722.SZ,20170504,0.947,0.945,0.949,0.945,0.948,0.001,0.1056,14677.51,1390.159
160805.SZ,20170504,0.832,0.844,0.844,0.842,0.842,0.01,1.2019,10.0,0.843
160806.SZ,20170504,1.252,1.243,1.25,1.242,1.25,-0.002,-0.1597,409.55,50.924
160812.SZ,20170504,1.421,1.416,1.419,1.41,1.419,-0.002,-0.1407,2109.14,298.062
160813.SZ,20170504,0.795,0.793,0.798,0.793,0.796,0.001,0.1258,1480.0,117.504
160910.SZ,20170504,0.995,0.998,0.998,0.998,0.998,0.003,0.3015,100.0,9.98
160916.SZ,20170504,2.352,2.342,2.356,2.338,2.354,0.002,0.085,1059.01,248.745
160918.SZ,20170504,1.79,1.788,1.788,1.775,1.775,-0.015,-0.838,70.0,12.49
160919.SZ,20170504,1.173,1.172,1.178,1.172,1.178,0.005,0.4263,110.01,12.908
160921.SZ,20170504,0.924,0.922,0.929,0.921,0.929,0.005,0.5411,235.0,21.645
160922.SZ,20170504,1.03,1.029,1.029,1.029,1.029,-0.001,-0.0971,7.0,0.72
161005.SZ,20170504,1.765,1.764,1.775,1.762,1.765,0.0,0.0,826.4,146.054
161010.SZ,20170504,1.038,1.038,1.038,1.037,1.038,0.0,0.0,3375.0,350.311
161015.SZ,20170504,0.914,0.913,0.913,0.913,0.913,-0.001,-0.1094,243.23,22.206
161017.SZ,20170504,2.102,2.086,2.086,2.086,2.086,-0.016,-0.7612,130.0,27.118
161019.SZ,20170504,0.963,0.963,0.964,0.961,0.961,-0.002,-0.2077,5017.0,483.117
161033.SZ,20170504,0.98,0.98,0.997,0.98,0.988,0.008,0.8163,320.0,31.65
161035.SZ,20170504,0.927,0.925,0.925,0.919,0.919,-0.008,-0.863,171.0,15.755
161036.SZ,20170504,0.961,0.96,0.962,0.959,0.959,-0.002,-0.2081,3943.37,378.674
161116.SZ,20170504,0.739,0.735,0.736,0.731,0.731,-0.008,-1.0825,6387.0,468.231
161117.SZ,20170504,1.022,0.921,1.019,0.921,1.019,-0.003,-0.2935,1446.0,133.186
161124.SZ,20170504,1.046,1.043,1.043,1.032,1.037,-0.009,-0.8604,11895.0,1232.702
161125.SZ,20170504,1.038,1.035,1.037,1.035,1.036,-0.002,-0.1927,3573.03,369.995
161126.SZ,20170504,1.09,1.085,1.091,1.085,1.088,-0.002,-0.1835,1961.0,213.134
161127.SZ,20170504,1.111,1.11,1.114,1.101,1.101,-0.01,-0.9001,2378.07,263.691
161128.SZ,20170504,1.099,1.104,1.117,1.091,1.091,-0.008,-0.7279,4600.78,505.085
161129.SZ,20170504,0.932,0.928,0.929,0.925,0.927,-0.005,-0.5365,738.0,68.295
161210.SZ,20170504,0.963,0.963,0.963,0.955,0.956,-0.007,-0.7269,932.0,89.103
161213.SZ,20170504,1.402,1.384,1.411,1.372,1.372,-0.03,-2.1398,48.0,6.671
161216.SZ,20170504,1.028,1.03,1.03,1.03,1.03,0.002,0.1946,145.0,14.935
161217.SZ,20170504,0.65,0.648,0.648,0.643,0.643,-0.007,-1.0769,55.0,3.549
161219.SZ,20170504,1.307,1.302,1.306,1.294,1.302,-0.005,-0.3826,76.84,10.004
161222.SZ,20170504,1.062,1.056,1.067,1.056,1.063,0.001,0.0942,1080.0,114.209
161224.SZ,20170504,1.087,1.067,1.17,1.067,1.093,0.006,0.552,661.31,70.961
161225.SZ,20170504,1.095,1.091,1.099,1.091,1.095,0.0,0.0,765.0,83.86
161226.SZ,20170504,0.966,0.954,0.954,0.933,0.936,-0.03,-3.1056,245449.5,23084.27
161227.SZ,20170504,0.897,0.897,0.898,0.891,0.892,-0.005,-0.5574,19834.75,1772.336
161229.SZ,20170504,1.293,1.291,1.293,1.287,1.287,-0.006,-0.464,1302.0,167.711
161232.SZ,20170504,0.845,0.844,0.846,0.842,0.843,-0.002,-0.2367,16399.69,1382.19
161607.SZ,20170504,1.04,1.035,1.039,1.033,1.039,-0.001,-0.0962,5.0,0.517
161610.SZ,20170504,0.862,0.857,0.865,0.857,0.858,-0.004,-0.464,2624.0,225.853
161626.SZ,20170504,0.998,0.996,0.996,0.996,0.996,-0.002,-0.2004,600.0,59.76
161630.SZ,20170504,0.927,0.927,0.927,0.927,0.927,0.0,0.0,9.65,0.894
161631.SZ,20170504,1.001,1.001,1.002,0.998,0.998,-0.003,-0.2997,1297.0,129.522
161706.SZ,20170504,1.368,1.359,1.36,1.349,1.349,-0.019,-1.3889,3289.0,445.95
161713.SZ,20170504,0.998,0.999,0.999,0.999,0.999,0.001,0.1002,3.0,0.299
161714.SZ,20170504,0.865,0.864,0.864,0.861,0.864,-0.001,-0.1156,209.0,18.028
161722.SZ,20170504,1.09,1.088,1.088,1.085,1.086,-0.004,-0.367,4.0,0.434
161727.SZ,20170504,0.953,0.951,0.953,0.951,0.953,0.0,0.0,522.0,49.662
161810.SZ,20170504,1.59,1.583,1.599,1.583,1.59,0.0,0.0,271.18,43.036
161815.SZ,20170504,0.459,0.458,0.46,0.456,0.456,-0.003,-0.6536,7559.0,345.946
161820.SZ,20170504,1.052,1.051,1.052,1.05,1.05,-0.002,-0.1901,927.0,97.398
161831.SZ,20170504,0.933,0.93,0.93,0.923,0.924,-0.009,-0.9646,376.74,34.826
161834.SZ,20170504,0.859,0.856,0.867,0.855,0.861,0.002,0.2328,17319.87,1488.647
161903.SZ,20170504,0.856,0.852,0.86,0.852,0.86,0.004,0.4673,10.0,0.858
161907.SZ,20170504,1.502,1.486,1.486,1.486,1.486,-0.016,-1.0652,1.0,0.148
161908.SZ,20170504,0.904,0.886,0.886,0.886,0.886,-0.018,-1.9912,2.0,0.177
161911.SZ,20170504,0.963,0.963,0.963,0.96,0.963,0.0,0.0,11675.26,1123.101
162006.SZ,20170504,1.113,1.112,1.118,1.109,1.118,0.005,0.4492,473.84,52.696
162108.SZ,20170504,1.078,1.078,1.078,1.078,1.078,0.0,0.0,1950.0,210.21
162207.SZ,20170504,1.18,1.166,1.174,1.166,1.174,-0.006,-0.5085,521.74,60.835
162215.SZ,20170504,1.004,1.003,1.004,1.003,1.003,-0.001,-0.0996,858.65,86.122
162411.SZ,20170504,0.6,0.599,0.601,0.598,0.6,0.0,0.0,475809.0,28528.908
162414.SZ,20170504,1.084,1.087,1.087,1.084,1.084,0.0,0.0,11.0,1.192
162415.SZ,20170504,1.214,1.209,1.219,1.201,1.204,-0.01,-0.8237,5148.0,622.074
162510.SZ,20170504,1.041,1.022,1.022,1.014,1.014,-0.027,-2.5937,390.0,39.55
162605.SZ,20170504,0.992,0.989,0.996,0.986,0.992,0.0,0.0,751.0,74.269
162607.SZ,20170504,0.489,0.487,0.494,0.485,0.49,0.001,0.2045,1062.02,51.812
162703.SZ,20170504,1.203,1.2,1.208,1.2,1.2,-0.003,-0.2494,1880.57,226.248
162711.SZ,20170504,1.308,1.299,1.322,1.299,1.322,0.014,1.0703,59.0,7.675
162712.SZ,20170504,1.397,1.395,1.396,1.395,1.395,-0.002,-0.1432,700.0,97.666
162715.SZ,20170504,1.085,1.085,1.093,1.08,1.093,0.008,0.7373,965.0,104.837
162717.SZ,20170504,0.923,0.911,0.922,0.911,0.921,-0.002,-0.2167,13871.51,1266.189
162718.SZ,20170504,0.906,0.907,0.909,0.906,0.907,0.001,0.1104,2344.04,212.448
162719.SZ,20170504,0.957,0.956,0.956,0.952,0.954,-0.003,-0.3135,4538.21,432.504
163001.SZ,20170504,0.934,0.932,0.933,0.932,0.933,-0.001,-0.1071,2.0,0.186
163003.SZ,20170504,0.82,0.812,0.819,0.812,0.812,-0.008,-0.9756,164.96,13.401
163110.SZ,20170504,2.576,2.571,2.592,2.571,2.581,0.005,0.1941,6373.64,1647.175
163119.SZ,20170504,0.873,0.872,0.878,0.872,0.872,-0.001,-0.1145,1517.32,132.826
163208.SZ,20170504,0.885,0.876,0.884,0.876,0.88,-0.005,-0.565,262.0,23.028
163210.SZ,20170504,1.009,1.009,1.009,1.005,1.006,-0.003,-0.2973,3251.0,327.43
163302.SZ,20170504,1.307,1.289,1.299,1.289,1.299,-0.008,-0.6121,59.3,7.645
163402.SZ,20170504,1.008,1.006,1.007,1.003,1.005,-0.003,-0.2976,11879.63,1193.915
163407.SZ,20170504,1.474,1.479,1.479,1.474,1.474,0.0,0.0,7.0,1.033
163409.SZ,20170504,1.472,1.469,1.469,1.466,1.466,-0.006,-0.4076,10.0,1.467
163412.SZ,20170504,2.456,2.456,2.477,2.45,2.454,-0.002,-0.0814,1990.0,489.345
163415.SZ,20170504,1.315,1.316,1.316,1.309,1.31,-0.005,-0.3802,3619.0,475.4
163503.SZ,20170504,0.463,0.462,0.464,0.462,0.462,-0.001,-0.216,589.07,27.26
163801.SZ,20170504,1.141,1.139,1.146,1.136,1.141,0.0,0.0,419.0,47.827
163819.SZ,20170504,1.082,1.082,1.082,1.082,1.082,0.0,0.0,100.0,10.82
163824.SZ,20170504,1.016,1.02,1.027,1.02,1.02,0.004,0.3937,227.0,23.155
163907.SZ,20170504,1.029,1.062,1.062,1.062,1.062,0.033,3.207,1.0,0.106
164105.SZ,20170504,1.21,1.205,1.205,1.205,1.205,-0.005,-0.4132,1.0,0.12
164206.SZ,20170504,1.042,1.041,1.041,1.041,1.041,-0.001,-0.096,100.0,10.41
164210.SZ,20170504,0.985,0.985,0.99,0.9,0.989,0.004,0.4061,5067.72,459.53
164302.SZ,20170504,1.006,1.009,1.009,1.009,1.009,0.003,0.2982,7.0,0.706
164403.SZ,20170504,0.926,0.923,0.925,0.919,0.92,-0.006,-0.6479,14.92,1.372
164509.SZ,20170504,1.026,1.025,1.025,1.005,1.005,-0.021,-2.0468,17.0,1.71
164701.SZ,20170504,0.622,0.619,0.619,0.614,0.614,-0.008,-1.2862,244.0,15.04
164703.SZ,20170504,1.007,1.005,1.011,1.005,1.011,0.004,0.3972,13.0,1.308
164705.SZ,20170504,1.072,1.07,1.073,1.069,1.073,0.001,0.0933,1075.68,115.238
164808.SZ,20170504,0.987,0.981,0.988,0.981,0.988,0.001,0.1013,401.0,39.618
164810.SZ,20170504,0.969,0.961,0.962,0.961,0.962,-0.007,-0.7224,300.0,28.85
164815.SZ,20170504,0.801,0.801,0.802,0.795,0.8,-0.001,-0.1248,657.0,52.362
164906.SZ,20170504,1.174,1.175,1.178,1.168,1.174,0.0,0.0,2504.0,293.561
165313.SZ,20170504,1.417,1.411,1.42,1.405,1.408,-0.009,-0.6351,2250.09,317.85
165509.SZ,20170504,1.097,1.094,1.094,1.094,1.094,-0.003,-0.2735,49.0,5.36
165510.SZ,20170504,0.759,0.758,0.758,0.751,0.754,-0.005,-0.6588,107.0,8.038
165512.SZ,20170504,2.197,2.181,2.181,2.181,2.181,-0.016,-0.7283,17.0,3.707
165513.SZ,20170504,0.45,0.449,0.449,0.444,0.447,-0.003,-0.6667,2823.0,125.898
165516.SZ,20170504,2.344,2.364,2.575,2.342,2.38,0.036,1.5358,928.0,235.39
165517.SZ,20170504,0.747,0.748,0.752,0.748,0.752,0.005,0.6693,27.0,2.029
165525.SZ,20170504,1.235,1.235,1.26,1.191,1.242,0.007,0.5668,18413.99,2280.859
165528.SZ,20170504,0.991,0.987,0.995,0.987,0.993,0.002,0.2018,15175.27,1506.362
165705.SZ,20170504,0.963,0.961,0.961,0.959,0.959,-0.004,-0.4154,3897.32,373.839
165807.SZ,20170504,1.028,1.029,1.029,1.028,1.028,0.0,0.0,442.0,45.476
166001.SZ,20170504,1.079,1.073,1.073,1.073,1.073,-0.006,-0.5561,67.0,7.189
166006.SZ,20170504,1.072,1.072,1.072,1.07,1.07,-0.002,-0.1866,43.0,4.609
166007.SZ,20170504,1.21,1.196,1.196,1.196,1.196,-0.014,-1.157,2.0,0.239
166011.SZ,20170504,1.174,1.17,1.179,1.169,1.175,0.001,0.0852,242.32,28.43
166016.SZ,20170504,1.29,1.287,1.287,1.287,1.287,-0.003,-0.2326,30.0,3.861
166902.SZ,20170504,1.005,0.99,1.006,0.99,1.006,0.001,0.0995,613.0,61.499
167001.SZ,20170504,0.858,0.857,0.86,0.856,0.858,0.0,0.0,7864.22,673.676
167501.SZ,20170504,1.083,1.083,1.083,1.083,1.083,0.0,0.0,150.0,16.245
168101.SZ,20170504,1.021,1.017,1.021,1.015,1.018,-0.003,-0.2938,10090.84,1028.177
168102.SZ,20170504,0.85,0.842,0.85,0.842,0.845,-0.005,-0.5882,17531.0,1482.479
168103.SZ,20170504,0.798,0.798,0.8,0.796,0.799,0.001,0.1253,107564.46,8585.145
168105.SZ,20170504,0.813,0.81,0.814,0.808,0.813,0.0,0.0,5188.18,421.194
168301.SZ,20170504,0.907,0.906,0.907,0.905,0.906,-0.001,-0.1103,9081.07,822.545
169101.SZ,20170504,1.385,1.375,1.386,1.338,1.383,-0.002,-0.1444,29821.38,3994.246
169102.SZ,20170504,1.292,1.29,1.29,1.28,1.285,-0.007,-0.5418,766.24,98.19
169103.SZ,20170504,1.168,1.168,1.175,1.168,1.173,0.005,0.4281,335.0,39.356
169104.SZ,20170504,1.17,1.164,1.165,1.164,1.165,-0.005,-0.4274,582.0,67.753
169105.SZ,20170504,1.165,1.164,1.166,1.156,1.16,-0.005,-0.4292,60372.0,7007.068
169201.SZ,20170504,0.905,0.902,0.905,0.901,0.905,0.0,0.0,642.13,57.857
184722.SZ,20170504,0.961,0.961,0.964,0.958,0.959,-0.002,-0.2081,108956.0,10475.46
184801.SZ,20170504,100.563,100.451,101.145,100.451,100.69,0.127,0.1263,31.0,312.068
500058.SH,20170504,0.962,0.961,0.965,0.96,0.962,0.0,0.0,166092.11,15984.879
501001.SH,20170504,1.031,1.031,1.038,1.031,1.032,0.001,0.097,6187.37,639.503
501002.SH,20170504,0.986,0.979,0.979,0.977,0.977,-0.009,-0.9128,4.0,0.391
501005.SH,20170504,0.97,0.965,0.966,0.961,0.962,-0.008,-0.8247,1079.74,104.043
501007.SH,20170504,0.933,0.933,0.933,0.933,0.933,0.0,0.0,110.0,10.263
501008.SH,20170504,0.975,0.936,0.936,0.936,0.936,-0.039,-4.0,85.53,8.006
501009.SH,20170504,1.01,0.999,1.02,0.999,0.999,-0.011,-1.0891,210.0,21.349
501010.SH,20170504,1.006,1.0,1.0,1.0,1.0,-0.006,-0.5964,29.0,2.9
501011.SH,20170504,1.036,1.028,1.059,1.028,1.056,0.02,1.9305,3.0,0.314
501012.SH,20170504,1.04,1.045,1.045,1.032,1.04,0.0,0.0,39.0,4.049
501015.SH,20170504,0.967,0.963,0.97,0.963,0.967,0.0,0.0,104924.55,10151.872
501017.SH,20170504,0.95,0.945,0.954,0.945,0.949,-0.001,-0.1053,16376.79,1554.008
501018.SH,20170504,0.952,0.939,0.939,0.926,0.936,-0.016,-1.6807,140893.98,13115.515
501019.SH,20170504,0.927,0.927,0.927,0.915,0.915,-0.012,-1.2945,3452.81,316.744
501020.SH,20170504,0.994,0.992,0.999,0.991,0.994,0.0,0.0,38876.95,3875.707
501021.SH,20170504,1.181,1.182,1.182,1.171,1.172,-0.009,-0.7621,44803.0,5262.838
501022.SH,20170504,0.939,0.932,0.941,0.932,0.94,0.001,0.1065,52032.85,4877.551
501023.SH,20170504,1.075,1.074,1.074,1.061,1.061,-0.014,-1.3023,4352.59,463.459
501025.SH,20170504,1.039,1.037,1.037,1.034,1.037,-0.002,-0.1925,33.0,3.415
501026.SH,20170504,0.912,0.91,0.918,0.91,0.916,0.004,0.4386,11315.5,1033.793
501028.SH,20170504,0.92,0.918,0.922,0.917,0.921,0.001,0.1087,17997.04,1653.944
501029.SH,20170504,1.009,1.008,1.012,1.003,1.006,-0.003,-0.2973,104150.54,10495.272
501030.SH,20170504,1.078,1.09,1.09,1.053,1.084,0.006,0.5566,2595.0,277.716
501031.SH,20170504,1.089,1.051,1.089,1.047,1.067,-0.022,-2.0202,2402.39,254.655
501032.SH,20170504,0.925,0.907,0.921,0.9,0.921,-0.004,-0.4324,800.81,72.428
501050.SH,20170504,1.02,1.019,1.019,1.01,1.015,-0.005,-0.4902,8950.68,907.879
501300.SH,20170504,1.007,1.007,1.009,1.007,1.007,0.0,0.0,989.22,99.616
502000.SH,20170504,0.986,0.986,0.992,0.986,0.992,0.006,0.6085,10.03,0.995
502001.SH,20170504,1.066,1.035,1.038,1.035,1.038,-0.028,-2.6266,1401.0,145.004
502002.SH,20170504,0.965,0.896,0.943,0.896,0.943,-0.022,-2.2798,2.14,0.196
502003.SH,20170504,1.057,1.05,1.051,1.039,1.04,-0.017,-1.6083,2283.58,238.389
502004.SH,20170504,1.029,1.029,1.03,1.025,1.027,-0.002,-0.1944,17481.23,1795.333
502005.SH,20170504,1.084,1.076,1.076,1.042,1.043,-0.041,-3.7823,31331.38,3325.285
502006.SH,20170504,1.011,1.001,1.013,1.001,1.011,0.0,0.0,3430.04,346.517
502007.SH,20170504,1.134,1.13,1.143,1.073,1.073,-0.061,-5.3792,6735.6,769.016
502008.SH,20170504,0.879,0.865,0.886,0.865,0.876,-0.003,-0.3413,19376.01,1698.147
502010.SH,20170504,1.097,1.09,1.1,1.09,1.09,-0.007,-0.6381,1003.45,109.639
502011.SH,20170504,1.03,1.03,1.03,1.027,1.028,-0.002,-0.1942,10126.0,1042.621
502012.SH,20170504,1.163,1.138,1.163,1.138,1.15,-0.013,-1.1178,10042.22,1156.867
502013.SH,20170504,0.83,0.83,0.871,0.82,0.829,-0.001,-0.1205,213983.5,17761.304
502014.SH,20170504,1.032,1.031,1.031,1.028,1.03,-0.002,-0.1938,150848.71,15533.552
502015.SH,20170504,0.628,0.623,0.653,0.609,0.629,0.001,0.1592,195807.85,12290.585
502016.SH,20170504,1.124,1.123,1.123,1.031,1.1,-0.024,-2.1352,355.63,37.76
502017.SH,20170504,1.025,1.003,1.025,1.003,1.025,0.0,0.0,637.0,65.25
502018.SH,20170504,1.118,1.118,1.118,1.099,1.099,-0.019,-1.6995,749.65,83.792
502020.SH,20170504,1.195,1.18,1.18,1.18,1.18,-0.015,-1.2552,9.0,1.062
502023.SH,20170504,0.943,0.921,0.939,0.921,0.924,-0.019,-2.0148,70.0,6.498
502024.SH,20170504,1.078,1.046,1.084,1.046,1.077,-0.001,-0.0928,766.0,82.55
502025.SH,20170504,0.793,0.749,0.789,0.749,0.785,-0.008,-1.0088,150.1,11.525
502026.SH,20170504,0.846,0.842,0.842,0.842,0.842,-0.004,-0.4728,30.0,2.526
502027.SH,20170504,1.04,1.035,1.076,1.035,1.076,0.036,3.4615,35.0,3.627
502028.SH,20170504,0.638,0.64,0.64,0.64,0.64,0.002,0.3135,47.0,3.008
502031.SH,20170504,1.053,1.048,1.077,1.045,1.046,-0.007,-0.6648,568.0,59.47
502032.SH,20170504,1.059,1.06,1.064,1.02,1.064,0.005,0.4721,29.54,3.097
502036.SH,20170504,0.974,0.947,0.957,0.947,0.957,-0.017,-1.7454,2.33,0.222
502037.SH,20170504,1.053,1.055,1.055,1.052,1.052,-0.001,-0.095,101.0,10.626
502038.SH,20170504,0.952,0.889,0.889,0.88,0.888,-0.064,-6.7227,200.0,17.737
502040.SH,20170504,0.977,0.935,0.935,0.935,0.935,-0.042,-4.2989,10.0,0.935
502042.SH,20170504,0.852,0.842,0.842,0.829,0.835,-0.017,-1.9953,112.0,9.302
502048.SH,20170504,1.137,1.133,1.135,1.13,1.134,-0.003,-0.2639,36646.46,4151.499
502049.SH,20170504,1.003,1.003,1.02,1.002,1.019,0.016,1.5952,76407.69,7698.642
502050.SH,20170504,1.277,1.279,1.28,1.243,1.255,-0.022,-1.7228,128914.85,16203.238
502053.SH,20170504,0.927,0.943,0.943,0.921,0.921,-0.006,-0.6472,709.0,65.573
502054.SH,20170504,1.064,1.08,1.08,1.063,1.077,0.013,1.2218,14228.0,1515.651
502055.SH,20170504,0.79,0.773,0.785,0.765,0.767,-0.023,-2.9114,19447.0,1508.262
502056.SH,20170504,0.998,0.997,0.997,0.99,0.99,-0.008,-0.8016,75.48,7.511
502057.SH,20170504,1.053,1.045,1.053,1.045,1.053,0.0,0.0,258.15,27.137
502058.SH,20170504,0.936,0.914,0.939,0.914,0.939,0.003,0.3205,323.14,29.933
505888.SH,20170504,1.198,1.196,1.201,1.193,1.195,-0.003,-0.2504,299889.13,35830.202
510010.SH,20170504,0.986,0.985,0.988,0.98,0.982,-0.004,-0.4057,94.0,9.238
510020.SH,20170504,2.409,2.385,2.404,2.385,2.404,-0.005,-0.2076,38.9,9.283
510030.SH,20170504,4.071,4.06,4.098,4.05,4.055,-0.016,-0.393,346.26,140.321
510050.SH,20170504,2.325,2.324,2.33,2.314,2.32,-0.005,-0.2151,1792657.14,416001.123
510060.SH,20170504,1.614,1.61,1.618,1.603,1.61,-0.004,-0.2478,3302.96,531.607
510070.SH,20170504,1.608,1.608,1.608,1.604,1.604,-0.004,-0.2488,101.0,16.201
510090.SH,20170504,1.34,1.314,1.314,1.314,1.314,-0.026,-1.9403,8.0,1.051
510110.SH,20170504,3.077,3.0,3.0,2.919,2.998,-0.079,-2.5674,239.03,71.507
510120.SH,20170504,2.735,2.7,2.747,2.648,2.747,0.012,0.4388,83.0,22.023
510130.SH,20170504,3.656,3.647,3.647,3.631,3.638,-0.018,-0.4923,217.56,79.097
510150.SH,20170504,4.0,4.025,4.025,4.025,4.025,0.025,0.625,1.0,0.403
510160.SH,20170504,0.557,0.556,0.558,0.552,0.554,-0.003,-0.5386,37092.0,2059.609
510170.SH,20170504,1.72,1.721,1.721,1.72,1.72,0.0,0.0,48.1,8.276
510180.SH,20170504,3.015,3.009,3.015,2.993,3.0,-0.015,-0.4975,125136.27,37547.347
510190.SH,20170504,3.236,3.203,3.241,3.201,3.241,0.005,0.1545,209.0,67.031
510210.SH,20170504,3.559,3.557,3.557,3.503,3.536,-0.023,-0.6462,32.0,11.348
510220.SH,20170504,4.138,4.02,4.02,4.007,4.02,-0.118,-2.8516,354.99,142.359
510230.SH,20170504,5.115,5.1,5.11,5.085,5.085,-0.03,-0.5865,517.0,263.696
510260.SH,20170504,1.11,1.115,1.115,1.115,1.115,0.005,0.4505,6.0,0.669
510270.SH,20170504,1.01,0.991,1.022,0.991,1.022,0.012,1.1881,635.52,63.481
510280.SH,20170504,1.41,1.373,1.373,1.373,1.373,-0.037,-2.6241,12.0,1.648
510290.SH,20170504,1.555,1.549,1.56,1.547,1.55,-0.005,-0.3215,421.0,65.456
510300.SH,20170504,3.409,3.406,3.419,3.393,3.396,-0.013,-0.3813,1043228.42,354995.516
510310.SH,20170504,1.428,1.428,1.43,1.419,1.422,-0.006,-0.4202,6358.0,905.325
510330.SH,20170504,3.644,3.639,3.649,3.623,3.626,-0.018,-0.494,5455.0,1981.58
510360.SH,20170504,1.057,1.051,1.059,1.051,1.054,-0.003,-0.2838,32582.0,3434.514
510410.SH,20170504,0.675,0.68,0.684,0.662,0.683,0.008,1.1852,313.0,21.076
510420.SH,20170504,1.433,1.434,1.434,1.419,1.419,-0.014,-0.977,3.0,0.428
510430.SH,20170504,1.35,1.333,1.341,1.332,1.341,-0.009,-0.6667,51.0,6.8
510440.SH,20170504,1.825,1.822,1.822,1.822,1.822,-0.003,-0.1644,7.0,1.275
510500.SH,20170504,6.489,6.475,6.531,6.442,6.458,-0.031,-0.4777,122499.0,79400.014
510510.SH,20170504,1.712,1.708,1.722,1.698,1.703,-0.009,-0.5257,75083.0,12810.981
510580.SH,20170504,5.996,5.983,5.99,5.983,5.99,-0.006,-0.1001,159.0,95.164
510630.SH,20170504,1.716,1.711,1.725,1.711,1.72,0.004,0.2331,19905.08,3422.173
510650.SH,20170504,1.448,1.439,1.446,1.439,1.44,-0.008,-0.5525,356.0,51.238
510660.SH,20170504,1.61,1.61,1.614,1.602,1.613,0.003,0.1863,6885.0,1104.792
510710.SH,20170504,2.346,2.341,2.345,2.334,2.338,-0.008,-0.341,508.0,118.804
510810.SH,20170504,0.967,0.965,0.969,0.962,0.965,-0.002,-0.2068,28789.0,2777.695
510880.SH,20170504,2.692,2.694,2.699,2.678,2.685,-0.007,-0.26,44326.0,11915.081
510900.SH,20170504,1.116,1.11,1.113,1.104,1.105,-0.011,-0.9857,15335675.46,1696857.776
511010.SH,20170504,109.909,109.91,109.91,109.525,109.588,-0.321,-0.2921,73450.0,806526.653
511220.SH,20170504,93.501,93.2,94.0,93.2,93.699,0.198,0.2118,673.0,6294.24
511230.SH,20170504,99.0,99.0,99.0,99.0,99.0,0.0,0.0,2.3,22.77
511600.SH,20170504,99.996,99.994,99.997,99.994,99.996,0.0,0.0,4689.85,46896.256
511650.SH,20170504,99.996,99.996,99.996,99.993,99.996,0.0,0.0,24751.37,247499.233
511660.SH,20170504,99.999,99.999,100.002,99.993,100.001,0.002,0.002,141634.47,1416306.828
511680.SH,20170504,99.992,99.994,99.995,99.991,99.995,0.003,0.003,1613.21,16131.071
511690.SH,20170504,99.997,99.996,100.006,99.994,100.0,0.003,0.003,132949.89,1329448.097
511700.SH,20170504,99.99,99.99,99.995,99.986,99.993,0.003,0.003,4994.43,49939.614
511760.SH,20170504,99.799,99.905,99.987,99.905,99.961,0.162,0.1623,3.4,33.991
511770.SH,20170504,99.995,99.993,99.996,99.993,99.994,-0.001,-0.001,1558.42,15583.287
511800.SH,20170504,99.997,99.997,99.998,99.994,99.997,0.0,0.0,10233.66,102331.875
511810.SH,20170504,100.001,100.0,100.003,99.994,100.001,0.0,0.0,219602.65,2196003.774
511820.SH,20170504,99.997,99.999,100.0,99.996,99.999,0.002,0.002,43426.59,434254.65
511830.SH,20170504,100.002,99.999,100.001,99.99,99.999,-0.003,-0.003,7012.09,70118.421
511850.SH,20170504,100.002,100.002,100.007,100.0,100.006,0.004,0.004,6716.17,67163.913
511860.SH,20170504,99.996,99.994,99.999,99.991,99.996,0.0,0.0,15519.27,155182.559
511880.SH,20170504,101.16,101.17,101.175,101.168,101.173,0.013,0.0129,1050765.33,10630805.959
511890.SH,20170504,99.997,100.0,100.009,99.984,100.009,0.012,0.012,7.0,69.996
511900.SH,20170504,99.994,99.994,100.0,99.991,99.999,0.005,0.005,60822.57,608194.264
511910.SH,20170504,99.99,99.99,99.993,99.989,99.993,0.003,0.003,12788.35,127871.309
511920.SH,20170504,99.99,99.987,99.997,99.984,99.997,0.007,0.007,5.14,51.396
511930.SH,20170504,99.994,99.996,99.997,99.994,99.996,0.002,0.002,2499.07,24989.67
511950.SH,20170504,99.999,99.981,99.981,99.981,99.981,-0.018,-0.018,1.0,9.998
511960.SH,20170504,99.998,99.994,99.997,99.993,99.997,-0.001,-0.001,2095.69,20955.923
511970.SH,20170504,99.997,99.994,99.998,99.994,99.998,0.001,0.001,518.27,5182.548
511980.SH,20170504,99.998,99.997,99.998,99.991,99.997,-0.001,-0.001,17543.53,175425.808
511990.SH,20170504,100.006,100.007,100.011,100.002,100.01,0.004,0.004,1009533.58,10095920.042
512000.SH,20170504,0.932,0.932,0.932,0.923,0.926,-0.006,-0.6438,18071.0,1675.231
512010.SH,20170504,1.426,1.425,1.425,1.408,1.408,-0.018,-1.2623,662.0,93.352
512070.SH,20170504,1.649,1.642,1.65,1.642,1.647,-0.002,-0.1213,2350.0,387.232
512100.SH,20170504,0.891,0.884,0.895,0.884,0.888,-0.003,-0.3367,2996.0,266.276
512120.SH,20170504,1.448,1.384,1.4,1.384,1.4,-0.048,-3.3149,33.0,4.604
512220.SH,20170504,1.303,1.29,1.316,1.29,1.316,0.013,0.9977,110.0,14.265
512230.SH,20170504,1.338,1.305,1.378,1.305,1.376,0.038,2.8401,66.0,8.788
512300.SH,20170504,1.207,1.188,1.196,1.188,1.188,-0.019,-1.5742,1968.0,234.131
512310.SH,20170504,0.709,0.709,0.72,0.708,0.72,0.011,1.5515,5639.0,400.923
512330.SH,20170504,0.79,0.79,0.801,0.79,0.794,0.004,0.5063,268.0,21.357
512340.SH,20170504,0.829,0.824,0.83,0.822,0.822,-0.007,-0.8444,5218.0,431.098
512500.SH,20170504,3.0,3.0,3.007,2.998,3.0,0.0,0.0,1326.0,397.631
512510.SH,20170504,1.26,1.256,1.268,1.252,1.254,-0.006,-0.4762,5745.94,724.168
512580.SH,20170504,1.021,1.018,1.036,1.014,1.023,0.002,0.1959,21090.0,2164.579
512600.SH,20170504,1.646,1.642,1.642,1.642,1.642,-0.004,-0.243,2.0,0.328
512610.SH,20170504,1.425,1.422,1.427,1.408,1.427,0.002,0.1404,1310.0,185.574
512640.SH,20170504,1.604,1.599,1.602,1.593,1.595,-0.009,-0.5611,19.0,3.036
512660.SH,20170504,0.981,0.979,0.979,0.963,0.965,-0.016,-1.631,114157.0,11065.001
512680.SH,20170504,0.952,0.95,0.95,0.936,0.936,-0.016,-1.6807,44440.0,4179.659
512810.SH,20170504,0.944,0.94,0.94,0.93,0.931,-0.013,-1.3771,26145.0,2433.644
512880.SH,20170504,0.985,0.983,0.983,0.975,0.977,-0.008,-0.8122,112025.34,10963.374
512900.SH,20170504,0.944,0.943,0.943,0.935,0.936,-0.008,-0.8475,85675.0,8032.334
512990.SH,20170504,1.017,1.012,1.02,1.012,1.018,0.001,0.0983,1168.0,118.361
513030.SH,20170504,1.095,1.095,1.098,1.088,1.092,-0.003,-0.274,11674.0,1275.08
513050.SH,20170504,1.187,1.187,1.189,1.171,1.181,-0.006,-0.5055,24213.0,2862.023
513100.SH,20170504,2.039,2.033,2.035,2.027,2.033,-0.006,-0.2943,28688.0,5825.511
513500.SH,20170504,1.55,1.55,1.55,1.542,1.547,-0.003,-0.1935,7314.0,1130.361
513600.SH,20170504,2.21,2.226,2.226,2.211,2.226,0.016,0.724,1323.34,293.899
513660.SH,20170504,2.217,2.219,2.219,2.21,2.218,0.001,0.0451,16831.0,3728.497
518800.SH,20170504,2.785,2.769,2.769,2.737,2.744,-0.041,-1.4722,371744.0,102427.935
518880.SH,20170504,2.788,2.765,2.767,2.736,2.745,-0.043,-1.5423,4861794.0,1341891.833
