ts_code,trade_date,pre_close,open,high,low,close,change,pct_chg,vol,amount
150008.SZ,20170516,1.159,1.23,1.23,1.23,1.23,0.071,6.126,1.0,0.123
150009.SZ,20170516,0.91,0.9,0.9,0.9,0.9,-0.01,-1.0989,21.98,1.978
150012.SZ,20170516,1.052,1.049,1.05,1.049,1.05,-0.002,-0.1901,5423.04,569.117
150013.SZ,20170516,1.121,1.104,1.129,1.104,1.128,0.007,0.6244,2344.51,262.86
150016.SZ,20170516,1.01,1.009,1.019,1.007,1.019,0.009,0.8911,2617.57,264.92
150017.SZ,20170516,1.006,1.006,1.035,1.006,1.035,0.029,2.8827,2694.88,274.865
150018.SZ,20170516,1.044,1.04,1.047,1.037,1.045,0.001,0.0958,165337.69,17250.055
150019.SZ,20170516,0.75,0.75,0.785,0.741,0.785,0.035,4.6667,468280.04,35744.347
150020.SZ,20170516,1.047,1.048,1.048,1.048,1.048,0.001,0.0955,9310.0,975.688
150021.SZ,20170516,0.93,0.927,0.929,0.925,0.929,-0.001,-0.1075,2350.0,217.985
150022.SZ,20170516,0.77,0.77,0.783,0.767,0.782,0.012,1.5584,448993.89,34724.197
150023.SZ,20170516,0.34,0.34,0.349,0.336,0.349,0.009,2.6471,601538.72,20693.22
150028.SZ,20170516,1.012,1.014,1.014,1.012,1.012,0.0,0.0,6125.56,620.214
150029.SZ,20170516,1.273,1.251,1.319,1.251,1.318,0.045,3.535,4125.85,534.07
150030.SZ,20170516,1.06,1.078,1.079,1.005,1.065,0.005,0.4717,92.45,9.839
150031.SZ,20170516,1.032,0.996,1.05,0.996,1.038,0.006,0.5814,299.02,30.066
150032.SZ,20170516,1.0,1.003,1.003,0.998,1.0,0.0,0.0,960.0,96.076
150047.SZ,20170516,1.428,1.426,1.48,1.426,1.45,0.022,1.5406,105.0,15.221
150048.SZ,20170516,0.997,0.978,1.004,0.978,1.004,0.007,0.7021,1754.0,175.019
150049.SZ,20170516,1.008,1.006,1.008,1.005,1.008,0.0,0.0,3297.0,331.628
150050.SZ,20170516,0.957,0.93,0.975,0.93,0.975,0.018,1.8809,2342.71,225.841
150051.SZ,20170516,1.038,1.035,1.039,1.032,1.038,0.0,0.0,10141.23,1048.776
150052.SZ,20170516,1.331,1.336,1.353,1.312,1.353,0.022,1.6529,17608.97,2353.774
150053.SZ,20170516,1.03,1.032,1.032,1.031,1.031,0.001,0.0971,26.0,2.682
150055.SZ,20170516,1.078,1.078,1.078,1.078,1.078,0.0,0.0,641.0,69.099
150056.SZ,20170516,1.305,1.296,1.35,1.296,1.346,0.041,3.1418,1903.0,253.327
150057.SZ,20170516,1.162,1.201,1.248,1.048,1.048,-0.114,-9.8107,263.34,32.807
150058.SZ,20170516,0.823,0.845,0.879,0.845,0.879,0.056,6.8044,507.0,44.327
150059.SZ,20170516,1.134,1.199,1.199,1.131,1.139,0.005,0.4409,3020.0,361.977
150060.SZ,20170516,0.87,0.87,0.913,0.87,0.913,0.043,4.9425,841.26,74.962
150064.SZ,20170516,1.089,1.052,1.096,1.052,1.088,-0.001,-0.0918,92.0,9.999
150065.SZ,20170516,0.862,0.835,0.861,0.835,0.861,-0.001,-0.116,149.18,12.829
150066.SZ,20170516,0.931,0.933,0.933,0.933,0.933,0.002,0.2148,100.0,9.33
150073.SZ,20170516,1.033,1.032,1.033,1.032,1.033,0.0,0.0,169.0,17.45
150075.SZ,20170516,1.123,1.108,1.174,1.108,1.174,0.051,4.5414,248.37,28.795
150084.SZ,20170516,0.873,0.896,0.896,0.896,0.896,0.023,2.6346,7.0,0.627
150090.SZ,20170516,1.088,1.089,1.195,1.089,1.1,0.012,1.1029,1722.0,189.825
150091.SZ,20170516,0.812,0.817,0.83,0.817,0.83,0.018,2.2167,2060.94,170.639
150092.SZ,20170516,1.083,1.083,1.083,1.083,1.083,0.0,0.0,15.0,1.624
150093.SZ,20170516,0.816,0.768,0.867,0.768,0.867,0.051,6.25,35.0,2.886
150094.SZ,20170516,1.03,1.028,1.028,1.026,1.026,-0.004,-0.3883,40.0,4.106
150095.SZ,20170516,0.367,0.379,0.395,0.378,0.395,0.028,7.6294,130.0,4.944
150096.SZ,20170516,1.013,1.013,1.016,1.013,1.013,0.0,0.0,261.0,26.515
150097.SZ,20170516,0.884,0.867,0.928,0.857,0.926,0.042,4.7511,8212.62,739.644
150100.SZ,20170516,1.042,1.044,1.044,1.033,1.042,0.0,0.0,2652.0,276.366
150101.SZ,20170516,1.076,1.061,1.13,1.061,1.13,0.054,5.0186,2295.02,250.118
150104.SZ,20170516,1.092,1.039,1.088,1.039,1.086,-0.006,-0.5495,30.4,3.3
150106.SZ,20170516,1.113,1.113,1.114,1.113,1.114,0.001,0.0898,6520.0,725.889
150107.SZ,20170516,0.837,0.842,0.875,0.823,0.875,0.038,4.54,6834.72,580.296
150108.SZ,20170516,1.07,1.105,1.106,1.105,1.106,0.036,3.3645,74.81,8.271
150112.SZ,20170516,1.064,1.055,1.064,1.055,1.064,0.0,0.0,198.0,21.051
150113.SZ,20170516,1.394,1.306,1.306,1.306,1.306,-0.088,-6.3128,40.0,5.224
150117.SZ,20170516,1.079,1.069,1.069,1.065,1.068,-0.011,-1.0195,3707.65,395.577
150118.SZ,20170516,0.344,0.341,0.358,0.336,0.354,0.01,2.907,55729.01,1928.154
150121.SZ,20170516,1.034,1.038,1.042,1.038,1.041,0.007,0.677,243.0,25.264
150122.SZ,20170516,1.165,1.18,1.185,1.18,1.185,0.02,1.7167,91.0,10.763
150123.SZ,20170516,1.293,1.286,1.287,1.277,1.277,-0.016,-1.2374,7.0,0.899
150124.SZ,20170516,1.598,1.595,1.629,1.595,1.628,0.03,1.8773,3578.0,574.654
150130.SZ,20170516,1.076,1.07,1.081,1.07,1.081,0.005,0.4647,98774.18,10633.312
150131.SZ,20170516,0.466,0.463,0.486,0.462,0.485,0.019,4.0773,534062.81,25355.759
150135.SZ,20170516,1.02,1.014,1.019,1.014,1.019,-0.001,-0.098,739.05,75.038
150138.SZ,20170516,1.03,1.035,1.036,1.035,1.036,0.006,0.5825,47.0,4.867
150139.SZ,20170516,0.75,0.758,0.781,0.758,0.779,0.029,3.8667,64.72,5.021
150140.SZ,20170516,1.056,1.054,1.054,1.053,1.053,-0.003,-0.2841,122.0,12.857
150141.SZ,20170516,0.702,0.651,0.655,0.651,0.655,-0.047,-6.6952,407.32,26.556
150143.SZ,20170516,1.009,1.011,1.011,1.009,1.01,0.001,0.0991,5669.67,572.552
150144.SZ,20170516,0.47,0.466,0.486,0.466,0.486,0.016,3.4043,1250.11,59.902
150145.SZ,20170516,1.028,1.022,1.032,1.022,1.022,-0.006,-0.5837,137.86,14.116
150146.SZ,20170516,0.399,0.398,0.398,0.361,0.368,-0.031,-7.7694,1974.68,71.748
150148.SZ,20170516,1.062,1.064,1.066,1.057,1.066,0.004,0.3766,6340.85,675.897
150149.SZ,20170516,0.579,0.579,0.602,0.579,0.601,0.022,3.7997,3558.77,211.975
150150.SZ,20170516,1.021,1.023,1.023,1.02,1.023,0.002,0.1959,6914.0,706.642
150151.SZ,20170516,0.915,0.873,0.95,0.873,0.95,0.035,3.8251,6172.54,561.902
150152.SZ,20170516,1.047,1.046,1.048,1.042,1.045,-0.002,-0.191,283851.78,29636.727
150153.SZ,20170516,0.55,0.55,0.59,0.539,0.586,0.036,6.5455,2038290.41,114550.918
150156.SZ,20170516,0.99,0.96,0.987,0.96,0.987,-0.003,-0.303,13.0,1.251
150157.SZ,20170516,1.024,1.021,1.022,1.02,1.021,-0.003,-0.293,30504.01,3114.616
150158.SZ,20170516,0.785,0.781,0.787,0.773,0.785,0.0,0.0,28552.95,2225.846
150164.SZ,20170516,1.01,1.009,1.009,1.008,1.008,-0.002,-0.198,9801.04,988.587
150165.SZ,20170516,0.543,0.528,0.544,0.515,0.538,-0.005,-0.9208,2851.2,147.832
150168.SZ,20170516,0.65,0.642,0.644,0.642,0.644,-0.006,-0.9231,52.0,3.346
150169.SZ,20170516,1.028,1.029,1.043,1.026,1.035,0.007,0.6809,18535.77,1909.989
150170.SZ,20170516,1.168,1.161,1.166,1.149,1.162,-0.006,-0.5137,31462.11,3640.961
150171.SZ,20170516,1.011,1.011,1.011,1.006,1.009,-0.002,-0.1978,65421.59,6591.735
150172.SZ,20170516,0.967,0.966,0.976,0.95,0.975,0.008,0.8273,429868.09,41391.441
150173.SZ,20170516,1.015,1.014,1.015,1.012,1.015,0.0,0.0,27784.95,2816.519
150174.SZ,20170516,0.49,0.49,0.514,0.47,0.514,0.024,4.898,10767.47,534.327
150175.SZ,20170516,0.963,0.962,0.964,0.961,0.964,0.001,0.1038,378343.41,36431.625
150176.SZ,20170516,0.941,0.945,0.949,0.931,0.94,-0.001,-0.1063,188808.0,17723.112
150177.SZ,20170516,1.036,1.049,1.049,1.049,1.049,0.013,1.2548,44.0,4.615
150178.SZ,20170516,1.214,1.201,1.22,1.2,1.22,0.006,0.4942,5630.27,677.663
150179.SZ,20170516,1.045,1.035,1.046,1.035,1.045,0.0,0.0,3983.34,415.615
150180.SZ,20170516,1.156,1.148,1.201,1.123,1.201,0.045,3.8927,3278.42,385.031
150181.SZ,20170516,1.028,1.02,1.027,1.02,1.023,-0.005,-0.4864,188646.31,19330.208
150182.SZ,20170516,0.781,0.78,0.817,0.745,0.814,0.033,4.2254,528355.06,41047.593
150184.SZ,20170516,1.068,1.057,1.079,1.057,1.075,0.007,0.6554,2007.21,214.388
150185.SZ,20170516,0.755,0.748,0.79,0.748,0.789,0.034,4.5033,33545.34,2583.268
150186.SZ,20170516,1.038,1.038,1.041,1.03,1.037,-0.001,-0.0963,47173.48,4897.155
150187.SZ,20170516,0.576,0.531,0.598,0.531,0.598,0.022,3.8194,47851.43,2696.262
150188.SZ,20170516,1.007,1.006,1.007,1.006,1.007,0.0,0.0,910.05,91.572
150189.SZ,20170516,0.766,0.766,0.804,0.747,0.778,0.012,1.5666,138.03,10.545
150190.SZ,20170516,1.16,1.067,1.116,1.067,1.116,-0.044,-3.7931,3025.52,329.537
150191.SZ,20170516,1.026,1.0,1.06,1.0,1.058,0.032,3.1189,1213.42,124.516
150193.SZ,20170516,0.895,0.846,0.896,0.846,0.896,0.001,0.1117,1175.11,103.588
150194.SZ,20170516,1.0,1.013,1.022,1.013,1.016,0.016,1.6,917064.34,93314.841
150195.SZ,20170516,1.024,0.997,1.05,0.962,1.038,0.014,1.3672,471457.41,46986.447
150196.SZ,20170516,1.1,1.1,1.106,1.093,1.1,0.0,0.0,65533.61,7204.067
150197.SZ,20170516,0.798,0.792,0.849,0.787,0.849,0.051,6.391,133418.32,10847.31
150198.SZ,20170516,1.151,1.156,1.156,1.151,1.153,0.002,0.1738,91233.0,10511.548
150199.SZ,20170516,0.697,0.691,0.743,0.691,0.739,0.042,6.0258,120998.54,8776.377
150200.SZ,20170516,1.008,1.008,1.008,1.005,1.006,-0.002,-0.1984,1003333.84,101014.377
150201.SZ,20170516,0.361,0.361,0.374,0.35,0.373,0.012,3.3241,5631545.77,203480.737
150203.SZ,20170516,1.028,1.026,1.031,1.021,1.027,-0.001,-0.0973,12780.11,1314.369
150204.SZ,20170516,0.765,0.771,0.794,0.746,0.79,0.025,3.268,18058.11,1382.02
150205.SZ,20170516,1.012,1.012,1.015,1.009,1.015,0.003,0.2964,454333.48,45938.435
150206.SZ,20170516,0.893,0.89,0.922,0.866,0.921,0.028,3.1355,892357.4,79509.041
150207.SZ,20170516,1.075,1.073,1.077,1.073,1.077,0.002,0.186,319.45,34.315
150208.SZ,20170516,0.35,0.345,0.369,0.338,0.369,0.019,5.4286,10039.0,358.608
150209.SZ,20170516,1.046,1.043,1.044,1.039,1.041,-0.005,-0.478,222270.29,23156.597
150210.SZ,20170516,0.705,0.707,0.735,0.697,0.733,0.028,3.9716,391002.59,28024.468
150211.SZ,20170516,1.039,1.038,1.038,1.033,1.035,-0.004,-0.385,62033.72,6420.619
150212.SZ,20170516,0.48,0.48,0.528,0.474,0.528,0.048,10.0,199405.47,10165.426
150213.SZ,20170516,1.061,1.059,1.119,1.059,1.065,0.004,0.377,37164.89,3947.257
150214.SZ,20170516,0.313,0.311,0.34,0.307,0.34,0.027,8.6262,115138.23,3724.724
150215.SZ,20170516,1.028,1.101,1.131,1.021,1.107,0.079,7.6848,2438.44,268.545
150216.SZ,20170516,0.934,0.925,1.027,0.925,0.966,0.032,3.4261,5680.15,530.868
150217.SZ,20170516,1.016,1.016,1.018,1.011,1.017,0.001,0.0984,33060.95,3347.028
150218.SZ,20170516,0.429,0.429,0.47,0.429,0.466,0.037,8.6247,19297.0,858.99
150219.SZ,20170516,1.147,1.145,1.146,1.141,1.146,-0.001,-0.0872,10141.0,1161.104
150220.SZ,20170516,0.812,0.802,0.837,0.802,0.835,0.023,2.8325,23768.08,1957.206
150221.SZ,20170516,1.16,1.158,1.158,1.152,1.157,-0.003,-0.2586,378082.43,43648.896
150222.SZ,20170516,0.359,0.354,0.384,0.345,0.383,0.024,6.6852,1733496.77,62663.844
150223.SZ,20170516,1.121,1.118,1.12,1.116,1.118,-0.003,-0.2676,32464.04,3630.146
150224.SZ,20170516,0.755,0.754,0.763,0.742,0.763,0.008,1.0596,199918.81,15037.602
150225.SZ,20170516,1.038,1.044,1.044,1.03,1.03,-0.008,-0.7707,5091.0,525.252
150226.SZ,20170516,1.066,1.046,1.065,1.046,1.065,-0.001,-0.0938,40.13,4.247
150227.SZ,20170516,1.025,1.022,1.023,1.019,1.022,-0.003,-0.2927,103337.3,10549.213
150228.SZ,20170516,0.676,0.675,0.677,0.666,0.675,-0.001,-0.1479,599601.2,40217.47
150229.SZ,20170516,1.049,1.047,1.047,1.046,1.047,-0.002,-0.1907,6065.0,634.899
150230.SZ,20170516,0.903,0.878,0.942,0.878,0.94,0.037,4.0975,6433.83,596.476
150232.SZ,20170516,0.985,0.97,1.048,0.97,1.048,0.063,6.3959,5600.82,568.833
150233.SZ,20170516,1.037,1.038,1.04,1.038,1.04,0.003,0.2893,1135.0,117.887
150234.SZ,20170516,0.334,0.314,0.358,0.314,0.355,0.021,6.2874,2542.46,85.062
150235.SZ,20170516,1.029,1.03,1.031,1.028,1.031,0.002,0.1944,24791.66,2552.698
150236.SZ,20170516,0.716,0.708,0.723,0.703,0.723,0.007,0.9777,45538.67,3239.804
150237.SZ,20170516,1.047,1.045,1.06,1.045,1.06,0.013,1.2416,245.92,26.051
150238.SZ,20170516,1.114,1.108,1.114,1.062,1.062,-0.052,-4.6679,254.0,28.274
150241.SZ,20170516,1.026,1.013,1.013,1.012,1.012,-0.014,-1.3645,1478.45,149.669
150242.SZ,20170516,0.811,0.8,0.808,0.8,0.801,-0.01,-1.233,736.23,59.033
150243.SZ,20170516,1.072,1.168,1.169,1.069,1.074,0.002,0.1866,2568.86,275.892
150244.SZ,20170516,0.576,0.579,0.61,0.563,0.606,0.03,5.2083,92676.11,5443.002
150245.SZ,20170516,1.088,1.088,1.138,1.088,1.137,0.049,4.5037,879.0,99.956
150246.SZ,20170516,0.885,0.797,0.897,0.797,0.833,-0.052,-5.8757,2202.39,184.207
150247.SZ,20170516,1.065,1.066,1.069,1.06,1.069,0.004,0.3756,20428.02,2172.421
150248.SZ,20170516,0.86,0.853,0.884,0.834,0.884,0.024,2.7907,18496.85,1594.463
150249.SZ,20170516,1.018,1.013,1.017,1.013,1.017,-0.001,-0.0982,126.0,12.798
150250.SZ,20170516,0.748,0.741,0.745,0.734,0.745,-0.003,-0.4011,500.0,37.055
150251.SZ,20170516,1.06,1.069,1.069,1.065,1.067,0.007,0.6604,625.0,66.582
150252.SZ,20170516,0.889,0.888,0.917,0.863,0.914,0.025,2.8121,9917.31,884.897
150255.SZ,20170516,1.04,1.039,1.039,1.03,1.039,-0.001,-0.0962,4447.21,461.463
150256.SZ,20170516,0.658,0.627,0.654,0.607,0.654,-0.004,-0.6079,875.04,54.93
150257.SZ,20170516,1.049,1.062,1.063,1.039,1.04,-0.009,-0.858,298.41,31.064
150258.SZ,20170516,0.94,0.949,1.016,0.923,0.989,0.049,5.2128,1487.55,141.339
150259.SZ,20170516,1.04,1.04,1.044,1.038,1.044,0.004,0.3846,1839.66,191.209
150260.SZ,20170516,0.647,0.645,0.679,0.645,0.659,0.012,1.8547,532.37,34.759
150261.SZ,20170516,1.095,1.089,1.1,1.088,1.1,0.005,0.4566,10044.49,1093.618
150262.SZ,20170516,0.686,0.686,0.723,0.674,0.72,0.034,4.9563,8660.03,607.48
150263.SZ,20170516,1.054,1.043,1.057,1.043,1.057,0.003,0.2846,3.0,0.315
150264.SZ,20170516,0.428,0.415,0.445,0.415,0.44,0.012,2.8037,5864.57,250.132
150265.SZ,20170516,1.083,1.088,1.088,1.079,1.083,0.0,0.0,23488.37,2542.232
150266.SZ,20170516,1.21,1.188,1.235,1.176,1.235,0.025,2.0661,26073.75,3117.556
150267.SZ,20170516,1.078,1.04,1.075,1.04,1.075,-0.003,-0.2783,1.02,0.109
150268.SZ,20170516,0.708,0.691,0.692,0.691,0.692,-0.016,-2.2599,2.02,0.139
150269.SZ,20170516,1.089,1.097,1.106,1.09,1.103,0.014,1.2856,35325.86,3875.351
150270.SZ,20170516,1.208,1.209,1.271,1.208,1.27,0.062,5.1325,71333.26,8896.914
150271.SZ,20170516,1.022,1.087,1.087,1.012,1.028,0.006,0.5871,332.0,34.391
150272.SZ,20170516,0.849,0.815,0.912,0.815,0.912,0.063,7.4205,392.03,34.938
150273.SZ,20170516,1.029,1.028,1.036,1.026,1.034,0.005,0.4859,24784.0,2558.622
150274.SZ,20170516,0.559,0.567,0.567,0.51,0.564,0.005,0.8945,37224.2,1964.429
150275.SZ,20170516,1.018,1.017,1.019,1.013,1.015,-0.003,-0.2947,323258.07,32814.435
150276.SZ,20170516,0.507,0.504,0.52,0.478,0.516,0.009,1.7751,684583.88,33815.155
150277.SZ,20170516,1.046,1.04,1.046,1.035,1.046,0.0,0.0,5033.0,525.322
150278.SZ,20170516,0.491,0.486,0.491,0.452,0.488,-0.003,-0.611,61323.84,2929.273
150279.SZ,20170516,1.04,1.041,1.041,1.04,1.04,0.0,0.0,27.0,2.809
150280.SZ,20170516,0.697,0.709,0.714,0.633,0.699,0.002,0.2869,964.46,63.08
150281.SZ,20170516,1.045,1.043,1.044,1.033,1.042,-0.003,-0.2871,903.0,94.22
150282.SZ,20170516,0.401,0.385,0.401,0.381,0.401,0.0,0.0,5062.45,199.01
150283.SZ,20170516,1.04,1.04,1.046,1.038,1.04,0.0,0.0,10451.02,1091.419
150284.SZ,20170516,0.677,0.676,0.71,0.667,0.703,0.026,3.8405,4518.25,309.681
150287.SZ,20170516,1.074,1.068,1.08,1.068,1.079,0.005,0.4655,20476.0,2203.697
150288.SZ,20170516,0.474,0.469,0.492,0.465,0.491,0.017,3.5865,90478.52,4280.59
150289.SZ,20170516,1.042,1.038,1.041,1.037,1.039,-0.003,-0.2879,76943.0,7994.195
150290.SZ,20170516,0.316,0.314,0.34,0.305,0.334,0.018,5.6962,402413.12,12808.03
150291.SZ,20170516,1.046,1.045,1.045,1.044,1.045,-0.001,-0.0956,43618.92,4556.928
150292.SZ,20170516,0.555,0.553,0.553,0.545,0.549,-0.006,-1.0811,11728.01,642.976
150293.SZ,20170516,1.049,1.069,1.069,1.069,1.069,0.02,1.9066,8.0,0.855
150294.SZ,20170516,1.038,0.996,1.009,0.968,1.009,-0.029,-2.7938,116.52,11.304
150295.SZ,20170516,1.041,1.042,1.042,1.04,1.042,0.001,0.0961,33519.39,3487.388
150296.SZ,20170516,0.798,0.785,0.819,0.785,0.819,0.021,2.6316,6305.21,506.321
150297.SZ,20170516,1.044,1.037,1.043,1.035,1.042,-0.002,-0.1916,9291.94,965.452
150298.SZ,20170516,0.392,0.359,0.407,0.359,0.407,0.015,3.8265,7625.35,303.682
150299.SZ,20170516,1.043,1.043,1.044,1.04,1.041,-0.002,-0.1918,119616.72,12455.723
150300.SZ,20170516,0.511,0.508,0.51,0.498,0.506,-0.005,-0.9785,95127.81,4795.56
150301.SZ,20170516,1.071,1.071,1.075,1.067,1.073,0.002,0.1867,1871.42,200.584
150302.SZ,20170516,0.876,0.829,0.888,0.829,0.888,0.012,1.3699,2502.02,219.988
150303.SZ,20170516,1.066,1.065,1.075,1.063,1.075,0.009,0.8443,479690.31,51109.054
150304.SZ,20170516,0.917,0.918,0.953,0.898,0.95,0.033,3.5987,488024.22,45212.232
150305.SZ,20170516,1.044,1.049,1.049,1.045,1.045,0.001,0.0958,3948.34,413.498
150306.SZ,20170516,0.459,0.445,0.487,0.445,0.466,0.007,1.5251,3097.0,142.248
150307.SZ,20170516,1.013,1.013,1.016,1.013,1.016,0.003,0.2962,26520.55,2689.293
150308.SZ,20170516,0.26,0.25,0.282,0.242,0.282,0.022,8.4615,43397.91,1103.804
150309.SZ,20170516,1.019,1.022,1.025,1.018,1.021,0.002,0.1963,1374.21,140.526
150310.SZ,20170516,0.506,0.474,0.51,0.456,0.498,-0.008,-1.581,2797.22,132.9
150311.SZ,20170516,1.015,1.015,1.019,1.013,1.019,0.004,0.3941,1132.48,115.225
150312.SZ,20170516,0.679,0.661,0.699,0.661,0.699,0.02,2.9455,1586.31,110.091
150315.SZ,20170516,1.032,1.021,1.028,1.021,1.025,-0.007,-0.6783,12126.0,1243.424
150316.SZ,20170516,0.648,0.63,0.698,0.629,0.697,0.049,7.5617,4605.14,311.961
150321.SZ,20170516,1.181,1.18,1.182,1.176,1.182,0.001,0.0847,22909.15,2700.171
150322.SZ,20170516,0.835,0.822,0.86,0.81,0.855,0.02,2.3952,27366.0,2326.104
150323.SZ,20170516,1.052,1.052,1.058,1.043,1.043,-0.009,-0.8555,2403.0,253.035
150324.SZ,20170516,0.379,0.359,0.399,0.359,0.398,0.019,5.0132,1995.0,77.534
150325.SZ,20170516,1.043,1.049,1.049,1.049,1.049,0.006,0.5753,205.0,21.504
150326.SZ,20170516,0.978,0.92,0.955,0.905,0.944,-0.034,-3.4765,242.56,22.453
150327.SZ,20170516,1.2,1.147,1.147,1.147,1.147,-0.053,-4.4167,10.83,1.242
150328.SZ,20170516,0.983,0.983,0.983,0.977,0.98,-0.003,-0.3052,3558.44,348.04
150329.SZ,20170516,1.023,1.022,1.022,1.016,1.021,-0.002,-0.1955,5625.39,573.678
150330.SZ,20170516,1.032,1.028,1.04,1.019,1.036,0.004,0.3876,36537.54,3782.494
150331.SZ,20170516,1.063,1.061,1.067,1.059,1.065,0.002,0.1881,51664.67,5493.408
150332.SZ,20170516,0.281,0.28,0.296,0.275,0.296,0.015,5.3381,134864.67,3829.801
150335.SZ,20170516,1.037,1.037,1.039,1.034,1.038,0.001,0.0964,50950.81,5282.069
150336.SZ,20170516,0.309,0.309,0.332,0.293,0.327,0.018,5.8252,109857.52,3432.323
150343.SZ,20170516,1.063,1.064,1.064,1.061,1.061,-0.002,-0.1881,1751.0,185.957
150344.SZ,20170516,0.916,0.882,0.915,0.882,0.915,-0.001,-0.1092,2041.98,186.24
159001.SZ,20170516,100.001,99.999,100.0,99.996,99.998,-0.003,-0.003,4422.91,44228.352
159003.SZ,20170516,100.0,99.999,100.0,99.993,99.998,-0.002,-0.002,38942.17,389412.869
159005.SZ,20170516,100.0,100.0,100.001,99.999,100.0,0.0,0.0,134739.11,1347391.175
159901.SZ,20170516,4.03,4.02,4.113,4.001,4.109,0.079,1.9603,82425.57,33323.208
159902.SZ,20170516,3.09,3.09,3.166,3.076,3.165,0.075,2.4272,245785.0,76877.466
159903.SZ,20170516,1.051,1.046,1.076,1.045,1.073,0.022,2.0932,39549.0,4200.483
159905.SZ,20170516,1.288,1.271,1.306,1.271,1.306,0.018,1.3975,1134.0,145.854
159906.SZ,20170516,0.885,0.891,0.904,0.884,0.901,0.016,1.8079,306.15,27.262
159907.SZ,20170516,1.367,1.364,1.396,1.356,1.396,0.029,2.1214,7076.0,971.396
159908.SZ,20170516,1.28,1.226,1.274,1.226,1.274,-0.006,-0.4688,17.0,2.156
159910.SZ,20170516,1.402,1.416,1.418,1.416,1.418,0.016,1.1412,101.0,14.321
159911.SZ,20170516,3.927,3.928,3.95,3.928,3.95,0.023,0.5857,102.0,40.239
159912.SZ,20170516,1.239,1.228,1.246,1.228,1.245,0.006,0.4843,1000.04,124.227
159913.SZ,20170516,1.595,1.57,1.597,1.54,1.54,-0.055,-3.4483,24.0,3.725
159915.SZ,20170516,1.704,1.698,1.741,1.69,1.741,0.037,2.1714,1794430.12,308032.672
159916.SZ,20170516,2.958,2.85,2.898,2.849,2.898,-0.06,-2.0284,106.24,30.554
159918.SZ,20170516,1.997,1.862,2.052,1.862,2.038,0.041,2.0531,219.0,41.387
159919.SZ,20170516,3.66,3.66,3.696,3.635,3.696,0.036,0.9836,69251.6,25377.643
159920.SZ,20170516,1.389,1.395,1.396,1.386,1.389,0.0,0.0,274231.0,38114.939
159921.SZ,20170516,1.494,1.451,1.519,1.451,1.519,0.025,1.6734,141.0,20.535
159922.SZ,20170516,6.118,6.118,6.118,6.006,6.117,-0.001,-0.0163,2020.74,1230.512
159923.SZ,20170516,1.329,1.32,1.333,1.316,1.332,0.003,0.2257,194.0,25.722
159924.SZ,20170516,1.348,1.35,1.367,1.325,1.354,0.006,0.4451,1368.0,184.783
159925.SZ,20170516,1.39,1.388,1.406,1.381,1.406,0.016,1.1511,2596.61,362.971
159927.SZ,20170516,3.32,3.292,3.328,3.292,3.328,0.008,0.241,132.0,43.838
159928.SZ,20170516,1.595,1.599,1.63,1.581,1.63,0.035,2.1944,2033.0,327.282
159929.SZ,20170516,1.411,1.411,1.431,1.403,1.429,0.018,1.2757,4045.25,572.979
159930.SZ,20170516,0.785,0.773,0.787,0.764,0.775,-0.01,-1.2739,563.0,43.472
159931.SZ,20170516,1.445,1.444,1.444,1.442,1.442,-0.003,-0.2076,27.0,3.894
159933.SZ,20170516,1.577,1.576,1.59,1.57,1.59,0.013,0.8244,9.0,1.427
159934.SZ,20170516,2.747,2.748,2.752,2.747,2.75,0.003,0.1092,91747.48,25222.875
159935.SZ,20170516,1.526,1.522,1.569,1.515,1.569,0.043,2.8178,52.0,7.912
159936.SZ,20170516,1.503,1.503,1.647,1.454,1.52,0.017,1.1311,633.0,94.626
159937.SZ,20170516,2.763,2.765,2.769,2.765,2.768,0.005,0.181,194506.0,53816.65
159938.SZ,20170516,1.253,1.253,1.277,1.249,1.275,0.022,1.7558,27166.0,3427.8
159939.SZ,20170516,1.04,1.04,1.065,1.03,1.065,0.025,2.4038,8832.0,925.237
159940.SZ,20170516,0.8,0.793,0.807,0.792,0.801,0.001,0.125,193.0,15.377
159941.SZ,20170516,1.312,1.311,1.319,1.311,1.316,0.004,0.3049,4657.04,611.783
159942.SZ,20170516,1.737,1.73,1.76,1.725,1.755,0.018,1.0363,675.16,117.539
159943.SZ,20170516,10.229,10.136,10.44,10.136,10.44,0.211,2.0628,513.12,527.988
159944.SZ,20170516,0.817,0.865,0.865,0.81,0.811,-0.006,-0.7344,309.0,25.1
159945.SZ,20170516,0.668,0.668,0.683,0.666,0.681,0.013,1.9461,588.0,39.28
159946.SZ,20170516,0.98,0.981,0.999,0.981,0.999,0.019,1.9388,256.0,25.287
159948.SZ,20170516,1.846,1.833,1.88,1.829,1.879,0.033,1.7876,9896.9,1824.476
159949.SZ,20170516,0.715,0.714,0.727,0.708,0.727,0.012,1.6783,35272.73,2532.915
159950.SZ,20170516,0.991,0.985,1.016,0.976,1.016,0.025,2.5227,269700.71,27072.71
160105.SZ,20170516,0.992,0.983,0.992,0.982,0.992,0.0,0.0,21.0,2.065
160106.SZ,20170516,1.22,1.217,1.24,1.211,1.239,0.019,1.5574,2798.21,342.608
160119.SZ,20170516,1.45,1.453,1.5,1.445,1.479,0.029,2.0,3707.86,539.332
160125.SZ,20170516,0.866,0.861,0.866,0.861,0.864,-0.002,-0.2309,9728.14,838.536
160128.SZ,20170516,0.962,0.962,0.964,0.962,0.963,0.001,0.104,1040.0,100.192
160130.SZ,20170516,0.937,0.935,0.935,0.935,0.935,-0.002,-0.2134,220.0,20.57
160131.SZ,20170516,0.978,0.974,0.974,0.973,0.973,-0.005,-0.5112,1000.0,97.32
160133.SZ,20170516,1.886,1.881,1.914,1.88,1.908,0.022,1.1665,2114.85,398.827
160211.SZ,20170516,3.111,3.11,3.19,3.091,3.19,0.079,2.5394,4762.16,1498.157
160212.SZ,20170516,2.555,2.551,2.628,2.54,2.621,0.066,2.5832,28855.98,7464.232
160215.SZ,20170516,1.519,1.517,1.568,1.508,1.568,0.049,3.2258,2851.82,438.269
160216.SZ,20170516,0.409,0.411,0.411,0.407,0.409,0.0,0.0,106271.89,4345.82
160220.SZ,20170516,1.272,1.274,1.274,1.274,1.274,0.002,0.1572,150.0,19.11
160223.SZ,20170516,0.847,0.837,0.848,0.836,0.848,0.001,0.1181,154.0,12.972
160225.SZ,20170516,0.922,0.915,0.931,0.915,0.93,0.008,0.8677,929.28,85.804
160311.SZ,20170516,1.344,1.336,1.359,1.336,1.359,0.015,1.1161,1468.2,197.564
160314.SZ,20170516,1.023,1.023,1.05,1.02,1.035,0.012,1.173,1217.3,125.129
160323.SZ,20170516,0.928,0.924,0.926,0.924,0.926,-0.002,-0.2155,625.01,57.846
160415.SZ,20170516,1.175,1.178,1.197,1.177,1.179,0.004,0.3404,1151.73,137.222
160416.SZ,20170516,0.952,0.952,0.953,0.947,0.95,-0.002,-0.2101,6573.0,624.132
160421.SZ,20170516,0.819,0.817,0.826,0.812,0.824,0.005,0.6105,7439.43,608.533
160505.SZ,20170516,1.668,1.666,1.686,1.66,1.682,0.014,0.8393,20546.6,3436.073
160512.SZ,20170516,2.229,2.226,2.262,2.207,2.261,0.032,1.4356,3015.98,670.748
160513.SZ,20170516,1.407,1.401,1.401,1.401,1.401,-0.006,-0.4264,5.0,0.7
160515.SZ,20170516,0.976,0.976,0.977,0.973,0.973,-0.003,-0.3074,5880.0,572.341
160518.SZ,20170516,0.887,0.885,0.905,0.875,0.905,0.018,2.0293,113414.14,10100.104
160519.SZ,20170516,0.914,0.894,0.913,0.888,0.905,-0.009,-0.9847,11513.99,1039.059
160520.SZ,20170516,0.949,0.948,0.948,0.948,0.948,-0.001,-0.1054,48.0,4.55
160522.SZ,20170516,0.945,0.941,0.944,0.941,0.944,-0.001,-0.1058,1121.0,105.593
160607.SZ,20170516,0.708,0.708,0.714,0.7,0.714,0.006,0.8475,3518.79,249.65
160610.SZ,20170516,1.04,1.04,1.05,1.039,1.049,0.009,0.8654,406.0,42.359
160611.SZ,20170516,0.824,0.814,0.827,0.814,0.827,0.003,0.3641,227.04,18.59
160613.SZ,20170516,1.321,1.32,1.322,1.32,1.322,0.001,0.0757,22.0,2.904
160615.SZ,20170516,1.34,1.347,1.349,1.347,1.349,0.009,0.6716,2.0,0.269
160616.SZ,20170516,1.238,1.233,1.252,1.225,1.252,0.014,1.1309,120.0,14.946
160621.SZ,20170516,1.054,1.053,1.053,1.05,1.05,-0.004,-0.3795,18.0,1.89
160635.SZ,20170516,0.986,0.996,1.0,0.996,1.0,0.014,1.4199,291.09,29.107
160706.SZ,20170516,0.964,0.962,0.972,0.958,0.971,0.007,0.7261,40562.28,3905.331
160716.SZ,20170516,1.288,1.288,1.294,1.282,1.29,0.002,0.1553,974.0,125.632
160717.SZ,20170516,0.772,0.773,0.774,0.768,0.772,0.0,0.0,10061.0,776.359
160719.SZ,20170516,0.712,0.711,0.715,0.709,0.712,0.0,0.0,9752.0,693.56
160722.SZ,20170516,0.946,0.945,0.949,0.944,0.949,0.003,0.3171,7823.12,740.561
160723.SZ,20170516,0.986,0.988,0.988,0.983,0.985,-0.001,-0.1014,22190.49,2186.568
160805.SZ,20170516,0.806,0.806,0.807,0.795,0.807,0.001,0.1241,180.39,14.481
160806.SZ,20170516,1.23,1.228,1.242,1.22,1.242,0.012,0.9756,515.79,63.514
160807.SZ,20170516,1.11,1.122,1.124,1.122,1.124,0.014,1.2613,2.0,0.224
160812.SZ,20170516,1.383,1.381,1.405,1.377,1.405,0.022,1.5907,3833.88,532.42
160813.SZ,20170516,0.769,0.754,0.778,0.754,0.775,0.006,0.7802,1253.99,94.563
160910.SZ,20170516,0.992,0.99,1.01,0.99,1.01,0.018,1.8145,2017.67,202.306
160916.SZ,20170516,2.327,2.324,2.362,2.322,2.362,0.035,1.5041,2383.65,558.964
160918.SZ,20170516,1.762,1.75,1.788,1.746,1.788,0.026,1.4756,415.0,73.203
160919.SZ,20170516,1.144,1.132,1.161,1.132,1.161,0.017,1.486,2892.0,329.786
160921.SZ,20170516,0.918,0.91,0.918,0.908,0.918,0.0,0.0,1038.0,94.715
160922.SZ,20170516,1.031,1.034,1.034,1.026,1.033,0.002,0.194,3185.91,327.552
161005.SZ,20170516,1.747,1.747,1.764,1.732,1.764,0.017,0.9731,2811.82,491.862
161010.SZ,20170516,1.029,1.029,1.03,1.029,1.03,0.001,0.0972,2601.0,267.672
161017.SZ,20170516,2.015,1.999,1.999,1.999,1.999,-0.016,-0.794,50.0,9.995
161019.SZ,20170516,0.958,0.96,0.96,0.96,0.96,0.002,0.2088,4494.0,431.424
161033.SZ,20170516,0.978,0.961,0.986,0.952,0.984,0.006,0.6135,636.74,62.408
161035.SZ,20170516,0.887,0.881,0.898,0.881,0.898,0.011,1.2401,1368.13,120.93
161036.SZ,20170516,0.936,0.923,0.944,0.923,0.94,0.004,0.4274,15939.69,1492.953
161037.SZ,20170516,0.994,0.994,0.996,0.994,0.995,0.001,0.1006,7646.42,760.444
161116.SZ,20170516,0.727,0.73,0.73,0.727,0.728,0.001,0.1376,2374.0,172.713
161117.SZ,20170516,1.018,0.951,1.001,0.942,1.001,-0.017,-1.6699,58.0,5.651
161124.SZ,20170516,1.035,1.032,1.038,1.032,1.032,-0.003,-0.2899,6441.13,666.547
161125.SZ,20170516,1.045,1.047,1.048,1.043,1.047,0.002,0.1914,3210.0,335.056
161126.SZ,20170516,1.093,1.096,1.096,1.093,1.093,0.0,0.0,216.0,23.634
161127.SZ,20170516,1.09,1.098,1.098,1.088,1.092,0.002,0.1835,2301.0,251.327
161128.SZ,20170516,1.113,1.111,1.121,1.111,1.121,0.008,0.7188,1098.03,122.549
161129.SZ,20170516,0.918,0.918,0.925,0.918,0.925,0.007,0.7625,1648.03,151.754
161210.SZ,20170516,0.974,0.975,0.977,0.972,0.975,0.001,0.1027,2134.0,208.048
161213.SZ,20170516,1.365,1.374,1.374,1.374,1.374,0.009,0.6593,1.0,0.137
161217.SZ,20170516,0.624,0.624,0.639,0.622,0.639,0.015,2.4038,316.01,20.057
161219.SZ,20170516,1.283,1.283,1.286,1.282,1.286,0.003,0.2338,238.0,30.594
161222.SZ,20170516,1.043,1.041,1.052,1.038,1.052,0.009,0.8629,182.08,18.982
161224.SZ,20170516,1.063,1.061,1.061,1.017,1.055,-0.008,-0.7526,225.0,23.567
161225.SZ,20170516,1.073,1.073,1.081,1.068,1.081,0.008,0.7456,2276.02,244.681
161226.SZ,20170516,0.935,0.939,0.944,0.936,0.939,0.004,0.4278,258677.72,24280.425
161227.SZ,20170516,0.875,0.869,0.89,0.869,0.89,0.015,1.7143,15164.32,1338.866
161229.SZ,20170516,1.305,1.308,1.315,1.305,1.311,0.006,0.4598,343.0,44.946
1612301.SZ,20170516,0.971,0.974,0.974,0.974,0.974,0.003,0.309,17.0,1.655
161232.SZ,20170516,0.803,0.801,0.816,0.79,0.814,0.011,1.3699,66560.46,5365.134
161233.SZ,20170516,0.936,0.936,0.959,0.93,0.959,0.023,2.4573,21.88,2.046
161607.SZ,20170516,1.048,1.043,1.043,1.043,1.043,-0.005,-0.4771,601.0,62.684
161610.SZ,20170516,0.846,0.853,0.858,0.843,0.858,0.012,1.4184,2800.0,239.287
161626.SZ,20170516,0.997,0.992,0.992,0.992,0.992,-0.005,-0.5015,392.0,38.886
161630.SZ,20170516,0.877,0.875,0.888,0.87,0.888,0.011,1.2543,611.0,53.703
161631.SZ,20170516,0.984,0.985,0.998,0.981,0.998,0.014,1.4228,2719.41,268.813
161706.SZ,20170516,1.333,1.337,1.357,1.337,1.354,0.021,1.5754,3428.0,461.051
161713.SZ,20170516,0.994,0.992,0.994,0.992,0.993,-0.001,-0.1006,226.0,22.441
161714.SZ,20170516,0.895,0.899,0.9,0.891,0.898,0.003,0.3352,1709.07,153.146
161810.SZ,20170516,1.529,1.521,1.546,1.521,1.546,0.017,1.1118,1216.89,185.981
161815.SZ,20170516,0.454,0.452,0.454,0.451,0.454,0.0,0.0,1138.0,51.457
161820.SZ,20170516,1.047,1.046,1.048,1.046,1.048,0.001,0.0955,51.0,5.338
161831.SZ,20170516,0.951,0.953,0.958,0.947,0.951,0.0,0.0,727.16,69.055
161834.SZ,20170516,0.855,0.852,0.866,0.852,0.86,0.005,0.5848,49665.22,4260.032
161903.SZ,20170516,0.847,0.839,0.839,0.83,0.839,-0.008,-0.9445,88.0,7.315
161907.SZ,20170516,1.492,1.476,1.494,1.467,1.494,0.002,0.134,160.0,23.496
161908.SZ,20170516,0.891,0.885,0.885,0.884,0.884,-0.007,-0.7856,74.0,6.543
161911.SZ,20170516,0.954,0.954,0.954,0.951,0.954,0.0,0.0,6951.17,661.793
162006.SZ,20170516,1.098,1.099,1.112,1.093,1.112,0.014,1.275,157.0,17.284
162108.SZ,20170516,1.074,1.073,1.073,1.073,1.073,-0.001,-0.0931,1.0,0.107
162207.SZ,20170516,1.146,1.147,1.155,1.147,1.155,0.009,0.7853,77.1,8.892
162215.SZ,20170516,1.001,1.001,1.001,1.001,1.001,0.0,0.0,80.0,8.008
162307.SZ,20170516,1.067,1.059,1.071,1.034,1.07,0.003,0.2812,137.0,14.463
162411.SZ,20170516,0.613,0.612,0.612,0.607,0.609,-0.004,-0.6525,804768.74,49073.753
162414.SZ,20170516,1.088,1.089,1.092,1.086,1.092,0.004,0.3676,17.0,1.847
162415.SZ,20170516,1.214,1.214,1.214,1.207,1.211,-0.003,-0.2471,981.0,118.868
162510.SZ,20170516,1.022,1.004,1.025,0.997,1.025,0.003,0.2935,1186.0,119.323
162605.SZ,20170516,0.997,0.994,1.007,0.992,1.007,0.01,1.003,4106.0,409.516
162607.SZ,20170516,0.469,0.466,0.476,0.464,0.476,0.007,1.4925,3992.77,186.592
162703.SZ,20170516,1.187,1.182,1.207,1.182,1.203,0.016,1.3479,2069.85,247.331
162711.SZ,20170516,1.259,1.259,1.267,1.258,1.267,0.008,0.6354,161.01,20.277
162712.SZ,20170516,1.39,1.39,1.39,1.39,1.39,0.0,0.0,712.0,98.968
162715.SZ,20170516,1.088,1.081,1.093,1.081,1.092,0.004,0.3676,1013.0,110.079
162717.SZ,20170516,0.928,0.877,0.929,0.877,0.929,0.001,0.1078,2772.7,252.527
162718.SZ,20170516,0.892,0.889,0.899,0.862,0.885,-0.007,-0.7848,1065.82,93.567
162719.SZ,20170516,0.975,0.974,0.974,0.972,0.974,-0.001,-0.1026,3047.08,296.509
163001.SZ,20170516,0.907,0.897,0.907,0.897,0.907,0.0,0.0,72.2,6.533
163003.SZ,20170516,0.809,0.808,0.808,0.808,0.808,-0.001,-0.1236,8.0,0.646
163110.SZ,20170516,2.474,2.474,2.518,2.451,2.515,0.041,1.6572,7341.71,1829.207
163119.SZ,20170516,0.85,0.843,0.865,0.843,0.865,0.015,1.7647,2951.75,252.604
163208.SZ,20170516,0.889,0.891,0.892,0.888,0.888,-0.001,-0.1125,215.0,19.147
163210.SZ,20170516,0.999,1.0,1.002,0.999,1.0,0.001,0.1001,1576.79,157.825
163302.SZ,20170516,1.27,1.272,1.28,1.266,1.277,0.007,0.5512,143.0,18.223
163402.SZ,20170516,0.986,0.985,0.997,0.978,0.995,0.009,0.9128,20144.55,1991.344
163407.SZ,20170516,1.481,1.481,1.486,1.481,1.483,0.002,0.135,161.0,23.903
163409.SZ,20170516,1.442,1.442,1.468,1.442,1.461,0.019,1.3176,244.0,35.609
163412.SZ,20170516,2.408,2.408,2.436,2.387,2.436,0.028,1.1628,8139.52,1966.841
163415.SZ,20170516,1.286,1.282,1.306,1.275,1.306,0.02,1.5552,1043.08,134.931
163503.SZ,20170516,0.44,0.439,0.44,0.435,0.439,-0.001,-0.2273,3216.73,140.813
163801.SZ,20170516,1.131,1.13,1.154,1.128,1.145,0.014,1.2378,1360.0,154.384
163827.SZ,20170516,1.014,1.006,1.006,1.006,1.006,-0.008,-0.789,16.0,1.609
163907.SZ,20170516,1.024,1.094,1.094,1.094,1.094,0.07,6.8359,1.0,0.109
164210.SZ,20170516,0.983,0.983,0.983,0.983,0.983,0.0,0.0,1000.0,98.3
164302.SZ,20170516,1.005,1.006,1.006,1.006,1.006,0.001,0.0995,2247.84,226.132
164403.SZ,20170516,0.899,0.892,0.905,0.891,0.905,0.006,0.6674,157.0,14.139
164701.SZ,20170516,0.612,0.611,0.612,0.609,0.611,-0.001,-0.1634,756.0,46.084
164702.SZ,20170516,0.959,0.96,0.96,0.96,0.96,0.001,0.1043,2228.0,213.888
164703.SZ,20170516,1.011,1.006,1.01,1.006,1.01,-0.001,-0.0989,712.0,71.872
164705.SZ,20170516,1.098,1.091,1.107,1.091,1.096,-0.002,-0.1821,567.94,62.212
164808.SZ,20170516,0.973,0.973,0.976,0.973,0.976,0.003,0.3083,381.0,37.092
164810.SZ,20170516,0.946,0.951,0.96,0.951,0.959,0.013,1.3742,2219.42,211.789
164812.SZ,20170516,0.942,0.946,0.95,0.946,0.948,0.006,0.6369,10.0,0.948
164815.SZ,20170516,0.789,0.791,0.8,0.787,0.787,-0.002,-0.2535,1115.0,88.158
164906.SZ,20170516,1.26,1.261,1.261,1.245,1.249,-0.011,-0.873,9085.13,1137.188
165309.SZ,20170516,1.023,1.027,1.027,1.026,1.026,0.003,0.2933,6.0,0.615
165313.SZ,20170516,1.402,1.399,1.412,1.398,1.412,0.01,0.7133,3287.0,461.05
165510.SZ,20170516,0.758,0.76,0.763,0.76,0.76,0.002,0.2639,1827.0,139.054
165512.SZ,20170516,2.179,2.169,2.196,1.961,2.196,0.017,0.7802,786.0,158.629
165513.SZ,20170516,0.442,0.442,0.444,0.44,0.444,0.002,0.4525,1365.0,60.32
165516.SZ,20170516,2.309,2.334,2.348,2.334,2.348,0.039,1.689,4.0,0.935
165517.SZ,20170516,0.747,0.747,0.747,0.747,0.747,0.0,0.0,105.81,7.904
165525.SZ,20170516,1.179,1.179,1.181,1.157,1.181,0.002,0.1696,15630.86,1825.577
165528.SZ,20170516,0.944,0.944,0.955,0.94,0.949,0.005,0.5297,6513.0,615.368
165705.SZ,20170516,0.958,0.959,0.959,0.959,0.959,0.001,0.1044,4.0,0.383
165807.SZ,20170516,1.028,1.03,1.031,1.03,1.031,0.003,0.2918,1176.0,121.225
166001.SZ,20170516,1.059,1.056,1.069,1.05,1.069,0.01,0.9443,44.66,4.72
166006.SZ,20170516,1.071,1.071,1.092,1.071,1.092,0.021,1.9608,522.0,56.7
166007.SZ,20170516,1.169,1.201,1.203,1.201,1.203,0.034,2.9085,2.0,0.24
166009.SZ,20170516,1.958,1.974,1.984,1.974,1.984,0.026,1.3279,2.0,0.395
166011.SZ,20170516,1.17,1.172,1.178,1.172,1.178,0.008,0.6838,140.0,16.469
166902.SZ,20170516,0.985,0.97,0.973,0.97,0.973,-0.012,-1.2183,597.0,58.058
167001.SZ,20170516,0.812,0.808,0.823,0.8,0.821,0.009,1.1084,25618.11,2070.24
168101.SZ,20170516,0.976,0.972,0.987,0.965,0.981,0.005,0.5123,14435.0,1407.095
168102.SZ,20170516,0.812,0.808,0.82,0.808,0.815,0.003,0.3695,7324.46,595.543
168103.SZ,20170516,0.771,0.771,0.775,0.763,0.774,0.003,0.3891,88534.95,6811.642
168104.SZ,20170516,0.944,0.936,0.951,0.936,0.951,0.007,0.7415,140.0,13.181
168105.SZ,20170516,0.787,0.786,0.788,0.772,0.788,0.001,0.1271,15625.51,1219.459
168301.SZ,20170516,0.895,0.892,0.896,0.871,0.896,0.001,0.1117,14448.73,1290.417
169101.SZ,20170516,1.39,1.394,1.434,1.391,1.432,0.042,3.0216,12587.0,1778.957
169102.SZ,20170516,1.3,1.301,1.33,1.288,1.323,0.023,1.7692,4988.0,652.488
169103.SZ,20170516,1.174,1.179,1.192,1.178,1.192,0.018,1.5332,3300.0,391.18
169104.SZ,20170516,1.159,1.144,1.175,1.143,1.168,0.009,0.7765,3581.0,413.076
169105.SZ,20170516,1.201,1.2,1.227,1.192,1.22,0.019,1.582,146404.56,17652.476
169201.SZ,20170516,0.894,0.857,0.887,0.857,0.887,-0.007,-0.783,3152.97,278.425
184722.SZ,20170516,0.939,0.938,0.947,0.934,0.947,0.008,0.852,161958.32,15205.345
184801.SZ,20170516,99.98,100.976,100.976,99.303,100.0,0.02,0.02,89.0,889.712
500058.SH,20170516,0.952,0.951,0.959,0.948,0.959,0.007,0.7353,130127.08,12390.785
501000.SH,20170516,0.996,1.02,1.02,1.02,1.02,0.024,2.4096,31.0,3.162
501001.SH,20170516,1.003,1.003,1.022,1.003,1.021,0.018,1.7946,8509.75,858.879
501002.SH,20170516,0.941,0.941,0.952,0.94,0.944,0.003,0.3188,131.0,12.441
501003.SH,20170516,1.109,0.998,1.019,0.998,0.998,-0.111,-10.009,25215.62,2519.544
501005.SH,20170516,0.922,0.921,0.937,0.921,0.935,0.013,1.41,4144.02,383.622
501007.SH,20170516,0.923,0.923,0.923,0.908,0.908,-0.015,-1.6251,50.0,4.612
501008.SH,20170516,0.899,0.889,0.907,0.889,0.907,0.008,0.8899,161.0,14.546
501009.SH,20170516,0.998,1.0,1.0,1.0,1.0,0.002,0.2004,164.47,16.447
501010.SH,20170516,1.017,1.013,1.013,1.013,1.013,-0.004,-0.3933,21.0,2.127
501011.SH,20170516,1.035,1.015,1.059,1.015,1.023,-0.012,-1.1594,1082.74,111.705
501012.SH,20170516,1.015,1.01,1.035,1.01,1.035,0.02,1.9704,966.03,98.031
501015.SH,20170516,0.911,0.911,0.929,0.905,0.924,0.013,1.427,42064.95,3845.994
501017.SH,20170516,0.887,0.89,0.898,0.88,0.898,0.011,1.2401,11979.79,1065.91
501018.SH,20170516,0.921,0.927,0.927,0.919,0.922,0.001,0.1086,87215.6,8048.263
501019.SH,20170516,0.832,0.826,0.847,0.82,0.841,0.009,1.0817,22945.74,1898.255
501020.SH,20170516,0.973,0.963,0.986,0.963,0.98,0.007,0.7194,6860.2,669.051
501021.SH,20170516,1.188,1.189,1.194,1.186,1.19,0.002,0.1684,72472.53,8624.092
501022.SH,20170516,0.926,0.917,0.934,0.917,0.93,0.004,0.432,8331.3,767.382
501023.SH,20170516,1.058,1.058,1.059,1.055,1.058,0.0,0.0,6919.58,731.846
501025.SH,20170516,1.074,1.075,1.075,1.071,1.074,0.0,0.0,7418.73,796.856
501026.SH,20170516,0.878,0.871,0.882,0.866,0.882,0.004,0.4556,13010.94,1136.976
501028.SH,20170516,0.899,0.899,0.899,0.893,0.899,0.0,0.0,13763.63,1234.5
501029.SH,20170516,0.993,0.994,1.003,0.988,1.003,0.01,1.007,104763.85,10418.844
501030.SH,20170516,1.013,1.013,1.064,0.988,1.026,0.013,1.2833,3575.0,362.561
501031.SH,20170516,1.009,1.009,1.034,0.984,1.032,0.023,2.2795,3040.86,307.71
501032.SH,20170516,0.987,0.975,0.975,0.975,0.975,-0.012,-1.2158,9.0,0.878
501050.SH,20170516,1.021,1.022,1.026,1.018,1.025,0.004,0.3918,12830.68,1312.288
501300.SH,20170516,1.01,1.009,1.009,1.009,1.009,-0.001,-0.099,1307.0,131.876
501301.SH,20170516,1.006,1.008,1.011,1.003,1.007,0.001,0.0994,131780.69,13259.3
502000.SH,20170516,0.965,0.946,0.963,0.935,0.963,-0.002,-0.2073,320.0,30.409
502001.SH,20170516,1.1,1.031,1.031,1.031,1.031,-0.069,-6.2727,10.0,1.031
502002.SH,20170516,0.838,0.79,0.85,0.79,0.848,0.01,1.1933,197.19,16.22
502003.SH,20170516,0.948,0.945,0.967,0.932,0.959,0.011,1.1603,9908.09,942.663
502004.SH,20170516,1.049,1.039,1.044,1.039,1.042,-0.007,-0.6673,13459.16,1403.109
502005.SH,20170516,0.854,0.852,0.886,0.818,0.884,0.03,3.5129,28271.18,2396.568
502006.SH,20170516,0.981,0.975,0.99,0.97,0.99,0.009,0.9174,7604.32,747.412
502007.SH,20170516,1.113,1.158,1.158,1.112,1.119,0.006,0.5391,9767.39,1090.835
502008.SH,20170516,0.846,0.827,0.866,0.827,0.865,0.019,2.2459,12572.58,1059.328
502010.SH,20170516,1.082,1.081,1.098,1.078,1.085,0.003,0.2773,430.71,46.567
502011.SH,20170516,1.039,1.038,1.04,1.037,1.039,0.0,0.0,1912.0,198.489
502012.SH,20170516,1.121,1.11,1.125,1.101,1.125,0.004,0.3568,2872.16,320.795
502013.SH,20170516,0.801,0.801,0.806,0.786,0.805,0.004,0.4994,226101.82,17951.217
502014.SH,20170516,1.035,1.035,1.035,1.033,1.033,-0.002,-0.1932,169299.66,17502.486
502015.SH,20170516,0.567,0.567,0.578,0.539,0.577,0.01,1.7637,192089.77,10621.559
502016.SH,20170516,1.036,1.024,1.038,1.024,1.038,0.002,0.1931,781.88,81.154
502017.SH,20170516,1.015,1.014,1.014,1.014,1.014,-0.001,-0.0985,2.0,0.203
502018.SH,20170516,1.05,1.099,1.099,1.099,1.099,0.049,4.6667,255.0,28.025
502021.SH,20170516,1.041,1.04,1.04,1.026,1.026,-0.015,-1.4409,85.0,8.826
502022.SH,20170516,1.359,1.229,1.359,1.229,1.359,0.0,0.0,12.99,1.752
502023.SH,20170516,0.894,0.895,0.895,0.895,0.895,0.001,0.1119,2.0,0.179
502024.SH,20170516,1.05,1.031,1.071,0.956,0.956,-0.094,-8.9524,3.0,0.306
502025.SH,20170516,0.706,0.698,0.715,0.698,0.715,0.009,1.2748,355.0,25.011
502026.SH,20170516,0.791,0.776,0.813,0.776,0.786,-0.005,-0.6321,75.0,5.937
502027.SH,20170516,1.067,1.031,1.033,1.031,1.033,-0.034,-3.1865,170.5,17.593
502028.SH,20170516,0.6,0.578,0.588,0.54,0.578,-0.022,-3.6667,909.69,49.439
502032.SH,20170516,1.01,0.98,1.025,0.978,1.025,0.015,1.4851,53.56,5.476
502048.SH,20170516,1.157,1.153,1.154,1.15,1.154,-0.003,-0.2593,667.04,76.926
502049.SH,20170516,1.069,1.078,1.078,1.069,1.078,0.009,0.8419,1489.21,160.117
502050.SH,20170516,1.243,1.24,1.243,1.23,1.243,0.0,0.0,5376.56,664.679
502053.SH,20170516,0.914,0.907,0.916,0.9,0.915,0.001,0.1094,2307.0,210.319
502054.SH,20170516,1.081,1.08,1.081,1.079,1.08,-0.001,-0.0925,1154.0,124.633
502055.SH,20170516,0.747,0.737,0.752,0.732,0.752,0.005,0.6693,9909.0,738.204
502056.SH,20170516,0.959,0.96,0.986,0.96,0.986,0.027,2.8154,87.0,8.427
502057.SH,20170516,1.055,1.055,1.055,1.054,1.054,-0.001,-0.0948,703.5,74.169
502058.SH,20170516,0.858,0.831,0.897,0.831,0.897,0.039,4.5455,483.0,42.26
505888.SH,20170516,1.174,1.169,1.19,1.167,1.184,0.01,0.8518,321725.11,37832.257
510010.SH,20170516,0.981,0.99,0.994,0.975,0.994,0.013,1.3252,300.0,29.711
510020.SH,20170516,2.4,2.325,2.44,2.325,2.433,0.033,1.375,121.7,29.03
510030.SH,20170516,4.18,4.189,4.19,4.1,4.1,-0.08,-1.9139,11.0,4.599
510050.SH,20170516,2.374,2.368,2.379,2.36,2.379,0.005,0.2106,1872077.28,443240.905
510060.SH,20170516,1.633,1.622,1.627,1.61,1.627,-0.006,-0.3674,1988.89,321.512
510070.SH,20170516,1.578,1.578,1.58,1.578,1.58,0.002,0.1267,261.42,41.272
510090.SH,20170516,1.314,1.332,1.332,1.332,1.332,0.018,1.3699,300.0,39.96
510120.SH,20170516,2.665,2.674,2.674,2.674,2.674,0.009,0.3377,1.0,0.267
510130.SH,20170516,3.556,3.556,3.578,3.54,3.578,0.022,0.6187,92.0,32.779
510150.SH,20170516,3.999,4.0,4.098,3.995,4.098,0.099,2.4756,52.29,20.944
510160.SH,20170516,0.553,0.552,0.555,0.546,0.555,0.002,0.3617,13359.0,733.031
510170.SH,20170516,1.648,1.648,1.668,1.62,1.649,0.001,0.0607,1400.0,227.341
510180.SH,20170516,3.024,3.024,3.035,2.999,3.035,0.011,0.3638,122285.6,36840.754
510190.SH,20170516,3.206,3.2,3.457,3.19,3.457,0.251,7.8291,1231.85,395.627
510210.SH,20170516,3.5,3.649,3.66,3.501,3.599,0.099,2.8286,291.0,105.346
510220.SH,20170516,4.0,4.095,4.095,3.9,4.004,0.004,0.1,120.0,48.119
510230.SH,20170516,5.283,5.272,5.273,5.241,5.273,-0.01,-0.1893,1727.0,907.939
510260.SH,20170516,1.125,1.02,1.125,1.015,1.124,-0.001,-0.0889,41.0,4.301
510270.SH,20170516,1.009,1.007,1.012,0.998,1.0,-0.009,-0.892,199.0,20.029
510280.SH,20170516,1.38,1.406,1.43,1.4,1.425,0.045,3.2609,45.0,6.321
510290.SH,20170516,1.481,1.479,1.507,1.469,1.507,0.026,1.7556,3897.0,580.556
510300.SH,20170516,3.394,3.391,3.435,3.378,3.434,0.04,1.1786,1033131.51,351932.708
510310.SH,20170516,1.423,1.423,1.437,1.413,1.435,0.012,0.8433,6155.0,874.791
510330.SH,20170516,3.637,3.629,3.668,3.613,3.667,0.03,0.8249,4708.0,1713.226
510360.SH,20170516,1.052,1.05,1.061,1.046,1.061,0.009,0.8555,2286.0,240.689
510410.SH,20170516,0.636,0.636,0.66,0.633,0.658,0.022,3.4591,331.0,21.091
510420.SH,20170516,1.409,1.409,1.425,1.374,1.425,0.016,1.1356,15.0,2.088
510430.SH,20170516,1.339,1.329,1.334,1.329,1.334,-0.005,-0.3734,153.0,20.336
510440.SH,20170516,1.702,1.68,1.793,1.671,1.793,0.091,5.3467,89.0,15.057
510500.SH,20170516,6.168,6.17,6.306,6.107,6.297,0.129,2.0914,360260.88,224155.631
510510.SH,20170516,1.631,1.63,1.664,1.616,1.664,0.033,2.0233,86172.23,14099.236
510560.SH,20170516,1.224,1.202,1.246,1.201,1.246,0.022,1.7974,5978.0,721.252
510580.SH,20170516,5.769,5.7,5.837,5.675,5.837,0.068,1.1787,26.0,14.991
510630.SH,20170516,1.69,1.692,1.72,1.691,1.72,0.03,1.7751,847.1,143.851
510650.SH,20170516,1.499,1.49,1.49,1.482,1.488,-0.011,-0.7338,17131.0,2543.594
510660.SH,20170516,1.603,1.61,1.633,1.598,1.633,0.03,1.8715,5559.0,900.519
510680.SH,20170516,1.864,1.89,1.89,1.889,1.889,0.025,1.3412,3.0,0.567
510710.SH,20170516,2.397,2.381,2.397,2.381,2.397,0.0,0.0,412.91,98.811
510810.SH,20170516,0.948,0.948,0.96,0.94,0.96,0.012,1.2658,51186.22,4866.049
510880.SH,20170516,2.721,2.719,2.731,2.697,2.73,0.009,0.3308,64594.0,17536.242
510900.SH,20170516,1.141,1.147,1.148,1.135,1.142,0.001,0.0876,7359062.61,837699.383
511010.SH,20170516,109.033,108.838,109.1,108.8,108.881,-0.152,-0.1394,70420.74,766729.661
511210.SH,20170516,113.268,111.01,111.01,111.01,111.01,-2.258,-1.9935,0.1,1.11
511220.SH,20170516,92.799,92.57,92.987,92.57,92.615,-0.184,-0.1983,42.0,389.229
511230.SH,20170516,99.0,99.0,99.0,99.0,99.0,0.0,0.0,0.9,8.91
511600.SH,20170516,99.998,99.997,99.999,99.994,99.996,-0.002,-0.002,6416.8,64165.929
511650.SH,20170516,100.0,99.998,100.003,99.997,100.0,0.0,0.0,9750.25,97502.916
511660.SH,20170516,100.005,100.001,100.004,99.999,100.002,-0.003,-0.003,142682.82,1426839.519
511680.SH,20170516,99.998,100.0,100.0,99.994,99.998,0.0,0.0,6084.02,60838.301
511690.SH,20170516,100.0,99.997,99.999,99.993,99.996,-0.004,-0.004,49837.39,498353.179
511700.SH,20170516,100.005,100.0,100.0,100.0,100.0,-0.005,-0.005,213.1,2131.0
511760.SH,20170516,100.017,99.954,99.954,99.954,99.954,-0.063,-0.063,0.1,1.0
511770.SH,20170516,99.998,99.996,99.998,99.992,99.995,-0.003,-0.003,1105.69,11056.395
511800.SH,20170516,99.997,99.994,99.996,99.991,99.993,-0.004,-0.004,16193.27,161921.853
511810.SH,20170516,100.007,100.002,100.003,99.995,99.996,-0.011,-0.011,200938.7,2009361.035
511820.SH,20170516,99.999,99.996,99.996,99.993,99.994,-0.005,-0.005,64304.81,643013.464
511830.SH,20170516,100.003,99.999,100.003,99.996,100.0,-0.003,-0.003,8934.85,89348.399
511850.SH,20170516,100.011,100.008,100.009,100.002,100.003,-0.008,-0.008,6260.58,62608.778
511860.SH,20170516,99.996,99.994,99.996,99.993,99.996,0.0,0.0,7245.98,72455.814
511880.SH,20170516,101.28,101.29,101.292,101.273,101.277,-0.003,-0.003,767847.19,7777060.237
511890.SH,20170516,99.994,99.99,99.991,99.986,99.988,-0.006,-0.006,144.86,1448.454
511900.SH,20170516,99.998,99.997,99.998,99.994,99.997,-0.001,-0.001,62500.62,624986.6
511910.SH,20170516,99.998,99.998,99.998,99.996,99.997,-0.001,-0.001,4572.03,45718.956
511920.SH,20170516,99.995,99.986,99.995,99.986,99.99,-0.005,-0.005,3.01,30.098
511930.SH,20170516,99.997,99.999,99.999,99.998,99.998,0.001,0.001,858.02,8580.1
511950.SH,20170516,99.992,99.95,99.988,99.95,99.988,-0.004,-0.004,0.22,2.199
511960.SH,20170516,100.0,99.999,100.0,99.995,99.997,-0.003,-0.003,1527.96,15279.217
511970.SH,20170516,99.996,99.996,100.0,99.993,99.995,-0.001,-0.001,4396.0,43958.153
511980.SH,20170516,99.997,99.995,99.998,99.994,99.996,-0.001,-0.001,30392.21,303910.724
511990.SH,20170516,100.012,100.01,100.011,99.994,99.996,-0.016,-0.016,1323037.98,13230839.424
512000.SH,20170516,0.914,0.914,0.917,0.904,0.917,0.003,0.3282,36465.0,3317.778
512010.SH,20170516,1.437,1.436,1.468,1.426,1.447,0.01,0.6959,1606.0,231.351
512070.SH,20170516,1.671,1.672,1.675,1.663,1.675,0.004,0.2394,1230.0,205.302
512100.SH,20170516,0.841,0.841,0.861,0.835,0.86,0.019,2.2592,5894.0,501.897
512120.SH,20170516,1.377,1.377,1.413,1.375,1.413,0.036,2.6144,23.0,3.184
512210.SH,20170516,1.51,1.498,1.547,1.498,1.547,0.037,2.4503,3.0,0.455
512220.SH,20170516,1.29,1.282,1.282,1.28,1.28,-0.01,-0.7752,556.0,71.279
512230.SH,20170516,1.356,1.316,1.354,1.263,1.354,-0.002,-0.1475,26.0,3.467
512300.SH,20170516,1.161,1.16,1.171,1.16,1.171,0.01,0.8613,524.0,60.951
512310.SH,20170516,0.667,0.66,0.679,0.659,0.679,0.012,1.7991,1762.0,117.375
512330.SH,20170516,0.776,0.776,0.79,0.766,0.79,0.014,1.8041,504.0,39.178
512340.SH,20170516,0.774,0.775,0.792,0.767,0.792,0.018,2.3256,984.0,76.432
512500.SH,20170516,2.867,2.83,2.905,2.83,2.9,0.033,1.151,3362.17,963.56
512510.SH,20170516,1.199,1.198,1.224,1.19,1.224,0.025,2.0851,9745.97,1177.566
512580.SH,20170516,0.978,0.979,1.001,0.972,1.001,0.023,2.3517,12732.0,1258.196
512600.SH,20170516,1.622,1.564,1.642,1.564,1.642,0.02,1.233,101.0,15.804
512610.SH,20170516,1.41,1.412,1.425,1.408,1.425,0.015,1.0638,905.0,127.791
512640.SH,20170516,1.628,1.628,1.628,1.612,1.612,-0.016,-0.9828,8.0,1.293
512660.SH,20170516,0.877,0.878,0.89,0.859,0.889,0.012,1.3683,214642.0,18746.784
512680.SH,20170516,0.854,0.852,0.866,0.838,0.866,0.012,1.4052,44858.0,3807.449
512810.SH,20170516,0.851,0.846,0.86,0.832,0.859,0.008,0.9401,43415.0,3643.093
512880.SH,20170516,0.965,0.964,0.97,0.957,0.97,0.005,0.5181,90329.0,8709.682
512900.SH,20170516,0.924,0.922,0.927,0.917,0.926,0.002,0.2165,60562.0,5587.016
512990.SH,20170516,1.002,1.01,1.011,1.0,1.01,0.008,0.7984,449.0,45.321
513030.SH,20170516,1.143,1.146,1.154,1.135,1.137,-0.006,-0.5249,33210.0,3798.626
513050.SH,20170516,1.269,1.253,1.256,1.246,1.248,-0.021,-1.6548,111416.0,13932.951
513100.SH,20170516,2.06,2.072,2.076,2.07,2.073,0.013,0.6311,37528.0,7781.628
513500.SH,20170516,1.544,1.552,1.555,1.55,1.552,0.008,0.5181,30692.0,4765.273
513600.SH,20170516,2.294,2.3,2.302,2.293,2.302,0.008,0.3487,7090.0,1628.708
513660.SH,20170516,2.287,2.289,2.297,2.284,2.289,0.002,0.0875,1833.97,419.945
518800.SH,20170516,2.743,2.745,2.749,2.744,2.746,0.003,0.1094,326236.0,89621.073
518880.SH,20170516,2.75,2.753,2.759,2.753,2.757,0.007,0.2545,3064408.5,844582.407
