ts_code,trade_date,pre_close,open,high,low,close,change,pct_chg,vol,amount
150008.SZ,20170823,1.299,1.259,1.299,1.259,1.299,0.0,0.0,253.52,31.922
150009.SZ,20170823,1.092,1.058,1.109,1.058,1.096,0.004,0.3663,9.33,0.996
150012.SZ,20170823,1.026,1.025,1.026,1.023,1.026,0.0,0.0,2978.0,305.229
150013.SZ,20170823,1.343,1.354,1.368,1.353,1.36,0.017,1.2658,2323.74,316.484
150016.SZ,20170823,1.05,1.055,1.056,1.05,1.052,0.002,0.1905,1269.0,133.635
150017.SZ,20170823,1.176,1.178,1.179,1.176,1.179,0.003,0.2551,1668.0,196.371
150018.SZ,20170823,1.045,1.046,1.048,1.043,1.046,0.001,0.0957,79300.0,8295.346
150019.SZ,20170823,0.951,0.95,0.956,0.942,0.952,0.001,0.1052,240783.29,22886.025
150020.SZ,20170823,1.062,1.062,1.063,1.062,1.063,0.001,0.0942,3305.0,351.315
150021.SZ,20170823,1.034,1.036,1.036,1.032,1.034,0.0,0.0,10998.0,1137.671
150022.SZ,20170823,0.813,0.813,0.814,0.81,0.81,-0.003,-0.369,117371.6,9521.829
150023.SZ,20170823,0.387,0.387,0.388,0.384,0.386,-0.001,-0.2584,120560.47,4653.672
150028.SZ,20170823,1.004,1.001,1.004,1.001,1.004,0.0,0.0,175.55,17.623
150029.SZ,20170823,1.495,1.507,1.507,1.47,1.472,-0.023,-1.5385,332.32,49.34
150030.SZ,20170823,1.055,1.055,1.058,1.055,1.057,0.002,0.1896,1027.29,108.511
150031.SZ,20170823,1.253,1.2,1.269,1.2,1.26,0.007,0.5587,1059.6,133.924
150039.SZ,20170823,1.042,1.003,1.034,1.003,1.034,-0.008,-0.7678,151.0,15.153
150040.SZ,20170823,1.19,1.073,1.18,1.073,1.18,-0.01,-0.8403,1.01,0.119
150048.SZ,20170823,1.086,1.095,1.095,1.067,1.073,-0.013,-1.1971,9.0,0.967
150049.SZ,20170823,0.987,0.986,0.987,0.986,0.987,0.0,0.0,574.0,56.643
150050.SZ,20170823,1.25,1.25,1.25,1.233,1.245,-0.005,-0.4,826.43,103.246
150051.SZ,20170823,1.003,1.004,1.004,1.003,1.003,0.0,0.0,500.0,50.19
150052.SZ,20170823,1.643,1.645,1.656,1.635,1.65,0.007,0.426,7667.92,1265.454
150055.SZ,20170823,1.085,1.063,1.079,1.063,1.078,-0.007,-0.6452,227.0,24.192
150056.SZ,20170823,1.49,1.44,1.477,1.432,1.458,-0.032,-2.1477,396.0,57.687
150060.SZ,20170823,1.315,1.262,1.31,1.262,1.307,-0.008,-0.6084,22.01,2.836
150066.SZ,20170823,0.899,0.9,0.901,0.9,0.901,0.002,0.2225,410.0,36.912
150067.SZ,20170823,1.47,1.47,1.47,1.47,1.47,0.0,0.0,69.0,10.143
150073.SZ,20170823,1.005,1.02,1.02,1.02,1.02,0.015,1.4925,4.0,0.408
150075.SZ,20170823,1.207,1.18,1.182,1.18,1.182,-0.025,-2.0713,38.1,4.5
150076.SZ,20170823,0.98,0.982,0.983,0.982,0.983,0.003,0.3061,386.0,37.914
150084.SZ,20170823,1.118,1.11,1.11,1.11,1.11,-0.008,-0.7156,1.0,0.111
150091.SZ,20170823,0.998,0.951,0.954,0.951,0.954,-0.044,-4.4088,20.56,1.961
150100.SZ,20170823,1.087,1.045,1.087,1.045,1.087,0.0,0.0,103.0,10.767
150101.SZ,20170823,1.66,1.626,1.656,1.616,1.649,-0.011,-0.6627,2488.26,407.307
150104.SZ,20170823,1.038,1.037,1.037,1.037,1.037,-0.001,-0.0963,30.0,3.111
150105.SZ,20170823,1.545,1.59,1.59,1.59,1.59,0.045,2.9126,30.0,4.77
150107.SZ,20170823,1.069,1.075,1.075,1.057,1.061,-0.008,-0.7484,6130.52,655.054
150109.SZ,20170823,1.01,0.98,1.055,0.98,1.01,0.0,0.0,1151.19,121.141
150112.SZ,20170823,0.99,1.009,1.01,1.009,1.01,0.02,2.0202,79.0,7.975
150113.SZ,20170823,1.567,1.56,1.572,1.56,1.572,0.005,0.3191,91.0,14.209
150117.SZ,20170823,1.052,1.052,1.053,1.051,1.052,0.0,0.0,14379.0,1512.71
150118.SZ,20170823,0.45,0.447,0.451,0.443,0.448,-0.002,-0.4444,95033.0,4255.402
150123.SZ,20170823,1.34,1.347,1.347,1.33,1.33,-0.01,-0.7463,202.0,27.119
150124.SZ,20170823,2.011,2.018,2.038,2.015,2.025,0.014,0.6962,2972.0,600.985
150130.SZ,20170823,1.054,1.055,1.055,1.054,1.054,0.0,0.0,5944.0,626.97
150131.SZ,20170823,0.514,0.512,0.518,0.51,0.51,-0.004,-0.7782,239331.37,12276.774
150135.SZ,20170823,1.012,1.02,1.02,1.017,1.017,0.005,0.4941,173.0,17.594
150136.SZ,20170823,0.85,0.859,0.859,0.851,0.851,0.001,0.1176,150.0,12.805
150139.SZ,20170823,1.018,0.98,1.028,0.96,1.028,0.01,0.9823,13.0,1.256
150140.SZ,20170823,1.018,1.019,1.021,1.019,1.021,0.003,0.2947,2060.0,210.232
150141.SZ,20170823,0.922,0.935,0.935,0.931,0.931,0.009,0.9761,2097.0,195.985
150144.SZ,20170823,0.722,0.702,0.707,0.686,0.707,-0.015,-2.0776,1122.0,77.64
150146.SZ,20170823,0.477,0.477,0.477,0.477,0.477,0.0,0.0,2.0,0.095
150149.SZ,20170823,0.628,0.622,0.623,0.621,0.621,-0.007,-1.1146,1395.0,86.779
150150.SZ,20170823,1.031,1.015,1.023,1.015,1.023,-0.008,-0.7759,155.0,15.783
150151.SZ,20170823,1.56,1.51,1.53,1.471,1.473,-0.087,-5.5769,1422.15,214.056
150152.SZ,20170823,1.006,1.006,1.006,1.004,1.004,-0.002,-0.1988,282585.0,28391.563
150153.SZ,20170823,0.618,0.616,0.623,0.611,0.616,-0.002,-0.3236,1724837.62,106418.03
150154.SZ,20170823,0.94,0.939,0.939,0.936,0.938,-0.002,-0.2128,25740.0,2409.747
150157.SZ,20170823,1.01,1.009,1.009,1.007,1.008,-0.002,-0.198,40703.0,4103.414
150158.SZ,20170823,1.02,1.025,1.055,1.024,1.042,0.022,2.1569,63817.88,6643.703
150164.SZ,20170823,0.999,0.96,0.999,0.96,0.999,0.0,0.0,990.0,97.34
150165.SZ,20170823,0.8,0.766,0.78,0.762,0.764,-0.036,-4.5,582.24,44.567
150167.SZ,20170823,1.067,1.067,1.067,1.06,1.06,-0.007,-0.656,50.0,5.334
150168.SZ,20170823,0.81,0.8,0.813,0.8,0.813,0.003,0.3704,151.0,12.081
150169.SZ,20170823,0.995,0.994,0.999,0.994,0.995,0.0,0.0,2514.0,250.142
150170.SZ,20170823,1.328,1.328,1.332,1.328,1.332,0.004,0.3012,12627.0,1678.693
150171.SZ,20170823,0.977,0.978,0.981,0.977,0.978,0.001,0.1024,104639.83,10247.157
150172.SZ,20170823,1.128,1.129,1.166,1.126,1.145,0.017,1.5071,415294.87,47511.705
150173.SZ,20170823,0.989,0.99,0.998,0.989,0.989,0.0,0.0,2526.0,250.214
150174.SZ,20170823,0.603,0.592,0.597,0.573,0.596,-0.007,-1.1609,4390.13,257.711
150175.SZ,20170823,0.968,0.967,0.97,0.967,0.97,0.002,0.2066,351652.0,34072.08
150176.SZ,20170823,1.009,1.014,1.021,1.014,1.018,0.009,0.892,101641.88,10351.854
150177.SZ,20170823,1.049,1.055,1.055,1.037,1.055,0.006,0.572,17649.22,1849.436
150178.SZ,20170823,1.499,1.482,1.537,1.482,1.512,0.013,0.8672,11350.76,1715.435
150179.SZ,20170823,1.01,1.013,1.018,1.013,1.018,0.008,0.7921,17.08,1.736
150180.SZ,20170823,1.373,1.356,1.369,1.352,1.352,-0.021,-1.5295,504.42,68.351
150181.SZ,20170823,0.984,0.983,0.985,0.983,0.985,0.001,0.1016,118250.53,11641.447
150182.SZ,20170823,0.839,0.839,0.854,0.833,0.838,-0.001,-0.1192,367919.01,30949.364
150184.SZ,20170823,1.04,1.035,1.035,1.011,1.035,-0.005,-0.4808,714.0,73.874
150185.SZ,20170823,0.799,0.799,0.838,0.795,0.816,0.017,2.1277,47476.74,3873.447
150186.SZ,20170823,0.957,0.956,0.958,0.955,0.957,0.0,0.0,15371.67,1470.884
150187.SZ,20170823,0.64,0.637,0.649,0.633,0.636,-0.004,-0.625,14766.32,941.115
150188.SZ,20170823,1.005,1.004,1.005,1.004,1.005,0.0,0.0,192.74,19.361
150189.SZ,20170823,0.93,0.926,0.93,0.926,0.929,-0.001,-0.1075,33.71,3.131
150190.SZ,20170823,1.038,1.047,1.048,1.04,1.042,0.004,0.3854,21882.97,2291.98
150191.SZ,20170823,1.154,1.118,1.152,1.118,1.151,-0.003,-0.26,322.5,36.845
150192.SZ,20170823,1.06,1.053,1.053,1.053,1.053,-0.007,-0.6604,2.55,0.268
150193.SZ,20170823,1.03,1.04,1.04,1.004,1.026,-0.004,-0.3883,930.0,93.896
150194.SZ,20170823,0.991,0.989,0.996,0.989,0.993,0.002,0.2018,16429.16,1632.123
150195.SZ,20170823,1.171,1.163,1.174,1.153,1.159,-0.012,-1.0248,45266.36,5266.201
150196.SZ,20170823,1.142,1.123,1.147,1.123,1.128,-0.014,-1.2259,401.0,45.197
150197.SZ,20170823,1.365,1.35,1.35,1.293,1.303,-0.062,-4.5421,147073.69,19367.742
150198.SZ,20170823,1.133,1.133,1.133,1.132,1.133,0.0,0.0,1039.57,117.779
150199.SZ,20170823,0.994,0.994,1.006,0.99,1.003,0.009,0.9054,16410.55,1640.129
150200.SZ,20170823,0.983,0.983,0.985,0.982,0.984,0.001,0.1017,397082.29,39071.141
150201.SZ,20170823,0.471,0.473,0.493,0.471,0.486,0.015,3.1847,6872741.94,331199.537
150203.SZ,20170823,0.995,0.996,0.996,0.994,0.994,-0.001,-0.1005,895.0,89.124
150204.SZ,20170823,0.818,0.818,0.827,0.813,0.82,0.002,0.2445,3855.49,315.006
150205.SZ,20170823,0.967,0.967,0.969,0.967,0.969,0.002,0.2068,34316.0,3320.523
150206.SZ,20170823,1.027,1.026,1.055,1.023,1.029,0.002,0.1947,145474.9,15068.239
150208.SZ,20170823,0.5,0.468,0.499,0.468,0.499,-0.001,-0.2,3738.0,176.542
150209.SZ,20170823,0.985,0.983,0.987,0.983,0.986,0.001,0.1015,665856.18,65557.057
150210.SZ,20170823,0.915,0.913,0.919,0.895,0.903,-0.012,-1.3115,592645.0,53787.857
150211.SZ,20170823,1.018,1.009,1.017,1.009,1.013,-0.005,-0.4912,5235.0,529.84
150212.SZ,20170823,0.768,0.767,0.768,0.751,0.759,-0.009,-1.1719,49284.79,3732.909
150213.SZ,20170823,1.035,1.03,1.033,1.03,1.032,-0.003,-0.2899,2657.42,274.296
150214.SZ,20170823,0.408,0.41,0.41,0.403,0.404,-0.004,-0.9804,64656.0,2626.557
150215.SZ,20170823,1.084,1.035,1.084,1.035,1.035,-0.049,-4.5203,0.07,0.007
150216.SZ,20170823,1.17,1.19,1.28,1.115,1.168,-0.002,-0.1709,257.0,28.812
150217.SZ,20170823,1.009,1.004,1.008,1.004,1.008,-0.001,-0.0991,2553.0,257.049
150218.SZ,20170823,0.618,0.618,0.618,0.604,0.607,-0.011,-1.7799,8763.79,533.304
150220.SZ,20170823,0.811,0.806,0.811,0.804,0.81,-0.001,-0.1233,3557.0,287.449
150221.SZ,20170823,1.121,1.121,1.122,1.12,1.121,0.0,0.0,79277.0,8887.869
150222.SZ,20170823,0.459,0.459,0.469,0.453,0.461,0.002,0.4357,1006055.01,46455.597
150223.SZ,20170823,1.115,1.115,1.128,1.114,1.12,0.005,0.4484,242863.0,27179.717
150224.SZ,20170823,0.883,0.883,0.919,0.882,0.895,0.012,1.359,586264.56,52442.022
150225.SZ,20170823,1.089,1.062,1.086,1.062,1.076,-0.013,-1.1938,766.0,81.64
150226.SZ,20170823,1.33,1.271,1.345,1.252,1.252,-0.078,-5.8647,1142.69,150.776
150227.SZ,20170823,0.99,0.989,0.99,0.989,0.99,0.0,0.0,304901.0,30166.133
150228.SZ,20170823,0.905,0.905,0.936,0.905,0.932,0.027,2.9834,676970.75,62692.792
150229.SZ,20170823,1.037,1.042,1.042,1.041,1.042,0.005,0.4822,6842.0,712.84
150230.SZ,20170823,1.195,1.212,1.229,1.203,1.217,0.022,1.841,6866.0,833.889
150232.SZ,20170823,1.123,1.078,1.125,1.078,1.124,0.001,0.089,4.5,0.499
150233.SZ,20170823,0.955,0.958,0.958,0.957,0.957,0.002,0.2094,51.0,4.882
150236.SZ,20170823,0.864,0.861,0.882,0.85,0.874,0.01,1.1574,15231.85,1316.162
150237.SZ,20170823,1.06,1.06,1.06,1.06,1.06,0.0,0.0,0.02,0.002
150238.SZ,20170823,1.222,1.137,1.215,1.137,1.214,-0.008,-0.6547,21.02,2.551
150241.SZ,20170823,1.035,1.035,1.099,1.035,1.099,0.064,6.1836,276.0,28.669
150242.SZ,20170823,0.996,0.997,1.021,0.997,1.019,0.023,2.3092,3438.04,348.835
150243.SZ,20170823,1.034,1.035,1.035,1.034,1.034,0.0,0.0,300.0,31.024
150244.SZ,20170823,0.644,0.642,0.648,0.635,0.64,-0.004,-0.6211,66755.48,4267.061
150246.SZ,20170823,0.992,0.944,0.99,0.944,0.99,-0.002,-0.2016,702.0,68.278
150247.SZ,20170823,1.027,1.026,1.026,1.025,1.026,-0.001,-0.0974,14254.42,1462.503
150248.SZ,20170823,0.876,0.863,0.877,0.855,0.869,-0.007,-0.7991,757.41,65.61
150249.SZ,20170823,0.992,0.996,1.034,0.996,1.016,0.024,2.4194,1403.95,141.179
150250.SZ,20170823,0.978,0.977,1.009,0.977,1.008,0.03,3.0675,2249.0,225.098
150251.SZ,20170823,1.183,1.299,1.299,1.08,1.158,-0.025,-2.1133,120.0,13.084
150252.SZ,20170823,1.449,1.433,1.433,1.332,1.37,-0.079,-5.452,7568.83,1048.505
150255.SZ,20170823,0.962,0.962,0.963,0.961,0.963,0.001,0.104,36122.41,3474.797
150256.SZ,20170823,0.875,0.895,0.915,0.895,0.912,0.037,4.2286,2643.0,238.699
150258.SZ,20170823,1.018,0.987,0.987,0.987,0.987,-0.031,-3.0452,70.85,6.992
150259.SZ,20170823,0.962,0.962,0.963,0.961,0.962,0.0,0.0,26330.76,2533.12
150260.SZ,20170823,0.719,0.691,0.72,0.69,0.692,-0.027,-3.7552,492.38,34.405
150261.SZ,20170823,1.048,1.05,1.05,1.048,1.048,0.0,0.0,1204.0,126.419
150262.SZ,20170823,0.724,0.721,0.725,0.718,0.725,0.001,0.1381,3197.27,230.829
150264.SZ,20170823,0.489,0.458,0.486,0.458,0.484,-0.005,-1.0225,510.0,23.423
150265.SZ,20170823,1.082,1.072,1.083,1.072,1.072,-0.01,-0.9242,237.29,25.537
150266.SZ,20170823,1.322,1.33,1.33,1.31,1.317,-0.005,-0.3782,1404.15,184.928
150269.SZ,20170823,0.983,0.983,0.985,0.983,0.984,0.001,0.1017,33802.25,3324.491
150270.SZ,20170823,1.778,1.783,1.821,1.783,1.804,0.026,1.4623,23235.77,4202.824
150271.SZ,20170823,1.04,1.04,1.04,1.038,1.039,-0.001,-0.0962,4011.01,417.13
150272.SZ,20170823,0.919,0.919,0.98,0.919,0.923,0.004,0.4353,1359.65,125.301
150273.SZ,20170823,1.002,0.998,1.004,0.994,1.002,0.0,0.0,388.5,38.812
150274.SZ,20170823,0.673,0.66,0.661,0.66,0.661,-0.012,-1.7831,193.5,12.782
150275.SZ,20170823,0.983,0.983,0.985,0.982,0.985,0.002,0.2035,97162.88,9558.354
150276.SZ,20170823,0.604,0.604,0.605,0.59,0.593,-0.011,-1.8212,86828.13,5207.538
150277.SZ,20170823,0.997,0.995,0.998,0.995,0.998,0.001,0.1003,50190.0,5002.983
150278.SZ,20170823,0.559,0.565,0.565,0.55,0.553,-0.006,-1.0733,4689.77,259.513
150280.SZ,20170823,0.718,0.689,0.728,0.689,0.728,0.01,1.3928,712.63,49.104
150281.SZ,20170823,1.056,1.045,1.063,1.045,1.063,0.007,0.6629,750.0,78.376
150282.SZ,20170823,0.565,0.548,0.573,0.548,0.572,0.007,1.2389,2103.06,120.307
150283.SZ,20170823,0.961,0.96,0.961,0.96,0.961,0.0,0.0,1116.0,107.227
150284.SZ,20170823,0.771,0.772,0.772,0.761,0.772,0.001,0.1297,361.0,27.868
150287.SZ,20170823,1.052,1.053,1.054,1.05,1.054,0.002,0.1901,2750.59,289.461
150288.SZ,20170823,0.873,0.842,0.849,0.821,0.821,-0.052,-5.9565,86592.09,7255.394
150289.SZ,20170823,1.055,1.051,1.055,1.051,1.052,-0.003,-0.2844,506.0,53.381
150290.SZ,20170823,0.666,0.658,0.658,0.624,0.628,-0.038,-5.7057,307787.15,19577.695
150291.SZ,20170823,1.056,1.056,1.057,1.056,1.057,0.001,0.0947,22159.0,2340.226
150292.SZ,20170823,0.732,0.736,0.755,0.736,0.753,0.021,2.8689,6624.22,494.21
150294.SZ,20170823,1.018,1.018,1.018,1.018,1.018,0.0,0.0,2.0,0.203
150295.SZ,20170823,1.007,1.008,1.009,1.007,1.009,0.002,0.1986,2539.83,255.857
150296.SZ,20170823,1.02,1.001,1.013,0.983,1.0,-0.02,-1.9608,7583.51,757.086
150297.SZ,20170823,1.082,1.08,1.08,1.076,1.08,-0.002,-0.1848,260.0,28.056
150298.SZ,20170823,0.499,0.501,0.501,0.478,0.501,0.002,0.4008,668.0,32.788
150299.SZ,20170823,1.052,1.054,1.055,1.052,1.054,0.002,0.1901,13053.97,1375.759
150300.SZ,20170823,0.683,0.682,0.706,0.682,0.703,0.02,2.9283,73395.0,5134.5
150301.SZ,20170823,1.046,1.047,1.047,1.047,1.047,0.001,0.0956,12.0,1.256
150302.SZ,20170823,1.05,1.045,1.07,1.045,1.06,0.01,0.9524,375.87,39.85
150303.SZ,20170823,1.041,1.032,1.042,1.032,1.037,-0.004,-0.3842,1495.96,155.469
150304.SZ,20170823,0.906,0.907,0.914,0.893,0.91,0.004,0.4415,21656.26,1955.667
150305.SZ,20170823,1.013,1.021,1.03,1.021,1.03,0.017,1.6782,6065.0,622.534
150306.SZ,20170823,0.526,0.516,0.532,0.516,0.529,0.003,0.5703,1660.0,87.636
150307.SZ,20170823,0.965,0.964,0.966,0.964,0.965,0.0,0.0,302.42,29.16
150308.SZ,20170823,1.084,1.098,1.098,1.062,1.091,0.007,0.6458,438.13,47.054
150310.SZ,20170823,0.597,0.595,0.595,0.576,0.595,-0.002,-0.335,1070.0,63.57
150311.SZ,20170823,0.998,0.966,0.998,0.966,0.997,-0.001,-0.1002,468.88,46.779
150312.SZ,20170823,0.769,0.766,0.786,0.761,0.761,-0.008,-1.0403,860.78,66.146
150316.SZ,20170823,0.825,0.818,0.818,0.8,0.818,-0.007,-0.8485,1133.66,91.27
150317.SZ,20170823,1.023,1.042,1.042,1.042,1.042,0.019,1.8573,221.0,23.028
150321.SZ,20170823,1.211,1.21,1.213,1.198,1.2,-0.011,-0.9083,1537.78,185.951
150322.SZ,20170823,1.357,1.339,1.339,1.283,1.314,-0.043,-3.1688,7768.0,1008.387
150323.SZ,20170823,1.034,1.034,1.034,1.034,1.034,0.0,0.0,1544.0,159.649
150324.SZ,20170823,0.426,0.433,0.435,0.43,0.431,0.005,1.1737,3752.95,162.594
150325.SZ,20170823,1.038,1.038,1.038,1.038,1.038,0.0,0.0,116.0,12.04
150326.SZ,20170823,0.978,0.979,0.979,0.979,0.979,0.001,0.1022,2.0,0.195
150329.SZ,20170823,1.105,1.081,1.091,1.033,1.063,-0.042,-3.8009,3820.0,399.057
150330.SZ,20170823,1.361,1.361,1.395,1.349,1.392,0.031,2.2777,26317.78,3629.051
150331.SZ,20170823,1.058,1.057,1.058,1.056,1.056,-0.002,-0.189,81149.0,8580.564
150332.SZ,20170823,0.409,0.408,0.412,0.405,0.405,-0.004,-0.978,26904.0,1095.413
150335.SZ,20170823,1.028,1.027,1.028,1.027,1.027,-0.001,-0.0973,23522.0,2417.623
150336.SZ,20170823,0.363,0.361,0.37,0.353,0.363,0.0,0.0,31295.51,1141.427
150343.SZ,20170823,1.04,1.04,1.052,1.04,1.052,0.012,1.1538,2.0,0.209
150344.SZ,20170823,1.062,1.063,1.063,1.063,1.063,0.001,0.0942,1.0,0.106
159001.SZ,20170823,100.0,100.0,100.001,99.998,100.0,0.0,0.0,608143.18,6081431.306
159003.SZ,20170823,100.0,99.999,100.0,99.998,100.0,0.0,0.0,21876.3,218761.499
159005.SZ,20170823,99.998,100.0,100.001,99.998,99.998,0.0,0.0,62358.52,623585.451
159901.SZ,20170823,4.522,4.521,4.546,4.509,4.52,-0.002,-0.0442,17898.95,8103.065
159902.SZ,20170823,3.474,3.474,3.482,3.452,3.47,-0.004,-0.1151,52614.04,18246.734
159903.SZ,20170823,1.143,1.141,1.147,1.138,1.14,-0.003,-0.2625,5312.78,605.875
159905.SZ,20170823,1.46,1.455,1.468,1.455,1.466,0.006,0.411,9880.0,1444.395
159906.SZ,20170823,0.961,0.959,0.959,0.954,0.954,-0.007,-0.7284,31.0,2.972
159907.SZ,20170823,1.471,1.458,1.472,1.457,1.469,-0.002,-0.136,134.0,19.571
159908.SZ,20170823,1.365,1.365,1.426,1.358,1.416,0.051,3.7363,639.71,88.746
159909.SZ,20170823,5.36,5.313,5.33,5.21,5.292,-0.068,-1.2687,80.0,42.231
159910.SZ,20170823,1.644,1.6,1.66,1.583,1.657,0.013,0.7908,544.0,88.229
159911.SZ,20170823,4.166,4.163,4.163,4.163,4.163,-0.003,-0.072,45.42,18.908
159912.SZ,20170823,1.312,1.318,1.318,1.31,1.31,-0.002,-0.1524,85.0,11.135
159915.SZ,20170823,1.726,1.722,1.732,1.714,1.717,-0.009,-0.5214,1230914.38,211834.376
159916.SZ,20170823,3.49,3.6,3.65,3.6,3.6,0.11,3.1519,166.0,60.015
159918.SZ,20170823,1.855,1.849,1.849,1.824,1.849,-0.006,-0.3235,44.0,8.094
159919.SZ,20170823,4.09,4.092,4.113,4.082,4.1,0.01,0.2445,44991.52,18432.135
159920.SZ,20170823,1.472,1.474,1.479,1.474,1.477,0.005,0.3397,183345.34,27073.991
159921.SZ,20170823,1.504,1.502,1.506,1.498,1.506,0.002,0.133,34.0,5.103
159922.SZ,20170823,6.5,6.511,6.65,6.45,6.453,-0.047,-0.7231,361.95,234.45
159923.SZ,20170823,1.5,1.504,1.508,1.492,1.508,0.008,0.5333,888.0,133.587
159924.SZ,20170823,1.428,1.424,1.425,1.415,1.425,-0.003,-0.2101,1343.0,190.997
159925.SZ,20170823,1.556,1.55,1.562,1.55,1.558,0.002,0.1285,3191.39,496.234
159926.SZ,20170823,107.996,107.15,107.777,107.15,107.777,-0.219,-0.2028,2.0,21.492
159927.SZ,20170823,3.741,3.667,3.748,3.666,3.742,0.001,0.0267,1202.65,441.176
159928.SZ,20170823,1.878,1.915,1.915,1.86,1.872,-0.006,-0.3195,2432.0,453.817
159929.SZ,20170823,1.448,1.455,1.455,1.443,1.45,0.002,0.1381,808.01,117.019
159930.SZ,20170823,0.851,0.845,0.85,0.84,0.848,-0.003,-0.3525,911.0,76.718
159931.SZ,20170823,1.612,1.616,1.625,1.616,1.619,0.007,0.4342,1045.57,169.492
159932.SZ,20170823,1.76,1.773,1.773,1.77,1.77,0.01,0.5682,20.0,3.541
159933.SZ,20170823,1.818,1.789,1.813,1.788,1.813,-0.005,-0.275,22.0,3.948
159934.SZ,20170823,2.75,2.749,2.754,2.746,2.751,0.001,0.0364,60013.5,16497.916
159935.SZ,20170823,1.648,1.643,1.677,1.643,1.659,0.011,0.6675,105.0,17.373
159936.SZ,20170823,1.566,1.578,1.58,1.564,1.564,-0.002,-0.1277,2505.0,395.706
159937.SZ,20170823,2.766,2.752,2.77,2.752,2.769,0.003,0.1085,114458.0,31635.334
159938.SZ,20170823,1.287,1.285,1.289,1.281,1.283,-0.004,-0.3108,11694.0,1501.868
159939.SZ,20170823,1.097,1.096,1.1,1.089,1.09,-0.007,-0.6381,10680.0,1168.05
159940.SZ,20170823,0.905,0.908,0.919,0.908,0.913,0.008,0.884,2937.86,268.392
159941.SZ,20170823,1.273,1.292,1.292,1.279,1.281,0.008,0.6284,1021.08,130.846
159942.SZ,20170823,1.87,1.864,1.865,1.864,1.865,-0.005,-0.2674,574.0,106.994
159943.SZ,20170823,11.24,11.196,11.3,11.115,11.148,-0.092,-0.8185,923.84,1034.829
159944.SZ,20170823,0.965,0.965,0.965,0.948,0.958,-0.007,-0.7254,311.01,29.586
159945.SZ,20170823,0.763,0.76,0.76,0.751,0.753,-0.01,-1.3106,1075.05,81.051
159946.SZ,20170823,1.085,1.085,1.091,1.084,1.091,0.006,0.553,119.0,12.911
159948.SZ,20170823,1.87,1.878,1.887,1.857,1.881,0.011,0.5882,16356.6,3076.839
159949.SZ,20170823,0.721,0.724,0.73,0.72,0.725,0.004,0.5548,195428.01,14186.679
159951.SZ,20170823,0.993,0.991,0.991,0.987,0.99,-0.003,-0.3021,72097.77,7144.282
159952.SZ,20170823,1.013,1.011,1.018,1.006,1.008,-0.005,-0.4936,127045.73,12840.121
159953.SZ,20170823,0.997,0.981,0.998,0.98,0.993,-0.004,-0.4012,8457.1,832.467
159955.SZ,20170823,0.998,0.988,0.997,0.982,0.989,-0.009,-0.9018,915581.63,90938.157
160105.SZ,20170823,1.042,1.041,1.042,1.04,1.042,0.0,0.0,170.0,17.695
160106.SZ,20170823,1.309,1.308,1.31,1.301,1.301,-0.008,-0.6112,634.0,82.843
160119.SZ,20170823,1.56,1.549,1.56,1.549,1.551,-0.009,-0.5769,1642.0,254.953
160125.SZ,20170823,0.939,0.944,0.946,0.941,0.943,0.004,0.426,420.64,39.661
160128.SZ,20170823,0.992,0.991,0.992,0.991,0.991,-0.001,-0.1008,3290.32,326.27
160130.SZ,20170823,0.947,0.947,0.947,0.947,0.947,0.0,0.0,100.0,9.47
160131.SZ,20170823,1.003,1.002,1.003,1.002,1.002,-0.001,-0.0997,8207.38,822.433
160133.SZ,20170823,1.985,1.988,1.996,1.988,1.99,0.005,0.2519,1410.87,281.128
160138.SZ,20170823,1.019,1.023,1.04,1.023,1.026,0.007,0.6869,85.0,8.808
160211.SZ,20170823,3.224,3.224,3.253,3.215,3.25,0.026,0.8065,7904.54,2563.2
160212.SZ,20170823,2.649,2.649,2.676,2.647,2.67,0.021,0.7928,18206.19,4847.653
160215.SZ,20170823,1.497,1.498,1.505,1.494,1.496,-0.001,-0.0668,3506.0,525.872
160216.SZ,20170823,0.375,0.376,0.376,0.374,0.375,0.0,0.0,78970.0,2961.871
160220.SZ,20170823,1.314,1.316,1.317,1.316,1.317,0.003,0.2283,214.0,28.182
160223.SZ,20170823,0.847,0.848,0.848,0.842,0.846,-0.001,-0.1181,329.7,27.849
160225.SZ,20170823,1.074,1.075,1.075,1.064,1.071,-0.003,-0.2793,306.0,32.795
160311.SZ,20170823,1.429,1.43,1.435,1.428,1.434,0.005,0.3499,1379.77,197.653
160314.SZ,20170823,1.07,1.068,1.072,1.066,1.069,-0.001,-0.0935,2002.39,213.886
160322.SZ,20170823,1.169,1.18,1.18,1.167,1.168,-0.001,-0.0855,1106.01,129.398
160323.SZ,20170823,0.928,0.942,0.942,0.942,0.942,0.014,1.5086,5.0,0.471
160324.SZ,20170823,0.905,0.905,0.911,0.905,0.909,0.004,0.442,1977.0,179.725
160415.SZ,20170823,1.264,1.263,1.265,1.263,1.265,0.001,0.0791,110.0,13.912
160416.SZ,20170823,0.862,0.864,0.864,0.856,0.859,-0.003,-0.348,7606.78,652.57
160421.SZ,20170823,0.827,0.825,0.829,0.825,0.827,0.0,0.0,5514.76,456.068
160422.SZ,20170823,1.046,1.041,1.042,1.041,1.042,-0.004,-0.3824,14.0,1.457
160505.SZ,20170823,1.823,1.827,1.827,1.816,1.82,-0.003,-0.1646,11406.78,2075.825
160512.SZ,20170823,2.188,2.168,2.179,2.162,2.179,-0.009,-0.4113,1434.0,310.724
160515.SZ,20170823,0.995,0.994,0.995,0.994,0.994,-0.001,-0.1005,9937.0,988.351
160518.SZ,20170823,0.947,0.947,0.95,0.945,0.949,0.002,0.2112,96083.81,9116.105
160519.SZ,20170823,0.917,0.919,0.921,0.918,0.92,0.003,0.3272,20587.42,1893.013
160522.SZ,20170823,0.925,0.928,0.979,0.928,0.97,0.045,4.8649,768.0,71.329
160607.SZ,20170823,0.742,0.742,0.742,0.741,0.741,-0.001,-0.1348,882.5,65.411
160610.SZ,20170823,1.039,1.039,1.041,1.039,1.04,0.001,0.0962,884.08,91.969
160611.SZ,20170823,0.815,0.809,0.814,0.807,0.814,-0.001,-0.1227,573.68,46.312
160613.SZ,20170823,1.414,1.397,1.404,1.397,1.404,-0.01,-0.7072,27.0,3.784
160615.SZ,20170823,1.487,1.501,1.501,1.497,1.497,0.01,0.6725,672.14,100.659
160616.SZ,20170823,1.344,1.338,1.37,1.332,1.333,-0.011,-0.8185,255.0,34.108
160617.SZ,20170823,1.006,1.004,1.004,1.004,1.004,-0.002,-0.1988,2.0,0.2
160621.SZ,20170823,1.073,1.072,1.072,1.072,1.072,-0.001,-0.0932,20.0,2.144
160635.SZ,20170823,1.002,1.002,1.002,0.999,0.999,-0.003,-0.2994,49.75,4.976
160642.SZ,20170823,0.91,0.905,0.924,0.905,0.924,0.014,1.5385,106.0,9.713
160643.SZ,20170823,1.021,1.022,1.022,1.016,1.016,-0.005,-0.4897,436.19,44.473
160706.SZ,20170823,1.073,1.073,1.078,1.072,1.075,0.002,0.1864,17977.34,1932.767
160716.SZ,20170823,1.449,1.447,1.461,1.446,1.455,0.006,0.4141,13823.11,2010.344
160717.SZ,20170823,0.803,0.806,0.806,0.804,0.806,0.003,0.3736,7647.0,615.928
160719.SZ,20170823,0.714,0.707,0.713,0.707,0.712,-0.002,-0.2801,3802.0,270.382
160720.SZ,20170823,1.08,1.07,1.07,1.07,1.07,-0.01,-0.9259,1.34,0.143
160722.SZ,20170823,0.955,0.956,0.957,0.954,0.957,0.002,0.2094,26652.65,2547.033
160723.SZ,20170823,0.923,0.925,0.933,0.917,0.922,-0.001,-0.1083,2688.0,246.933
160806.SZ,20170823,1.355,1.36,1.36,1.356,1.359,0.004,0.2952,909.69,123.468
160807.SZ,20170823,1.264,1.237,1.248,1.237,1.248,-0.016,-1.2658,25.0,3.093
160812.SZ,20170823,1.454,1.46,1.463,1.456,1.458,0.004,0.2751,1136.17,165.807
160813.SZ,20170823,0.793,0.793,0.793,0.786,0.789,-0.004,-0.5044,658.92,51.84
160910.SZ,20170823,1.07,1.077,1.077,1.069,1.069,-0.001,-0.0935,288.67,30.86
160915.SZ,20170823,1.105,1.106,1.106,1.105,1.106,0.001,0.0905,33.0,3.649
160916.SZ,20170823,2.553,2.548,2.55,2.543,2.549,-0.004,-0.1567,802.0,204.259
160918.SZ,20170823,1.856,1.855,1.855,1.842,1.842,-0.014,-0.7543,348.0,64.161
160919.SZ,20170823,1.238,1.238,1.24,1.236,1.236,-0.002,-0.1616,1302.01,161.244
160921.SZ,20170823,0.885,0.89,0.89,0.881,0.882,-0.003,-0.339,1415.0,124.89
160922.SZ,20170823,1.052,1.046,1.046,1.046,1.046,-0.006,-0.5703,1.0,0.104
161005.SZ,20170823,1.874,1.864,1.875,1.864,1.872,-0.002,-0.1067,236.0,44.156
161010.SZ,20170823,1.087,1.086,1.09,1.086,1.088,0.001,0.092,15755.0,1715.365
161015.SZ,20170823,0.929,0.929,0.929,0.929,0.929,0.0,0.0,163.51,15.19
161017.SZ,20170823,2.182,2.182,2.182,2.165,2.171,-0.011,-0.5041,318.54,69.166
161019.SZ,20170823,0.982,0.982,0.982,0.981,0.982,0.0,0.0,3821.0,374.999
161033.SZ,20170823,1.082,1.084,1.088,1.069,1.079,-0.003,-0.2773,309.0,33.387
161035.SZ,20170823,0.909,0.916,0.916,0.916,0.916,0.007,0.7701,23.0,2.106
161036.SZ,20170823,0.956,0.956,0.956,0.945,0.95,-0.006,-0.6276,1652.14,157.037
161037.SZ,20170823,1.06,1.06,1.06,1.06,1.06,0.0,0.0,38.0,4.028
161038.SZ,20170823,0.999,0.995,0.998,0.994,0.995,-0.004,-0.4004,8743.08,870.655
161116.SZ,20170823,0.721,0.72,0.721,0.718,0.721,0.0,0.0,2687.0,193.593
161117.SZ,20170823,1.01,1.01,1.012,1.01,1.01,0.0,0.0,461.0,46.563
161119.SZ,20170823,1.236,1.236,1.242,1.236,1.242,0.006,0.4854,3.58,0.444
161124.SZ,20170823,1.031,1.034,1.037,1.034,1.035,0.004,0.388,357.02,36.958
161125.SZ,20170823,1.02,1.029,1.029,1.024,1.025,0.005,0.4902,3270.0,335.095
161126.SZ,20170823,1.072,1.082,1.085,1.082,1.082,0.01,0.9328,769.0,83.257
161127.SZ,20170823,1.115,1.137,1.137,1.129,1.131,0.016,1.435,4185.65,473.838
161128.SZ,20170823,1.096,1.1,1.113,1.1,1.102,0.006,0.5474,964.0,106.959
161129.SZ,20170823,0.868,0.86,0.866,0.86,0.866,-0.002,-0.2304,33.0,2.841
161130.SZ,20170823,0.975,0.978,0.985,0.978,0.982,0.007,0.7179,998.0,97.828
161217.SZ,20170823,0.786,0.786,0.786,0.772,0.777,-0.009,-1.145,1483.0,114.848
161219.SZ,20170823,1.299,1.297,1.298,1.297,1.298,-0.001,-0.077,27.0,3.504
161222.SZ,20170823,1.117,1.118,1.118,1.113,1.113,-0.004,-0.3581,230.01,25.607
161224.SZ,20170823,1.064,1.056,1.06,1.056,1.06,-0.004,-0.3759,76.0,8.036
161225.SZ,20170823,1.171,1.166,1.175,1.166,1.171,0.0,0.0,1311.27,153.613
161226.SZ,20170823,0.899,0.898,0.898,0.894,0.898,-0.001,-0.1112,19368.0,1734.953
161227.SZ,20170823,0.975,0.974,0.978,0.972,0.976,0.001,0.1026,6116.57,596.677
161229.SZ,20170823,1.389,1.392,1.395,1.39,1.395,0.006,0.432,1116.03,155.415
161232.SZ,20170823,0.822,0.821,0.823,0.82,0.821,-0.001,-0.1217,24570.22,2016.275
161607.SZ,20170823,1.17,1.171,1.18,1.171,1.18,0.01,0.8547,55.0,6.469
161610.SZ,20170823,0.911,0.912,0.912,0.905,0.908,-0.003,-0.3293,2180.0,198.151
161631.SZ,20170823,1.074,1.074,1.079,1.07,1.072,-0.002,-0.1862,6918.0,743.583
161706.SZ,20170823,1.464,1.47,1.474,1.467,1.47,0.006,0.4098,434.68,63.884
161714.SZ,20170823,0.954,0.965,0.965,0.956,0.956,0.002,0.2096,111.0,10.634
161715.SZ,20170823,1.182,1.171,1.171,1.161,1.167,-0.015,-1.269,1396.96,162.665
161810.SZ,20170823,1.762,1.749,1.753,1.742,1.742,-0.02,-1.1351,480.19,83.902
161815.SZ,20170823,0.435,0.435,0.435,0.433,0.435,0.0,0.0,2668.0,115.868
161831.SZ,20170823,0.987,0.981,0.995,0.981,0.99,0.003,0.304,3504.9,346.856
161834.SZ,20170823,0.843,0.841,0.845,0.841,0.845,0.002,0.2372,7235.19,609.222
161903.SZ,20170823,0.878,0.876,0.876,0.876,0.876,-0.002,-0.2278,25.0,2.19
161907.SZ,20170823,1.628,1.629,1.66,1.629,1.644,0.016,0.9828,19.0,3.127
161908.SZ,20170823,0.904,0.918,0.98,0.918,0.98,0.076,8.4071,525.0,48.245
161911.SZ,20170823,0.981,0.981,0.982,0.981,0.981,0.0,0.0,5018.0,492.565
162006.SZ,20170823,1.083,1.079,1.084,1.079,1.084,0.001,0.0923,12.87,1.394
162105.SZ,20170823,1.085,1.094,1.094,1.094,1.094,0.009,0.8295,1.0,0.109
162108.SZ,20170823,1.11,1.109,1.109,1.109,1.109,-0.001,-0.0901,1.0,0.11
162207.SZ,20170823,1.24,1.244,1.244,1.236,1.243,0.003,0.2419,22.0,2.72
162215.SZ,20170823,1.041,1.042,1.044,1.042,1.044,0.003,0.2882,5073.0,529.561
162307.SZ,20170823,1.179,1.168,1.194,1.168,1.193,0.014,1.1874,176.0,20.84
162411.SZ,20170823,0.497,0.497,0.497,0.495,0.495,-0.002,-0.4024,846560.84,41989.281
162414.SZ,20170823,1.13,1.138,1.138,1.138,1.138,0.008,0.708,1.0,0.113
162415.SZ,20170823,1.132,1.144,1.144,1.139,1.141,0.009,0.7951,1811.0,206.538
162510.SZ,20170823,1.051,1.047,1.047,1.047,1.047,-0.004,-0.3806,0.88,0.092
162605.SZ,20170823,1.09,1.086,1.09,1.083,1.09,0.0,0.0,526.0,57.07
162607.SZ,20170823,0.535,0.531,0.531,0.529,0.531,-0.004,-0.7477,1954.0,103.581
162703.SZ,20170823,1.328,1.328,1.329,1.312,1.32,-0.008,-0.6024,744.01,98.11
162711.SZ,20170823,1.341,1.338,1.339,1.333,1.334,-0.007,-0.522,22.0,2.94
162712.SZ,20170823,1.416,1.415,1.415,1.415,1.415,-0.001,-0.0706,30.0,4.245
162715.SZ,20170823,1.079,1.08,1.08,1.08,1.08,0.001,0.0927,2.0,0.216
162717.SZ,20170823,0.942,0.933,0.945,0.933,0.944,0.002,0.2123,6528.0,615.06
162718.SZ,20170823,0.932,0.913,0.929,0.913,0.929,-0.003,-0.3219,171.01,15.674
162719.SZ,20170823,0.841,0.842,0.844,0.84,0.842,0.001,0.1189,786.18,66.124
163001.SZ,20170823,0.901,0.909,0.909,0.909,0.909,0.008,0.8879,31.0,2.817
163003.SZ,20170823,0.823,0.822,0.822,0.822,0.822,-0.001,-0.1215,100.0,8.22
163110.SZ,20170823,2.646,2.637,2.64,2.625,2.636,-0.01,-0.3779,3066.82,807.321
163111.SZ,20170823,1.093,1.092,1.097,1.09,1.092,-0.001,-0.0915,2952.26,322.488
163119.SZ,20170823,0.876,0.875,0.875,0.868,0.869,-0.007,-0.7991,146.0,12.72
163208.SZ,20170823,0.8,0.791,0.796,0.783,0.791,-0.009,-1.125,474.0,37.47
163210.SZ,20170823,1.028,1.027,1.03,1.027,1.03,0.002,0.1946,2734.0,281.273
163302.SZ,20170823,1.297,1.297,1.297,1.296,1.296,-0.001,-0.0771,39.0,5.056
163402.SZ,20170823,1.063,1.063,1.064,1.06,1.06,-0.003,-0.2822,7534.0,799.984
163407.SZ,20170823,1.668,1.668,1.676,1.667,1.671,0.003,0.1799,804.73,134.407
163409.SZ,20170823,1.561,1.559,1.56,1.556,1.56,-0.001,-0.0641,291.0,45.316
163412.SZ,20170823,2.672,2.672,2.687,2.672,2.68,0.008,0.2994,7688.44,2059.547
163415.SZ,20170823,1.309,1.302,1.315,1.3,1.303,-0.006,-0.4584,415.0,54.119
163503.SZ,20170823,0.48,0.474,0.479,0.474,0.478,-0.002,-0.4167,1507.73,71.706
163801.SZ,20170823,1.181,1.178,1.183,1.177,1.179,-0.002,-0.1693,137.0,16.146
163824.SZ,20170823,1.039,1.038,1.039,1.038,1.039,0.0,0.0,304.0,31.555
163827.SZ,20170823,1.039,1.038,1.038,1.038,1.038,-0.001,-0.0962,30.0,3.114
164105.SZ,20170823,1.248,1.245,1.245,1.245,1.245,-0.003,-0.2404,57.0,7.096
164208.SZ,20170823,1.137,1.135,1.135,1.135,1.135,-0.002,-0.1759,2083.45,236.471
164701.SZ,20170823,0.615,0.616,0.616,0.614,0.615,0.0,0.0,762.0,46.815
164702.SZ,20170823,0.994,0.993,0.993,0.993,0.993,-0.001,-0.1006,100.0,9.93
164705.SZ,20170823,1.16,1.174,1.174,1.161,1.167,0.007,0.6034,1607.11,186.972
164808.SZ,20170823,1.002,1.0,1.0,1.0,1.0,-0.002,-0.1996,118.0,11.8
164810.SZ,20170823,0.968,0.965,0.965,0.965,0.965,-0.003,-0.3099,0.28,0.027
164906.SZ,20170823,1.394,1.408,1.408,1.396,1.402,0.008,0.5739,18592.73,2606.022
165309.SZ,20170823,1.139,1.147,1.147,1.14,1.14,0.001,0.0878,102.0,11.698
165313.SZ,20170823,1.45,1.456,1.478,1.448,1.452,0.002,0.1379,698.02,102.91
165510.SZ,20170823,0.788,0.773,0.796,0.773,0.792,0.004,0.5076,1059.0,83.302
165512.SZ,20170823,2.417,2.425,2.425,2.409,2.409,-0.008,-0.331,266.0,64.475
165513.SZ,20170823,0.435,0.435,0.435,0.433,0.434,-0.001,-0.2299,554.0,24.046
165516.SZ,20170823,2.495,2.492,2.492,2.491,2.491,-0.004,-0.1603,3.0,0.747
165525.SZ,20170823,1.194,1.195,1.196,1.191,1.193,-0.001,-0.0838,1653.96,197.486
165528.SZ,20170823,0.972,0.97,0.971,0.967,0.969,-0.003,-0.3086,22676.57,2195.371
166001.SZ,20170823,1.146,1.149,1.15,1.147,1.15,0.004,0.349,480.0,55.181
166006.SZ,20170823,1.194,1.19,1.197,1.19,1.191,-0.003,-0.2513,93.0,11.104
166007.SZ,20170823,1.32,1.321,1.323,1.321,1.322,0.002,0.1515,5.0,0.661
166009.SZ,20170823,2.118,2.12,2.12,2.12,2.12,0.002,0.0944,10.0,2.12
166011.SZ,20170823,1.228,1.238,1.24,1.235,1.238,0.01,0.8143,284.75,35.255
166016.SZ,20170823,1.118,1.132,1.132,1.132,1.132,0.014,1.2522,1.0,0.113
166402.SZ,20170823,1.035,1.032,1.048,1.032,1.035,0.0,0.0,2598.26,268.382
166902.SZ,20170823,1.003,1.003,1.003,1.003,1.003,0.0,0.0,100.0,10.03
166904.SZ,20170823,1.066,1.066,1.067,1.066,1.067,0.001,0.0938,700.0,74.67
167001.SZ,20170823,0.81,0.81,0.811,0.808,0.81,0.0,0.0,13014.16,1053.699
167002.SZ,20170823,0.895,0.912,0.949,0.912,0.928,0.033,3.6872,111.0,10.262
167003.SZ,20170823,0.935,0.94,0.94,0.93,0.93,-0.005,-0.5348,881.27,82.742
168101.SZ,20170823,1.03,1.026,1.031,1.026,1.029,-0.001,-0.0971,3083.57,317.005
168102.SZ,20170823,0.796,0.796,0.798,0.795,0.797,0.001,0.1256,9330.87,742.405
168103.SZ,20170823,0.754,0.754,0.756,0.752,0.755,0.001,0.1326,58598.65,4418.556
168105.SZ,20170823,0.774,0.773,0.776,0.772,0.775,0.001,0.1292,4599.3,356.174
168106.SZ,20170823,0.863,0.873,0.873,0.861,0.861,-0.002,-0.2317,40.0,3.468
168108.SZ,20170823,0.912,0.898,0.904,0.898,0.904,-0.008,-0.8772,18.0,1.626
168301.SZ,20170823,0.927,0.92,0.926,0.92,0.926,-0.001,-0.1079,3501.85,323.533
168401.SZ,20170823,0.896,0.897,0.898,0.897,0.898,0.002,0.2232,20.0,1.795
169101.SZ,20170823,1.488,1.488,1.495,1.483,1.49,0.002,0.1344,930.0,138.292
169102.SZ,20170823,1.445,1.45,1.45,1.44,1.444,-0.001,-0.0692,433.0,62.456
169103.SZ,20170823,1.333,1.327,1.333,1.326,1.333,0.0,0.0,46.0,6.104
169104.SZ,20170823,1.295,1.3,1.3,1.295,1.295,0.0,0.0,783.0,101.476
169105.SZ,20170823,1.33,1.329,1.331,1.328,1.329,-0.001,-0.0752,46127.47,6131.301
169201.SZ,20170823,0.875,0.873,0.88,0.873,0.88,0.005,0.5714,1057.0,92.785
184801.SZ,20170823,100.283,100.25,100.25,100.0,100.157,-0.126,-0.1256,103.0,1030.984
501000.SH,20170823,1.128,1.136,1.136,1.122,1.135,0.007,0.6206,115.74,13.064
501001.SH,20170823,1.041,1.041,1.042,1.035,1.042,0.001,0.0961,5254.22,546.441
501002.SH,20170823,0.976,0.971,0.971,0.971,0.971,-0.005,-0.5123,1.0,0.097
501005.SH,20170823,0.933,0.929,0.933,0.929,0.933,0.0,0.0,290.41,27.059
501007.SH,20170823,0.913,0.913,0.921,0.913,0.921,0.008,0.8762,2.53,0.233
501009.SH,20170823,1.018,1.037,1.037,1.01,1.012,-0.006,-0.5894,66.6,6.777
501010.SH,20170823,1.015,1.01,1.029,1.01,1.019,0.004,0.3941,9.0,0.92
501011.SH,20170823,1.02,1.013,1.014,1.012,1.014,-0.006,-0.5882,51.0,5.165
501012.SH,20170823,1.029,1.019,1.019,1.019,1.019,-0.01,-0.9718,2.0,0.204
501015.SH,20170823,0.971,0.972,0.974,0.968,0.969,-0.002,-0.206,133516.74,12961.887
501016.SH,20170823,1.052,1.053,1.06,1.052,1.059,0.007,0.6654,69173.77,7293.976
501017.SH,20170823,0.906,0.903,0.908,0.903,0.907,0.001,0.1104,2974.93,269.661
501018.SH,20170823,0.861,0.86,0.86,0.856,0.859,-0.002,-0.2323,9951.35,853.716
501019.SH,20170823,0.871,0.872,0.878,0.858,0.865,-0.006,-0.6889,1159.1,100.31
501020.SH,20170823,1.07,1.055,1.066,1.049,1.051,-0.019,-1.7757,4272.2,449.757
501021.SH,20170823,1.278,1.276,1.278,1.274,1.277,-0.001,-0.0782,17287.0,2205.195
501022.SH,20170823,0.893,0.894,0.894,0.891,0.893,0.0,0.0,212.0,18.892
501023.SH,20170823,1.097,1.096,1.096,1.095,1.095,-0.002,-0.1823,740.02,81.039
501025.SH,20170823,1.131,1.13,1.133,1.13,1.133,0.002,0.1768,352.45,39.878
501026.SH,20170823,0.883,0.883,0.883,0.881,0.882,-0.001,-0.1133,4051.95,357.276
501027.SH,20170823,0.965,0.96,0.965,0.96,0.963,-0.002,-0.2073,615.0,59.041
501028.SH,20170823,0.9,0.899,0.9,0.892,0.9,0.0,0.0,30780.71,2764.157
501029.SH,20170823,1.065,1.064,1.067,1.063,1.065,0.0,0.0,23209.25,2470.513
501030.SH,20170823,0.982,1.011,1.011,0.982,0.999,0.017,1.7312,237.27,23.408
501031.SH,20170823,0.967,0.978,0.988,0.976,0.988,0.021,2.1717,1144.72,112.936
501032.SH,20170823,0.925,0.923,0.946,0.92,0.93,0.005,0.5405,518.18,47.688
501050.SH,20170823,1.116,1.115,1.116,1.112,1.116,0.0,0.0,10735.63,1196.904
501300.SH,20170823,0.982,0.982,0.982,0.982,0.982,0.0,0.0,1561.0,153.29
501301.SH,20170823,1.07,1.079,1.079,1.069,1.077,0.007,0.6542,4358.26,466.66
501302.SH,20170823,1.0,1.001,1.004,1.001,1.003,0.003,0.3,1258.8,126.111
502002.SH,20170823,0.909,0.907,0.909,0.907,0.909,0.0,0.0,179.24,16.257
502003.SH,20170823,0.949,0.949,0.949,0.942,0.942,-0.007,-0.7376,831.0,78.416
502004.SH,20170823,0.962,0.963,0.964,0.96,0.96,-0.002,-0.2079,13793.09,1324.934
502005.SH,20170823,0.928,0.928,0.934,0.924,0.931,0.003,0.3233,2627.72,244.392
502006.SH,20170823,1.054,1.045,1.05,1.038,1.043,-0.011,-1.0436,126089.28,13149.183
502007.SH,20170823,1.011,1.006,1.029,1.006,1.024,0.013,1.2859,30893.82,3139.052
502008.SH,20170823,1.099,1.083,1.09,1.052,1.064,-0.035,-3.1847,40780.14,4357.366
502010.SH,20170823,1.14,1.142,1.159,1.135,1.148,0.008,0.7018,968.78,110.666
502011.SH,20170823,0.966,0.966,0.966,0.963,0.965,-0.001,-0.1035,5042.0,486.157
502012.SH,20170823,1.32,1.321,1.35,1.315,1.33,0.01,0.7576,2547.97,339.342
502013.SH,20170823,0.872,0.871,0.874,0.867,0.868,-0.004,-0.4587,70655.3,6146.923
502014.SH,20170823,1.009,1.009,1.01,1.008,1.01,0.001,0.0991,60206.2,6077.59
502015.SH,20170823,0.737,0.729,0.738,0.725,0.726,-0.011,-1.4925,81714.97,5974.674
502016.SH,20170823,1.083,1.079,1.079,1.079,1.079,-0.004,-0.3693,1.0,0.108
502018.SH,20170823,1.021,1.122,1.122,1.122,1.122,0.101,9.8923,1.0,0.112
502020.SH,20170823,1.37,1.371,1.397,1.371,1.397,0.027,1.9708,123.32,17.169
502023.SH,20170823,1.083,1.076,1.076,1.053,1.059,-0.024,-2.2161,1190.0,126.035
502025.SH,20170823,1.13,1.035,1.137,1.035,1.135,0.005,0.4425,22.0,2.298
502026.SH,20170823,0.838,0.838,0.838,0.832,0.838,0.0,0.0,135.0,11.26
502028.SH,20170823,0.619,0.58,0.58,0.58,0.58,-0.039,-6.3005,1101.54,63.889
502031.SH,20170823,1.031,0.954,1.019,0.954,1.019,-0.012,-1.1639,12.0,1.156
502032.SH,20170823,0.95,0.952,0.966,0.952,0.965,0.015,1.5789,502.0,48.465
502036.SH,20170823,1.015,1.01,1.01,1.01,1.01,-0.005,-0.4926,242.0,24.442
502037.SH,20170823,1.035,1.044,1.044,1.044,1.044,0.009,0.8696,0.5,0.052
502038.SH,20170823,0.945,0.947,0.962,0.947,0.956,0.011,1.164,255.49,24.353
502040.SH,20170823,1.08,1.084,1.111,1.084,1.11,0.03,2.7778,1051.04,115.822
502042.SH,20170823,1.1,1.07,1.07,1.07,1.07,-0.03,-2.7273,1.0,0.107
502048.SH,20170823,1.305,1.35,1.35,1.32,1.321,0.016,1.2261,2208.4,292.536
502049.SH,20170823,1.075,1.081,1.081,1.07,1.079,0.004,0.3721,3399.1,366.575
502050.SH,20170823,1.552,1.55,1.576,1.547,1.568,0.016,1.0309,3963.27,620.531
502053.SH,20170823,0.975,0.974,0.977,0.974,0.977,0.002,0.2051,20.0,1.95
502054.SH,20170823,1.058,1.053,1.058,1.04,1.058,0.0,0.0,281.0,29.553
502055.SH,20170823,0.898,0.898,0.92,0.894,0.91,0.012,1.3363,4530.0,408.187
502058.SH,20170823,0.893,0.888,0.888,0.856,0.887,-0.006,-0.6719,3010.0,258.564
505888.SH,20170823,1.116,1.117,1.118,1.115,1.117,0.001,0.0896,213654.03,23848.598
510010.SH,20170823,1.143,1.103,1.14,1.103,1.138,-0.005,-0.4374,1033.51,115.176
510020.SH,20170823,2.671,2.671,2.709,2.623,2.674,0.003,0.1123,13262.72,3548.596
510030.SH,20170823,4.769,4.77,4.794,4.77,4.794,0.025,0.5242,163.23,77.971
510050.SH,20170823,2.689,2.689,2.721,2.686,2.708,0.019,0.7066,3033890.92,820917.331
510060.SH,20170823,1.815,1.819,1.832,1.819,1.827,0.012,0.6612,3966.48,724.915
510070.SH,20170823,1.734,1.736,1.737,1.733,1.733,-0.001,-0.0577,4.0,0.694
510090.SH,20170823,1.509,1.509,1.524,1.502,1.524,0.015,0.994,285.36,43.175
510110.SH,20170823,3.578,3.548,3.595,3.491,3.573,-0.005,-0.1397,579.0,205.994
510120.SH,20170823,2.87,2.913,2.913,2.866,2.866,-0.004,-0.1394,226.0,64.781
510150.SH,20170823,4.4,4.408,4.408,4.358,4.362,-0.038,-0.8636,40.0,17.533
510160.SH,20170823,0.617,0.616,0.617,0.613,0.615,-0.002,-0.3241,3717396.0,228664.785
510170.SH,20170823,2.118,2.11,2.11,2.11,2.11,-0.008,-0.3777,52.0,10.972
510180.SH,20170823,3.399,3.399,3.422,3.396,3.407,0.008,0.2354,107469.5,36616.204
510190.SH,20170823,3.511,3.51,3.51,3.471,3.505,-0.006,-0.1709,1153.16,401.809
510210.SH,20170823,3.773,3.737,3.783,3.736,3.783,0.01,0.265,30.0,11.225
510220.SH,20170823,4.165,4.13,4.13,4.08,4.119,-0.046,-1.1044,100.0,40.981
510230.SH,20170823,6.029,6.029,6.131,6.027,6.092,0.063,1.0449,5546.0,3381.674
510260.SH,20170823,1.179,1.188,1.191,1.172,1.172,-0.007,-0.5937,56.0,6.65
510270.SH,20170823,1.119,1.118,1.128,1.116,1.128,0.009,0.8043,287.0,32.134
510280.SH,20170823,1.559,1.559,1.567,1.55,1.567,0.008,0.5131,51.0,7.931
510290.SH,20170823,1.595,1.591,1.593,1.578,1.58,-0.015,-0.9404,293.0,46.403
510300.SH,20170823,3.803,3.803,3.829,3.797,3.813,0.01,0.263,563945.16,215028.427
510310.SH,20170823,1.593,1.594,1.602,1.591,1.597,0.004,0.2511,20547.55,3284.914
510330.SH,20170823,4.066,4.066,4.09,4.06,4.069,0.003,0.0738,13848.0,5648.166
510360.SH,20170823,1.181,1.179,1.186,1.177,1.18,-0.001,-0.0847,3307.0,390.598
510410.SH,20170823,0.827,0.814,0.818,0.805,0.81,-0.017,-2.0556,6226.0,504.728
510430.SH,20170823,1.507,1.485,1.487,1.485,1.487,-0.02,-1.3271,26.0,3.866
510500.SH,20170823,6.72,6.707,6.721,6.643,6.668,-0.052,-0.7738,170302.0,113762.685
510510.SH,20170823,1.77,1.769,1.769,1.752,1.758,-0.012,-0.678,18473.0,3246.291
510520.SH,20170823,1.686,1.654,1.664,1.654,1.664,-0.022,-1.3049,29.0,4.814
510560.SH,20170823,1.316,1.316,1.316,1.316,1.316,0.0,0.0,1.0,0.132
510580.SH,20170823,6.279,6.27,6.27,6.255,6.256,-0.023,-0.3663,101.0,63.187
510630.SH,20170823,1.943,1.95,1.953,1.945,1.952,0.009,0.4632,348.0,67.839
510650.SH,20170823,1.705,1.715,1.741,1.715,1.74,0.035,2.0528,1212.0,209.958
510660.SH,20170823,1.685,1.682,1.692,1.682,1.687,0.002,0.1187,2355.0,396.874
510680.SH,20170823,2.119,2.139,2.2,2.139,2.2,0.081,3.8226,2.0,0.434
510710.SH,20170823,2.74,2.748,2.777,2.748,2.776,0.036,1.3139,1546.36,427.193
510810.SH,20170823,1.001,0.999,1.004,0.997,1.0,-0.001,-0.0999,69280.24,6939.512
510880.SH,20170823,2.973,2.972,2.991,2.972,2.984,0.011,0.37,42438.12,12656.542
510900.SH,20170823,1.192,1.194,1.198,1.194,1.196,0.004,0.3356,2298467.51,274871.562
511010.SH,20170823,109.927,109.927,110.062,109.927,110.0,0.073,0.0664,65179.2,716925.517
511220.SH,20170823,93.42,93.245,93.44,93.245,93.44,0.02,0.0214,786.0,7344.028
511230.SH,20170823,100.0,100.0,100.0,100.0,100.0,0.0,0.0,0.7,7.0
511600.SH,20170823,99.993,99.993,99.994,99.992,99.994,0.001,0.001,755.17,7551.199
511650.SH,20170823,99.993,99.99,99.992,99.986,99.991,-0.002,-0.002,16625.59,166238.288
511660.SH,20170823,99.996,99.991,99.998,99.991,99.996,0.0,0.0,117737.51,1177304.824
511680.SH,20170823,99.988,99.988,99.992,99.988,99.991,0.003,0.003,1094.0,10939.013
511690.SH,20170823,99.994,99.991,99.996,99.987,99.995,0.001,0.001,36148.11,361453.713
511700.SH,20170823,100.006,100.003,100.045,99.997,100.007,0.001,0.001,911.3,9113.856
511760.SH,20170823,99.97,99.971,99.971,99.971,99.971,0.001,0.001,0.1,1.0
511770.SH,20170823,99.993,99.986,99.992,99.986,99.991,-0.002,-0.002,653.81,6537.453
511800.SH,20170823,99.992,99.992,99.996,99.989,99.993,0.001,0.001,4477.97,44776.386
511810.SH,20170823,99.996,99.993,99.994,99.991,99.992,-0.004,-0.004,87776.49,877697.253
511820.SH,20170823,99.995,99.992,99.994,99.99,99.993,-0.002,-0.002,22278.07,222762.667
511830.SH,20170823,100.044,100.041,100.041,99.995,100.002,-0.042,-0.042,2334.51,23345.112
511850.SH,20170823,99.998,99.997,100.001,99.993,99.999,0.001,0.001,17994.86,179942.428
511860.SH,20170823,99.993,99.99,99.994,99.987,99.99,-0.003,-0.003,10215.53,102144.779
511880.SH,20170823,102.298,102.303,102.306,102.302,102.305,0.007,0.0068,439523.6,4496506.471
511890.SH,20170823,99.976,99.979,99.989,99.979,99.989,0.013,0.013,13.82,138.173
511900.SH,20170823,99.996,99.993,99.996,99.992,99.995,-0.001,-0.001,23278.28,232768.054
511910.SH,20170823,99.991,99.99,99.991,99.99,99.991,0.0,0.0,366.0,3659.65
511920.SH,20170823,99.981,99.982,99.982,99.982,99.982,0.001,0.001,0.01,0.1
511930.SH,20170823,99.992,99.989,99.989,99.989,99.989,-0.003,-0.003,3.0,29.997
511960.SH,20170823,99.99,99.99,99.993,99.981,99.983,-0.007,-0.007,153.5,1534.834
511970.SH,20170823,99.994,99.993,99.993,99.992,99.992,-0.002,-0.002,232.0,2319.827
511980.SH,20170823,99.993,99.99,99.994,99.987,99.992,-0.001,-0.001,6036.71,60361.271
511990.SH,20170823,99.995,99.991,99.993,99.99,99.991,-0.004,-0.004,670951.29,6708961.995
512000.SH,20170823,0.986,0.986,1.006,0.984,0.996,0.01,1.0142,112491.24,11200.116
512010.SH,20170823,1.465,1.472,1.472,1.465,1.466,0.001,0.0683,265.0,38.956
512070.SH,20170823,1.946,1.948,1.976,1.944,1.961,0.015,0.7708,8032.0,1573.881
512100.SH,20170823,0.872,0.872,0.874,0.863,0.867,-0.005,-0.5734,47621.0,4133.315
512210.SH,20170823,1.737,1.725,1.725,1.725,1.725,-0.012,-0.6908,11.0,1.898
512220.SH,20170823,1.415,1.398,1.435,1.384,1.435,0.02,1.4134,144.01,20.233
512230.SH,20170823,1.313,1.31,1.31,1.31,1.31,-0.003,-0.2285,1.0,0.131
512300.SH,20170823,1.18,1.177,1.18,1.171,1.174,-0.006,-0.5085,2930.0,344.752
512310.SH,20170823,0.697,0.698,0.699,0.693,0.695,-0.002,-0.2869,2237.0,155.359
512330.SH,20170823,0.82,0.82,0.82,0.814,0.816,-0.004,-0.4878,12573.0,1030.729
512340.SH,20170823,0.965,0.957,0.958,0.944,0.946,-0.019,-1.9689,3555.0,338.739
512500.SH,20170823,3.099,3.099,3.1,3.073,3.097,-0.002,-0.0645,1350.33,415.791
512510.SH,20170823,1.307,1.304,1.306,1.293,1.296,-0.011,-0.8416,8750.0,1136.272
512550.SH,20170823,0.996,0.996,1.01,0.996,1.004,0.008,0.8032,426654.0,42816.919
512560.SH,20170823,1.015,1.015,1.019,1.011,1.016,0.001,0.0985,8320.0,845.032
512570.SH,20170823,0.994,0.989,1.01,0.989,0.998,0.004,0.4024,347116.03,34758.582
512580.SH,20170823,0.994,0.994,0.997,0.991,0.994,0.0,0.0,5711.0,567.566
512600.SH,20170823,1.879,1.875,1.878,1.852,1.878,-0.001,-0.0532,58.0,10.792
512610.SH,20170823,1.445,1.442,1.449,1.422,1.443,-0.002,-0.1384,2022.0,288.591
512640.SH,20170823,1.825,1.84,1.849,1.84,1.849,0.024,1.3151,19.0,3.507
512660.SH,20170823,0.893,0.893,0.901,0.89,0.896,0.003,0.3359,181838.0,16298.334
512680.SH,20170823,0.87,0.871,0.877,0.867,0.869,-0.001,-0.1149,41102.0,3587.876
512700.SH,20170823,0.978,0.978,0.996,0.978,0.992,0.014,1.4315,44273.0,4384.521
512800.SH,20170823,0.975,0.975,0.994,0.975,0.987,0.012,1.2308,92123.03,9085.233
512810.SH,20170823,0.861,0.862,0.866,0.858,0.86,-0.001,-0.1161,3796.0,327.379
512880.SH,20170823,1.042,1.043,1.062,1.04,1.05,0.008,0.7678,457699.0,48212.126
512900.SH,20170823,0.994,0.995,1.013,0.991,1.002,0.008,0.8048,102887.0,10321.151
512990.SH,20170823,1.108,1.109,1.112,1.096,1.105,-0.003,-0.2708,24263.5,2674.342
513030.SH,20170823,1.088,1.091,1.096,1.091,1.093,0.005,0.4596,15103.0,1650.966
513050.SH,20170823,1.424,1.436,1.446,1.428,1.431,0.007,0.4916,116549.0,16721.89
513100.SH,20170823,2.053,2.069,2.072,2.061,2.062,0.009,0.4384,13496.0,2786.787
513500.SH,20170823,1.504,1.504,1.513,1.504,1.51,0.006,0.3989,7169.0,1082.044
513600.SH,20170823,2.424,2.41,2.429,2.41,2.42,-0.004,-0.165,224.37,54.376
513660.SH,20170823,2.415,2.371,2.433,2.371,2.433,0.018,0.7453,1232.0,299.374
518800.SH,20170823,2.747,2.743,2.749,2.742,2.749,0.002,0.0728,404622.0,111097.221
518880.SH,20170823,2.749,2.745,2.752,2.745,2.75,0.001,0.0364,1416612.0,389189.867
