ts_code,trade_date,pre_close,open,high,low,close,change,pct_chg,vol,amount
150008.SZ,20170418,1.228,1.173,1.239,1.173,1.227,-0.001,-0.0814,2030.97,238.604
150009.SZ,20170418,1.021,1.021,1.021,1.01,1.013,-0.008,-0.7835,954.0,96.443
150012.SZ,20170418,1.045,1.046,1.046,1.045,1.045,0.0,0.0,10147.0,1061.366
150013.SZ,20170418,1.121,1.133,1.133,1.112,1.118,-0.003,-0.2676,1765.28,197.147
150016.SZ,20170418,1.071,1.059,1.059,1.059,1.059,-0.012,-1.1204,28.0,2.965
150017.SZ,20170418,1.045,1.045,1.047,1.04,1.042,-0.003,-0.2871,5035.0,525.159
150018.SZ,20170418,1.02,1.02,1.026,1.019,1.023,0.003,0.2941,117362.93,12003.275
150019.SZ,20170418,0.837,0.84,0.845,0.835,0.835,-0.002,-0.2389,550985.69,46290.407
150020.SZ,20170418,1.043,1.043,1.045,1.043,1.045,0.002,0.1918,38484.88,4014.072
150021.SZ,20170418,1.025,1.026,1.026,1.018,1.019,-0.006,-0.5854,8852.0,904.606
150022.SZ,20170418,0.802,0.802,0.804,0.8,0.8,-0.002,-0.2494,174405.0,13993.085
150023.SZ,20170418,0.375,0.375,0.377,0.374,0.375,0.0,0.0,712284.28,26718.802
150028.SZ,20170418,1.003,1.002,1.003,1.001,1.001,-0.002,-0.1994,1456.48,145.976
150029.SZ,20170418,1.5,1.498,1.499,1.488,1.49,-0.01,-0.6667,2364.25,352.943
150030.SZ,20170418,1.043,1.028,1.054,1.028,1.05,0.007,0.6711,99.13,10.285
150031.SZ,20170418,1.104,1.095,1.104,1.086,1.104,0.0,0.0,130.81,14.324
150032.SZ,20170418,0.995,0.996,0.996,0.994,0.995,0.0,0.0,9777.0,972.812
150033.SZ,20170418,0.932,0.936,0.936,0.932,0.936,0.004,0.4292,667.88,62.298
150036.SZ,20170418,1.041,1.07,1.07,1.057,1.06,0.019,1.8252,226.0,23.894
150037.SZ,20170418,1.548,1.57,1.57,1.57,1.57,0.022,1.4212,2.0,0.314
150039.SZ,20170418,1.108,1.11,1.11,1.11,1.11,0.002,0.1805,403.0,44.733
150040.SZ,20170418,1.697,1.703,1.703,1.703,1.703,0.006,0.3536,69.0,11.75
150047.SZ,20170418,1.399,1.398,1.404,1.398,1.4,0.001,0.0715,25.0,3.497
150048.SZ,20170418,1.027,1.017,1.032,1.011,1.029,0.002,0.1947,872.89,89.286
150049.SZ,20170418,0.992,0.99,0.994,0.99,0.991,-0.001,-0.1008,19536.0,1938.753
150050.SZ,20170418,1.029,1.02,1.034,1.02,1.027,-0.002,-0.1944,9095.21,936.18
150051.SZ,20170418,1.008,1.007,1.009,1.005,1.007,-0.001,-0.0992,27507.12,2769.122
150052.SZ,20170418,1.41,1.409,1.416,1.401,1.403,-0.007,-0.4965,49460.09,6968.973
150053.SZ,20170418,1.019,1.022,1.022,1.015,1.02,0.001,0.0981,473.0,48.134
150054.SZ,20170418,1.025,1.044,1.044,0.953,1.009,-0.016,-1.561,104.0,10.056
150055.SZ,20170418,1.059,1.059,1.06,1.039,1.059,0.0,0.0,211.0,22.291
150056.SZ,20170418,1.492,1.5,1.5,1.473,1.489,-0.003,-0.2011,1853.58,275.642
150057.SZ,20170418,1.155,1.219,1.219,1.219,1.219,0.064,5.5411,1.0,0.121
150058.SZ,20170418,1.01,0.986,1.006,0.986,1.006,-0.004,-0.396,17.49,1.728
150060.SZ,20170418,1.093,1.088,1.101,1.08,1.081,-0.012,-1.0979,1801.74,195.012
150064.SZ,20170418,1.026,1.026,1.027,1.026,1.026,0.0,0.0,220.0,22.576
150065.SZ,20170418,1.077,1.033,1.033,1.033,1.033,-0.044,-4.0854,0.14,0.014
150073.SZ,20170418,1.02,1.016,1.018,1.016,1.018,-0.002,-0.1961,9.86,1.003
150075.SZ,20170418,1.246,1.169,1.273,1.168,1.248,0.002,0.1605,633.2,75.818
150076.SZ,20170418,0.992,0.99,0.99,0.99,0.99,-0.002,-0.2016,6.0,0.594
150083.SZ,20170418,1.07,1.042,1.059,1.042,1.059,-0.011,-1.028,30.0,3.127
150084.SZ,20170418,0.986,0.984,0.984,0.979,0.984,-0.002,-0.2028,71.0,6.976
150085.SZ,20170418,1.052,1.052,1.053,1.049,1.049,-0.003,-0.2852,5585.0,587.104
150086.SZ,20170418,0.983,0.981,0.994,0.981,0.983,0.0,0.0,16608.12,1642.082
150090.SZ,20170418,1.019,1.023,1.023,1.023,1.023,0.004,0.3925,14.0,1.432
150091.SZ,20170418,0.945,0.945,0.96,0.945,0.949,0.004,0.4233,215.0,20.471
150092.SZ,20170418,1.073,1.072,1.073,1.004,1.05,-0.023,-2.1435,242.0,24.841
150093.SZ,20170418,0.969,0.935,0.961,0.934,0.961,-0.008,-0.8256,282.02,26.346
150095.SZ,20170418,0.525,0.505,0.532,0.505,0.523,-0.002,-0.381,690.0,35.112
150097.SZ,20170418,1.09,1.082,1.089,1.072,1.073,-0.017,-1.5596,5100.0,551.113
150100.SZ,20170418,1.015,1.018,1.019,1.013,1.013,-0.002,-0.197,1439.0,145.982
150101.SZ,20170418,1.396,1.388,1.395,1.371,1.379,-0.017,-1.2178,4668.0,647.393
150104.SZ,20170418,1.031,1.03,1.045,1.027,1.045,0.014,1.3579,120.0,12.509
150105.SZ,20170418,1.364,1.355,1.365,1.336,1.365,0.001,0.0733,249.0,33.658
150106.SZ,20170418,1.105,1.108,1.11,1.108,1.11,0.005,0.4525,5424.0,601.42
150107.SZ,20170418,0.935,0.934,0.944,0.927,0.928,-0.007,-0.7487,4824.8,451.181
150108.SZ,20170418,1.116,1.228,1.228,1.076,1.146,0.03,2.6882,215.0,24.985
150109.SZ,20170418,0.948,0.911,0.941,0.911,0.917,-0.031,-3.27,507.86,46.572
150112.SZ,20170418,1.038,1.032,1.048,1.032,1.048,0.01,0.9634,6.0,0.627
150113.SZ,20170418,1.416,1.417,1.43,1.417,1.428,0.012,0.8475,55.0,7.859
150117.SZ,20170418,1.057,1.058,1.06,1.057,1.058,0.001,0.0946,43099.49,4560.225
150118.SZ,20170418,0.47,0.47,0.476,0.458,0.46,-0.01,-2.1277,271409.05,12665.701
150121.SZ,20170418,1.019,1.019,1.019,1.014,1.014,-0.005,-0.4907,22.0,2.235
150122.SZ,20170418,1.22,1.206,1.231,1.206,1.231,0.011,0.9016,103.0,12.515
150123.SZ,20170418,1.26,1.259,1.265,1.258,1.258,-0.002,-0.1587,10004.0,1259.504
150124.SZ,20170418,1.545,1.547,1.565,1.546,1.55,0.005,0.3236,5844.0,908.016
150130.SZ,20170418,1.063,1.067,1.069,1.061,1.065,0.002,0.1881,469543.59,50000.505
150131.SZ,20170418,0.481,0.481,0.492,0.481,0.486,0.005,1.0395,947145.55,46150.503
150133.SZ,20170418,1.068,1.069,1.069,1.069,1.069,0.001,0.0936,9.0,0.962
150134.SZ,20170418,1.142,1.142,1.145,1.03,1.145,0.003,0.2627,1281.71,139.445
150135.SZ,20170418,1.023,1.021,1.021,1.021,1.021,-0.002,-0.1955,40.0,4.084
150136.SZ,20170418,0.631,0.633,0.633,0.631,0.633,0.002,0.317,247.0,15.607
150139.SZ,20170418,1.023,0.98,1.009,0.98,1.004,-0.019,-1.8573,351.67,35.201
150140.SZ,20170418,1.049,1.021,1.03,1.021,1.025,-0.024,-2.2879,2877.67,295.337
150141.SZ,20170418,0.729,0.729,0.748,0.729,0.733,0.004,0.5487,182.0,13.328
150143.SZ,20170418,1.003,1.004,1.005,1.003,1.003,0.0,0.0,10161.0,1020.15
150144.SZ,20170418,0.649,0.658,0.658,0.645,0.645,-0.004,-0.6163,1361.03,88.058
150145.SZ,20170418,1.056,1.031,1.031,1.031,1.031,-0.025,-2.3674,1.0,0.103
150146.SZ,20170418,0.48,0.496,0.496,0.476,0.476,-0.004,-0.8333,154.0,7.37
150148.SZ,20170418,1.049,1.057,1.057,1.047,1.048,-0.001,-0.0953,12143.71,1275.645
150149.SZ,20170418,0.604,0.602,0.625,0.602,0.619,0.015,2.4834,12611.71,780.66
150150.SZ,20170418,1.029,1.02,1.02,1.018,1.018,-0.011,-1.069,7921.0,807.828
150151.SZ,20170418,1.17,1.144,1.177,1.144,1.151,-0.019,-1.6239,6077.93,707.767
150152.SZ,20170418,1.029,1.028,1.031,1.027,1.029,0.0,0.0,290199.03,29871.384
150153.SZ,20170418,0.664,0.662,0.666,0.642,0.643,-0.021,-3.1627,1746215.63,114486.422
150154.SZ,20170418,0.935,0.935,0.935,0.935,0.935,0.0,0.0,800.0,74.8
150156.SZ,20170418,0.995,0.988,0.988,0.988,0.988,-0.007,-0.7035,6.0,0.592
150157.SZ,20170418,1.003,1.001,1.002,1.0,1.001,-0.002,-0.1994,20831.86,2084.531
150158.SZ,20170418,0.807,0.807,0.807,0.791,0.791,-0.016,-1.9827,62703.0,5015.81
150164.SZ,20170418,0.997,0.997,0.999,0.997,0.998,0.001,0.1003,10238.0,1021.664
150165.SZ,20170418,0.639,0.639,0.639,0.627,0.627,-0.012,-1.8779,1098.0,69.311
150167.SZ,20170418,1.05,1.04,1.04,1.017,1.039,-0.011,-1.0476,26.0,2.655
150168.SZ,20170418,0.683,0.698,0.698,0.675,0.675,-0.008,-1.1713,151.32,10.317
150169.SZ,20170418,1.002,1.002,1.005,1.002,1.004,0.002,0.1996,21630.81,2169.505
150170.SZ,20170418,1.095,1.107,1.107,1.09,1.095,0.0,0.0,53275.19,5850.94
150171.SZ,20170418,0.989,0.989,0.99,0.988,0.989,0.0,0.0,81266.0,8036.277
150172.SZ,20170418,1.097,1.096,1.098,1.074,1.074,-0.023,-2.0966,610752.24,66330.716
150173.SZ,20170418,1.001,1.001,1.002,1.001,1.002,0.001,0.0999,6017.66,602.767
150174.SZ,20170418,0.585,0.581,0.585,0.575,0.578,-0.007,-1.1966,11613.0,672.725
150175.SZ,20170418,0.957,0.957,0.958,0.953,0.954,-0.003,-0.3135,302758.0,28912.552
150176.SZ,20170418,0.906,0.914,0.92,0.901,0.903,-0.003,-0.3311,366866.26,33320.763
150177.SZ,20170418,1.004,1.003,1.003,0.999,1.003,-0.001,-0.0996,12132.12,1216.725
150178.SZ,20170418,1.254,1.25,1.258,1.234,1.236,-0.018,-1.4354,11880.45,1479.971
150179.SZ,20170418,1.016,1.016,1.027,1.016,1.019,0.003,0.2953,461.75,47.196
150180.SZ,20170418,1.238,1.237,1.25,1.223,1.223,-0.015,-1.2116,2415.71,297.404
150181.SZ,20170418,1.0,1.0,1.001,0.997,0.999,-0.001,-0.1,264174.45,26376.968
150182.SZ,20170418,1.163,1.163,1.171,1.145,1.145,-0.018,-1.5477,1229083.2,142092.849
150184.SZ,20170418,1.05,1.05,1.054,1.049,1.05,0.0,0.0,2232.87,234.592
150185.SZ,20170418,0.924,0.924,0.938,0.911,0.915,-0.009,-0.974,90353.11,8374.771
150186.SZ,20170418,1.016,1.016,1.02,1.013,1.014,-0.002,-0.1969,32555.38,3303.063
150187.SZ,20170418,0.92,0.905,0.916,0.889,0.893,-0.027,-2.9348,117793.65,10636.787
150188.SZ,20170418,1.004,1.004,1.004,1.001,1.003,-0.001,-0.0996,12870.16,1289.508
150189.SZ,20170418,0.988,0.981,0.998,0.981,0.994,0.006,0.6073,1536.15,151.473
150190.SZ,20170418,1.087,1.088,1.093,1.088,1.088,0.001,0.092,8023.75,872.991
150191.SZ,20170418,1.221,1.208,1.22,1.202,1.202,-0.019,-1.5561,3765.75,453.672
150192.SZ,20170418,1.07,1.07,1.07,1.068,1.07,0.0,0.0,5166.25,552.739
150193.SZ,20170418,1.039,1.039,1.049,1.034,1.038,-0.001,-0.0962,8781.48,915.39
150194.SZ,20170418,1.0,1.0,1.002,0.998,1.001,0.001,0.1,214903.12,21489.42
150195.SZ,20170418,0.322,0.323,0.325,0.3,0.302,-0.02,-6.2112,2016646.11,63358.433
150196.SZ,20170418,1.067,1.068,1.068,1.061,1.066,-0.001,-0.0937,63509.3,6755.09
150197.SZ,20170418,1.135,1.137,1.137,1.119,1.119,-0.016,-1.4097,131457.03,14835.529
150198.SZ,20170418,1.15,1.151,1.157,1.151,1.155,0.005,0.4348,92785.5,10721.232
150199.SZ,20170418,0.698,0.696,0.721,0.692,0.717,0.019,2.7221,192892.0,13773.797
150200.SZ,20170418,0.991,0.992,0.993,0.991,0.991,0.0,0.0,416259.43,41275.656
150201.SZ,20170418,0.457,0.457,0.459,0.443,0.443,-0.014,-3.0635,6908702.13,311821.421
150203.SZ,20170418,1.006,1.006,1.007,1.001,1.001,-0.005,-0.497,1566.14,157.36
150204.SZ,20170418,0.923,0.916,0.927,0.892,0.896,-0.027,-2.9252,20556.39,1864.055
150205.SZ,20170418,1.007,1.007,1.008,1.003,1.004,-0.003,-0.2979,233170.4,23445.612
150206.SZ,20170418,0.479,0.477,0.484,0.47,0.472,-0.007,-1.4614,3294776.31,157180.591
150207.SZ,20170418,1.023,1.025,1.026,1.021,1.023,0.0,0.0,8633.0,883.312
150208.SZ,20170418,0.531,0.529,0.534,0.526,0.526,-0.005,-0.9416,27431.56,1451.359
150209.SZ,20170418,1.026,1.023,1.03,1.021,1.024,-0.002,-0.1949,145980.72,14964.062
150210.SZ,20170418,0.834,0.835,0.85,0.831,0.836,0.002,0.2398,852360.2,71728.863
150211.SZ,20170418,1.033,1.037,1.037,1.025,1.027,-0.006,-0.5808,17200.0,1779.795
150212.SZ,20170418,0.693,0.695,0.7,0.679,0.68,-0.013,-1.8759,122800.0,8432.543
150213.SZ,20170418,1.02,1.022,1.024,1.021,1.021,0.001,0.098,32034.0,3276.354
150214.SZ,20170418,0.393,0.392,0.397,0.381,0.386,-0.007,-1.7812,159624.0,6234.845
150215.SZ,20170418,1.024,1.034,1.034,1.034,1.034,0.01,0.9766,1.0,0.103
150216.SZ,20170418,1.036,1.05,1.05,1.03,1.03,-0.006,-0.5792,1378.0,142.038
150217.SZ,20170418,0.999,1.001,1.003,0.998,0.999,0.0,0.0,3018.03,301.691
150218.SZ,20170418,0.629,0.627,0.639,0.623,0.628,-0.001,-0.159,20099.85,1266.431
150219.SZ,20170418,1.205,1.19,1.202,1.19,1.202,-0.003,-0.249,35.04,4.179
150220.SZ,20170418,0.859,0.851,0.862,0.85,0.852,-0.007,-0.8149,35948.0,3077.075
150221.SZ,20170418,1.192,1.192,1.194,1.19,1.19,-0.002,-0.1678,215639.54,25694.647
150222.SZ,20170418,0.642,0.642,0.646,0.636,0.637,-0.005,-0.7788,673275.35,43096.602
150223.SZ,20170418,1.114,1.114,1.115,1.113,1.113,-0.001,-0.0898,145669.56,16224.509
150224.SZ,20170418,0.864,0.864,0.864,0.845,0.845,-0.019,-2.1991,344512.15,29443.699
150225.SZ,20170418,1.025,1.02,1.023,1.02,1.023,-0.002,-0.1951,12.0,1.227
150226.SZ,20170418,1.109,1.098,1.109,1.098,1.108,-0.001,-0.0902,481.97,53.0
150227.SZ,20170418,1.008,1.008,1.008,1.005,1.005,-0.003,-0.2976,84036.0,8458.851
150228.SZ,20170418,0.686,0.684,0.685,0.67,0.672,-0.014,-2.0408,940385.45,63557.226
150229.SZ,20170418,1.021,1.018,1.032,1.018,1.026,0.005,0.4897,12725.32,1302.347
150230.SZ,20170418,0.98,0.987,1.015,0.982,1.006,0.026,2.6531,22308.0,2240.009
150231.SZ,20170418,1.129,1.107,1.107,1.107,1.107,-0.022,-1.9486,1.0,0.11
150232.SZ,20170418,0.985,0.976,0.989,0.976,0.987,0.002,0.203,2890.17,284.833
150233.SZ,20170418,1.018,1.016,1.017,1.016,1.017,-0.001,-0.0982,990.0,100.65
150234.SZ,20170418,0.487,0.487,0.494,0.463,0.463,-0.024,-4.9281,2872.55,137.184
150235.SZ,20170418,1.002,1.002,1.004,1.002,1.003,0.001,0.0998,12605.0,1264.041
150236.SZ,20170418,0.851,0.851,0.852,0.835,0.835,-0.016,-1.8801,34361.63,2896.682
150237.SZ,20170418,1.031,1.01,1.011,1.01,1.01,-0.021,-2.0369,9.0,0.909
150238.SZ,20170418,1.353,1.286,1.339,1.286,1.329,-0.024,-1.7738,1281.01,168.544
150241.SZ,20170418,0.999,0.996,1.001,0.996,1.0,0.001,0.1001,9048.0,904.719
150242.SZ,20170418,0.828,0.818,0.82,0.806,0.809,-0.019,-2.2947,5836.0,474.457
150243.SZ,20170418,1.016,1.015,1.016,1.014,1.015,-0.001,-0.0984,15728.0,1597.304
150244.SZ,20170418,0.732,0.732,0.735,0.71,0.71,-0.022,-3.0055,110872.79,8021.079
150245.SZ,20170418,1.056,1.05,1.084,1.05,1.059,0.003,0.2841,217.42,23.146
150246.SZ,20170418,0.978,0.978,0.985,0.954,0.975,-0.003,-0.3067,394.0,37.905
150247.SZ,20170418,1.015,1.014,1.016,1.013,1.014,-0.001,-0.0985,93304.79,9470.497
150248.SZ,20170418,0.279,0.279,0.283,0.268,0.268,-0.011,-3.9427,426128.31,11754.537
150250.SZ,20170418,0.763,0.746,0.775,0.746,0.749,-0.014,-1.8349,4511.0,338.012
150251.SZ,20170418,1.019,1.013,1.095,1.013,1.017,-0.002,-0.1963,790.64,81.066
150252.SZ,20170418,1.218,1.218,1.229,1.198,1.199,-0.019,-1.5599,11874.17,1438.804
150255.SZ,20170418,1.019,1.016,1.019,1.016,1.019,0.0,0.0,11577.0,1179.525
150256.SZ,20170418,0.675,0.675,0.675,0.66,0.66,-0.015,-2.2222,819.0,54.151
150257.SZ,20170418,1.025,1.016,1.017,1.01,1.017,-0.008,-0.7805,74.82,7.595
150258.SZ,20170418,1.056,1.06,1.087,1.046,1.085,0.029,2.7462,78.41,8.309
150259.SZ,20170418,1.022,1.017,1.023,1.017,1.018,-0.004,-0.3914,1226.37,125.259
150260.SZ,20170418,0.815,0.803,0.822,0.78,0.819,0.004,0.4908,1319.65,106.106
150261.SZ,20170418,1.047,1.046,1.048,1.046,1.047,0.0,0.0,10159.08,1063.656
150262.SZ,20170418,0.885,0.878,0.886,0.855,0.861,-0.024,-2.7119,12860.22,1122.456
150263.SZ,20170418,1.053,1.035,1.092,1.035,1.059,0.006,0.5698,8.0,0.864
150264.SZ,20170418,0.566,0.544,0.565,0.544,0.546,-0.02,-3.5336,516.1,28.424
150265.SZ,20170418,1.054,1.052,1.054,1.051,1.052,-0.002,-0.1898,30796.84,3242.709
150266.SZ,20170418,1.506,1.506,1.541,1.506,1.517,0.011,0.7304,57360.3,8722.549
150267.SZ,20170418,1.036,1.027,1.036,1.022,1.034,-0.002,-0.1931,969.0,100.085
150268.SZ,20170418,0.716,0.706,0.707,0.7,0.703,-0.013,-1.8156,486.78,34.218
150269.SZ,20170418,1.031,1.038,1.038,1.025,1.031,0.0,0.0,41156.0,4242.931
150270.SZ,20170418,1.248,1.242,1.305,1.241,1.302,0.054,4.3269,172475.55,22228.759
150271.SZ,20170418,0.996,0.994,0.994,0.994,0.994,-0.002,-0.2008,225.0,22.365
150272.SZ,20170418,0.996,0.996,1.0,0.996,0.998,0.002,0.2008,90.81,9.056
150273.SZ,20170418,1.01,1.008,1.011,1.005,1.01,0.0,0.0,14078.91,1421.555
150274.SZ,20170418,0.766,0.773,0.778,0.76,0.763,-0.003,-0.3916,45075.5,3470.023
150275.SZ,20170418,0.995,0.995,0.997,0.994,0.995,0.0,0.0,170887.0,17017.231
150276.SZ,20170418,0.701,0.703,0.723,0.7,0.702,0.001,0.1427,1250517.07,88935.496
150277.SZ,20170418,1.013,1.012,1.016,1.008,1.012,-0.001,-0.0987,9968.0,1008.99
150278.SZ,20170418,0.682,0.684,0.7,0.679,0.683,0.001,0.1466,188168.1,12971.4
150279.SZ,20170418,1.061,1.054,1.054,1.054,1.054,-0.007,-0.6598,9.0,0.948
150280.SZ,20170418,0.78,0.772,0.773,0.762,0.771,-0.009,-1.1538,1141.6,87.858
150281.SZ,20170418,1.024,1.021,1.024,1.021,1.023,-0.001,-0.0977,10321.0,1056.749
150282.SZ,20170418,0.437,0.437,0.437,0.425,0.432,-0.005,-1.1442,1260.0,53.744
150283.SZ,20170418,1.016,1.016,1.019,1.016,1.018,0.002,0.1969,14456.79,1470.203
150284.SZ,20170418,0.736,0.737,0.765,0.737,0.75,0.014,1.9022,1578.14,117.164
150287.SZ,20170418,1.06,1.072,1.072,1.057,1.064,0.004,0.3774,10837.0,1147.415
150288.SZ,20170418,0.69,0.686,0.694,0.663,0.663,-0.027,-3.913,90259.69,6146.622
150289.SZ,20170418,1.053,1.053,1.06,1.048,1.049,-0.004,-0.3799,25987.0,2731.749
150290.SZ,20170418,0.484,0.484,0.487,0.474,0.475,-0.009,-1.8595,458271.0,22071.274
150291.SZ,20170418,1.035,1.035,1.037,1.035,1.037,0.002,0.1932,11870.3,1230.606
150292.SZ,20170418,0.563,0.56,0.56,0.55,0.55,-0.013,-2.3091,36792.84,2032.989
150293.SZ,20170418,1.038,1.041,1.041,1.031,1.034,-0.004,-0.3854,278.0,28.813
150294.SZ,20170418,1.235,1.231,1.35,1.231,1.236,0.001,0.081,799.0,100.165
150295.SZ,20170418,1.033,1.03,1.035,1.03,1.034,0.001,0.0968,14269.62,1475.744
150296.SZ,20170418,0.921,0.922,0.936,0.919,0.919,-0.002,-0.2172,22694.98,2105.67
150297.SZ,20170418,1.028,1.027,1.03,1.027,1.03,0.002,0.1946,9331.94,959.37
150298.SZ,20170418,0.457,0.458,0.458,0.443,0.451,-0.006,-1.3129,8172.86,366.899
150299.SZ,20170418,1.036,1.034,1.035,1.033,1.035,-0.001,-0.0965,154006.12,15934.545
150300.SZ,20170418,0.513,0.51,0.511,0.498,0.498,-0.015,-2.924,328962.74,16523.442
150301.SZ,20170418,1.037,1.035,1.037,1.035,1.036,-0.001,-0.0964,14021.0,1453.197
150302.SZ,20170418,1.017,1.002,1.014,0.999,1.0,-0.017,-1.6716,5531.15,556.075
150303.SZ,20170418,1.019,1.02,1.02,1.018,1.019,0.0,0.0,191337.13,19501.77
150304.SZ,20170418,0.329,0.327,0.332,0.304,0.305,-0.024,-7.2948,1164024.42,37119.712
150305.SZ,20170418,1.008,1.01,1.039,1.0,1.011,0.003,0.2976,1792.0,185.418
150306.SZ,20170418,0.521,0.522,0.528,0.52,0.52,-0.001,-0.1919,3292.0,172.209
150307.SZ,20170418,0.998,0.998,0.998,0.996,0.997,-0.001,-0.1002,2247.0,224.025
150308.SZ,20170418,0.447,0.447,0.448,0.432,0.432,-0.015,-3.3557,32710.5,1436.493
150309.SZ,20170418,0.995,0.996,0.997,0.996,0.997,0.002,0.201,371.0,36.988
150310.SZ,20170418,0.656,0.655,0.669,0.646,0.646,-0.01,-1.5244,412.0,26.855
150311.SZ,20170418,0.997,0.994,0.997,0.994,0.995,-0.002,-0.2006,740.39,73.781
150312.SZ,20170418,0.81,0.791,0.805,0.791,0.795,-0.015,-1.8519,461.93,36.948
150315.SZ,20170418,0.998,0.999,1.0,0.999,1.0,0.002,0.2004,10999.99,1099.633
150316.SZ,20170418,0.822,0.81,0.83,0.8,0.801,-0.021,-2.5547,6978.0,562.797
150317.SZ,20170418,1.05,1.05,1.05,1.04,1.05,0.0,0.0,546.0,57.328
150318.SZ,20170418,0.941,0.879,0.939,0.879,0.912,-0.029,-3.0818,452.7,41.957
150321.SZ,20170418,1.197,1.191,1.197,1.191,1.197,0.0,0.0,8973.64,1072.151
150322.SZ,20170418,1.09,1.093,1.093,1.071,1.071,-0.019,-1.7431,12858.0,1394.877
150323.SZ,20170418,1.038,1.042,1.045,1.039,1.039,0.001,0.0963,1954.0,203.167
150324.SZ,20170418,0.511,0.519,0.519,0.496,0.496,-0.015,-2.9354,9367.0,476.067
150326.SZ,20170418,1.185,1.185,1.191,1.16,1.191,0.006,0.5063,231.39,27.391
150328.SZ,20170418,1.228,1.225,1.225,1.205,1.221,-0.007,-0.57,216.0,26.239
150329.SZ,20170418,1.001,1.002,1.002,0.996,0.999,-0.002,-0.1998,9401.0,939.29
150330.SZ,20170418,0.9,0.899,0.899,0.873,0.875,-0.025,-2.7778,57774.0,5105.786
150331.SZ,20170418,1.072,1.071,1.073,1.066,1.066,-0.006,-0.5597,23645.49,2528.098
150332.SZ,20170418,0.387,0.387,0.391,0.368,0.368,-0.019,-4.9096,271677.0,10301.553
150335.SZ,20170418,1.036,1.036,1.036,1.031,1.032,-0.004,-0.3861,28081.0,2901.594
150336.SZ,20170418,0.583,0.58,0.588,0.575,0.578,-0.005,-0.8576,57008.0,3307.916
150343.SZ,20170418,1.046,1.046,1.046,1.041,1.041,-0.005,-0.478,588.39,61.382
150344.SZ,20170418,1.043,1.027,1.042,1.027,1.032,-0.011,-1.0547,2343.21,241.605
159001.SZ,20170418,99.999,99.998,100.0,99.996,100.0,0.001,0.001,3854.18,38541.19
159003.SZ,20170418,100.0,99.998,100.0,99.996,100.0,0.0,0.0,29266.65,292662.891
159005.SZ,20170418,100.0,100.0,100.001,99.998,100.0,0.0,0.0,347161.21,3471612.064
159901.SZ,20170418,4.179,4.179,4.215,4.172,4.177,-0.002,-0.0479,55419.31,23235.249
159902.SZ,20170418,3.235,3.238,3.259,3.225,3.229,-0.006,-0.1855,103918.13,33697.538
159903.SZ,20170418,1.115,1.114,1.128,1.114,1.116,0.001,0.0897,6577.01,737.971
159905.SZ,20170418,1.292,1.292,1.31,1.292,1.31,0.018,1.3932,424.0,55.295
159906.SZ,20170418,0.912,0.899,0.924,0.899,0.924,0.012,1.3158,102.0,9.174
159907.SZ,20170418,1.444,1.447,1.451,1.439,1.439,-0.005,-0.3463,970.0,140.33
159908.SZ,20170418,1.314,1.284,1.303,1.282,1.303,-0.011,-0.8371,58.0,7.461
159909.SZ,20170418,4.65,4.57,4.688,4.57,4.644,-0.006,-0.129,5.0,2.318
159910.SZ,20170418,1.466,1.451,1.472,1.451,1.472,0.006,0.4093,54.0,7.839
159911.SZ,20170418,4.128,4.112,4.199,4.111,4.199,0.071,1.72,67.0,27.557
159912.SZ,20170418,1.296,1.292,1.303,1.288,1.297,0.001,0.0772,190.0,24.644
159913.SZ,20170418,1.528,1.528,1.531,1.528,1.531,0.003,0.1963,2.0,0.305
159915.SZ,20170418,1.79,1.79,1.799,1.77,1.772,-0.018,-1.0056,832395.5,148672.136
159916.SZ,20170418,2.999,2.918,2.995,2.901,2.995,-0.004,-0.1334,40.0,11.697
159918.SZ,20170418,2.009,2.009,2.009,1.99,2.009,0.0,0.0,101.1,20.139
159919.SZ,20170418,3.744,3.744,3.754,3.731,3.734,-0.01,-0.2671,62583.27,23408.013
159920.SZ,20170418,1.314,1.322,1.328,1.308,1.312,-0.002,-0.1522,114524.0,15058.447
159921.SZ,20170418,1.541,1.54,1.57,1.54,1.542,0.001,0.0649,76.0,11.71
159922.SZ,20170418,6.699,6.563,6.696,6.563,6.685,-0.014,-0.209,760.42,505.16
159923.SZ,20170418,1.325,1.312,1.333,1.311,1.311,-0.014,-1.0566,134.0,17.582
159924.SZ,20170418,1.441,1.423,1.437,1.409,1.43,-0.011,-0.7634,771.0,108.727
159925.SZ,20170418,1.425,1.422,1.428,1.417,1.425,0.0,0.0,1888.85,268.404
159927.SZ,20170418,3.413,3.456,3.456,3.456,3.456,0.043,1.2599,9.0,3.11
159928.SZ,20170418,1.6,1.616,1.625,1.61,1.618,0.018,1.125,1126.0,182.277
159929.SZ,20170418,1.44,1.44,1.449,1.44,1.442,0.002,0.1389,1451.0,209.584
159930.SZ,20170418,0.83,0.825,0.835,0.825,0.826,-0.004,-0.4819,1038.0,85.788
159931.SZ,20170418,1.451,1.449,1.449,1.44,1.44,-0.011,-0.7581,558.0,80.409
159932.SZ,20170418,1.794,1.799,1.799,1.792,1.799,0.005,0.2787,136.92,24.545
159933.SZ,20170418,1.597,1.588,1.593,1.57,1.593,-0.004,-0.2505,5.0,0.79
159934.SZ,20170418,2.844,2.837,2.842,2.835,2.839,-0.005,-0.1758,259697.0,73689.512
159936.SZ,20170418,1.572,1.593,1.599,1.593,1.599,0.027,1.7176,7040.0,1121.696
159937.SZ,20170418,2.862,2.85,2.858,2.85,2.856,-0.006,-0.2096,178599.0,51003.452
159938.SZ,20170418,1.295,1.296,1.3,1.293,1.298,0.003,0.2317,7688.0,997.569
159939.SZ,20170418,1.083,1.083,1.087,1.07,1.074,-0.009,-0.831,8558.0,927.47
159940.SZ,20170418,0.806,0.806,0.81,0.726,0.801,-0.005,-0.6203,6860.01,550.593
159941.SZ,20170418,1.245,1.25,1.259,1.25,1.255,0.01,0.8032,1310.0,164.346
159942.SZ,20170418,1.807,1.783,1.868,1.783,1.868,0.061,3.3758,315.58,56.414
159943.SZ,20170418,10.949,10.859,10.96,10.858,10.936,-0.013,-0.1187,451.0,492.884
159944.SZ,20170418,0.907,0.89,0.928,0.89,0.919,0.012,1.323,42.0,3.744
159945.SZ,20170418,0.74,0.738,0.738,0.735,0.735,-0.005,-0.6757,1847.0,135.763
159946.SZ,20170418,1.033,1.032,1.033,1.025,1.033,0.0,0.0,299.1,30.807
159948.SZ,20170418,1.931,1.935,1.943,1.915,1.915,-0.016,-0.8286,2146.47,413.83
159949.SZ,20170418,0.756,0.758,0.758,0.741,0.742,-0.014,-1.8519,63268.21,4743.084
160105.SZ,20170418,1.019,1.021,1.026,1.021,1.026,0.007,0.6869,40.0,4.098
160106.SZ,20170418,1.26,1.257,1.262,1.248,1.261,0.001,0.0794,798.06,100.035
160119.SZ,20170418,1.578,1.594,1.594,1.572,1.573,-0.005,-0.3169,2115.26,333.397
160125.SZ,20170418,0.85,0.853,0.854,0.85,0.85,0.0,0.0,1353.0,115.092
160128.SZ,20170418,0.979,0.972,0.98,0.972,0.98,0.001,0.1021,4.0,0.391
160130.SZ,20170418,0.943,0.944,0.946,0.943,0.946,0.003,0.3181,225.0,21.23
160131.SZ,20170418,0.989,0.989,0.989,0.988,0.988,-0.001,-0.1011,100.0,9.881
160133.SZ,20170418,1.893,1.9,1.911,1.9,1.901,0.008,0.4226,1834.86,350.089
160211.SZ,20170418,3.116,3.11,3.157,3.11,3.136,0.02,0.6418,8719.06,2731.121
160212.SZ,20170418,2.537,2.545,2.577,2.545,2.567,0.03,1.1825,26122.01,6704.478
160215.SZ,20170418,1.612,1.617,1.624,1.614,1.614,0.002,0.1241,2678.57,433.706
160216.SZ,20170418,0.431,0.432,0.435,0.431,0.433,0.002,0.464,151686.0,6569.472
160220.SZ,20170418,1.278,1.278,1.278,1.278,1.278,0.0,0.0,1657.82,211.869
160223.SZ,20170418,0.875,0.912,0.912,0.875,0.875,0.0,0.0,50.0,4.412
160225.SZ,20170418,1.011,0.999,1.007,0.999,1.003,-0.008,-0.7913,84.53,8.491
160311.SZ,20170418,1.36,1.358,1.36,1.353,1.353,-0.007,-0.5147,2114.67,287.205
160314.SZ,20170418,1.057,1.05,1.06,1.05,1.058,0.001,0.0946,343.0,36.337
160323.SZ,20170418,0.94,0.945,0.945,0.937,0.937,-0.003,-0.3191,2621.03,246.259
160415.SZ,20170418,1.222,1.255,1.255,1.219,1.23,0.008,0.6547,786.0,97.14
160416.SZ,20170418,0.953,0.955,0.96,0.954,0.954,0.001,0.1049,3978.15,380.017
160421.SZ,20170418,0.857,0.856,0.859,0.856,0.856,-0.001,-0.1167,14073.14,1207.231
160505.SZ,20170418,1.672,1.668,1.68,1.665,1.669,-0.003,-0.1794,23451.2,3926.314
160512.SZ,20170418,2.375,2.368,2.373,2.36,2.361,-0.014,-0.5895,2143.43,506.952
160515.SZ,20170418,0.981,0.98,0.982,0.98,0.981,0.0,0.0,3357.0,328.995
160518.SZ,20170418,0.944,0.944,0.948,0.941,0.941,-0.003,-0.3178,25182.37,2377.163
160519.SZ,20170418,0.962,0.956,0.963,0.952,0.955,-0.007,-0.7277,4622.03,442.319
160522.SZ,20170418,0.982,0.985,0.985,0.985,0.985,0.003,0.3055,10.0,0.985
160607.SZ,20170418,0.705,0.707,0.714,0.703,0.704,-0.001,-0.1418,419.0,29.733
160610.SZ,20170418,1.07,1.057,1.07,1.057,1.067,-0.003,-0.2804,854.98,91.163
160611.SZ,20170418,0.86,0.855,0.855,0.848,0.854,-0.006,-0.6977,560.0,47.634
160615.SZ,20170418,1.371,1.372,1.372,1.371,1.371,0.0,0.0,365.03,50.045
160616.SZ,20170418,1.342,1.346,1.4,1.342,1.343,0.001,0.0745,202.0,27.654
160617.SZ,20170418,1.001,0.998,0.999,0.998,0.999,-0.002,-0.1998,80.01,7.992
160635.SZ,20170418,0.994,1.007,1.015,1.002,1.009,0.015,1.5091,110.0,11.093
160642.SZ,20170418,0.928,0.928,0.928,0.925,0.925,-0.003,-0.3233,669.0,61.942
160706.SZ,20170418,0.984,0.983,0.987,0.981,0.982,-0.002,-0.2033,16323.0,1605.976
160716.SZ,20170418,1.294,1.3,1.3,1.285,1.285,-0.009,-0.6955,1389.0,178.731
160717.SZ,20170418,0.757,0.757,0.765,0.756,0.757,0.0,0.0,7648.92,580.561
160719.SZ,20170418,0.735,0.735,0.736,0.731,0.732,-0.003,-0.4082,17698.0,1298.332
160720.SZ,20170418,1.109,1.117,1.117,1.117,1.117,0.008,0.7214,20.0,2.234
160722.SZ,20170418,0.95,0.948,0.95,0.948,0.95,0.0,0.0,6951.12,660.16
160805.SZ,20170418,0.848,0.85,0.856,0.845,0.856,0.008,0.9434,196.38,16.633
160806.SZ,20170418,1.282,1.28,1.286,1.28,1.284,0.002,0.156,605.32,77.78
160807.SZ,20170418,1.157,1.142,1.142,1.14,1.14,-0.017,-1.4693,29.0,3.306
160812.SZ,20170418,1.466,1.459,1.471,1.459,1.459,-0.007,-0.4775,380.19,55.574
160813.SZ,20170418,0.807,0.803,0.815,0.803,0.806,-0.001,-0.1239,1951.99,157.836
160910.SZ,20170418,0.95,0.955,0.96,0.955,0.96,0.01,1.0526,468.0,44.816
160916.SZ,20170418,2.325,2.329,2.351,2.329,2.341,0.016,0.6882,4026.22,943.228
160918.SZ,20170418,1.809,1.809,1.812,1.791,1.791,-0.018,-0.995,1999.83,361.324
160919.SZ,20170418,1.188,1.19,1.198,1.186,1.186,-0.002,-0.1684,2837.27,338.668
160921.SZ,20170418,0.936,0.93,0.935,0.928,0.929,-0.007,-0.7479,638.07,59.346
160922.SZ,20170418,1.033,1.039,1.039,1.034,1.034,0.001,0.0968,474.0,49.246
161005.SZ,20170418,1.751,1.765,1.777,1.761,1.77,0.019,1.0851,3315.81,587.252
161010.SZ,20170418,1.041,1.04,1.04,1.036,1.037,-0.004,-0.3842,2723.0,282.522
161015.SZ,20170418,0.914,0.913,0.913,0.913,0.913,-0.001,-0.1094,1.0,0.091
161017.SZ,20170418,2.155,2.16,2.16,2.16,2.16,0.005,0.232,29.06,6.276
161019.SZ,20170418,0.965,0.964,0.965,0.963,0.963,-0.002,-0.2073,7637.0,736.029
161033.SZ,20170418,0.99,0.982,0.992,0.982,0.986,-0.004,-0.404,245.0,24.186
161035.SZ,20170418,0.937,0.939,0.941,0.938,0.939,0.002,0.2134,321.0,30.13
161036.SZ,20170418,0.981,0.98,0.982,0.973,0.973,-0.008,-0.8155,7279.84,711.238
161115.SZ,20170418,1.752,1.746,1.747,1.746,1.747,-0.005,-0.2854,361.0,63.033
161116.SZ,20170418,0.755,0.751,0.755,0.749,0.749,-0.006,-0.7947,31578.03,2370.24
161117.SZ,20170418,1.026,1.014,1.027,1.014,1.021,-0.005,-0.4873,326.0,33.182
161124.SZ,20170418,1.047,1.052,1.054,1.044,1.046,-0.001,-0.0955,23761.0,2496.204
161125.SZ,20170418,1.007,1.015,1.018,1.014,1.016,0.009,0.8937,7211.0,733.046
161126.SZ,20170418,1.046,1.065,1.065,1.049,1.051,0.005,0.478,1544.0,162.211
161127.SZ,20170418,1.051,1.062,1.062,1.054,1.057,0.006,0.5709,1951.02,206.209
161128.SZ,20170418,1.029,1.045,1.045,1.038,1.042,0.013,1.2634,552.0,57.435
161129.SZ,20170418,0.978,0.983,0.983,0.975,0.979,0.001,0.1022,131.0,12.796
161210.SZ,20170418,0.942,0.948,0.952,0.94,0.941,-0.001,-0.1062,1478.15,139.565
161213.SZ,20170418,1.377,1.381,1.386,1.381,1.385,0.008,0.581,6.0,0.831
161217.SZ,20170418,0.695,0.696,0.7,0.696,0.696,0.001,0.1439,1320.43,92.17
161219.SZ,20170418,1.272,1.272,1.274,1.272,1.274,0.002,0.1572,65.0,8.269
161222.SZ,20170418,1.061,1.064,1.065,1.062,1.062,0.001,0.0943,110.0,11.701
161224.SZ,20170418,1.104,1.088,1.099,1.088,1.096,-0.008,-0.7246,175.91,19.163
161225.SZ,20170418,1.12,1.115,1.116,1.111,1.112,-0.008,-0.7143,1957.7,218.189
161226.SZ,20170418,1.004,1.0,1.001,0.996,0.998,-0.006,-0.5976,60194.6,6009.317
161227.SZ,20170418,0.91,0.91,0.914,0.906,0.908,-0.002,-0.2198,16066.29,1461.014
161229.SZ,20170418,1.247,1.253,1.253,1.246,1.248,0.001,0.0802,97.0,12.098
161232.SZ,20170418,0.876,0.874,0.878,0.873,0.873,-0.003,-0.3425,29898.42,2617.045
161233.SZ,20170418,0.952,0.925,0.953,0.924,0.953,0.001,0.105,99.88,9.294
161607.SZ,20170418,1.066,1.058,1.065,1.058,1.065,-0.001,-0.0938,157.0,16.681
161610.SZ,20170418,0.864,0.869,0.875,0.866,0.866,0.002,0.2315,1787.35,155.881
161626.SZ,20170418,0.999,0.996,0.996,0.996,0.996,-0.003,-0.3003,1096.21,109.182
161630.SZ,20170418,0.977,0.977,0.977,0.977,0.977,0.0,0.0,10.62,1.037
161706.SZ,20170418,1.378,1.377,1.397,1.376,1.38,0.002,0.1451,2927.0,405.368
161713.SZ,20170418,1.003,1.002,1.002,1.002,1.002,-0.001,-0.0997,1.0,0.1
161714.SZ,20170418,0.841,0.841,0.857,0.839,0.842,0.001,0.1189,3464.0,292.775
161727.SZ,20170418,0.961,0.955,0.961,0.955,0.961,0.0,0.0,40.0,3.838
161810.SZ,20170418,1.6,1.607,1.611,1.607,1.611,0.011,0.6875,78.05,12.565
161815.SZ,20170418,0.476,0.475,0.477,0.475,0.475,-0.001,-0.2101,4364.0,207.419
161820.SZ,20170418,1.056,1.056,1.056,1.055,1.055,-0.001,-0.0947,2500.0,263.8
161831.SZ,20170418,0.931,0.935,0.935,0.925,0.927,-0.004,-0.4296,3801.38,353.446
161834.SZ,20170418,0.886,0.883,0.888,0.882,0.885,-0.001,-0.1129,19584.97,1733.534
161903.SZ,20170418,0.879,0.879,0.88,0.876,0.876,-0.003,-0.3413,133.0,11.68
161907.SZ,20170418,1.523,1.527,1.527,1.527,1.527,0.004,0.2626,430.0,65.661
161908.SZ,20170418,0.888,0.891,0.891,0.891,0.891,0.003,0.3378,1.0,0.089
161911.SZ,20170418,0.965,0.965,0.965,0.963,0.965,0.0,0.0,754.0,72.733
162006.SZ,20170418,1.1,1.105,1.108,1.105,1.108,0.008,0.7273,233.95,25.902
162207.SZ,20170418,1.158,1.158,1.165,1.158,1.163,0.005,0.4318,290.55,33.807
162215.SZ,20170418,1.01,1.008,1.008,1.007,1.007,-0.003,-0.297,30013.05,3022.994
162307.SZ,20170418,1.069,1.048,1.059,1.048,1.059,-0.01,-0.9355,2.0,0.21
162308.SZ,20170418,1.1,1.096,1.097,1.094,1.097,-0.003,-0.2727,53.0,5.805
162411.SZ,20170418,0.617,0.62,0.622,0.619,0.621,0.004,0.6483,534334.22,33146.831
162414.SZ,20170418,1.086,1.084,1.085,1.084,1.085,-0.001,-0.0921,7.0,0.758
162415.SZ,20170418,1.151,1.158,1.162,1.158,1.158,0.007,0.6082,361.0,41.926
162510.SZ,20170418,1.046,1.068,1.092,1.047,1.081,0.035,3.3461,743.0,79.743
162605.SZ,20170418,0.948,0.954,1.0,0.954,0.977,0.029,3.0591,2254.31,218.861
162607.SZ,20170418,0.494,0.494,0.5,0.491,0.497,0.003,0.6073,4578.0,228.66
162703.SZ,20170418,1.185,1.189,1.21,1.188,1.196,0.011,0.9283,770.0,92.458
162711.SZ,20170418,1.353,1.353,1.37,1.35,1.35,-0.003,-0.2217,225.23,30.645
162715.SZ,20170418,1.077,1.079,1.093,1.079,1.093,0.016,1.4856,923.0,100.26
162717.SZ,20170418,0.933,0.93,0.933,0.93,0.933,0.0,0.0,285.04,26.564
162718.SZ,20170418,0.914,0.914,0.916,0.913,0.916,0.002,0.2188,1870.03,170.898
162719.SZ,20170418,0.972,0.976,0.979,0.975,0.976,0.004,0.4115,13025.78,1271.338
163001.SZ,20170418,0.96,0.947,0.959,0.942,0.954,-0.006,-0.625,122.0,11.59
163003.SZ,20170418,0.818,0.814,0.814,0.814,0.814,-0.004,-0.489,20.0,1.628
163110.SZ,20170418,2.699,2.695,2.699,2.66,2.666,-0.033,-1.2227,10914.0,2926.547
163119.SZ,20170418,0.895,0.895,0.9,0.887,0.889,-0.006,-0.6704,11631.93,1041.798
163208.SZ,20170418,0.898,0.898,0.9,0.898,0.9,0.002,0.2227,274.0,24.618
163210.SZ,20170418,1.021,1.021,1.022,1.017,1.018,-0.003,-0.2938,1187.0,120.977
163302.SZ,20170418,1.29,1.294,1.302,1.284,1.3,0.01,0.7752,266.0,34.541
163402.SZ,20170418,1.036,1.032,1.042,1.032,1.035,-0.001,-0.0965,17209.73,1785.684
163407.SZ,20170418,1.488,1.479,1.482,1.479,1.482,-0.006,-0.4032,2.0,0.296
163409.SZ,20170418,1.534,1.535,1.542,1.526,1.539,0.005,0.3259,777.0,119.496
163412.SZ,20170418,2.493,2.493,2.501,2.471,2.486,-0.007,-0.2808,8741.0,2182.207
163415.SZ,20170418,1.338,1.338,1.345,1.337,1.337,-0.001,-0.0747,1453.78,194.435
163503.SZ,20170418,0.482,0.488,0.488,0.482,0.482,0.0,0.0,1568.0,75.882
163801.SZ,20170418,1.168,1.172,1.175,1.166,1.168,0.0,0.0,2581.0,302.736
163819.SZ,20170418,1.088,1.085,1.085,1.085,1.085,-0.003,-0.2757,1276.32,138.48
163821.SZ,20170418,1.485,1.478,1.479,1.478,1.479,-0.006,-0.404,32.0,4.732
163824.SZ,20170418,1.021,1.027,1.029,1.02,1.029,0.008,0.7835,101.0,10.303
163827.SZ,20170418,0.994,1.001,1.001,1.001,1.001,0.007,0.7042,1.0,0.1
164105.SZ,20170418,1.224,1.216,1.216,1.216,1.216,-0.008,-0.6536,39.0,4.742
164206.SZ,20170418,1.044,1.041,1.041,1.041,1.041,-0.003,-0.2874,100.0,10.41
164210.SZ,20170418,0.988,0.989,0.99,0.989,0.989,0.001,0.1012,633.0,62.603
164403.SZ,20170418,0.933,0.938,0.942,0.933,0.939,0.006,0.6431,75.0,7.028
164509.SZ,20170418,1.002,1.0,1.002,1.0,1.002,0.0,0.0,15.95,1.597
164701.SZ,20170418,0.633,0.631,0.633,0.631,0.632,-0.001,-0.158,5774.0,364.622
164703.SZ,20170418,1.009,1.008,1.008,1.008,1.008,-0.001,-0.0991,28.51,2.873
164705.SZ,20170418,1.049,1.051,1.051,1.05,1.05,0.001,0.0953,402.4,42.288
164808.SZ,20170418,0.989,0.993,0.993,0.987,0.99,0.001,0.1011,6478.03,639.412
164812.SZ,20170418,0.975,0.965,0.965,0.965,0.965,-0.01,-1.0256,3.0,0.289
164815.SZ,20170418,0.866,0.867,0.878,0.853,0.876,0.01,1.1547,2984.93,258.553
164906.SZ,20170418,1.085,1.091,1.095,1.09,1.092,0.007,0.6452,1874.02,204.743
165309.SZ,20170418,1.042,1.043,1.043,1.042,1.042,0.0,0.0,8.0,0.833
165311.SZ,20170418,1.385,1.383,1.383,1.379,1.379,-0.006,-0.4332,15.0,2.072
165313.SZ,20170418,1.402,1.407,1.418,1.405,1.407,0.005,0.3566,1519.0,214.31
165508.SZ,20170418,1.757,1.743,1.743,1.737,1.738,-0.019,-1.0814,14.0,2.432
165509.SZ,20170418,1.102,1.101,1.101,1.101,1.101,-0.001,-0.0907,5.0,0.55
165510.SZ,20170418,0.736,0.737,0.737,0.731,0.733,-0.003,-0.4076,532.0,39.088
165512.SZ,20170418,2.253,2.216,2.216,2.216,2.216,-0.037,-1.6423,1.0,0.221
165513.SZ,20170418,0.463,0.463,0.463,0.461,0.462,-0.001,-0.216,3116.0,143.988
165516.SZ,20170418,2.375,2.377,2.377,2.377,2.377,0.002,0.0842,1.0,0.237
165525.SZ,20170418,1.305,1.305,1.318,1.298,1.304,-0.001,-0.0766,29384.11,3844.215
165528.SZ,20170418,1.014,1.014,1.017,1.014,1.016,0.002,0.1972,9150.15,929.784
165807.SZ,20170418,1.032,1.03,1.031,1.03,1.031,-0.001,-0.0969,560.0,57.733
166001.SZ,20170418,1.076,1.075,1.078,1.07,1.075,-0.001,-0.0929,65.06,7.005
166006.SZ,20170418,1.057,1.055,1.057,1.053,1.053,-0.004,-0.3784,44.0,4.633
166007.SZ,20170418,1.233,1.23,1.23,1.23,1.23,-0.003,-0.2433,10.0,1.23
166009.SZ,20170418,2.06,2.062,2.062,2.06,2.06,0.0,0.0,7.0,1.443
166011.SZ,20170418,1.187,1.189,1.2,1.189,1.198,0.011,0.9267,474.64,56.747
166401.SZ,20170418,1.033,1.031,1.031,1.031,1.031,-0.002,-0.1936,4.0,0.412
166902.SZ,20170418,1.003,1.003,1.017,1.002,1.017,0.014,1.3958,1870.0,188.867
167001.SZ,20170418,0.913,0.912,0.913,0.904,0.904,-0.009,-0.9858,13256.52,1205.756
167002.SZ,20170418,0.98,0.96,0.979,0.96,0.979,-0.001,-0.102,36.0,3.512
167501.SZ,20170418,1.088,1.088,1.088,1.088,1.088,0.0,0.0,1.0,0.108
168101.SZ,20170418,1.068,1.068,1.07,1.065,1.068,0.0,0.0,25577.77,2724.177
168102.SZ,20170418,0.894,0.898,0.898,0.89,0.891,-0.003,-0.3356,5953.36,530.771
168103.SZ,20170418,0.849,0.849,0.851,0.847,0.847,-0.002,-0.2356,69622.42,5910.272
168104.SZ,20170418,0.96,0.976,0.976,0.955,0.955,-0.005,-0.5208,37.0,3.575
168105.SZ,20170418,0.882,0.882,0.887,0.88,0.881,-0.001,-0.1134,3546.18,312.592
168301.SZ,20170418,0.928,0.928,0.929,0.927,0.927,-0.001,-0.1078,8268.0,767.384
169101.SZ,20170418,1.329,1.32,1.337,1.32,1.333,0.004,0.301,3461.06,460.295
169102.SZ,20170418,1.271,1.285,1.285,1.273,1.283,0.012,0.9441,775.5,98.86
169103.SZ,20170418,1.141,1.144,1.146,1.144,1.144,0.003,0.2629,1386.0,158.747
169104.SZ,20170418,1.163,1.155,1.169,1.155,1.167,0.004,0.3439,1000.0,116.734
169105.SZ,20170418,1.103,1.102,1.121,1.102,1.117,0.014,1.2693,146884.4,16396.347
169201.SZ,20170418,0.927,0.922,0.924,0.922,0.924,-0.003,-0.3236,1402.51,129.453
184722.SZ,20170418,0.969,0.971,0.972,0.961,0.966,-0.003,-0.3096,125600.0,12182.122
184801.SZ,20170418,101.5,101.288,101.489,101.06,101.298,-0.202,-0.199,32.0,324.214
500058.SH,20170418,0.964,0.964,0.966,0.959,0.961,-0.003,-0.3112,136009.0,13099.457
501001.SH,20170418,1.027,1.03,1.039,1.03,1.036,0.009,0.8763,13243.49,1370.783
501002.SH,20170418,1.033,1.03,1.032,1.029,1.029,-0.004,-0.3872,184.96,19.039
501005.SH,20170418,0.994,0.994,1.002,0.993,0.994,0.0,0.0,1457.62,145.306
501007.SH,20170418,0.969,0.984,0.984,0.959,0.96,-0.009,-0.9288,108.0,10.391
501008.SH,20170418,0.972,0.992,0.992,0.992,0.992,0.02,2.0576,3.0,0.298
501009.SH,20170418,1.015,1.009,1.018,1.009,1.017,0.002,0.197,743.04,75.459
501010.SH,20170418,1.036,1.016,1.036,1.016,1.036,0.0,0.0,125.0,12.854
501011.SH,20170418,1.061,1.061,1.061,1.046,1.06,-0.001,-0.0943,45.0,4.76
501012.SH,20170418,1.05,1.05,1.05,1.039,1.042,-0.008,-0.7619,1104.8,115.751
501015.SH,20170418,1.01,1.007,1.012,1.006,1.006,-0.004,-0.396,108013.49,10912.33
501017.SH,20170418,0.979,0.979,0.98,0.976,0.976,-0.003,-0.3064,8856.81,866.31
501018.SH,20170418,0.988,0.987,0.99,0.986,0.986,-0.002,-0.2024,37180.95,3671.947
501021.SH,20170418,1.172,1.183,1.183,1.172,1.175,0.003,0.256,71522.94,8412.235
501022.SH,20170418,0.948,0.945,0.95,0.945,0.95,0.002,0.211,11021.52,1042.72
501023.SH,20170418,1.078,1.08,1.08,1.072,1.073,-0.005,-0.4638,8094.66,870.231
501025.SH,20170418,1.036,1.038,1.038,1.024,1.024,-0.012,-1.1583,2076.0,212.94
501026.SH,20170418,0.938,0.935,0.944,0.935,0.936,-0.002,-0.2132,18663.06,1752.175
501028.SH,20170418,0.945,0.945,0.948,0.944,0.944,-0.001,-0.1058,10015.54,947.611
501029.SH,20170418,1.037,1.04,1.042,1.036,1.036,-0.001,-0.0964,41940.0,4357.546
501030.SH,20170418,1.119,1.043,1.105,1.007,1.099,-0.02,-1.7873,1776.98,192.498
501031.SH,20170418,1.073,1.073,1.099,1.073,1.087,0.014,1.3048,37.0,4.021
501050.SH,20170418,1.019,1.02,1.021,1.018,1.019,0.0,0.0,5355.33,545.916
501300.SH,20170418,1.009,1.008,1.009,1.008,1.008,-0.001,-0.0991,93.0,9.376
502000.SH,20170418,1.057,1.049,1.055,1.026,1.049,-0.008,-0.7569,570.22,59.872
502001.SH,20170418,1.036,1.028,1.073,1.028,1.046,0.01,0.9653,1792.0,185.718
502002.SH,20170418,0.981,0.98,0.995,0.98,0.987,0.006,0.6116,307.68,30.323
502003.SH,20170418,1.135,1.139,1.146,1.127,1.127,-0.008,-0.7048,37674.13,4270.132
502004.SH,20170418,1.014,1.016,1.016,1.013,1.015,0.001,0.0986,67329.5,6831.281
502005.SH,20170418,1.256,1.258,1.278,1.24,1.241,-0.015,-1.1943,103189.5,12981.613
502006.SH,20170418,1.035,1.035,1.045,1.035,1.038,0.003,0.2899,8540.29,888.6
502007.SH,20170418,1.115,1.108,1.125,1.108,1.12,0.005,0.4484,2469.05,274.839
502008.SH,20170418,0.961,0.96,0.977,0.951,0.961,0.0,0.0,20454.73,1975.119
502010.SH,20170418,1.14,1.131,1.131,1.129,1.129,-0.011,-0.9649,2069.0,233.917
502011.SH,20170418,1.014,1.016,1.016,1.012,1.014,0.0,0.0,17060.5,1729.899
502012.SH,20170418,1.26,1.266,1.266,1.242,1.245,-0.015,-1.1905,16212.54,2028.337
502013.SH,20170418,0.878,0.879,0.886,0.876,0.88,0.002,0.2278,249767.39,22009.927
502014.SH,20170418,1.026,1.026,1.026,1.021,1.025,-0.001,-0.0975,256713.67,26265.327
502015.SH,20170418,0.731,0.733,0.75,0.728,0.738,0.007,0.9576,595928.35,44102.787
502016.SH,20170418,1.125,1.123,1.126,1.123,1.126,0.001,0.0889,1.51,0.17
502017.SH,20170418,1.02,1.001,1.001,1.001,1.001,-0.019,-1.8627,11.0,1.101
502018.SH,20170418,1.27,1.264,1.296,1.244,1.28,0.01,0.7874,826.0,104.968
502020.SH,20170418,1.195,1.178,1.178,1.178,1.178,-0.017,-1.4226,14.0,1.649
502021.SH,20170418,1.028,1.024,1.025,1.018,1.018,-0.01,-0.9728,202.0,20.703
502025.SH,20170418,0.917,0.851,0.916,0.851,0.91,-0.007,-0.7634,249.0,22.563
502026.SH,20170418,0.885,0.9,0.901,0.899,0.899,0.014,1.5819,470.0,42.305
502028.SH,20170418,0.724,0.709,0.724,0.709,0.714,-0.01,-1.3812,259.0,18.478
502031.SH,20170418,1.075,1.034,1.075,1.034,1.075,0.0,0.0,2.57,0.272
502032.SH,20170418,1.179,1.179,1.203,1.178,1.182,0.003,0.2545,3197.88,380.014
502036.SH,20170418,1.012,1.023,1.023,1.0,1.001,-0.011,-1.087,494.99,49.602
502037.SH,20170418,1.039,1.035,1.035,1.033,1.033,-0.006,-0.5775,122.0,12.623
502038.SH,20170418,1.02,0.975,1.019,0.975,1.019,-0.001,-0.098,23.29,2.372
502040.SH,20170418,0.95,0.941,0.943,0.941,0.943,-0.007,-0.7368,41.0,3.861
502041.SH,20170418,1.019,1.08,1.08,1.045,1.045,0.026,2.5515,26.0,2.792
502042.SH,20170418,0.975,0.975,0.975,0.882,0.887,-0.088,-9.0256,656.61,58.742
502048.SH,20170418,1.156,1.151,1.154,1.144,1.144,-0.012,-1.0381,5597.45,643.262
502049.SH,20170418,1.0,0.986,0.986,0.981,0.984,-0.016,-1.6,23685.3,2331.776
502050.SH,20170418,1.333,1.325,1.333,1.305,1.317,-0.016,-1.2003,27482.57,3615.972
502053.SH,20170418,0.96,0.951,0.959,0.951,0.959,-0.001,-0.1042,510.0,48.901
502055.SH,20170418,0.89,0.89,0.892,0.874,0.874,-0.016,-1.7978,20242.0,1785.864
502056.SH,20170418,1.018,1.025,1.058,1.015,1.015,-0.003,-0.2947,349.46,35.599
502057.SH,20170418,1.04,1.043,1.043,1.037,1.042,0.002,0.1923,355.0,36.85
502058.SH,20170418,1.029,1.029,1.029,1.019,1.022,-0.007,-0.6803,604.0,61.699
505888.SH,20170418,1.198,1.197,1.2,1.197,1.198,0.0,0.0,239539.03,28696.73
510010.SH,20170418,1.008,1.007,1.007,0.994,0.995,-0.013,-1.2897,605.0,60.345
510020.SH,20170418,2.43,2.445,2.449,2.422,2.424,-0.006,-0.2469,1251.11,305.66
510030.SH,20170418,4.1,4.12,4.15,4.12,4.12,0.02,0.4878,214.0,88.202
510050.SH,20170418,2.353,2.35,2.351,2.336,2.338,-0.015,-0.6375,1423344.7,333776.998
510060.SH,20170418,1.656,1.655,1.655,1.645,1.645,-0.011,-0.6643,3546.51,584.977
510070.SH,20170418,1.651,1.643,1.656,1.643,1.648,-0.003,-0.1817,20740.0,3423.094
510120.SH,20170418,2.771,2.78,2.821,2.744,2.821,0.05,1.8044,89.0,24.645
510130.SH,20170418,3.749,3.766,3.766,3.751,3.751,0.002,0.0533,510.43,191.503
510150.SH,20170418,4.093,4.077,4.093,4.077,4.081,-0.012,-0.2932,69.0,28.155
510160.SH,20170418,0.573,0.574,0.577,0.57,0.571,-0.002,-0.349,23891.0,1369.483
510170.SH,20170418,1.819,1.787,1.819,1.787,1.818,-0.001,-0.055,178.09,32.1
510180.SH,20170418,3.075,3.07,3.074,3.054,3.055,-0.02,-0.6504,98199.65,30100.648
510190.SH,20170418,3.238,3.239,3.34,3.239,3.28,0.042,1.2971,200.0,65.405
510210.SH,20170418,3.659,3.67,3.689,3.651,3.689,0.03,0.8199,142.0,52.114
510220.SH,20170418,4.176,4.001,4.169,4.001,4.169,-0.007,-0.1676,7.0,2.834
510230.SH,20170418,5.179,5.153,5.153,5.108,5.108,-0.071,-1.3709,2135.0,1094.567
510260.SH,20170418,1.149,1.15,1.166,1.133,1.166,0.017,1.4795,7.0,0.805
510270.SH,20170418,1.026,1.027,1.031,1.024,1.031,0.005,0.4873,124.0,12.765
510290.SH,20170418,1.624,1.627,1.634,1.619,1.619,-0.005,-0.3079,296.0,48.196
510300.SH,20170418,3.473,3.468,3.484,3.464,3.465,-0.008,-0.2303,832006.37,288999.06
510310.SH,20170418,1.456,1.451,1.458,1.448,1.449,-0.007,-0.4808,7109.0,1033.486
510330.SH,20170418,3.714,3.712,3.716,3.698,3.698,-0.016,-0.4308,9174.0,3401.907
510360.SH,20170418,1.075,1.075,1.078,1.072,1.072,-0.003,-0.2791,46780.0,5034.198
510410.SH,20170418,0.699,0.699,0.702,0.695,0.695,-0.004,-0.5722,796.0,55.523
510430.SH,20170418,1.354,1.35,1.355,1.341,1.342,-0.012,-0.8863,77.0,10.334
510440.SH,20170418,1.847,1.866,1.866,1.866,1.866,0.019,1.0287,7.0,1.306
510500.SH,20170418,6.756,6.745,6.795,6.713,6.725,-0.031,-0.4589,122261.28,82581.748
510510.SH,20170418,1.779,1.782,1.79,1.767,1.768,-0.011,-0.6183,44671.0,7976.233
510520.SH,20170418,1.761,1.628,1.865,1.615,1.798,0.037,2.1011,126.0,21.805
510560.SH,20170418,1.32,1.332,1.34,1.332,1.339,0.019,1.4394,17550.0,2338.711
510630.SH,20170418,1.73,1.733,1.757,1.733,1.748,0.018,1.0405,2399.0,419.151
510650.SH,20170418,1.474,1.457,1.457,1.449,1.45,-0.024,-1.6282,232.0,33.736
510660.SH,20170418,1.61,1.61,1.631,1.61,1.62,0.01,0.6211,2067.0,335.521
510710.SH,20170418,2.372,2.368,2.369,2.356,2.356,-0.016,-0.6745,1145.0,270.609
510810.SH,20170418,0.99,0.99,0.991,0.985,0.985,-0.005,-0.5051,93168.25,9206.671
510880.SH,20170418,2.754,2.753,2.763,2.74,2.74,-0.014,-0.5084,78490.0,21611.168
510900.SH,20170418,1.104,1.115,1.118,1.105,1.107,0.003,0.2717,7921185.41,878509.521
511010.SH,20170418,110.697,110.623,110.68,110.412,110.6,-0.097,-0.0876,40356.3,446196.156
511220.SH,20170418,95.15,95.012,95.144,91.774,94.665,-0.485,-0.5097,3463.11,32781.148
511600.SH,20170418,99.999,99.997,99.999,99.996,99.998,-0.001,-0.001,5576.12,55760.077
511650.SH,20170418,100.0,99.996,100.0,99.996,99.999,-0.001,-0.001,6855.67,68556.281
511660.SH,20170418,100.002,99.998,100.003,99.997,100.002,0.0,0.0,148473.15,1484730.079
511680.SH,20170418,99.995,99.995,99.997,99.994,99.996,0.001,0.001,625.11,6250.801
511690.SH,20170418,100.0,99.998,100.001,99.997,99.997,-0.003,-0.003,136064.99,1360621.918
511700.SH,20170418,99.999,99.995,100.004,99.994,100.003,0.004,0.004,3564.09,35641.173
511760.SH,20170418,99.965,99.944,99.999,99.944,99.982,0.017,0.017,30.6,305.964
511770.SH,20170418,99.995,99.991,99.994,99.936,99.988,-0.007,-0.007,6607.59,66068.285
511800.SH,20170418,100.0,100.0,100.002,99.995,99.998,-0.002,-0.002,9680.53,96803.232
511810.SH,20170418,100.01,100.005,100.01,100.003,100.01,0.0,0.0,147545.11,1475541.515
511820.SH,20170418,99.999,99.997,100.0,99.996,99.998,-0.001,-0.001,61875.05,618743.039
511830.SH,20170418,100.009,100.006,100.014,100.0,100.008,-0.001,-0.001,6723.14,67236.449
511850.SH,20170418,100.01,100.01,100.011,100.008,100.01,0.0,0.0,2558.5,25587.479
511860.SH,20170418,99.997,99.994,99.997,99.99,99.997,0.0,0.0,15256.09,152552.563
511880.SH,20170418,101.005,101.022,101.022,101.012,101.015,0.01,0.0099,717155.53,7244384.622
511890.SH,20170418,99.994,99.99,99.999,99.99,99.998,0.004,0.004,747.6,7475.746
511900.SH,20170418,99.998,99.996,99.999,99.995,99.996,-0.002,-0.002,49372.73,493712.298
511910.SH,20170418,99.996,99.994,99.995,99.991,99.993,-0.003,-0.003,17070.12,170689.81
511920.SH,20170418,99.996,99.989,99.996,99.989,99.996,0.0,0.0,33.19,331.876
511930.SH,20170418,100.001,99.997,99.999,99.997,99.998,-0.003,-0.003,2641.02,26409.614
511950.SH,20170418,99.989,99.989,99.993,99.989,99.99,0.001,0.001,6.31,63.094
511960.SH,20170418,99.998,99.995,99.999,99.994,99.999,0.001,0.001,576.52,5765.029
511970.SH,20170418,99.997,99.997,99.999,99.996,99.998,0.001,0.001,378.3,3782.905
511980.SH,20170418,99.998,99.997,99.997,99.994,99.995,-0.003,-0.003,6379.11,63788.233
511990.SH,20170418,100.011,100.01,100.01,100.003,100.005,-0.006,-0.006,1019678.32,10197406.023
512000.SH,20170418,0.962,0.957,0.96,0.95,0.951,-0.011,-1.1435,16840.0,1606.26
512010.SH,20170418,1.408,1.429,1.429,1.402,1.42,0.012,0.8523,263.07,37.255
512070.SH,20170418,1.649,1.658,1.658,1.635,1.635,-0.014,-0.849,4741.0,779.701
512100.SH,20170418,0.931,0.93,0.936,0.924,0.925,-0.006,-0.6445,9439.0,876.497
512120.SH,20170418,1.408,1.391,1.429,1.391,1.429,0.021,1.4915,50.0,6.979
512210.SH,20170418,1.526,1.51,1.531,1.507,1.531,0.005,0.3277,1026.0,155.081
512220.SH,20170418,1.347,1.335,1.349,1.329,1.349,0.002,0.1485,25.0,3.343
512230.SH,20170418,1.314,1.319,1.365,1.314,1.316,0.002,0.1522,4067.32,536.714
512300.SH,20170418,1.212,1.208,1.216,1.208,1.213,0.001,0.0825,2575.0,312.261
512310.SH,20170418,0.737,0.738,0.744,0.736,0.737,0.0,0.0,1562.0,115.589
512330.SH,20170418,0.821,0.826,0.826,0.813,0.813,-0.008,-0.9744,1297.0,106.48
512340.SH,20170418,0.876,0.875,0.877,0.867,0.868,-0.008,-0.9132,1574.0,137.797
512500.SH,20170418,3.127,3.125,3.168,3.125,3.127,0.0,0.0,358.88,112.292
512510.SH,20170418,1.308,1.309,1.315,1.3,1.301,-0.007,-0.5352,9622.02,1258.938
512580.SH,20170418,1.046,1.048,1.054,1.04,1.042,-0.004,-0.3824,19602.0,2054.068
512600.SH,20170418,1.625,1.642,1.657,1.642,1.657,0.032,1.9692,101.0,16.586
512610.SH,20170418,1.435,1.45,1.45,1.438,1.439,0.004,0.2787,64.0,9.265
512640.SH,20170418,1.632,1.623,1.623,1.623,1.623,-0.009,-0.5515,100.0,16.23
512660.SH,20170418,1.053,1.054,1.064,1.043,1.044,-0.009,-0.8547,185509.0,19518.723
512680.SH,20170418,1.023,1.025,1.028,1.012,1.014,-0.009,-0.8798,107307.0,10942.911
512810.SH,20170418,1.007,1.01,1.015,0.998,0.999,-0.008,-0.7944,146057.0,14705.129
512880.SH,20170418,1.018,1.016,1.016,1.006,1.007,-0.011,-1.0806,126395.0,12771.798
512900.SH,20170418,0.977,0.975,0.975,0.964,0.964,-0.013,-1.3306,76824.0,7445.643
512990.SH,20170418,1.039,1.039,1.048,1.034,1.039,0.0,0.0,11698.92,1214.956
513030.SH,20170418,1.02,1.026,1.026,1.021,1.023,0.003,0.2941,14298.0,1464.106
513050.SH,20170418,1.106,1.112,1.112,1.106,1.109,0.003,0.2712,2125.0,235.642
513100.SH,20170418,1.936,1.951,1.968,1.951,1.964,0.028,1.4463,33585.0,6577.888
513500.SH,20170418,1.507,1.516,1.542,1.516,1.535,0.028,1.858,17238.0,2642.287
513600.SH,20170418,2.188,2.197,2.197,2.184,2.185,-0.003,-0.1371,1343.0,293.945
513660.SH,20170418,2.17,2.19,2.19,2.175,2.179,0.009,0.4147,3102.58,675.337
518800.SH,20170418,2.843,2.84,2.84,2.834,2.835,-0.008,-0.2814,357167.0,101358.29
518880.SH,20170418,2.852,2.845,2.848,2.84,2.843,-0.009,-0.3156,5635795.14,1603213.425
