ts_code,trade_date,pre_close,open,high,low,close,change,pct_chg,vol,amount
150008.SZ,20171116,1.127,1.127,1.127,1.127,1.127,0.0,0.0,1.0,0.112
150009.SZ,20171116,0.971,0.971,0.971,0.971,0.971,0.0,0.0,1200.0,116.52
150012.SZ,20171116,1.037,1.035,1.038,1.035,1.038,0.001,0.0964,1059.84,109.907
150013.SZ,20171116,1.561,1.542,1.567,1.542,1.567,0.006,0.3844,1680.16,261.328
150016.SZ,20171116,1.214,1.216,1.216,1.12,1.216,0.002,0.1647,203.01,23.465
150017.SZ,20171116,1.478,1.475,1.507,1.474,1.507,0.029,1.9621,4549.33,679.121
150018.SZ,20171116,0.949,0.948,0.951,0.943,0.945,-0.004,-0.4215,218929.65,20725.42
150019.SZ,20171116,1.292,1.289,1.333,1.278,1.326,0.034,2.6316,731704.15,95733.767
150022.SZ,20171116,0.844,0.843,0.843,0.841,0.843,-0.001,-0.1185,106190.11,8945.115
150023.SZ,20171116,0.436,0.435,0.444,0.434,0.442,0.006,1.3761,401494.17,17638.511
150029.SZ,20171116,1.505,1.51,1.523,1.508,1.508,0.003,0.1993,250.38,38.0
150030.SZ,20171116,1.054,1.053,1.053,1.053,1.053,-0.001,-0.0949,3.29,0.346
150031.SZ,20171116,1.347,1.269,1.355,1.269,1.336,-0.011,-0.8166,38.61,5.152
150032.SZ,20171116,1.024,1.031,1.031,1.031,1.031,0.007,0.6836,1.0,0.103
150033.SZ,20171116,0.979,0.967,0.967,0.966,0.967,-0.012,-1.2257,13.0,1.257
150037.SZ,20171116,1.924,2.077,2.077,2.077,2.077,0.153,7.9522,40.0,8.308
150047.SZ,20171116,1.4,1.358,1.358,1.358,1.358,-0.042,-3.0,142.0,19.283
150048.SZ,20171116,1.342,1.356,1.356,1.333,1.333,-0.009,-0.6706,1516.0,202.417
150049.SZ,20171116,0.979,0.98,0.98,0.977,0.977,-0.002,-0.2043,585.0,57.155
150050.SZ,20171116,1.538,1.537,1.598,1.525,1.594,0.056,3.6411,2133.28,334.1
150051.SZ,20171116,0.968,0.968,0.974,0.964,0.974,0.006,0.6198,169.0,16.364
150052.SZ,20171116,1.898,1.895,1.924,1.89,1.915,0.017,0.8957,13662.76,2609.569
150056.SZ,20171116,1.591,1.588,1.588,1.575,1.575,-0.016,-1.0057,110.0,17.455
150058.SZ,20171116,1.1,1.1,1.1,1.1,1.1,0.0,0.0,34.47,3.791
150059.SZ,20171116,0.991,1.024,1.024,1.018,1.018,0.027,2.7245,401.0,40.822
150060.SZ,20171116,1.423,1.35,1.422,1.35,1.352,-0.071,-4.9895,59.63,8.065
150064.SZ,20171116,1.016,1.001,1.001,1.001,1.001,-0.015,-1.4764,312.0,31.231
150066.SZ,20171116,0.894,0.964,0.964,0.964,0.964,0.07,7.83,100.0,9.64
150073.SZ,20171116,0.993,0.999,0.999,0.99,0.99,-0.003,-0.3021,2913.15,289.211
150076.SZ,20171116,0.989,0.98,0.98,0.969,0.971,-0.018,-1.82,711.0,69.023
150083.SZ,20171116,1.12,1.031,1.031,1.031,1.031,-0.089,-7.9464,2.0,0.206
150084.SZ,20171116,1.457,1.456,1.465,1.456,1.46,0.003,0.2059,82.0,11.939
150091.SZ,20171116,1.11,1.141,1.141,1.141,1.141,0.031,2.7928,1.0,0.114
150093.SZ,20171116,1.025,1.03,1.03,1.03,1.03,0.005,0.4878,48.0,4.944
150095.SZ,20171116,0.538,0.572,0.572,0.521,0.534,-0.004,-0.7435,46.0,2.41
150100.SZ,20171116,1.015,1.001,1.015,1.001,1.009,-0.006,-0.5911,3.0,0.302
150101.SZ,20171116,1.567,1.57,1.57,1.54,1.54,-0.027,-1.723,5667.0,882.605
150104.SZ,20171116,1.065,1.077,1.077,1.077,1.077,0.012,1.1268,40.0,4.308
150106.SZ,20171116,1.052,1.05,1.05,1.042,1.044,-0.008,-0.7605,964.0,100.871
150107.SZ,20171116,1.299,1.287,1.304,1.275,1.299,0.0,0.0,3958.19,513.267
150112.SZ,20171116,1.089,1.018,1.02,1.018,1.019,-0.07,-6.4279,331.0,33.713
150113.SZ,20171116,1.808,1.808,1.9,1.808,1.9,0.092,5.0885,160.0,29.48
150117.SZ,20171116,1.049,1.04,1.052,1.04,1.041,-0.008,-0.7626,10806.52,1136.526
150118.SZ,20171116,0.496,0.493,0.521,0.493,0.52,0.024,4.8387,312134.45,15982.685
150121.SZ,20171116,1.007,1.001,1.002,1.001,1.002,-0.005,-0.4965,226.0,22.643
150123.SZ,20171116,1.111,1.108,1.125,1.108,1.125,0.014,1.2601,3254.31,362.668
150124.SZ,20171116,2.726,2.709,2.776,2.709,2.77,0.044,1.6141,20251.59,5598.675
150130.SZ,20171116,1.058,1.051,1.06,1.051,1.059,0.001,0.0945,106652.31,11272.415
150131.SZ,20171116,0.679,0.676,0.709,0.676,0.709,0.03,4.4183,718888.09,50076.441
150135.SZ,20171116,1.028,1.032,1.032,1.032,1.032,0.004,0.3891,21.0,2.167
150136.SZ,20171116,1.065,1.068,1.161,1.068,1.161,0.096,9.0141,11.0,1.258
150144.SZ,20171116,0.673,0.643,0.665,0.638,0.648,-0.025,-3.7147,2596.0,165.732
150148.SZ,20171116,1.028,1.074,1.074,1.037,1.037,0.009,0.8755,3.0,0.318
150149.SZ,20171116,0.86,0.858,0.889,0.855,0.885,0.025,2.907,6346.0,549.054
150150.SZ,20171116,0.978,0.979,0.979,0.973,0.979,0.001,0.1022,466.0,45.6
150151.SZ,20171116,1.495,1.382,1.528,1.382,1.439,-0.056,-3.7458,287.96,41.759
150152.SZ,20171116,1.008,1.008,1.008,1.004,1.007,-0.001,-0.0992,202615.58,20375.457
150153.SZ,20171116,0.634,0.629,0.638,0.624,0.628,-0.006,-0.9464,1337879.07,84434.778
150157.SZ,20171116,0.999,0.998,0.999,0.994,0.998,-0.001,-0.1001,27157.0,2710.138
150158.SZ,20171116,1.121,1.116,1.136,1.116,1.132,0.011,0.9813,34614.82,3895.274
150164.SZ,20171116,0.982,0.971,1.007,0.971,0.995,0.013,1.3238,536.35,53.37
150165.SZ,20171116,0.718,0.739,0.739,0.739,0.739,0.021,2.9248,2.0,0.147
150168.SZ,20171116,0.989,0.988,0.999,0.988,0.999,0.01,1.0111,1889.62,187.379
150169.SZ,20171116,0.996,0.996,0.996,0.992,0.994,-0.002,-0.2008,8856.5,881.137
150170.SZ,20171116,1.456,1.451,1.466,1.448,1.465,0.009,0.6181,16085.04,2347.015
150171.SZ,20171116,0.937,0.937,0.937,0.933,0.933,-0.004,-0.4269,405670.39,37954.845
150172.SZ,20171116,1.152,1.151,1.151,1.125,1.126,-0.026,-2.2569,263325.12,30032.794
150173.SZ,20171116,0.964,0.958,0.965,0.958,0.959,-0.005,-0.5187,1905.0,182.993
150174.SZ,20171116,0.685,0.681,0.705,0.681,0.705,0.02,2.9197,2605.23,181.22
150175.SZ,20171116,0.975,0.975,0.976,0.973,0.975,0.0,0.0,57755.0,5625.613
150176.SZ,20171116,1.107,1.106,1.113,1.093,1.108,0.001,0.0903,114707.0,12685.941
150177.SZ,20171116,1.024,1.001,1.001,1.001,1.001,-0.023,-2.2461,1.0,0.1
150178.SZ,20171116,1.697,1.697,1.714,1.66,1.709,0.012,0.7071,5492.43,937.533
150179.SZ,20171116,1.028,1.026,1.026,1.023,1.023,-0.005,-0.4864,496.0,50.801
150180.SZ,20171116,1.679,1.67,1.749,1.67,1.731,0.052,3.0971,441.93,74.22
150181.SZ,20171116,0.949,0.949,0.949,0.945,0.946,-0.003,-0.3161,141425.26,13395.869
150182.SZ,20171116,0.863,0.86,0.864,0.855,0.857,-0.006,-0.6952,145820.53,12533.273
150184.SZ,20171116,1.025,1.025,1.025,1.022,1.022,-0.003,-0.2927,2.1,0.214
150185.SZ,20171116,0.949,0.949,0.961,0.943,0.956,0.007,0.7376,22688.2,2164.825
150186.SZ,20171116,0.929,0.927,0.929,0.923,0.925,-0.004,-0.4306,7184.8,665.087
150187.SZ,20171116,0.646,0.663,0.663,0.638,0.638,-0.008,-1.2384,9656.62,622.768
150188.SZ,20171116,1.016,1.015,1.016,1.014,1.015,-0.001,-0.0984,25592.98,2596.936
150189.SZ,20171116,0.813,0.765,0.849,0.765,0.787,-0.026,-3.198,1321.94,104.237
150190.SZ,20171116,1.03,1.04,1.082,1.038,1.081,0.051,4.9515,701.46,75.163
150191.SZ,20171116,1.324,1.333,1.333,1.213,1.33,0.006,0.4532,1046.39,133.971
150192.SZ,20171116,1.126,1.09,1.19,1.064,1.064,-0.062,-5.5062,151.2,16.49
150193.SZ,20171116,1.098,1.095,1.146,1.076,1.144,0.046,4.1894,4039.81,454.339
150194.SZ,20171116,0.96,0.968,0.968,0.951,0.954,-0.006,-0.625,16117.0,1541.397
150195.SZ,20171116,1.417,1.415,1.472,1.405,1.466,0.049,3.458,48232.79,6917.796
150196.SZ,20171116,1.035,1.034,1.036,1.031,1.036,0.001,0.0966,15652.0,1618.52
150197.SZ,20171116,1.258,1.251,1.266,1.221,1.221,-0.037,-2.9412,99350.43,12341.115
150198.SZ,20171116,1.118,1.069,1.118,1.069,1.096,-0.022,-1.9678,225.22,24.891
150199.SZ,20171116,1.512,1.51,1.589,1.5,1.582,0.07,4.6296,34749.0,5438.769
150200.SZ,20171116,0.958,0.958,0.959,0.954,0.956,-0.002,-0.2088,445632.37,42593.243
150201.SZ,20171116,0.483,0.48,0.485,0.464,0.465,-0.018,-3.7267,3823669.18,182363.328
150203.SZ,20171116,0.969,0.969,0.97,0.969,0.97,0.001,0.1032,373.0,36.143
150204.SZ,20171116,0.767,0.759,0.768,0.738,0.755,-0.012,-1.5645,1991.19,148.686
150205.SZ,20171116,0.931,0.931,0.932,0.928,0.929,-0.002,-0.2148,15315.99,1422.817
150206.SZ,20171116,1.004,1.0,1.004,0.99,0.99,-0.014,-1.3944,46627.17,4650.633
150207.SZ,20171116,1.019,1.033,1.036,1.033,1.036,0.017,1.6683,17.0,1.757
150208.SZ,20171116,0.511,0.515,0.52,0.507,0.518,0.007,1.3699,824.0,42.642
150209.SZ,20171116,0.949,0.949,0.949,0.946,0.946,-0.003,-0.3161,101149.11,9581.945
150210.SZ,20171116,1.036,1.033,1.053,1.033,1.052,0.016,1.5444,140030.04,14656.309
150211.SZ,20171116,0.999,0.999,0.999,0.992,0.997,-0.002,-0.2002,26267.24,2616.04
150212.SZ,20171116,0.85,0.83,0.857,0.83,0.842,-0.008,-0.9412,71338.29,6019.659
150214.SZ,20171116,0.436,0.436,0.446,0.434,0.444,0.008,1.8349,57086.0,2516.888
150215.SZ,20171116,1.23,1.353,1.353,1.107,1.27,0.04,3.252,2407.15,266.603
150216.SZ,20171116,1.535,1.501,1.547,1.501,1.537,0.002,0.1303,2939.21,446.509
150217.SZ,20171116,1.007,0.987,1.003,0.987,1.003,-0.004,-0.3972,4.92,0.487
150218.SZ,20171116,0.736,0.739,0.741,0.722,0.733,-0.003,-0.4076,20981.04,1526.457
150219.SZ,20171116,1.166,1.164,1.239,1.051,1.172,0.006,0.5146,8168.02,954.408
150220.SZ,20171116,0.91,0.91,0.924,0.902,0.924,0.014,1.5385,15877.08,1457.863
150221.SZ,20171116,1.093,1.092,1.094,1.084,1.084,-0.009,-0.8234,106625.96,11616.093
150222.SZ,20171116,0.461,0.46,0.463,0.457,0.458,-0.003,-0.6508,502741.95,23164.103
150223.SZ,20171116,1.112,1.109,1.11,1.099,1.099,-0.013,-1.1691,60928.24,6753.163
150224.SZ,20171116,0.883,0.887,0.887,0.866,0.869,-0.014,-1.5855,160543.13,14094.671
150225.SZ,20171116,1.044,1.039,1.068,1.038,1.068,0.024,2.2989,2004.81,208.134
150226.SZ,20171116,1.476,1.488,1.55,1.485,1.501,0.025,1.6938,2197.0,328.573
150227.SZ,20171116,0.91,0.909,0.91,0.908,0.91,0.0,0.0,239600.9,21787.79
150228.SZ,20171116,0.966,0.964,0.966,0.956,0.964,-0.002,-0.207,379889.4,36547.746
150229.SZ,20171116,1.065,1.065,1.066,1.036,1.065,0.0,0.0,2854.03,303.995
150230.SZ,20171116,1.671,1.668,1.725,1.647,1.72,0.049,2.9324,7781.69,1317.388
150232.SZ,20171116,1.629,1.656,1.656,1.6,1.651,0.022,1.3505,3374.37,554.292
150234.SZ,20171116,1.055,1.132,1.132,1.029,1.029,-0.026,-2.4645,43.0,4.435
150235.SZ,20171116,0.963,0.953,0.953,0.953,0.953,-0.01,-1.0384,234.0,22.3
150236.SZ,20171116,0.869,0.861,0.868,0.851,0.851,-0.018,-2.0713,4253.0,364.115
150241.SZ,20171116,1.01,0.98,1.005,0.98,1.005,-0.005,-0.495,965.0,96.729
150242.SZ,20171116,1.077,1.068,1.07,1.062,1.069,-0.008,-0.7428,4504.0,479.76
150244.SZ,20171116,0.742,0.74,0.748,0.73,0.744,0.002,0.2695,14689.93,1088.791
150245.SZ,20171116,1.0,1.054,1.054,1.054,1.054,0.054,5.4,2.0,0.21
150246.SZ,20171116,1.263,1.2,1.258,1.2,1.258,-0.005,-0.3959,316.0,38.983
150247.SZ,20171116,1.014,1.012,1.012,1.006,1.012,-0.002,-0.1972,8653.89,873.562
150248.SZ,20171116,0.761,0.741,0.748,0.723,0.734,-0.027,-3.548,10581.72,778.981
150250.SZ,20171116,1.026,1.045,1.045,1.008,1.017,-0.009,-0.8772,1230.0,126.188
150252.SZ,20171116,1.47,1.476,1.476,1.363,1.412,-0.058,-3.9456,2675.0,376.954
150255.SZ,20171116,0.928,0.928,0.929,0.926,0.926,-0.002,-0.2155,3709.0,343.935
150256.SZ,20171116,0.952,0.94,0.95,0.938,0.95,-0.002,-0.2101,1302.03,122.631
150257.SZ,20171116,1.002,0.985,0.99,0.98,0.99,-0.012,-1.1976,200.0,19.733
150258.SZ,20171116,1.198,1.2,1.23,1.2,1.23,0.032,2.6711,471.29,57.955
150259.SZ,20171116,0.933,0.928,0.932,0.926,0.93,-0.003,-0.3215,1106.14,102.655
150260.SZ,20171116,0.749,0.744,0.748,0.737,0.748,-0.001,-0.1335,478.46,35.387
150261.SZ,20171116,1.043,1.042,1.043,1.041,1.043,0.0,0.0,1715.73,178.749
150262.SZ,20171116,0.866,0.861,0.888,0.861,0.884,0.018,2.0785,10136.73,890.685
150265.SZ,20171116,1.077,1.121,1.121,1.113,1.113,0.036,3.3426,244.0,27.297
150266.SZ,20171116,1.362,1.348,1.383,1.337,1.358,-0.004,-0.2937,1433.77,194.546
150267.SZ,20171116,1.047,1.001,1.044,1.001,1.043,-0.004,-0.382,251.0,25.368
150268.SZ,20171116,1.089,1.07,1.07,1.04,1.059,-0.03,-2.7548,1099.0,115.745
150269.SZ,20171116,0.915,0.914,0.922,0.91,0.916,0.001,0.1093,24234.79,2214.885
150270.SZ,20171116,1.416,1.413,1.465,1.401,1.454,0.038,2.6836,101797.8,14724.271
150271.SZ,20171116,0.95,0.983,0.983,0.981,0.981,0.031,3.2632,70.0,6.871
150272.SZ,20171116,1.32,1.295,1.32,1.295,1.312,-0.008,-0.6061,245.64,32.162
150273.SZ,20171116,1.006,1.004,1.015,1.004,1.015,0.009,0.8946,87.0,8.745
150274.SZ,20171116,0.674,0.687,0.687,0.661,0.669,-0.005,-0.7418,2042.62,136.913
150275.SZ,20171116,0.956,0.951,0.956,0.951,0.953,-0.003,-0.3138,37500.2,3573.073
150276.SZ,20171116,0.683,0.68,0.685,0.67,0.674,-0.009,-1.3177,54242.64,3673.849
150278.SZ,20171116,0.57,0.572,0.572,0.561,0.561,-0.009,-1.5789,15272.45,864.619
150279.SZ,20171116,1.1,1.0,1.1,1.0,1.1,0.0,0.0,53.8,5.87
150280.SZ,20171116,0.942,0.94,0.94,0.921,0.921,-0.021,-2.2293,558.0,52.062
150282.SZ,20171116,0.65,0.648,0.65,0.648,0.65,0.0,0.0,4501.0,292.489
150283.SZ,20171116,0.925,0.924,0.946,0.923,0.937,0.012,1.2973,11119.14,1031.052
150284.SZ,20171116,0.967,0.965,1.006,0.965,0.997,0.03,3.1024,11049.2,1100.767
150287.SZ,20171116,1.037,1.036,1.037,1.036,1.037,0.0,0.0,6634.12,687.417
150288.SZ,20171116,0.874,0.871,0.898,0.856,0.865,-0.009,-1.0297,98922.86,8643.346
150289.SZ,20171116,1.038,1.036,1.038,1.036,1.038,0.0,0.0,16873.66,1751.157
150290.SZ,20171116,0.567,0.56,0.566,0.54,0.541,-0.026,-4.5855,449632.67,24997.559
150291.SZ,20171116,1.038,1.037,1.038,1.036,1.038,0.0,0.0,482.0,49.99
150292.SZ,20171116,0.77,0.765,0.766,0.765,0.766,-0.004,-0.5195,1160.0,88.742
150294.SZ,20171116,1.18,1.161,1.161,1.161,1.161,-0.019,-1.6102,88.0,10.216
150295.SZ,20171116,1.003,0.999,1.003,0.998,0.999,-0.004,-0.3988,1475.0,147.353
150296.SZ,20171116,1.1,1.11,1.12,1.1,1.119,0.019,1.7273,1458.16,162.826
150298.SZ,20171116,0.701,0.698,0.715,0.698,0.715,0.014,1.9971,830.86,58.979
150299.SZ,20171116,1.037,1.038,1.039,1.037,1.038,0.001,0.0964,76933.93,7985.557
150300.SZ,20171116,0.725,0.725,0.725,0.715,0.722,-0.003,-0.4138,78207.0,5624.606
150301.SZ,20171116,1.03,1.036,1.036,1.036,1.036,0.006,0.5825,501.0,51.903
150302.SZ,20171116,1.059,1.059,1.059,1.021,1.055,-0.004,-0.3777,69.52,7.28
150303.SZ,20171116,1.018,1.006,1.014,1.0,1.012,-0.006,-0.5894,6676.07,672.397
150304.SZ,20171116,0.785,0.714,0.75,0.714,0.735,-0.05,-6.3694,27714.42,2049.245
150305.SZ,20171116,1.044,1.044,1.044,1.044,1.044,0.0,0.0,406.0,42.386
150306.SZ,20171116,0.599,0.6,0.618,0.6,0.616,0.017,2.8381,734.0,44.637
150307.SZ,20171116,0.928,0.926,0.929,0.925,0.926,-0.002,-0.2155,2110.79,195.501
150308.SZ,20171116,1.0,0.989,1.053,0.989,1.019,0.019,1.9,5563.69,577.147
150309.SZ,20171116,1.039,1.04,1.04,1.016,1.016,-0.023,-2.2137,209.0,21.461
150310.SZ,20171116,0.734,0.783,0.783,0.77,0.771,0.037,5.0409,623.0,47.984
150311.SZ,20171116,0.95,0.957,0.957,0.957,0.957,0.007,0.7368,6.0,0.574
150312.SZ,20171116,0.973,0.918,0.97,0.913,0.968,-0.005,-0.5139,631.0,61.098
150316.SZ,20171116,0.91,0.935,0.935,0.9,0.926,0.016,1.7582,465.19,43.081
150317.SZ,20171116,1.03,1.025,1.025,1.025,1.025,-0.005,-0.4854,60.0,6.15
150318.SZ,20171116,1.0,0.961,0.961,0.961,0.961,-0.039,-3.9,0.26,0.024
150322.SZ,20171116,1.29,1.295,1.295,1.261,1.29,0.0,0.0,91.0,11.643
150324.SZ,20171116,0.516,0.516,0.542,0.516,0.54,0.024,4.6512,520.0,28.058
150325.SZ,20171116,1.032,1.03,1.03,1.03,1.03,-0.002,-0.1938,1.0,0.103
150326.SZ,20171116,0.948,0.931,0.931,0.856,0.856,-0.092,-9.7046,12.0,1.109
150328.SZ,20171116,1.391,1.375,1.416,1.375,1.416,0.025,1.7973,6.0,0.833
150329.SZ,20171116,0.964,0.972,0.972,0.958,0.958,-0.006,-0.6224,150.0,14.419
150330.SZ,20171116,1.812,1.801,1.99,1.785,1.931,0.119,6.5673,32835.5,6199.318
150331.SZ,20171116,1.066,1.065,1.067,1.063,1.063,-0.003,-0.2814,11092.0,1181.385
150332.SZ,20171116,0.445,0.445,0.449,0.438,0.445,0.0,0.0,9618.0,428.153
150335.SZ,20171116,1.028,1.027,1.029,1.027,1.027,-0.001,-0.0973,9538.0,979.801
150336.SZ,20171116,0.354,0.354,0.355,0.352,0.352,-0.002,-0.565,74491.45,2630.181
150344.SZ,20171116,1.04,1.023,1.023,1.012,1.012,-0.028,-2.6923,50.59,5.174
159001.SZ,20171116,100.0,99.999,100.005,99.999,100.0,0.0,0.0,46873.82,468736.649
159003.SZ,20171116,100.0,99.999,100.001,99.999,100.001,0.001,0.001,237533.95,2375339.692
159005.SZ,20171116,100.0,99.999,100.003,99.999,100.003,0.003,0.003,885460.32,8854603.69
159901.SZ,20171116,5.129,5.115,5.178,5.101,5.173,0.044,0.8579,121754.47,62692.956
159902.SZ,20171116,3.807,3.803,3.856,3.803,3.848,0.041,1.077,159803.0,61276.864
159903.SZ,20171116,1.241,1.241,1.26,1.231,1.26,0.019,1.531,3815.98,478.53
159905.SZ,20171116,1.729,1.726,1.75,1.716,1.75,0.021,1.2146,62725.0,10895.207
159906.SZ,20171116,1.081,1.077,1.086,1.077,1.08,-0.001,-0.0925,290.0,31.394
159907.SZ,20171116,1.578,1.575,1.588,1.56,1.588,0.01,0.6337,547.0,86.09
159908.SZ,20171116,1.527,1.526,1.526,1.526,1.526,-0.001,-0.0655,13.0,1.983
159909.SZ,20171116,5.839,5.839,5.86,5.839,5.839,0.0,0.0,15.0,8.76
159910.SZ,20171116,1.787,1.787,1.809,1.783,1.809,0.022,1.2311,244.0,43.701
159911.SZ,20171116,4.576,4.63,4.63,4.616,4.63,0.054,1.1801,133.36,61.7
159912.SZ,20171116,1.523,1.491,1.523,1.377,1.523,0.0,0.0,3807.0,538.034
159913.SZ,20171116,2.004,1.911,1.95,1.911,1.937,-0.067,-3.3433,2171.0,420.084
159915.SZ,20171116,1.758,1.756,1.771,1.751,1.765,0.007,0.3982,907137.4,159809.97
159916.SZ,20171116,3.829,3.801,3.836,3.801,3.836,0.007,0.1828,2.0,0.763
159918.SZ,20171116,1.862,1.854,1.854,1.854,1.854,-0.008,-0.4296,57.0,10.567
159919.SZ,20171116,4.454,4.451,4.491,4.442,4.48,0.026,0.5837,103787.86,46320.298
159920.SZ,20171116,1.558,1.56,1.567,1.544,1.563,0.005,0.3209,8788309.56,1367078.095
159922.SZ,20171116,6.7,6.716,6.738,6.712,6.729,0.029,0.4328,686.4,461.615
159923.SZ,20171116,1.657,1.657,1.671,1.654,1.663,0.006,0.3621,918.0,152.453
159924.SZ,20171116,1.495,1.49,1.49,1.478,1.487,-0.008,-0.5351,1437.87,213.616
159925.SZ,20171116,1.697,1.695,1.712,1.695,1.711,0.014,0.825,3721.02,634.312
159926.SZ,20171116,105.2,105.241,105.57,105.241,105.57,0.37,0.3517,4.0,42.188
159927.SZ,20171116,4.045,4.032,4.069,4.032,4.069,0.024,0.5933,99.0,40.127
159928.SZ,20171116,2.281,2.269,2.343,2.269,2.34,0.059,2.5866,18211.0,4226.294
159929.SZ,20171116,1.617,1.617,1.64,1.602,1.639,0.022,1.3605,11101.0,1798.988
159930.SZ,20171116,0.848,0.845,0.859,0.835,0.846,-0.002,-0.2358,2607.12,218.985
159931.SZ,20171116,1.698,1.697,1.709,1.695,1.708,0.01,0.5889,368.0,62.618
159932.SZ,20171116,1.793,1.793,1.8,1.793,1.8,0.007,0.3904,162.0,29.079
159933.SZ,20171116,1.908,1.905,1.908,1.905,1.905,-0.003,-0.1572,173.7,33.14
159934.SZ,20171116,2.735,2.73,2.731,2.724,2.725,-0.01,-0.3656,114238.0,31157.071
159935.SZ,20171116,1.744,1.726,1.735,1.72,1.734,-0.01,-0.5734,326.0,56.137
159936.SZ,20171116,1.631,1.637,1.656,1.616,1.656,0.025,1.5328,362.0,59.45
159937.SZ,20171116,2.749,2.744,2.745,2.742,2.742,-0.007,-0.2546,197404.0,54155.448
159938.SZ,20171116,1.406,1.4,1.424,1.399,1.422,0.016,1.138,36426.0,5154.116
159939.SZ,20171116,1.192,1.18,1.197,1.18,1.197,0.005,0.4195,12252.0,1462.366
159940.SZ,20171116,0.961,0.96,0.969,0.96,0.964,0.003,0.3122,239.0,22.989
159941.SZ,20171116,1.376,1.369,1.378,1.358,1.375,-0.001,-0.0727,613.0,83.45
159943.SZ,20171116,12.03,12.028,12.137,12.001,12.137,0.107,0.8894,453.38,547.073
159944.SZ,20171116,0.98,0.976,0.976,0.974,0.974,-0.006,-0.6122,92.0,8.969
159945.SZ,20171116,0.784,0.772,0.782,0.765,0.782,-0.002,-0.2551,871.4,67.115
159946.SZ,20171116,1.284,1.288,1.311,1.288,1.306,0.022,1.7134,1204.0,156.016
159948.SZ,20171116,1.929,1.92,1.942,1.92,1.93,0.001,0.0518,5187.14,1001.201
159949.SZ,20171116,0.72,0.72,0.724,0.716,0.719,-0.001,-0.1389,111987.24,8054.406
159950.SZ,20171116,1.142,1.143,1.156,1.143,1.156,0.014,1.2259,112.0,12.879
159951.SZ,20171116,1.04,1.035,1.054,1.035,1.036,-0.004,-0.3846,1395.11,144.775
159952.SZ,20171116,1.053,1.048,1.061,1.048,1.059,0.006,0.5698,36242.05,3821.188
159953.SZ,20171116,1.031,1.01,1.015,1.01,1.015,-0.016,-1.5519,598.34,60.59
159955.SZ,20171116,1.018,1.02,1.024,1.013,1.024,0.006,0.5894,7100.38,724.877
160105.SZ,20171116,1.125,1.117,1.131,1.114,1.131,0.006,0.5333,197.0,22.122
160106.SZ,20171116,1.462,1.442,1.48,1.436,1.47,0.008,0.5472,3204.45,461.078
160119.SZ,20171116,1.603,1.619,1.619,1.596,1.614,0.011,0.6862,261.0,41.86
160125.SZ,20171116,1.026,1.034,1.034,1.017,1.031,0.005,0.4873,1747.0,179.428
160128.SZ,20171116,0.978,0.98,0.98,0.977,0.977,-0.001,-0.1022,323.0,31.576
160130.SZ,20171116,0.918,0.96,0.98,0.942,0.949,0.031,3.3769,250.0,24.444
160131.SZ,20171116,0.997,0.997,0.997,0.997,0.997,0.0,0.0,200.0,19.94
160133.SZ,20171116,2.228,2.228,2.252,2.221,2.246,0.018,0.8079,4904.3,1100.072
160138.SZ,20171116,1.079,1.069,1.069,1.069,1.069,-0.01,-0.9268,3.0,0.32
160211.SZ,20171116,3.147,3.141,3.181,3.13,3.178,0.031,0.9851,10383.16,3286.303
160212.SZ,20171116,3.064,3.069,3.101,3.056,3.098,0.034,1.1097,35697.69,11016.824
160215.SZ,20171116,1.63,1.628,1.642,1.628,1.639,0.009,0.5521,6427.42,1052.16
160216.SZ,20171116,0.423,0.424,0.426,0.423,0.426,0.003,0.7092,104102.38,4418.9
160220.SZ,20171116,1.321,1.325,1.325,1.32,1.32,-0.001,-0.0757,37.0,4.894
160223.SZ,20171116,0.863,0.87,0.87,0.858,0.868,0.005,0.5794,71.0,6.133
160225.SZ,20171116,1.145,1.147,1.15,1.142,1.142,-0.003,-0.262,6243.0,714.895
160311.SZ,20171116,1.566,1.558,1.568,1.558,1.567,0.001,0.0639,2004.89,312.948
160314.SZ,20171116,1.181,1.183,1.183,1.166,1.177,-0.004,-0.3387,478.06,56.419
160322.SZ,20171116,1.318,1.322,1.322,1.31,1.317,-0.001,-0.0759,588.0,77.308
160323.SZ,20171116,0.963,0.963,0.963,0.962,0.963,0.0,0.0,3471.0,334.207
160324.SZ,20171116,0.904,0.905,0.907,0.904,0.904,0.0,0.0,1488.0,134.693
160415.SZ,20171116,1.082,1.084,1.092,1.081,1.081,-0.001,-0.0924,16.0,1.742
160416.SZ,20171116,0.934,0.934,0.934,0.923,0.927,-0.007,-0.7495,8613.0,797.216
160421.SZ,20171116,0.917,0.916,0.921,0.916,0.921,0.004,0.4362,41707.9,3825.982
160422.SZ,20171116,1.092,1.086,1.1,1.086,1.093,0.001,0.0916,308.0,33.569
160505.SZ,20171116,1.987,1.988,2.004,1.983,2.003,0.016,0.8052,25340.69,5058.289
160512.SZ,20171116,2.159,2.142,2.155,2.139,2.155,-0.004,-0.1853,598.27,128.512
160515.SZ,20171116,0.99,0.989,0.99,0.988,0.99,0.0,0.0,475.0,47.017
160518.SZ,20171116,0.993,0.992,0.994,0.988,0.994,0.001,0.1007,29882.21,2963.818
160519.SZ,20171116,1.003,1.003,1.008,1.002,1.006,0.003,0.2991,17373.08,1745.112
160522.SZ,20171116,0.994,0.995,0.995,0.995,0.995,0.001,0.1006,200.0,19.9
160607.SZ,20171116,0.825,0.827,0.83,0.825,0.83,0.005,0.6061,437.0,36.082
160610.SZ,20171116,1.14,1.14,1.153,1.137,1.153,0.013,1.1404,1162.0,132.774
160611.SZ,20171116,0.867,0.848,0.867,0.848,0.866,-0.001,-0.1153,104.81,8.898
160613.SZ,20171116,1.549,1.531,1.546,1.531,1.545,-0.004,-0.2582,24.0,3.706
160615.SZ,20171116,1.632,1.649,1.652,1.639,1.639,0.007,0.4289,18.0,2.954
160616.SZ,20171116,1.393,1.389,1.389,1.389,1.389,-0.004,-0.2872,396.14,55.023
160621.SZ,20171116,1.077,1.072,1.072,1.072,1.072,-0.005,-0.4643,1.0,0.107
160635.SZ,20171116,1.11,1.098,1.119,1.094,1.119,0.009,0.8108,134.0,14.781
160642.SZ,20171116,0.968,0.965,0.965,0.965,0.965,-0.003,-0.3099,58.01,5.597
160643.SZ,20171116,1.0,0.993,0.993,0.991,0.991,-0.009,-0.9,20.0,1.984
160706.SZ,20171116,1.164,1.164,1.171,1.16,1.171,0.007,0.6014,12780.63,1491.431
160716.SZ,20171116,1.536,1.539,1.539,1.523,1.538,0.002,0.1302,2449.01,376.126
160717.SZ,20171116,0.843,0.841,0.846,0.841,0.846,0.003,0.3559,7023.0,593.049
160719.SZ,20171116,0.703,0.702,0.705,0.702,0.705,0.002,0.2845,3191.0,224.93
160720.SZ,20171116,1.062,1.06,1.06,1.057,1.059,-0.003,-0.2825,841.35,88.946
160722.SZ,20171116,1.014,1.012,1.015,1.012,1.014,0.0,0.0,12399.0,1257.738
160723.SZ,20171116,1.029,1.024,1.03,1.024,1.03,0.001,0.0972,2539.58,261.365
160805.SZ,20171116,0.853,0.848,0.87,0.841,0.852,-0.001,-0.1172,154.0,13.111
160806.SZ,20171116,1.459,1.459,1.476,1.457,1.474,0.015,1.0281,107.6,15.73
160807.SZ,20171116,1.332,1.337,1.337,1.337,1.337,0.005,0.3754,1.0,0.133
160812.SZ,20171116,1.541,1.541,1.555,1.541,1.553,0.012,0.7787,1356.09,209.997
160813.SZ,20171116,0.841,0.84,0.845,0.839,0.843,0.002,0.2378,1485.21,125.051
160910.SZ,20171116,1.175,1.163,1.18,1.163,1.18,0.005,0.4255,444.24,52.073
160916.SZ,20171116,2.782,2.782,2.808,2.779,2.806,0.024,0.8627,2703.09,755.192
160918.SZ,20171116,2.061,2.07,2.095,2.07,2.09,0.029,1.4071,1896.0,395.089
160919.SZ,20171116,1.302,1.295,1.313,1.295,1.307,0.005,0.384,98.0,12.812
160921.SZ,20171116,0.958,0.958,0.958,0.958,0.958,0.0,0.0,1.0,0.095
160922.SZ,20171116,1.177,1.176,1.176,1.176,1.176,-0.001,-0.085,24.0,2.822
160924.SZ,20171116,1.029,1.05,1.094,1.05,1.086,0.057,5.5394,83.0,9.0
161005.SZ,20171116,2.184,2.183,2.208,2.183,2.195,0.011,0.5037,3708.55,814.04
161010.SZ,20171116,1.058,1.056,1.057,1.055,1.055,-0.003,-0.2836,1654.0,174.629
161015.SZ,20171116,0.98,0.98,0.98,0.929,0.934,-0.046,-4.6939,56.0,5.229
161017.SZ,20171116,2.317,2.31,2.321,2.3,2.316,-0.001,-0.0432,1478.87,341.031
161019.SZ,20171116,0.981,0.981,0.981,0.979,0.979,-0.002,-0.2039,1713.0,167.879
161033.SZ,20171116,1.18,1.18,1.196,1.169,1.195,0.015,1.2712,924.0,109.389
161035.SZ,20171116,0.993,0.984,0.997,0.984,0.997,0.004,0.4028,3657.26,363.107
161036.SZ,20171116,0.913,0.913,0.913,0.907,0.908,-0.005,-0.5476,10.01,0.909
161037.SZ,20171116,1.3,1.224,1.249,1.207,1.216,-0.084,-6.4615,1602.22,195.452
161038.SZ,20171116,1.074,1.044,1.05,1.044,1.05,-0.024,-2.2346,1039.13,108.636
161115.SZ,20171116,1.368,1.363,1.366,1.363,1.366,-0.002,-0.1462,76.0,10.36
161116.SZ,20171116,0.711,0.712,0.712,0.71,0.71,-0.001,-0.1406,1274.02,90.641
161117.SZ,20171116,0.996,1.052,1.052,1.005,1.005,0.009,0.9036,211.0,22.048
161124.SZ,20171116,1.107,1.105,1.105,1.1,1.101,-0.006,-0.542,492.02,54.171
161125.SZ,20171116,1.066,1.066,1.066,1.064,1.065,-0.001,-0.0938,283.0,30.136
161126.SZ,20171116,1.086,1.106,1.106,1.083,1.092,0.006,0.5525,815.0,89.353
161127.SZ,20171116,1.195,1.199,1.199,1.181,1.188,-0.007,-0.5858,1794.0,213.283
161128.SZ,20171116,1.207,1.202,1.204,1.2,1.204,-0.003,-0.2486,888.0,106.769
161129.SZ,20171116,0.979,0.981,0.987,0.981,0.987,0.008,0.8172,230.15,22.632
161130.SZ,20171116,1.045,1.032,1.041,1.032,1.04,-0.005,-0.4785,1011.4,105.075
161210.SZ,20171116,1.05,1.042,1.045,1.03,1.043,-0.007,-0.6667,375.0,38.904
161213.SZ,20171116,1.639,1.634,1.638,1.634,1.638,-0.001,-0.061,2.0,0.327
161216.SZ,20171116,1.049,1.046,1.046,1.046,1.046,-0.003,-0.286,709.0,74.161
161217.SZ,20171116,0.755,0.759,0.759,0.748,0.748,-0.007,-0.9272,179.0,13.429
161222.SZ,20171116,1.209,1.209,1.21,1.209,1.21,0.001,0.0827,127.05,15.372
161224.SZ,20171116,1.065,1.046,1.066,1.045,1.066,0.001,0.0939,45.4,4.76
161225.SZ,20171116,1.286,1.286,1.286,1.28,1.28,-0.006,-0.4666,120.0,15.394
161226.SZ,20171116,0.874,0.873,0.874,0.872,0.873,-0.001,-0.1144,28413.0,2480.1
161227.SZ,20171116,1.079,1.079,1.087,1.068,1.087,0.008,0.7414,6673.65,720.304
161229.SZ,20171116,1.481,1.469,1.479,1.469,1.477,-0.004,-0.2701,18.0,2.659
161232.SZ,20171116,0.861,0.862,0.864,0.86,0.862,0.001,0.1161,62417.21,5377.92
161233.SZ,20171116,0.968,0.968,0.979,0.951,0.951,-0.017,-1.7562,882.0,85.587
161607.SZ,20171116,1.27,1.269,1.274,1.269,1.274,0.004,0.315,144.0,18.288
161610.SZ,20171116,1.006,1.007,1.018,1.002,1.018,0.012,1.1928,5830.43,584.634
161630.SZ,20171116,0.977,0.976,0.976,0.976,0.976,-0.001,-0.1024,1.0,0.097
161631.SZ,20171116,1.14,1.139,1.156,1.139,1.146,0.006,0.5263,42028.14,4826.279
161706.SZ,20171116,1.722,1.722,1.728,1.706,1.724,0.002,0.1161,546.0,94.175
161713.SZ,20171116,1.005,1.006,1.006,1.006,1.006,0.001,0.0995,12.0,1.207
161714.SZ,20171116,1.007,1.014,1.034,1.006,1.015,0.008,0.7944,3405.0,346.644
161715.SZ,20171116,1.13,1.126,1.13,1.126,1.129,-0.001,-0.0885,703.13,79.189
161810.SZ,20171116,1.705,1.661,1.692,1.66,1.67,-0.035,-2.0528,323.39,53.855
161815.SZ,20171116,0.46,0.461,0.463,0.46,0.462,0.002,0.4348,6870.0,317.126
161820.SZ,20171116,1.074,1.075,1.075,1.072,1.073,-0.001,-0.0931,187.0,20.049
161823.SZ,20171116,1.039,1.025,1.025,1.024,1.024,-0.015,-1.4437,1313.12,134.472
161831.SZ,20171116,1.047,1.047,1.047,1.029,1.046,-0.001,-0.0955,10.01,1.047
161834.SZ,20171116,0.859,0.851,0.859,0.851,0.859,0.0,0.0,8723.51,747.858
161903.SZ,20171116,0.878,0.861,0.865,0.861,0.865,-0.013,-1.4806,33.0,2.853
161907.SZ,20171116,1.717,1.713,1.719,1.713,1.719,0.002,0.1165,20.0,3.437
161911.SZ,20171116,0.964,0.963,0.964,0.963,0.963,-0.001,-0.1037,1676.0,161.399
162006.SZ,20171116,1.26,1.241,1.256,1.231,1.249,-0.011,-0.873,344.0,42.83
162207.SZ,20171116,1.409,1.398,1.424,1.396,1.423,0.014,0.9936,1131.0,158.973
162215.SZ,20171116,1.076,1.076,1.081,1.076,1.081,0.005,0.4647,68.0,7.321
162307.SZ,20171116,1.308,1.304,1.31,1.297,1.31,0.002,0.1529,431.0,56.275
162411.SZ,20171116,0.563,0.562,0.564,0.56,0.564,0.001,0.1776,509572.36,28612.423
162414.SZ,20171116,1.178,1.161,1.175,1.161,1.175,-0.003,-0.2547,81.0,9.405
162415.SZ,20171116,1.179,1.18,1.18,1.176,1.18,0.001,0.0848,220.0,25.894
162605.SZ,20171116,1.314,1.314,1.342,1.31,1.34,0.026,1.9787,35097.31,4667.333
162607.SZ,20171116,0.602,0.601,0.605,0.6,0.602,0.0,0.0,2683.0,161.473
162703.SZ,20171116,1.516,1.518,1.527,1.505,1.521,0.005,0.3298,5382.28,815.112
162711.SZ,20171116,1.375,1.38,1.382,1.38,1.382,0.007,0.5091,98.0,13.526
162712.SZ,20171116,1.422,1.421,1.421,1.421,1.421,-0.001,-0.0703,4.0,0.568
162717.SZ,20171116,0.966,0.966,0.968,0.966,0.967,0.001,0.1035,2443.92,236.317
162718.SZ,20171116,0.955,0.969,0.969,0.969,0.969,0.014,1.466,248.0,24.031
162719.SZ,20171116,0.961,0.956,0.962,0.954,0.961,0.0,0.0,1189.01,113.594
163001.SZ,20171116,0.953,0.967,0.968,0.941,0.942,-0.011,-1.1542,78.0,7.412
163110.SZ,20171116,2.203,2.206,2.222,2.206,2.221,0.018,0.8171,5586.0,1238.101
163111.SZ,20171116,1.186,1.177,1.195,1.177,1.195,0.009,0.7589,18470.8,2197.623
163210.SZ,20171116,1.016,1.016,1.016,1.014,1.015,-0.001,-0.0984,4518.0,458.197
163302.SZ,20171116,1.474,1.424,1.464,1.422,1.457,-0.017,-1.1533,67.0,9.751
163402.SZ,20171116,0.917,0.915,0.93,0.914,0.93,0.013,1.4177,119975.55,11092.779
163407.SZ,20171116,1.864,1.863,1.869,1.851,1.863,-0.001,-0.0536,1258.0,234.626
163409.SZ,20171116,1.685,1.682,1.684,1.667,1.684,-0.001,-0.0593,1201.11,200.814
163412.SZ,20171116,3.219,3.226,3.295,3.22,3.294,0.075,2.3299,20250.17,6624.947
163415.SZ,20171116,1.418,1.418,1.433,1.418,1.433,0.015,1.0578,3874.27,551.553
163503.SZ,20171116,0.514,0.51,0.518,0.51,0.512,-0.002,-0.3891,1334.0,68.568
163801.SZ,20171116,1.313,1.306,1.324,1.306,1.322,0.009,0.6855,1353.5,178.204
163821.SZ,20171116,1.566,1.575,1.575,1.536,1.554,-0.012,-0.7663,51.0,7.927
163824.SZ,20171116,1.01,0.997,0.997,0.997,0.997,-0.013,-1.2871,7.0,0.697
164208.SZ,20171116,1.179,1.144,1.145,1.144,1.145,-0.034,-2.8838,11.0,1.258
164210.SZ,20171116,1.003,1.003,1.003,1.003,1.003,0.0,0.0,100.0,10.03
164403.SZ,20171116,1.046,1.053,1.071,1.049,1.056,0.01,0.956,523.35,55.27
164509.SZ,20171116,1.017,1.014,1.014,1.014,1.014,-0.003,-0.295,202.0,20.482
164701.SZ,20171116,0.605,0.604,0.606,0.603,0.603,-0.002,-0.3306,1870.23,112.945
164703.SZ,20171116,0.824,0.825,0.825,0.825,0.825,0.001,0.1214,30.0,2.475
164705.SZ,20171116,1.226,1.22,1.229,1.22,1.229,0.003,0.2447,2575.14,315.706
164808.SZ,20171116,1.004,0.992,0.992,0.992,0.992,-0.012,-1.1952,1366.0,135.507
164810.SZ,20171116,0.962,0.955,0.955,0.955,0.955,-0.007,-0.7277,1.0,0.095
164814.SZ,20171116,1.011,1.005,1.005,1.005,1.005,-0.006,-0.5935,94.0,9.447
164823.SZ,20171116,1.001,1.018,1.018,0.998,1.009,0.008,0.7992,2416.07,242.793
164906.SZ,20171116,1.459,1.446,1.485,1.446,1.485,0.026,1.782,19282.0,2822.658
165309.SZ,20171116,1.234,1.232,1.242,1.232,1.242,0.008,0.6483,193.0,23.93
165313.SZ,20171116,1.508,1.522,1.541,1.508,1.509,0.001,0.0663,315.0,48.259
165317.SZ,20171116,0.985,1.001,1.019,0.986,0.986,0.001,0.1015,246.0,25.014
165510.SZ,20171116,0.842,0.846,0.86,0.828,0.84,-0.002,-0.2375,2377.0,200.134
165512.SZ,20171116,2.639,2.636,2.652,2.636,2.652,0.013,0.4926,279.0,73.672
165513.SZ,20171116,0.447,0.447,0.45,0.446,0.449,0.002,0.4474,2082.0,93.001
165516.SZ,20171116,2.161,2.132,2.139,2.132,2.139,-0.022,-1.018,6.0,1.279
165525.SZ,20171116,1.162,1.157,1.167,1.156,1.157,-0.005,-0.4303,912.0,105.624
165528.SZ,20171116,1.023,1.022,1.026,1.014,1.015,-0.008,-0.782,93625.46,9553.692
166001.SZ,20171116,1.308,1.296,1.362,1.291,1.338,0.03,2.2936,3243.48,429.568
166006.SZ,20171116,1.252,1.23,1.232,1.213,1.227,-0.025,-1.9968,24622.5,3011.772
166007.SZ,20171116,1.449,1.455,1.455,1.407,1.431,-0.018,-1.2422,116.0,16.559
166008.SZ,20171116,1.034,1.038,1.038,1.038,1.038,0.004,0.3868,2.0,0.207
166009.SZ,20171116,1.914,1.937,1.942,1.868,1.942,0.028,1.4629,35.0,6.672
166011.SZ,20171116,1.402,1.409,1.442,1.409,1.42,0.018,1.2839,857.1,121.991
166023.SZ,20171116,1.105,1.104,1.107,1.099,1.101,-0.004,-0.362,1429.0,157.557
166105.SZ,20171116,0.968,0.972,0.972,0.972,0.972,0.004,0.4132,4.0,0.388
166402.SZ,20171116,1.079,1.077,1.077,1.075,1.075,-0.004,-0.3707,5.0,0.538
166902.SZ,20171116,1.006,1.005,1.005,1.005,1.005,-0.001,-0.0994,456.0,45.828
167001.SZ,20171116,0.819,0.819,0.823,0.817,0.821,0.002,0.2442,14729.65,1208.555
167002.SZ,20171116,0.871,0.851,0.878,0.851,0.878,0.007,0.8037,3.0,0.26
167003.SZ,20171116,0.97,0.951,0.968,0.951,0.961,-0.009,-0.9278,162.0,15.53
168002.SZ,20171116,0.955,0.954,0.954,0.954,0.954,-0.001,-0.1047,1290.05,123.07
168101.SZ,20171116,1.073,1.066,1.07,1.063,1.063,-0.01,-0.932,9105.0,969.532
168102.SZ,20171116,0.87,0.873,0.873,0.865,0.87,0.0,0.0,11694.44,1012.851
168103.SZ,20171116,0.825,0.826,0.826,0.819,0.825,0.0,0.0,58280.23,4798.297
168105.SZ,20171116,0.856,0.852,0.856,0.845,0.856,0.0,0.0,6843.11,581.98
168106.SZ,20171116,0.878,0.855,0.877,0.851,0.863,-0.015,-1.7084,13.0,1.113
168108.SZ,20171116,0.93,0.915,0.915,0.915,0.915,-0.015,-1.6129,99.0,9.058
168301.SZ,20171116,0.924,0.923,0.924,0.921,0.923,-0.001,-0.1082,46900.77,4322.738
168401.SZ,20171116,0.925,0.925,0.925,0.925,0.925,0.0,0.0,20.0,1.85
169101.SZ,20171116,1.554,1.554,1.571,1.554,1.56,0.006,0.3861,23838.68,3724.023
169102.SZ,20171116,1.863,1.859,1.889,1.859,1.863,0.0,0.0,2682.0,501.165
169103.SZ,20171116,1.752,1.731,1.786,1.731,1.759,0.007,0.3995,1768.93,309.358
169104.SZ,20171116,1.743,1.757,1.757,1.745,1.747,0.004,0.2295,681.17,119.324
169105.SZ,20171116,1.761,1.751,1.776,1.749,1.761,0.0,0.0,77629.04,13678.59
169201.SZ,20171116,0.918,0.92,0.92,0.918,0.918,0.0,0.0,76.0,6.977
184801.SZ,20171116,98.498,97.689,98.394,97.689,98.012,-0.486,-0.4934,27.9,273.331
501000.SH,20171116,1.17,1.23,1.266,1.23,1.258,0.088,7.5214,156.0,19.653
501001.SH,20171116,1.077,1.074,1.084,1.072,1.081,0.004,0.3714,2497.08,269.835
501002.SH,20171116,1.125,1.099,1.11,1.061,1.098,-0.027,-2.4,4028.0,434.736
501003.SH,20171116,1.069,1.012,1.029,1.012,1.028,-0.041,-3.8354,189.0,19.179
501005.SH,20171116,1.001,0.995,1.004,0.995,1.003,0.002,0.1998,1154.0,115.614
501007.SH,20171116,0.934,0.934,0.954,0.932,0.935,0.001,0.1071,8.0,0.748
501008.SH,20171116,0.954,0.932,0.932,0.932,0.932,-0.022,-2.3061,10.0,0.932
501009.SH,20171116,1.201,1.201,1.22,1.2,1.215,0.014,1.1657,3430.82,415.744
501010.SH,20171116,1.19,1.19,1.214,1.19,1.211,0.021,1.7647,1373.39,165.017
501011.SH,20171116,1.06,1.091,1.091,1.056,1.08,0.02,1.8868,530.47,56.203
501012.SH,20171116,1.032,1.053,1.093,1.053,1.061,0.029,2.8101,2654.31,284.213
501015.SH,20171116,0.948,0.95,0.954,0.95,0.954,0.006,0.6329,46847.2,4458.752
501016.SH,20171116,1.055,1.058,1.058,1.042,1.057,0.002,0.1896,1158.5,121.652
501017.SH,20171116,0.938,0.938,0.943,0.938,0.942,0.004,0.4264,15779.47,1485.569
501018.SH,20171116,0.978,0.975,0.98,0.975,0.978,0.0,0.0,6737.28,658.902
501019.SH,20171116,0.848,0.858,0.858,0.849,0.852,0.004,0.4717,3504.83,299.04
501020.SH,20171116,1.1,1.099,1.1,1.092,1.1,0.0,0.0,558.0,61.08
501021.SH,20171116,1.416,1.415,1.417,1.409,1.415,-0.001,-0.0706,40465.36,5720.41
501022.SH,20171116,0.9,0.891,0.9,0.891,0.899,-0.001,-0.1111,2808.85,251.043
501023.SH,20171116,1.179,1.169,1.18,1.169,1.18,0.001,0.0848,12.0,1.413
501025.SH,20171116,1.14,1.14,1.145,1.14,1.14,0.0,0.0,1624.0,185.139
501026.SH,20171116,0.928,0.92,0.931,0.92,0.921,-0.007,-0.7543,6821.11,628.988
501027.SH,20171116,0.998,0.999,0.999,0.992,0.992,-0.006,-0.6012,6.0,0.599
501028.SH,20171116,0.944,0.944,0.947,0.942,0.947,0.003,0.3178,8660.15,816.832
501029.SH,20171116,1.104,1.101,1.107,1.101,1.105,0.001,0.0906,20718.67,2286.452
501030.SH,20171116,0.98,0.971,0.98,0.97,0.972,-0.008,-0.8163,300.0,29.141
501031.SH,20171116,0.979,0.983,0.987,0.983,0.983,0.004,0.4086,55.0,5.409
501035.SH,20171116,0.935,0.935,0.935,0.928,0.931,-0.004,-0.4278,1188.73,110.634
501036.SH,20171116,0.995,0.986,0.995,0.986,0.991,-0.004,-0.402,1357.22,134.496
501037.SH,20171116,0.989,1.008,1.008,0.989,0.992,0.003,0.3033,3150.34,311.795
501043.SH,20171116,1.044,1.044,1.062,1.044,1.048,0.004,0.3831,540.85,56.681
501045.SH,20171116,1.052,1.045,1.049,1.041,1.049,-0.003,-0.2852,1957.16,204.195
501050.SH,20171116,1.2,1.198,1.212,1.197,1.207,0.007,0.5833,7377.32,888.912
501300.SH,20171116,0.97,0.97,0.975,0.97,0.974,0.004,0.4124,1441.98,140.378
501301.SH,20171116,1.166,1.166,1.176,1.164,1.168,0.002,0.1715,932.0,108.704
501302.SH,20171116,1.051,1.059,1.059,1.055,1.056,0.005,0.4757,988.34,104.459
501303.SH,20171116,0.993,0.99,0.999,0.986,0.993,0.0,0.0,2797.0,276.412
502002.SH,20171116,1.1,1.07,1.07,1.07,1.07,-0.03,-2.7273,0.16,0.017
502003.SH,20171116,0.942,0.935,0.937,0.935,0.935,-0.007,-0.7431,318.75,29.851
502004.SH,20171116,0.937,0.944,0.944,0.919,0.921,-0.016,-1.7076,12.0,1.107
502005.SH,20171116,0.951,0.934,0.95,0.93,0.943,-0.008,-0.8412,1603.15,149.802
502006.SH,20171116,1.1,1.095,1.109,1.095,1.106,0.006,0.5455,4928.27,544.291
502007.SH,20171116,1.024,1.026,1.026,1.026,1.026,0.002,0.1953,2500.0,256.5
502008.SH,20171116,1.182,1.169,1.188,1.169,1.188,0.006,0.5076,2524.63,297.262
502010.SH,20171116,1.155,1.149,1.149,1.149,1.149,-0.006,-0.5195,2.05,0.236
502011.SH,20171116,0.944,0.921,0.938,0.921,0.938,-0.006,-0.6356,445.0,41.007
502012.SH,20171116,1.372,1.371,1.39,1.36,1.36,-0.012,-0.8746,1017.75,139.397
502013.SH,20171116,0.907,0.906,0.915,0.904,0.909,0.002,0.2205,11257.73,1022.979
502014.SH,20171116,1.022,1.024,1.024,0.94,0.94,-0.082,-8.0235,4427.43,450.804
502015.SH,20171116,0.791,0.79,0.81,0.789,0.805,0.014,1.7699,19709.8,1577.499
502020.SH,20171116,1.045,1.0,1.04,1.0,1.022,-0.023,-2.201,3944.42,400.768
502021.SH,20171116,1.035,0.986,0.986,0.975,0.978,-0.057,-5.5072,5637.0,553.564
502022.SH,20171116,1.198,1.313,1.313,1.1,1.101,-0.097,-8.0968,3053.5,344.633
502023.SH,20171116,1.071,1.059,1.082,1.059,1.078,0.007,0.6536,7.0,0.752
502024.SH,20171116,1.087,0.979,0.979,0.979,0.979,-0.108,-9.9356,1.0,0.098
502025.SH,20171116,1.017,1.024,1.024,1.024,1.024,0.007,0.6883,318.0,32.563
502026.SH,20171116,0.837,0.819,0.833,0.815,0.828,-0.009,-1.0753,309.0,25.25
502036.SH,20171116,1.047,1.019,1.039,1.019,1.034,-0.013,-1.2416,13.0,1.331
502041.SH,20171116,1.012,0.994,1.029,0.994,0.996,-0.016,-1.581,1936.0,192.472
502048.SH,20171116,1.413,1.439,1.439,1.415,1.428,0.015,1.0616,2570.65,366.086
502049.SH,20171116,1.016,1.03,1.031,0.985,0.988,-0.028,-2.7559,472.17,47.679
502050.SH,20171116,1.82,1.825,1.879,1.82,1.867,0.047,2.5824,16425.58,3035.999
502053.SH,20171116,0.96,0.96,0.969,0.951,0.951,-0.009,-0.9375,856.0,82.48
502055.SH,20171116,0.9,0.89,0.916,0.87,0.87,-0.03,-3.3333,1436.0,127.272
502056.SH,20171116,1.034,1.03,1.048,1.03,1.042,0.008,0.7737,28.0,2.919
502057.SH,20171116,1.035,1.043,1.043,1.035,1.042,0.007,0.6763,2700.0,280.603
502058.SH,20171116,1.025,1.039,1.049,1.028,1.049,0.024,2.3415,2697.64,281.347
505888.SH,20171116,1.069,1.069,1.069,1.061,1.063,-0.006,-0.5613,420901.16,44763.468
510010.SH,20171116,1.18,1.179,1.185,1.178,1.185,0.005,0.4237,40.0,4.718
510020.SH,20171116,2.85,2.85,2.851,2.82,2.824,-0.026,-0.9123,3212.1,907.721
510030.SH,20171116,5.056,5.027,5.047,5.027,5.047,-0.009,-0.178,100.0,50.468
510050.SH,20171116,2.901,2.895,2.935,2.893,2.932,0.031,1.0686,4311724.92,1257602.101
510060.SH,20171116,1.874,1.85,1.879,1.85,1.871,-0.003,-0.1601,1345.94,251.747
510070.SH,20171116,1.908,1.905,1.905,1.905,1.905,-0.003,-0.1572,5.0,0.953
510090.SH,20171116,1.725,1.665,1.789,1.665,1.781,0.056,3.2464,175.0,31.091
510110.SH,20171116,3.66,3.704,3.704,3.648,3.699,0.039,1.0656,193.33,70.994
510120.SH,20171116,3.122,3.098,3.098,3.095,3.095,-0.027,-0.8648,5.0,1.548
510130.SH,20171116,4.105,4.105,4.12,4.105,4.12,0.015,0.3654,22.18,9.115
510150.SH,20171116,5.16,5.21,5.21,5.16,5.162,0.002,0.0388,205.0,105.871
510160.SH,20171116,0.631,0.629,0.633,0.628,0.631,0.0,0.0,49520.0,3123.895
510170.SH,20171116,2.094,2.057,2.057,2.013,2.03,-0.064,-3.0564,259.0,52.406
510180.SH,20171116,3.483,3.507,3.512,3.48,3.507,0.024,0.6891,79897.0,27907.433
510190.SH,20171116,3.829,3.8,3.84,3.742,3.84,0.011,0.2873,351.2,132.029
510210.SH,20171116,4.01,3.9,4.06,3.9,4.06,0.05,1.2469,283.0,111.152
510220.SH,20171116,4.297,4.27,4.296,4.27,4.276,-0.021,-0.4887,29.0,12.393
510230.SH,20171116,6.404,6.381,6.445,6.381,6.441,0.037,0.5778,6022.0,3872.621
510260.SH,20171116,1.292,1.292,1.292,1.254,1.28,-0.012,-0.9288,264.0,33.937
510270.SH,20171116,1.158,1.157,1.169,1.142,1.169,0.011,0.9499,204.33,23.668
510280.SH,20171116,1.747,1.719,1.743,1.715,1.742,-0.005,-0.2862,215.0,37.013
510290.SH,20171116,1.66,1.656,1.671,1.656,1.67,0.01,0.6024,366.0,60.919
510300.SH,20171116,4.126,4.125,4.169,4.121,4.165,0.039,0.9452,1933054.51,800920.002
510310.SH,20171116,1.734,1.73,1.749,1.728,1.743,0.009,0.519,23377.0,4054.531
510330.SH,20171116,4.415,4.419,4.456,4.413,4.452,0.037,0.8381,10837.45,4804.373
510360.SH,20171116,1.281,1.278,1.29,1.274,1.288,0.007,0.5464,41224.0,5297.018
510410.SH,20171116,0.797,0.792,0.798,0.786,0.791,-0.006,-0.7528,3351.0,265.038
510420.SH,20171116,1.557,1.536,1.536,1.533,1.536,-0.021,-1.3487,69.0,10.583
510430.SH,20171116,1.54,1.54,1.548,1.54,1.547,0.007,0.4545,1641.0,252.735
510500.SH,20171116,6.875,6.871,6.912,6.853,6.893,0.018,0.2618,461569.92,318038.899
510510.SH,20171116,1.812,1.812,1.823,1.808,1.821,0.009,0.4967,52532.0,9536.995
510520.SH,20171116,1.681,1.687,1.687,1.687,1.687,0.006,0.3569,1.0,0.169
510560.SH,20171116,1.395,1.381,1.381,1.381,1.381,-0.014,-1.0036,1.0,0.138
510580.SH,20171116,6.518,6.517,6.52,6.5,6.517,-0.001,-0.0153,60.0,39.099
510630.SH,20171116,2.383,2.383,2.42,2.378,2.418,0.035,1.4687,26140.0,6255.68
510650.SH,20171116,1.828,1.826,1.848,1.826,1.845,0.017,0.93,345.0,63.198
510660.SH,20171116,1.913,1.913,1.95,1.906,1.941,0.028,1.4637,13483.0,2609.945
510680.SH,20171116,2.373,2.341,2.37,2.34,2.363,-0.01,-0.4214,24.0,5.633
510710.SH,20171116,3.001,2.999,3.029,2.994,3.029,0.028,0.933,4834.0,1456.764
510810.SH,20171116,1.038,1.035,1.043,1.033,1.033,-0.005,-0.4817,654891.87,67816.87
510880.SH,20171116,3.124,3.123,3.126,3.113,3.123,-0.001,-0.032,35884.0,11188.797
510900.SH,20171116,1.24,1.241,1.25,1.239,1.249,0.009,0.7258,14291725.1,1777279.784
511010.SH,20171116,109.129,109.18,109.315,109.16,109.251,0.122,0.1118,17969.0,196258.168
511220.SH,20171116,91.56,91.58,91.615,91.509,91.612,0.052,0.0568,3727.0,34139.332
511230.SH,20171116,115.265,103.739,103.739,103.739,103.739,-11.526,-9.9996,15.1,156.646
511260.SH,20171116,98.288,98.288,98.398,98.0,98.0,-0.288,-0.293,3808.2,37323.704
511600.SH,20171116,100.001,99.999,100.015,99.999,100.014,0.013,0.013,2035.44,20355.315
511620.SH,20171116,99.91,99.882,99.975,99.882,99.975,0.065,0.0651,2.1,20.995
511650.SH,20171116,99.992,99.99,99.995,99.986,99.993,0.001,0.001,9807.98,98070.836
511660.SH,20171116,99.994,99.986,100.0,99.986,99.999,0.005,0.005,226112.54,2261014.375
511670.SH,20171116,99.991,99.981,99.993,99.981,99.992,0.001,0.001,882.43,8823.507
511680.SH,20171116,99.989,99.99,99.991,99.959,99.991,0.002,0.002,714.02,7138.956
511690.SH,20171116,99.995,99.988,99.998,99.986,99.997,0.002,0.002,51942.08,519383.056
511700.SH,20171116,100.012,100.012,100.028,100.007,100.021,0.009,0.009,3099.63,31001.061
511760.SH,20171116,99.986,99.984,99.984,99.984,99.984,-0.002,-0.002,14.0,139.978
511770.SH,20171116,99.994,99.986,99.998,99.985,99.998,0.004,0.004,784.58,7845.26
511800.SH,20171116,99.996,99.992,100.0,99.984,100.0,0.004,0.004,1315.81,13157.373
511810.SH,20171116,99.993,99.99,99.999,99.987,99.999,0.006,0.006,137056.71,1370468.086
511820.SH,20171116,99.994,99.991,99.995,99.984,99.994,0.0,0.0,44883.94,448790.365
511830.SH,20171116,99.992,99.989,99.997,99.989,99.997,0.005,0.005,1475.15,14750.643
511850.SH,20171116,99.997,99.995,100.005,99.993,100.004,0.007,0.007,13435.05,134350.002
511860.SH,20171116,99.991,99.986,99.997,99.986,99.991,0.0,0.0,997.76,9976.683
511880.SH,20171116,103.198,103.201,103.218,103.2,103.216,0.018,0.0174,1260869.02,13013139.939
511900.SH,20171116,99.993,99.992,100.002,99.987,100.002,0.009,0.009,46487.59,464848.698
511910.SH,20171116,99.993,99.99,99.994,99.99,99.994,0.001,0.001,164.61,1645.983
511920.SH,20171116,99.99,100.0,100.0,100.0,100.0,0.01,0.01,1.65,16.5
511930.SH,20171116,99.991,99.994,99.994,99.994,99.994,0.003,0.003,1.0,9.999
511950.SH,20171116,99.987,99.989,99.992,99.989,99.99,0.003,0.003,34.1,340.967
511960.SH,20171116,99.99,99.987,99.994,99.986,99.993,0.003,0.003,304.03,3040.008
511970.SH,20171116,99.991,99.99,99.993,99.989,99.993,0.002,0.002,979.07,9789.862
511980.SH,20171116,99.996,99.988,99.999,99.984,99.996,0.0,0.0,4344.85,43443.496
511990.SH,20171116,99.995,99.989,100.01,99.987,100.006,0.011,0.011,1457895.4,14578282.203
512000.SH,20171116,0.991,0.987,0.99,0.975,0.975,-0.016,-1.6145,87885.0,8628.983
512010.SH,20171116,1.658,1.652,1.686,1.652,1.685,0.027,1.6285,4509.0,755.316
512070.SH,20171116,2.153,2.16,2.188,2.16,2.18,0.027,1.2541,10015.0,2174.903
512100.SH,20171116,0.878,0.875,0.88,0.875,0.876,-0.002,-0.2278,2594.0,227.66
512120.SH,20171116,1.604,1.605,1.636,1.605,1.636,0.032,1.995,24985.7,4054.158
512200.SH,20171116,0.948,0.944,0.959,0.944,0.955,0.007,0.7384,42147.0,4023.431
512210.SH,20171116,2.112,2.119,2.175,2.119,2.158,0.046,2.178,498.0,106.893
512220.SH,20171116,1.581,1.58,1.58,1.56,1.56,-0.021,-1.3283,169.0,26.43
512230.SH,20171116,1.436,1.432,1.456,1.432,1.439,0.003,0.2089,214.0,30.86
512300.SH,20171116,1.271,1.274,1.299,1.274,1.299,0.028,2.203,8206.0,1056.5
512310.SH,20171116,0.7,0.701,0.701,0.7,0.7,0.0,0.0,119.0,8.331
512330.SH,20171116,0.888,0.883,0.892,0.883,0.89,0.002,0.2252,1407.0,125.416
512340.SH,20171116,0.942,0.939,0.944,0.937,0.941,-0.001,-0.1062,3639.0,343.109
512400.SH,20171116,0.919,0.92,0.923,0.91,0.91,-0.009,-0.9793,49480.0,4533.557
512500.SH,20171116,3.167,3.168,3.192,3.159,3.171,0.004,0.1263,1648.96,523.247
512510.SH,20171116,1.349,1.349,1.357,1.345,1.355,0.006,0.4448,8174.16,1107.6
512550.SH,20171116,1.105,1.101,1.115,1.1,1.114,0.009,0.8145,94108.0,10418.183
512560.SH,20171116,1.0,0.998,1.008,0.996,1.005,0.005,0.5,1341.0,133.797
512570.SH,20171116,0.99,0.981,0.989,0.981,0.982,-0.008,-0.8081,3663.0,360.233
512580.SH,20171116,1.068,1.067,1.071,1.061,1.069,0.001,0.0936,13639.0,1455.564
512600.SH,20171116,2.292,2.289,2.372,2.289,2.37,0.078,3.4031,1874.0,433.768
512610.SH,20171116,1.575,1.591,1.615,1.591,1.615,0.04,2.5397,1473.0,236.463
512660.SH,20171116,0.896,0.896,0.898,0.891,0.892,-0.004,-0.4464,117518.0,10505.442
512680.SH,20171116,0.872,0.87,0.876,0.869,0.87,-0.002,-0.2294,8711.0,759.15
512700.SH,20171116,1.013,1.011,1.011,1.007,1.009,-0.004,-0.3949,6765.0,681.945
512800.SH,20171116,1.0,1.0,1.0,0.991,0.993,-0.007,-0.7,99271.0,9859.741
512810.SH,20171116,0.866,0.865,0.867,0.861,0.861,-0.005,-0.5774,5182.0,447.359
512880.SH,20171116,1.046,1.045,1.045,1.027,1.028,-0.018,-1.7208,507156.0,52536.781
512900.SH,20171116,0.998,0.997,0.997,0.98,0.982,-0.016,-1.6032,98430.0,9739.879
512990.SH,20171116,1.196,1.191,1.204,1.19,1.204,0.008,0.6689,43551.0,5217.442
513030.SH,20171116,1.151,1.155,1.156,1.151,1.154,0.003,0.2606,9131.0,1052.863
513050.SH,20171116,1.482,1.484,1.49,1.48,1.488,0.006,0.4049,150239.0,22323.786
513100.SH,20171116,2.185,2.18,2.18,2.171,2.177,-0.008,-0.3661,19494.69,4242.302
513500.SH,20171116,1.574,1.571,1.573,1.563,1.572,-0.002,-0.1271,11720.0,1839.718
513600.SH,20171116,2.566,2.566,2.578,2.556,2.562,-0.004,-0.1559,4436.36,1139.376
513660.SH,20171116,2.551,2.553,2.563,2.539,2.563,0.012,0.4704,4133.0,1055.901
518800.SH,20171116,2.731,2.73,2.73,2.721,2.724,-0.007,-0.2563,1009569.91,275012.901
518880.SH,20171116,2.724,2.721,2.723,2.717,2.719,-0.005,-0.1836,9968618.0,2711614.54
