ts_code,trade_date,pre_close,open,high,low,close,change,pct_chg,vol,amount
150008.SZ,20171012,1.3,1.297,1.298,1.26,1.295,-0.005,-0.3846,245.17,31.767
150009.SZ,20171012,1.199,1.206,1.206,1.19,1.205,0.006,0.5004,131.0,15.783
150012.SZ,20171012,1.028,1.027,1.028,1.027,1.028,0.0,0.0,1481.69,152.267
150013.SZ,20171012,1.436,1.41,1.446,1.41,1.445,0.009,0.6267,1090.11,156.532
150016.SZ,20171012,1.105,1.093,1.118,1.093,1.118,0.013,1.1765,433.31,47.971
150017.SZ,20171012,1.286,1.287,1.294,1.278,1.294,0.008,0.6221,3012.98,388.172
150018.SZ,20171012,1.038,1.04,1.043,1.036,1.042,0.004,0.3854,66375.05,6909.224
150019.SZ,20171012,1.103,1.102,1.107,1.094,1.101,-0.002,-0.1813,336669.39,37051.287
150020.SZ,20171012,1.071,1.071,1.071,1.07,1.071,0.0,0.0,3112.0,333.285
150021.SZ,20171012,1.051,1.052,1.053,1.051,1.052,0.001,0.0951,4748.83,499.441
150022.SZ,20171012,0.837,0.836,0.837,0.835,0.836,-0.001,-0.1195,82874.58,6927.281
150023.SZ,20171012,0.433,0.432,0.434,0.429,0.432,-0.001,-0.2309,201359.01,8694.21
150028.SZ,20171012,0.999,0.997,0.999,0.997,0.999,0.0,0.0,749.69,74.828
150029.SZ,20171012,1.593,1.59,1.59,1.577,1.582,-0.011,-0.6905,1050.54,166.229
150030.SZ,20171012,1.005,1.028,1.03,1.028,1.03,0.025,2.4876,11.16,1.148
150031.SZ,20171012,1.374,1.333,1.369,1.333,1.369,-0.005,-0.3639,96.32,12.849
150032.SZ,20171012,1.019,1.019,1.02,1.019,1.02,0.001,0.0981,7000.0,713.45
150033.SZ,20171012,0.974,0.968,0.977,0.968,0.974,0.0,0.0,3429.0,333.81
150036.SZ,20171012,0.986,1.069,1.07,0.94,1.07,0.084,8.5193,136.0,14.537
150037.SZ,20171012,1.878,1.883,1.89,1.883,1.889,0.011,0.5857,178.0,33.576
150048.SZ,20171012,1.178,1.18,1.18,1.163,1.177,-0.001,-0.0849,603.0,70.214
150049.SZ,20171012,0.979,0.978,0.978,0.978,0.978,-0.001,-0.1021,130.0,12.714
150050.SZ,20171012,1.398,1.388,1.399,1.384,1.399,0.001,0.0715,788.0,109.99
150051.SZ,20171012,0.987,0.987,0.987,0.981,0.986,-0.001,-0.1013,2413.41,238.122
150052.SZ,20171012,1.761,1.77,1.774,1.758,1.767,0.006,0.3407,6336.86,1118.738
150054.SZ,20171012,1.112,1.096,1.17,1.096,1.106,-0.006,-0.5396,550.04,62.748
150055.SZ,20171012,1.052,1.07,1.07,1.07,1.07,0.018,1.711,500.0,53.5
150056.SZ,20171012,1.57,1.562,1.57,1.562,1.562,-0.008,-0.5096,201.0,31.397
150057.SZ,20171012,1.141,1.166,1.22,1.135,1.135,-0.006,-0.5259,28.93,3.426
150058.SZ,20171012,1.125,1.122,1.169,1.122,1.169,0.044,3.9111,101.72,11.65
150059.SZ,20171012,1.077,0.982,1.075,0.982,1.013,-0.064,-5.9424,203.0,21.136
150060.SZ,20171012,1.458,1.431,1.451,1.427,1.446,-0.012,-0.823,598.18,86.171
150064.SZ,20171012,1.017,1.017,1.017,1.017,1.017,0.0,0.0,2000.0,203.4
150065.SZ,20171012,1.098,1.097,1.098,1.097,1.098,0.0,0.0,3.37,0.369
150066.SZ,20171012,0.896,0.886,0.895,0.886,0.895,-0.001,-0.1116,331.0,29.534
150073.SZ,20171012,1.028,1.03,1.03,1.027,1.027,-0.001,-0.0973,205.0,21.113
150075.SZ,20171012,1.304,1.299,1.299,1.291,1.291,-0.013,-0.9969,222.0,28.805
150083.SZ,20171012,1.1,1.1,1.1,1.1,1.1,0.0,0.0,89.0,9.79
150084.SZ,20171012,1.301,1.301,1.301,1.301,1.301,0.0,0.0,49.0,6.374
150092.SZ,20171012,1.139,1.14,1.14,1.14,1.14,0.001,0.0878,4.0,0.456
150093.SZ,20171012,1.022,1.022,1.022,0.963,0.963,-0.059,-5.773,1.3,0.126
150095.SZ,20171012,0.63,0.693,0.693,0.567,0.598,-0.032,-5.0794,175.0,9.944
150101.SZ,20171012,1.727,1.72,1.72,1.664,1.691,-0.036,-2.0845,4529.09,762.905
150104.SZ,20171012,1.076,1.064,1.064,1.021,1.06,-0.016,-1.487,3.09,0.327
150105.SZ,20171012,1.64,1.67,1.67,1.67,1.67,0.03,1.8293,223.0,37.241
150106.SZ,20171012,1.06,1.062,1.062,1.056,1.056,-0.004,-0.3774,1400.66,148.269
150107.SZ,20171012,1.214,1.2,1.22,1.2,1.214,0.0,0.0,6654.64,805.5
150112.SZ,20171012,1.003,1.03,1.031,1.03,1.03,0.027,2.6919,321.25,33.098
150113.SZ,20171012,1.74,1.688,1.747,1.688,1.747,0.007,0.4023,342.94,59.61
150117.SZ,20171012,1.036,1.036,1.038,1.036,1.036,0.0,0.0,31363.13,3249.419
150118.SZ,20171012,0.536,0.533,0.537,0.523,0.531,-0.005,-0.9328,127740.74,6770.801
150121.SZ,20171012,1.028,1.028,1.028,1.028,1.028,0.0,0.0,120.0,12.336
150122.SZ,20171012,1.51,1.51,1.52,1.51,1.52,0.01,0.6623,120.0,18.14
150124.SZ,20171012,2.364,2.359,2.379,2.359,2.372,0.008,0.3384,929.0,220.421
150130.SZ,20171012,1.065,1.065,1.067,1.061,1.065,0.0,0.0,215145.14,22913.005
150131.SZ,20171012,0.592,0.593,0.6,0.585,0.592,0.0,0.0,612166.71,36162.498
150135.SZ,20171012,1.02,1.018,1.018,1.015,1.018,-0.002,-0.1961,2270.0,230.486
150136.SZ,20171012,0.942,0.949,0.95,0.949,0.95,0.008,0.8493,178.0,16.902
150143.SZ,20171012,1.024,1.025,1.025,1.024,1.025,0.001,0.0977,15056.0,1542.735
150144.SZ,20171012,0.697,0.683,0.699,0.683,0.695,-0.002,-0.2869,3464.11,240.225
150145.SZ,20171012,1.01,1.01,1.01,1.01,1.01,0.0,0.0,1916.0,193.516
150146.SZ,20171012,0.519,0.527,0.527,0.508,0.524,0.005,0.9634,175.0,9.22
150148.SZ,20171012,1.08,1.08,1.085,1.079,1.08,0.0,0.0,12724.0,1373.785
150149.SZ,20171012,0.732,0.731,0.735,0.725,0.733,0.001,0.1366,7825.88,572.313
150151.SZ,20171012,1.692,1.576,1.738,1.576,1.708,0.016,0.9456,472.56,78.92
150152.SZ,20171012,1.011,1.01,1.012,1.01,1.011,0.0,0.0,98973.3,10008.793
150153.SZ,20171012,0.685,0.684,0.689,0.67,0.678,-0.007,-1.0219,1630240.8,110875.72
150157.SZ,20171012,0.997,0.997,0.999,0.996,0.997,0.0,0.0,15487.0,1544.433
150158.SZ,20171012,1.089,1.083,1.103,1.083,1.101,0.012,1.1019,35272.52,3862.462
150164.SZ,20171012,0.979,0.979,0.999,0.979,0.979,0.0,0.0,3886.02,380.52
150165.SZ,20171012,0.793,0.8,0.8,0.789,0.797,0.004,0.5044,1136.71,90.359
150167.SZ,20171012,1.08,1.064,1.064,1.047,1.064,-0.016,-1.4815,841.0,88.164
150168.SZ,20171012,0.898,0.823,0.929,0.823,0.91,0.012,1.3363,263.0,23.867
150169.SZ,20171012,0.995,0.995,0.995,0.991,0.991,-0.004,-0.402,10018.0,994.152
150170.SZ,20171012,1.403,1.393,1.404,1.392,1.403,0.0,0.0,6669.0,932.011
150171.SZ,20171012,0.964,0.964,0.965,0.962,0.963,-0.001,-0.1037,33556.6,3230.907
150172.SZ,20171012,1.25,1.251,1.256,1.235,1.237,-0.013,-1.04,195772.33,24395.867
150173.SZ,20171012,0.984,0.985,0.985,0.978,0.983,-0.001,-0.1016,4976.15,489.351
150174.SZ,20171012,0.682,0.686,0.693,0.678,0.687,0.005,0.7331,10073.68,690.957
150175.SZ,20171012,0.974,0.973,0.974,0.971,0.972,-0.002,-0.2053,172047.04,16731.461
150176.SZ,20171012,1.082,1.078,1.092,1.072,1.089,0.007,0.647,196185.0,21301.532
150177.SZ,20171012,1.029,1.008,1.05,1.008,1.05,0.021,2.0408,2.0,0.205
150178.SZ,20171012,1.613,1.611,1.617,1.602,1.614,0.001,0.062,7483.89,1206.12
150179.SZ,20171012,1.014,1.015,1.023,1.009,1.023,0.009,0.8876,1834.24,185.298
150180.SZ,20171012,1.53,1.469,1.553,1.469,1.511,-0.019,-1.2418,556.44,84.529
150181.SZ,20171012,0.973,0.972,0.973,0.972,0.973,0.0,0.0,242854.21,23619.105
150182.SZ,20171012,0.936,0.932,0.974,0.93,0.959,0.023,2.4573,550706.85,52647.191
150184.SZ,20171012,0.982,1.019,1.026,1.019,1.026,0.044,4.4807,5212.81,532.212
150185.SZ,20171012,0.936,0.941,0.941,0.925,0.933,-0.003,-0.3205,30118.21,2809.825
150186.SZ,20171012,0.95,0.949,0.949,0.942,0.949,-0.001,-0.1053,2576.0,244.265
150187.SZ,20171012,0.7,0.696,0.726,0.696,0.719,0.019,2.7143,29773.26,2131.17
150188.SZ,20171012,1.014,1.014,1.015,1.013,1.015,0.001,0.0986,1293.67,131.264
150189.SZ,20171012,0.891,0.867,0.88,0.867,0.875,-0.016,-1.7957,62.87,5.516
150190.SZ,20171012,1.04,1.038,1.043,1.038,1.043,0.003,0.2885,1247.69,129.92
150191.SZ,20171012,1.292,1.268,1.292,1.26,1.271,-0.021,-1.6254,1032.58,131.177
150192.SZ,20171012,1.06,1.011,1.073,1.011,1.073,0.013,1.2264,26.31,2.796
150193.SZ,20171012,1.109,1.113,1.124,1.109,1.124,0.015,1.3526,578.07,64.221
150194.SZ,20171012,1.007,1.001,1.03,1.0,1.016,0.009,0.8937,23576.2,2383.183
150195.SZ,20171012,1.261,1.26,1.269,1.253,1.268,0.007,0.5551,58499.97,7393.53
150196.SZ,20171012,1.082,1.08,1.108,1.08,1.091,0.009,0.8318,172.52,18.911
150197.SZ,20171012,1.424,1.412,1.435,1.375,1.433,0.009,0.632,155853.07,21875.437
150198.SZ,20171012,1.124,1.141,1.176,1.141,1.147,0.023,2.0463,2035.77,233.397
150199.SZ,20171012,1.266,1.255,1.267,1.223,1.242,-0.024,-1.8957,41297.41,5124.324
150200.SZ,20171012,0.973,0.973,0.973,0.972,0.973,0.0,0.0,873791.14,84977.902
150201.SZ,20171012,0.562,0.562,0.566,0.552,0.556,-0.006,-1.0676,3612410.31,201653.997
150203.SZ,20171012,1.008,0.98,1.004,0.98,1.004,-0.004,-0.3968,406.81,39.869
150204.SZ,20171012,0.872,0.875,0.876,0.861,0.876,0.004,0.4587,3231.14,281.433
150205.SZ,20171012,0.964,0.964,0.964,0.96,0.962,-0.002,-0.2075,13225.29,1270.929
150206.SZ,20171012,1.071,1.066,1.133,1.064,1.116,0.045,4.2017,300233.01,33230.62
150207.SZ,20171012,1.018,1.018,1.018,1.018,1.018,0.0,0.0,0.02,0.002
150208.SZ,20171012,0.528,0.524,0.529,0.524,0.529,0.001,0.1894,1384.83,72.846
150209.SZ,20171012,0.983,0.983,0.983,0.981,0.983,0.0,0.0,90328.14,8872.059
150210.SZ,20171012,0.929,0.932,0.932,0.922,0.929,0.0,0.0,145329.94,13459.32
150211.SZ,20171012,1.011,1.01,1.013,1.009,1.011,0.0,0.0,56482.35,5713.431
150212.SZ,20171012,0.956,0.945,0.953,0.921,0.943,-0.013,-1.3598,145333.82,13675.695
150213.SZ,20171012,1.033,1.012,1.036,1.012,1.033,0.0,0.0,4019.0,416.317
150214.SZ,20171012,0.484,0.484,0.485,0.468,0.476,-0.008,-1.6529,72845.0,3477.773
150215.SZ,20171012,1.199,1.199,1.199,1.199,1.199,0.0,0.0,9.0,1.079
150216.SZ,20171012,1.285,1.256,1.292,1.256,1.29,0.005,0.3891,131.71,16.57
150217.SZ,20171012,0.996,0.982,0.994,0.982,0.994,-0.002,-0.2008,121.64,12.083
150218.SZ,20171012,0.781,0.773,0.78,0.77,0.78,-0.001,-0.128,13881.32,1074.379
150219.SZ,20171012,1.225,1.138,1.138,1.138,1.138,-0.087,-7.102,2.0,0.227
150220.SZ,20171012,0.857,0.857,0.86,0.85,0.852,-0.005,-0.5834,20500.02,1754.311
150221.SZ,20171012,1.13,1.127,1.129,1.121,1.128,-0.002,-0.177,39896.05,4493.946
150222.SZ,20171012,0.493,0.491,0.523,0.49,0.522,0.029,5.8824,2021110.89,103114.901
150223.SZ,20171012,1.12,1.122,1.122,1.117,1.119,-0.001,-0.0893,72309.53,8087.515
150224.SZ,20171012,0.989,0.99,0.994,0.982,0.982,-0.007,-0.7078,126377.39,12480.593
150227.SZ,20171012,0.978,0.978,0.978,0.976,0.977,-0.001,-0.1022,403088.84,39365.541
150228.SZ,20171012,0.973,0.973,0.979,0.97,0.977,0.004,0.4111,307198.32,29967.606
150229.SZ,20171012,1.066,1.074,1.074,1.06,1.06,-0.006,-0.5629,1260.0,134.332
150230.SZ,20171012,1.485,1.47,1.478,1.446,1.474,-0.011,-0.7407,1886.0,274.812
150231.SZ,20171012,1.04,1.043,1.144,1.043,1.073,0.033,3.1731,9793.0,1050.729
150232.SZ,20171012,1.285,1.298,1.305,1.279,1.298,0.013,1.0117,1918.36,248.992
150233.SZ,20171012,0.953,0.949,0.949,0.949,0.949,-0.004,-0.4197,89.0,8.446
150234.SZ,20171012,1.206,1.22,1.22,1.22,1.22,0.014,1.1609,1.0,0.122
150235.SZ,20171012,1.034,1.039,1.04,1.037,1.039,0.005,0.4836,8517.69,883.661
150236.SZ,20171012,0.942,0.941,0.946,0.933,0.936,-0.006,-0.6369,17962.55,1686.232
150238.SZ,20171012,1.222,1.237,1.237,1.237,1.237,0.015,1.2275,2.0,0.247
150242.SZ,20171012,1.066,1.069,1.069,1.06,1.068,0.002,0.1876,623.0,66.288
150243.SZ,20171012,1.044,1.039,1.039,1.036,1.038,-0.006,-0.5747,2252.66,233.797
150244.SZ,20171012,0.718,0.713,0.719,0.701,0.715,-0.003,-0.4178,61281.65,4358.286
150246.SZ,20171012,1.082,1.083,1.083,1.083,1.083,0.001,0.0924,1.0,0.108
150247.SZ,20171012,1.02,1.012,1.019,1.012,1.018,-0.002,-0.1961,3462.14,351.852
150248.SZ,20171012,0.916,0.922,0.922,0.907,0.917,0.001,0.1092,10528.81,964.821
150249.SZ,20171012,1.014,1.014,1.014,1.014,1.014,0.0,0.0,252.0,25.552
150250.SZ,20171012,1.031,1.031,1.032,1.031,1.032,0.001,0.097,452.0,46.626
150251.SZ,20171012,1.051,1.031,1.051,1.031,1.046,-0.005,-0.4757,274.0,28.307
150252.SZ,20171012,1.528,1.507,1.536,1.486,1.536,0.008,0.5236,7059.14,1061.806
150255.SZ,20171012,0.952,0.951,0.952,0.95,0.952,0.0,0.0,9035.07,858.869
150256.SZ,20171012,0.951,0.951,0.952,0.951,0.952,0.001,0.1052,361.0,34.342
150257.SZ,20171012,0.988,0.95,0.984,0.95,0.983,-0.005,-0.5061,132.4,12.808
150258.SZ,20171012,1.16,1.141,1.187,1.141,1.149,-0.011,-0.9483,88.78,10.496
150259.SZ,20171012,0.954,0.954,0.954,0.95,0.954,0.0,0.0,767.31,73.112
150260.SZ,20171012,0.765,0.76,0.764,0.756,0.764,-0.001,-0.1307,812.82,61.92
150261.SZ,20171012,1.042,1.038,1.042,1.022,1.041,-0.001,-0.096,11608.26,1207.373
150262.SZ,20171012,0.896,0.897,0.905,0.877,0.903,0.007,0.7813,35507.45,3157.657
150264.SZ,20171012,0.517,0.527,0.527,0.51,0.52,0.003,0.5803,182.0,9.297
150265.SZ,20171012,1.097,1.071,1.098,1.071,1.096,-0.001,-0.0912,197.09,21.619
150266.SZ,20171012,1.348,1.356,1.356,1.335,1.345,-0.003,-0.2226,597.29,79.851
150267.SZ,20171012,1.044,1.006,1.047,1.006,1.032,-0.012,-1.1494,918.02,94.568
150268.SZ,20171012,1.02,1.0,1.015,1.0,1.015,-0.005,-0.4902,1455.0,145.787
150269.SZ,20171012,0.937,0.937,0.938,0.936,0.937,0.0,0.0,86718.0,8125.172
150270.SZ,20171012,1.241,1.22,1.22,1.166,1.183,-0.058,-4.6737,99002.73,11779.237
150272.SZ,20171012,1.168,1.153,1.153,1.125,1.125,-0.043,-3.6815,176.0,20.114
150273.SZ,20171012,0.95,0.951,0.956,0.951,0.953,0.003,0.3158,754.0,71.736
150274.SZ,20171012,0.697,0.684,0.697,0.684,0.689,-0.008,-1.1478,1717.05,119.079
150275.SZ,20171012,0.973,0.973,0.973,0.972,0.973,0.0,0.0,11011.67,1071.253
150276.SZ,20171012,0.633,0.636,0.636,0.625,0.63,-0.003,-0.4739,33627.12,2121.754
150277.SZ,20171012,0.942,0.943,0.943,0.94,0.942,0.0,0.0,2888.18,272.14
150278.SZ,20171012,0.585,0.581,0.581,0.573,0.577,-0.008,-1.3675,8031.1,463.896
150280.SZ,20171012,0.915,0.88,0.904,0.879,0.904,-0.011,-1.2022,36.0,3.179
150282.SZ,20171012,0.644,0.644,0.644,0.603,0.638,-0.006,-0.9317,1231.87,76.125
150283.SZ,20171012,0.953,0.948,0.952,0.948,0.952,-0.001,-0.1049,442.01,42.075
150284.SZ,20171012,0.877,0.877,0.88,0.877,0.88,0.003,0.3421,418.06,36.664
150287.SZ,20171012,1.037,1.038,1.038,1.037,1.037,0.0,0.0,1723.0,178.825
150288.SZ,20171012,0.834,0.826,0.855,0.814,0.849,0.015,1.7986,132535.87,11058.212
150289.SZ,20171012,1.04,1.04,1.04,1.038,1.04,0.0,0.0,10554.67,1095.672
150290.SZ,20171012,0.649,0.651,0.653,0.614,0.631,-0.018,-2.7735,370872.92,23300.518
150291.SZ,20171012,1.042,1.042,1.042,1.041,1.042,0.0,0.0,10047.0,1046.877
150292.SZ,20171012,0.796,0.793,0.793,0.788,0.79,-0.006,-0.7538,1544.09,121.984
150293.SZ,20171012,1.034,1.034,1.034,1.034,1.034,0.0,0.0,1995.0,206.283
150295.SZ,20171012,1.01,1.011,1.011,1.01,1.011,0.001,0.099,8141.21,822.808
150296.SZ,20171012,1.013,1.013,1.013,1.007,1.011,-0.002,-0.1974,249.38,25.211
150297.SZ,20171012,1.081,1.08,1.088,1.079,1.088,0.007,0.6475,2201.63,237.924
150298.SZ,20171012,0.577,0.577,0.583,0.576,0.576,-0.001,-0.1733,5847.0,339.452
150299.SZ,20171012,1.043,1.044,1.044,1.043,1.043,0.0,0.0,14470.0,1509.36
150300.SZ,20171012,0.74,0.74,0.744,0.738,0.74,0.0,0.0,54044.0,4001.742
150303.SZ,20171012,1.021,1.026,1.028,1.026,1.026,0.005,0.4897,608.0,62.388
150304.SZ,20171012,0.947,0.951,0.956,0.94,0.948,0.001,0.1056,19918.47,1889.82
150305.SZ,20171012,1.045,1.034,1.045,1.034,1.044,-0.001,-0.0957,1305.0,136.285
150306.SZ,20171012,0.566,0.567,0.569,0.566,0.566,0.0,0.0,2509.0,142.328
150307.SZ,20171012,0.963,0.962,0.964,0.962,0.964,0.001,0.1038,98.7,9.514
150308.SZ,20171012,1.129,1.128,1.134,1.128,1.129,0.0,0.0,171.64,19.418
150309.SZ,20171012,1.022,0.972,1.1,0.972,1.1,0.078,7.6321,8.0,0.79
150310.SZ,20171012,0.756,0.752,0.756,0.752,0.753,-0.003,-0.3968,372.49,28.069
150311.SZ,20171012,1.016,1.016,1.016,1.015,1.015,-0.001,-0.0984,295.35,29.998
150312.SZ,20171012,0.894,0.94,0.94,0.86,0.86,-0.034,-3.8031,170.0,15.585
150315.SZ,20171012,1.052,1.046,1.046,1.046,1.046,-0.006,-0.5703,38.0,3.974
150316.SZ,20171012,0.881,0.888,0.893,0.881,0.881,0.0,0.0,3272.04,290.08
150317.SZ,20171012,1.032,1.031,1.031,1.031,1.031,-0.001,-0.0969,100.0,10.31
150321.SZ,20171012,1.168,1.177,1.177,1.165,1.165,-0.003,-0.2568,2.0,0.234
150322.SZ,20171012,1.426,1.421,1.421,1.364,1.382,-0.044,-3.0856,14299.42,1977.312
150323.SZ,20171012,1.038,1.039,1.051,1.023,1.038,0.0,0.0,67.0,6.959
150324.SZ,20171012,0.522,0.51,0.522,0.502,0.509,-0.013,-2.4904,2204.0,112.277
150325.SZ,20171012,1.03,1.029,1.03,1.029,1.029,-0.001,-0.0971,2989.0,307.59
150328.SZ,20171012,1.365,1.367,1.367,1.367,1.367,0.002,0.1465,7.0,0.956
150329.SZ,20171012,0.973,0.974,0.995,0.971,0.975,0.002,0.2055,4293.0,418.101
150330.SZ,20171012,1.464,1.459,1.513,1.457,1.51,0.046,3.1421,27387.09,4073.44
150331.SZ,20171012,1.064,1.063,1.065,1.063,1.065,0.001,0.094,15463.0,1645.973
150332.SZ,20171012,0.49,0.489,0.496,0.484,0.486,-0.004,-0.8163,33576.0,1644.181
150335.SZ,20171012,1.029,1.029,1.03,1.029,1.03,0.001,0.0972,32970.0,3392.639
150336.SZ,20171012,0.416,0.415,0.442,0.415,0.435,0.019,4.5673,89061.12,3835.478
159001.SZ,20171012,100.002,99.998,100.001,99.998,100.001,-0.001,-0.001,33414.25,334139.311
159003.SZ,20171012,100.005,100.0,100.005,99.999,100.002,-0.003,-0.003,58177.18,581773.95
159005.SZ,20171012,100.001,100.0,100.002,99.999,100.002,0.001,0.001,303877.21,3038771.816
159901.SZ,20171012,4.888,4.885,4.9,4.855,4.884,-0.004,-0.0818,31812.22,15505.872
159902.SZ,20171012,3.732,3.733,3.739,3.703,3.72,-0.012,-0.3215,69491.5,25855.64
159903.SZ,20171012,1.226,1.225,1.228,1.218,1.225,-0.001,-0.0816,1738.76,212.517
159905.SZ,20171012,1.594,1.59,1.595,1.587,1.593,-0.001,-0.0627,16842.0,2681.302
159906.SZ,20171012,1.02,1.021,1.036,1.014,1.035,0.015,1.4706,251.0,25.64
159907.SZ,20171012,1.578,1.568,1.576,1.552,1.567,-0.011,-0.6971,691.0,108.073
159908.SZ,20171012,1.466,1.463,1.476,1.458,1.475,0.009,0.6139,545.0,80.165
159909.SZ,20171012,5.429,5.429,5.443,5.288,5.288,-0.141,-2.5972,23.0,12.428
159910.SZ,20171012,1.723,1.721,1.723,1.714,1.723,0.0,0.0,653.0,112.237
159911.SZ,20171012,4.469,4.468,4.475,4.45,4.45,-0.019,-0.4252,193.0,86.109
159912.SZ,20171012,1.403,1.409,1.417,1.403,1.416,0.013,0.9266,537.0,75.889
159913.SZ,20171012,1.776,1.773,1.779,1.771,1.776,0.0,0.0,1973.0,350.195
159915.SZ,20171012,1.814,1.812,1.819,1.799,1.811,-0.003,-0.1654,785692.56,142223.062
159916.SZ,20171012,3.795,3.8,3.8,3.63,3.63,-0.165,-4.3478,40.0,15.115
159918.SZ,20171012,1.931,1.9,1.93,1.9,1.929,-0.002,-0.1036,14.0,2.677
159919.SZ,20171012,4.264,4.267,4.279,4.258,4.275,0.011,0.258,57148.04,24401.369
159920.SZ,20171012,1.517,1.517,1.523,1.514,1.521,0.004,0.2637,1552690.62,235706.05
159921.SZ,20171012,1.568,1.57,1.57,1.555,1.57,0.002,0.1276,1128.02,176.28
159922.SZ,20171012,6.842,6.845,6.848,6.79,6.832,-0.01,-0.1462,390.0,265.882
159923.SZ,20171012,1.564,1.564,1.566,1.555,1.563,-0.001,-0.0639,6469.0,1006.477
159924.SZ,20171012,1.472,1.484,1.507,1.484,1.486,0.014,0.9511,1035.0,155.636
159925.SZ,20171012,1.625,1.624,1.632,1.622,1.63,0.005,0.3077,3290.47,535.181
159926.SZ,20171012,107.398,106.55,106.55,106.55,106.55,-0.848,-0.7896,1.0,10.655
159927.SZ,20171012,3.94,3.939,3.956,3.939,3.956,0.016,0.4061,1821.0,720.334
159928.SZ,20171012,2.137,2.136,2.155,2.1,2.145,0.008,0.3744,3378.0,721.947
159929.SZ,20171012,1.533,1.533,1.543,1.52,1.533,0.0,0.0,5235.0,803.061
159930.SZ,20171012,0.885,0.881,0.882,0.871,0.88,-0.005,-0.565,2908.0,254.786
159931.SZ,20171012,1.678,1.684,1.684,1.666,1.681,0.003,0.1788,189.0,31.742
159932.SZ,20171012,1.843,1.839,1.843,1.833,1.838,-0.005,-0.2713,62.0,11.421
159933.SZ,20171012,1.868,1.872,1.872,1.872,1.872,0.004,0.2141,39.0,7.3
159934.SZ,20171012,2.736,2.74,2.752,2.74,2.747,0.011,0.402,59349.32,16296.72
159935.SZ,20171012,1.773,1.74,1.774,1.74,1.769,-0.004,-0.2256,34.0,5.931
159936.SZ,20171012,1.65,1.642,1.648,1.642,1.648,-0.002,-0.1212,119.0,19.544
159937.SZ,20171012,2.755,2.756,2.767,2.756,2.765,0.01,0.363,120527.0,33300.254
159938.SZ,20171012,1.368,1.369,1.375,1.363,1.368,0.0,0.0,19216.0,2625.809
159939.SZ,20171012,1.176,1.172,1.177,1.168,1.176,0.0,0.0,4470.0,524.58
159940.SZ,20171012,0.948,0.944,0.947,0.944,0.947,-0.001,-0.1055,9142.0,864.799
159941.SZ,20171012,1.302,1.306,1.306,1.303,1.304,0.002,0.1536,1106.0,144.192
159942.SZ,20171012,1.985,1.985,2.0,1.942,1.999,0.014,0.7053,3193.29,630.931
159943.SZ,20171012,11.87,11.84,11.93,11.7,11.887,0.017,0.1432,325.72,386.587
159944.SZ,20171012,1.009,1.006,1.015,1.005,1.01,0.001,0.0991,202.0,20.325
159945.SZ,20171012,0.799,0.799,0.799,0.781,0.794,-0.005,-0.6258,1331.4,104.564
159946.SZ,20171012,1.196,1.185,1.205,1.173,1.2,0.004,0.3344,1436.11,171.91
159948.SZ,20171012,1.975,1.973,2.001,1.972,1.977,0.002,0.1013,16099.63,3189.072
159949.SZ,20171012,0.762,0.761,0.766,0.758,0.762,0.0,0.0,91733.0,6995.01
159950.SZ,20171012,1.127,1.125,1.125,1.125,1.125,-0.002,-0.1775,198.03,22.278
159951.SZ,20171012,1.05,1.037,1.054,1.037,1.041,-0.009,-0.8571,22703.77,2368.28
159952.SZ,20171012,1.068,1.066,1.072,1.061,1.067,-0.001,-0.0936,57734.38,6161.675
159953.SZ,20171012,1.039,1.05,1.051,1.036,1.038,-0.001,-0.0962,18066.14,1875.937
159955.SZ,20171012,1.04,1.038,1.052,1.032,1.04,0.0,0.0,26263.98,2733.527
160105.SZ,20171012,1.081,1.083,1.085,1.078,1.078,-0.003,-0.2775,1601.28,173.496
160106.SZ,20171012,1.402,1.407,1.422,1.397,1.419,0.017,1.2126,2421.63,340.948
160119.SZ,20171012,1.626,1.63,1.637,1.62,1.628,0.002,0.123,723.0,117.411
160125.SZ,20171012,0.979,0.974,0.982,0.974,0.982,0.003,0.3064,1672.2,163.448
160128.SZ,20171012,0.986,0.986,0.987,0.986,0.986,0.0,0.0,3627.0,357.622
160130.SZ,20171012,0.954,0.952,0.952,0.951,0.951,-0.003,-0.3145,44.0,4.185
160131.SZ,20171012,1.003,1.003,1.003,1.001,1.002,-0.001,-0.0997,800.0,80.179
160133.SZ,20171012,2.087,2.097,2.101,2.091,2.1,0.013,0.6229,4481.21,940.551
160138.SZ,20171012,1.069,1.062,1.065,1.062,1.065,-0.004,-0.3742,29.0,3.084
160211.SZ,20171012,3.015,3.02,3.02,2.99,3.001,-0.014,-0.4643,6045.49,1815.439
160212.SZ,20171012,2.94,2.939,2.939,2.905,2.919,-0.021,-0.7143,38257.86,11183.929
160215.SZ,20171012,1.632,1.627,1.63,1.621,1.622,-0.01,-0.6127,10500.25,1706.438
160216.SZ,20171012,0.39,0.39,0.391,0.39,0.39,0.0,0.0,135010.22,5272.444
160220.SZ,20171012,1.329,1.329,1.33,1.329,1.33,0.001,0.0752,802.0,106.589
160223.SZ,20171012,0.885,0.881,0.898,0.881,0.884,-0.001,-0.113,1181.0,104.781
160225.SZ,20171012,1.207,1.2,1.203,1.18,1.197,-0.01,-0.8285,11425.57,1360.396
160311.SZ,20171012,1.516,1.499,1.519,1.491,1.497,-0.019,-1.2533,4408.2,658.418
160314.SZ,20171012,1.129,1.126,1.127,1.121,1.125,-0.004,-0.3543,3796.45,426.25
160322.SZ,20171012,1.287,1.288,1.288,1.264,1.284,-0.003,-0.2331,1711.96,218.15
160323.SZ,20171012,0.964,0.964,0.964,0.959,0.961,-0.003,-0.3112,22049.0,2116.753
160324.SZ,20171012,0.921,0.923,0.923,0.918,0.919,-0.002,-0.2172,658.0,60.557
160415.SZ,20171012,1.056,1.05,1.058,1.05,1.054,-0.002,-0.1894,403.84,42.412
160416.SZ,20171012,0.93,0.93,0.932,0.928,0.928,-0.002,-0.2151,2867.5,266.575
160421.SZ,20171012,0.907,0.908,0.908,0.904,0.906,-0.001,-0.1103,11887.72,1076.892
160505.SZ,20171012,1.91,1.909,1.915,1.906,1.912,0.002,0.1047,20625.94,3943.461
160512.SZ,20171012,2.257,2.249,2.249,2.2,2.241,-0.016,-0.7089,1491.0,332.527
160515.SZ,20171012,0.995,0.994,0.996,0.994,0.995,0.0,0.0,13875.5,1380.503
160518.SZ,20171012,0.991,0.99,0.992,0.989,0.991,0.0,0.0,61594.6,6099.773
160519.SZ,20171012,0.99,0.99,0.993,0.988,0.991,0.001,0.101,33066.0,3276.05
160520.SZ,20171012,0.981,0.983,0.983,0.983,0.983,0.002,0.2039,1.0,0.098
160522.SZ,20171012,0.987,0.988,0.988,0.987,0.987,0.0,0.0,1000.0,98.75
160607.SZ,20171012,0.78,0.777,0.78,0.777,0.78,0.0,0.0,1194.11,93.109
160610.SZ,20171012,1.113,1.124,1.124,1.111,1.118,0.005,0.4492,663.01,73.692
160611.SZ,20171012,0.854,0.85,0.854,0.85,0.854,0.0,0.0,616.0,52.379
160613.SZ,20171012,1.445,1.444,1.446,1.444,1.444,-0.001,-0.0692,140.0,20.216
160615.SZ,20171012,1.56,1.568,1.569,1.565,1.569,0.009,0.5769,8.0,1.253
160616.SZ,20171012,1.419,1.397,1.413,1.397,1.413,-0.006,-0.4228,34.0,4.765
160635.SZ,20171012,1.054,1.054,1.054,1.044,1.044,-0.01,-0.9488,20.97,2.202
160642.SZ,20171012,0.937,0.924,0.924,0.924,0.924,-0.013,-1.3874,10.0,0.924
160643.SZ,20171012,1.043,1.041,1.071,1.041,1.062,0.019,1.8217,7295.48,769.723
160706.SZ,20171012,1.115,1.115,1.12,1.114,1.117,0.002,0.1794,20566.08,2296.946
160716.SZ,20171012,1.476,1.483,1.487,1.475,1.486,0.01,0.6775,7926.16,1173.419
160717.SZ,20171012,0.833,0.831,0.835,0.83,0.835,0.002,0.2401,10069.87,838.356
160719.SZ,20171012,0.71,0.71,0.71,0.708,0.71,0.0,0.0,2960.0,210.015
160722.SZ,20171012,1.002,1.001,1.002,0.998,1.0,-0.002,-0.1996,124371.0,12439.639
160723.SZ,20171012,0.96,0.962,0.968,0.961,0.963,0.003,0.3125,1095.0,105.561
160805.SZ,20171012,0.825,0.822,0.824,0.821,0.824,-0.001,-0.1212,603.06,49.573
160806.SZ,20171012,1.419,1.419,1.42,1.416,1.42,0.001,0.0705,29.41,4.17
160810.SZ,20171012,1.189,1.189,1.189,1.189,1.189,0.0,0.0,1856.67,220.758
160812.SZ,20171012,1.515,1.516,1.518,1.509,1.51,-0.005,-0.33,532.39,80.722
160813.SZ,20171012,0.818,0.817,0.82,0.814,0.816,-0.002,-0.2445,1723.86,140.395
160910.SZ,20171012,1.1,1.1,1.101,1.099,1.101,0.001,0.0909,496.21,54.592
160915.SZ,20171012,1.128,1.121,1.121,1.121,1.121,-0.007,-0.6206,2.0,0.224
160916.SZ,20171012,2.678,2.678,2.69,2.678,2.69,0.012,0.4481,1958.34,525.91
160918.SZ,20171012,1.964,1.961,1.976,1.955,1.964,0.0,0.0,1316.09,257.939
160919.SZ,20171012,1.277,1.271,1.271,1.266,1.267,-0.01,-0.7831,1740.0,220.83
160921.SZ,20171012,0.929,0.922,0.937,0.922,0.93,0.001,0.1076,421.05,39.062
160922.SZ,20171012,1.157,1.198,1.198,1.141,1.153,-0.004,-0.3457,41.0,4.719
160924.SZ,20171012,1.009,1.005,1.005,1.005,1.005,-0.004,-0.3964,62.0,6.231
161005.SZ,20171012,2.066,2.053,2.077,2.053,2.07,0.004,0.1936,3534.53,730.87
161010.SZ,20171012,1.072,1.072,1.08,1.072,1.076,0.004,0.3731,4212.48,453.42
161017.SZ,20171012,2.343,2.343,2.354,2.327,2.338,-0.005,-0.2134,607.21,142.045
161019.SZ,20171012,0.977,0.977,0.977,0.975,0.977,0.0,0.0,7404.0,722.607
161033.SZ,20171012,1.13,1.129,1.13,1.12,1.122,-0.008,-0.708,404.0,45.397
161035.SZ,20171012,0.98,0.988,0.988,0.965,0.965,-0.015,-1.5306,7205.42,695.469
161036.SZ,20171012,0.969,0.967,0.967,0.957,0.961,-0.008,-0.8256,1726.09,165.711
161037.SZ,20171012,1.152,1.152,1.152,1.143,1.152,0.0,0.0,434.01,49.631
161038.SZ,20171012,1.053,1.046,1.055,1.046,1.046,-0.007,-0.6648,788.04,82.588
161115.SZ,20171012,1.337,1.339,1.342,1.337,1.338,0.001,0.0748,1395.0,186.693
161116.SZ,20171012,0.718,0.718,0.721,0.717,0.72,0.002,0.2786,6873.0,493.853
161119.SZ,20171012,1.241,1.241,1.241,1.241,1.241,0.0,0.0,0.8,0.099
161124.SZ,20171012,1.101,1.106,1.106,1.097,1.097,-0.004,-0.3633,22.0,2.424
161125.SZ,20171012,1.056,1.057,1.057,1.053,1.055,-0.001,-0.0947,782.0,82.4
161126.SZ,20171012,1.118,1.102,1.11,1.102,1.106,-0.012,-1.0733,130.0,14.401
161127.SZ,20171012,1.273,1.28,1.28,1.273,1.276,0.003,0.2357,163.0,20.793
161128.SZ,20171012,1.134,1.133,1.137,1.133,1.137,0.003,0.2646,709.0,80.49
161129.SZ,20171012,0.909,0.91,0.91,0.905,0.906,-0.003,-0.33,1308.0,118.549
161130.SZ,20171012,1.004,1.008,1.008,1.003,1.003,-0.001,-0.0996,59.0,5.943
161210.SZ,20171012,1.029,1.034,1.065,1.029,1.033,0.004,0.3887,1043.0,109.017
161216.SZ,20171012,1.054,1.055,1.058,0.951,1.057,0.003,0.2846,665.81,66.473
161217.SZ,20171012,0.794,0.788,0.791,0.782,0.783,-0.011,-1.3854,1122.8,88.091
161222.SZ,20171012,1.174,1.174,1.174,1.17,1.173,-0.001,-0.0852,955.03,111.963
161224.SZ,20171012,1.087,1.095,1.095,1.08,1.092,0.005,0.46,531.08,57.42
161225.SZ,20171012,1.219,1.21,1.229,1.21,1.229,0.01,0.8203,593.2,72.221
161226.SZ,20171012,0.88,0.88,0.884,0.88,0.882,0.002,0.2273,22502.0,1984.847
161227.SZ,20171012,1.036,1.036,1.04,1.035,1.038,0.002,0.1931,15448.75,1602.796
161229.SZ,20171012,1.462,1.459,1.464,1.452,1.464,0.002,0.1368,386.45,56.262
1612301.SZ,20171012,0.988,0.988,1.001,0.924,1.001,0.013,1.3158,101.0,9.491
161232.SZ,20171012,0.866,0.866,0.869,0.866,0.868,0.002,0.2309,42279.37,3669.435
161233.SZ,20171012,0.945,0.945,0.946,0.945,0.946,0.001,0.1058,40.0,3.783
161607.SZ,20171012,1.212,1.221,1.221,1.211,1.211,-0.001,-0.0825,374.39,45.39
161610.SZ,20171012,0.958,0.954,0.961,0.954,0.959,0.001,0.1044,1734.43,166.288
161631.SZ,20171012,1.108,1.105,1.111,1.099,1.104,-0.004,-0.361,13446.45,1484.679
161706.SZ,20171012,1.591,1.583,1.591,1.578,1.584,-0.007,-0.44,60.78,9.617
161713.SZ,20171012,1.006,1.005,1.005,1.004,1.004,-0.002,-0.1988,570.0,57.228
161714.SZ,20171012,1.045,1.048,1.048,1.021,1.044,-0.001,-0.0957,334.0,34.499
161715.SZ,20171012,1.198,1.192,1.192,1.178,1.178,-0.02,-1.6694,1699.36,200.906
161810.SZ,20171012,1.783,1.78,1.78,1.768,1.779,-0.004,-0.2243,678.09,120.389
161815.SZ,20171012,0.442,0.443,0.443,0.441,0.441,-0.001,-0.2262,2528.0,111.499
161820.SZ,20171012,1.073,1.074,1.074,1.074,1.074,0.001,0.0932,61.0,6.551
161831.SZ,20171012,1.029,1.027,1.031,1.024,1.031,0.002,0.1944,2904.85,298.465
161834.SZ,20171012,0.887,0.884,0.885,0.883,0.885,-0.002,-0.2255,12216.16,1079.568
161835.SZ,20171012,0.939,0.941,0.941,0.941,0.941,0.002,0.213,100.0,9.41
161903.SZ,20171012,0.885,0.883,0.888,0.882,0.888,0.003,0.339,3.0,0.265
161907.SZ,20171012,1.677,1.689,1.69,1.678,1.678,0.001,0.0596,155.0,26.063
161908.SZ,20171012,0.901,0.902,0.902,0.902,0.902,0.001,0.111,275.0,24.805
161911.SZ,20171012,0.967,0.968,0.97,0.968,0.969,0.002,0.2068,17051.64,1650.746
162006.SZ,20171012,1.139,1.141,1.142,1.141,1.141,0.002,0.1756,497.16,56.726
162105.SZ,20171012,1.093,1.098,1.098,1.098,1.098,0.005,0.4575,1.0,0.109
162108.SZ,20171012,1.107,1.111,1.111,1.111,1.111,0.004,0.3613,602.0,66.882
162207.SZ,20171012,1.302,1.304,1.304,1.301,1.302,0.0,0.0,118.0,15.36
162215.SZ,20171012,1.034,1.041,1.043,1.041,1.043,0.009,0.8704,274.01,28.557
162307.SZ,20171012,1.225,1.226,1.228,1.226,1.228,0.003,0.2449,904.0,110.98
162411.SZ,20171012,0.555,0.555,0.556,0.554,0.554,-0.001,-0.1802,331029.35,18350.742
162415.SZ,20171012,1.161,1.166,1.166,1.153,1.157,-0.004,-0.3445,1805.0,208.477
162510.SZ,20171012,1.091,1.097,1.097,1.097,1.097,0.006,0.55,1.0,0.109
162605.SZ,20171012,1.209,1.211,1.247,1.211,1.244,0.035,2.895,5286.42,653.184
162607.SZ,20171012,0.577,0.577,0.577,0.572,0.573,-0.004,-0.6932,3142.94,180.168
162703.SZ,20171012,1.429,1.411,1.429,1.411,1.423,-0.006,-0.4199,1780.2,252.3
162711.SZ,20171012,1.402,1.4,1.401,1.393,1.394,-0.008,-0.5706,627.0,87.414
162712.SZ,20171012,1.423,1.423,1.425,1.423,1.425,0.002,0.1405,163.0,23.207
162717.SZ,20171012,0.957,0.973,0.973,0.955,0.97,0.013,1.3584,341.67,32.666
162718.SZ,20171012,0.934,0.934,0.934,0.934,0.934,0.0,0.0,3.0,0.28
162719.SZ,20171012,0.937,0.937,0.938,0.93,0.931,-0.006,-0.6403,1561.43,145.99
163001.SZ,20171012,0.975,0.958,0.96,0.942,0.959,-0.016,-1.641,522.0,49.601
163110.SZ,20171012,2.222,2.222,2.224,2.215,2.222,0.0,0.0,9477.03,2104.19
163111.SZ,20171012,1.176,1.171,1.175,1.163,1.164,-0.012,-1.0204,2608.55,305.57
163119.SZ,20171012,0.934,0.935,0.935,0.932,0.932,-0.002,-0.2141,1183.79,110.347
163208.SZ,20171012,0.844,0.843,0.855,0.843,0.848,0.004,0.4739,14.0,1.182
163210.SZ,20171012,1.024,1.026,1.026,1.024,1.026,0.002,0.1953,1125.0,115.294
163302.SZ,20171012,1.375,1.372,1.372,1.369,1.369,-0.006,-0.4364,54.0,7.407
163402.SZ,20171012,0.842,0.842,0.845,0.84,0.844,0.002,0.2375,51847.8,4371.3
163407.SZ,20171012,1.748,1.748,1.749,1.739,1.749,0.001,0.0572,507.76,88.789
163409.SZ,20171012,1.597,1.604,1.604,1.596,1.596,-0.001,-0.0626,190.59,30.422
163412.SZ,20171012,2.876,2.877,2.914,2.875,2.909,0.033,1.1474,11096.65,3217.491
163415.SZ,20171012,1.351,1.351,1.356,1.349,1.353,0.002,0.148,3953.75,534.248
163503.SZ,20171012,0.504,0.504,0.505,0.499,0.503,-0.001,-0.1984,3666.94,183.193
163801.SZ,20171012,1.268,1.272,1.272,1.265,1.265,-0.003,-0.2366,302.0,38.336
163819.SZ,20171012,1.109,1.107,1.107,1.107,1.107,-0.002,-0.1803,88.0,9.741
163821.SZ,20171012,1.533,1.576,1.576,1.534,1.554,0.021,1.3699,80.0,12.431
164105.SZ,20171012,1.251,1.25,1.25,1.25,1.25,-0.001,-0.0799,16.0,2.0
164208.SZ,20171012,1.144,1.162,1.195,1.148,1.148,0.004,0.3497,366.0,43.665
164210.SZ,20171012,1.005,1.005,1.008,1.005,1.007,0.002,0.199,800.0,80.472
164403.SZ,20171012,1.011,1.02,1.02,1.008,1.011,0.0,0.0,256.02,25.987
164509.SZ,20171012,1.123,1.036,1.048,1.03,1.031,-0.092,-8.1923,350.62,36.39
164701.SZ,20171012,0.613,0.614,0.614,0.614,0.614,0.001,0.1631,240.17,14.746
164702.SZ,20171012,0.985,0.985,0.985,0.984,0.985,0.0,0.0,1597.0,157.299
164705.SZ,20171012,1.199,1.191,1.197,1.191,1.195,-0.004,-0.3336,228.02,27.171
164810.SZ,20171012,0.965,0.965,0.965,0.965,0.965,0.0,0.0,49.0,4.728
164814.SZ,20171012,0.993,0.996,0.996,0.996,0.996,0.003,0.3021,501.0,49.899
164906.SZ,20171012,1.425,1.425,1.452,1.425,1.449,0.024,1.6842,25827.8,3729.459
165309.SZ,20171012,1.186,1.188,1.188,1.188,1.188,0.002,0.1686,29.27,3.477
165313.SZ,20171012,1.519,1.522,1.522,1.513,1.514,-0.005,-0.3292,858.02,129.835
165510.SZ,20171012,0.858,0.858,0.858,0.858,0.858,0.0,0.0,2.0,0.171
165512.SZ,20171012,2.509,2.503,2.528,2.503,2.524,0.015,0.5978,219.0,55.32
165513.SZ,20171012,0.438,0.438,0.439,0.434,0.435,-0.003,-0.6849,6324.0,275.55
165516.SZ,20171012,2.084,2.099,2.099,2.099,2.099,0.015,0.7198,5.0,1.049
165525.SZ,20171012,1.205,1.203,1.207,1.193,1.196,-0.009,-0.7469,964.0,115.551
165528.SZ,20171012,1.035,1.034,1.035,1.031,1.035,0.0,0.0,34470.02,3560.08
165705.SZ,20171012,1.035,0.972,0.972,0.958,0.968,-0.067,-6.4734,1128.16,108.275
166001.SZ,20171012,1.21,1.206,1.211,1.201,1.211,0.001,0.0826,1442.06,173.998
166006.SZ,20171012,1.144,1.145,1.145,1.143,1.144,0.0,0.0,322.3,36.875
166008.SZ,20171012,1.031,1.032,1.032,1.032,1.032,0.001,0.097,1.0,0.103
166009.SZ,20171012,1.784,1.787,1.787,1.787,1.787,0.003,0.1682,20.0,3.574
166011.SZ,20171012,1.285,1.301,1.312,1.282,1.297,0.012,0.9339,434.0,55.905
166023.SZ,20171012,1.01,1.019,1.019,1.019,1.019,0.009,0.8911,10.0,1.019
166105.SZ,20171012,0.968,0.967,0.967,0.967,0.967,-0.001,-0.1033,2.0,0.193
166401.SZ,20171012,1.049,1.046,1.046,1.046,1.046,-0.003,-0.286,1.69,0.176
166402.SZ,20171012,1.067,1.061,1.062,1.06,1.062,-0.005,-0.4686,51.0,5.408
166902.SZ,20171012,1.011,1.01,1.012,1.006,1.011,0.0,0.0,1371.0,138.469
166904.SZ,20171012,1.075,1.075,1.075,1.075,1.075,0.0,0.0,970.0,104.275
167001.SZ,20171012,0.855,0.855,0.857,0.855,0.857,0.002,0.2339,15548.1,1331.176
167003.SZ,20171012,0.949,0.949,0.95,0.946,0.95,0.001,0.1054,91.02,8.614
167501.SZ,20171012,1.111,1.112,1.112,1.112,1.112,0.001,0.09,1048.98,116.646
168101.SZ,20171012,1.114,1.114,1.114,1.101,1.112,-0.002,-0.1795,6993.0,775.972
168102.SZ,20171012,0.873,0.871,0.872,0.869,0.871,-0.002,-0.2291,6974.08,607.115
168103.SZ,20171012,0.822,0.822,0.823,0.82,0.823,0.001,0.1217,54835.9,4504.667
168104.SZ,20171012,0.973,0.98,0.98,0.98,0.98,0.007,0.7194,1.0,0.098
168105.SZ,20171012,0.86,0.862,0.863,0.856,0.862,0.002,0.2326,9201.58,788.685
168106.SZ,20171012,0.895,0.899,0.9,0.891,0.899,0.004,0.4469,350.0,31.207
168108.SZ,20171012,0.912,0.907,0.907,0.906,0.906,-0.006,-0.6579,398.0,36.098
168301.SZ,20171012,0.943,0.942,0.943,0.942,0.943,0.0,0.0,29864.0,2813.78
168401.SZ,20171012,0.93,0.93,0.93,0.93,0.93,0.0,0.0,13.0,1.209
169101.SZ,20171012,1.491,1.486,1.498,1.478,1.492,0.001,0.0671,48212.18,7177.838
169102.SZ,20171012,1.742,1.642,1.757,1.642,1.74,-0.002,-0.1148,8465.53,1475.271
169103.SZ,20171012,1.609,1.609,1.65,1.606,1.639,0.03,1.8645,3064.48,498.362
169104.SZ,20171012,1.609,1.6,1.677,1.6,1.63,0.021,1.3052,4276.02,696.911
169105.SZ,20171012,1.628,1.628,1.639,1.615,1.628,0.0,0.0,188378.46,30686.842
169201.SZ,20171012,0.917,0.918,0.918,0.91,0.917,0.0,0.0,2402.08,220.166
184801.SZ,20171012,99.15,99.287,99.287,99.18,99.18,0.03,0.0303,59.0,585.312
501000.SH,20171012,1.199,1.217,1.217,1.206,1.206,0.007,0.5838,609.0,73.455
501001.SH,20171012,1.095,1.13,1.13,1.097,1.102,0.007,0.6393,4691.18,517.283
501002.SH,20171012,1.097,1.079,1.114,1.071,1.098,0.001,0.0912,1308.17,143.171
501003.SH,20171012,1.042,1.024,1.038,1.024,1.026,-0.016,-1.5355,26.0,2.666
501005.SH,20171012,0.996,0.992,0.999,0.987,0.99,-0.006,-0.6024,2399.23,237.591
501007.SH,20171012,0.971,0.956,0.969,0.955,0.969,-0.002,-0.206,199.85,19.09
501008.SH,20171012,0.963,0.96,0.96,0.959,0.959,-0.004,-0.4154,46.0,4.414
501009.SH,20171012,1.124,1.124,1.148,1.124,1.124,0.0,0.0,474.54,53.566
501010.SH,20171012,1.127,1.139,1.155,1.12,1.13,0.003,0.2662,859.78,97.429
501011.SH,20171012,1.048,1.039,1.047,1.039,1.04,-0.008,-0.7634,264.67,27.571
501012.SH,20171012,1.04,1.037,1.041,1.037,1.041,0.001,0.0962,1164.15,121.067
501015.SH,20171012,0.968,0.968,0.969,0.967,0.967,-0.001,-0.1033,40444.07,3914.476
501016.SH,20171012,1.136,1.101,1.126,1.101,1.126,-0.01,-0.8803,347.79,38.694
501017.SH,20171012,0.935,0.933,0.937,0.933,0.936,0.001,0.107,10686.73,999.634
501018.SH,20171012,0.91,0.91,0.914,0.904,0.911,0.001,0.1099,20645.72,1882.794
501019.SH,20171012,0.882,0.888,0.9,0.881,0.897,0.015,1.7007,16599.97,1480.891
501020.SH,20171012,1.062,1.062,1.062,1.056,1.06,-0.002,-0.1883,550.31,58.149
501021.SH,20171012,1.396,1.395,1.395,1.384,1.39,-0.006,-0.4298,25668.0,3560.154
501022.SH,20171012,0.929,0.928,0.928,0.926,0.928,-0.001,-0.1076,16441.85,1523.501
501023.SH,20171012,1.173,1.162,1.162,1.159,1.161,-0.012,-1.023,1543.0,179.169
501025.SH,20171012,1.169,1.16,1.163,1.154,1.16,-0.009,-0.7699,3005.0,348.608
501026.SH,20171012,0.96,0.958,0.96,0.958,0.96,0.0,0.0,49551.97,4749.079
501028.SH,20171012,0.962,0.96,0.962,0.96,0.961,-0.001,-0.104,7201.46,692.255
501029.SH,20171012,1.112,1.113,1.115,1.109,1.113,0.001,0.0899,24232.33,2694.301
501030.SH,20171012,1.017,1.004,1.012,1.004,1.012,-0.005,-0.4916,92.0,9.238
501031.SH,20171012,1.01,1.002,1.003,1.002,1.002,-0.008,-0.7921,570.0,57.12
501032.SH,20171012,0.985,0.962,0.982,0.962,0.978,-0.007,-0.7107,149.57,14.661
501035.SH,20171012,0.914,0.917,0.917,0.907,0.912,-0.002,-0.2188,3123.0,284.425
501036.SH,20171012,1.011,1.006,1.009,1.004,1.007,-0.004,-0.3956,15497.11,1560.283
501037.SH,20171012,1.008,1.008,1.008,1.003,1.007,-0.001,-0.0992,46643.62,4695.183
501043.SH,20171012,1.005,1.007,1.007,1.004,1.006,0.001,0.0995,10328.32,1038.343
501045.SH,20171012,1.005,1.004,1.006,1.004,1.006,0.001,0.0995,33788.11,3395.622
501050.SH,20171012,1.145,1.146,1.147,1.144,1.147,0.002,0.1747,14888.81,1706.78
501300.SH,20171012,0.971,0.972,0.973,0.966,0.967,-0.004,-0.4119,1741.07,168.697
501301.SH,20171012,1.122,1.133,1.133,1.118,1.12,-0.002,-0.1783,483.0,54.058
501302.SH,20171012,1.109,1.076,1.142,1.044,1.052,-0.057,-5.1398,1746.9,190.633
502000.SH,20171012,1.068,1.066,1.071,1.066,1.066,-0.002,-0.1873,56.02,5.973
502001.SH,20171012,1.121,1.125,1.125,1.12,1.121,0.0,0.0,1212.0,136.088
502002.SH,20171012,1.016,1.017,1.118,1.017,1.095,0.079,7.7756,380.0,38.687
502003.SH,20171012,0.982,0.979,1.02,0.979,0.992,0.01,1.0183,3687.66,366.689
502004.SH,20171012,0.96,0.96,0.962,0.954,0.961,0.001,0.1042,1820.0,174.197
502005.SH,20171012,1.007,1.023,1.046,1.002,1.023,0.016,1.5889,13483.37,1389.526
502006.SH,20171012,1.058,1.058,1.063,1.054,1.062,0.004,0.3781,4401.99,465.99
502007.SH,20171012,1.024,1.037,1.037,1.012,1.024,0.0,0.0,13410.0,1367.215
502008.SH,20171012,1.098,1.077,1.106,1.077,1.106,0.008,0.7286,10969.47,1201.591
502010.SH,20171012,1.238,1.211,1.219,1.208,1.217,-0.021,-1.6963,83.0,10.072
502012.SH,20171012,1.449,1.433,1.448,1.433,1.446,-0.003,-0.207,784.99,112.947
502013.SH,20171012,0.886,0.887,0.887,0.882,0.887,0.001,0.1129,13008.7,1151.401
502014.SH,20171012,1.016,1.015,1.016,1.014,1.016,0.0,0.0,6569.52,667.355
502015.SH,20171012,0.755,0.753,0.758,0.746,0.756,0.001,0.1325,9810.02,739.766
502016.SH,20171012,1.141,1.086,1.147,1.086,1.13,-0.011,-0.9641,100.0,10.921
502017.SH,20171012,1.02,1.03,1.094,1.02,1.094,0.074,7.2549,3005.53,307.071
502018.SH,20171012,1.09,1.108,1.119,1.108,1.117,0.027,2.4771,894.25,99.762
502020.SH,20171012,1.424,1.432,1.432,1.432,1.432,0.008,0.5618,167.0,23.914
502021.SH,20171012,1.129,1.063,1.063,1.063,1.063,-0.066,-5.8459,50.0,5.315
502022.SH,20171012,1.999,1.8,1.8,1.8,1.8,-0.199,-9.955,1.0,0.18
502023.SH,20171012,1.063,1.049,1.06,1.041,1.06,-0.003,-0.2822,423.49,44.444
502040.SH,20171012,1.116,1.182,1.182,1.125,1.14,0.024,2.1505,366.0,41.284
502041.SH,20171012,1.043,1.044,1.044,1.043,1.043,0.0,0.0,606.0,63.231
502042.SH,20171012,1.16,1.125,1.237,1.125,1.18,0.02,1.7241,7103.71,858.372
502048.SH,20171012,1.354,1.348,1.356,1.348,1.356,0.002,0.1477,335.42,45.399
502049.SH,20171012,0.981,0.99,0.99,0.99,0.99,0.009,0.9174,500.0,49.5
502050.SH,20171012,1.71,1.705,1.719,1.7,1.718,0.008,0.4678,2180.11,373.048
502053.SH,20171012,1.029,1.021,1.024,1.021,1.024,-0.005,-0.4859,2.0,0.205
502054.SH,20171012,1.047,1.045,1.048,1.045,1.047,0.0,0.0,10.0,1.047
502055.SH,20171012,1.007,1.004,1.01,1.0,1.005,-0.002,-0.1986,3873.5,389.061
502056.SH,20171012,1.054,1.055,1.055,1.032,1.045,-0.009,-0.8539,746.82,78.105
502057.SH,20171012,1.048,1.05,1.05,1.049,1.049,0.001,0.0954,622.0,65.249
502058.SH,20171012,1.05,1.019,1.101,1.019,1.05,0.0,0.0,2773.42,293.441
505888.SH,20171012,1.095,1.096,1.1,1.095,1.099,0.004,0.3653,316108.56,34714.837
510010.SH,20171012,1.133,1.132,1.142,1.123,1.142,0.009,0.7944,586.0,65.998
510020.SH,20171012,2.719,2.699,2.717,2.651,2.717,-0.002,-0.0736,373.62,100.041
510030.SH,20171012,4.885,4.831,4.919,4.831,4.865,-0.02,-0.4094,57.63,27.874
510050.SH,20171012,2.762,2.76,2.777,2.754,2.773,0.011,0.3983,2035754.04,563156.715
510060.SH,20171012,1.834,1.834,1.839,1.831,1.834,0.0,0.0,4441.0,814.694
510070.SH,20171012,1.836,1.835,1.835,1.835,1.835,-0.001,-0.0545,3.0,0.551
510090.SH,20171012,1.55,1.557,1.56,1.556,1.56,0.01,0.6452,159.0,24.772
510110.SH,20171012,3.535,3.535,3.538,3.506,3.53,-0.005,-0.1414,252.0,88.989
510120.SH,20171012,2.954,2.954,2.954,2.954,2.954,0.0,0.0,412.0,121.705
510130.SH,20171012,4.028,4.028,4.028,4.028,4.028,0.0,0.0,13.0,5.236
510150.SH,20171012,4.824,4.785,4.788,4.728,4.78,-0.044,-0.9121,411.55,194.837
510160.SH,20171012,0.61,0.61,0.613,0.609,0.613,0.003,0.4918,78502.0,4802.92
510170.SH,20171012,2.186,2.149,2.149,2.109,2.127,-0.059,-2.699,276.0,58.622
510180.SH,20171012,3.482,3.482,3.502,3.48,3.498,0.016,0.4595,79946.48,27883.52
510190.SH,20171012,3.739,3.675,3.729,3.658,3.729,-0.01,-0.2675,65.05,23.853
510210.SH,20171012,3.985,4.0,4.0,3.925,3.925,-0.06,-1.5056,51.0,20.23
510220.SH,20171012,4.278,4.275,4.297,4.236,4.255,-0.023,-0.5376,113.0,48.193
510230.SH,20171012,6.195,6.21,6.253,6.21,6.242,0.047,0.7587,1236.0,769.98
510260.SH,20171012,1.248,1.21,1.24,1.21,1.24,-0.008,-0.641,613.03,74.239
510270.SH,20171012,1.149,1.144,1.144,1.138,1.138,-0.011,-0.9574,1062.0,121.46
510280.SH,20171012,1.708,1.67,1.869,1.618,1.739,0.031,1.815,799.0,133.427
510290.SH,20171012,1.68,1.675,1.675,1.67,1.674,-0.006,-0.3571,197.0,32.952
510300.SH,20171012,3.963,3.962,3.981,3.956,3.98,0.017,0.429,1102176.42,437032.183
510310.SH,20171012,1.658,1.659,1.664,1.653,1.662,0.004,0.2413,22806.72,3778.307
510330.SH,20171012,4.234,4.247,4.25,4.23,4.245,0.011,0.2598,17706.0,7507.111
510360.SH,20171012,1.228,1.231,1.233,1.228,1.233,0.005,0.4072,12911.0,1591.148
510410.SH,20171012,0.832,0.83,0.83,0.813,0.825,-0.007,-0.8413,10075.0,824.928
510420.SH,20171012,1.548,1.542,1.547,1.542,1.547,-0.001,-0.0646,2.0,0.309
510430.SH,20171012,1.511,1.525,1.525,1.525,1.525,0.014,0.9265,1.0,0.153
510440.SH,20171012,1.904,1.904,1.906,1.904,1.906,0.002,0.105,12.0,2.285
510500.SH,20171012,7.023,7.018,7.034,6.972,7.01,-0.013,-0.1851,191469.0,134120.988
510510.SH,20171012,1.844,1.845,1.847,1.832,1.845,0.001,0.0542,33800.0,6232.748
510520.SH,20171012,1.709,1.687,1.708,1.679,1.705,-0.004,-0.2341,158.0,26.545
510560.SH,20171012,1.416,1.401,1.403,1.401,1.403,-0.013,-0.9181,38.63,5.419
510580.SH,20171012,6.603,6.726,6.735,6.726,6.732,0.129,1.9537,405.0,272.435
510630.SH,20171012,2.215,2.21,2.277,2.185,2.208,-0.007,-0.316,10375.0,2276.409
510650.SH,20171012,1.762,1.767,1.774,1.765,1.766,0.004,0.227,13823.0,2449.511
510660.SH,20171012,1.798,1.8,1.815,1.793,1.803,0.005,0.2781,5066.0,911.873
510680.SH,20171012,2.354,2.348,2.348,2.245,2.31,-0.044,-1.8692,98.0,22.594
510710.SH,20171012,2.829,2.821,2.845,2.821,2.845,0.016,0.5656,3449.27,979.32
510810.SH,20171012,1.024,1.024,1.03,1.023,1.028,0.004,0.3906,50575.96,5196.486
510880.SH,20171012,3.062,3.062,3.072,3.057,3.068,0.006,0.196,26042.0,7973.476
510900.SH,20171012,1.228,1.227,1.235,1.226,1.233,0.005,0.4072,6953564.25,855592.081
511010.SH,20171012,109.893,109.91,109.949,109.852,109.865,-0.028,-0.0255,3847.0,42275.076
511220.SH,20171012,92.625,92.66,92.66,92.601,92.624,-0.001,-0.0011,1231.0,11402.082
511260.SH,20171012,99.994,99.997,100.12,99.007,99.99,-0.004,-0.004,756.9,7568.549
511600.SH,20171012,100.001,99.998,100.003,99.998,100.003,0.002,0.002,2337.14,23371.623
511620.SH,20171012,99.989,99.997,99.997,99.987,99.997,0.008,0.008,37.98,379.783
511650.SH,20171012,100.001,99.993,100.005,99.993,100.005,0.004,0.004,15212.95,152128.77
511660.SH,20171012,100.008,100.001,100.017,100.0,100.014,0.006,0.006,150281.74,1502930.026
511670.SH,20171012,100.01,99.977,100.015,99.977,100.011,0.001,0.001,487.89,4879.484
511680.SH,20171012,99.998,99.996,100.0,99.996,99.999,0.001,0.001,102.01,1020.078
511690.SH,20171012,100.0,99.998,100.007,99.997,100.006,0.006,0.006,90962.35,909634.093
511700.SH,20171012,100.028,100.009,100.029,100.009,100.024,-0.004,-0.004,807.24,8074.203
511770.SH,20171012,100.018,99.981,100.088,99.981,100.012,-0.006,-0.006,382.67,3826.912
511800.SH,20171012,100.003,99.993,100.003,99.992,100.001,-0.002,-0.002,3925.27,39252.477
511810.SH,20171012,100.007,100.002,100.013,100.002,100.011,0.004,0.004,118798.96,1188077.06
511820.SH,20171012,100.006,99.997,100.011,99.997,100.01,0.004,0.004,26807.83,268100.564
511830.SH,20171012,100.001,99.998,100.006,99.997,100.006,0.005,0.005,6038.26,60383.593
511850.SH,20171012,100.015,100.01,100.02,100.007,100.019,0.004,0.004,12063.02,120648.773
511860.SH,20171012,99.998,99.996,100.0,99.991,99.999,0.001,0.001,8387.03,83868.564
511880.SH,20171012,102.853,102.855,102.877,102.85,102.872,0.019,0.0185,684770.74,7043573.687
511890.SH,20171012,99.999,99.915,99.999,99.915,99.999,0.0,0.0,11.48,114.724
511900.SH,20171012,100.007,100.004,100.015,100.0,100.011,0.004,0.004,44122.63,441255.594
511910.SH,20171012,100.0,100.0,100.002,100.0,100.001,0.001,0.001,231.18,2311.81
511920.SH,20171012,100.295,99.98,100.33,99.98,99.988,-0.307,-0.3061,4.21,42.127
511930.SH,20171012,99.998,99.935,99.995,99.935,99.98,-0.018,-0.018,45.01,450.025
511960.SH,20171012,100.089,99.991,100.478,99.991,100.033,-0.056,-0.056,253.69,2537.435
511970.SH,20171012,100.001,100.0,100.002,100.0,100.002,0.001,0.001,101.02,1010.203
511980.SH,20171012,100.006,99.999,100.007,99.971,100.007,0.001,0.001,4740.89,47407.095
511990.SH,20171012,100.011,100.003,100.017,100.002,100.014,0.003,0.003,1144528.73,11446445.7
512000.SH,20171012,1.046,1.048,1.049,1.039,1.042,-0.004,-0.3824,54072.0,5636.081
512010.SH,20171012,1.561,1.561,1.62,1.561,1.579,0.018,1.1531,3836.0,606.579
512070.SH,20171012,2.018,2.018,2.029,2.009,2.027,0.009,0.446,3461.0,699.657
512100.SH,20171012,0.92,0.918,0.918,0.911,0.917,-0.003,-0.3261,3085.0,282.171
512120.SH,20171012,1.53,1.526,1.53,1.51,1.529,-0.001,-0.0654,4064.0,621.228
512200.SH,20171012,0.958,0.956,0.959,0.95,0.954,-0.004,-0.4175,31347.0,2993.642
512210.SH,20171012,1.948,1.898,1.958,1.898,1.957,0.009,0.462,27.0,5.25
512220.SH,20171012,1.46,1.458,1.46,1.458,1.46,0.0,0.0,1772.0,258.364
512230.SH,20171012,1.384,1.384,1.384,1.374,1.384,0.0,0.0,4645.0,638.241
512300.SH,20171012,1.242,1.239,1.246,1.235,1.24,-0.002,-0.161,3960.0,490.03
512310.SH,20171012,0.726,0.723,0.725,0.719,0.723,-0.003,-0.4132,848.0,61.12
512330.SH,20171012,0.875,0.873,0.88,0.873,0.877,0.002,0.2286,1128.0,98.99
512340.SH,20171012,0.996,0.993,0.994,0.979,0.991,-0.005,-0.502,2404.0,236.894
512400.SH,20171012,1.002,1.003,1.003,0.982,0.995,-0.007,-0.6986,212099.0,21077.592
512500.SH,20171012,3.239,3.235,3.243,3.211,3.229,-0.01,-0.3087,2372.12,764.928
512510.SH,20171012,1.371,1.373,1.374,1.361,1.368,-0.003,-0.2188,6161.01,843.549
512550.SH,20171012,1.031,1.034,1.04,1.031,1.036,0.005,0.485,42267.0,4376.318
512560.SH,20171012,1.05,1.058,1.079,1.057,1.065,0.015,1.4286,7730.96,821.832
512570.SH,20171012,1.05,1.046,1.048,1.042,1.042,-0.008,-0.7619,3052.0,318.749
512580.SH,20171012,1.062,1.068,1.068,1.053,1.055,-0.007,-0.6591,6964.0,736.878
512600.SH,20171012,2.236,2.236,2.236,2.1,2.177,-0.059,-2.6386,2836.0,608.703
512610.SH,20171012,1.525,1.519,1.53,1.514,1.529,0.004,0.2623,2079.0,316.033
512640.SH,20171012,1.904,1.901,1.901,1.9,1.9,-0.004,-0.2101,60.0,11.405
512660.SH,20171012,0.931,0.931,0.95,0.928,0.945,0.014,1.5038,297382.0,28008.366
512680.SH,20171012,0.904,0.904,0.924,0.902,0.917,0.013,1.4381,110663.0,10125.936
512700.SH,20171012,1.014,1.014,1.018,1.014,1.017,0.003,0.2959,8009.0,813.049
512800.SH,20171012,1.004,1.005,1.008,1.003,1.005,0.001,0.0996,102484.99,10300.548
512810.SH,20171012,0.898,0.898,0.916,0.897,0.91,0.012,1.3363,33195.0,3016.57
512880.SH,20171012,1.104,1.104,1.109,1.098,1.1,-0.004,-0.3623,152651.0,16815.064
512900.SH,20171012,1.054,1.055,1.057,1.048,1.052,-0.002,-0.1898,72089.0,7584.637
512990.SH,20171012,1.165,1.166,1.167,1.164,1.165,0.0,0.0,11368.92,1325.129
513030.SH,20171012,1.146,1.147,1.151,1.147,1.151,0.005,0.4363,9643.0,1107.603
513050.SH,20171012,1.52,1.521,1.543,1.521,1.534,0.014,0.9211,168900.0,25905.072
513100.SH,20171012,2.101,2.103,2.105,2.099,2.104,0.003,0.1428,18490.0,3886.465
513500.SH,20171012,1.567,1.567,1.572,1.567,1.569,0.002,0.1276,5080.0,797.976
513600.SH,20171012,2.485,2.491,2.491,2.474,2.489,0.004,0.161,11018.44,2738.619
513660.SH,20171012,2.487,2.488,2.493,2.488,2.493,0.006,0.2413,79.0,19.686
518800.SH,20171012,2.734,2.737,2.746,2.737,2.744,0.01,0.3658,706399.0,193706.842
518880.SH,20171012,2.724,2.73,2.737,2.729,2.734,0.01,0.3671,5236131.8,1430845.947
