ts_code,trade_date,pre_close,open,high,low,close,change,pct_chg,vol,amount
150008.SZ,20180206,1.201,1.198,1.198,1.198,1.198,-0.003,-0.2498,100.0,11.98
150009.SZ,20180206,1.008,0.981,0.989,0.975,0.976,-0.032,-3.1746,3280.0,321.395
150012.SZ,20180206,1.018,1.017,1.025,1.012,1.012,-0.006,-0.5894,1183.03,120.513
150013.SZ,20180206,1.756,1.725,1.753,1.67,1.67,-0.086,-4.8975,2795.88,472.295
150016.SZ,20180206,1.168,1.1,1.149,1.1,1.149,-0.019,-1.6267,124.04,13.698
150017.SZ,20180206,1.528,1.514,1.514,1.476,1.483,-0.045,-2.945,3306.27,492.286
150018.SZ,20180206,0.885,0.884,0.884,0.839,0.874,-0.011,-1.2429,262467.43,22887.469
150019.SZ,20180206,1.271,1.253,1.253,1.188,1.19,-0.081,-6.3729,545260.14,66468.027
150022.SZ,20180206,0.766,0.761,0.768,0.759,0.76,-0.006,-0.7833,562701.73,42807.86
150023.SZ,20180206,0.404,0.4,0.4,0.382,0.385,-0.019,-4.703,632471.2,24726.76
150028.SZ,20180206,1.0,0.967,0.967,0.966,0.967,-0.033,-3.3,180.0,17.397
150029.SZ,20180206,1.4,1.398,1.398,1.321,1.39,-0.01,-0.7143,1964.19,264.172
150031.SZ,20180206,1.318,1.276,1.28,1.21,1.275,-0.043,-3.2625,599.63,72.808
150033.SZ,20180206,1.015,0.98,0.999,0.98,0.988,-0.027,-2.6601,27.72,2.743
150047.SZ,20180206,1.408,1.285,1.404,1.285,1.404,-0.004,-0.2841,12.6,1.757
150048.SZ,20180206,1.367,1.342,1.363,1.318,1.354,-0.013,-0.951,392.0,51.783
150049.SZ,20180206,0.971,0.937,0.97,0.937,0.96,-0.011,-1.1329,105.01,10.085
150050.SZ,20180206,1.739,1.565,1.7,1.565,1.649,-0.09,-5.1754,83.67,13.861
150051.SZ,20180206,0.856,0.857,0.859,0.855,0.859,0.003,0.3505,30708.21,2631.074
150052.SZ,20180206,1.11,1.1,1.1,1.049,1.049,-0.061,-5.4955,49721.43,5327.841
150054.SZ,20180206,1.112,1.003,1.003,1.003,1.003,-0.109,-9.8022,0.04,0.004
150055.SZ,20180206,1.03,0.967,0.967,0.967,0.967,-0.063,-6.1165,60.0,5.802
150056.SZ,20180206,1.496,1.346,1.445,1.346,1.445,-0.051,-3.4091,93.0,12.527
150060.SZ,20180206,1.444,1.328,1.405,1.328,1.393,-0.051,-3.5319,168.0,23.007
150064.SZ,20180206,0.975,0.999,0.999,0.999,0.999,0.024,2.4615,19.0,1.898
150065.SZ,20180206,1.0,0.906,0.906,0.906,0.906,-0.094,-9.4,29.0,2.627
150075.SZ,20180206,1.06,0.988,0.988,0.988,0.988,-0.072,-6.7925,0.37,0.036
150084.SZ,20180206,1.663,1.65,1.65,1.65,1.65,-0.013,-0.7817,11.0,1.815
150091.SZ,20180206,0.87,0.79,0.801,0.784,0.784,-0.086,-9.8851,240.0,19.043
150100.SZ,20180206,0.989,0.931,0.931,0.915,0.915,-0.074,-7.4823,18.0,1.65
150101.SZ,20180206,1.65,1.62,1.62,1.533,1.55,-0.1,-6.0606,3085.0,485.616
150104.SZ,20180206,0.955,0.953,0.953,0.953,0.953,-0.002,-0.2094,150.0,14.295
150105.SZ,20180206,1.98,1.794,1.794,1.794,1.794,-0.186,-9.3939,150.0,26.91
150106.SZ,20180206,1.029,1.03,1.031,1.029,1.031,0.002,0.1944,11911.0,1226.53
150107.SZ,20180206,1.11,1.1,1.101,1.002,1.002,-0.108,-9.7297,16205.9,1722.226
150117.SZ,20180206,0.922,0.922,0.927,0.922,0.925,0.003,0.3254,40443.88,3740.27
150118.SZ,20180206,0.875,0.84,0.866,0.788,0.788,-0.087,-9.9429,393812.46,32020.131
150123.SZ,20180206,0.995,0.998,1.002,0.994,1.0,0.005,0.5025,9184.0,916.141
150124.SZ,20180206,0.988,0.97,0.97,0.901,0.91,-0.078,-7.8947,52857.38,4891.046
150130.SZ,20180206,0.978,0.951,0.979,0.951,0.972,-0.006,-0.6135,30397.0,2952.971
150131.SZ,20180206,0.624,0.613,0.613,0.562,0.569,-0.055,-8.8141,655000.37,38390.461
150136.SZ,20180206,1.258,1.223,1.223,1.223,1.223,-0.035,-2.7822,130.0,15.899
150139.SZ,20180206,1.098,0.989,0.989,0.989,0.989,-0.109,-9.9271,11.0,1.087
150144.SZ,20180206,1.317,1.317,1.317,1.279,1.279,-0.038,-2.8853,197.0,25.304
150146.SZ,20180206,0.455,0.453,0.453,0.453,0.453,-0.002,-0.4396,15.0,0.679
150148.SZ,20180206,0.989,0.93,0.97,0.93,0.969,-0.02,-2.0222,1130.0,108.357
150149.SZ,20180206,0.809,0.755,0.798,0.74,0.769,-0.04,-4.9444,5480.0,417.071
150150.SZ,20180206,0.882,0.835,0.881,0.835,0.877,-0.005,-0.5669,656.37,57.355
150151.SZ,20180206,1.571,1.571,1.573,1.48,1.481,-0.09,-5.7288,877.0,135.209
150152.SZ,20180206,0.904,0.906,0.918,0.906,0.917,0.013,1.4381,1352280.79,123287.565
150153.SZ,20180206,0.534,0.5,0.515,0.481,0.481,-0.053,-9.9251,5183885.15,256835.544
150157.SZ,20180206,0.963,0.961,0.962,0.955,0.959,-0.004,-0.4154,10996.0,1054.503
150158.SZ,20180206,1.294,1.261,1.3,1.22,1.242,-0.052,-4.0185,64236.8,8030.131
150165.SZ,20180206,1.262,1.142,1.215,1.142,1.213,-0.049,-3.8827,2059.22,249.468
150169.SZ,20180206,0.939,0.941,0.941,0.935,0.939,0.0,0.0,3470.67,325.025
150170.SZ,20180206,1.579,1.539,1.539,1.466,1.48,-0.099,-6.2698,27761.62,4138.958
150171.SZ,20180206,0.895,0.895,0.897,0.893,0.894,-0.001,-0.1117,256616.86,22957.374
150172.SZ,20180206,1.146,1.113,1.127,1.062,1.062,-0.084,-7.3298,528672.55,57962.162
150173.SZ,20180206,0.896,0.898,0.924,0.898,0.924,0.028,3.125,76975.57,6941.99
150174.SZ,20180206,0.51,0.5,0.506,0.459,0.459,-0.051,-10.0,27225.0,1295.905
150175.SZ,20180206,0.885,0.884,0.884,0.869,0.87,-0.015,-1.6949,150851.28,13187.315
150176.SZ,20180206,1.342,1.285,1.298,1.243,1.253,-0.089,-6.6319,380348.36,48382.17
150177.SZ,20180206,0.938,0.937,0.938,0.937,0.937,-0.001,-0.1066,161.0,15.088
150178.SZ,20180206,1.678,1.66,1.66,1.58,1.619,-0.059,-3.5161,3525.21,568.149
150179.SZ,20180206,0.935,0.929,0.934,0.929,0.934,-0.001,-0.107,2.0,0.186
150180.SZ,20180206,1.42,1.381,1.432,1.281,1.432,0.012,0.8451,431.15,57.6
150181.SZ,20180206,0.879,0.881,0.894,0.881,0.894,0.015,1.7065,444360.48,39382.979
150182.SZ,20180206,0.621,0.598,0.598,0.559,0.559,-0.062,-9.9839,683614.41,39346.116
150184.SZ,20180206,0.931,0.924,0.924,0.881,0.905,-0.026,-2.7927,480.68,43.042
150185.SZ,20180206,0.768,0.765,0.765,0.692,0.694,-0.074,-9.6354,31647.24,2291.938
150186.SZ,20180206,0.939,0.941,0.978,0.941,0.976,0.037,3.9404,514750.2,49474.675
150187.SZ,20180206,0.396,0.38,0.38,0.356,0.356,-0.04,-10.101,86243.76,3139.165
150188.SZ,20180206,0.975,0.974,0.976,0.974,0.976,0.001,0.1026,2390.79,232.962
150189.SZ,20180206,0.748,0.71,0.71,0.702,0.702,-0.046,-6.1497,491.11,34.518
150191.SZ,20180206,0.999,0.94,0.958,0.899,0.899,-0.1,-10.01,499.0,44.909
150192.SZ,20180206,0.925,0.96,0.988,0.96,0.984,0.059,6.3784,175.0,17.236
150193.SZ,20180206,1.674,1.621,1.625,1.508,1.535,-0.139,-8.3035,9291.87,1478.356
150194.SZ,20180206,0.862,0.862,0.863,0.861,0.862,0.0,0.0,89317.92,7698.996
150195.SZ,20180206,1.141,1.12,1.12,1.039,1.039,-0.102,-8.9395,57697.95,6157.398
150196.SZ,20180206,0.922,0.922,0.925,0.919,0.924,0.002,0.2169,33763.96,3115.616
150197.SZ,20180206,1.369,1.331,1.365,1.24,1.24,-0.129,-9.4229,241758.35,31415.546
150198.SZ,20180206,1.038,1.035,1.136,1.035,1.036,-0.002,-0.1927,369.53,41.334
150199.SZ,20180206,1.525,1.426,1.507,1.426,1.443,-0.082,-5.377,31201.29,4528.166
150200.SZ,20180206,0.908,0.912,0.927,0.911,0.927,0.019,2.0925,1519272.61,139194.534
150201.SZ,20180206,0.447,0.421,0.432,0.402,0.402,-0.045,-10.0671,5513365.36,228813.834
150203.SZ,20180206,0.868,0.868,0.878,0.868,0.874,0.006,0.6912,22128.68,1925.631
150204.SZ,20180206,0.703,0.686,0.699,0.633,0.645,-0.058,-8.2504,28790.69,1921.485
150205.SZ,20180206,0.871,0.872,0.879,0.871,0.878,0.007,0.8037,78561.95,6873.426
150206.SZ,20180206,0.721,0.701,0.707,0.649,0.649,-0.072,-9.9861,197516.55,13219.729
150208.SZ,20180206,0.855,0.848,0.848,0.77,0.77,-0.085,-9.9415,2977.0,235.455
150209.SZ,20180206,0.89,0.887,0.891,0.887,0.889,-0.001,-0.1124,29869.12,2655.232
150210.SZ,20180206,1.099,1.078,1.078,1.036,1.036,-0.063,-5.7325,146535.2,15461.721
150211.SZ,20180206,0.898,0.898,0.903,0.898,0.903,0.005,0.5568,175005.34,15754.261
150212.SZ,20180206,0.608,0.575,0.598,0.547,0.547,-0.061,-10.0329,201715.95,11320.91
150213.SZ,20180206,0.969,0.97,0.972,0.969,0.97,0.001,0.1032,582531.45,56535.295
150214.SZ,20180206,0.267,0.24,0.251,0.24,0.24,-0.027,-10.1124,186825.13,4536.614
150216.SZ,20180206,1.308,1.18,1.181,1.177,1.177,-0.131,-10.0153,289.73,34.156
150217.SZ,20180206,0.9,0.89,0.902,0.88,0.902,0.002,0.2222,10944.1,984.254
150218.SZ,20180206,0.604,0.58,0.59,0.544,0.544,-0.06,-9.9338,18464.0,1052.827
150220.SZ,20180206,0.842,0.823,0.83,0.766,0.783,-0.059,-7.0071,4713.0,369.948
150221.SZ,20180206,1.0,0.999,1.0,0.992,0.994,-0.006,-0.6,996598.47,99394.158
150222.SZ,20180206,0.238,0.214,0.225,0.214,0.214,-0.024,-10.084,1274752.0,27541.932
150223.SZ,20180206,0.99,0.99,0.992,0.98,0.981,-0.009,-0.9091,134345.0,13248.331
150224.SZ,20180206,0.884,0.857,0.867,0.82,0.825,-0.059,-6.6742,543376.61,45595.404
150226.SZ,20180206,1.378,1.245,1.362,1.245,1.362,-0.016,-1.1611,134.23,17.912
150227.SZ,20180206,0.868,0.868,0.874,0.866,0.872,0.004,0.4608,334985.27,29150.852
150228.SZ,20180206,1.33,1.299,1.33,1.263,1.275,-0.055,-4.1353,1077691.45,138613.8
150229.SZ,20180206,0.959,0.909,0.954,0.909,0.953,-0.006,-0.6257,304.64,28.787
150230.SZ,20180206,1.601,1.57,1.597,1.517,1.565,-0.036,-2.2486,1031.0,159.335
150232.SZ,20180206,1.178,1.153,1.153,1.06,1.06,-0.118,-10.017,2643.0,293.254
150236.SZ,20180206,0.836,0.819,0.82,0.764,0.764,-0.072,-8.6124,27153.15,2152.133
150238.SZ,20180206,1.01,0.95,0.95,0.95,0.95,-0.06,-5.9406,1.0,0.095
150241.SZ,20180206,0.963,1.055,1.055,1.054,1.055,0.092,9.5535,60.0,6.327
150242.SZ,20180206,1.406,1.348,1.405,1.336,1.367,-0.039,-2.7738,2777.0,381.406
150243.SZ,20180206,0.879,0.881,0.892,0.881,0.891,0.012,1.3652,26328.81,2332.711
150244.SZ,20180206,0.614,0.607,0.607,0.553,0.553,-0.061,-9.9349,66569.0,3806.03
150245.SZ,20180206,1.0,1.07,1.07,1.02,1.02,0.02,2.0,2.52,0.266
150246.SZ,20180206,0.876,0.865,0.867,0.831,0.86,-0.016,-1.8265,1050.0,89.919
150247.SZ,20180206,0.924,0.923,0.927,0.922,0.927,0.003,0.3247,14057.23,1299.609
150248.SZ,20180206,0.65,0.642,0.642,0.585,0.585,-0.065,-10.0,27697.98,1680.514
150249.SZ,20180206,0.976,0.92,0.92,0.92,0.92,-0.056,-5.7377,177.0,16.284
150250.SZ,20180206,1.375,1.369,1.373,1.318,1.358,-0.017,-1.2364,359.0,48.236
150251.SZ,20180206,0.87,0.934,0.934,0.858,0.858,-0.012,-1.3793,1009.0,88.092
150252.SZ,20180206,1.656,1.56,1.63,1.49,1.5,-0.156,-9.4203,11373.0,1751.303
150255.SZ,20180206,0.883,0.884,0.885,0.883,0.885,0.002,0.2265,6384.0,564.33
150256.SZ,20180206,1.33,1.198,1.266,1.198,1.266,-0.064,-4.812,500.03,59.903
150257.SZ,20180206,0.865,0.888,0.888,0.888,0.888,0.023,2.659,30.0,2.664
150258.SZ,20180206,1.1,1.101,1.101,1.101,1.101,0.001,0.0909,50.0,5.505
150259.SZ,20180206,0.893,0.895,0.902,0.895,0.902,0.009,1.0078,37700.74,3392.49
150261.SZ,20180206,0.922,0.923,0.926,0.923,0.923,0.001,0.1085,11361.03,1048.975
150262.SZ,20180206,0.809,0.8,0.8,0.728,0.728,-0.081,-10.0124,9155.0,701.642
150263.SZ,20180206,1.001,0.952,0.996,0.952,0.979,-0.022,-2.1978,231.74,22.367
150264.SZ,20180206,0.992,0.902,0.953,0.902,0.902,-0.09,-9.0726,340.94,31.377
150265.SZ,20180206,1.041,1.139,1.139,0.962,1.041,0.0,0.0,26714.73,2591.58
150266.SZ,20180206,1.305,1.3,1.316,1.274,1.279,-0.026,-1.9923,1420.51,185.245
150267.SZ,20180206,1.013,0.923,1.007,0.923,1.007,-0.006,-0.5923,2.03,0.204
150268.SZ,20180206,1.395,1.362,1.39,1.301,1.39,-0.005,-0.3584,682.01,90.689
150269.SZ,20180206,0.862,0.862,0.864,0.86,0.863,0.001,0.116,15372.25,1324.743
150270.SZ,20180206,1.337,1.3,1.369,1.28,1.296,-0.041,-3.0666,57382.78,7555.493
150271.SZ,20180206,0.923,0.92,0.92,0.92,0.92,-0.003,-0.325,2.64,0.242
150272.SZ,20180206,1.1,1.08,1.12,1.04,1.06,-0.04,-3.6364,384.0,41.178
150274.SZ,20180206,0.686,0.675,0.675,0.617,0.617,-0.069,-10.0583,1906.74,120.238
150275.SZ,20180206,0.885,0.884,0.885,0.884,0.885,0.0,0.0,13199.0,1168.041
150276.SZ,20180206,0.639,0.628,0.628,0.576,0.576,-0.063,-9.8592,34854.79,2107.345
150277.SZ,20180206,0.913,0.916,0.924,0.915,0.924,0.011,1.2048,23440.43,2156.055
150278.SZ,20180206,0.488,0.471,0.482,0.439,0.439,-0.049,-10.041,45395.61,2053.706
150279.SZ,20180206,0.959,0.903,0.957,0.903,0.957,-0.002,-0.2086,4.0,0.366
150282.SZ,20180206,0.874,0.79,0.838,0.79,0.838,-0.036,-4.119,515.0,40.77
150283.SZ,20180206,0.882,0.881,0.883,0.881,0.883,0.001,0.1134,12034.1,1061.566
150287.SZ,20180206,0.926,0.922,0.928,0.922,0.926,0.0,0.0,22657.04,2096.949
150288.SZ,20180206,1.064,1.026,1.049,0.962,0.964,-0.1,-9.3985,150690.31,15081.37
150289.SZ,20180206,0.941,0.938,0.95,0.938,0.942,0.001,0.1063,7825.0,741.789
150290.SZ,20180206,0.764,0.733,0.75,0.7,0.705,-0.059,-7.7225,579944.38,41806.144
150291.SZ,20180206,0.973,0.96,1.037,0.951,0.995,0.022,2.261,8407.54,808.544
150292.SZ,20180206,1.086,1.08,1.09,1.03,1.03,-0.056,-5.1565,27645.0,2948.628
150295.SZ,20180206,0.895,0.897,0.9,0.896,0.899,0.004,0.4469,986.2,88.57
150296.SZ,20180206,1.201,1.181,1.181,1.141,1.16,-0.041,-3.4138,798.73,92.871
150298.SZ,20180206,0.568,0.563,0.563,0.524,0.525,-0.043,-7.5704,908.0,48.895
150299.SZ,20180206,0.934,0.937,0.946,0.937,0.94,0.006,0.6424,50834.86,4781.829
150300.SZ,20180206,1.075,1.055,1.06,1.014,1.022,-0.053,-4.9302,242438.01,25070.386
150302.SZ,20180206,1.032,0.959,1.027,0.941,1.011,-0.021,-2.0349,412.52,39.469
150303.SZ,20180206,0.928,0.928,0.934,0.927,0.934,0.006,0.6466,232837.96,21675.469
150304.SZ,20180206,0.549,0.52,0.548,0.494,0.494,-0.055,-10.0182,538383.06,27570.664
150305.SZ,20180206,0.93,0.925,0.925,0.925,0.925,-0.005,-0.5376,1.0,0.092
150306.SZ,20180206,0.596,0.575,0.575,0.571,0.571,-0.025,-4.1946,448.0,25.647
150307.SZ,20180206,0.863,0.864,0.869,0.863,0.869,0.006,0.6952,3042.71,263.682
150308.SZ,20180206,0.788,0.77,0.77,0.709,0.709,-0.079,-10.0254,177.0,12.68
150311.SZ,20180206,0.895,0.895,0.895,0.894,0.894,-0.001,-0.1117,650.0,58.165
150316.SZ,20180206,0.754,0.72,0.728,0.68,0.68,-0.074,-9.8143,976.0,67.632
150321.SZ,20180206,1.134,1.129,1.13,1.127,1.129,-0.005,-0.4409,7034.0,793.698
150322.SZ,20180206,1.536,1.501,1.501,1.439,1.44,-0.096,-6.25,8338.0,1226.612
150323.SZ,20180206,0.959,0.961,0.975,0.961,0.975,0.016,1.6684,27911.75,2705.037
150324.SZ,20180206,0.382,0.381,0.398,0.344,0.344,-0.038,-9.9476,2513.0,90.479
150329.SZ,20180206,0.86,0.86,0.863,0.859,0.863,0.003,0.3488,8870.98,763.628
150330.SZ,20180206,2.011,1.981,1.982,1.869,1.89,-0.121,-6.0169,23615.66,4529.438
150331.SZ,20180206,0.983,0.983,0.992,0.982,0.992,0.009,0.9156,46092.35,4545.811
150332.SZ,20180206,0.333,0.32,0.32,0.3,0.3,-0.033,-9.9099,50120.0,1522.219
150335.SZ,20180206,0.925,0.925,0.927,0.922,0.926,0.001,0.1081,12566.6,1162.56
150336.SZ,20180206,0.887,0.88,0.88,0.798,0.798,-0.089,-10.0338,2506.0,209.945
159001.SZ,20180206,100.0,99.999,100.001,99.996,100.0,0.0,0.0,9280.19,92800.359
159003.SZ,20180206,100.0,99.997,100.001,99.99,100.001,0.001,0.001,18275.31,182748.779
159005.SZ,20180206,100.003,99.998,100.0,99.997,99.999,-0.004,-0.004,28246.16,282459.315
159901.SZ,20180206,5.044,4.963,4.963,4.837,4.86,-0.184,-3.6479,166417.71,81749.814
159902.SZ,20180206,3.481,3.37,3.439,3.327,3.353,-0.128,-3.6771,188569.13,63773.401
159903.SZ,20180206,1.168,1.167,1.167,1.113,1.115,-0.053,-4.5377,13838.0,1574.572
159905.SZ,20180206,1.845,1.82,1.82,1.776,1.803,-0.042,-2.2764,126720.0,22793.25
159906.SZ,20180206,1.023,1.026,1.026,1.0,1.0,-0.023,-2.2483,154.0,15.641
159907.SZ,20180206,1.427,1.402,1.406,1.362,1.362,-0.065,-4.555,2143.0,295.314
159908.SZ,20180206,1.591,1.576,1.635,1.559,1.585,-0.006,-0.3771,539.0,85.377
159909.SZ,20180206,5.13,5.217,5.217,4.903,5.0,-0.13,-2.5341,39.0,19.587
159910.SZ,20180206,1.948,1.944,1.944,1.895,1.898,-0.05,-2.5667,7486.0,1427.945
159911.SZ,20180206,4.346,4.193,4.193,4.087,4.166,-0.18,-4.1417,102.0,42.44
159912.SZ,20180206,1.427,1.427,1.427,1.401,1.418,-0.009,-0.6307,589.0,83.002
159913.SZ,20180206,2.03,1.988,2.052,1.988,2.038,0.008,0.3941,227.01,46.065
159915.SZ,20180206,1.594,1.57,1.578,1.502,1.505,-0.089,-5.5834,6148774.06,953692.726
159916.SZ,20180206,4.102,4.088,4.088,3.96,3.987,-0.115,-2.8035,6038.0,2420.173
159918.SZ,20180206,1.64,1.636,1.636,1.561,1.635,-0.005,-0.3049,973.66,153.87
159919.SZ,20180206,4.645,4.604,4.604,4.49,4.51,-0.135,-2.9064,161826.46,73385.541
159920.SZ,20180206,1.645,1.594,1.608,1.566,1.568,-0.077,-4.6809,5464545.72,865620.82
159922.SZ,20180206,6.152,6.152,6.152,5.849,5.849,-0.303,-4.9252,4741.0,2834.462
159923.SZ,20180206,1.823,1.8,1.813,1.708,1.768,-0.055,-3.017,36210.0,6390.571
159924.SZ,20180206,1.458,1.448,1.448,1.415,1.415,-0.043,-2.9492,979.0,139.822
159925.SZ,20180206,1.784,1.78,1.78,1.727,1.741,-0.043,-2.4103,5802.61,1010.867
159926.SZ,20180206,106.22,106.599,107.196,106.599,107.196,0.976,0.9188,17.0,181.279
159927.SZ,20180206,4.104,4.09,4.096,3.956,3.997,-0.107,-2.6072,37.0,14.852
159928.SZ,20180206,2.363,2.325,2.325,2.25,2.26,-0.103,-4.3589,27437.08,6260.373
159929.SZ,20180206,1.558,1.547,1.547,1.5,1.511,-0.047,-3.0167,9872.01,1495.934
159930.SZ,20180206,0.966,0.96,0.96,0.916,0.93,-0.036,-3.7267,6010.0,563.045
159931.SZ,20180206,1.881,1.86,1.88,1.833,1.852,-0.029,-1.5417,2834.0,523.772
159932.SZ,20180206,1.641,1.625,1.656,1.564,1.653,0.012,0.7313,915.0,145.226
159933.SZ,20180206,2.16,2.125,2.125,2.1,2.112,-0.048,-2.2222,29.0,6.107
159934.SZ,20180206,2.693,2.708,2.727,2.706,2.712,0.019,0.7055,95442.0,25922.041
159935.SZ,20180206,1.617,1.6,1.6,1.6,1.6,-0.017,-1.0513,3.0,0.48
159936.SZ,20180206,1.606,1.55,1.628,1.549,1.593,-0.013,-0.8095,420.0,65.367
159937.SZ,20180206,2.709,2.721,2.743,2.721,2.727,0.018,0.6645,421992.0,115260.189
159938.SZ,20180206,1.315,1.3,1.309,1.271,1.288,-0.027,-2.0532,204554.33,26252.469
159939.SZ,20180206,1.008,1.005,1.005,0.971,0.973,-0.035,-3.4722,45284.0,4457.266
159940.SZ,20180206,1.071,1.062,1.062,1.036,1.038,-0.033,-3.0812,1451.0,151.729
159941.SZ,20180206,1.393,1.369,1.369,1.307,1.313,-0.08,-5.743,6227.19,817.828
159942.SZ,20180206,1.876,1.831,1.849,1.783,1.835,-0.041,-2.1855,354.46,63.453
159943.SZ,20180206,11.4,11.211,11.295,11.007,11.1,-0.3,-2.6316,863.41,958.812
159944.SZ,20180206,0.959,0.943,0.943,0.917,0.922,-0.037,-3.8582,185.0,17.379
159945.SZ,20180206,0.855,0.839,0.848,0.81,0.812,-0.043,-5.0292,1492.0,123.032
159946.SZ,20180206,1.302,1.255,1.255,1.197,1.22,-0.082,-6.298,729.21,88.009
159948.SZ,20180206,1.744,1.733,1.736,1.653,1.653,-0.091,-5.2179,26060.0,4425.884
159949.SZ,20180206,0.645,0.634,0.642,0.606,0.607,-0.038,-5.8915,2818853.11,177040.602
159950.SZ,20180206,1.096,1.08,1.08,1.06,1.06,-0.036,-3.2847,6.0,0.638
159951.SZ,20180206,0.961,0.94,0.94,0.91,0.911,-0.05,-5.2029,1824.13,168.675
159952.SZ,20180206,0.956,0.94,0.948,0.904,0.905,-0.051,-5.3347,612719.05,56954.122
159953.SZ,20180206,0.908,0.906,0.906,0.818,0.892,-0.016,-1.7621,1528.89,131.214
159955.SZ,20180206,0.916,0.916,0.916,0.868,0.87,-0.046,-5.0218,44110.0,3928.217
159957.SZ,20180206,0.963,0.951,0.961,0.923,0.923,-0.04,-4.1537,70993.22,6674.693
159958.SZ,20180206,0.966,0.959,0.959,0.915,0.916,-0.05,-5.176,42524.78,3988.118
160105.SZ,20180206,1.094,1.094,1.097,1.08,1.097,0.003,0.2742,1337.68,144.505
160106.SZ,20180206,1.28,1.267,1.273,1.256,1.259,-0.021,-1.6406,4553.55,574.512
160119.SZ,20180206,1.489,1.48,1.51,1.462,1.464,-0.025,-1.679,3844.66,567.848
160125.SZ,20180206,1.09,1.075,1.075,1.028,1.034,-0.056,-5.1376,2296.0,240.192
160128.SZ,20180206,0.989,0.986,0.99,0.986,0.988,-0.001,-0.1011,3595.0,355.119
160130.SZ,20180206,0.949,0.97,0.971,0.954,0.954,0.005,0.5269,99.0,9.609
160133.SZ,20180206,2.284,2.272,2.272,2.219,2.223,-0.061,-2.6708,3871.14,866.72
160138.SZ,20180206,1.221,1.151,1.196,1.151,1.196,-0.025,-2.0475,464.0,53.458
160140.SZ,20180206,0.93,0.929,0.929,0.882,0.885,-0.045,-4.8387,1127.0,101.2
160211.SZ,20180206,2.825,2.815,2.815,2.7,2.73,-0.095,-3.3628,5842.95,1601.705
160212.SZ,20180206,2.748,2.712,2.712,2.638,2.645,-0.103,-3.7482,48836.95,13055.696
160215.SZ,20180206,1.55,1.535,1.537,1.492,1.498,-0.052,-3.3548,2125.0,322.009
160216.SZ,20180206,0.474,0.47,0.47,0.454,0.454,-0.02,-4.2194,78096.7,3559.773
160220.SZ,20180206,1.347,1.349,1.349,1.342,1.342,-0.005,-0.3712,290.02,39.081
160223.SZ,20180206,0.785,0.78,0.785,0.751,0.752,-0.033,-4.2038,5532.86,425.737
160225.SZ,20180206,0.991,0.985,0.985,0.949,0.949,-0.042,-4.2381,3941.48,379.383
160311.SZ,20180206,1.655,1.607,1.642,1.607,1.61,-0.045,-2.719,2562.44,415.965
160314.SZ,20180206,1.12,1.108,1.111,1.062,1.062,-0.058,-5.1786,1741.0,191.796
160322.SZ,20180206,1.288,1.21,1.278,1.21,1.246,-0.042,-3.2609,2299.16,282.556
160323.SZ,20180206,0.985,0.97,0.987,0.97,0.987,0.002,0.203,1001.0,97.098
160324.SZ,20180206,0.897,0.876,0.876,0.86,0.86,-0.037,-4.1249,7487.07,647.664
160415.SZ,20180206,1.047,1.038,1.038,1.037,1.037,-0.01,-0.9551,17.0,1.763
160416.SZ,20180206,0.958,0.936,0.936,0.915,0.916,-0.042,-4.3841,35689.57,3280.811
160421.SZ,20180206,0.925,0.905,0.922,0.89,0.901,-0.024,-2.5946,37069.25,3362.505
160422.SZ,20180206,1.036,1.023,1.023,1.023,1.023,-0.013,-1.2548,51.0,5.217
160505.SZ,20180206,1.823,1.78,1.809,1.775,1.786,-0.037,-2.0296,211658.76,37941.545
160512.SZ,20180206,1.966,1.927,1.975,1.9,1.9,-0.066,-3.3571,585.0,112.02
160515.SZ,20180206,0.997,0.996,0.999,0.996,0.998,0.001,0.1003,9201.64,918.583
160518.SZ,20180206,0.948,0.948,0.954,0.93,0.933,-0.015,-1.5823,15086.62,1415.129
160519.SZ,20180206,1.007,0.996,0.998,0.986,0.99,-0.017,-1.6882,3685.17,364.048
160520.SZ,20180206,1.003,1.007,1.007,1.007,1.007,0.004,0.3988,4.0,0.402
160607.SZ,20180206,0.829,0.823,0.827,0.817,0.82,-0.009,-1.0856,5413.0,444.941
160610.SZ,20180206,1.047,1.038,1.04,1.038,1.04,-0.007,-0.6686,893.04,92.777
160611.SZ,20180206,0.806,0.805,0.805,0.794,0.794,-0.012,-1.4888,114.0,9.116
160615.SZ,20180206,1.739,1.685,1.701,1.685,1.701,-0.038,-2.1852,69.0,11.707
160616.SZ,20180206,1.285,1.27,1.27,1.257,1.257,-0.028,-2.179,47.0,5.924
160617.SZ,20180206,1.007,1.007,1.007,1.007,1.007,0.0,0.0,31.0,3.121
160635.SZ,20180206,1.067,1.039,1.039,1.039,1.039,-0.028,-2.6242,2.0,0.207
160642.SZ,20180206,0.979,0.93,0.93,0.93,0.93,-0.049,-5.0051,162.0,15.066
160643.SZ,20180206,0.84,0.812,0.812,0.807,0.807,-0.033,-3.9286,681.0,55.013
160644.SZ,20180206,0.967,0.93,0.955,0.929,0.929,-0.038,-3.9297,306.0,28.538
160706.SZ,20180206,1.189,1.182,1.182,1.158,1.165,-0.024,-2.0185,64066.85,7495.804
160716.SZ,20180206,1.754,1.74,1.74,1.707,1.719,-0.035,-1.9954,11539.57,1988.895
160717.SZ,20180206,0.916,0.9,0.9,0.876,0.88,-0.036,-3.9301,39678.24,3508.161
160719.SZ,20180206,0.692,0.699,0.699,0.688,0.692,0.0,0.0,17549.64,1215.182
160720.SZ,20180206,1.052,1.053,1.053,1.053,1.053,0.001,0.0951,1.0,0.105
160722.SZ,20180206,1.003,1.002,1.002,0.977,0.985,-0.018,-1.7946,63730.65,6288.776
160723.SZ,20180206,1.125,1.06,1.115,1.06,1.109,-0.016,-1.4222,226.0,24.97
160805.SZ,20180206,0.871,0.846,0.847,0.846,0.847,-0.024,-2.7555,101.0,8.554
160806.SZ,20180206,1.482,1.474,1.479,1.443,1.443,-0.039,-2.6316,26.31,3.843
160807.SZ,20180206,1.384,1.395,1.395,1.35,1.35,-0.034,-2.4566,17.0,2.349
160812.SZ,20180206,1.549,1.542,1.542,1.521,1.521,-0.028,-1.8076,1938.14,295.734
160813.SZ,20180206,0.877,0.875,0.875,0.855,0.857,-0.02,-2.2805,4741.84,411.227
160910.SZ,20180206,1.05,1.078,1.078,1.036,1.036,-0.014,-1.3333,464.0,48.185
160915.SZ,20180206,1.124,1.12,1.12,1.12,1.12,-0.004,-0.3559,21.0,2.352
160916.SZ,20180206,2.786,2.782,2.782,2.7,2.7,-0.086,-3.0869,2955.57,801.662
160918.SZ,20180206,2.011,2.022,2.022,1.985,2.003,-0.008,-0.3978,1685.51,338.729
160919.SZ,20180206,1.156,1.15,1.16,1.146,1.146,-0.01,-0.8651,1170.5,134.612
160922.SZ,20180206,1.173,1.125,1.169,1.104,1.114,-0.059,-5.0298,1043.87,116.652
160924.SZ,20180206,1.093,1.058,1.058,1.052,1.052,-0.041,-3.7511,65.54,6.922
161005.SZ,20180206,2.117,2.099,2.106,2.015,2.026,-0.091,-4.2985,15708.0,3228.477
161010.SZ,20180206,1.039,1.035,1.037,1.024,1.029,-0.01,-0.9625,13231.0,1357.81
161014.SZ,20180206,1.012,1.007,1.007,1.006,1.007,-0.005,-0.4941,403.77,40.653
161015.SZ,20180206,0.932,0.934,0.934,0.934,0.934,0.002,0.2146,1.0,0.093
161017.SZ,20180206,2.206,2.206,2.206,2.14,2.144,-0.062,-2.8105,3045.42,660.899
161019.SZ,20180206,0.98,0.981,0.981,0.98,0.98,0.0,0.0,22361.0,2192.964
161033.SZ,20180206,0.94,0.937,0.938,0.901,0.901,-0.039,-4.1489,2527.72,231.885
161035.SZ,20180206,0.967,0.958,0.958,0.948,0.948,-0.019,-1.9648,135.0,12.846
161036.SZ,20180206,0.844,0.832,0.842,0.822,0.823,-0.021,-2.4882,385.0,31.782
161037.SZ,20180206,1.067,1.104,1.104,1.051,1.052,-0.015,-1.4058,386.0,40.64
161115.SZ,20180206,1.34,1.32,1.32,1.31,1.31,-0.03,-2.2388,39.0,5.138
161116.SZ,20180206,0.709,0.717,0.717,0.709,0.71,0.001,0.141,8184.0,581.775
161117.SZ,20180206,1.001,0.998,1.0,0.998,1.0,-0.001,-0.0999,1432.0,143.188
161119.SZ,20180206,1.237,1.239,1.24,1.236,1.237,0.0,0.0,39.06,4.832
161124.SZ,20180206,1.115,1.1,1.1,1.016,1.054,-0.061,-5.4709,4449.68,470.395
161125.SZ,20180206,1.08,1.04,1.04,1.023,1.023,-0.057,-5.2778,15852.24,1630.956
161126.SZ,20180206,1.126,1.107,1.107,1.065,1.065,-0.061,-5.4174,478.0,51.621
161127.SZ,20180206,1.27,1.25,1.25,1.194,1.194,-0.076,-5.9843,4913.78,591.024
161128.SZ,20180206,1.24,1.166,1.18,1.141,1.147,-0.093,-7.5,1225.59,141.347
161129.SZ,20180206,1.065,1.038,1.052,1.02,1.047,-0.018,-1.6901,280.0,29.222
161130.SZ,20180206,1.109,1.051,1.099,1.017,1.017,-0.092,-8.2958,1520.11,157.169
161210.SZ,20180206,1.083,1.087,1.099,1.026,1.026,-0.057,-5.2632,1456.01,152.899
161213.SZ,20180206,1.659,1.631,1.645,1.611,1.645,-0.014,-0.8439,35.0,5.698
161217.SZ,20180206,0.813,0.804,0.812,0.782,0.792,-0.021,-2.583,1057.0,84.877
161219.SZ,20180206,1.293,1.302,1.302,1.255,1.255,-0.038,-2.9389,87.0,11.255
161222.SZ,20180206,1.224,1.205,1.205,1.193,1.194,-0.03,-2.451,129.0,15.519
161224.SZ,20180206,0.992,0.992,0.992,0.928,0.986,-0.006,-0.6048,289.0,27.464
161225.SZ,20180206,1.196,1.151,1.186,1.151,1.153,-0.043,-3.5953,299.0,34.74
161226.SZ,20180206,0.823,0.821,0.835,0.82,0.83,0.007,0.8505,31304.73,2593.141
161227.SZ,20180206,1.062,1.062,1.062,1.032,1.035,-0.027,-2.5424,6494.47,677.521
161229.SZ,20180206,1.425,1.317,1.398,1.317,1.349,-0.076,-5.3333,400.0,53.826
1612301.SZ,20180206,0.988,0.991,0.991,0.991,0.991,0.003,0.3036,3.0,0.297
161232.SZ,20180206,0.765,0.76,0.77,0.731,0.741,-0.024,-3.1373,8231.0,608.929
161233.SZ,20180206,0.93,0.93,0.93,0.93,0.93,0.0,0.0,8.0,0.744
161505.SZ,20180206,1.085,1.079,1.194,1.079,1.194,0.109,10.0461,398.76,45.491
161607.SZ,20180206,1.291,1.272,1.272,1.271,1.271,-0.02,-1.5492,270.0,34.343
161610.SZ,20180206,1.042,1.02,1.025,1.0,1.005,-0.037,-3.5509,3160.0,318.329
161631.SZ,20180206,0.949,0.94,0.942,0.899,0.9,-0.049,-5.1633,29950.23,2758.946
161706.SZ,20180206,1.702,1.716,1.716,1.642,1.674,-0.028,-1.6451,928.0,156.306
161713.SZ,20180206,1.006,1.007,1.007,1.007,1.007,0.001,0.0994,100.0,10.07
161714.SZ,20180206,1.105,1.092,1.118,1.016,1.036,-0.069,-6.2443,9698.0,1040.299
161715.SZ,20180206,1.138,1.126,1.126,1.072,1.072,-0.066,-5.7996,1009.59,110.831
161716.SZ,20180206,1.107,1.11,1.11,1.11,1.11,0.003,0.271,1.0,0.111
161727.SZ,20180206,1.043,1.035,1.035,1.033,1.034,-0.009,-0.8629,157.02,16.247
161810.SZ,20180206,1.55,1.55,1.589,1.506,1.506,-0.044,-2.8387,351.08,53.427
161813.SZ,20180206,1.278,1.28,1.28,1.28,1.28,0.002,0.1565,36.0,4.608
161815.SZ,20180206,0.467,0.467,0.468,0.461,0.462,-0.005,-1.0707,7979.0,369.722
161820.SZ,20180206,1.081,1.08,1.08,1.08,1.08,-0.001,-0.0925,123.0,13.284
161831.SZ,20180206,1.111,1.082,1.093,1.051,1.052,-0.059,-5.3105,10186.37,1090.584
161834.SZ,20180206,0.777,0.775,0.775,0.754,0.756,-0.021,-2.7027,41520.77,3163.019
161903.SZ,20180206,0.879,0.85,0.869,0.85,0.869,-0.01,-1.1377,494.8,42.244
161907.SZ,20180206,1.847,1.846,1.846,1.744,1.78,-0.067,-3.6275,30.0,5.338
161908.SZ,20180206,0.897,0.898,0.898,0.898,0.898,0.001,0.1115,1.0,0.089
161911.SZ,20180206,0.955,0.953,0.956,0.952,0.955,0.0,0.0,12224.0,1167.021
162006.SZ,20180206,1.24,1.214,1.245,1.213,1.213,-0.027,-2.1774,410.93,50.031
162105.SZ,20180206,1.079,1.099,1.099,1.073,1.073,-0.006,-0.5561,60.0,6.503
162108.SZ,20180206,1.085,1.086,1.087,1.086,1.087,0.002,0.1843,90.0,9.779
162207.SZ,20180206,1.5,1.462,1.489,1.417,1.445,-0.055,-3.6667,683.0,98.697
162307.SZ,20180206,1.41,1.388,1.418,1.378,1.418,0.008,0.5674,101.0,14.01
162411.SZ,20180206,0.56,0.543,0.544,0.536,0.536,-0.024,-4.2857,663571.0,35930.465
162414.SZ,20180206,1.198,1.194,1.194,1.194,1.194,-0.004,-0.3339,9.0,1.074
162415.SZ,20180206,1.264,1.23,1.23,1.201,1.205,-0.059,-4.6677,2433.51,294.433
162510.SZ,20180206,1.007,1.002,1.002,0.966,0.966,-0.041,-4.0715,87.0,8.489
162605.SZ,20180206,1.338,1.317,1.317,1.281,1.285,-0.053,-3.9611,84575.68,10931.351
162607.SZ,20180206,0.485,0.482,0.487,0.474,0.474,-0.011,-2.268,4330.88,207.64
162703.SZ,20180206,1.376,1.373,1.373,1.33,1.332,-0.044,-3.1977,4134.07,557.387
162711.SZ,20180206,1.27,1.249,1.278,1.232,1.232,-0.038,-2.9921,339.0,42.361
162712.SZ,20180206,1.431,1.432,1.434,1.432,1.434,0.003,0.2096,864.0,123.824
162715.SZ,20180206,1.17,1.108,1.109,1.108,1.109,-0.061,-5.2137,12.0,1.33
162717.SZ,20180206,1.0,1.0,1.0,0.993,0.998,-0.002,-0.2,11955.75,1192.006
162718.SZ,20180206,0.95,0.931,0.931,0.93,0.931,-0.019,-2.0,327.36,30.465
162719.SZ,20180206,0.979,0.968,0.968,0.94,0.94,-0.039,-3.9837,457.13,43.074
163001.SZ,20180206,0.891,0.861,0.882,0.857,0.857,-0.034,-3.8159,125.0,10.776
163110.SZ,20180206,2.286,2.279,2.279,2.23,2.23,-0.056,-2.4497,3236.0,726.234
163111.SZ,20180206,1.096,1.08,1.081,1.063,1.069,-0.027,-2.4635,1018.41,109.09
163119.SZ,20180206,0.862,0.855,0.855,0.855,0.855,-0.007,-0.8121,49.0,4.189
163208.SZ,20180206,0.868,0.824,0.917,0.824,0.887,0.019,2.1889,68721.0,5992.777
163210.SZ,20180206,1.014,1.013,1.015,1.01,1.012,-0.002,-0.1972,5282.41,535.027
163302.SZ,20180206,1.381,1.368,1.389,1.368,1.368,-0.013,-0.9413,343.73,47.116
163402.SZ,20180206,0.957,0.949,0.949,0.931,0.933,-0.024,-2.5078,213114.62,19983.307
163407.SZ,20180206,1.984,1.967,1.969,1.945,1.955,-0.029,-1.4617,3714.6,727.723
163409.SZ,20180206,1.544,1.501,1.501,1.495,1.495,-0.049,-3.1736,428.0,64.195
163412.SZ,20180206,3.405,3.391,3.392,3.331,3.333,-0.072,-2.1145,44664.14,15003.076
163415.SZ,20180206,1.365,1.33,1.364,1.326,1.326,-0.039,-2.8571,1212.87,161.337
163503.SZ,20180206,0.498,0.503,0.503,0.496,0.496,-0.002,-0.4016,403.0,20.057
163801.SZ,20180206,1.304,1.299,1.299,1.25,1.25,-0.054,-4.1411,1852.37,233.6
163819.SZ,20180206,1.116,1.116,1.222,1.095,1.095,-0.021,-1.8817,426.21,48.487
163821.SZ,20180206,1.502,1.475,1.475,1.475,1.475,-0.027,-1.7976,37.0,5.457
163827.SZ,20180206,0.963,0.99,0.99,0.99,0.99,0.027,2.8037,1.0,0.099
164210.SZ,20180206,1.004,1.004,1.004,1.004,1.004,0.0,0.0,1.0,0.1
164302.SZ,20180206,1.056,1.057,1.08,1.056,1.08,0.024,2.2727,28.0,2.963
164403.SZ,20180206,1.026,1.021,1.021,0.96,0.99,-0.036,-3.5088,260.0,25.58
164509.SZ,20180206,1.039,1.039,1.1,1.036,1.1,0.061,5.871,676.0,73.134
164701.SZ,20180206,0.604,0.606,0.606,0.599,0.599,-0.005,-0.8278,3675.0,221.375
164702.SZ,20180206,0.981,0.981,0.981,0.981,0.981,0.0,0.0,56.0,5.493
164703.SZ,20180206,0.835,0.835,0.835,0.831,0.831,-0.004,-0.479,17.0,1.419
164705.SZ,20180206,1.275,1.2,1.27,1.2,1.246,-0.029,-2.2745,1847.85,223.322
164808.SZ,20180206,0.992,0.992,0.992,0.992,0.992,0.0,0.0,27.86,2.763
164810.SZ,20180206,0.966,0.974,0.974,0.965,0.967,0.001,0.1035,463.0,44.755
164814.SZ,20180206,1.015,1.022,1.022,1.022,1.022,0.007,0.6897,32.0,3.27
164823.SZ,20180206,0.947,0.935,0.936,0.903,0.915,-0.032,-3.3791,1870.0,172.196
164906.SZ,20180206,1.456,1.399,1.41,1.357,1.357,-0.099,-6.7995,37128.29,5131.723
165309.SZ,20180206,1.3,1.281,1.294,1.281,1.294,-0.006,-0.4615,419.75,54.017
165313.SZ,20180206,1.472,1.458,1.469,1.44,1.441,-0.031,-2.106,128.0,18.523
165317.SZ,20180206,0.93,0.93,0.93,0.93,0.93,0.0,0.0,93.0,8.649
165508.SZ,20180206,2.004,2.041,2.041,1.955,2.032,0.028,1.3972,66.0,13.029
165510.SZ,20180206,0.896,0.859,0.866,0.838,0.85,-0.046,-5.1339,564.0,47.991
165512.SZ,20180206,2.726,2.714,2.78,2.714,2.78,0.054,1.9809,8.0,2.217
165513.SZ,20180206,0.448,0.448,0.448,0.431,0.438,-0.01,-2.2321,4879.0,213.042
165516.SZ,20180206,2.108,2.108,2.108,2.108,2.108,0.0,0.0,1.0,0.21
165517.SZ,20180206,0.762,0.763,0.767,0.763,0.767,0.005,0.6562,7.0,0.536
165525.SZ,20180206,1.098,1.071,1.095,1.071,1.071,-0.027,-2.459,961.88,104.093
165528.SZ,20180206,1.006,0.98,1.008,0.97,0.97,-0.036,-3.5785,1610.04,157.315
165807.SZ,20180206,1.072,1.068,1.068,1.068,1.068,-0.004,-0.3731,4.0,0.427
166001.SZ,20180206,1.087,1.081,1.093,1.05,1.074,-0.013,-1.196,1537.0,164.655
166006.SZ,20180206,1.243,1.229,1.229,1.2,1.216,-0.027,-2.1722,963.0,116.87
166007.SZ,20180206,1.51,1.512,1.512,1.512,1.512,0.002,0.1325,9.0,1.36
166009.SZ,20180206,1.754,1.761,1.771,1.688,1.688,-0.066,-3.7628,23.0,4.012
166011.SZ,20180206,1.496,1.479,1.479,1.463,1.463,-0.033,-2.2059,1205.0,176.744
166012.SZ,20180206,1.075,1.075,1.075,1.075,1.075,0.0,0.0,97.0,10.427
166016.SZ,20180206,1.136,1.126,1.127,1.125,1.127,-0.009,-0.7923,699.0,78.681
166024.SZ,20180206,0.975,0.969,0.969,0.94,0.94,-0.035,-3.5897,58633.98,5560.051
166402.SZ,20180206,1.17,1.135,1.135,1.123,1.123,-0.047,-4.0171,21.0,2.36
166902.SZ,20180206,0.988,1.02,1.02,1.018,1.018,0.03,3.0364,110.0,11.2
167001.SZ,20180206,0.752,0.748,0.751,0.727,0.731,-0.021,-2.7926,15185.32,1125.62
167002.SZ,20180206,0.9,0.841,0.897,0.841,0.897,-0.003,-0.3333,60.0,5.174
167501.SZ,20180206,1.116,1.117,1.119,1.117,1.119,0.003,0.2688,67.0,7.493
168002.SZ,20180206,0.934,0.932,0.934,0.932,0.934,0.0,0.0,102.0,9.526
168101.SZ,20180206,0.957,0.947,0.947,0.93,0.935,-0.022,-2.2989,12878.56,1208.397
168102.SZ,20180206,0.809,0.8,0.804,0.782,0.789,-0.02,-2.4722,8031.42,632.906
168103.SZ,20180206,0.759,0.755,0.755,0.74,0.744,-0.015,-1.9763,78493.35,5853.551
168104.SZ,20180206,0.96,0.946,0.946,0.944,0.946,-0.014,-1.4583,68450.0,6474.524
168105.SZ,20180206,0.761,0.761,0.761,0.732,0.736,-0.025,-3.2852,5424.0,402.447
168106.SZ,20180206,0.85,0.79,0.845,0.79,0.845,-0.005,-0.5882,2.0,0.163
168108.SZ,20180206,0.92,0.886,0.886,0.886,0.886,-0.034,-3.6957,22.0,1.949
168301.SZ,20180206,0.891,0.872,0.89,0.87,0.881,-0.01,-1.1223,34263.88,2985.02
168401.SZ,20180206,0.95,0.947,0.947,0.945,0.945,-0.005,-0.5263,1401.0,132.494
169101.SZ,20180206,1.557,1.543,1.549,1.5,1.506,-0.051,-3.2755,203505.67,30945.551
169102.SZ,20180206,1.502,1.5,1.5,1.43,1.464,-0.038,-2.53,4838.0,713.135
169103.SZ,20180206,1.616,1.616,1.616,1.551,1.569,-0.047,-2.9084,1490.0,234.863
169104.SZ,20180206,1.518,1.503,1.503,1.451,1.46,-0.058,-3.8208,3477.09,511.757
169105.SZ,20180206,1.637,1.634,1.634,1.55,1.55,-0.087,-5.3146,118226.0,18623.559
169201.SZ,20180206,0.942,0.93,0.941,0.911,0.939,-0.003,-0.3185,812.01,74.998
184801.SZ,20180206,90.0,89.239,89.999,88.33,89.44,-0.56,-0.6222,222.9,1979.896
501000.SH,20180206,1.266,1.255,1.258,1.25,1.256,-0.01,-0.7899,275.85,34.6
501001.SH,20180206,1.18,1.179,1.214,1.148,1.197,0.017,1.4407,2039.0,238.606
501002.SH,20180206,0.882,0.88,0.882,0.848,0.849,-0.033,-3.7415,141.0,12.06
501003.SH,20180206,1.02,0.998,0.998,0.998,0.998,-0.022,-2.1569,100.0,9.98
501005.SH,20180206,0.895,0.888,0.888,0.87,0.87,-0.025,-2.7933,4309.22,375.847
501007.SH,20180206,0.88,0.88,0.88,0.852,0.852,-0.028,-3.1818,253.0,21.703
501008.SH,20180206,0.878,0.851,0.851,0.832,0.832,-0.046,-5.2392,10.0,0.849
501009.SH,20180206,1.049,1.038,1.038,1.01,1.01,-0.039,-3.7178,245.28,24.927
501010.SH,20180206,1.053,1.04,1.04,1.005,1.005,-0.048,-4.5584,118.0,11.938
501011.SH,20180206,1.009,1.0,1.002,0.996,1.0,-0.009,-0.892,124.49,12.431
501012.SH,20180206,0.974,0.996,0.996,0.959,0.959,-0.015,-1.54,163.0,15.662
501015.SH,20180206,0.964,0.958,0.958,0.924,0.925,-0.039,-4.0456,32865.61,3074.439
501016.SH,20180206,1.036,1.008,1.03,0.988,0.988,-0.048,-4.6332,1700.56,170.525
501017.SH,20180206,0.92,0.918,0.918,0.908,0.909,-0.011,-1.1957,1299.97,118.522
501018.SH,20180206,1.052,1.05,1.05,1.013,1.023,-0.029,-2.7567,8229.0,841.198
501019.SH,20180206,0.758,0.75,0.75,0.689,0.689,-0.069,-9.1029,7711.57,557.498
501020.SH,20180206,1.114,1.084,1.099,1.071,1.073,-0.041,-3.6804,463.0,50.029
501021.SH,20180206,1.462,1.429,1.429,1.373,1.389,-0.073,-4.9932,104137.0,14494.603
501022.SH,20180206,0.823,0.791,0.821,0.79,0.797,-0.026,-3.1592,3486.34,280.037
501023.SH,20180206,1.204,1.198,1.198,1.114,1.128,-0.076,-6.3123,3736.79,421.324
501025.SH,20180206,1.22,1.223,1.223,1.15,1.171,-0.049,-4.0164,8939.4,1054.25
501026.SH,20180206,0.866,0.856,0.865,0.839,0.839,-0.027,-3.1178,64658.0,5444.595
501027.SH,20180206,1.004,1.001,1.002,1.001,1.001,-0.003,-0.2988,849.8,85.12
501028.SH,20180206,0.903,0.891,0.891,0.863,0.88,-0.023,-2.5471,7747.28,682.573
501029.SH,20180206,1.154,1.146,1.146,1.113,1.119,-0.035,-3.0329,169387.31,19140.018
501030.SH,20180206,0.817,0.815,0.815,0.775,0.779,-0.038,-4.6512,891.0,70.49
501031.SH,20180206,0.81,0.81,0.81,0.78,0.78,-0.03,-3.7037,33.0,2.608
501032.SH,20180206,0.898,0.898,0.902,0.898,0.901,0.003,0.3341,460.97,41.411
501035.SH,20180206,0.997,0.994,1.018,0.992,0.994,-0.003,-0.3009,11016.03,1095.591
501036.SH,20180206,0.923,0.923,0.95,0.923,0.939,0.016,1.7335,2393.75,224.178
501037.SH,20180206,0.939,0.91,0.91,0.895,0.898,-0.041,-4.3663,462.03,41.61
501038.SH,20180206,1.102,1.092,1.096,1.067,1.072,-0.03,-2.7223,78125.92,8430.598
501040.SH,20180206,1.0,0.99,0.99,0.987,0.987,-0.013,-1.3,300.0,29.688
501043.SH,20180206,1.088,1.125,1.125,1.09,1.096,0.008,0.7353,605.0,66.392
501045.SH,20180206,1.096,1.095,1.095,1.056,1.057,-0.039,-3.5584,2032.59,216.405
501046.SH,20180206,0.897,0.89,0.896,0.885,0.889,-0.008,-0.8919,8052.3,720.141
501047.SH,20180206,1.018,0.984,0.984,0.98,0.98,-0.038,-3.7328,146.0,14.355
501048.SH,20180206,1.0,0.99,0.992,0.96,0.96,-0.04,-4.0,1759.9,171.735
501050.SH,20180206,1.313,1.297,1.297,1.258,1.264,-0.049,-3.7319,28472.85,3628.721
501051.SH,20180206,1.06,1.057,1.057,1.041,1.041,-0.019,-1.7925,17271.49,1810.182
501106.SH,20180206,1.003,0.996,1.001,0.996,1.001,-0.002,-0.1994,30.84,3.082
501300.SH,20180206,0.924,0.921,0.928,0.921,0.923,-0.001,-0.1082,943.0,87.16
501301.SH,20180206,1.261,1.23,1.23,1.202,1.208,-0.053,-4.203,4443.02,538.758
501302.SH,20180206,1.128,1.11,1.238,1.07,1.108,-0.02,-1.773,151.0,16.494
501303.SH,20180206,1.005,0.97,0.97,0.97,0.97,-0.035,-3.4826,51.0,4.947
501305.SH,20180206,1.025,1.01,1.01,0.97,0.972,-0.053,-5.1707,7101.17,698.789
501306.SH,20180206,1.033,1.01,1.01,0.981,0.982,-0.051,-4.9371,1032.24,102.188
502003.SH,20180206,0.812,0.801,0.81,0.776,0.797,-0.015,-1.8473,367.0,28.829
502004.SH,20180206,0.884,0.886,0.89,0.884,0.89,0.006,0.6787,84583.27,7500.357
502005.SH,20180206,0.725,0.7,0.715,0.655,0.656,-0.069,-9.5172,8167.77,561.109
502006.SH,20180206,1.133,1.12,1.12,1.1,1.107,-0.026,-2.2948,2557.63,283.233
502007.SH,20180206,0.959,0.984,0.984,0.959,0.98,0.021,2.1898,219.28,21.534
502008.SH,20180206,1.289,1.238,1.288,1.192,1.268,-0.021,-1.6292,1610.06,195.829
502010.SH,20180206,1.114,1.101,1.107,1.062,1.066,-0.048,-4.3088,665.04,72.323
502011.SH,20180206,0.918,0.97,0.97,0.97,0.97,0.052,5.6645,1.0,0.097
502012.SH,20180206,1.32,1.302,1.317,1.25,1.281,-0.039,-2.9545,2235.58,285.031
502013.SH,20180206,0.881,0.876,0.877,0.854,0.855,-0.026,-2.9512,5279.61,455.998
502014.SH,20180206,0.928,0.92,0.927,0.904,0.904,-0.024,-2.5862,2492.47,230.685
502015.SH,20180206,0.838,0.828,0.828,0.795,0.795,-0.043,-5.1313,5210.93,420.602
502016.SH,20180206,1.013,1.013,1.013,1.013,1.013,0.0,0.0,7.15,0.724
502020.SH,20180206,1.097,1.099,1.099,1.099,1.099,0.002,0.1823,19.0,2.088
502021.SH,20180206,0.95,0.903,0.94,0.903,0.94,-0.01,-1.0526,201.0,18.154
502022.SH,20180206,1.204,1.161,1.182,1.161,1.182,-0.022,-1.8272,14.76,1.731
502023.SH,20180206,1.134,1.14,1.14,1.102,1.102,-0.032,-2.8219,206.14,23.14
502025.SH,20180206,1.277,1.261,1.261,1.261,1.261,-0.016,-1.2529,80.0,10.088
502026.SH,20180206,0.766,0.741,0.758,0.723,0.745,-0.021,-2.7415,645.91,47.289
502028.SH,20180206,0.597,0.654,0.654,0.654,0.654,0.057,9.5477,1.0,0.065
502036.SH,20180206,0.925,0.927,0.927,0.886,0.921,-0.004,-0.4324,9.23,0.829
502040.SH,20180206,1.319,1.336,1.336,1.335,1.335,0.016,1.213,36.0,4.806
502042.SH,20180206,1.552,1.552,1.552,1.552,1.552,0.0,0.0,22.47,3.487
502048.SH,20180206,1.035,1.016,1.028,1.009,1.012,-0.023,-2.2222,43811.68,4443.352
502049.SH,20180206,0.856,0.857,0.859,0.855,0.859,0.003,0.3505,152113.48,13035.751
502050.SH,20180206,1.216,1.194,1.2,1.156,1.163,-0.053,-4.3586,164312.46,19280.737
502053.SH,20180206,1.01,0.91,1.111,0.91,0.913,-0.097,-9.604,433.44,40.625
502055.SH,20180206,0.917,0.88,0.905,0.826,0.854,-0.063,-6.8702,2450.0,211.789
502056.SH,20180206,0.929,0.93,0.93,0.905,0.905,-0.024,-2.5834,131.0,11.982
502058.SH,20180206,0.978,0.94,0.959,0.9,0.9,-0.078,-7.9755,141.0,12.956
505888.SH,20180206,1.062,1.057,1.063,1.055,1.059,-0.003,-0.2825,564230.72,59762.882
510010.SH,20180206,1.284,1.284,1.284,1.246,1.28,-0.004,-0.3115,1526.0,192.592
510020.SH,20180206,3.093,3.06,3.066,3.036,3.064,-0.029,-0.9376,479.2,145.709
510030.SH,20180206,5.76,5.67,5.838,5.637,5.677,-0.083,-1.441,1532.0,871.166
510050.SH,20180206,3.18,3.131,3.146,3.089,3.11,-0.07,-2.2013,17298860.45,5384711.724
510060.SH,20180206,2.13,2.13,2.13,2.075,2.09,-0.04,-1.8779,11568.37,2422.038
510070.SH,20180206,1.871,1.834,1.834,1.797,1.799,-0.072,-3.8482,1074.0,193.263
510110.SH,20180206,4.08,4.019,4.02,4.01,4.01,-0.07,-1.7157,46.0,18.477
510120.SH,20180206,3.067,2.99,2.99,2.99,2.99,-0.077,-2.5106,1.0,0.299
510130.SH,20180206,4.144,4.067,4.067,3.994,3.995,-0.149,-3.5956,534.0,216.105
510150.SH,20180206,5.07,5.008,5.008,4.825,4.91,-0.16,-3.1558,326.0,160.186
510160.SH,20180206,0.663,0.663,0.663,0.644,0.644,-0.019,-2.8658,18515.0,1203.118
510170.SH,20180206,2.148,2.107,2.128,2.062,2.098,-0.05,-2.3277,169.0,35.606
510180.SH,20180206,3.74,3.698,3.71,3.621,3.626,-0.114,-3.0481,217745.01,79540.136
510190.SH,20180206,3.892,3.834,3.838,3.749,3.751,-0.141,-3.6228,892.99,338.491
510210.SH,20180206,3.95,3.9,4.087,3.831,4.087,0.137,3.4684,446.0,174.06
510220.SH,20180206,4.14,4.12,4.12,4.0,4.049,-0.091,-2.1981,491.0,197.701
510230.SH,20180206,7.116,7.05,7.09,6.909,6.952,-0.164,-2.3047,21590.0,15065.661
510260.SH,20180206,1.188,1.16,1.172,1.149,1.153,-0.035,-2.9461,971.0,111.987
510270.SH,20180206,1.29,1.268,1.314,1.225,1.285,-0.005,-0.3876,1321.3,167.124
510280.SH,20180206,1.892,1.866,1.929,1.86,1.888,-0.004,-0.2114,704.0,131.676
510290.SH,20180206,1.548,1.537,1.537,1.476,1.476,-0.072,-4.6512,4956.0,745.773
510300.SH,20180206,4.263,4.2,4.213,4.136,4.143,-0.12,-2.8149,3131731.33,1306561.662
510310.SH,20180206,1.809,1.798,1.798,1.755,1.759,-0.05,-2.764,58247.0,10303.621
510330.SH,20180206,4.691,4.545,4.626,4.48,4.492,-0.199,-4.2422,53160.0,24037.274
510360.SH,20180206,1.338,1.338,1.338,1.295,1.3,-0.038,-2.8401,240059.0,31391.474
510390.SH,20180206,4.255,4.154,4.195,4.13,4.139,-0.116,-2.7262,46976.4,19568.595
510410.SH,20180206,0.866,0.842,0.858,0.822,0.841,-0.025,-2.8868,8715.01,733.273
510420.SH,20180206,1.545,1.525,1.525,1.525,1.525,-0.02,-1.2945,1.0,0.153
510430.SH,20180206,1.683,1.645,1.645,1.63,1.63,-0.053,-3.1491,50.0,8.218
510440.SH,20180206,1.92,1.75,1.917,1.75,1.778,-0.142,-7.3958,13.0,2.445
510500.SH,20180206,6.292,6.19,6.232,5.996,6.007,-0.285,-4.5296,827309.88,507931.379
510510.SH,20180206,1.667,1.663,1.663,1.585,1.585,-0.082,-4.919,272047.0,44425.149
510520.SH,20180206,1.541,1.644,1.644,1.503,1.528,-0.013,-0.8436,89.0,13.612
510560.SH,20180206,1.276,1.24,1.24,1.196,1.239,-0.037,-2.8997,34.93,4.237
510580.SH,20180206,5.957,5.9,5.9,5.606,5.703,-0.254,-4.2639,179.0,103.352
510630.SH,20180206,2.334,2.34,2.34,2.238,2.259,-0.075,-3.2134,8255.0,1880.592
510650.SH,20180206,2.099,2.09,2.09,2.0,2.059,-0.04,-1.9057,917.0,188.724
510660.SH,20180206,1.818,1.815,1.815,1.739,1.747,-0.071,-3.9054,13101.0,2302.525
510680.SH,20180206,2.626,2.57,2.597,2.549,2.597,-0.029,-1.1043,82.0,21.069
510710.SH,20180206,3.355,3.345,3.345,3.27,3.283,-0.072,-2.1461,18726.76,6168.287
510800.SH,20180206,1.061,1.051,1.058,1.033,1.04,-0.021,-1.9793,53004.0,5519.489
510810.SH,20180206,1.002,0.99,0.997,0.97,0.974,-0.028,-2.7944,34332.46,3356.683
510880.SH,20180206,3.303,3.268,3.269,3.2,3.215,-0.088,-2.6642,153874.23,49747.161
510900.SH,20180206,1.391,1.345,1.357,1.318,1.32,-0.071,-5.1042,15539736.51,2079226.143
511010.SH,20180206,109.996,110.062,110.214,109.976,109.982,-0.014,-0.0127,4565.0,50213.389
511220.SH,20180206,93.35,93.001,93.58,93.001,93.16,-0.19,-0.2035,124.0,1158.097
511260.SH,20180206,98.17,98.173,98.2,97.951,98.001,-0.169,-0.1722,116.8,1144.684
511600.SH,20180206,100.002,99.998,100.0,99.996,100.0,-0.002,-0.002,4580.82,45807.537
511620.SH,20180206,99.976,99.979,99.979,99.979,99.979,0.003,0.003,13.12,131.172
511650.SH,20180206,100.0,99.991,100.002,99.991,99.999,-0.001,-0.001,34123.5,341225.947
511660.SH,20180206,100.013,100.004,100.012,100.003,100.012,-0.001,-0.001,194294.02,1943089.646
511670.SH,20180206,99.998,99.996,99.998,99.991,99.997,-0.001,-0.001,5325.39,53251.68
511680.SH,20180206,99.989,99.98,99.989,99.98,99.989,0.0,0.0,31.27,312.66
511690.SH,20180206,100.012,100.001,100.017,100.001,100.016,0.004,0.004,36211.1,362148.034
511700.SH,20180206,100.004,99.999,100.004,99.995,100.001,-0.003,-0.003,12971.18,129711.857
511770.SH,20180206,100.001,99.992,100.005,99.992,100.0,-0.001,-0.001,237.03,2370.289
511800.SH,20180206,100.0,99.995,100.0,99.992,99.998,-0.002,-0.002,2381.81,23817.055
511810.SH,20180206,100.009,99.999,100.01,99.999,100.007,-0.002,-0.002,130066.25,1300752.873
511820.SH,20180206,100.005,99.995,100.003,99.995,100.001,-0.004,-0.004,55578.5,555784.209
511830.SH,20180206,100.002,99.993,100.0,99.0,99.999,-0.003,-0.003,6714.41,67059.519
511850.SH,20180206,100.012,100.01,100.013,100.004,100.011,-0.001,-0.001,12800.86,128020.975
511860.SH,20180206,99.996,99.992,99.999,99.992,99.998,0.002,0.002,1755.02,17549.684
511880.SH,20180206,100.62,100.62,100.628,100.586,100.591,-0.029,-0.0288,661067.63,6650442.834
511900.SH,20180206,100.012,100.002,100.014,100.002,100.014,0.002,0.002,26732.19,267343.791
511910.SH,20180206,99.999,99.98,100.001,99.98,99.998,-0.001,-0.001,1376.14,13760.973
511920.SH,20180206,100.006,99.922,99.922,99.922,99.922,-0.084,-0.084,0.04,0.4
511930.SH,20180206,99.987,99.988,99.988,99.988,99.988,0.001,0.001,12.43,124.285
511960.SH,20180206,100.002,99.998,99.999,99.994,99.997,-0.005,-0.005,375.71,3756.983
511970.SH,20180206,99.997,99.995,99.997,99.993,99.997,0.0,0.0,1027.33,10272.796
511980.SH,20180206,99.999,99.993,100.009,99.993,100.006,0.007,0.007,676.09,6760.75
511990.SH,20180206,100.023,100.011,100.039,100.006,100.036,0.013,0.013,844373.33,8444982.5
512000.SH,20180206,0.962,0.942,0.95,0.918,0.919,-0.043,-4.4699,253358.0,23795.877
512010.SH,20180206,1.634,1.629,1.629,1.57,1.589,-0.045,-2.754,8091.43,1285.771
512070.SH,20180206,2.182,2.177,2.177,2.107,2.107,-0.075,-3.4372,11486.0,2433.604
512100.SH,20180206,0.759,0.75,0.751,0.722,0.723,-0.036,-4.7431,33327.0,2462.642
512120.SH,20180206,1.536,1.536,1.536,1.472,1.48,-0.056,-3.6458,8747.0,1307.655
512200.SH,20180206,1.085,1.065,1.066,1.025,1.03,-0.055,-5.0691,70001.0,7335.947
512210.SH,20180206,2.254,2.202,2.202,2.113,2.126,-0.128,-5.6788,731.0,155.486
512220.SH,20180206,1.366,1.363,1.363,1.294,1.306,-0.06,-4.3924,129.0,16.937
512230.SH,20180206,1.423,1.371,1.372,1.35,1.35,-0.073,-5.13,19.0,2.6
512300.SH,20180206,1.18,1.115,1.2,1.111,1.127,-0.053,-4.4915,13410.0,1532.697
512310.SH,20180206,0.599,0.595,0.595,0.57,0.57,-0.029,-4.8414,7596.0,441.35
512330.SH,20180206,0.734,0.719,0.758,0.694,0.694,-0.04,-5.4496,7039.0,498.852
512340.SH,20180206,0.986,0.975,0.975,0.934,0.936,-0.05,-5.071,9411.0,893.767
512400.SH,20180206,0.927,0.901,0.931,0.887,0.89,-0.037,-3.9914,107841.0,9855.664
512500.SH,20180206,2.93,2.912,2.923,2.81,2.82,-0.11,-3.7543,18371.71,5277.564
512510.SH,20180206,1.245,1.23,1.23,1.183,1.185,-0.06,-4.8193,28566.0,3451.625
512550.SH,20180206,1.231,1.225,1.225,1.19,1.2,-0.031,-2.5183,35220.0,4230.957
512560.SH,20180206,0.871,0.841,0.859,0.802,0.802,-0.069,-7.9219,4690.0,390.289
512570.SH,20180206,0.969,0.952,0.952,0.92,0.935,-0.034,-3.5088,2340.0,220.084
512580.SH,20180206,0.902,0.891,0.898,0.864,0.865,-0.037,-4.102,230308.0,20283.993
512600.SH,20180206,2.445,2.44,2.44,2.222,2.35,-0.095,-3.8855,439.0,102.918
512610.SH,20180206,1.521,1.488,1.488,1.454,1.454,-0.067,-4.405,86.0,12.623
512640.SH,20180206,2.122,2.12,2.12,2.087,2.092,-0.03,-1.4138,863.0,181.562
512660.SH,20180206,0.764,0.751,0.758,0.716,0.718,-0.046,-6.0209,354914.0,26156.851
512680.SH,20180206,0.748,0.746,0.746,0.704,0.705,-0.043,-5.7487,79193.0,5739.828
512700.SH,20180206,1.213,1.193,1.21,1.158,1.193,-0.02,-1.6488,74061.0,8821.022
512800.SH,20180206,1.187,1.168,1.179,1.152,1.166,-0.021,-1.7692,600820.4,69977.7
512810.SH,20180206,0.738,0.733,0.733,0.694,0.694,-0.044,-5.9621,17930.0,1281.415
512880.SH,20180206,1.014,0.997,1.003,0.965,0.967,-0.047,-4.6351,836234.0,82714.452
512900.SH,20180206,0.971,0.959,0.962,0.926,0.927,-0.044,-4.5314,215274.0,20491.697
512980.SH,20180206,0.989,0.983,0.983,0.941,0.943,-0.046,-4.6512,205575.03,19786.815
512990.SH,20180206,1.21,1.195,1.205,1.177,1.179,-0.031,-2.562,71715.0,8512.31
513030.SH,20180206,1.133,1.113,1.113,1.075,1.081,-0.052,-4.5896,28240.0,3086.64
513050.SH,20180206,1.547,1.488,1.49,1.44,1.445,-0.102,-6.5934,612393.94,89657.599
513100.SH,20180206,2.227,2.09,2.126,2.09,2.095,-0.132,-5.9273,120700.0,25377.299
513500.SH,20180206,1.611,1.557,1.557,1.509,1.518,-0.093,-5.7728,117584.4,17834.268
513600.SH,20180206,2.695,2.588,2.615,2.558,2.565,-0.13,-4.8237,9784.0,2521.024
513660.SH,20180206,2.676,2.616,2.616,2.546,2.551,-0.125,-4.6712,11549.0,2973.014
518800.SH,20180206,2.683,2.698,2.717,2.697,2.704,0.021,0.7827,274733.0,74412.131
518880.SH,20180206,2.705,2.722,2.743,2.721,2.726,0.021,0.7763,3208401.16,876004.305
