ts_code,trade_date,pre_close,open,high,low,close,change,pct_chg,vol,amount
167002.SZ,20180518,0.92,0.922,0.923,0.92,0.923,0.003,0.3261,45957.11,4237.302
501000.SH,20180518,1.179,1.162,1.162,1.162,1.162,-0.017,-1.4419,29.0,3.37
501001.SH,20180518,1.19,1.194,1.198,1.178,1.198,0.008,0.6723,3067.33,364.677
501002.SH,20180518,0.863,0.847,0.859,0.847,0.859,-0.004,-0.4635,13.0,1.102
501005.SH,20180518,1.061,1.055,1.06,1.04,1.06,-0.001,-0.0943,1603.67,168.452
501007.SH,20180518,1.051,1.05,1.06,1.049,1.06,0.009,0.8563,19.0,2.004
501008.SH,20180518,1.05,1.049,1.058,1.049,1.058,0.008,0.7619,15.0,1.586
501009.SH,20180518,1.337,1.327,1.333,1.282,1.325,-0.012,-0.8975,1182.58,154.03
501010.SH,20180518,1.317,1.303,1.325,1.297,1.325,0.008,0.6074,346.97,45.296
501011.SH,20180518,1.125,1.147,1.147,1.11,1.129,0.004,0.3556,392.7,44.323
501012.SH,20180518,1.12,1.105,1.121,1.1,1.119,-0.001,-0.0893,483.86,53.5
501015.SH,20180518,0.963,0.96,0.968,0.957,0.968,0.005,0.5192,8705.93,837.867
501016.SH,20180518,0.905,0.903,0.908,0.89,0.9,-0.005,-0.5525,1463.85,131.373
501017.SH,20180518,0.893,0.895,0.895,0.895,0.895,0.002,0.224,350.12,31.336
501018.SH,20180518,1.223,1.23,1.232,1.221,1.224,0.001,0.0818,16297.79,1999.784
501019.SH,20180518,0.783,0.775,0.786,0.775,0.781,-0.002,-0.2554,942.01,73.459
501021.SH,20180518,1.484,1.487,1.491,1.477,1.49,0.006,0.4043,4324.0,640.477
501022.SH,20180518,0.79,0.789,0.794,0.786,0.794,0.004,0.5063,4514.88,357.254
501023.SH,20180518,1.183,1.185,1.195,1.182,1.184,0.001,0.0845,1974.94,234.184
501025.SH,20180518,1.146,1.121,1.149,1.114,1.146,0.0,0.0,261.0,29.769
501026.SH,20180518,0.863,0.86,0.865,0.855,0.865,0.002,0.2317,3575.32,307.135
501028.SH,20180518,0.888,0.888,0.891,0.887,0.891,0.003,0.3378,27963.98,2486.771
501029.SH,20180518,1.041,1.041,1.049,1.037,1.049,0.008,0.7685,94888.61,9906.881
501031.SH,20180518,0.809,0.809,0.811,0.806,0.811,0.002,0.2472,43.0,3.483
501032.SH,20180518,0.886,0.885,0.886,0.885,0.885,-0.001,-0.1129,89.0,7.879
501035.SH,20180518,0.964,0.958,0.97,0.958,0.97,0.006,0.6224,1875.06,180.835
501036.SH,20180518,0.91,0.921,0.921,0.92,0.92,0.01,1.0989,11.0,1.013
501037.SH,20180518,0.909,0.915,0.915,0.915,0.915,0.006,0.6601,29.0,2.654
501038.SH,20180518,1.021,1.02,1.036,1.018,1.036,0.015,1.4691,25614.82,2630.488
501040.SH,20180518,0.961,0.965,0.965,0.961,0.961,0.0,0.0,54.0,5.205
501043.SH,20180518,0.997,1.001,1.008,1.001,1.008,0.011,1.1033,56.0,5.638
501045.SH,20180518,0.997,0.99,0.99,0.99,0.99,-0.007,-0.7021,100.0,9.9
501046.SH,20180518,0.898,0.898,0.906,0.898,0.906,0.008,0.8909,1068.34,96.159
501047.SH,20180518,0.882,0.871,0.891,0.871,0.891,0.009,1.0204,597.05,52.091
501048.SH,20180518,0.888,0.884,0.891,0.874,0.878,-0.01,-1.1261,441.0,38.771
501050.SH,20180518,1.178,1.178,1.19,1.174,1.188,0.01,0.8489,7307.66,864.848
501051.SH,20180518,0.979,0.979,0.988,0.978,0.979,0.0,0.0,626.0,61.286
501300.SH,20180518,0.924,0.924,0.926,0.919,0.92,-0.004,-0.4329,225.0,20.707
501301.SH,20180518,1.19,1.19,1.207,1.19,1.207,0.017,1.4286,248.0,29.89
501302.SH,20180518,1.081,1.036,1.08,1.036,1.08,-0.001,-0.0925,473.03,50.552
501303.SH,20180518,0.962,0.95,0.954,0.948,0.948,-0.014,-1.4553,812.17,77.143
501305.SH,20180518,1.0,1.018,1.018,1.004,1.015,0.015,1.5,7049.06,714.449
501306.SH,20180518,1.0,1.01,1.02,1.006,1.006,0.006,0.6,736.01,74.248
501307.SH,20180518,0.998,0.997,0.999,0.997,0.999,0.001,0.1002,489.0,48.773
502001.SH,20180518,0.95,0.951,0.951,0.951,0.951,0.001,0.1053,50.0,4.755
502002.SH,20180518,0.972,0.955,0.955,0.955,0.955,-0.017,-1.749,2.0,0.191
502003.SH,20180518,0.861,0.856,0.943,0.852,0.943,0.082,9.5238,1523.01,131.095
502004.SH,20180518,0.963,0.964,0.965,0.963,0.965,0.002,0.2077,4996.0,481.839
502005.SH,20180518,0.74,0.74,0.752,0.722,0.752,0.012,1.6216,1612.8,119.043
502006.SH,20180518,1.018,1.018,1.027,1.018,1.027,0.009,0.8841,307.53,31.354
502007.SH,20180518,0.967,0.967,0.969,0.967,0.969,0.002,0.2068,6911.64,668.573
502008.SH,20180518,1.071,1.068,1.1,1.051,1.1,0.029,2.7077,1498.26,159.832
502010.SH,20180518,0.985,0.985,0.993,0.98,0.993,0.008,0.8122,367.0,36.145
502011.SH,20180518,0.963,0.962,0.965,0.962,0.964,0.001,0.1038,7302.0,703.644
502012.SH,20180518,1.048,1.011,1.038,1.002,1.038,-0.01,-0.9542,2653.46,269.03
502013.SH,20180518,0.778,0.776,0.784,0.776,0.784,0.006,0.7712,11559.94,901.869
502014.SH,20180518,0.957,0.957,0.962,0.957,0.96,0.003,0.3135,24145.1,2316.716
502015.SH,20180518,0.595,0.592,0.61,0.592,0.609,0.014,2.3529,12589.81,751.79
502020.SH,20180518,0.958,0.936,0.96,0.936,0.96,0.002,0.2088,87.54,8.261
502022.SH,20180518,1.0,0.901,0.999,0.901,0.999,-0.001,-0.1,27.0,2.541
502023.SH,20180518,0.938,0.933,0.933,0.933,0.933,-0.005,-0.533,15.0,1.4
502040.SH,20180518,1.124,1.12,1.12,1.12,1.12,-0.004,-0.3559,810.0,90.72
502041.SH,20180518,0.99,0.956,0.99,0.956,0.99,0.0,0.0,60.0,5.937
502042.SH,20180518,1.206,1.215,1.216,1.206,1.206,0.0,0.0,558.0,67.798
502048.SH,20180518,0.887,0.88,0.894,0.88,0.892,0.005,0.5637,5089.84,452.394
502049.SH,20180518,0.943,0.939,0.946,0.939,0.945,0.002,0.2121,21668.5,2045.451
502050.SH,20180518,0.826,0.827,0.848,0.822,0.846,0.02,2.4213,37696.73,3150.629
502053.SH,20180518,0.812,0.81,0.818,0.805,0.813,0.001,0.1232,965.0,78.021
502054.SH,20180518,0.958,0.956,0.959,0.956,0.958,0.0,0.0,5458.5,522.704
502055.SH,20180518,0.658,0.65,0.673,0.65,0.673,0.015,2.2796,1912.0,126.184
502056.SH,20180518,1.145,1.14,1.148,1.118,1.148,0.003,0.262,1767.0,201.157
502057.SH,20180518,1.018,0.992,0.992,0.992,0.992,-0.026,-2.554,1.0,0.099
502058.SH,20180518,1.248,1.276,1.277,1.276,1.276,0.028,2.2436,31.0,3.956
505888.SH,20180518,1.036,1.033,1.036,1.032,1.035,-0.001,-0.0965,200594.59,20735.822
510010.SH,20180518,1.101,1.11,1.112,1.11,1.112,0.011,0.9991,275.0,30.564
510020.SH,20180518,2.7,2.66,2.7,2.66,2.699,-0.001,-0.037,179.37,48.36
510030.SH,20180518,4.87,4.848,4.91,4.848,4.91,0.04,0.8214,625.0,304.936
510050.SH,20180518,2.689,2.69,2.734,2.682,2.733,0.044,1.6363,6539614.77,1771701.744
510060.SH,20180518,1.789,1.798,1.816,1.795,1.816,0.027,1.5092,1498.15,271.027
510070.SH,20180518,1.834,1.816,1.833,1.816,1.833,-0.001,-0.0545,1008.0,183.066
510090.SH,20180518,1.601,1.62,1.62,1.62,1.62,0.019,1.1868,1.0,0.162
510110.SH,20180518,3.578,3.614,3.614,3.6,3.6,0.022,0.6149,17.0,6.133
510120.SH,20180518,2.915,2.92,2.92,2.92,2.92,0.005,0.1715,2.0,0.584
510150.SH,20180518,5.227,5.227,5.263,5.187,5.263,0.036,0.6887,6741.0,3525.153
510160.SH,20180518,0.57,0.57,0.577,0.569,0.577,0.007,1.2281,11337.55,653.219
510170.SH,20180518,1.88,1.889,1.909,1.889,1.909,0.029,1.5426,67.0,12.738
510180.SH,20180518,3.289,3.29,3.33,3.276,3.329,0.04,1.2162,92419.0,30529.461
510190.SH,20180518,3.569,3.571,3.594,3.571,3.594,0.025,0.7005,52.0,18.657
510210.SH,20180518,3.598,3.561,3.612,3.561,3.611,0.013,0.3613,62.0,22.301
510220.SH,20180518,4.159,4.113,4.185,4.113,4.185,0.026,0.6252,106.0,43.641
510230.SH,20180518,5.916,5.916,5.998,5.907,5.994,0.078,1.3185,11594.0,6890.495
510260.SH,20180518,1.167,1.163,1.18,1.156,1.164,-0.003,-0.2571,320.0,37.247
510270.SH,20180518,1.083,1.083,1.092,1.083,1.092,0.009,0.831,230.0,25.112
510280.SH,20180518,1.705,1.7,1.722,1.7,1.718,0.013,0.7625,214.0,36.602
510290.SH,20180518,1.566,1.571,1.577,1.561,1.577,0.011,0.7024,207.0,32.372
510300.SH,20180518,3.857,3.862,3.904,3.844,3.899,0.042,1.0889,1916792.13,742237.81
510310.SH,20180518,1.64,1.64,1.655,1.631,1.654,0.014,0.8537,16299.0,2676.512
510330.SH,20180518,4.173,4.178,4.219,4.158,4.219,0.046,1.1023,6160.0,2591.853
510360.SH,20180518,1.216,1.216,1.225,1.207,1.223,0.007,0.5757,81204.0,9877.119
510380.SH,20180518,0.964,0.952,0.962,0.952,0.962,-0.002,-0.2075,90.0,8.648
510390.SH,20180518,3.858,3.858,3.902,3.843,3.9,0.042,1.0886,33533.18,12950.377
510410.SH,20180518,0.741,0.744,0.758,0.743,0.758,0.017,2.2942,5588.82,421.763
510440.SH,20180518,1.706,1.709,1.709,1.709,1.709,0.003,0.1758,282.0,48.194
510500.SH,20180518,6.29,6.287,6.333,6.246,6.33,0.04,0.6359,517295.32,325327.529
510510.SH,20180518,1.663,1.663,1.671,1.652,1.67,0.007,0.4209,400625.0,66754.029
510560.SH,20180518,1.262,1.244,1.244,1.244,1.244,-0.018,-1.4263,24.0,2.986
510580.SH,20180518,5.882,5.882,5.925,5.882,5.925,0.043,0.731,15.0,8.836
510590.SH,20180518,5.981,5.983,6.014,5.951,6.014,0.033,0.5517,238967.87,142960.317
510630.SH,20180518,2.488,2.42,2.48,2.386,2.425,-0.063,-2.5322,10877.0,2617.044
510650.SH,20180518,1.724,1.714,1.746,1.713,1.743,0.019,1.1021,1022.0,175.18
510660.SH,20180518,2.17,2.166,2.18,2.145,2.18,0.01,0.4608,5612.0,1216.314
510680.SH,20180518,2.243,2.234,2.235,2.234,2.235,-0.008,-0.3567,5.0,1.117
510710.SH,20180518,2.855,2.846,2.89,2.844,2.889,0.034,1.1909,2879.0,827.392
510800.SH,20180518,0.912,0.912,0.926,0.911,0.925,0.013,1.4254,18479.0,1700.844
510810.SH,20180518,0.923,0.92,0.932,0.92,0.93,0.007,0.7584,13515.0,1252.785
510880.SH,20180518,2.898,2.898,2.929,2.889,2.928,0.03,1.0352,42043.0,12231.138
510900.SH,20180518,1.258,1.258,1.272,1.255,1.27,0.012,0.9539,17309832.0,2187359.128
511010.SH,20180518,112.044,112.045,112.106,112.045,112.047,0.003,0.0027,17727.0,198677.346
511220.SH,20180518,92.9,92.802,92.979,92.802,92.825,-0.075,-0.0807,73.0,677.845
511260.SH,20180518,100.6,100.627,100.7,100.405,100.6,0.0,0.0,104.1,1047.656
511290.SH,20180518,94.004,99.6,99.601,99.6,99.6,5.596,5.9529,1.1,10.956
511310.SH,20180518,100.317,100.32,100.76,100.2,100.222,-0.095,-0.0947,187.7,1883.061
511600.SH,20180518,100.001,100.012,100.015,100.01,100.012,0.011,0.011,3521.94,35223.855
511620.SH,20180518,99.999,99.999,99.999,99.999,99.999,0.0,0.0,2.0,20.0
511650.SH,20180518,100.005,100.014,100.019,100.011,100.017,0.012,0.012,4155.69,41563.763
511660.SH,20180518,100.007,100.018,100.025,100.01,100.02,0.013,0.013,147432.15,1474608.144
511670.SH,20180518,99.999,100.006,100.012,100.005,100.011,0.012,0.012,6359.18,63597.205
511680.SH,20180518,99.981,99.981,99.995,99.981,99.995,0.014,0.014,18.02,180.179
511690.SH,20180518,100.007,100.014,100.021,100.014,100.017,0.01,0.01,61503.01,615124.757
511700.SH,20180518,100.005,100.014,100.019,100.011,100.019,0.014,0.014,5839.73,58406.319
511770.SH,20180518,100.014,100.004,100.18,100.004,100.02,0.006,0.006,330.64,3308.795
511800.SH,20180518,100.006,100.006,100.015,100.0,100.01,0.004,0.004,1185.82,11859.317
511810.SH,20180518,100.005,100.012,100.016,100.007,100.01,0.005,0.005,150033.91,1500496.126
511820.SH,20180518,100.0,100.005,100.012,100.005,100.01,0.01,0.01,45664.04,456684.255
511830.SH,20180518,99.999,100.007,100.03,99.915,100.01,0.011,0.011,3978.59,39787.961
511850.SH,20180518,100.014,100.02,100.026,100.02,100.024,0.01,0.01,15207.26,152107.496
511860.SH,20180518,100.004,100.005,100.012,100.003,100.007,0.003,0.003,2463.26,24633.976
511880.SH,20180518,101.642,101.664,101.674,101.66,101.673,0.031,0.0305,980828.05,9971625.378
511900.SH,20180518,100.01,100.013,100.025,100.013,100.02,0.01,0.01,9851.83,98536.842
511910.SH,20180518,99.997,100.0,100.007,99.998,100.0,0.003,0.003,105.15,1051.539
511920.SH,20180518,100.038,100.0,100.08,100.0,100.002,-0.036,-0.036,54.02,540.223
511950.SH,20180518,99.95,99.999,99.999,99.999,99.999,0.049,0.049,4.0,40.0
511960.SH,20180518,100.0,100.004,100.02,100.004,100.008,0.008,0.008,79.22,792.267
511970.SH,20180518,99.997,100.005,100.009,100.0,100.0,0.003,0.003,2008.0,20081.533
511980.SH,20180518,99.999,100.003,100.014,99.899,99.996,-0.003,-0.003,1608.88,16089.577
511990.SH,20180518,100.01,100.019,100.033,100.015,100.027,0.017,0.017,985517.63,9857156.512
512000.SH,20180518,0.832,0.832,0.843,0.83,0.842,0.01,1.2019,243390.0,20341.287
512010.SH,20180518,2.013,2.01,2.035,1.984,2.027,0.014,0.6955,38935.0,7785.536
512070.SH,20180518,1.83,1.83,1.858,1.825,1.857,0.027,1.4754,4947.0,910.971
512100.SH,20180518,0.778,0.777,0.781,0.773,0.781,0.003,0.3856,26493.0,2058.199
512120.SH,20180518,1.811,1.823,1.823,1.788,1.818,0.007,0.3865,21821.0,3940.74
512160.SH,20180518,1.019,1.018,1.03,1.014,1.03,0.011,1.0795,616047.19,62917.784
512200.SH,20180518,0.911,0.911,0.917,0.906,0.916,0.005,0.5488,6074.0,553.734
512220.SH,20180518,1.358,1.333,1.358,1.333,1.357,-0.001,-0.0736,11.0,1.491
512300.SH,20180518,1.325,1.324,1.33,1.309,1.324,-0.001,-0.0755,2163.0,284.893
512310.SH,20180518,0.582,0.582,0.584,0.578,0.584,0.002,0.3436,1500.0,86.95
512330.SH,20180518,0.811,0.814,0.815,0.8,0.811,0.0,0.0,3619.0,291.934
512340.SH,20180518,0.909,0.91,0.914,0.91,0.914,0.005,0.5501,12260.0,1118.511
512400.SH,20180518,0.867,0.869,0.874,0.861,0.871,0.004,0.4614,15923.0,1381.395
512500.SH,20180518,2.967,2.953,2.965,2.94,2.965,-0.002,-0.0674,1081.1,319.123
512510.SH,20180518,1.244,1.24,1.251,1.238,1.249,0.005,0.4019,8821.94,1098.085
512520.SH,20180518,1.0,0.996,1.008,0.992,1.006,0.006,0.6,3762665.91,376067.905
512550.SH,20180518,1.05,1.049,1.064,1.043,1.064,0.014,1.3333,8722.0,919.757
512560.SH,20180518,0.895,0.897,0.897,0.89,0.897,0.002,0.2235,618.0,55.007
512570.SH,20180518,0.836,0.826,0.838,0.826,0.838,0.002,0.2392,502.0,41.635
512580.SH,20180518,0.915,0.915,0.918,0.909,0.918,0.003,0.3279,42687.0,3899.258
512600.SH,20180518,2.349,2.315,2.352,2.315,2.352,0.003,0.1277,100.0,23.275
512610.SH,20180518,1.791,1.784,1.801,1.781,1.801,0.01,0.5583,108.0,19.271
512640.SH,20180518,1.808,1.804,1.804,1.804,1.804,-0.004,-0.2212,74.0,13.35
512660.SH,20180518,0.815,0.814,0.819,0.807,0.817,0.002,0.2454,172820.0,14040.949
512680.SH,20180518,0.791,0.791,0.793,0.782,0.792,0.001,0.1264,32481.0,2555.377
512700.SH,20180518,1.004,1.004,1.015,1.0,1.015,0.011,1.0956,6420.0,645.914
512800.SH,20180518,0.979,0.976,0.99,0.976,0.99,0.011,1.1236,295094.0,29009.361
512810.SH,20180518,0.773,0.771,0.775,0.764,0.774,0.001,0.1294,9389.0,723.713
512880.SH,20180518,0.878,0.879,0.89,0.878,0.889,0.011,1.2528,655404.27,57948.308
512900.SH,20180518,0.841,0.842,0.851,0.84,0.851,0.01,1.1891,31618.0,2671.052
512980.SH,20180518,0.953,0.953,0.96,0.949,0.959,0.006,0.6296,44136.0,4202.136
512990.SH,20180518,1.124,1.124,1.136,1.12,1.135,0.011,0.9786,58062.0,6554.1
513030.SH,20180518,1.095,1.099,1.105,1.097,1.104,0.009,0.8219,4179.0,460.168
513050.SH,20180518,1.502,1.493,1.499,1.492,1.498,-0.004,-0.2663,77212.0,11543.073
513100.SH,20180518,2.309,2.304,2.31,2.304,2.308,-0.001,-0.0433,9786.0,2258.587
513500.SH,20180518,1.599,1.6,1.604,1.6,1.6,0.001,0.0625,5574.0,892.995
513600.SH,20180518,2.622,2.625,2.64,2.621,2.638,0.016,0.6102,330.0,86.797
513660.SH,20180518,2.601,2.527,2.611,2.527,2.611,0.01,0.3845,28088.0,7288.552
518800.SH,20180518,2.624,2.625,2.628,2.625,2.626,0.002,0.0762,308674.0,81063.974
518880.SH,20180518,2.642,2.644,2.652,2.643,2.644,0.002,0.0757,5005510.06,1324801.608
150008.SZ,20180518,1.053,1.153,1.153,1.003,1.11,0.057,5.4131,243.56,26.058
150009.SZ,20180518,0.902,0.918,0.918,0.916,0.916,0.014,1.5521,16.0,1.467
150012.SZ,20180518,1.035,1.032,1.035,1.032,1.035,0.0,0.0,1783.63,184.122
150013.SZ,20180518,1.461,1.499,1.499,1.41,1.469,0.008,0.5476,495.0,71.774
150016.SZ,20180518,1.112,1.126,1.126,1.126,1.126,0.014,1.259,15.0,1.689
150017.SZ,20180518,1.513,1.499,1.507,1.498,1.506,-0.007,-0.4627,773.0,116.259
150018.SZ,20180518,0.953,0.954,0.954,0.947,0.951,-0.002,-0.2099,88808.29,8436.33
150019.SZ,20180518,1.07,1.068,1.105,1.065,1.105,0.035,3.271,336164.01,36427.848
150022.SZ,20180518,0.867,0.866,0.871,0.864,0.869,0.002,0.2307,118792.26,10300.875
150023.SZ,20180518,0.268,0.268,0.273,0.265,0.271,0.003,1.1194,434315.08,11655.733
150028.SZ,20180518,0.942,0.938,0.943,0.938,0.94,-0.002,-0.2123,19442.87,1829.403
150029.SZ,20180518,1.365,1.34,1.4,1.34,1.382,0.017,1.2454,60.02,8.338
150030.SZ,20180518,1.051,1.02,1.039,1.02,1.039,-0.012,-1.1418,8.32,0.852
150031.SZ,20180518,1.055,1.035,1.05,1.035,1.047,-0.008,-0.7583,631.78,66.229
150032.SZ,20180518,0.976,0.972,0.984,0.972,0.98,0.004,0.4098,67.0,6.549
150033.SZ,20180518,1.0,0.976,1.0,0.951,0.976,-0.024,-2.4,6.0,0.589
150048.SZ,20180518,1.14,1.159,1.159,1.159,1.159,0.019,1.6667,1.0,0.115
150049.SZ,20180518,0.936,0.936,0.937,0.935,0.937,0.001,0.1068,1790.0,167.517
150050.SZ,20180518,0.968,0.968,0.968,0.968,0.968,0.0,0.0,417.0,40.365
150051.SZ,20180518,0.941,0.939,0.944,0.938,0.941,0.0,0.0,38179.0,3592.716
150052.SZ,20180518,0.824,0.824,0.84,0.818,0.837,0.013,1.5777,9263.01,770.739
150054.SZ,20180518,1.002,1.002,1.002,1.002,1.002,0.0,0.0,2.01,0.201
150055.SZ,20180518,0.962,1.01,1.04,0.964,0.964,0.002,0.2079,612.6,61.902
150056.SZ,20180518,1.418,1.286,1.417,1.286,1.417,-0.001,-0.0705,161.0,20.868
150060.SZ,20180518,1.22,1.248,1.26,1.224,1.26,0.04,3.2787,81.32,10.053
150066.SZ,20180518,0.905,0.939,0.939,0.905,0.906,0.001,0.1105,305.0,27.658
150076.SZ,20180518,0.973,0.888,0.975,0.888,0.975,0.002,0.2055,2.0,0.186
150084.SZ,20180518,1.448,1.512,1.512,1.512,1.512,0.064,4.4199,1.0,0.151
150090.SZ,20180518,0.955,0.949,0.95,0.949,0.95,-0.005,-0.5236,1059.0,100.589
150094.SZ,20180518,0.968,0.968,0.968,0.968,0.968,0.0,0.0,600.0,58.08
150095.SZ,20180518,0.41,0.405,0.405,0.404,0.405,-0.005,-1.2195,27.0,1.092
150100.SZ,20180518,0.97,1.065,1.065,0.99,0.99,0.02,2.0619,1915.0,196.575
150101.SZ,20180518,1.361,1.364,1.418,1.364,1.418,0.057,4.1881,782.0,109.291
150104.SZ,20180518,0.94,0.95,0.95,0.95,0.95,0.01,1.0638,279.0,26.505
150106.SZ,20180518,1.06,1.062,1.062,1.06,1.06,0.0,0.0,3491.22,370.496
150107.SZ,20180518,1.099,1.08,1.099,1.065,1.099,0.0,0.0,4142.96,448.434
150117.SZ,20180518,0.969,0.968,0.97,0.968,0.97,0.001,0.1032,83064.04,8047.845
150118.SZ,20180518,0.495,0.496,0.513,0.493,0.512,0.017,3.4343,202798.26,10263.067
150123.SZ,20180518,1.014,1.014,1.014,1.012,1.013,-0.001,-0.0986,2200.0,222.774
150124.SZ,20180518,0.844,0.844,0.858,0.835,0.855,0.011,1.3033,6091.5,514.628
150130.SZ,20180518,1.043,1.04,1.041,1.034,1.034,-0.009,-0.8629,5628.0,583.782
150131.SZ,20180518,0.868,0.867,0.887,0.854,0.887,0.019,2.1889,386520.48,33614.986
150139.SZ,20180518,0.829,0.829,0.912,0.829,0.865,0.036,4.3426,22.0,1.903
150144.SZ,20180518,1.099,1.085,1.091,1.085,1.091,-0.008,-0.7279,6.42,0.699
150145.SZ,20180518,0.944,0.948,0.949,0.948,0.949,0.005,0.5297,299.45,28.412
150146.SZ,20180518,1.05,1.053,1.054,1.053,1.054,0.004,0.381,5.0,0.526
150148.SZ,20180518,1.068,1.061,1.061,1.055,1.058,-0.01,-0.9363,8.0,0.847
150149.SZ,20180518,1.01,1.008,1.029,0.995,1.029,0.019,1.8812,4873.91,491.491
150150.SZ,20180518,0.947,0.947,0.949,0.947,0.949,0.002,0.2112,1361.0,129.036
150151.SZ,20180518,1.282,1.28,1.288,1.28,1.288,0.006,0.468,42.81,5.503
150152.SZ,20180518,0.959,0.959,0.96,0.955,0.955,-0.004,-0.4171,313605.12,30061.285
150153.SZ,20180518,0.608,0.608,0.623,0.602,0.615,0.007,1.1513,3385051.21,207387.176
150157.SZ,20180518,0.95,0.949,0.953,0.949,0.952,0.002,0.2105,33602.0,3192.337
150158.SZ,20180518,0.95,0.948,0.972,0.945,0.969,0.019,2.0,12188.0,1162.072
150164.SZ,20180518,0.949,0.949,0.964,0.949,0.963,0.014,1.4752,936.63,90.278
150165.SZ,20180518,1.103,1.061,1.129,1.061,1.112,0.009,0.816,546.62,59.848
150167.SZ,20180518,0.957,0.957,0.958,0.957,0.958,0.001,0.1045,2196.0,210.284
150169.SZ,20180518,0.942,0.942,0.945,0.941,0.945,0.003,0.3185,16999.0,1602.554
150170.SZ,20180518,1.49,1.482,1.499,1.482,1.499,0.009,0.604,3637.5,541.882
150171.SZ,20180518,0.937,0.937,0.941,0.935,0.939,0.002,0.2134,201322.23,18877.767
150172.SZ,20180518,0.797,0.799,0.818,0.797,0.817,0.02,2.5094,354219.59,28654.734
150173.SZ,20180518,0.949,0.95,0.951,0.95,0.95,0.001,0.1054,4418.0,419.92
150174.SZ,20180518,0.514,0.501,0.515,0.501,0.508,-0.006,-1.1673,1136.0,58.271
150175.SZ,20180518,0.95,0.95,0.954,0.949,0.953,0.003,0.3158,118633.77,11290.449
150176.SZ,20180518,1.083,1.088,1.096,1.075,1.092,0.009,0.831,47699.0,5191.341
150177.SZ,20180518,0.944,0.944,0.946,0.944,0.946,0.002,0.2119,468.0,44.228
150178.SZ,20180518,1.302,1.28,1.316,1.26,1.316,0.014,1.0753,2219.24,285.054
150180.SZ,20180518,1.36,1.383,1.383,1.36,1.375,0.015,1.1029,39.0,5.31
150181.SZ,20180518,0.945,0.944,0.949,0.943,0.947,0.002,0.2116,335174.43,31705.224
150182.SZ,20180518,0.658,0.656,0.666,0.653,0.663,0.005,0.7599,363832.21,23987.924
150184.SZ,20180518,0.972,0.971,0.975,0.971,0.975,0.003,0.3086,1691.0,164.452
150185.SZ,20180518,0.72,0.716,0.728,0.716,0.723,0.003,0.4167,4481.28,323.553
150186.SZ,20180518,0.938,0.938,0.94,0.938,0.939,0.001,0.1066,1736.0,163.049
150187.SZ,20180518,1.307,1.302,1.319,1.281,1.316,0.009,0.6886,1211.09,156.868
150188.SZ,20180518,0.993,0.991,0.993,0.991,0.993,0.0,0.0,503.08,49.903
150189.SZ,20180518,0.65,0.652,0.653,0.651,0.653,0.003,0.4615,92.92,6.058
150190.SZ,20180518,0.967,0.967,0.967,0.966,0.967,0.0,0.0,861.0,83.228
150191.SZ,20180518,0.986,1.039,1.039,0.934,0.98,-0.006,-0.6085,258.58,24.934
150192.SZ,20180518,1.001,1.005,1.01,1.005,1.01,0.009,0.8991,710.0,71.455
150193.SZ,20180518,1.14,1.123,1.147,1.112,1.112,-0.028,-2.4561,761.01,87.248
150194.SZ,20180518,0.944,0.944,0.948,0.944,0.947,0.003,0.3178,23565.74,2230.727
150195.SZ,20180518,1.11,1.107,1.121,1.105,1.119,0.009,0.8108,6672.93,741.005
150196.SZ,20180518,0.969,0.97,0.97,0.967,0.969,0.0,0.0,33258.45,3220.829
150197.SZ,20180518,1.075,1.072,1.108,1.065,1.104,0.029,2.6977,51819.53,5630.038
150198.SZ,20180518,1.081,1.07,1.095,1.07,1.095,0.014,1.2951,1008.0,109.141
150199.SZ,20180518,1.594,1.58,1.617,1.562,1.611,0.017,1.0665,10565.0,1680.297
150200.SZ,20180518,0.94,0.94,0.943,0.938,0.942,0.002,0.2128,87483.08,8231.973
150201.SZ,20180518,1.056,1.059,1.085,1.056,1.082,0.026,2.4621,450712.26,48288.841
150203.SZ,20180518,0.946,0.949,0.95,0.948,0.95,0.004,0.4228,6176.0,586.478
150204.SZ,20180518,0.59,0.586,0.597,0.585,0.597,0.007,1.1864,1440.59,84.594
150205.SZ,20180518,0.948,0.946,0.953,0.946,0.948,0.0,0.0,53550.57,5094.559
150206.SZ,20180518,0.776,0.783,0.786,0.77,0.782,0.006,0.7732,60543.62,4716.991
150208.SZ,20180518,0.515,0.529,0.529,0.508,0.508,-0.007,-1.3592,176.0,9.308
150209.SZ,20180518,0.947,0.944,0.949,0.944,0.949,0.002,0.2112,95382.99,9039.794
150210.SZ,20180518,0.825,0.821,0.848,0.821,0.845,0.02,2.4242,19773.48,1651.582
150211.SZ,20180518,0.957,0.956,0.959,0.955,0.957,0.0,0.0,84402.25,8073.765
150212.SZ,20180518,0.642,0.64,0.66,0.63,0.654,0.012,1.8692,120362.36,7796.324
150213.SZ,20180518,0.95,0.95,0.95,0.949,0.95,0.0,0.0,437.0,41.485
150214.SZ,20180518,1.083,1.085,1.112,1.085,1.101,0.018,1.662,458.96,50.756
150215.SZ,20180518,1.067,1.024,1.172,1.024,1.087,0.02,1.8744,559.0,58.154
150216.SZ,20180518,1.149,1.152,1.179,1.152,1.159,0.01,0.8703,341.72,40.209
150217.SZ,20180518,0.946,0.946,0.947,0.945,0.947,0.001,0.1057,6380.33,603.639
150218.SZ,20180518,0.515,0.509,0.523,0.507,0.523,0.008,1.5534,1412.46,73.185
150219.SZ,20180518,1.11,1.113,1.114,1.097,1.097,-0.013,-1.1712,529.0,58.894
150220.SZ,20180518,0.875,0.874,0.88,0.868,0.88,0.005,0.5714,6001.0,524.815
150221.SZ,20180518,1.029,1.03,1.031,1.03,1.031,0.002,0.1944,101192.26,10427.384
150222.SZ,20180518,1.2,1.2,1.21,1.191,1.21,0.01,0.8333,17041.66,2046.658
150223.SZ,20180518,1.006,1.006,1.006,1.003,1.003,-0.003,-0.2982,296141.31,29768.959
150224.SZ,20180518,0.637,0.637,0.664,0.637,0.66,0.023,3.6107,1871725.25,121719.344
150227.SZ,20180518,0.952,0.95,0.955,0.95,0.953,0.001,0.105,158447.05,15093.577
150228.SZ,20180518,0.866,0.864,0.888,0.864,0.888,0.022,2.5404,404564.04,35473.895
150229.SZ,20180518,1.032,0.995,0.995,0.995,0.995,-0.037,-3.5853,1.0,0.099
150230.SZ,20180518,1.819,1.786,1.832,1.78,1.832,0.013,0.7147,827.0,149.568
150231.SZ,20180518,1.0,0.999,1.0,0.999,1.0,0.0,0.0,1485.0,148.482
150232.SZ,20180518,1.159,1.135,1.135,1.085,1.133,-0.026,-2.2433,306.25,34.287
150233.SZ,20180518,0.96,0.963,0.965,0.963,0.965,0.005,0.5208,1826.59,176.065
150235.SZ,20180518,0.944,0.98,0.98,0.948,0.95,0.006,0.6356,910.0,86.44
150236.SZ,20180518,0.612,0.622,0.624,0.612,0.624,0.012,1.9608,6980.68,431.174
150238.SZ,20180518,1.205,1.193,1.193,1.193,1.193,-0.012,-0.9959,2.0,0.238
150241.SZ,20180518,0.941,0.944,0.946,0.944,0.945,0.004,0.4251,6150.0,580.977
150242.SZ,20180518,1.06,1.04,1.069,1.032,1.069,0.009,0.8491,2250.0,235.78
150243.SZ,20180518,0.947,0.945,0.951,0.945,0.948,0.001,0.1056,3543.0,336.033
150244.SZ,20180518,0.654,0.652,0.664,0.642,0.661,0.007,1.0703,23605.21,1540.874
150246.SZ,20180518,1.02,1.039,1.039,0.932,1.033,0.013,1.2745,158.0,14.749
150247.SZ,20180518,0.969,0.968,0.969,0.965,0.969,0.0,0.0,7908.0,765.094
150248.SZ,20180518,0.577,0.58,0.584,0.57,0.58,0.003,0.5199,2681.88,154.518
150249.SZ,20180518,0.942,0.944,0.944,0.944,0.944,0.002,0.2123,150.31,14.189
150250.SZ,20180518,1.02,1.046,1.046,1.005,1.041,0.021,2.0588,37.0,3.726
150251.SZ,20180518,0.937,0.949,0.966,0.949,0.96,0.023,2.4546,381.32,36.335
150252.SZ,20180518,1.06,1.062,1.123,1.062,1.114,0.054,5.0943,4573.9,502.309
150255.SZ,20180518,0.967,0.966,0.97,0.966,0.969,0.002,0.2068,4249.0,411.219
150256.SZ,20180518,0.907,0.888,0.906,0.887,0.903,-0.004,-0.441,1813.0,162.673
150258.SZ,20180518,1.48,1.48,1.618,1.479,1.618,0.138,9.3243,89.0,13.178
150259.SZ,20180518,0.974,0.974,0.976,0.973,0.975,0.001,0.1027,10669.35,1039.557
150260.SZ,20180518,0.487,0.441,0.511,0.439,0.475,-0.012,-2.4641,280.53,12.799
150261.SZ,20180518,1.034,0.936,0.936,0.936,0.936,-0.098,-9.4778,0.19,0.017
150262.SZ,20180518,1.068,1.067,1.07,1.044,1.07,0.002,0.1873,3779.45,397.482
150263.SZ,20180518,0.953,0.979,0.979,0.979,0.979,0.026,2.7282,0.23,0.022
150265.SZ,20180518,0.972,0.967,0.972,0.967,0.969,-0.003,-0.3086,5679.03,550.461
150266.SZ,20180518,1.123,1.12,1.155,1.12,1.145,0.022,1.959,5286.65,605.06
150267.SZ,20180518,0.957,0.958,0.958,0.956,0.958,0.001,0.1045,2928.0,280.356
150268.SZ,20180518,1.0,1.005,1.008,1.003,1.008,0.008,0.8,121.0,12.157
150269.SZ,20180518,0.946,0.945,0.948,0.943,0.947,0.001,0.1057,26225.02,2481.666
150270.SZ,20180518,1.428,1.428,1.457,1.392,1.444,0.016,1.1204,38005.51,5425.538
150273.SZ,20180518,0.964,0.96,0.964,0.96,0.964,0.0,0.0,7792.38,749.045
150274.SZ,20180518,0.515,0.51,0.523,0.51,0.523,0.008,1.5534,178.77,9.249
150275.SZ,20180518,0.954,0.954,0.957,0.951,0.954,0.0,0.0,23767.93,2267.406
150276.SZ,20180518,0.44,0.45,0.465,0.441,0.463,0.023,5.2273,22178.51,1002.447
150277.SZ,20180518,0.942,0.941,0.941,0.937,0.939,-0.003,-0.3185,532.28,50.077
150278.SZ,20180518,1.021,1.02,1.033,1.02,1.033,0.012,1.1753,1157.47,118.97
150283.SZ,20180518,0.965,0.965,0.968,0.965,0.968,0.003,0.3109,3632.01,351.378
150284.SZ,20180518,1.218,1.138,1.2,1.138,1.19,-0.028,-2.2989,849.04,98.633
150287.SZ,20180518,0.97,0.969,0.971,0.968,0.97,0.0,0.0,26225.67,2541.954
150288.SZ,20180518,0.649,0.646,0.657,0.642,0.65,0.001,0.1541,77433.67,5049.562
150289.SZ,20180518,0.977,0.976,0.977,0.973,0.976,-0.001,-0.1024,172699.81,16840.487
150290.SZ,20180518,0.381,0.38,0.419,0.379,0.419,0.038,9.9738,1546369.65,62413.446
150291.SZ,20180518,0.971,0.97,0.971,0.968,0.971,0.0,0.0,9142.0,886.665
150292.SZ,20180518,0.74,0.745,0.755,0.745,0.755,0.015,2.027,2343.52,175.3
150294.SZ,20180518,0.775,0.723,0.723,0.723,0.723,-0.052,-6.7097,25.0,1.807
150295.SZ,20180518,0.957,0.958,0.959,0.956,0.959,0.002,0.209,2007.3,192.204
150296.SZ,20180518,0.95,0.929,0.995,0.928,0.995,0.045,4.7368,1404.0,131.078
150298.SZ,20180518,0.5,0.512,0.512,0.495,0.495,-0.005,-1.0,2.0,0.1
150299.SZ,20180518,0.97,0.97,0.972,0.969,0.97,0.0,0.0,72102.79,7002.105
150300.SZ,20180518,0.7,0.702,0.717,0.696,0.717,0.017,2.4286,30602.75,2169.79
150301.SZ,20180518,0.969,0.969,0.969,0.969,0.969,0.0,0.0,300.0,29.07
150302.SZ,20180518,0.762,0.732,0.764,0.721,0.758,-0.004,-0.5249,783.0,57.611
150303.SZ,20180518,0.969,0.969,0.972,0.969,0.971,0.002,0.2064,55565.46,5391.037
150304.SZ,20180518,0.603,0.603,0.617,0.596,0.611,0.008,1.3267,97649.69,5913.52
150306.SZ,20180518,0.61,0.6,0.617,0.6,0.605,-0.005,-0.8197,55.0,3.349
150307.SZ,20180518,0.945,0.944,0.946,0.944,0.946,0.001,0.1058,6042.58,570.964
150308.SZ,20180518,0.778,0.768,0.768,0.768,0.768,-0.01,-1.2853,1.04,0.079
150310.SZ,20180518,0.679,0.611,0.679,0.611,0.679,0.0,0.0,51.0,3.456
150311.SZ,20180518,0.943,0.946,0.947,0.946,0.947,0.004,0.4242,20.0,1.893
150312.SZ,20180518,0.942,0.848,0.848,0.848,0.848,-0.094,-9.9788,40.0,3.392
150315.SZ,20180518,0.95,0.95,0.95,0.95,0.95,0.0,0.0,15.0,1.425
150316.SZ,20180518,0.665,0.642,0.664,0.64,0.664,-0.001,-0.1504,689.0,45.109
150317.SZ,20180518,0.947,0.96,0.963,0.96,0.963,0.016,1.6895,1596.65,153.56
150321.SZ,20180518,1.038,1.04,1.046,1.04,1.045,0.007,0.6744,2923.0,305.289
150322.SZ,20180518,1.041,1.044,1.105,1.044,1.105,0.064,6.1479,8870.22,964.047
150323.SZ,20180518,0.961,0.959,0.959,0.959,0.959,-0.002,-0.2081,1000.0,95.9
150327.SZ,20180518,0.949,0.913,0.913,0.913,0.913,-0.036,-3.7935,1.0,0.091
150329.SZ,20180518,0.944,0.943,0.946,0.942,0.946,0.002,0.2119,12641.18,1193.966
150330.SZ,20180518,1.37,1.37,1.419,1.36,1.409,0.039,2.8467,4645.99,642.091
150331.SZ,20180518,1.008,1.008,1.008,1.007,1.007,-0.001,-0.0992,266.0,26.804
150332.SZ,20180518,1.092,1.08,1.12,1.077,1.117,0.025,2.2894,465.22,50.81
150335.SZ,20180518,0.97,0.97,0.972,0.97,0.972,0.002,0.2062,4008.56,389.219
150336.SZ,20180518,0.96,0.96,0.96,0.95,0.96,0.0,0.0,146.72,14.07
159001.SZ,20180518,100.0,99.999,100.001,99.994,100.0,0.0,0.0,127650.13,1276491.942
159003.SZ,20180518,100.0,99.993,99.997,99.991,99.995,-0.005,-0.005,42595.15,425926.314
159005.SZ,20180518,100.003,100.0,100.003,99.999,100.003,0.0,0.0,690711.01,6907110.435
159901.SZ,20180518,4.759,4.759,4.789,4.726,4.789,0.03,0.6304,27951.58,13288.559
159902.SZ,20180518,3.538,3.545,3.55,3.5,3.542,0.004,0.1131,59711.23,21066.431
159903.SZ,20180518,1.136,1.136,1.142,1.133,1.142,0.006,0.5282,5181.7,589.29
159905.SZ,20180518,1.648,1.641,1.663,1.634,1.659,0.011,0.6675,28770.0,4732.443
159906.SZ,20180518,1.007,1.008,1.015,1.003,1.015,0.008,0.7944,306.0,30.758
159907.SZ,20180518,1.441,1.442,1.445,1.434,1.445,0.004,0.2776,175.0,25.195
159909.SZ,20180518,5.126,5.125,5.126,5.075,5.126,0.0,0.0,644.0,329.333
159910.SZ,20180518,1.744,1.744,1.76,1.733,1.756,0.012,0.6881,1581.0,276.466
159911.SZ,20180518,4.273,4.199,4.298,4.199,4.262,-0.011,-0.2574,107.0,45.543
159912.SZ,20180518,1.373,1.397,1.397,1.371,1.391,0.018,1.311,126.0,17.293
159913.SZ,20180518,1.79,1.779,1.824,1.772,1.808,0.018,1.0056,1278.01,228.398
159915.SZ,20180518,1.729,1.726,1.736,1.712,1.731,0.002,0.1157,4633736.69,799011.068
159916.SZ,20180518,3.665,3.665,3.695,3.655,3.69,0.025,0.6821,229.0,83.983
159918.SZ,20180518,1.69,1.689,1.69,1.688,1.688,-0.002,-0.1183,63.0,10.637
159919.SZ,20180518,4.196,4.195,4.25,4.18,4.246,0.05,1.1916,138411.54,58465.108
159920.SZ,20180518,1.591,1.595,1.602,1.591,1.599,0.008,0.5028,3509202.0,559931.732
159922.SZ,20180518,6.139,6.126,6.168,6.12,6.165,0.026,0.4235,200.0,123.125
159923.SZ,20180518,1.583,1.589,1.606,1.58,1.606,0.023,1.4529,775.0,123.658
159925.SZ,20180518,1.615,1.605,1.623,1.605,1.622,0.007,0.4334,1683.68,271.801
159926.SZ,20180518,111.243,110.2,110.2,110.2,110.2,-1.043,-0.9376,1.0,11.02
159928.SZ,20180518,2.346,2.335,2.35,2.302,2.35,0.004,0.1705,11324.23,2635.13
159929.SZ,20180518,1.802,1.798,1.81,1.782,1.807,0.005,0.2775,11245.0,2016.247
159930.SZ,20180518,0.791,0.794,0.838,0.79,0.838,0.047,5.9418,17686.12,1441.591
159931.SZ,20180518,1.608,1.608,1.63,1.586,1.629,0.021,1.306,728.0,118.268
159932.SZ,20180518,1.67,1.654,1.665,1.654,1.665,-0.005,-0.2994,2.0,0.331
159933.SZ,20180518,1.8,1.792,1.792,1.792,1.792,-0.008,-0.4444,8.86,1.587
159934.SZ,20180518,2.63,2.631,2.634,2.629,2.631,0.001,0.038,73027.0,19218.01
159935.SZ,20180518,1.599,1.577,1.61,1.522,1.61,0.011,0.6879,159.0,24.407
159936.SZ,20180518,1.517,1.512,1.512,1.511,1.512,-0.005,-0.3296,374.0,56.547
159937.SZ,20180518,2.644,2.648,2.649,2.645,2.647,0.003,0.1135,330514.0,87473.606
159938.SZ,20180518,1.544,1.54,1.552,1.529,1.548,0.004,0.2591,82110.0,12621.517
159939.SZ,20180518,1.082,1.082,1.086,1.072,1.083,0.001,0.0924,15443.99,1665.245
159940.SZ,20180518,0.903,0.897,0.905,0.896,0.905,0.002,0.2215,1190.0,106.797
159941.SZ,20180518,1.469,1.471,1.52,1.464,1.466,-0.003,-0.2042,2029.0,299.82
159942.SZ,20180518,1.914,1.89,1.909,1.889,1.909,-0.005,-0.2612,14.61,2.768
159943.SZ,20180518,11.2,11.14,11.213,11.011,11.212,0.012,0.1071,465.54,518.995
159944.SZ,20180518,0.87,0.865,0.874,0.865,0.874,0.004,0.4598,618.0,53.825
159945.SZ,20180518,0.716,0.716,0.749,0.716,0.749,0.033,4.6089,9832.11,723.805
159946.SZ,20180518,1.261,1.257,1.268,1.252,1.268,0.007,0.5551,24.0,3.008
159948.SZ,20180518,1.898,1.902,1.907,1.878,1.906,0.008,0.4215,12358.0,2340.735
159949.SZ,20180518,0.677,0.676,0.682,0.671,0.68,0.003,0.4431,4808187.28,325671.587
159950.SZ,20180518,1.05,1.052,1.052,1.043,1.05,0.0,0.0,75.0,7.87
159951.SZ,20180518,0.928,0.926,0.95,0.926,0.948,0.02,2.1552,469.02,43.644
159952.SZ,20180518,1.037,1.036,1.041,1.026,1.039,0.002,0.1929,339531.75,35101.566
159954.SZ,20180518,1.001,1.0,1.009,0.998,1.008,0.007,0.6993,25400.99,2551.622
159955.SZ,20180518,0.99,0.989,0.995,0.98,0.99,0.0,0.0,3629.0,357.193
159956.SZ,20180518,1.028,1.024,1.032,1.017,1.031,0.003,0.2918,8926.02,912.033
159957.SZ,20180518,1.05,1.054,1.054,1.043,1.051,0.001,0.0952,5064.97,530.399
159958.SZ,20180518,1.047,1.044,1.05,1.036,1.048,0.001,0.0955,11141.0,1161.238
160105.SZ,20180518,1.072,1.074,1.074,1.074,1.074,0.002,0.1866,19.0,2.04
160106.SZ,20180518,1.224,1.224,1.237,1.221,1.231,0.007,0.5719,2520.29,310.431
160119.SZ,20180518,1.479,1.468,1.479,1.465,1.479,0.0,0.0,1514.0,223.007
160125.SZ,20180518,1.075,1.075,1.081,1.072,1.079,0.004,0.3721,507.61,54.636
160128.SZ,20180518,1.014,1.014,1.014,1.014,1.014,0.0,0.0,210.0,21.294
160130.SZ,20180518,0.982,0.981,0.985,0.958,0.985,0.003,0.3055,109.0,10.628
160131.SZ,20180518,1.028,0.97,1.02,0.97,1.019,-0.009,-0.8755,279.37,28.222
160133.SZ,20180518,2.218,2.218,2.239,2.218,2.234,0.016,0.7214,556.43,123.762
160138.SZ,20180518,1.09,1.088,1.088,1.088,1.088,-0.002,-0.1835,1.0,0.108
160140.SZ,20180518,0.908,0.892,0.906,0.892,0.905,-0.003,-0.3304,140.85,12.596
160211.SZ,20180518,2.544,2.545,2.545,2.518,2.543,-0.001,-0.0393,2785.05,703.136
160212.SZ,20180518,2.51,2.509,2.509,2.482,2.498,-0.012,-0.4781,13820.0,3450.244
160215.SZ,20180518,1.656,1.665,1.675,1.651,1.675,0.019,1.1473,4798.41,799.692
160216.SZ,20180518,0.54,0.541,0.553,0.535,0.553,0.013,2.4074,44772.22,2445.973
160220.SZ,20180518,1.3,1.305,1.31,1.305,1.31,0.01,0.7692,232.0,30.308
160223.SZ,20180518,0.849,0.849,0.853,0.837,0.853,0.004,0.4711,610.0,51.558
160225.SZ,20180518,1.021,1.021,1.03,1.021,1.03,0.009,0.8815,270.58,27.751
160311.SZ,20180518,1.498,1.498,1.517,1.495,1.517,0.019,1.2684,1190.0,178.513
160314.SZ,20180518,1.052,1.046,1.052,1.046,1.049,-0.003,-0.2852,237.38,24.887
160322.SZ,20180518,1.195,1.195,1.207,1.195,1.207,0.012,1.0042,789.0,94.521
160323.SZ,20180518,0.997,0.99,1.0,0.99,0.997,0.0,0.0,1310.01,130.19
160324.SZ,20180518,0.919,0.914,0.923,0.913,0.923,0.004,0.4353,5487.12,502.544
160416.SZ,20180518,1.057,1.06,1.08,1.06,1.071,0.014,1.3245,14544.0,1557.024
160421.SZ,20180518,0.929,0.926,0.928,0.921,0.928,-0.001,-0.1076,7709.24,712.257
160505.SZ,20180518,1.648,1.647,1.657,1.64,1.654,0.006,0.3641,42893.48,7069.683
160512.SZ,20180518,1.754,1.791,1.82,1.785,1.819,0.065,3.7058,552.37,99.548
160515.SZ,20180518,0.978,0.979,0.979,0.979,0.979,0.001,0.1022,700.0,68.53
160518.SZ,20180518,0.965,0.978,0.979,0.964,0.97,0.005,0.5181,2545.22,246.983
160519.SZ,20180518,0.948,0.943,0.943,0.942,0.942,-0.006,-0.6329,1050.22,99.035
160520.SZ,20180518,0.972,0.973,0.973,0.973,0.973,0.001,0.1029,8.0,0.778
160607.SZ,20180518,0.785,0.772,0.786,0.771,0.781,-0.004,-0.5096,2586.3,201.912
160610.SZ,20180518,0.908,0.902,0.919,0.902,0.915,0.007,0.7709,109.0,9.886
160611.SZ,20180518,0.726,0.724,0.725,0.724,0.725,-0.001,-0.1377,373.93,27.097
160613.SZ,20180518,1.236,1.235,1.243,1.223,1.242,0.006,0.4854,154.0,18.86
160615.SZ,20180518,1.591,1.575,1.579,1.573,1.576,-0.015,-0.9428,102.0,16.092
160635.SZ,20180518,1.236,1.223,1.241,1.216,1.235,-0.001,-0.0809,861.0,105.233
160642.SZ,20180518,0.935,0.935,0.936,0.935,0.936,0.001,0.107,120.01,11.222
160643.SZ,20180518,0.929,0.923,0.923,0.9,0.919,-0.01,-1.0764,523.0,47.17
160644.SZ,20180518,0.91,0.862,0.862,0.862,0.862,-0.048,-5.2747,1.0,0.086
160706.SZ,20180518,1.08,1.079,1.09,1.071,1.09,0.01,0.9259,19595.91,2119.428
160716.SZ,20180518,1.515,1.509,1.509,1.496,1.509,-0.006,-0.396,3106.45,466.198
160717.SZ,20180518,0.824,0.825,0.832,0.824,0.831,0.007,0.8495,4692.0,388.571
160719.SZ,20180518,0.676,0.678,0.679,0.676,0.678,0.002,0.2959,2623.0,177.415
160722.SZ,20180518,0.999,0.998,0.999,0.998,0.998,-0.001,-0.1001,27378.06,2732.34
160723.SZ,20180518,1.293,1.285,1.306,1.283,1.288,-0.005,-0.3867,11103.99,1434.606
160805.SZ,20180518,0.816,0.82,0.82,0.82,0.82,0.004,0.4902,120.11,9.849
160806.SZ,20180518,1.382,1.383,1.389,1.383,1.388,0.006,0.4342,17.59,2.44
160812.SZ,20180518,1.486,1.477,1.504,1.477,1.504,0.018,1.2113,2306.08,343.487
160813.SZ,20180518,0.823,0.823,0.831,0.823,0.83,0.007,0.8505,192.41,15.86
160910.SZ,20180518,1.013,1.01,1.01,1.005,1.007,-0.006,-0.5923,224.24,22.547
160916.SZ,20180518,2.836,2.824,2.846,2.817,2.846,0.01,0.3526,2999.28,847.75
160918.SZ,20180518,2.027,2.02,2.05,2.018,2.05,0.023,1.1347,552.0,112.124
160919.SZ,20180518,1.257,1.253,1.265,1.253,1.265,0.008,0.6364,3872.11,488.714
160922.SZ,20180518,1.131,1.099,1.099,1.099,1.099,-0.032,-2.8294,1.0,0.109
161005.SZ,20180518,2.111,2.109,2.128,2.1,2.128,0.017,0.8053,11737.66,2480.425
161010.SZ,20180518,1.042,1.041,1.042,1.041,1.042,0.0,0.0,5363.0,558.298
161017.SZ,20180518,2.198,2.197,2.203,2.186,2.2,0.002,0.091,976.11,214.279
161019.SZ,20180518,0.998,0.998,1.0,0.998,0.999,0.001,0.1002,55224.0,5511.643
161033.SZ,20180518,0.918,0.933,0.933,0.917,0.929,0.011,1.1983,300.0,27.765
161035.SZ,20180518,1.143,1.133,1.14,1.128,1.14,-0.003,-0.2625,1128.0,127.809
161036.SZ,20180518,0.81,0.818,0.818,0.818,0.818,0.008,0.9877,1.0,0.081
161037.SZ,20180518,1.136,1.13,1.25,1.122,1.126,-0.01,-0.8803,450.0,51.532
161038.SZ,20180518,1.04,1.03,1.03,1.03,1.03,-0.01,-0.9615,150.0,15.45
161115.SZ,20180518,1.325,1.325,1.325,1.325,1.325,0.0,0.0,30.0,3.975
161116.SZ,20180518,0.684,0.684,0.685,0.681,0.681,-0.003,-0.4386,3250.0,221.694
161117.SZ,20180518,1.027,1.027,1.027,1.026,1.026,-0.001,-0.0974,12119.0,1244.125
161124.SZ,20180518,1.176,1.164,1.188,1.164,1.188,0.012,1.0204,788.0,92.754
161125.SZ,20180518,1.083,1.082,1.089,1.082,1.083,0.0,0.0,1513.0,164.286
161126.SZ,20180518,1.085,1.08,1.089,1.08,1.089,0.004,0.3687,282.0,30.608
161127.SZ,20180518,1.286,1.29,1.298,1.29,1.298,0.012,0.9331,1037.0,134.353
161128.SZ,20180518,1.275,1.266,1.274,1.266,1.274,-0.001,-0.0784,72.0,9.116
161129.SZ,20180518,1.218,1.225,1.331,1.221,1.24,0.022,1.8062,37976.07,4753.899
161130.SZ,20180518,1.001,1.087,1.087,1.032,1.084,0.083,8.2917,977.0,104.495
161210.SZ,20180518,1.073,1.065,1.179,1.065,1.081,0.008,0.7456,3796.0,419.359
161217.SZ,20180518,0.729,0.724,0.742,0.724,0.742,0.013,1.7833,532.0,38.972
161219.SZ,20180518,1.314,1.304,1.323,1.304,1.323,0.009,0.6849,16.0,2.088
161222.SZ,20180518,1.18,1.176,1.18,1.176,1.18,0.0,0.0,60.0,7.058
161224.SZ,20180518,0.972,0.974,0.993,0.974,0.993,0.021,2.1605,215.02,20.966
161225.SZ,20180518,1.226,1.22,1.237,1.22,1.237,0.011,0.8972,107.0,13.106
161226.SZ,20180518,0.795,0.795,0.798,0.795,0.798,0.003,0.3774,11389.75,907.23
161227.SZ,20180518,1.003,1.0,1.008,0.996,1.008,0.005,0.4985,2654.42,265.637
161229.SZ,20180518,1.367,1.389,1.407,1.389,1.4,0.033,2.414,727.0,101.534
1612301.SZ,20180518,0.972,0.972,0.972,0.972,0.972,0.0,0.0,22.0,2.138
161232.SZ,20180518,0.771,0.767,0.769,0.767,0.769,-0.002,-0.2594,751.06,57.756
161505.SZ,20180518,1.187,1.187,1.187,1.091,1.091,-0.096,-8.0876,96.91,10.613
161607.SZ,20180518,1.14,1.136,1.143,1.136,1.143,0.003,0.2632,13.0,1.483
161610.SZ,20180518,1.02,1.004,1.022,1.004,1.022,0.002,0.1961,43.0,4.319
161626.SZ,20180518,1.077,1.034,1.115,1.023,1.1,0.023,2.1356,559.65,57.462
161631.SZ,20180518,1.042,1.042,1.045,1.032,1.04,-0.002,-0.1919,20559.04,2132.497
161706.SZ,20180518,1.488,1.5,1.506,1.481,1.491,0.003,0.2016,1191.0,178.377
161714.SZ,20180518,1.042,1.03,1.069,1.03,1.045,0.003,0.2879,1779.0,186.814
161715.SZ,20180518,1.015,1.016,1.028,1.013,1.027,0.012,1.1823,739.94,75.598
161716.SZ,20180518,1.137,1.132,1.132,1.132,1.132,-0.005,-0.4398,18.0,2.037
161722.SZ,20180518,1.197,1.182,1.182,1.132,1.172,-0.025,-2.0886,5.0,0.586
161810.SZ,20180518,1.54,1.544,1.551,1.544,1.551,0.011,0.7143,19.0,2.935
161815.SZ,20180518,0.488,0.488,0.489,0.487,0.489,0.001,0.2049,1485.0,72.482
161831.SZ,20180518,1.011,1.012,1.025,1.012,1.025,0.014,1.3848,564.35,57.379
161834.SZ,20180518,0.79,0.791,0.796,0.791,0.796,0.006,0.7595,10423.24,826.193
161903.SZ,20180518,0.806,0.792,0.797,0.792,0.797,-0.009,-1.1166,14.82,1.177
161907.SZ,20180518,1.662,1.639,1.653,1.639,1.653,-0.009,-0.5415,3.0,0.493
161911.SZ,20180518,0.975,0.972,0.978,0.97,0.971,-0.004,-0.4103,20310.0,1974.047
162006.SZ,20180518,1.179,1.194,1.194,1.171,1.171,-0.008,-0.6785,109.0,12.873
162105.SZ,20180518,1.061,1.069,1.069,1.069,1.069,0.008,0.754,1.0,0.106
162108.SZ,20180518,1.111,1.113,1.114,1.113,1.114,0.003,0.27,362.0,40.326
162207.SZ,20180518,1.358,1.357,1.358,1.357,1.358,0.0,0.0,82.0,11.127
162307.SZ,20180518,1.261,1.244,1.251,1.244,1.251,-0.01,-0.793,7.0,0.873
162411.SZ,20180518,0.658,0.676,0.679,0.676,0.678,0.02,3.0395,689628.5,46689.522
162415.SZ,20180518,1.27,1.275,1.279,1.275,1.278,0.008,0.6299,219.0,27.996
162416.SZ,20180518,1.01,1.008,1.012,1.008,1.011,0.001,0.099,10358.36,1044.766
162605.SZ,20180518,1.384,1.389,1.402,1.377,1.401,0.017,1.2283,27670.6,3847.477
162607.SZ,20180518,0.518,0.518,0.519,0.511,0.518,0.0,0.0,3243.0,167.143
162703.SZ,20180518,1.44,1.441,1.454,1.441,1.454,0.014,0.9722,2699.37,390.164
162717.SZ,20180518,0.978,0.978,0.978,0.978,0.978,0.0,0.0,0.01,0.0
162718.SZ,20180518,0.969,0.974,0.974,0.974,0.974,0.005,0.516,100.0,9.74
162719.SZ,20180518,1.123,1.146,1.161,1.145,1.155,0.032,2.8495,8142.58,938.401
163001.SZ,20180518,1.036,1.028,1.037,1.028,1.037,0.001,0.0965,232.89,24.123
163110.SZ,20180518,2.192,2.187,2.206,2.186,2.206,0.014,0.6387,356.0,78.033
163111.SZ,20180518,1.096,1.098,1.105,1.09,1.097,0.001,0.0912,310.42,34.012
163208.SZ,20180518,0.932,0.946,0.951,0.946,0.95,0.018,1.9313,735.0,69.755
163210.SZ,20180518,1.047,1.048,1.048,1.04,1.042,-0.005,-0.4776,23165.28,2415.988
163302.SZ,20180518,1.32,1.305,1.313,1.305,1.309,-0.011,-0.8333,75.0,9.792
163402.SZ,20180518,0.907,0.906,0.913,0.904,0.911,0.004,0.441,83572.03,7594.634
163407.SZ,20180518,1.768,1.764,1.779,1.758,1.778,0.01,0.5656,1555.18,274.552
163412.SZ,20180518,3.214,3.21,3.241,3.206,3.24,0.026,0.809,13237.58,4262.014
163415.SZ,20180518,1.52,1.523,1.537,1.511,1.535,0.015,0.9868,7048.6,1075.466
163417.SZ,20180518,0.907,0.906,0.913,0.904,0.913,0.006,0.6615,238087.41,21626.152
163503.SZ,20180518,0.466,0.464,0.464,0.459,0.461,-0.005,-1.073,3378.67,155.867
163801.SZ,20180518,1.344,1.344,1.351,1.336,1.35,0.006,0.4464,502.0,67.558
163819.SZ,20180518,1.128,1.121,1.121,1.121,1.121,-0.007,-0.6206,5.0,0.56
164105.SZ,20180518,1.26,1.255,1.255,1.255,1.255,-0.005,-0.3968,59.0,7.404
164403.SZ,20180518,1.023,1.023,1.028,1.013,1.028,0.005,0.4888,575.39,58.46
164701.SZ,20180518,0.584,0.583,0.584,0.581,0.584,0.0,0.0,1440.0,83.783
164702.SZ,20180518,1.0,0.999,1.003,0.999,1.001,0.001,0.1,2721.0,272.611
164705.SZ,20180518,1.218,1.215,1.22,1.213,1.22,0.002,0.1642,220.0,26.727
164808.SZ,20180518,1.014,1.014,1.014,1.014,1.014,0.0,0.0,1.0,0.101
164810.SZ,20180518,1.0,1.003,1.009,1.003,1.004,0.004,0.4,1982.0,199.697
164906.SZ,20180518,1.422,1.416,1.425,1.402,1.422,0.0,0.0,9965.32,1407.467
165309.SZ,20180518,1.196,1.196,1.196,1.195,1.195,-0.001,-0.0836,30.0,3.587
165313.SZ,20180518,1.353,1.354,1.406,1.354,1.388,0.035,2.5868,1239.91,173.338
165510.SZ,20180518,0.8,0.795,0.815,0.795,0.814,0.014,1.75,1450.0,116.753
165512.SZ,20180518,2.523,2.565,2.574,2.509,2.509,-0.014,-0.5549,16.0,4.103
165513.SZ,20180518,0.468,0.467,0.47,0.467,0.467,-0.001,-0.2137,14901.96,698.268
165517.SZ,20180518,0.773,0.778,0.778,0.776,0.776,0.003,0.3881,8.0,0.621
165525.SZ,20180518,0.97,0.97,0.97,0.961,0.97,0.0,0.0,264.0,25.591
165528.SZ,20180518,0.965,0.954,0.988,0.954,0.956,-0.009,-0.9326,2044.2,195.648
165807.SZ,20180518,0.95,0.99,0.99,0.99,0.99,0.04,4.2105,12.5,1.237
166001.SZ,20180518,1.076,1.076,1.08,1.072,1.08,0.004,0.3717,154.0,16.557
166006.SZ,20180518,1.203,1.198,1.214,1.198,1.21,0.007,0.5819,1221.0,147.049
166007.SZ,20180518,1.365,1.378,1.378,1.378,1.378,0.013,0.9524,1.0,0.137
166009.SZ,20180518,1.741,1.761,1.763,1.761,1.763,0.022,1.2636,2.0,0.352
166011.SZ,20180518,1.298,1.281,1.281,1.281,1.281,-0.017,-1.3097,1.0,0.128
166012.SZ,20180518,1.071,1.076,1.076,1.076,1.076,0.005,0.4669,20.0,2.152
166016.SZ,20180518,1.173,1.134,1.134,1.134,1.134,-0.039,-3.3248,1.0,0.113
166023.SZ,20180518,0.898,0.89,0.921,0.889,0.921,0.023,2.5612,360.0,32.019
166024.SZ,20180518,0.97,0.972,0.98,0.965,0.979,0.009,0.9278,31919.59,3105.173
166105.SZ,20180518,1.269,1.142,1.142,1.142,1.142,-0.127,-10.0079,781.0,89.19
166402.SZ,20180518,1.076,1.075,1.075,1.075,1.075,-0.001,-0.0929,1.0,0.107
166902.SZ,20180518,1.097,1.194,1.194,1.05,1.05,-0.047,-4.2844,11.0,1.198
167001.SZ,20180518,0.743,0.74,0.749,0.74,0.749,0.006,0.8075,6970.04,520.739
167501.SZ,20180518,1.147,1.147,1.147,1.147,1.147,0.0,0.0,290.0,33.263
168002.SZ,20180518,0.977,0.946,0.946,0.946,0.946,-0.031,-3.173,200.01,18.92
168101.SZ,20180518,0.986,0.986,0.99,0.985,0.988,0.002,0.2028,9529.9,939.139
168102.SZ,20180518,0.81,0.81,0.817,0.81,0.817,0.007,0.8642,18712.16,1522.097
168103.SZ,20180518,0.753,0.752,0.758,0.751,0.758,0.005,0.664,38264.66,2889.478
168105.SZ,20180518,0.745,0.745,0.753,0.741,0.753,0.008,1.0738,4758.13,355.773
168106.SZ,20180518,0.87,0.87,0.87,0.87,0.87,0.0,0.0,300.47,26.14
168301.SZ,20180518,0.892,0.892,0.893,0.891,0.893,0.001,0.1121,4683.49,417.757
168401.SZ,20180518,0.957,0.957,0.957,0.957,0.957,0.0,0.0,1.0,0.095
169101.SZ,20180518,1.513,1.512,1.528,1.504,1.528,0.015,0.9914,74392.16,11283.473
169102.SZ,20180518,1.44,1.427,1.444,1.427,1.444,0.004,0.2778,2736.94,393.754
169103.SZ,20180518,1.422,1.425,1.443,1.409,1.443,0.021,1.4768,970.0,138.057
169104.SZ,20180518,1.414,1.41,1.435,1.41,1.434,0.02,1.4144,2735.07,388.506
169105.SZ,20180518,1.485,1.482,1.497,1.479,1.497,0.012,0.8081,54300.32,8082.619
169201.SZ,20180518,1.012,1.001,1.013,1.001,1.013,0.001,0.0988,1557.0,157.149
184801.SZ,20180518,90.1,90.1,90.2,90.1,90.103,0.003,0.0033,73.41,661.436
