ts_code,trade_date,pre_close,open,high,low,close,change,pct_chg,vol,amount
150009.SZ,20180727,0.835,0.835,0.836,0.835,0.836,0.001,0.1198,1372.0,114.689
150016.SZ,20180727,1.06,1.065,1.066,1.065,1.066,0.006,0.566,153.0,16.304
150017.SZ,20180727,1.366,1.355,1.355,1.348,1.348,-0.018,-1.3177,1325.0,178.925
150018.SZ,20180727,0.949,0.949,0.95,0.947,0.947,-0.002,-0.2107,77230.0,7322.604
150019.SZ,20180727,0.882,0.876,0.887,0.871,0.872,-0.01,-1.1338,275990.63,24216.828
150022.SZ,20180727,0.818,0.817,0.819,0.814,0.817,-0.001,-0.1222,33951.84,2771.836
150023.SZ,20180727,0.197,0.197,0.198,0.195,0.196,-0.001,-0.5076,150038.0,2946.348
150032.SZ,20180727,0.975,0.979,0.979,0.975,0.975,0.0,0.0,6140.01,598.706
150048.SZ,20180727,1.017,1.0,1.019,1.0,1.019,0.002,0.1967,72.0,7.241
150049.SZ,20180727,0.94,0.945,0.945,0.941,0.942,0.002,0.2128,1086.0,102.423
150050.SZ,20180727,0.765,0.765,0.797,0.76,0.792,0.027,3.5294,493.0,37.786
150051.SZ,20180727,0.949,0.95,0.95,0.947,0.949,0.0,0.0,3010.0,285.623
150052.SZ,20180727,0.716,0.706,0.721,0.706,0.711,-0.005,-0.6983,3086.79,219.549
150053.SZ,20180727,0.97,0.969,0.969,0.965,0.969,-0.001,-0.1031,439.48,42.566
150054.SZ,20180727,0.887,0.858,0.976,0.827,0.848,-0.039,-4.3968,438.48,37.303
150056.SZ,20180727,1.146,1.129,1.147,1.129,1.129,-0.017,-1.4834,92.0,10.388
150076.SZ,20180727,0.99,0.985,0.985,0.985,0.985,-0.005,-0.5051,5.0,0.492
150090.SZ,20180727,0.997,0.997,0.998,0.997,0.998,0.001,0.1003,142.13,14.184
150091.SZ,20180727,0.585,0.548,0.639,0.535,0.57,-0.015,-2.5641,708.15,39.258
150101.SZ,20180727,1.111,1.1,1.109,1.1,1.109,-0.002,-0.18,259.0,28.583
150106.SZ,20180727,1.063,1.06,1.064,1.06,1.063,0.0,0.0,4559.0,484.556
150107.SZ,20180727,0.868,0.856,0.871,0.841,0.856,-0.012,-1.3825,6290.18,536.461
150117.SZ,20180727,0.951,0.95,0.951,0.95,0.951,0.0,0.0,3505.0,333.125
150118.SZ,20180727,0.995,0.995,1.007,0.976,0.998,0.003,0.3015,27383.0,2720.814
150121.SZ,20180727,0.996,0.996,0.996,0.996,0.996,0.0,0.0,100.0,9.96
150123.SZ,20180727,1.007,1.007,1.008,1.006,1.008,0.001,0.0993,18347.58,1847.009
150124.SZ,20180727,0.761,0.748,0.754,0.74,0.74,-0.021,-2.7595,7633.28,566.243
150130.SZ,20180727,0.996,0.989,0.995,0.989,0.992,-0.004,-0.4016,2211.04,219.424
150131.SZ,20180727,0.756,0.753,0.759,0.735,0.75,-0.006,-0.7937,168584.41,12643.144
150139.SZ,20180727,0.887,0.887,0.887,0.887,0.887,0.0,0.0,1.0,0.088
150144.SZ,20180727,0.97,1.024,1.024,0.941,0.974,0.004,0.4124,7.1,0.693
150146.SZ,20180727,0.734,0.758,0.767,0.72,0.743,0.009,1.2262,52.0,3.756
150149.SZ,20180727,0.892,0.88,0.899,0.87,0.871,-0.021,-2.3543,70.0,6.152
150150.SZ,20180727,0.956,0.956,0.957,0.956,0.957,0.001,0.1046,871.0,83.267
150151.SZ,20180727,1.001,0.97,1.097,0.936,1.08,0.079,7.8921,370.21,35.854
150152.SZ,20180727,0.972,0.973,0.973,0.971,0.972,0.0,0.0,455178.57,44244.291
150153.SZ,20180727,0.427,0.425,0.431,0.417,0.418,-0.009,-2.1077,3051639.61,129570.5
150157.SZ,20180727,0.953,0.953,0.953,0.953,0.953,0.0,0.0,19870.0,1893.611
150158.SZ,20180727,0.838,0.835,0.847,0.829,0.832,-0.006,-0.716,1703.0,142.3
150164.SZ,20180727,0.96,0.961,0.965,0.961,0.965,0.005,0.5208,14.0,1.345
150165.SZ,20180727,0.997,1.021,1.033,1.021,1.033,0.036,3.6108,189.0,19.494
150169.SZ,20180727,0.949,0.947,0.948,0.947,0.947,-0.002,-0.2107,10244.0,970.11
150170.SZ,20180727,1.479,1.468,1.488,1.468,1.487,0.008,0.5409,65.0,9.607
150171.SZ,20180727,0.947,0.946,0.947,0.944,0.944,-0.003,-0.3168,144048.45,13619.003
150172.SZ,20180727,0.552,0.552,0.562,0.546,0.553,0.001,0.1812,482533.7,26760.179
150173.SZ,20180727,0.932,0.932,0.932,0.932,0.932,0.0,0.0,50.0,4.66
150174.SZ,20180727,1.134,1.135,1.135,1.12,1.12,-0.014,-1.2346,643.6,73.018
150175.SZ,20180727,0.953,0.953,0.954,0.953,0.953,0.0,0.0,15277.0,1456.428
150176.SZ,20180727,1.032,1.026,1.038,1.025,1.033,0.001,0.0969,15943.02,1645.528
150177.SZ,20180727,0.948,0.949,0.949,0.948,0.948,0.0,0.0,14742.0,1397.846
150178.SZ,20180727,1.088,1.088,1.1,1.06,1.097,0.009,0.8272,560.79,60.442
150180.SZ,20180727,1.16,1.16,1.16,1.13,1.141,-0.019,-1.6379,262.03,29.98
150181.SZ,20180727,0.96,0.96,0.961,0.959,0.959,-0.001,-0.1042,124547.47,11960.05
150182.SZ,20180727,0.485,0.485,0.495,0.475,0.487,0.002,0.4124,487186.55,23676.412
150184.SZ,20180727,0.98,0.977,0.977,0.977,0.977,-0.003,-0.3061,7.74,0.756
150185.SZ,20180727,0.434,0.427,0.444,0.427,0.437,0.003,0.6912,6998.26,306.884
150187.SZ,20180727,1.08,1.08,1.085,1.07,1.071,-0.009,-0.8333,103.79,11.116
150188.SZ,20180727,0.998,0.997,0.998,0.997,0.998,0.0,0.0,1257.81,125.528
150189.SZ,20180727,0.644,0.6,0.651,0.6,0.642,-0.002,-0.3106,337.53,21.154
150190.SZ,20180727,0.976,0.974,0.976,0.974,0.976,0.0,0.0,1182.44,115.171
150191.SZ,20180727,0.704,0.751,0.751,0.751,0.751,0.047,6.6761,1.0,0.075
150193.SZ,20180727,0.825,0.82,0.84,0.807,0.84,0.015,1.8182,501.0,41.603
150194.SZ,20180727,0.95,0.95,0.95,0.95,0.95,0.0,0.0,11181.0,1062.195
150195.SZ,20180727,0.943,0.936,0.943,0.93,0.935,-0.008,-0.8484,11046.97,1035.357
150196.SZ,20180727,0.974,0.974,0.976,0.974,0.976,0.002,0.2053,28765.3,2806.371
150197.SZ,20180727,0.814,0.814,0.83,0.797,0.799,-0.015,-1.8428,51486.36,4162.136
150199.SZ,20180727,1.553,1.544,1.57,1.544,1.563,0.01,0.6439,17401.0,2711.678
150200.SZ,20180727,0.946,0.944,0.946,0.944,0.946,0.0,0.0,70511.45,6665.977
150201.SZ,20180727,0.783,0.782,0.788,0.777,0.782,-0.001,-0.1277,389449.95,30474.367
150203.SZ,20180727,0.926,0.925,0.925,0.925,0.925,-0.001,-0.108,568.07,52.546
150204.SZ,20180727,1.11,1.12,1.12,1.08,1.083,-0.027,-2.4324,3446.61,375.676
150205.SZ,20180727,0.952,0.953,0.953,0.951,0.952,0.0,0.0,46803.75,4454.089
150206.SZ,20180727,0.636,0.636,0.642,0.625,0.639,0.003,0.4717,80789.1,5118.634
150207.SZ,20180727,0.948,0.945,0.945,0.945,0.945,-0.003,-0.3165,173.0,16.348
150208.SZ,20180727,1.16,1.16,1.17,1.116,1.116,-0.044,-3.7931,174.13,19.449
150209.SZ,20180727,0.952,0.951,0.952,0.951,0.951,-0.001,-0.105,39429.56,3750.221
150210.SZ,20180727,0.743,0.749,0.753,0.738,0.743,0.0,0.0,18175.9,1353.737
150211.SZ,20180727,0.973,0.972,0.974,0.972,0.974,0.001,0.1028,70680.64,6876.941
150212.SZ,20180727,0.431,0.424,0.434,0.422,0.424,-0.007,-1.6241,112690.31,4809.761
150213.SZ,20180727,0.961,0.962,0.962,0.962,0.962,0.001,0.1041,1.0,0.096
150214.SZ,20180727,0.796,0.781,0.796,0.78,0.792,-0.004,-0.5025,47.6,3.721
150216.SZ,20180727,0.908,0.893,0.928,0.893,0.899,-0.009,-0.9912,21.23,1.965
150217.SZ,20180727,0.931,0.935,0.941,0.935,0.938,0.007,0.7519,115.0,10.781
150218.SZ,20180727,1.092,1.064,1.09,1.063,1.068,-0.024,-2.1978,983.91,105.039
150219.SZ,20180727,1.02,1.1,1.1,1.1,1.1,0.08,7.8431,3.0,0.33
150220.SZ,20180727,0.763,0.762,0.762,0.747,0.76,-0.003,-0.3932,5671.0,427.702
150221.SZ,20180727,1.037,1.036,1.039,1.036,1.039,0.002,0.1929,13096.0,1359.444
150222.SZ,20180727,0.943,0.943,0.947,0.923,0.94,-0.003,-0.3181,37860.49,3535.288
150223.SZ,20180727,1.014,1.013,1.014,1.012,1.013,-0.001,-0.0986,117134.85,11864.376
150224.SZ,20180727,0.416,0.415,0.422,0.41,0.411,-0.005,-1.2019,1848690.51,76643.91
150227.SZ,20180727,0.957,0.957,0.957,0.954,0.956,-0.001,-0.1045,79654.84,7614.225
150228.SZ,20180727,0.771,0.767,0.775,0.754,0.768,-0.003,-0.3891,433544.9,33193.266
150229.SZ,20180727,0.953,0.961,0.961,0.955,0.955,0.002,0.2099,125.0,12.007
150230.SZ,20180727,0.95,0.945,0.97,0.944,0.966,0.016,1.6842,1289.0,121.862
150232.SZ,20180727,0.899,0.88,0.895,0.868,0.893,-0.006,-0.6674,122.49,10.886
150235.SZ,20180727,0.996,0.992,0.996,0.985,0.987,-0.009,-0.9036,2814.0,278.018
150236.SZ,20180727,0.356,0.359,0.36,0.351,0.355,-0.001,-0.2809,36749.71,1315.931
150238.SZ,20180727,0.928,0.927,0.928,0.836,0.87,-0.058,-6.25,304.15,27.683
150242.SZ,20180727,0.951,0.94,0.95,0.94,0.949,-0.002,-0.2103,111.0,10.494
150243.SZ,20180727,0.963,0.962,0.963,0.962,0.963,0.0,0.0,13734.0,1321.51
150244.SZ,20180727,0.458,0.455,0.46,0.449,0.45,-0.008,-1.7467,30851.0,1403.43
150246.SZ,20180727,0.864,0.854,0.854,0.854,0.854,-0.01,-1.1574,15.0,1.281
150247.SZ,20180727,0.948,0.952,0.952,0.949,0.952,0.004,0.4219,558.0,52.954
150248.SZ,20180727,1.103,1.112,1.112,1.076,1.095,-0.008,-0.7253,3004.0,325.225
150250.SZ,20180727,0.94,0.871,0.93,0.871,0.893,-0.047,-5.0,103.17,9.212
150251.SZ,20180727,0.953,0.952,0.954,0.952,0.954,0.001,0.1049,832.88,79.342
150252.SZ,20180727,0.915,0.902,0.917,0.902,0.906,-0.009,-0.9836,1235.03,112.561
150257.SZ,20180727,0.935,1.02,1.02,0.934,0.935,0.0,0.0,1001.0,93.529
150259.SZ,20180727,0.93,0.93,0.93,0.929,0.93,0.0,0.0,58.13,5.404
150260.SZ,20180727,1.076,1.072,1.072,1.067,1.067,-0.009,-0.8364,56.23,6.004
150261.SZ,20180727,1.042,1.054,1.054,1.054,1.054,0.012,1.1516,1.0,0.105
150262.SZ,20180727,0.938,0.925,0.944,0.925,0.943,0.005,0.533,951.35,88.902
150265.SZ,20180727,1.042,1.0,1.012,1.0,1.012,-0.03,-2.8791,501.0,50.101
150266.SZ,20180727,0.908,0.908,0.918,0.901,0.918,0.01,1.1013,75.42,6.821
150267.SZ,20180727,0.971,0.966,0.971,0.966,0.971,0.0,0.0,1.59,0.154
150268.SZ,20180727,0.898,0.865,0.899,0.865,0.87,-0.028,-3.118,321.0,27.819
150269.SZ,20180727,0.95,0.95,0.951,0.949,0.95,0.0,0.0,10615.0,1009.404
150270.SZ,20180727,1.479,1.48,1.537,1.466,1.502,0.023,1.5551,36587.0,5534.97
150274.SZ,20180727,1.133,1.108,1.13,1.108,1.13,-0.003,-0.2648,768.07,85.244
150275.SZ,20180727,0.928,0.932,0.934,0.929,0.929,0.001,0.1078,9272.65,862.6
150276.SZ,20180727,1.122,1.129,1.146,1.118,1.124,0.002,0.1783,9036.98,1018.187
150277.SZ,20180727,0.955,0.955,0.955,0.93,0.953,-0.002,-0.2094,120.47,11.484
150278.SZ,20180727,0.82,0.824,0.84,0.806,0.83,0.01,1.2195,1772.71,145.993
150284.SZ,20180727,1.04,1.002,1.037,1.002,1.037,-0.003,-0.2885,25.0,2.522
150287.SZ,20180727,0.979,0.978,0.979,0.978,0.979,0.0,0.0,11131.12,1089.261
150288.SZ,20180727,0.645,0.657,0.685,0.643,0.666,0.021,3.2558,171567.16,11402.59
150289.SZ,20180727,0.953,0.953,0.955,0.953,0.953,0.0,0.0,10264.0,979.189
150290.SZ,20180727,0.925,0.934,0.946,0.927,0.935,0.01,1.0811,146633.38,13737.038
150291.SZ,20180727,0.98,0.978,0.98,0.978,0.98,0.0,0.0,10122.0,989.944
150293.SZ,20180727,0.985,0.982,0.982,0.982,0.982,-0.003,-0.3046,82.64,8.115
150295.SZ,20180727,0.974,0.973,0.973,0.973,0.973,-0.001,-0.1027,116.0,11.286
150296.SZ,20180727,0.835,0.838,0.841,0.825,0.825,-0.01,-1.1976,454.0,37.62
150298.SZ,20180727,0.397,0.392,0.392,0.38,0.38,-0.017,-4.2821,360.0,13.872
150299.SZ,20180727,0.978,0.979,0.979,0.977,0.979,0.001,0.1022,11562.0,1131.005
150300.SZ,20180727,0.615,0.613,0.618,0.6,0.613,-0.002,-0.3252,19296.0,1170.987
150303.SZ,20180727,0.986,0.986,0.987,0.986,0.987,0.001,0.1014,65262.81,6441.25
150304.SZ,20180727,0.406,0.409,0.409,0.401,0.404,-0.002,-0.4926,104286.18,4223.54
150307.SZ,20180727,0.948,0.965,0.965,0.955,0.964,0.016,1.6878,1553.04,148.536
150308.SZ,20180727,0.521,0.517,0.518,0.517,0.518,-0.003,-0.5758,354.64,18.35
150312.SZ,20180727,0.636,0.67,0.67,0.572,0.67,0.034,5.3459,213.0,12.203
150316.SZ,20180727,0.46,0.46,0.469,0.446,0.458,-0.002,-0.4348,2024.0,91.814
150321.SZ,20180727,1.041,1.041,1.043,1.041,1.043,0.002,0.1921,4461.0,464.39
150322.SZ,20180727,0.885,0.885,0.887,0.874,0.878,-0.007,-0.791,883.06,78.126
150323.SZ,20180727,0.97,0.984,0.984,0.984,0.984,0.014,1.4433,1.0,0.098
150329.SZ,20180727,0.948,0.99,0.99,0.951,0.951,0.003,0.3165,160.0,15.315
150330.SZ,20180727,1.307,1.31,1.323,1.303,1.31,0.003,0.2295,2124.0,279.109
150331.SZ,20180727,1.01,1.008,1.01,1.007,1.008,-0.002,-0.198,1006.7,101.439
150332.SZ,20180727,0.862,0.85,0.88,0.85,0.875,0.013,1.5081,504.06,42.873
150335.SZ,20180727,0.98,0.98,0.98,0.979,0.98,0.0,0.0,1126.0,110.34
150336.SZ,20180727,0.737,0.736,0.736,0.736,0.736,-0.001,-0.1357,1.0,0.073
159001.SZ,20180727,100.003,99.999,100.001,99.999,99.999,-0.004,-0.004,649679.51,6496794.429
159003.SZ,20180727,100.0,99.995,99.999,99.994,99.994,-0.006,-0.006,30375.27,303741.199
159005.SZ,20180727,100.0,100.0,100.01,99.999,100.001,0.001,0.001,534519.02,5345189.96
159901.SZ,20180727,4.26,4.31,4.31,4.218,4.236,-0.024,-0.5634,120910.2,51336.848
159902.SZ,20180727,3.132,3.13,3.14,3.106,3.122,-0.01,-0.3193,41642.0,13003.794
159903.SZ,20180727,1.018,1.018,1.02,1.01,1.014,-0.004,-0.3929,3097.31,314.556
159905.SZ,20180727,1.498,1.49,1.499,1.482,1.487,-0.011,-0.7343,11816.0,1758.639
159906.SZ,20180727,0.903,0.899,0.899,0.898,0.899,-0.004,-0.443,4.0,0.359
159907.SZ,20180727,1.284,1.267,1.284,1.267,1.281,-0.003,-0.2336,1084.0,137.59
159908.SZ,20180727,1.52,1.53,1.53,1.53,1.53,0.01,0.6579,7.0,1.071
159909.SZ,20180727,4.489,4.464,4.487,4.455,4.461,-0.028,-0.6237,105.0,46.873
159910.SZ,20180727,1.579,1.557,1.58,1.557,1.57,-0.009,-0.57,2000.0,314.483
159911.SZ,20180727,3.798,3.729,3.84,3.721,3.721,-0.077,-2.0274,162.99,61.882
159912.SZ,20180727,1.25,1.252,1.252,1.233,1.251,0.001,0.08,23.0,2.866
159913.SZ,20180727,1.63,1.636,1.644,1.622,1.622,-0.008,-0.4908,576.0,94.557
159915.SZ,20180727,1.534,1.529,1.532,1.515,1.518,-0.016,-1.043,4462205.75,680220.039
159916.SZ,20180727,3.32,3.312,3.323,3.29,3.297,-0.023,-0.6928,670.0,221.099
159918.SZ,20180727,1.464,1.462,1.467,1.43,1.467,0.003,0.2049,311.0,45.395
159919.SZ,20180727,3.911,3.911,3.925,3.892,3.906,-0.005,-0.1278,43031.0,16810.441
159920.SZ,20180727,1.503,1.506,1.517,1.505,1.51,0.007,0.4657,3590893.27,542720.883
159922.SZ,20180727,5.468,5.542,5.542,5.42,5.445,-0.023,-0.4206,381.0,207.813
159923.SZ,20180727,1.481,1.487,1.487,1.476,1.476,-0.005,-0.3376,277.0,40.951
159925.SZ,20180727,1.498,1.5,1.505,1.49,1.493,-0.005,-0.3338,1147.43,171.829
159928.SZ,20180727,2.26,2.259,2.274,2.249,2.26,0.0,0.0,8728.0,1976.589
159929.SZ,20180727,1.651,1.651,1.656,1.635,1.638,-0.013,-0.7874,10496.0,1726.408
159930.SZ,20180727,0.734,0.738,0.738,0.731,0.738,0.004,0.545,803.0,58.921
159931.SZ,20180727,1.508,1.49,1.507,1.48,1.501,-0.007,-0.4642,31.0,4.626
159932.SZ,20180727,1.445,1.427,1.427,1.427,1.427,-0.018,-1.2457,1.0,0.142
159934.SZ,20180727,2.656,2.656,2.656,2.651,2.653,-0.003,-0.113,86700.01,23002.431
159935.SZ,20180727,1.399,1.379,1.418,1.379,1.409,0.01,0.7148,1945.01,271.396
159936.SZ,20180727,1.376,1.378,1.378,1.374,1.374,-0.002,-0.1453,718.0,98.654
159937.SZ,20180727,2.675,2.673,2.673,2.669,2.672,-0.003,-0.1121,367715.0,98214.603
159938.SZ,20180727,1.391,1.391,1.392,1.375,1.383,-0.008,-0.5751,56210.0,7772.688
159939.SZ,20180727,0.968,0.964,0.967,0.956,0.958,-0.01,-1.0331,17542.0,1687.416
159940.SZ,20180727,0.83,0.83,0.838,0.825,0.828,-0.002,-0.241,210.0,17.484
159941.SZ,20180727,1.668,1.666,1.687,1.653,1.68,0.012,0.7194,11477.0,1923.857
159942.SZ,20180727,1.717,1.705,1.705,1.705,1.705,-0.012,-0.6989,12.0,2.046
159943.SZ,20180727,9.943,9.88,9.988,9.87,9.89,-0.053,-0.533,76.65,75.938
159944.SZ,20180727,0.795,0.79,0.794,0.785,0.794,-0.001,-0.1258,233.0,18.41
159945.SZ,20180727,0.662,0.661,0.671,0.661,0.67,0.008,1.2085,331.0,22.158
159946.SZ,20180727,1.213,1.21,1.222,1.21,1.217,0.004,0.3298,32.47,3.943
159948.SZ,20180727,1.675,1.677,1.679,1.663,1.666,-0.009,-0.5373,6561.0,1094.648
159949.SZ,20180727,0.595,0.593,0.595,0.588,0.588,-0.007,-1.1765,8264994.14,488427.515
159950.SZ,20180727,0.963,0.935,0.955,0.935,0.955,-0.008,-0.8307,130.0,12.389
159951.SZ,20180727,0.816,0.82,0.829,0.802,0.825,0.009,1.1029,74.16,5.993
159952.SZ,20180727,0.925,0.921,0.924,0.914,0.916,-0.009,-0.973,194543.0,17861.164
159953.SZ,20180727,0.743,0.735,0.738,0.735,0.736,-0.007,-0.9421,107.0,7.864
159954.SZ,20180727,0.975,0.976,0.983,0.974,0.982,0.007,0.7179,23923.28,2343.386
159955.SZ,20180727,0.868,0.87,0.872,0.865,0.869,0.001,0.1152,3683.0,320.075
159956.SZ,20180727,0.902,0.896,0.903,0.896,0.902,0.0,0.0,724.19,65.201
159957.SZ,20180727,0.94,0.935,0.938,0.933,0.933,-0.007,-0.7447,4187.0,391.31
159958.SZ,20180727,0.928,0.926,0.93,0.919,0.923,-0.005,-0.5388,24093.0,2226.582
160105.SZ,20180727,1.011,1.003,1.003,1.002,1.002,-0.009,-0.8902,366.0,36.706
160106.SZ,20180727,1.119,1.101,1.129,1.086,1.128,0.009,0.8043,535.0,59.057
160119.SZ,20180727,1.327,1.327,1.327,1.32,1.32,-0.007,-0.5275,2606.0,344.338
160125.SZ,20180727,1.059,1.06,1.069,1.059,1.069,0.01,0.9443,2227.0,237.553
160128.SZ,20180727,0.981,0.984,0.985,0.984,0.984,0.003,0.3058,164.0,16.139
160130.SZ,20180727,0.928,0.971,0.971,0.971,0.971,0.043,4.6336,20.0,1.942
160131.SZ,20180727,1.024,1.011,1.023,1.011,1.023,-0.001,-0.0977,233.0,23.73
160133.SZ,20180727,2.229,2.211,2.225,2.21,2.21,-0.019,-0.8524,11679.0,2590.524
160140.SZ,20180727,1.026,1.037,1.037,1.03,1.03,0.004,0.3899,258.0,26.633
160211.SZ,20180727,2.23,2.229,2.229,2.208,2.21,-0.02,-0.8969,1570.0,347.031
160212.SZ,20180727,2.207,2.207,2.21,2.186,2.201,-0.006,-0.2719,4383.0,963.351
160215.SZ,20180727,1.503,1.49,1.496,1.482,1.489,-0.014,-0.9315,492.0,73.274
160216.SZ,20180727,0.548,0.55,0.555,0.549,0.553,0.005,0.9124,40854.22,2258.177
160220.SZ,20180727,1.23,1.265,1.265,1.265,1.265,0.035,2.8455,1.0,0.126
160223.SZ,20180727,0.765,0.754,0.76,0.753,0.758,-0.007,-0.915,991.0,74.874
160225.SZ,20180727,0.899,0.9,0.912,0.89,0.89,-0.009,-1.0011,1721.0,153.918
160311.SZ,20180727,1.412,1.403,1.419,1.403,1.404,-0.008,-0.5666,371.0,52.364
160314.SZ,20180727,0.974,0.964,0.971,0.963,0.971,-0.003,-0.308,168.0,16.215
160324.SZ,20180727,0.88,0.88,0.883,0.862,0.879,-0.001,-0.1136,205.0,17.892
160416.SZ,20180727,1.095,1.101,1.146,1.101,1.105,0.01,0.9132,5411.68,598.608
160421.SZ,20180727,0.891,0.884,0.888,0.884,0.887,-0.004,-0.4489,2673.0,237.102
160505.SZ,20180727,1.514,1.509,1.517,1.504,1.506,-0.008,-0.5284,22358.85,3378.548
160512.SZ,20180727,1.605,1.595,1.605,1.583,1.583,-0.022,-1.3707,140.0,22.198
160515.SZ,20180727,0.993,0.996,0.996,0.995,0.995,0.002,0.2014,2.0,0.199
160518.SZ,20180727,0.944,0.946,0.948,0.942,0.947,0.003,0.3178,844.05,79.633
160519.SZ,20180727,0.867,0.855,0.86,0.855,0.86,-0.007,-0.8074,301.0,25.736
160520.SZ,20180727,0.931,0.93,0.933,0.929,0.93,-0.001,-0.1074,504.0,46.829
160522.SZ,20180727,0.905,0.905,0.905,0.905,0.905,0.0,0.0,0.04,0.003
160607.SZ,20180727,0.723,0.72,0.725,0.719,0.724,0.001,0.1383,676.79,48.799
160610.SZ,20180727,0.893,0.88,0.905,0.872,0.903,0.01,1.1198,184.01,16.25
160611.SZ,20180727,0.726,0.721,0.721,0.719,0.719,-0.007,-0.9642,78.0,5.608
160616.SZ,20180727,1.159,1.153,1.153,1.153,1.153,-0.006,-0.5177,20.0,2.306
160621.SZ,20180727,1.068,1.074,1.074,1.074,1.074,0.006,0.5618,497.0,53.377
160635.SZ,20180727,1.13,1.135,1.135,1.114,1.127,-0.003,-0.2655,265.0,29.881
160642.SZ,20180727,0.899,0.89,0.89,0.88,0.88,-0.019,-2.1135,1064.0,93.833
160644.SZ,20180727,0.88,0.935,0.939,0.935,0.939,0.059,6.7045,25.0,2.34
160706.SZ,20180727,1.009,1.009,1.011,1.002,1.005,-0.004,-0.3964,15368.63,1546.382
160716.SZ,20180727,1.435,1.435,1.438,1.427,1.433,-0.002,-0.1394,2152.0,308.42
160717.SZ,20180727,0.81,0.811,0.814,0.806,0.81,0.0,0.0,1190.0,96.61
160719.SZ,20180727,0.679,0.679,0.68,0.677,0.679,0.0,0.0,2543.0,172.513
160722.SZ,20180727,0.974,0.949,0.973,0.949,0.973,-0.001,-0.1027,81.0,7.689
160723.SZ,20180727,1.343,1.385,1.386,1.319,1.341,-0.002,-0.1489,306.0,41.0
160805.SZ,20180727,0.771,0.77,0.77,0.77,0.77,-0.001,-0.1297,1.0,0.077
160806.SZ,20180727,1.293,1.282,1.287,1.273,1.283,-0.01,-0.7734,336.55,43.038
160812.SZ,20180727,1.407,1.403,1.404,1.393,1.397,-0.01,-0.7107,966.04,135.571
160813.SZ,20180727,0.757,0.758,0.758,0.758,0.758,0.001,0.1321,34.96,2.649
160910.SZ,20180727,1.015,0.983,1.006,0.982,1.006,-0.009,-0.8867,13.0,1.28
160916.SZ,20180727,2.731,2.706,2.722,2.705,2.705,-0.026,-0.952,316.78,85.758
160918.SZ,20180727,1.916,1.918,1.918,1.911,1.916,0.0,0.0,258.0,49.452
160919.SZ,20180727,1.144,1.128,1.14,1.128,1.14,-0.004,-0.3497,52.0,5.917
160921.SZ,20180727,0.88,0.878,0.884,0.878,0.884,0.004,0.4545,51.0,4.507
161005.SZ,20180727,1.955,1.95,1.95,1.933,1.936,-0.019,-0.9719,7777.0,1508.64
161010.SZ,20180727,1.051,1.052,1.053,1.048,1.052,0.001,0.0951,5212.03,547.508
161014.SZ,20180727,1.055,1.056,1.056,1.056,1.056,0.001,0.0948,15.85,1.673
161017.SZ,20180727,2.023,2.02,2.024,2.008,2.008,-0.015,-0.7415,899.0,181.272
161019.SZ,20180727,0.947,0.948,0.948,0.948,0.948,0.001,0.1056,190.0,18.012
161033.SZ,20180727,0.841,0.84,0.849,0.833,0.834,-0.007,-0.8323,407.0,33.956
161035.SZ,20180727,1.062,1.061,1.07,1.052,1.068,0.006,0.565,449.0,47.708
161036.SZ,20180727,0.708,0.705,0.713,0.705,0.713,0.005,0.7062,5.0,0.353
161037.SZ,20180727,1.01,0.997,0.997,0.997,0.997,-0.013,-1.2871,13.0,1.296
161039.SZ,20180727,1.0,0.999,0.999,0.996,0.996,-0.004,-0.4,1651.0,164.557
161116.SZ,20180727,0.699,0.698,0.707,0.696,0.699,0.0,0.0,966.0,67.54
161117.SZ,20180727,1.042,1.042,1.042,1.042,1.042,0.0,0.0,70.0,7.294
161125.SZ,20180727,1.212,1.218,1.272,1.216,1.225,0.013,1.0726,605.76,74.355
161126.SZ,20180727,1.26,1.269,1.269,1.242,1.244,-0.016,-1.2698,1835.01,230.029
161127.SZ,20180727,1.5,1.5,1.5,1.466,1.474,-0.026,-1.7333,5827.86,859.14
161128.SZ,20180727,1.469,1.48,1.483,1.471,1.48,0.011,0.7488,644.54,95.187
161129.SZ,20180727,1.26,1.261,1.273,1.261,1.27,0.01,0.7937,1465.0,185.775
161130.SZ,20180727,1.31,1.271,1.3,1.271,1.296,-0.014,-1.0687,893.17,115.226
161210.SZ,20180727,1.065,1.065,1.066,1.064,1.065,0.0,0.0,395.0,42.061
161216.SZ,20180727,1.103,1.157,1.158,1.156,1.156,0.053,4.8051,191.0,22.098
161217.SZ,20180727,0.67,0.654,0.66,0.654,0.658,-0.012,-1.791,61.13,4.005
161224.SZ,20180727,0.894,0.876,0.894,0.876,0.894,0.0,0.0,188.71,16.71
161225.SZ,20180727,1.128,1.118,1.128,1.112,1.114,-0.014,-1.2411,1152.0,128.289
161226.SZ,20180727,0.795,0.795,0.795,0.792,0.794,-0.001,-0.1258,8577.0,679.686
161227.SZ,20180727,0.907,0.901,0.908,0.9,0.902,-0.005,-0.5513,1372.0,123.654
161229.SZ,20180727,1.373,1.367,1.367,1.367,1.367,-0.006,-0.437,36.0,4.921
1612301.SZ,20180727,0.991,0.989,0.989,0.989,0.989,-0.002,-0.2018,4.0,0.395
161232.SZ,20180727,0.669,0.678,0.678,0.678,0.678,0.009,1.3453,1.0,0.067
161607.SZ,20180727,1.083,1.081,1.081,1.081,1.081,-0.002,-0.1847,20.0,2.162
161610.SZ,20180727,0.999,0.982,0.99,0.982,0.988,-0.011,-1.1011,607.1,59.691
161631.SZ,20180727,0.944,0.949,0.949,0.927,0.935,-0.009,-0.9534,12706.36,1185.962
161706.SZ,20180727,1.468,1.437,1.462,1.43,1.462,-0.006,-0.4087,901.0,128.876
161713.SZ,20180727,1.019,1.019,1.019,1.019,1.019,0.0,0.0,24.0,2.445
161714.SZ,20180727,1.044,1.049,1.049,1.031,1.041,-0.003,-0.2874,361.0,37.452
161715.SZ,20180727,0.899,0.897,0.897,0.886,0.89,-0.009,-1.0011,448.0,40.011
161716.SZ,20180727,1.146,1.155,1.155,1.155,1.155,0.009,0.7853,2.0,0.231
161810.SZ,20180727,1.463,1.434,1.434,1.434,1.434,-0.029,-1.9822,2.0,0.286
161815.SZ,20180727,0.494,0.494,0.496,0.494,0.496,0.002,0.4049,4466.0,220.878
161831.SZ,20180727,0.993,0.994,0.994,0.994,0.994,0.001,0.1007,18.0,1.789
161834.SZ,20180727,0.732,0.735,0.736,0.734,0.734,0.002,0.2732,11796.66,867.11
161835.SZ,20180727,1.016,1.013,1.015,1.013,1.015,-0.001,-0.0984,800.28,81.128
161907.SZ,20180727,1.576,1.559,1.579,1.559,1.566,-0.01,-0.6345,32.0,5.01
161911.SZ,20180727,0.99,0.993,0.993,0.943,0.992,0.002,0.202,3656.0,360.657
162006.SZ,20180727,1.135,1.117,1.12,1.115,1.12,-0.015,-1.3216,120.0,13.43
162105.SZ,20180727,1.044,1.044,1.044,1.044,1.044,0.0,0.0,23.0,2.401
162108.SZ,20180727,1.141,1.143,1.143,1.138,1.143,0.002,0.1753,6.0,0.683
162411.SZ,20180727,0.714,0.717,0.72,0.717,0.718,0.004,0.5602,159208.35,11429.292
162414.SZ,20180727,1.147,1.136,1.136,1.136,1.136,-0.011,-0.959,1.0,0.113
162415.SZ,20180727,1.553,1.523,1.554,1.51,1.545,-0.008,-0.5151,7739.49,1190.34
162416.SZ,20180727,1.022,1.022,1.031,1.022,1.029,0.007,0.6849,5410.86,556.277
162605.SZ,20180727,1.348,1.346,1.349,1.33,1.338,-0.01,-0.7418,32312.41,4325.818
162607.SZ,20180727,0.48,0.48,0.48,0.476,0.476,-0.004,-0.8333,3703.0,177.14
162703.SZ,20180727,1.337,1.317,1.334,1.315,1.316,-0.021,-1.5707,1522.0,201.092
162711.SZ,20180727,1.139,1.139,1.141,1.139,1.139,0.0,0.0,49.0,5.581
162718.SZ,20180727,0.964,0.962,0.962,0.962,0.962,-0.002,-0.2075,63.0,6.06
162719.SZ,20180727,1.211,1.23,1.25,1.222,1.223,0.012,0.9909,734.72,90.821
163001.SZ,20180727,1.006,0.998,1.008,0.994,0.994,-0.012,-1.1928,51.76,5.175
163110.SZ,20180727,1.767,1.765,1.784,1.756,1.76,-0.007,-0.3962,256.0,45.117
163111.SZ,20180727,0.987,0.98,0.99,0.98,0.989,0.002,0.2026,239.4,23.513
163119.SZ,20180727,0.841,0.84,0.84,0.829,0.829,-0.012,-1.4269,30.0,2.488
163208.SZ,20180727,0.983,0.995,0.995,0.985,0.994,0.011,1.119,1203.53,118.983
163210.SZ,20180727,1.072,1.07,1.074,1.07,1.074,0.002,0.1866,3168.0,339.89
163302.SZ,20180727,1.218,1.21,1.221,1.167,1.2,-0.018,-1.4778,214.18,25.821
163402.SZ,20180727,0.866,0.864,0.87,0.862,0.866,0.0,0.0,29106.14,2520.799
163407.SZ,20180727,1.715,1.706,1.718,1.706,1.707,-0.008,-0.4665,2009.8,343.546
163409.SZ,20180727,1.401,1.377,1.377,1.377,1.377,-0.024,-1.7131,26.0,3.58
163412.SZ,20180727,3.081,3.081,3.083,3.05,3.068,-0.013,-0.4219,4569.0,1402.197
163415.SZ,20180727,1.57,1.565,1.57,1.545,1.56,-0.01,-0.6369,1729.46,270.224
163417.SZ,20180727,0.855,0.855,0.856,0.851,0.853,-0.002,-0.2339,159438.48,13601.215
163503.SZ,20180727,0.446,0.445,0.445,0.439,0.445,-0.001,-0.2242,1157.0,51.439
163801.SZ,20180727,1.343,1.333,1.351,1.328,1.328,-0.015,-1.1169,228.0,30.436
163824.SZ,20180727,1.029,1.028,1.029,1.028,1.029,0.0,0.0,1653.0,170.088
163827.SZ,20180727,0.987,0.986,0.986,0.985,0.985,-0.002,-0.2026,140.0,13.798
164105.SZ,20180727,1.278,1.253,1.253,1.253,1.253,-0.025,-1.9562,11.0,1.378
164206.SZ,20180727,1.086,1.09,1.136,1.09,1.135,0.049,4.512,136.0,14.881
164210.SZ,20180727,1.03,1.033,1.033,1.033,1.033,0.003,0.2913,12.0,1.239
164403.SZ,20180727,1.022,1.028,1.028,1.028,1.028,0.006,0.5871,4.0,0.411
164701.SZ,20180727,0.584,0.586,0.588,0.582,0.587,0.003,0.5137,2050.0,120.197
164702.SZ,20180727,1.016,1.017,1.017,1.016,1.016,0.0,0.0,464.0,47.187
164703.SZ,20180727,0.858,0.85,0.85,0.85,0.85,-0.008,-0.9324,10.0,0.85
164705.SZ,20180727,1.212,1.207,1.207,1.206,1.206,-0.006,-0.495,5.0,0.603
164906.SZ,20180727,1.481,1.481,1.486,1.475,1.484,0.003,0.2026,9154.59,1356.235
165309.SZ,20180727,1.129,1.117,1.117,1.117,1.117,-0.012,-1.0629,1.0,0.111
165313.SZ,20180727,1.276,1.284,1.286,1.284,1.286,0.01,0.7837,820.0,105.446
165510.SZ,20180727,0.769,0.777,0.777,0.777,0.777,0.008,1.0403,1.0,0.077
165513.SZ,20180727,0.48,0.483,0.483,0.481,0.481,0.001,0.2083,851.76,41.011
165525.SZ,20180727,0.885,0.869,0.896,0.868,0.883,-0.002,-0.226,4160.46,365.193
165528.SZ,20180727,0.893,0.895,0.895,0.894,0.894,0.001,0.112,573.01,51.28
166001.SZ,20180727,1.019,1.02,1.024,1.016,1.024,0.005,0.4907,212.0,21.627
166006.SZ,20180727,1.081,1.06,1.062,1.056,1.056,-0.025,-2.3127,402.0,42.569
166007.SZ,20180727,1.292,1.292,1.304,1.292,1.301,0.009,0.6966,35.0,4.555
166009.SZ,20180727,1.566,1.571,1.571,1.543,1.546,-0.02,-1.2771,8.0,1.239
166011.SZ,20180727,1.185,1.159,1.159,1.156,1.156,-0.029,-2.4473,3.0,0.347
166012.SZ,20180727,1.082,1.078,1.078,1.078,1.078,-0.004,-0.3697,35.27,3.802
166024.SZ,20180727,0.95,0.949,0.955,0.945,0.95,0.0,0.0,15269.54,1449.951
167001.SZ,20180727,0.702,0.699,0.699,0.699,0.699,-0.003,-0.4274,100.0,6.99
167002.SZ,20180727,0.88,0.86,0.873,0.839,0.873,-0.007,-0.7955,451.0,38.695
167003.SZ,20180727,1.0,1.0,1.0,1.0,1.0,0.0,0.0,1304.13,130.413
168101.SZ,20180727,0.921,0.922,0.923,0.916,0.922,0.001,0.1086,138.0,12.708
168102.SZ,20180727,0.788,0.783,0.788,0.782,0.787,-0.001,-0.1269,6187.0,486.222
168103.SZ,20180727,0.735,0.735,0.736,0.733,0.735,0.0,0.0,8646.04,634.427
168105.SZ,20180727,0.724,0.725,0.729,0.725,0.729,0.005,0.6906,2898.0,210.381
168108.SZ,20180727,0.979,0.967,0.967,0.967,0.967,-0.012,-1.2257,480.0,46.416
168301.SZ,20180727,0.897,0.896,0.9,0.896,0.9,0.003,0.3344,11602.69,1041.101
168401.SZ,20180727,0.948,0.946,0.953,0.946,0.953,0.005,0.5274,140.0,13.3
169101.SZ,20180727,1.455,1.458,1.458,1.444,1.445,-0.01,-0.6873,49058.88,7109.684
169102.SZ,20180727,1.345,1.332,1.341,1.321,1.326,-0.019,-1.4126,2212.0,293.605
169103.SZ,20180727,1.363,1.42,1.42,1.344,1.348,-0.015,-1.1005,1909.8,257.615
169104.SZ,20180727,1.35,1.345,1.353,1.333,1.334,-0.016,-1.1852,2120.0,284.418
169105.SZ,20180727,1.418,1.419,1.419,1.407,1.408,-0.01,-0.7052,82823.0,11678.305
169106.SZ,20180727,0.946,0.942,0.942,0.936,0.941,-0.005,-0.5285,3619.58,339.772
169201.SZ,20180727,1.02,1.005,1.005,1.005,1.005,-0.015,-1.4706,599.02,60.201
184801.SZ,20180727,89.1,89.0,89.88,89.0,89.872,0.772,0.8664,72.0,645.163
501000.SH,20180727,1.112,1.042,1.128,1.042,1.128,0.016,1.4388,62.0,6.469
501001.SH,20180727,1.128,1.11,1.119,1.086,1.119,-0.009,-0.7979,968.0,105.228
501002.SH,20180727,0.69,0.686,0.692,0.686,0.692,0.002,0.2899,25.0,1.729
501003.SH,20180727,0.989,0.96,0.962,0.96,0.962,-0.027,-2.73,7.0,0.673
501005.SH,20180727,0.94,0.939,0.94,0.925,0.937,-0.003,-0.3191,3907.89,364.172
501007.SH,20180727,1.028,1.02,1.02,1.02,1.02,-0.008,-0.7782,2.0,0.204
501008.SH,20180727,1.006,0.99,0.99,0.989,0.989,-0.017,-1.6899,23.0,2.276
501009.SH,20180727,1.164,1.164,1.164,1.146,1.15,-0.014,-1.2027,68.92,7.964
501010.SH,20180727,1.152,1.15,1.15,1.146,1.149,-0.003,-0.2604,19.11,2.194
501012.SH,20180727,1.004,1.018,1.018,1.018,1.018,0.014,1.3944,1.0,0.102
501015.SH,20180727,0.886,0.881,0.883,0.875,0.881,-0.005,-0.5643,5873.0,517.374
501016.SH,20180727,0.771,0.771,0.776,0.771,0.775,0.004,0.5188,112.88,8.713
501017.SH,20180727,0.84,0.836,0.837,0.836,0.837,-0.003,-0.3571,120.42,10.073
501018.SH,20180727,1.232,1.237,1.245,1.237,1.241,0.009,0.7305,12208.0,1512.873
501019.SH,20180727,0.718,0.718,0.721,0.712,0.718,0.0,0.0,398.0,28.429
501021.SH,20180727,1.46,1.46,1.473,1.458,1.47,0.01,0.6849,6760.0,992.347
501022.SH,20180727,0.764,0.764,0.765,0.764,0.765,0.001,0.1309,1502.0,114.753
501023.SH,20180727,1.161,1.157,1.157,1.157,1.157,-0.004,-0.3445,2.0,0.231
501025.SH,20180727,1.125,1.125,1.125,1.124,1.124,-0.001,-0.0889,51.0,5.737
501026.SH,20180727,0.799,0.793,0.793,0.793,0.793,-0.006,-0.7509,200.0,15.86
501027.SH,20180727,0.994,0.995,0.995,0.994,0.995,0.001,0.1006,389.0,38.705
501028.SH,20180727,0.764,0.76,0.76,0.751,0.755,-0.009,-1.178,501.0,37.643
501029.SH,20180727,0.974,0.973,0.975,0.969,0.972,-0.002,-0.2053,34980.56,3399.056
501030.SH,20180727,0.672,0.66,0.666,0.66,0.661,-0.011,-1.6369,501.0,33.069
501031.SH,20180727,0.664,0.659,0.659,0.659,0.659,-0.005,-0.753,1.0,0.066
501035.SH,20180727,0.937,0.941,0.942,0.939,0.941,0.004,0.4269,3416.81,321.758
501036.SH,20180727,0.822,0.831,0.831,0.831,0.831,0.009,1.0949,10.0,0.831
501037.SH,20180727,0.826,0.82,0.82,0.82,0.82,-0.006,-0.7264,2001.57,164.129
501038.SH,20180727,1.017,1.014,1.02,1.011,1.017,0.0,0.0,12353.43,1253.696
501039.SH,20180727,0.969,0.968,0.972,0.92,0.972,0.003,0.3096,1073.13,103.874
501040.SH,20180727,0.968,0.968,0.969,0.965,0.969,0.001,0.1033,1176.0,113.803
501043.SH,20180727,0.948,0.945,0.945,0.94,0.94,-0.008,-0.8439,609.0,57.423
501046.SH,20180727,0.857,0.859,0.859,0.857,0.857,0.0,0.0,25.0,2.145
501047.SH,20180727,0.763,0.76,0.76,0.76,0.76,-0.003,-0.3932,133.0,10.108
501049.SH,20180727,1.015,1.012,1.016,1.01,1.011,-0.004,-0.3941,6906.96,698.899
501050.SH,20180727,1.14,1.142,1.147,1.137,1.142,0.002,0.1754,3586.8,409.633
501051.SH,20180727,0.922,0.934,0.934,0.9,0.909,-0.013,-1.41,261.0,23.679
501057.SH,20180727,0.976,0.976,0.976,0.966,0.968,-0.008,-0.8197,1629.04,157.608
501058.SH,20180727,0.971,0.962,0.974,0.961,0.97,-0.001,-0.103,957.27,92.2
501059.SH,20180727,0.99,0.99,0.991,0.99,0.991,0.001,0.101,13010.31,1288.021
501300.SH,20180727,0.963,0.966,0.97,0.965,0.969,0.006,0.6231,12256.0,1187.784
501301.SH,20180727,1.159,1.178,1.178,1.157,1.165,0.006,0.5177,8629.0,1006.644
501302.SH,20180727,1.07,1.088,1.09,1.088,1.088,0.018,1.6822,170.22,18.522
501303.SH,20180727,0.929,0.928,0.928,0.928,0.928,-0.001,-0.1076,55.0,5.104
501305.SH,20180727,0.968,0.975,0.979,0.967,0.977,0.009,0.9298,276.0,26.945
501306.SH,20180727,0.964,0.96,0.96,0.96,0.96,-0.004,-0.4149,142.0,13.632
501307.SH,20180727,0.983,0.926,0.926,0.926,0.926,-0.057,-5.7986,1.0,0.093
502002.SH,20180727,0.823,0.751,0.751,0.751,0.751,-0.072,-8.7485,1.0,0.075
502003.SH,20180727,0.746,0.746,0.746,0.741,0.742,-0.004,-0.5362,4796.04,356.379
502004.SH,20180727,0.928,0.929,0.93,0.928,0.928,0.0,0.0,3785.0,351.577
502005.SH,20180727,0.568,0.561,0.566,0.545,0.558,-0.01,-1.7606,6288.3,350.828
502006.SH,20180727,0.956,0.95,0.956,0.947,0.948,-0.008,-0.8368,283.37,26.892
502008.SH,20180727,0.98,0.961,0.991,0.961,0.982,0.002,0.2041,22.44,2.162
502010.SH,20180727,0.827,0.827,0.833,0.823,0.833,0.006,0.7255,615.19,50.731
502011.SH,20180727,0.927,0.927,0.928,0.925,0.927,0.0,0.0,609.0,56.419
502012.SH,20180727,0.714,0.715,0.76,0.715,0.722,0.008,1.1204,948.82,68.447
502013.SH,20180727,0.705,0.705,0.712,0.701,0.705,0.0,0.0,2964.57,209.475
502014.SH,20180727,0.977,0.974,0.977,0.974,0.975,-0.002,-0.2047,3618.0,353.053
502015.SH,20180727,0.432,0.436,0.448,0.435,0.435,0.003,0.6944,6204.26,274.559
502020.SH,20180727,0.95,0.94,0.94,0.94,0.94,-0.01,-1.0526,1.0,0.094
502023.SH,20180727,0.947,0.911,0.959,0.91,0.958,0.011,1.1616,332.88,31.437
502031.SH,20180727,1.002,0.965,0.965,0.965,0.965,-0.037,-3.6926,5.0,0.483
502032.SH,20180727,0.52,0.52,0.52,0.52,0.52,0.0,0.0,192.0,9.984
502048.SH,20180727,0.847,0.849,0.853,0.844,0.846,-0.001,-0.1181,5466.95,462.52
502049.SH,20180727,0.949,0.95,0.95,0.946,0.948,-0.001,-0.1054,3569.0,338.662
502050.SH,20180727,0.749,0.747,0.754,0.737,0.746,-0.003,-0.4005,17379.5,1299.328
502053.SH,20180727,0.691,0.686,0.7,0.686,0.693,0.002,0.2894,5900.16,409.793
502054.SH,20180727,0.982,0.982,0.982,0.978,0.98,-0.002,-0.2037,4882.0,478.3
502055.SH,20180727,0.42,0.401,0.42,0.401,0.419,-0.001,-0.2381,9624.0,397.837
502056.SH,20180727,1.081,1.077,1.079,1.07,1.077,-0.004,-0.37,33.0,3.549
505888.SH,20180727,0.976,0.975,0.979,0.975,0.978,0.002,0.2049,127760.0,12482.391
510010.SH,20180727,1.064,1.057,1.057,1.056,1.056,-0.008,-0.7519,3.0,0.317
510030.SH,20180727,4.681,4.662,4.695,4.65,4.675,-0.006,-0.1282,1224.0,570.783
510050.SH,20180727,2.575,2.575,2.591,2.563,2.575,0.0,0.0,4064616.17,1047116.177
510060.SH,20180727,1.712,1.7,1.715,1.7,1.709,-0.003,-0.1752,1663.0,283.832
510130.SH,20180727,3.65,3.541,3.658,3.541,3.658,0.008,0.2192,91.98,32.64
510150.SH,20180727,4.958,4.96,4.96,4.93,4.93,-0.028,-0.5647,1348.0,665.736
510160.SH,20180727,0.541,0.539,0.543,0.538,0.54,-0.001,-0.1848,2767.0,149.598
510170.SH,20180727,1.712,1.73,1.74,1.716,1.739,0.027,1.5771,575.85,99.937
510180.SH,20180727,3.12,3.12,3.127,3.1,3.109,-0.011,-0.3526,96384.0,30016.839
510220.SH,20180727,3.814,3.801,3.802,3.801,3.802,-0.012,-0.3146,3.0,1.141
510230.SH,20180727,5.569,5.555,5.604,5.542,5.564,-0.005,-0.0898,9802.0,5461.557
510260.SH,20180727,1.107,1.094,1.094,1.094,1.094,-0.013,-1.1743,36.0,3.938
510270.SH,20180727,1.03,1.012,1.028,1.004,1.028,-0.002,-0.1942,119.0,12.091
510280.SH,20180727,1.644,1.635,1.635,1.614,1.616,-0.028,-1.7032,60.0,9.715
510290.SH,20180727,1.422,1.423,1.428,1.417,1.42,-0.002,-0.1406,7406.0,1055.691
510300.SH,20180727,3.591,3.586,3.604,3.57,3.582,-0.009,-0.2506,876624.56,314271.002
510310.SH,20180727,1.525,1.52,1.531,1.517,1.523,-0.002,-0.1311,9807.0,1492.816
510330.SH,20180727,3.888,3.889,3.903,3.86,3.88,-0.008,-0.2058,24628.0,9570.001
510360.SH,20180727,1.127,1.128,1.133,1.121,1.124,-0.003,-0.2662,359149.0,40436.615
510380.SH,20180727,0.94,0.89,0.96,0.89,0.901,-0.039,-4.1489,885.0,82.936
510390.SH,20180727,3.578,3.578,3.599,3.565,3.576,-0.002,-0.0559,38035.04,13630.168
510410.SH,20180727,0.672,0.672,0.676,0.667,0.672,0.0,0.0,1797.0,120.401
510420.SH,20180727,1.349,1.3,1.34,1.3,1.34,-0.009,-0.6672,249.0,32.41
510430.SH,20180727,1.344,1.326,1.344,1.311,1.342,-0.002,-0.1488,165.0,21.721
510440.SH,20180727,1.538,1.536,1.536,1.516,1.516,-0.022,-1.4304,21.0,3.224
510500.SH,20180727,5.598,5.583,5.613,5.543,5.569,-0.029,-0.518,789404.48,440446.926
510510.SH,20180727,1.48,1.478,1.486,1.47,1.477,-0.003,-0.2027,42996.0,6358.328
510520.SH,20180727,1.358,1.377,1.377,1.375,1.375,0.017,1.2518,104.0,14.3
510560.SH,20180727,1.111,1.11,1.11,1.104,1.104,-0.007,-0.6301,131.0,14.54
510580.SH,20180727,5.241,5.2,5.26,5.2,5.225,-0.016,-0.3053,56.0,29.2
510590.SH,20180727,5.354,5.344,5.369,5.307,5.334,-0.02,-0.3736,9891.45,5269.375
510630.SH,20180727,2.338,2.334,2.362,2.334,2.355,0.017,0.7271,2397.0,561.081
510650.SH,20180727,1.631,1.627,1.627,1.627,1.627,-0.004,-0.2452,61.0,9.925
510660.SH,20180727,2.03,2.019,2.02,1.996,2.019,-0.011,-0.5419,4200.0,842.814
510680.SH,20180727,2.199,2.218,2.218,2.214,2.214,0.015,0.6821,13.0,2.879
510710.SH,20180727,2.74,2.739,2.745,2.717,2.734,-0.006,-0.219,3253.46,887.896
510800.SH,20180727,0.887,0.887,0.89,0.878,0.884,-0.003,-0.3382,8000.0,706.969
510810.SH,20180727,0.869,0.869,0.87,0.861,0.87,0.001,0.1151,5218.0,452.664
510880.SH,20180727,2.773,2.773,2.78,2.762,2.765,-0.008,-0.2885,29938.0,8293.728
510900.SH,20180727,1.177,1.182,1.187,1.177,1.186,0.009,0.7647,8950120.28,1058262.075
511010.SH,20180727,113.41,113.366,113.519,113.15,113.239,-0.171,-0.1508,15482.72,175594.504
511220.SH,20180727,92.98,92.997,93.08,92.606,92.758,-0.222,-0.2388,2134.61,19831.47
511260.SH,20180727,102.589,102.901,102.901,102.5,102.649,0.06,0.0585,21.1,216.616
511280.SH,20180727,100.0,100.0,100.0,100.0,100.0,0.0,0.0,0.4,4.0
511310.SH,20180727,102.901,103.199,103.199,103.199,103.199,0.298,0.2896,50.0,515.995
511600.SH,20180727,100.002,100.005,100.016,100.005,100.015,0.013,0.013,856.06,8561.6
511620.SH,20180727,99.981,99.992,99.995,99.976,99.992,0.011,0.011,11.34,113.39
511650.SH,20180727,100.006,100.007,100.014,100.002,100.014,0.008,0.008,2780.31,27806.186
511660.SH,20180727,100.01,100.011,100.023,100.011,100.019,0.009,0.009,81784.27,817998.924
511670.SH,20180727,100.0,100.0,100.005,100.0,100.005,0.005,0.005,2173.45,21735.074
511690.SH,20180727,100.014,100.01,100.018,100.005,100.015,0.001,0.001,33405.02,334098.055
511700.SH,20180727,100.005,100.005,100.013,100.001,100.01,0.005,0.005,2789.93,27902.491
511770.SH,20180727,100.005,100.007,100.02,99.928,100.016,0.011,0.011,223.19,2231.078
511800.SH,20180727,99.998,100.005,100.009,100.004,100.008,0.01,0.01,1125.7,11257.681
511810.SH,20180727,100.002,100.005,100.017,100.003,100.016,0.014,0.014,76047.23,760569.125
511820.SH,20180727,100.005,100.01,100.021,100.0,100.019,0.014,0.014,51790.59,517983.339
511830.SH,20180727,100.005,100.005,100.01,100.005,100.007,0.002,0.002,1772.31,17724.304
511850.SH,20180727,100.017,100.02,100.028,100.019,100.027,0.01,0.01,14492.19,144956.968
511860.SH,20180727,99.999,100.0,100.008,100.0,100.004,0.005,0.005,2505.02,25051.095
511880.SH,20180727,102.371,102.383,102.392,102.383,102.389,0.018,0.0176,636897.84,6521127.807
511900.SH,20180727,100.004,100.007,100.016,100.006,100.015,0.011,0.011,7167.42,71683.392
511910.SH,20180727,99.994,100.0,100.01,99.998,100.01,0.016,0.016,376.76,3767.67
511920.SH,20180727,100.08,100.0,100.068,100.0,100.068,-0.012,-0.012,32.0,320.109
511950.SH,20180727,99.994,99.999,99.999,99.999,99.999,0.005,0.005,1.0,10.0
511960.SH,20180727,100.008,100.006,100.008,100.004,100.008,0.0,0.0,14.3,143.009
511970.SH,20180727,100.0,100.099,100.89,100.004,100.08,0.08,0.08,64.71,648.509
511980.SH,20180727,99.996,100.0,100.004,100.0,100.002,0.006,0.006,315.86,3158.643
511990.SH,20180727,100.01,100.011,100.022,100.011,100.019,0.009,0.009,1094425.24,10946248.471
512000.SH,20180727,0.722,0.721,0.723,0.716,0.718,-0.004,-0.554,272368.0,19587.38
512010.SH,20180727,1.903,1.903,1.905,1.88,1.885,-0.018,-0.9459,55075.0,10406.168
512070.SH,20180727,1.711,1.708,1.714,1.7,1.702,-0.009,-0.526,2939.0,500.639
512090.SH,20180727,0.954,0.952,0.959,0.949,0.953,-0.001,-0.1048,1223081.2,116481.471
512100.SH,20180727,0.674,0.675,0.675,0.668,0.67,-0.004,-0.5935,6307.0,422.431
512120.SH,20180727,1.647,1.64,1.644,1.622,1.635,-0.012,-0.7286,13112.0,2143.737
512160.SH,20180727,0.957,0.958,0.96,0.951,0.953,-0.004,-0.418,249908.0,23841.031
512180.SH,20180727,0.934,0.933,0.936,0.929,0.932,-0.002,-0.2141,1117755.0,104213.68
512200.SH,20180727,0.783,0.778,0.787,0.774,0.782,-0.001,-0.1277,30260.0,2357.102
512220.SH,20180727,1.182,1.182,1.189,1.175,1.175,-0.007,-0.5922,188.0,22.231
512280.SH,20180727,0.934,0.932,0.936,0.928,0.932,-0.002,-0.2141,327241.0,30493.464
512300.SH,20180727,1.157,1.157,1.16,1.144,1.154,-0.003,-0.2593,693.0,79.902
512310.SH,20180727,0.493,0.493,0.495,0.491,0.492,-0.001,-0.2028,1031.0,50.808
512330.SH,20180727,0.732,0.73,0.733,0.721,0.727,-0.005,-0.6831,19011.0,1384.263
512340.SH,20180727,0.817,0.818,0.818,0.811,0.816,-0.001,-0.1224,923.0,75.291
512360.SH,20180727,0.985,0.983,0.988,0.979,0.983,-0.002,-0.203,28333.0,2785.152
512390.SH,20180727,0.951,0.945,0.951,0.945,0.946,-0.005,-0.5258,99.0,9.383
512400.SH,20180727,0.746,0.745,0.746,0.739,0.741,-0.005,-0.6702,8536.0,632.89
512500.SH,20180727,2.61,2.61,2.61,2.588,2.598,-0.012,-0.4598,33068.0,8579.639
512510.SH,20180727,1.111,1.11,1.113,1.102,1.107,-0.004,-0.36,10509.83,1164.728
512520.SH,20180727,0.939,0.939,0.942,0.932,0.935,-0.004,-0.426,76397.0,7154.047
512550.SH,20180727,1.004,0.999,1.007,0.999,1.002,-0.002,-0.1992,16982.0,1702.21
512560.SH,20180727,0.784,0.786,0.787,0.786,0.787,0.003,0.3827,110.0,8.657
512570.SH,20180727,0.714,0.714,0.725,0.712,0.719,0.005,0.7003,1599.0,114.831
512580.SH,20180727,0.796,0.794,0.798,0.792,0.793,-0.003,-0.3769,59102.0,4697.001
512600.SH,20180727,2.225,2.244,2.244,2.223,2.24,0.015,0.6742,1859.0,415.428
512610.SH,20180727,1.65,1.65,1.65,1.65,1.65,0.0,0.0,1.0,0.165
512640.SH,20180727,1.646,1.646,1.646,1.646,1.646,0.0,0.0,1.0,0.165
512660.SH,20180727,0.735,0.735,0.735,0.726,0.732,-0.003,-0.4082,239662.0,17524.169
512680.SH,20180727,0.718,0.716,0.719,0.709,0.714,-0.004,-0.5571,78275.0,5583.517
512700.SH,20180727,0.959,0.959,0.964,0.951,0.957,-0.002,-0.2086,12351.0,1184.356
512780.SH,20180727,0.841,0.841,0.845,0.838,0.838,-0.003,-0.3567,23751.0,1997.558
512800.SH,20180727,0.933,0.93,0.938,0.925,0.93,-0.003,-0.3215,309488.99,28866.259
512810.SH,20180727,0.695,0.696,0.696,0.687,0.69,-0.005,-0.7194,3133.0,216.3
512880.SH,20180727,0.76,0.757,0.762,0.753,0.754,-0.006,-0.7895,571004.0,43199.069
512900.SH,20180727,0.729,0.726,0.73,0.723,0.725,-0.004,-0.5487,8222.0,596.407
512980.SH,20180727,0.83,0.829,0.831,0.82,0.821,-0.009,-1.0843,35591.0,2934.163
512990.SH,20180727,1.037,1.036,1.039,1.032,1.035,-0.002,-0.1929,13014.0,1347.074
513030.SH,20180727,1.143,1.15,1.169,1.15,1.167,0.024,2.0997,16041.0,1866.618
513050.SH,20180727,1.528,1.534,1.537,1.527,1.536,0.008,0.5236,118349.0,18124.488
513100.SH,20180727,2.656,2.651,2.691,2.646,2.658,0.002,0.0753,148067.0,39520.963
513500.SH,20180727,1.789,1.791,1.812,1.79,1.811,0.022,1.2297,66180.0,11944.387
513600.SH,20180727,2.585,2.746,2.746,2.593,2.608,0.023,0.8897,1943.0,513.362
513660.SH,20180727,2.595,2.602,2.606,2.591,2.599,0.004,0.1541,3172.0,822.961
513900.SH,20180727,0.997,0.994,0.994,0.994,0.994,-0.003,-0.3009,173.0,17.196
518800.SH,20180727,2.652,2.651,2.652,2.648,2.651,-0.001,-0.0377,234398.0,62121.116
518880.SH,20180727,2.672,2.67,2.67,2.666,2.669,-0.003,-0.1123,5965359.0,1591947.745
