ts_code,trade_date,pre_close,open,high,low,close,change,pct_chg,vol,amount
150022.SZ,20181205,0.702,0.698,0.704,0.694,0.701,-0.001,-0.1425,114316.0,8010.401
150047.SZ,20181205,1.017,1.015,1.015,1.015,1.015,-0.002,-0.1967,8.43,0.855
150094.SZ,20181205,0.978,0.978,0.984,0.978,0.98,0.002,0.2045,417.0,40.876
150107.SZ,20181205,0.501,0.489,0.503,0.479,0.495,-0.006,-1.1976,122302.04,6000.711
150118.SZ,20181205,0.903,0.887,0.928,0.866,0.904,0.001,0.1107,57622.95,5229.302
150144.SZ,20181205,0.915,0.925,0.925,0.925,0.925,0.01,1.0929,2.0,0.185
150149.SZ,20181205,0.58,0.569,0.6,0.569,0.589,0.009,1.5517,9686.0,568.279
150173.SZ,20181205,0.967,0.967,0.969,0.967,0.969,0.002,0.2068,7508.6,726.85
150175.SZ,20181205,1.001,0.953,0.959,0.953,0.958,-0.043,-4.2957,222240.0,21270.358
150177.SZ,20181205,0.987,0.987,0.995,0.987,0.995,0.008,0.8105,28867.2,2852.675
150182.SZ,20181205,1.109,1.088,1.098,1.07,1.086,-0.023,-2.0739,199065.11,21546.735
150188.SZ,20181205,1.029,1.027,1.029,1.026,1.029,0.0,0.0,1234.61,126.764
150192.SZ,20181205,1.045,1.148,1.148,1.148,1.148,0.103,9.8565,1.0,0.114
150195.SZ,20181205,0.582,0.558,0.586,0.553,0.575,-0.007,-1.2027,114208.78,6522.637
150196.SZ,20181205,1.019,1.019,1.022,1.019,1.021,0.002,0.1963,95225.86,9722.589
150199.SZ,20181205,1.152,1.14,1.173,1.122,1.152,0.0,0.0,5676.53,657.834
150228.SZ,20181205,0.792,0.779,0.789,0.777,0.785,-0.007,-0.8838,392367.24,30792.598
150250.SZ,20181205,0.926,0.915,0.919,0.915,0.919,-0.007,-0.7559,11.0,1.006
150252.SZ,20181205,0.7,0.705,0.705,0.69,0.702,0.002,0.2857,3.0,0.209
150269.SZ,20181205,0.989,0.989,0.993,0.989,0.992,0.003,0.3033,47210.66,4678.419
150283.SZ,20181205,0.967,0.968,0.968,0.968,0.968,0.001,0.1034,51.01,4.937
150299.SZ,20181205,1.022,1.021,1.025,1.021,1.025,0.003,0.2935,18827.84,1926.24
159902.SZ,20181205,2.563,2.525,2.563,2.519,2.556,-0.007,-0.2731,88178.32,22373.104
159905.SZ,20181205,1.371,1.361,1.374,1.356,1.367,-0.004,-0.2918,29501.0,4031.648
159918.SZ,20181205,1.222,1.215,1.234,1.175,1.222,0.0,0.0,384.0,46.517
159922.SZ,20181205,4.739,4.698,4.73,4.653,4.705,-0.034,-0.7175,6680.0,3134.891
159923.SZ,20181205,1.403,1.402,1.402,1.384,1.398,-0.005,-0.3564,2238.0,310.485
159931.SZ,20181205,1.48,1.435,1.478,1.435,1.475,-0.005,-0.3378,45.0,6.595
159941.SZ,20181205,1.565,1.528,1.53,1.52,1.53,-0.035,-2.2364,11359.0,1733.546
159953.SZ,20181205,0.67,0.67,0.69,0.67,0.69,0.02,2.9851,48.0,3.222
159956.SZ,20181205,0.771,0.771,0.782,0.771,0.772,0.001,0.1297,1574.03,121.713
159960.SZ,20181205,1.004,0.993,0.996,0.946,0.946,-0.058,-5.7769,197.0,19.554
160131.SZ,20181205,1.053,1.055,1.055,1.055,1.055,0.002,0.1899,100.0,10.55
160225.SZ,20181205,0.74,0.728,0.745,0.728,0.745,0.005,0.6757,1086.24,80.22
160323.SZ,20181205,1.04,1.04,1.04,1.04,1.04,0.0,0.0,9.0,0.936
160515.SZ,20181205,1.053,1.053,1.054,1.052,1.053,0.0,0.0,3921.0,412.596
160522.SZ,20181205,0.802,0.877,0.877,0.877,0.877,0.075,9.3516,29.0,2.543
160706.SZ,20181205,0.938,0.93,0.938,0.927,0.934,-0.004,-0.4264,17223.8,1606.925
160719.SZ,20181205,0.691,0.69,0.693,0.689,0.692,0.001,0.1447,12587.0,869.516
161005.SZ,20181205,1.616,1.594,1.615,1.593,1.611,-0.005,-0.3094,4673.39,749.766
161033.SZ,20181205,0.74,0.75,0.75,0.749,0.75,0.01,1.3514,61.0,4.574
161126.SZ,20181205,1.29,1.231,1.26,1.225,1.236,-0.054,-4.186,3266.0,402.211
161127.SZ,20181205,1.258,1.241,1.241,1.204,1.229,-0.029,-2.3052,3222.08,393.094
161232.SZ,20181205,0.581,0.586,0.586,0.56,0.58,-0.001,-0.1721,986.0,56.457
161626.SZ,20181205,1.033,1.058,1.058,1.058,1.058,0.025,2.4201,98.0,10.368
161631.SZ,20181205,0.788,0.78,0.785,0.772,0.781,-0.007,-0.8883,19206.65,1494.42
161815.SZ,20181205,0.458,0.458,0.465,0.456,0.458,0.0,0.0,824.0,37.738
163402.SZ,20181205,0.624,0.616,0.625,0.615,0.621,-0.003,-0.4808,87865.59,5453.47
163417.SZ,20181205,0.815,0.81,0.813,0.807,0.811,-0.004,-0.4908,154678.61,12540.393
163503.SZ,20181205,0.374,0.372,0.374,0.371,0.374,0.0,0.0,1430.0,53.237
164703.SZ,20181205,0.863,0.848,0.86,0.848,0.86,-0.003,-0.3476,6.0,0.513
165313.SZ,20181205,1.176,1.161,1.177,1.159,1.177,0.001,0.085,1299.12,151.11
165525.SZ,20181205,0.799,0.789,0.799,0.789,0.798,-0.001,-0.1252,845.0,67.368
167501.SZ,20181205,1.22,1.221,1.225,1.221,1.225,0.005,0.4098,9087.39,1111.745
168106.SZ,20181205,0.85,0.861,0.861,0.859,0.859,0.009,1.0588,61.0,5.244
169103.SZ,20181205,1.168,1.16,1.17,1.15,1.168,0.0,0.0,3011.0,348.583
501010.SH,20181205,1.032,1.028,1.05,1.028,1.05,0.018,1.7442,1288.58,134.909
501021.SH,20181205,1.306,1.3,1.3,1.289,1.291,-0.015,-1.1485,909.0,117.485
501040.SH,20181205,1.02,1.02,1.02,1.019,1.02,0.0,0.0,2550.54,259.989
501048.SH,20181205,0.799,0.788,0.798,0.781,0.798,-0.001,-0.1252,76.91,6.016
501049.SH,20181205,0.817,0.81,0.816,0.8,0.81,-0.007,-0.8568,2304.95,186.88
502006.SH,20181205,0.857,0.85,0.85,0.85,0.85,-0.007,-0.8168,80.0,6.8
502012.SH,20181205,0.775,0.751,0.769,0.741,0.756,-0.019,-2.4516,45893.5,3476.914
502037.SH,20181205,1.015,1.02,1.024,1.02,1.024,0.009,0.8867,1139.0,116.619
502056.SH,20181205,0.979,0.962,0.98,0.962,0.975,-0.004,-0.4086,141.0,13.765
510020.SH,20181205,2.511,2.381,2.513,2.381,2.497,-0.014,-0.5575,1012.9,252.206
510180.SH,20181205,2.979,2.95,2.982,2.943,2.968,-0.011,-0.3693,147686.69,43799.339
510230.SH,20181205,5.761,5.733,5.738,5.71,5.719,-0.042,-0.729,32164.0,18419.495
510800.SH,20181205,0.874,0.863,0.876,0.863,0.871,-0.003,-0.3432,36637.0,3196.479
511770.SH,20181205,99.992,99.987,99.992,99.987,99.989,-0.003,-0.003,37.31,373.057
511800.SH,20181205,99.999,99.992,100.001,99.992,100.001,0.002,0.002,628.14,6281.256
511820.SH,20181205,99.999,99.99,99.998,99.99,99.995,-0.004,-0.004,151.21,1511.993
511860.SH,20181205,99.998,99.994,100.001,99.991,100.0,0.002,0.002,301.5,3014.873
511970.SH,20181205,100.017,100.285,103.0,99.985,99.998,-0.019,-0.019,608.83,6139.619
512000.SH,20181205,0.762,0.75,0.759,0.748,0.752,-0.01,-1.3123,732250.6,55108.37
512090.SH,20181205,0.888,0.873,0.89,0.873,0.884,-0.004,-0.4505,980659.0,86689.118
512100.SH,20181205,0.581,0.571,0.58,0.567,0.576,-0.005,-0.8606,97274.0,5597.923
512300.SH,20181205,0.998,0.988,1.01,0.988,1.002,0.004,0.4008,14181.0,1416.532
512580.SH,20181205,0.693,0.688,0.694,0.679,0.692,-0.001,-0.1443,64981.0,4483.672
512700.SH,20181205,0.995,0.99,0.993,0.989,0.99,-0.005,-0.5025,6749.0,669.77
512900.SH,20181205,0.771,0.761,0.766,0.757,0.758,-0.013,-1.6861,26508.0,2015.46
513600.SH,20181205,2.515,2.501,2.501,2.463,2.501,-0.014,-0.5567,472.0,117.232
513660.SH,20181205,2.487,2.487,2.487,2.465,2.472,-0.015,-0.6031,19955.0,4929.634
150013.SZ,20181205,1.208,1.202,1.208,1.159,1.203,-0.005,-0.4139,110.0,12.962
150016.SZ,20181205,1.01,1.01,1.01,1.01,1.01,0.0,0.0,3394.77,342.871
150023.SZ,20181205,0.17,0.167,0.169,0.166,0.168,-0.002,-1.1765,514868.71,8622.367
150050.SZ,20181205,0.407,0.381,0.431,0.381,0.431,0.024,5.8968,505.91,20.229
150106.SZ,20181205,1.019,1.018,1.021,1.018,1.021,0.002,0.1963,11672.39,1189.783
150151.SZ,20181205,0.668,0.611,0.652,0.611,0.652,-0.016,-2.3952,150.36,9.733
150158.SZ,20181205,0.858,0.85,0.852,0.828,0.847,-0.011,-1.2821,2749.0,231.105
150167.SZ,20181205,1.001,0.96,0.96,0.959,0.959,-0.042,-4.1958,429.0,41.151
150172.SZ,20181205,1.536,1.5,1.523,1.49,1.506,-0.03,-1.9531,135477.36,20431.587
150178.SZ,20181205,1.069,1.04,1.065,1.033,1.059,-0.01,-0.9355,2573.81,270.972
150206.SZ,20181205,0.446,0.429,0.439,0.423,0.428,-0.018,-4.0359,846015.86,36398.386
150213.SZ,20181205,0.963,0.967,0.967,0.967,0.967,0.004,0.4154,72.0,6.962
150224.SZ,20181205,1.423,1.392,1.41,1.383,1.392,-0.031,-2.1785,97099.69,13548.254
150236.SZ,20181205,1.228,1.22,1.22,1.193,1.211,-0.017,-1.3844,1809.3,218.384
150238.SZ,20181205,0.475,0.466,0.466,0.438,0.444,-0.031,-6.5263,136.0,6.021
150243.SZ,20181205,1.0,0.953,0.954,0.95,0.954,-0.046,-4.6,62446.13,5939.219
150248.SZ,20181205,0.769,0.75,0.795,0.725,0.759,-0.01,-1.3004,7260.77,553.498
150257.SZ,20181205,0.97,0.975,0.976,0.975,0.976,0.006,0.6186,134.0,13.071
150258.SZ,20181205,0.84,0.881,0.881,0.821,0.85,0.01,1.1905,208.81,17.772
150259.SZ,20181205,0.964,0.969,0.969,0.969,0.969,0.005,0.5187,484.0,46.899
150266.SZ,20181205,0.829,0.799,0.823,0.799,0.823,-0.006,-0.7238,89.67,7.265
150278.SZ,20181205,0.725,0.725,0.725,0.72,0.72,-0.005,-0.6897,117.65,8.471
150287.SZ,20181205,0.97,0.971,0.973,0.971,0.972,0.002,0.2062,14327.6,1392.481
150300.SZ,20181205,0.623,0.613,0.621,0.613,0.616,-0.007,-1.1236,10884.0,671.553
150311.SZ,20181205,0.956,0.979,0.979,0.979,0.979,0.023,2.4059,178.0,17.426
150312.SZ,20181205,0.966,0.883,0.948,0.883,0.948,-0.018,-1.8634,306.0,27.052
150325.SZ,20181205,0.973,0.975,0.976,0.975,0.976,0.003,0.3083,999.0,97.452
159001.SZ,20181205,100.0,100.0,100.001,99.999,100.0,0.0,0.0,1733368.16,17333685.465
159913.SZ,20181205,1.414,1.409,1.41,1.402,1.408,-0.006,-0.4243,316.0,44.431
159937.SZ,20181205,2.722,2.723,2.729,2.723,2.728,0.006,0.2204,320781.0,87448.326
159939.SZ,20181205,0.804,0.789,0.807,0.784,0.798,-0.006,-0.7463,42582.0,3382.948
159944.SZ,20181205,0.655,0.65,0.654,0.646,0.653,-0.002,-0.3053,83.0,5.363
160125.SZ,20181205,0.976,0.96,0.963,0.96,0.963,-0.013,-1.332,304.0,29.254
160314.SZ,20181205,0.845,0.824,0.848,0.824,0.848,0.003,0.355,1366.58,113.617
160505.SZ,20181205,1.364,1.348,1.359,1.344,1.351,-0.013,-0.9531,19764.58,2666.075
160716.SZ,20181205,1.437,1.432,1.432,1.42,1.432,-0.005,-0.3479,4014.62,573.947
160722.SZ,20181205,0.918,0.911,0.935,0.911,0.935,0.017,1.8519,31.0,2.827
160723.SZ,20181205,1.106,1.09,1.093,1.084,1.088,-0.018,-1.6275,8654.88,941.644
161035.SZ,20181205,0.907,0.908,0.918,0.908,0.918,0.011,1.2128,1235.24,112.752
161116.SZ,20181205,0.694,0.694,0.696,0.692,0.694,0.0,0.0,25464.0,1769.949
161125.SZ,20181205,1.205,1.167,1.194,1.166,1.176,-0.029,-2.4066,2308.89,270.387
161128.SZ,20181205,1.364,1.291,1.329,1.29,1.322,-0.042,-3.0792,769.0,100.117
161129.SZ,20181205,1.053,1.041,1.052,1.031,1.039,-0.014,-1.3295,8769.0,908.089
162307.SZ,20181205,1.139,1.138,1.144,1.138,1.144,0.005,0.439,5.0,0.571
162717.SZ,20181205,0.925,1.014,1.014,0.833,0.833,-0.092,-9.9459,172.0,14.345
163110.SZ,20181205,1.474,1.459,1.495,1.45,1.47,-0.004,-0.2714,531.8,78.725
163801.SZ,20181205,1.146,1.113,1.14,1.113,1.138,-0.008,-0.6981,906.0,101.812
166001.SZ,20181205,0.935,0.934,0.937,0.933,0.933,-0.002,-0.2139,12.0,1.122
166006.SZ,20181205,0.936,0.935,0.94,0.928,0.94,0.004,0.4274,1915.98,178.936
168101.SZ,20181205,0.796,0.794,0.799,0.786,0.799,0.003,0.3769,2952.19,233.824
168103.SZ,20181205,0.661,0.655,0.661,0.655,0.659,-0.002,-0.3026,45592.35,3000.305
168301.SZ,20181205,0.843,0.841,0.843,0.81,0.843,0.0,0.0,165.0,13.38
168401.SZ,20181205,0.968,0.955,0.966,0.955,0.966,-0.002,-0.2066,1189.0,114.847
169101.SZ,20181205,1.229,1.22,1.226,1.212,1.221,-0.008,-0.6509,22941.42,2799.442
501018.SH,20181205,1.038,1.027,1.027,1.016,1.023,-0.015,-1.4451,42407.38,4332.291
501025.SH,20181205,1.09,1.078,1.078,1.078,1.078,-0.012,-1.1009,5.0,0.539
502010.SH,20181205,0.869,0.859,0.866,0.858,0.861,-0.008,-0.9206,5613.05,483.219
510090.SH,20181205,1.529,1.463,1.509,1.463,1.476,-0.053,-3.4663,76.0,11.231
510410.SH,20181205,0.601,0.585,0.612,0.585,0.606,0.005,0.8319,8563.0,515.843
510680.SH,20181205,2.046,2.027,2.028,2.026,2.026,-0.02,-0.9775,78.0,15.809
511660.SH,20181205,100.002,99.997,100.065,99.995,100.009,0.007,0.007,69574.72,695743.909
511850.SH,20181205,100.006,99.999,100.004,99.997,100.003,-0.003,-0.003,16794.16,167941.589
512010.SH,20181205,1.607,1.591,1.633,1.581,1.616,0.009,0.56,352580.0,56920.99
512160.SH,20181205,0.89,0.883,0.891,0.878,0.887,-0.003,-0.3371,406512.0,36017.004
513030.SH,20181205,1.01,1.006,1.011,0.998,1.004,-0.006,-0.5941,16454.0,1652.708
518800.SH,20181205,2.701,2.701,2.706,2.7,2.706,0.005,0.1851,687797.0,185914.431
518880.SH,20181205,2.72,2.722,2.726,2.721,2.725,0.005,0.1838,4155214.0,1131700.225
150030.SZ,20181205,0.942,0.95,0.994,0.95,0.951,0.009,0.9554,37.18,3.589
150101.SZ,20181205,0.88,0.861,0.88,0.861,0.88,0.0,0.0,610.0,52.54
150143.SZ,20181205,1.0,0.982,0.982,0.982,0.982,-0.018,-1.8,1.0,0.098
150169.SZ,20181205,0.989,0.988,0.99,0.988,0.99,0.001,0.1011,795.0,78.663
150187.SZ,20181205,0.892,0.86,0.879,0.855,0.873,-0.019,-2.13,548.6,47.521
150193.SZ,20181205,0.808,0.752,0.798,0.752,0.796,-0.012,-1.4851,2468.0,195.138
150201.SZ,20181205,0.827,0.798,0.822,0.796,0.803,-0.024,-2.9021,1926248.32,155531.028
150203.SZ,20181205,1.0,0.946,0.953,0.944,0.953,-0.047,-4.7,7534.75,715.517
150242.SZ,20181205,0.974,0.975,0.975,0.975,0.975,0.001,0.1027,30.0,2.925
150249.SZ,20181205,0.988,0.991,0.991,0.991,0.991,0.003,0.3036,18.0,1.783
150289.SZ,20181205,0.996,0.996,0.999,0.996,0.998,0.002,0.2008,8170.27,815.087
150315.SZ,20181205,1.0,0.944,0.951,0.944,0.946,-0.054,-5.4,674.38,63.897
150335.SZ,20181205,1.022,1.023,1.026,1.023,1.024,0.002,0.1957,7700.0,788.625
159943.SZ,20181205,8.468,8.27,8.5,8.252,8.397,-0.071,-0.8385,156.22,131.653
160140.SZ,20181205,1.067,1.042,1.066,1.042,1.063,-0.004,-0.3749,220.0,23.332
160416.SZ,20181205,1.036,1.024,1.038,1.016,1.021,-0.015,-1.4479,3665.82,374.959
160607.SZ,20181205,0.605,0.596,0.605,0.596,0.605,0.0,0.0,2296.0,137.563
161039.SZ,20181205,0.899,0.866,0.912,0.866,0.912,0.013,1.4461,39.0,3.414
161706.SZ,20181205,1.318,1.319,1.325,1.314,1.321,0.003,0.2276,1356.21,178.926
161903.SZ,20181205,0.696,0.698,0.698,0.698,0.698,0.002,0.2874,2.0,0.139
162718.SZ,20181205,0.928,0.946,0.946,0.946,0.946,0.018,1.9397,25.0,2.365
163005.SZ,20181205,0.859,0.86,0.86,0.86,0.86,0.001,0.1164,587.67,50.539
163407.SZ,20181205,1.624,1.615,1.619,1.608,1.616,-0.008,-0.4926,2879.05,464.833
164701.SZ,20181205,0.59,0.59,0.592,0.58,0.58,-0.01,-1.6949,2017.0,118.469
164702.SZ,20181205,1.005,1.007,1.007,1.007,1.007,0.002,0.199,2.0,0.201
164824.SZ,20181205,0.978,0.959,0.959,0.947,0.953,-0.025,-2.5562,612.0,58.381
169104.SZ,20181205,1.102,1.09,1.102,1.09,1.1,-0.002,-0.1815,1863.0,204.044
501001.SH,20181205,0.981,0.994,0.994,0.98,0.989,0.008,0.8155,1089.0,107.611
501002.SH,20181205,0.642,0.643,0.643,0.641,0.643,0.001,0.1558,55.0,3.535
501007.SH,20181205,0.855,0.858,0.869,0.857,0.868,0.013,1.5205,24.0,2.071
501009.SH,20181205,1.023,1.03,1.058,1.03,1.039,0.016,1.564,359.62,37.604
501306.SH,20181205,0.904,0.89,0.89,0.89,0.89,-0.014,-1.5487,3.0,0.267
502003.SH,20181205,1.058,1.053,1.057,1.051,1.051,-0.007,-0.6616,22.47,2.364
502008.SH,20181205,0.73,0.736,0.736,0.728,0.736,0.006,0.8219,575.95,42.388
502013.SH,20181205,1.046,1.022,1.045,1.022,1.04,-0.006,-0.5736,2838.83,294.9
502057.SH,20181205,1.013,1.057,1.057,1.057,1.057,0.044,4.3435,5.0,0.529
505888.SH,20181205,0.932,0.93,0.932,0.928,0.931,-0.001,-0.1073,223740.0,20807.267
510030.SH,20181205,4.705,4.633,4.689,4.633,4.689,-0.016,-0.3401,211.0,97.966
510060.SH,20181205,1.696,1.695,1.695,1.675,1.686,-0.01,-0.5896,627.0,105.652
510220.SH,20181205,3.417,3.308,3.406,3.308,3.406,-0.011,-0.3219,1405.0,471.427
510290.SH,20181205,1.23,1.227,1.229,1.212,1.223,-0.007,-0.5691,1634.0,199.433
510300.SH,20181205,3.324,3.288,3.328,3.284,3.309,-0.015,-0.4513,2694282.73,890764.781
510390.SH,20181205,3.32,3.313,3.326,3.282,3.306,-0.014,-0.4217,122442.79,40465.394
510510.SH,20181205,1.286,1.273,1.286,1.263,1.276,-0.01,-0.7776,93887.0,11959.431
510660.SH,20181205,1.681,1.68,1.708,1.657,1.69,0.009,0.5354,13880.0,2342.652
511280.SH,20181205,101.4,101.998,101.998,101.121,101.121,-0.279,-0.2751,1.1,11.211
511960.SH,20181205,99.996,99.997,100.0,99.993,100.0,0.004,0.004,33.54,335.389
512330.SH,20181205,0.611,0.608,0.609,0.598,0.607,-0.004,-0.6547,9315.0,561.612
512560.SH,20181205,0.719,0.707,0.718,0.707,0.714,-0.005,-0.6954,368.0,26.297
512800.SH,20181205,0.964,0.955,0.962,0.955,0.958,-0.006,-0.6224,307293.0,29475.734
512810.SH,20181205,0.633,0.631,0.631,0.623,0.626,-0.007,-1.1058,7805.0,487.054
512860.SH,20181205,1.035,1.003,1.033,1.002,1.031,-0.004,-0.3865,10835.0,1106.653
512880.SH,20181205,0.798,0.786,0.798,0.784,0.791,-0.007,-0.8772,2104200.68,166385.664
512980.SH,20181205,0.704,0.698,0.705,0.687,0.7,-0.004,-0.5682,60692.0,4236.983
512990.SH,20181205,0.957,0.942,0.957,0.942,0.953,-0.004,-0.418,147120.0,13979.441
150017.SZ,20181205,1.173,1.161,1.174,1.161,1.169,-0.004,-0.341,3720.0,434.015
150029.SZ,20181205,0.919,0.879,0.919,0.879,0.919,0.0,0.0,955.0,87.162
150033.SZ,20181205,1.09,0.99,1.199,0.99,1.078,-0.012,-1.1009,4.0,0.435
150092.SZ,20181205,0.994,0.993,0.998,0.993,0.998,0.004,0.4024,1117.0,111.139
150100.SZ,20181205,0.989,0.99,0.991,0.99,0.99,0.001,0.1011,347.0,34.367
150123.SZ,20181205,1.044,1.044,1.047,1.044,1.045,0.001,0.0958,11440.0,1196.198
150150.SZ,20181205,0.995,0.998,0.998,0.998,0.998,0.003,0.3015,1563.0,155.987
150164.SZ,20181205,1.0,0.955,0.974,0.954,0.969,-0.031,-3.1,845.49,81.117
150165.SZ,20181205,0.874,0.959,0.959,0.908,0.908,0.034,3.8902,1.64,0.154
150170.SZ,20181205,1.377,1.349,1.368,1.31,1.36,-0.017,-1.2346,83.0,11.106
150185.SZ,20181205,0.95,0.94,0.955,0.875,0.944,-0.006,-0.6316,2159.12,200.112
150186.SZ,20181205,0.959,0.963,0.964,0.963,0.963,0.004,0.4171,1320.31,127.161
150197.SZ,20181205,0.472,0.458,0.494,0.453,0.475,0.003,0.6356,298490.23,14242.645
150209.SZ,20181205,0.995,0.994,0.997,0.994,0.996,0.001,0.1005,47399.0,4720.225
150217.SZ,20181205,0.965,0.965,0.968,0.965,0.968,0.003,0.3109,405.49,39.202
150227.SZ,20181205,0.951,0.951,0.954,0.951,0.953,0.002,0.2103,376339.84,35856.857
150235.SZ,20181205,0.965,0.965,0.965,0.965,0.965,0.0,0.0,1583.0,152.759
150241.SZ,20181205,0.989,0.989,0.992,0.989,0.991,0.002,0.2022,4335.0,428.8
150247.SZ,20181205,0.991,0.99,0.994,0.99,0.994,0.003,0.3027,5761.77,572.155
150262.SZ,20181205,0.748,0.733,0.755,0.721,0.75,0.002,0.2674,1866.9,138.677
150270.SZ,20181205,0.874,0.843,0.915,0.843,0.883,0.009,1.0297,160106.5,14193.681
150273.SZ,20181205,0.965,0.965,0.967,0.965,0.967,0.002,0.2073,1148.4,110.977
150284.SZ,20181205,0.64,0.64,0.66,0.638,0.655,0.015,2.3438,79.02,5.151
150291.SZ,20181205,1.022,1.024,1.025,1.023,1.023,0.001,0.0978,3311.0,339.035
150297.SZ,20181205,0.97,0.982,0.987,0.982,0.987,0.017,1.7526,493.74,48.595
150302.SZ,20181205,1.477,1.426,1.519,1.426,1.519,0.042,2.8436,6.55,0.977
150303.SZ,20181205,0.986,0.986,0.989,0.986,0.988,0.002,0.2028,21988.18,2171.673
150304.SZ,20181205,0.853,0.845,0.855,0.831,0.845,-0.008,-0.9379,21633.94,1821.92
150305.SZ,20181205,0.986,0.964,0.965,0.964,0.965,-0.021,-2.1298,36.0,3.473
150306.SZ,20181205,0.98,0.991,0.993,0.99,0.99,0.01,1.0204,30.0,2.974
150308.SZ,20181205,1.052,1.083,1.086,1.053,1.066,0.014,1.3308,284.43,30.526
150309.SZ,20181205,0.95,0.954,0.957,0.953,0.954,0.004,0.4211,3010.43,287.392
150310.SZ,20181205,1.055,1.055,1.055,0.966,1.002,-0.053,-5.0237,661.0,68.282
150322.SZ,20181205,0.711,0.7,0.708,0.698,0.708,-0.003,-0.4219,385.87,27.147
150330.SZ,20181205,1.278,1.276,1.276,1.261,1.261,-0.017,-1.3302,3733.0,473.409
159901.SZ,20181205,3.646,3.606,3.654,3.587,3.631,-0.015,-0.4114,408475.2,148145.521
159911.SZ,20181205,3.168,3.133,3.192,3.133,3.18,0.012,0.3788,727.0,229.062
159925.SZ,20181205,1.385,1.358,1.384,1.358,1.375,-0.01,-0.722,156.65,21.535
159929.SZ,20181205,1.4,1.39,1.424,1.378,1.416,0.016,1.1429,31046.0,4375.19
159930.SZ,20181205,0.712,0.703,0.707,0.702,0.704,-0.008,-1.1236,1382.0,97.392
159940.SZ,20181205,0.85,0.835,0.847,0.835,0.843,-0.007,-0.8235,186.0,15.644
159945.SZ,20181205,0.67,0.662,0.669,0.613,0.661,-0.009,-1.3433,98.0,6.429
159950.SZ,20181205,0.812,0.776,0.808,0.776,0.807,-0.005,-0.6158,164.0,13.214
159951.SZ,20181205,0.702,0.702,0.702,0.701,0.701,-0.001,-0.1425,15.0,1.052
159952.SZ,20181205,0.794,0.784,0.8,0.78,0.795,0.001,0.1259,553164.84,43781.7
159954.SZ,20181205,0.982,0.982,0.982,0.968,0.973,-0.009,-0.9165,16500.17,1603.312
159958.SZ,20181205,0.795,0.787,0.802,0.78,0.797,0.002,0.2516,26513.0,2104.403
160119.SZ,20181205,1.155,1.141,1.151,1.13,1.15,-0.005,-0.4329,5138.33,587.756
160610.SZ,20181205,0.837,0.835,0.835,0.835,0.835,-0.002,-0.2389,10.0,0.835
160611.SZ,20181205,0.672,0.662,0.662,0.662,0.662,-0.01,-1.4881,105.61,6.991
160616.SZ,20181205,0.985,0.983,0.983,0.976,0.979,-0.006,-0.6091,6.0,0.588
160717.SZ,20181205,0.821,0.81,0.814,0.81,0.814,-0.007,-0.8526,1643.0,133.577
160720.SZ,20181205,1.103,1.104,1.129,1.104,1.129,0.026,2.3572,53.0,5.981
161216.SZ,20181205,1.09,1.1,1.1,1.1,1.1,0.01,0.9174,2.0,0.22
161610.SZ,20181205,0.858,0.836,0.857,0.836,0.854,-0.004,-0.4662,749.0,63.495
161722.SZ,20181205,1.004,0.952,1.005,0.952,1.005,0.001,0.0996,28.0,2.67
162719.SZ,20181205,1.029,1.009,1.025,1.003,1.012,-0.017,-1.6521,2032.09,205.927
163001.SZ,20181205,0.835,0.835,0.848,0.834,0.842,0.007,0.8383,84.0,7.042
163003.SZ,20181205,0.628,0.629,0.629,0.629,0.629,0.001,0.1592,3.0,0.188
150095.SZ,20181205,0.815,0.751,0.752,0.751,0.751,-0.064,-7.8528,730.0,54.854
150124.SZ,20181205,0.523,0.518,0.522,0.512,0.522,-0.001,-0.1912,2669.0,138.202
150148.SZ,20181205,1.07,1.079,1.079,1.078,1.079,0.009,0.8411,107.78,11.619
150153.SZ,20181205,0.862,0.838,0.87,0.832,0.856,-0.006,-0.6961,4028421.94,342952.931
150157.SZ,20181205,0.995,0.996,0.998,0.995,0.998,0.003,0.3015,55405.04,5522.939
150190.SZ,20181205,0.987,0.974,0.974,0.974,0.974,-0.013,-1.3171,0.23,0.022
150191.SZ,20181205,1.189,1.095,1.185,1.095,1.185,-0.004,-0.3364,4.32,0.482
150200.SZ,20181205,0.986,0.985,0.987,0.985,0.987,0.001,0.1014,76695.97,7562.454
150212.SZ,20181205,0.901,0.879,0.924,0.85,0.915,0.014,1.5538,24029.67,2151.601
150216.SZ,20181205,0.532,0.492,0.528,0.492,0.524,-0.008,-1.5038,1562.35,80.924
150223.SZ,20181205,1.047,1.047,1.049,1.045,1.048,0.001,0.0955,47469.96,4968.355
150255.SZ,20181205,0.967,0.969,0.972,0.969,0.971,0.004,0.4137,338.0,32.797
150282.SZ,20181205,0.466,0.457,0.5,0.457,0.5,0.034,7.2961,689.99,33.747
150288.SZ,20181205,0.928,0.913,0.918,0.9,0.908,-0.02,-2.1552,62422.35,5669.65
150307.SZ,20181205,1.0,0.946,0.95,0.946,0.95,-0.05,-5.0,1782.77,169.121
150336.SZ,20181205,0.527,0.5,0.523,0.494,0.503,-0.024,-4.5541,2003.0,101.07
150343.SZ,20181205,0.974,0.975,0.976,0.975,0.976,0.002,0.2053,1932.62,188.469
159910.SZ,20181205,1.448,1.43,1.45,1.43,1.442,-0.006,-0.4144,1575.0,226.624
159912.SZ,20181205,1.026,1.017,1.027,1.017,1.024,-0.002,-0.1949,2138.0,219.136
159916.SZ,20181205,3.091,3.0,3.092,3.0,3.083,-0.008,-0.2588,71.0,21.896
159919.SZ,20181205,3.613,3.571,3.608,3.57,3.6,-0.013,-0.3598,306943.9,110462.056
159946.SZ,20181205,1.005,1.005,1.01,0.985,1.006,0.001,0.0995,1362.0,136.86
159949.SZ,20181205,0.491,0.484,0.492,0.481,0.487,-0.004,-0.8147,11713983.96,569371.728
159955.SZ,20181205,0.744,0.729,0.75,0.729,0.747,0.003,0.4032,4841.0,359.466
160133.SZ,20181205,1.965,1.959,1.972,1.95,1.967,0.002,0.1018,157.39,30.966
160311.SZ,20181205,1.328,1.319,1.326,1.319,1.325,-0.003,-0.2259,644.79,85.201
160518.SZ,20181205,0.899,0.893,0.9,0.893,0.896,-0.003,-0.3337,5337.14,477.777
160618.SZ,20181205,1.254,1.257,1.257,1.257,1.257,0.003,0.2392,202.0,25.391
161010.SZ,20181205,1.028,1.025,1.027,1.023,1.026,-0.002,-0.1946,922.0,94.455
161014.SZ,20181205,1.144,1.143,1.144,1.142,1.144,0.0,0.0,235.0,26.85
161130.SZ,20181205,1.199,1.19,1.19,1.187,1.187,-0.012,-1.0008,17.0,2.021
161226.SZ,20181205,0.751,0.75,0.751,0.749,0.75,-0.001,-0.1332,5003.0,375.152
161227.SZ,20181205,0.782,0.781,0.787,0.775,0.784,0.002,0.2558,1570.1,122.822
161716.SZ,20181205,1.21,1.202,1.209,1.202,1.209,-0.001,-0.0826,201.09,24.208
161834.SZ,20181205,0.72,0.716,0.719,0.712,0.717,-0.003,-0.4167,24195.92,1732.775
150060.SZ,20181205,0.82,0.818,0.819,0.81,0.81,-0.01,-1.2195,66.08,5.409
150066.SZ,20181205,0.958,0.961,0.961,0.958,0.96,0.002,0.2088,100.0,9.587
150117.SZ,20181205,0.991,0.992,0.995,0.992,0.995,0.004,0.4036,5339.31,530.622
150130.SZ,20181205,1.021,1.021,1.024,1.021,1.024,0.003,0.2938,94610.79,9673.739
150152.SZ,20181205,0.984,0.985,0.99,0.982,0.988,0.004,0.4065,992510.68,97967.181
150176.SZ,20181205,1.002,0.981,0.984,0.973,0.98,-0.022,-2.1956,53113.0,5198.17
150180.SZ,20181205,0.786,0.742,0.776,0.742,0.776,-0.01,-1.2723,120.09,9.261
150181.SZ,20181205,0.954,0.955,0.958,0.954,0.958,0.004,0.4193,207073.07,19792.81
150204.SZ,20181205,0.77,0.77,0.77,0.754,0.768,-0.002,-0.2597,590.22,45.367
150205.SZ,20181205,1.0,0.959,0.961,0.956,0.961,-0.039,-3.9,135034.53,12964.159
150210.SZ,20181205,0.515,0.5,0.516,0.499,0.509,-0.006,-1.165,41332.28,2099.287
150211.SZ,20181205,0.974,0.974,0.978,0.974,0.977,0.003,0.308,21863.0,2133.649
150218.SZ,20181205,0.872,0.84,0.87,0.818,0.861,-0.011,-1.2615,336.44,28.684
150244.SZ,20181205,0.919,0.88,0.933,0.88,0.917,-0.002,-0.2176,43918.73,4018.157
150246.SZ,20181205,0.618,0.635,0.635,0.635,0.635,0.017,2.7508,1.0,0.063
150261.SZ,20181205,1.02,1.022,1.024,1.022,1.024,0.004,0.3922,3772.0,385.765
150264.SZ,20181205,0.5,0.5,0.5,0.469,0.497,-0.003,-0.6,11.0,0.546
150265.SZ,20181205,1.022,1.018,1.023,1.018,1.022,0.0,0.0,6240.04,637.718
150271.SZ,20181205,0.989,0.998,1.0,0.992,0.996,0.007,0.7078,296.32,29.496
150272.SZ,20181205,0.965,0.967,1.0,0.967,0.999,0.034,3.5233,188.79,18.615
150275.SZ,20181205,0.966,0.969,0.969,0.969,0.969,0.003,0.3106,65.0,6.298
150277.SZ,20181205,0.963,0.976,0.976,0.975,0.975,0.012,1.2461,219.0,21.369
150295.SZ,20181205,1.0,0.958,0.96,0.958,0.96,-0.04,-4.0,14546.1,1395.257
150301.SZ,20181205,0.972,0.977,0.978,0.977,0.978,0.006,0.6173,431.84,42.213
159908.SZ,20181205,1.297,1.244,1.29,1.244,1.253,-0.044,-3.3924,147.0,18.315
159915.SZ,20181205,1.315,1.297,1.326,1.293,1.315,0.0,0.0,8071980.04,1058167.285
159920.SZ,20181205,1.444,1.429,1.438,1.426,1.433,-0.011,-0.7618,2169387.0,311030.117
159933.SZ,20181205,1.746,1.719,1.745,1.719,1.745,-0.001,-0.0573,17.0,2.924
160105.SZ,20181205,0.835,0.827,0.829,0.827,0.828,-0.007,-0.8383,270.33,22.383
160106.SZ,20181205,0.916,0.904,0.919,0.903,0.919,0.003,0.3275,248.08,22.522
160211.SZ,20181205,1.732,1.717,1.74,1.717,1.739,0.007,0.4042,1333.02,230.964
160421.SZ,20181205,0.805,0.805,0.806,0.803,0.803,-0.002,-0.2484,4506.46,362.639
160512.SZ,20181205,1.484,1.492,1.492,1.477,1.481,-0.003,-0.2022,205.0,30.291
160613.SZ,20181205,1.077,1.081,1.081,1.081,1.081,0.004,0.3714,2.0,0.216
160644.SZ,20181205,0.835,0.766,0.766,0.766,0.766,-0.069,-8.2635,1.0,0.076
160805.SZ,20181205,0.669,0.66,0.681,0.66,0.67,0.001,0.1495,174.09,11.629
160910.SZ,20181205,0.897,0.896,0.896,0.876,0.896,-0.001,-0.1115,115.01,10.243
160921.SZ,20181205,0.805,0.796,0.808,0.796,0.808,0.003,0.3727,211.0,16.796
161015.SZ,20181205,0.984,0.979,0.982,0.951,0.981,-0.003,-0.3049,1009.0,98.134
161017.SZ,20181205,1.567,1.541,1.562,1.538,1.558,-0.009,-0.5743,2882.99,448.368
161019.SZ,20181205,0.961,0.96,0.97,0.96,0.966,0.005,0.5203,1092.0,105.349
161810.SZ,20181205,1.171,1.15,1.181,1.15,1.166,-0.005,-0.427,282.0,33.003
161911.SZ,20181205,1.046,1.047,1.047,1.045,1.047,0.001,0.0956,10632.0,1112.353
162607.SZ,20181205,0.419,0.418,0.424,0.416,0.42,0.001,0.2387,3642.0,152.323
163409.SZ,20181205,1.328,1.3,1.313,1.3,1.313,-0.015,-1.1295,1000.4,130.702
166009.SZ,20181205,1.426,1.423,1.423,1.413,1.413,-0.013,-0.9116,14.0,1.982
169102.SZ,20181205,1.053,1.051,1.051,1.043,1.049,-0.004,-0.3799,1920.0,201.414
169106.SZ,20181205,0.944,0.943,0.947,0.943,0.946,0.002,0.2119,2883.91,272.652
501000.SH,20181205,0.997,0.938,0.938,0.938,0.938,-0.059,-5.9178,1.0,0.094
501015.SH,20181205,0.786,0.786,0.786,0.777,0.777,-0.009,-1.145,3171.09,246.579
501022.SH,20181205,0.788,0.778,0.784,0.778,0.784,-0.004,-0.5076,1138.49,89.188
501038.SH,20181205,0.9,0.898,0.9,0.895,0.898,-0.002,-0.2222,2151.0,192.971
501039.SH,20181205,1.022,1.018,1.018,1.018,1.018,-0.004,-0.3914,298.0,30.336
501047.SH,20181205,0.798,0.788,0.788,0.782,0.782,-0.016,-2.005,377.0,29.676
501305.SH,20181205,0.918,0.915,0.915,0.89,0.89,-0.028,-3.0501,28.0,2.495
502004.SH,20181205,0.952,0.952,0.954,0.952,0.954,0.002,0.2101,6746.77,643.41
502007.SH,20181205,0.968,0.969,0.969,0.968,0.969,0.001,0.1033,2260.0,218.887
502020.SH,20181205,0.897,0.871,0.871,0.871,0.871,-0.026,-2.8986,2.0,0.174
502049.SH,20181205,0.986,0.986,0.989,0.986,0.988,0.002,0.2028,41835.64,4131.075
502050.SH,20181205,0.691,0.672,0.688,0.671,0.68,-0.011,-1.5919,99837.24,6791.634
502055.SH,20181205,1.319,1.261,1.298,1.261,1.289,-0.03,-2.2745,87.72,11.26
510160.SH,20181205,0.505,0.504,0.504,0.499,0.503,-0.002,-0.396,3497.0,175.673
510330.SH,20181205,3.433,3.4,3.437,3.39,3.42,-0.013,-0.3787,847524.02,289505.269
510360.SH,20181205,1.05,1.042,1.05,1.037,1.045,-0.005,-0.4762,33935.0,3545.366
510440.SH,20181205,1.338,1.271,1.338,1.27,1.333,-0.005,-0.3737,181.0,23.692
510560.SH,20181205,0.967,0.966,0.966,0.966,0.966,-0.001,-0.1034,1.0,0.097
510880.SH,20181205,2.649,2.629,2.652,2.624,2.642,-0.007,-0.2643,47293.0,12490.12
511600.SH,20181205,99.995,99.992,99.995,99.99,99.993,-0.002,-0.002,12024.42,120235.506
511900.SH,20181205,99.999,99.992,100.08,99.992,100.009,0.01,0.01,5024.91,50255.46
512070.SH,20181205,1.783,1.757,1.782,1.707,1.762,-0.021,-1.1778,5620.0,991.342
512340.SH,20181205,0.68,0.678,0.679,0.669,0.676,-0.004,-0.5882,5106.0,344.468
512360.SH,20181205,0.907,0.908,0.908,0.898,0.902,-0.005,-0.5513,12988.0,1171.654
512520.SH,20181205,0.871,0.866,0.873,0.862,0.868,-0.003,-0.3444,68279.17,5932.728
512600.SH,20181205,1.854,1.858,1.866,1.854,1.866,0.012,0.6472,113.0,21.004
512680.SH,20181205,0.657,0.655,0.655,0.644,0.649,-0.008,-1.2177,17803.0,1151.252
512780.SH,20181205,0.742,0.74,0.746,0.73,0.743,0.001,0.1348,11300.0,835.893
513050.SH,20181205,1.178,1.152,1.165,1.152,1.158,-0.02,-1.6978,349178.12,40496.388
513900.SH,20181205,0.953,0.944,0.944,0.937,0.937,-0.016,-1.6789,9936.0,935.252
150051.SZ,20181205,0.988,0.989,0.99,0.989,0.989,0.001,0.1012,28006.6,2770.484
150093.SZ,20181205,0.539,0.592,0.592,0.592,0.592,0.053,9.833,1.0,0.059
150131.SZ,20181205,0.484,0.466,0.506,0.466,0.486,0.002,0.4132,1709289.09,82998.88
150146.SZ,20181205,0.611,0.617,0.665,0.551,0.608,-0.003,-0.491,495.0,29.663
150198.SZ,20181205,1.052,1.054,1.054,1.05,1.051,-0.001,-0.0951,1195.0,125.802
150221.SZ,20181205,1.07,1.069,1.074,1.069,1.073,0.003,0.2804,16685.49,1789.622
150229.SZ,20181205,0.966,0.963,0.966,0.963,0.964,-0.002,-0.207,232.0,22.373
150232.SZ,20181205,0.526,0.557,0.557,0.521,0.521,-0.005,-0.9506,18.47,1.009
150276.SZ,20181205,1.013,0.977,1.011,0.977,1.011,-0.002,-0.1974,409.87,40.683
150281.SZ,20181205,0.958,0.962,0.963,0.961,0.962,0.004,0.4175,6300.0,606.062
150296.SZ,20181205,0.638,0.607,0.607,0.607,0.607,-0.031,-4.8589,170.0,10.319
150329.SZ,20181205,0.988,0.989,0.992,0.989,0.992,0.004,0.4049,6115.0,605.448
159003.SZ,20181205,100.002,100.0,100.001,99.999,100.0,-0.002,-0.002,37876.48,378764.796
159005.SZ,20181205,100.0,100.0,100.001,99.999,100.0,0.0,0.0,46221.39,462214.003
159903.SZ,20181205,0.862,0.848,0.862,0.848,0.857,-0.005,-0.58,8213.0,701.479
159907.SZ,20181205,1.066,1.059,1.059,1.033,1.059,-0.007,-0.6567,432.0,45.644
159909.SZ,20181205,3.551,3.5,3.515,3.473,3.481,-0.07,-1.9713,1289.0,451.504
159938.SZ,20181205,1.192,1.178,1.209,1.173,1.198,0.006,0.5034,193928.73,23128.7
159957.SZ,20181205,0.805,0.796,0.81,0.791,0.807,0.002,0.2484,33598.01,2693.51
160128.SZ,20181205,1.04,1.04,1.04,1.039,1.04,0.0,0.0,364.0,37.836
160212.SZ,20181205,1.742,1.693,1.75,1.693,1.746,0.004,0.2296,8945.85,1557.351
160223.SZ,20181205,0.655,0.652,0.659,0.652,0.658,0.003,0.458,1516.0,99.625
160635.SZ,20181205,0.947,0.94,0.962,0.94,0.957,0.01,1.056,779.36,74.439
160642.SZ,20181205,0.86,0.86,0.86,0.86,0.86,0.0,0.0,1.0,0.086
160812.SZ,20181205,1.266,1.245,1.261,1.245,1.261,-0.005,-0.3949,1298.33,161.997
160813.SZ,20181205,0.68,0.681,0.681,0.681,0.681,0.001,0.1471,22.0,1.498
160915.SZ,20181205,1.077,1.1,1.1,1.1,1.1,0.023,2.1356,1.0,0.11
160916.SZ,20181205,2.434,2.422,2.428,2.411,2.415,-0.019,-0.7806,373.35,90.2
160918.SZ,20181205,1.835,1.835,1.835,1.818,1.831,-0.004,-0.218,643.0,117.355
161119.SZ,20181205,1.399,1.379,1.379,1.379,1.379,-0.02,-1.4296,29.72,4.098
161217.SZ,20181205,0.589,0.586,0.595,0.586,0.595,0.006,1.0187,4.0,0.236
161224.SZ,20181205,0.869,0.837,0.88,0.837,0.879,0.01,1.1507,54.0,4.536
161835.SZ,20181205,1.045,1.03,1.03,1.03,1.03,-0.015,-1.4354,28.0,2.884
162207.SZ,20181205,1.06,1.049,1.049,1.049,1.049,-0.011,-1.0377,0.06,0.006
162411.SZ,20181205,0.588,0.572,0.575,0.572,0.574,-0.014,-2.381,616965.29,35397.232
162415.SZ,20181205,1.435,1.421,1.421,1.387,1.406,-0.029,-2.0209,3221.0,452.016
162605.SZ,20181205,1.137,1.125,1.149,1.12,1.146,0.009,0.7916,13666.28,1559.328
162703.SZ,20181205,1.13,1.119,1.133,1.109,1.128,-0.002,-0.177,3653.0,410.034
163415.SZ,20181205,1.41,1.398,1.419,1.39,1.412,0.002,0.1418,1762.0,247.926
163821.SZ,20181205,1.163,1.162,1.182,1.162,1.179,0.016,1.3758,22.0,2.594
164906.SZ,20181205,1.158,1.149,1.149,1.124,1.136,-0.022,-1.8998,6581.4,746.701
165508.SZ,20181205,1.333,1.36,1.36,1.355,1.355,0.022,1.6504,11.0,1.495
165510.SZ,20181205,0.758,0.718,0.745,0.718,0.734,-0.024,-3.1662,481.0,35.364
166902.SZ,20181205,1.025,1.03,1.034,1.03,1.034,0.009,0.878,777.0,80.111
167001.SZ,20181205,0.621,0.616,0.616,0.616,0.616,-0.005,-0.8052,211.0,12.997
168105.SZ,20181205,0.672,0.671,0.676,0.671,0.676,0.004,0.5952,14667.83,985.394
501008.SH,20181205,0.837,0.858,0.858,0.854,0.854,0.017,2.0311,5.0,0.427
501016.SH,20181205,0.81,0.79,0.809,0.78,0.805,-0.005,-0.6173,799.0,63.891
501026.SH,20181205,0.726,0.717,0.73,0.717,0.719,-0.007,-0.9642,483.4,35.027
501050.SH,20181205,1.137,1.129,1.134,1.12,1.128,-0.009,-0.7916,12894.2,1455.221
501058.SH,20181205,0.824,0.802,0.831,0.802,0.829,0.005,0.6068,3223.28,264.859
501059.SH,20181205,0.997,0.956,0.956,0.956,0.956,-0.041,-4.1123,44.0,4.206
501060.SH,20181205,0.985,0.955,0.987,0.955,0.987,0.002,0.203,362.0,35.612
501310.SH,20181205,1.015,1.005,1.015,1.005,1.013,-0.002,-0.197,4871.1,494.324
502005.SH,20181205,1.176,1.17,1.17,1.137,1.166,-0.01,-0.8503,1368.72,159.442
502011.SH,20181205,0.962,0.963,0.968,0.963,0.966,0.004,0.4158,26114.22,2523.084
502048.SH,20181205,0.839,0.833,0.836,0.832,0.835,-0.004,-0.4768,9437.81,787.354
510070.SH,20181205,1.459,1.442,1.468,1.442,1.462,0.003,0.2056,6502.0,939.953
510130.SH,20181205,3.332,3.294,3.294,3.294,3.294,-0.038,-1.1405,77.0,25.364
510650.SH,20181205,1.681,1.68,1.68,1.672,1.673,-0.008,-0.4759,71.0,11.911
511260.SH,20181205,104.966,105.199,105.72,105.004,105.223,0.257,0.2448,14353.0,151303.298
511310.SH,20181205,105.1,105.45,105.45,105.45,105.45,0.35,0.333,20.0,210.9
511690.SH,20181205,99.993,99.993,99.998,99.991,99.998,0.005,0.005,36133.28,361312.104
511910.SH,20181205,99.998,99.968,99.996,99.968,99.995,-0.003,-0.003,8.0,79.989
511950.SH,20181205,100.01,99.999,100.05,99.999,100.05,0.04,0.04,2.35,23.507
512310.SH,20181205,0.442,0.441,0.441,0.435,0.439,-0.003,-0.6787,6350.0,278.221
512400.SH,20181205,0.608,0.6,0.616,0.598,0.608,0.0,0.0,38367.0,2342.981
512550.SH,20181205,0.966,0.96,0.967,0.956,0.962,-0.004,-0.4141,16397.0,1579.984
512570.SH,20181205,0.754,0.747,0.747,0.735,0.744,-0.01,-1.3263,5746.0,424.699
150012.SZ,20181205,1.079,1.078,1.081,1.078,1.081,0.002,0.1854,4996.21,539.356
150054.SZ,20181205,0.68,0.66,0.747,0.66,0.747,0.067,9.8529,93.0,6.26
163208.SZ,20181205,0.912,0.885,0.9,0.884,0.884,-0.028,-3.0702,1137.0,100.719
163302.SZ,20181205,1.038,1.033,1.043,1.033,1.043,0.005,0.4817,7.0,0.728
164206.SZ,20181205,1.108,1.105,1.105,1.105,1.105,-0.003,-0.2708,11.0,1.215
166008.SZ,20181205,1.11,1.1,1.145,1.1,1.145,0.035,3.1532,17.0,1.903
184801.SZ,20181205,92.156,92.149,92.149,92.145,92.146,-0.01,-0.0109,3.0,27.644
501036.SH,20181205,0.718,0.708,0.718,0.708,0.716,-0.002,-0.2786,21.0,1.503
501045.SH,20181205,0.875,0.879,0.879,0.879,0.879,0.004,0.4571,30.0,2.637
501057.SH,20181205,0.828,0.828,0.828,0.809,0.828,0.0,0.0,2959.95,243.555
501062.SH,20181205,0.971,0.885,0.917,0.874,0.876,-0.095,-9.7837,59646.9,5257.87
501106.SH,20181205,1.088,1.1,1.126,1.071,1.071,-0.017,-1.5625,11.0,1.215
502014.SH,20181205,0.958,0.958,0.96,0.958,0.96,0.002,0.2088,1246.4,119.577
502023.SH,20181205,0.762,0.77,0.77,0.77,0.77,0.008,1.0499,15.03,1.157
502036.SH,20181205,0.748,0.732,0.732,0.732,0.732,-0.016,-2.139,14.0,1.025
502040.SH,20181205,1.02,1.02,1.02,1.02,1.02,0.0,0.0,5.0,0.51
510010.SH,20181205,1.011,1.013,1.023,1.011,1.012,0.001,0.0989,87.0,8.82
510120.SH,20181205,2.436,2.41,2.44,2.41,2.439,0.003,0.1232,374.0,90.85
510190.SH,20181205,2.894,2.886,2.916,2.886,2.916,0.022,0.7602,26.0,7.537
510210.SH,20181205,3.159,3.158,3.159,3.109,3.122,-0.037,-1.1713,217.0,68.145
510590.SH,20181205,4.631,4.596,4.627,4.56,4.602,-0.029,-0.6262,207923.81,95322.594
510710.SH,20181205,2.71,2.68,2.706,2.678,2.697,-0.013,-0.4797,85802.0,23148.247
511220.SH,20181205,94.46,94.484,94.485,94.459,94.469,0.009,0.0095,306.0,2890.759
511810.SH,20181205,99.995,99.994,99.997,99.991,99.994,-0.001,-0.001,62577.14,625731.569
511920.SH,20181205,99.992,100.32,100.32,99.987,99.994,0.002,0.002,76.43,764.28
512180.SH,20181205,0.871,0.86,0.871,0.86,0.866,-0.005,-0.5741,935711.0,81151.747
512500.SH,20181205,2.258,2.214,2.26,2.214,2.238,-0.02,-0.8857,522007.0,116741.762
512510.SH,20181205,0.964,0.95,0.963,0.945,0.958,-0.006,-0.6224,53665.0,5116.6
512640.SH,20181205,1.7,1.689,1.692,1.689,1.692,-0.008,-0.4706,261.0,44.083
512660.SH,20181205,0.668,0.66,0.665,0.656,0.662,-0.006,-0.8982,254481.0,16796.907
150028.SZ,20181205,0.988,0.986,0.99,0.986,0.99,0.002,0.2024,8269.24,817.46
150032.SZ,20181205,1.012,0.995,1.027,0.995,1.017,0.005,0.4941,177.0,17.766
150052.SZ,20181205,0.553,0.54,0.552,0.53,0.545,-0.008,-1.4467,39463.92,2144.341
150053.SZ,20181205,1.001,1.011,1.011,1.002,1.006,0.005,0.4995,333.0,33.389
512820.SH,20181205,1.003,0.999,1.002,0.996,1.0,-0.003,-0.2991,1282.0,128.137
512850.SH,20181205,0.993,0.98,0.992,0.98,0.989,-0.004,-0.4028,10856.0,1076.627
150018.SZ,20181205,0.99,0.99,0.993,0.989,0.992,0.002,0.202,386545.17,38317.257
150019.SZ,20181205,0.598,0.578,0.597,0.578,0.588,-0.01,-1.6722,1697237.14,99554.656
150031.SZ,20181205,0.765,0.691,0.774,0.691,0.755,-0.01,-1.3072,9.98,0.736
150048.SZ,20181205,0.78,0.8,0.8,0.8,0.8,0.02,2.5641,1.0,0.08
150049.SZ,20181205,0.996,0.995,0.996,0.995,0.996,0.0,0.0,8472.0,843.168
150171.SZ,20181205,0.96,0.961,0.961,0.959,0.96,0.0,0.0,20686.0,1985.793
150194.SZ,20181205,0.99,0.992,0.996,0.992,0.994,0.004,0.404,30255.0,3006.456
150214.SZ,20181205,1.145,1.132,1.159,1.111,1.147,0.002,0.1747,303.0,33.673
150220.SZ,20181205,0.489,0.48,0.492,0.48,0.487,-0.002,-0.409,8918.0,432.901
150222.SZ,20181205,0.746,0.733,0.739,0.722,0.729,-0.017,-2.2788,33800.85,2471.395
150230.SZ,20181205,1.245,1.266,1.276,1.193,1.263,0.018,1.4458,903.37,111.847
150268.SZ,20181205,0.9,0.9,0.9,0.9,0.9,0.0,0.0,5.0,0.45
150274.SZ,20181205,0.991,1.082,1.082,0.993,0.998,0.007,0.7064,70.18,7.029
150290.SZ,20181205,0.78,0.764,0.774,0.757,0.768,-0.012,-1.5385,61173.21,4676.138
150293.SZ,20181205,1.0,0.971,0.972,0.971,0.972,-0.028,-2.8,745.0,72.386
150316.SZ,20181205,0.993,0.963,0.978,0.963,0.969,-0.024,-2.4169,395.15,38.304
150321.SZ,20181205,1.0,1.007,1.017,1.007,1.017,0.017,1.7,18032.75,1826.019
150344.SZ,20181205,1.524,1.52,1.52,1.49,1.509,-0.015,-0.9843,12.0,1.792
159906.SZ,20181205,0.694,0.688,0.693,0.676,0.693,-0.001,-0.1441,3272.0,225.107
159928.SZ,20181205,1.892,1.868,1.914,1.865,1.903,0.011,0.5814,61188.0,11649.53
159932.SZ,20181205,1.215,1.187,1.22,1.187,1.22,0.005,0.4115,1373.0,166.244
159934.SZ,20181205,2.702,2.704,2.71,2.704,2.708,0.006,0.2221,47264.0,12792.569
159935.SZ,20181205,1.248,1.217,1.257,1.217,1.227,-0.021,-1.6827,44.0,5.417
159936.SZ,20181205,1.15,1.139,1.151,1.139,1.145,-0.005,-0.4348,406.0,46.656
159948.SZ,20181205,1.433,1.418,1.445,1.403,1.432,-0.001,-0.0698,17780.0,2537.358
160215.SZ,20181205,1.228,1.215,1.233,1.215,1.23,0.002,0.1629,1551.0,190.304
160216.SZ,20181205,0.454,0.45,0.45,0.445,0.449,-0.005,-1.1013,27747.0,1241.838
160806.SZ,20181205,1.187,1.18,1.186,1.18,1.183,-0.004,-0.337,22.0,2.601
160924.SZ,20181205,1.004,0.981,0.981,0.981,0.981,-0.023,-2.2908,3.0,0.294
161213.SZ,20181205,1.292,1.293,1.295,1.293,1.293,0.001,0.0774,6.0,0.776
161714.SZ,20181205,1.018,1.0,1.0,1.0,1.0,-0.018,-1.7682,1.0,0.1
161831.SZ,20181205,0.991,0.991,0.991,0.962,0.965,-0.026,-2.6236,35447.17,3419.381
162006.SZ,20181205,0.987,0.981,0.993,0.981,0.988,0.001,0.1013,137.16,13.548
162414.SZ,20181205,1.126,1.129,1.129,1.129,1.129,0.003,0.2664,1.0,0.112
162711.SZ,20181205,1.0,1.007,1.007,0.992,0.995,-0.005,-0.5,79.0,7.936
163119.SZ,20181205,0.724,0.731,0.731,0.731,0.731,0.007,0.9669,11.0,0.804
163210.SZ,20181205,1.144,1.145,1.147,1.144,1.146,0.002,0.1748,21577.0,2472.34
164208.SZ,20181205,1.211,1.219,1.219,1.219,1.219,0.008,0.6606,14.0,1.706
164810.SZ,20181205,1.009,1.0,1.0,1.0,1.0,-0.009,-0.892,14.0,1.4
166024.SZ,20181205,0.833,0.822,0.833,0.821,0.828,-0.005,-0.6002,12266.09,1014.919
501011.SH,20181205,0.808,0.825,0.825,0.812,0.812,0.004,0.495,175.0,14.256
501017.SH,20181205,0.778,0.777,0.777,0.777,0.777,-0.001,-0.1285,1.0,0.078
501029.SH,20181205,0.871,0.865,0.871,0.859,0.868,-0.003,-0.3444,73505.77,6363.006
501043.SH,20181205,0.879,0.861,0.877,0.861,0.876,-0.003,-0.3413,1104.0,96.639
501046.SH,20181205,0.823,0.82,0.82,0.818,0.82,-0.003,-0.3645,746.0,61.064
501302.SH,20181205,1.052,1.036,1.036,1.036,1.036,-0.016,-1.5209,3.0,0.311
502015.SH,20181205,1.14,1.026,1.13,1.026,1.13,-0.01,-0.8772,560.27,62.338
510150.SH,20181205,4.149,4.106,4.187,4.102,4.162,0.013,0.3133,2540.0,1056.385
510260.SH,20181205,0.985,0.96,0.961,0.951,0.961,-0.024,-2.4365,842.0,80.674
510270.SH,20181205,0.989,0.98,0.98,0.971,0.971,-0.018,-1.82,161.0,15.634
510430.SH,20181205,1.398,1.398,1.398,1.31,1.317,-0.081,-5.794,137.0,19.12
510500.SH,20181205,4.847,4.781,4.856,4.764,4.815,-0.032,-0.6602,2075419.12,996790.892
510900.SH,20181205,1.183,1.169,1.178,1.167,1.177,-0.006,-0.5072,10314441.0,1211321.281
511010.SH,20181205,115.175,115.189,115.451,115.177,115.441,0.266,0.231,11963.0,138074.293
511270.SH,20181205,101.951,102.0,102.1,102.0,102.03,0.079,0.0775,1785.0,18213.801
511670.SH,20181205,99.999,99.996,99.996,99.989,99.995,-0.004,-0.004,1528.0,15279.094
511700.SH,20181205,100.006,99.998,100.005,99.994,100.004,-0.002,-0.002,783.47,7834.702
511830.SH,20181205,99.995,99.99,99.995,99.99,99.993,-0.002,-0.002,825.47,8254.048
511930.SH,20181205,99.989,100.0,100.038,100.0,100.038,0.049,0.049,12.0,120.038
511990.SH,20181205,99.997,99.999,99.999,99.99,99.994,-0.003,-0.003,1166575.75,11665039.06
512120.SH,20181205,1.403,1.328,1.425,1.328,1.413,0.01,0.7128,6974.0,977.5
512200.SH,20181205,0.753,0.742,0.753,0.74,0.745,-0.008,-1.0624,17283.0,1288.928
512610.SH,20181205,1.371,1.368,1.401,1.36,1.391,0.02,1.4588,163.0,22.778
513100.SH,20181205,2.513,2.421,2.445,2.421,2.444,-0.069,-2.7457,111730.0,27251.823
513500.SH,20181205,1.769,1.73,1.74,1.729,1.734,-0.035,-1.9785,102156.0,17737.773
161607.SZ,20181205,1.017,1.019,1.021,1.013,1.014,-0.003,-0.295,229.0,23.241
161614.SZ,20181205,1.06,1.069,1.069,1.069,1.069,0.009,0.8491,1.0,0.106
161820.SZ,20181205,1.12,1.12,1.12,1.12,1.12,0.0,0.0,29.0,3.248
163111.SZ,20181205,0.816,0.786,0.82,0.786,0.82,0.004,0.4902,43.07,3.486
163412.SZ,20181205,2.873,2.833,2.868,2.833,2.86,-0.013,-0.4525,5969.61,1703.693
165513.SZ,20181205,0.405,0.404,0.404,0.397,0.4,-0.005,-1.2346,13114.0,524.284
166011.SZ,20181205,1.125,1.123,1.123,1.09,1.106,-0.019,-1.6889,1263.0,139.555
167002.SZ,20181205,0.796,0.8,0.8,0.8,0.8,0.004,0.5025,1.0,0.08
168102.SZ,20181205,0.71,0.701,0.709,0.701,0.709,-0.001,-0.1408,4560.72,322.956
168104.SZ,20181205,0.958,0.901,0.943,0.901,0.943,-0.015,-1.5658,55.0,4.976
169105.SZ,20181205,1.169,1.15,1.169,1.145,1.163,-0.006,-0.5133,23230.0,2692.815
501005.SH,20181205,0.797,0.788,0.813,0.788,0.801,0.004,0.5019,3822.12,307.6
501019.SH,20181205,0.645,0.639,0.642,0.639,0.642,-0.003,-0.4651,1216.4,77.843
501028.SH,20181205,0.78,0.78,0.782,0.751,0.78,0.0,0.0,16172.75,1255.264
501054.SH,20181205,0.771,0.76,0.769,0.76,0.765,-0.006,-0.7782,30862.2,2359.898
501061.SH,20181205,0.988,0.984,0.984,0.984,0.984,-0.004,-0.4049,300.0,29.52
501300.SH,20181205,0.979,0.979,0.986,0.979,0.985,0.006,0.6129,9805.0,965.46
501301.SH,20181205,1.159,1.141,1.141,1.133,1.139,-0.02,-1.7256,35.0,3.99
502053.SH,20181205,1.12,1.11,1.11,1.11,1.11,-0.01,-0.8929,0.07,0.008
502054.SH,20181205,0.962,0.959,0.961,0.959,0.961,-0.001,-0.104,3000.0,288.0
502058.SH,20181205,0.92,0.9,0.94,0.9,0.92,0.0,0.0,150.0,13.8
510050.SH,20181205,2.49,2.466,2.489,2.464,2.479,-0.011,-0.4418,6437242.57,1595598.317
510110.SH,20181205,3.264,3.195,3.195,3.195,3.195,-0.069,-2.114,3.0,0.959
510170.SH,20181205,1.545,1.53,1.53,1.524,1.524,-0.021,-1.3592,101.3,15.463
510310.SH,20181205,1.416,1.401,1.419,1.396,1.41,-0.006,-0.4237,82142.0,11567.708
510580.SH,20181205,4.489,4.478,4.479,4.229,4.466,-0.023,-0.5124,273.0,117.637
510600.SH,20181205,2.479,2.468,2.481,2.45,2.461,-0.018,-0.7261,5780.34,1428.735
510630.SH,20181205,1.988,1.988,2.01,1.938,2.003,0.015,0.7545,3069.0,609.421
510810.SH,20181205,0.809,0.809,0.809,0.8,0.801,-0.008,-0.9889,4560.0,365.949
511620.SH,20181205,99.951,99.833,99.999,99.833,99.958,0.007,0.007,4.0,39.975
511650.SH,20181205,99.992,99.99,99.995,99.99,99.993,0.001,0.001,2918.59,29183.823
511880.SH,20181205,103.403,103.413,103.419,103.401,103.409,0.006,0.0058,811278.14,8389338.148
511980.SH,20181205,99.997,99.989,100.018,99.989,99.997,0.0,0.0,543.45,5434.524
512040.SH,20181205,1.009,0.998,1.01,0.998,1.006,-0.003,-0.2973,117483.39,11795.074
512280.SH,20181205,0.87,0.862,0.871,0.861,0.866,-0.004,-0.4598,887590.0,76853.951
512390.SH,20181205,0.891,0.877,0.877,0.866,0.869,-0.022,-2.4691,467079.0,40683.204
512770.SH,20181205,0.905,0.902,0.906,0.902,0.903,-0.002,-0.221,549.0,49.654
