ts_code,trade_date,pre_close,open,high,low,close,change,pct_chg,vol,amount
150009.SZ,20180213,0.948,0.952,0.96,0.95,0.95,0.002,0.211,339.0,32.435
150012.SZ,20180213,1.028,1.003,1.027,1.003,1.02,-0.008,-0.7782,550.02,56.324
150013.SZ,20180213,1.548,1.576,1.58,1.531,1.561,0.013,0.8398,225.04,35.119
150016.SZ,20180213,1.086,1.125,1.132,1.122,1.124,0.038,3.4991,502.0,56.439
150017.SZ,20180213,1.415,1.418,1.465,1.418,1.446,0.031,2.1908,439.0,63.589
150018.SZ,20180213,0.884,0.882,0.891,0.882,0.891,0.007,0.7919,112651.5,9985.359
150019.SZ,20180213,1.142,1.163,1.185,1.146,1.151,0.009,0.7881,389357.65,45401.661
150022.SZ,20180213,0.735,0.734,0.744,0.734,0.737,0.002,0.2721,153181.7,11321.976
150023.SZ,20180213,0.376,0.377,0.382,0.377,0.377,0.001,0.266,345085.31,13098.925
150028.SZ,20180213,0.874,0.875,0.879,0.872,0.879,0.005,0.5721,578.2,50.624
150029.SZ,20180213,1.37,1.39,1.391,1.35,1.361,-0.009,-0.6569,3076.61,427.109
150030.SZ,20180213,0.983,1.04,1.04,1.034,1.034,0.051,5.1882,7.91,0.822
150031.SZ,20180213,1.132,1.162,1.162,1.159,1.16,0.028,2.4735,593.36,68.866
150033.SZ,20180213,1.023,1.02,1.02,0.923,0.971,-0.052,-5.0831,5.0,0.482
150037.SZ,20180213,2.277,2.1,2.1,2.1,2.1,-0.177,-7.7734,32.0,6.72
150048.SZ,20180213,1.27,1.27,1.299,1.246,1.298,0.028,2.2047,31.0,3.98
150049.SZ,20180213,0.966,0.956,0.964,0.956,0.964,-0.002,-0.207,72.25,6.916
150050.SZ,20180213,1.599,1.581,1.601,1.581,1.598,-0.001,-0.0625,42.02,6.725
150051.SZ,20180213,0.876,0.874,0.879,0.874,0.879,0.003,0.3425,25167.91,2201.243
150052.SZ,20180213,0.916,0.925,0.968,0.925,0.94,0.024,2.6201,24483.52,2324.632
150053.SZ,20180213,0.944,0.92,0.92,0.9,0.92,-0.024,-2.5424,201.88,18.571
150054.SZ,20180213,0.93,0.96,0.966,0.96,0.966,0.036,3.871,2.08,0.2
150057.SZ,20180213,1.05,1.05,1.05,1.01,1.01,-0.04,-3.8095,10.37,1.047
150058.SZ,20180213,1.021,0.922,0.969,0.922,0.969,-0.052,-5.093,15.7,1.447
150060.SZ,20180213,1.272,1.272,1.273,1.272,1.273,0.001,0.0786,132.06,16.811
150064.SZ,20180213,0.998,0.903,0.903,0.903,0.903,-0.095,-9.519,0.36,0.032
150065.SZ,20180213,0.817,0.899,0.899,0.899,0.899,0.082,10.0367,0.02,0.001
150073.SZ,20180213,0.908,0.913,0.914,0.902,0.902,-0.006,-0.6608,719.24,65.098
150075.SZ,20180213,1.036,1.0,1.0,1.0,1.0,-0.036,-3.4749,1.73,0.173
150076.SZ,20180213,0.919,0.92,0.939,0.88,0.939,0.02,2.1763,44.0,3.889
150090.SZ,20180213,0.925,0.89,0.924,0.89,0.924,-0.001,-0.1081,1.22,0.111
150091.SZ,20180213,0.93,0.93,0.93,0.839,0.839,-0.091,-9.7849,16.0,1.478
150093.SZ,20180213,0.995,0.899,0.899,0.899,0.899,-0.096,-9.6482,111.89,10.058
150095.SZ,20180213,0.458,0.47,0.47,0.47,0.47,0.012,2.6201,1.0,0.047
150100.SZ,20180213,0.986,0.926,0.988,0.926,0.965,-0.021,-2.1298,261.0,24.858
150101.SZ,20180213,1.374,1.371,1.42,1.371,1.415,0.041,2.984,3259.0,458.03
150104.SZ,20180213,0.953,0.938,0.94,0.938,0.94,-0.013,-1.3641,201.0,18.893
150105.SZ,20180213,1.65,1.779,1.779,1.779,1.779,0.129,7.8182,50.0,8.895
150106.SZ,20180213,1.034,1.035,1.04,1.035,1.04,0.006,0.5803,11851.26,1228.119
150107.SZ,20180213,1.057,1.053,1.078,1.047,1.047,-0.01,-0.9461,7148.45,759.243
150117.SZ,20180213,0.937,0.937,0.942,0.937,0.942,0.005,0.5336,74035.43,6960.115
150118.SZ,20180213,0.62,0.646,0.682,0.625,0.643,0.023,3.7097,254625.31,16798.069
150123.SZ,20180213,1.01,1.011,1.013,1.005,1.009,-0.001,-0.099,8814.75,888.859
150124.SZ,20180213,0.837,0.856,0.89,0.856,0.871,0.034,4.0621,17535.0,1530.89
150130.SZ,20180213,0.991,0.992,1.0,0.991,0.999,0.008,0.8073,21613.0,2146.35
150131.SZ,20180213,0.565,0.568,0.59,0.568,0.574,0.009,1.5929,292244.0,16881.282
150135.SZ,20180213,0.998,0.953,0.995,0.953,0.995,-0.003,-0.3006,46.71,4.644
150136.SZ,20180213,1.068,1.046,1.074,1.046,1.074,0.006,0.5618,12.09,1.295
150144.SZ,20180213,1.245,1.287,1.292,1.246,1.248,0.003,0.241,589.47,75.49
150148.SZ,20180213,0.968,0.94,0.94,0.94,0.94,-0.028,-2.8926,1.0,0.094
150149.SZ,20180213,0.759,0.76,0.78,0.76,0.772,0.013,1.7128,13601.0,1040.319
150150.SZ,20180213,0.883,0.887,0.887,0.879,0.887,0.004,0.453,3803.55,336.58
150151.SZ,20180213,1.416,1.401,1.427,1.322,1.38,-0.036,-2.5424,573.61,78.804
150152.SZ,20180213,0.937,0.936,0.945,0.936,0.942,0.005,0.5336,1082741.29,101878.695
150153.SZ,20180213,0.454,0.46,0.471,0.452,0.458,0.004,0.8811,3500037.86,161478.636
150157.SZ,20180213,0.963,0.963,0.965,0.96,0.96,-0.003,-0.3115,4655.9,447.785
150158.SZ,20180213,1.024,1.039,1.12,1.038,1.057,0.033,3.2227,42716.19,4528.103
150165.SZ,20180213,1.199,1.197,1.198,1.15,1.15,-0.049,-4.0867,713.22,84.924
150169.SZ,20180213,0.974,0.974,0.974,0.973,0.974,0.0,0.0,5280.0,514.131
150170.SZ,20180213,1.365,1.365,1.397,1.365,1.379,0.014,1.0256,15334.0,2125.563
150171.SZ,20180213,0.912,0.911,0.916,0.91,0.915,0.003,0.3289,284221.32,25949.361
150172.SZ,20180213,0.905,0.924,0.94,0.9,0.905,0.0,0.0,780486.56,72185.832
150173.SZ,20180213,0.939,0.939,0.94,0.935,0.939,0.0,0.0,20222.66,1896.108
150174.SZ,20180213,0.419,0.432,0.44,0.427,0.439,0.02,4.7733,4848.16,211.096
150175.SZ,20180213,0.878,0.877,0.883,0.876,0.882,0.004,0.4556,88129.67,7746.795
150176.SZ,20180213,1.114,1.14,1.167,1.128,1.133,0.019,1.7056,102355.01,11789.121
150177.SZ,20180213,0.945,0.964,0.964,0.963,0.963,0.018,1.9048,36.69,3.533
150178.SZ,20180213,1.329,1.329,1.369,1.329,1.34,0.011,0.8277,5800.26,782.068
150179.SZ,20180213,0.962,1.056,1.056,1.056,1.056,0.094,9.7713,1.0,0.105
150180.SZ,20180213,1.261,1.261,1.32,1.233,1.233,-0.028,-2.2205,884.35,114.224
150181.SZ,20180213,0.921,0.92,0.927,0.918,0.927,0.006,0.6515,297895.8,27489.689
150182.SZ,20180213,0.468,0.476,0.497,0.47,0.473,0.005,1.0684,642486.44,31052.082
150184.SZ,20180213,0.954,0.965,0.965,0.954,0.955,0.001,0.1048,6.42,0.613
150185.SZ,20180213,0.646,0.653,0.666,0.653,0.654,0.008,1.2384,17000.99,1116.301
150186.SZ,20180213,0.874,0.874,0.879,0.872,0.879,0.005,0.5721,34350.55,3006.633
150187.SZ,20180213,1.11,1.109,1.151,1.107,1.118,0.008,0.7207,12138.04,1374.25
150188.SZ,20180213,0.976,0.974,0.977,0.974,0.977,0.001,0.1025,3009.13,293.642
150189.SZ,20180213,0.7,0.7,0.729,0.7,0.728,0.028,4.0,235.86,17.175
150191.SZ,20180213,0.95,0.996,0.996,0.982,0.982,0.032,3.3684,2.0,0.197
150192.SZ,20180213,0.929,1.022,1.022,0.93,0.93,0.001,0.1076,1437.16,142.954
150193.SZ,20180213,1.292,1.292,1.343,1.291,1.323,0.031,2.3994,24476.86,3216.97
150194.SZ,20180213,0.878,0.879,0.883,0.878,0.882,0.004,0.4556,59726.95,5254.832
150195.SZ,20180213,1.09,1.09,1.129,1.09,1.093,0.003,0.2752,24214.9,2685.987
150196.SZ,20180213,0.935,0.935,0.942,0.935,0.937,0.002,0.2139,48841.18,4589.491
150197.SZ,20180213,1.103,1.124,1.15,1.118,1.127,0.024,2.1759,159380.91,17996.669
150198.SZ,20180213,1.052,1.107,1.156,1.052,1.12,0.068,6.4639,4520.42,505.401
150199.SZ,20180213,1.382,1.395,1.44,1.395,1.408,0.026,1.8813,25703.78,3646.656
150203.SZ,20180213,0.902,0.9,0.906,0.9,0.906,0.004,0.4435,11238.05,1015.385
150204.SZ,20180213,0.605,0.615,0.618,0.598,0.598,-0.007,-1.157,12504.17,761.714
150205.SZ,20180213,0.904,0.903,0.91,0.902,0.909,0.005,0.5531,215870.37,19581.958
150206.SZ,20180213,0.575,0.592,0.604,0.577,0.585,0.01,1.7391,123635.19,7332.009
150208.SZ,20180213,0.573,0.593,0.627,0.59,0.604,0.031,5.4101,4087.32,245.265
150209.SZ,20180213,0.903,0.905,0.91,0.898,0.907,0.004,0.443,57757.1,5228.028
150210.SZ,20180213,0.883,0.895,0.917,0.89,0.901,0.018,2.0385,111587.55,10078.263
150211.SZ,20180213,0.92,0.919,0.931,0.919,0.924,0.004,0.4348,70282.42,6488.936
150212.SZ,20180213,0.565,0.59,0.62,0.59,0.602,0.037,6.5487,229710.41,13980.095
150213.SZ,20180213,0.896,0.896,0.903,0.896,0.903,0.007,0.7813,53976.62,4848.623
150214.SZ,20180213,1.119,1.139,1.143,1.102,1.109,-0.01,-0.8937,16758.79,1890.317
150215.SZ,20180213,1.237,1.113,1.113,1.113,1.113,-0.124,-10.0243,34.0,3.784
150216.SZ,20180213,1.101,0.992,1.188,0.992,1.138,0.037,3.3606,233.59,26.418
150217.SZ,20180213,0.927,0.927,0.931,0.927,0.931,0.004,0.4315,18357.49,1703.404
150218.SZ,20180213,0.46,0.46,0.491,0.46,0.466,0.006,1.3043,23613.22,1118.189
150219.SZ,20180213,1.082,1.04,1.04,1.011,1.033,-0.049,-4.5287,3181.97,328.375
150220.SZ,20180213,0.735,0.74,0.76,0.74,0.75,0.015,2.0408,3725.0,281.487
150221.SZ,20180213,1.026,1.027,1.048,1.026,1.046,0.02,1.9493,429277.89,44504.366
150222.SZ,20180213,0.926,0.933,0.963,0.928,0.929,0.003,0.324,542649.22,51344.225
150223.SZ,20180213,0.975,0.975,0.98,0.973,0.98,0.005,0.5128,289195.69,28237.134
150224.SZ,20180213,0.712,0.726,0.739,0.715,0.724,0.012,1.6854,673768.45,49112.447
150225.SZ,20180213,0.83,0.913,0.913,0.913,0.913,0.083,10.0,61.45,5.61
150226.SZ,20180213,1.272,1.398,1.398,1.162,1.162,-0.11,-8.6478,912.28,113.327
150227.SZ,20180213,0.889,0.888,0.894,0.887,0.894,0.005,0.5624,251854.4,22400.447
150228.SZ,20180213,1.053,1.073,1.107,1.069,1.074,0.021,1.9943,802852.87,87260.846
150229.SZ,20180213,1.014,1.01,1.01,0.95,0.985,-0.029,-2.86,107.0,10.78
150230.SZ,20180213,1.517,1.484,1.587,1.484,1.555,0.038,2.5049,4507.0,705.577
150231.SZ,20180213,1.006,1.01,1.01,1.01,1.01,0.004,0.3976,10.08,1.018
150232.SZ,20180213,1.09,1.115,1.128,1.09,1.11,0.02,1.8349,593.23,65.691
150233.SZ,20180213,0.897,0.897,0.9,0.897,0.9,0.003,0.3344,684.0,61.397
150234.SZ,20180213,0.996,0.896,0.901,0.896,0.9,-0.096,-9.6386,1929.02,173.332
150235.SZ,20180213,0.913,0.918,0.921,0.9,0.91,-0.003,-0.3286,1918.6,174.755
150236.SZ,20180213,0.659,0.665,0.689,0.665,0.675,0.016,2.4279,19310.01,1319.891
150238.SZ,20180213,1.052,1.087,1.087,1.087,1.087,0.035,3.327,10.0,1.087
150241.SZ,20180213,0.911,0.914,0.914,0.913,0.913,0.002,0.2195,526.04,48.042
150242.SZ,20180213,1.206,1.228,1.25,1.22,1.234,0.028,2.3217,2789.58,341.874
150243.SZ,20180213,0.916,0.915,0.92,0.912,0.919,0.003,0.3275,33597.18,3080.257
150244.SZ,20180213,0.535,0.537,0.548,0.533,0.54,0.005,0.9346,46491.99,2507.165
150246.SZ,20180213,0.92,0.951,0.951,0.951,0.951,0.031,3.3696,105.0,9.985
150247.SZ,20180213,0.936,0.937,0.942,0.937,0.942,0.006,0.641,5425.25,509.944
150248.SZ,20180213,0.571,0.579,0.595,0.561,0.57,-0.001,-0.1751,16947.61,973.744
150250.SZ,20180213,1.229,1.228,1.228,1.127,1.22,-0.009,-0.7323,1223.0,142.495
150251.SZ,20180213,0.922,0.928,0.928,0.901,0.901,-0.021,-2.2777,155.08,14.183
150252.SZ,20180213,1.25,1.236,1.289,1.236,1.278,0.028,2.24,4810.84,610.715
150255.SZ,20180213,0.907,0.904,0.911,0.904,0.911,0.004,0.441,28289.03,2566.608
150256.SZ,20180213,1.06,1.154,1.155,1.089,1.091,0.031,2.9245,13753.75,1513.592
150257.SZ,20180213,0.9,0.902,0.903,0.902,0.903,0.003,0.3333,258.52,23.333
150258.SZ,20180213,0.994,0.944,0.944,0.944,0.944,-0.05,-5.0302,0.1,0.009
150259.SZ,20180213,0.934,0.936,0.939,0.933,0.939,0.005,0.5353,24097.33,2257.476
150260.SZ,20180213,0.515,0.515,0.53,0.504,0.519,0.004,0.7767,701.84,36.578
150261.SZ,20180213,0.94,0.94,0.942,0.939,0.942,0.002,0.2128,1585.51,149.164
150262.SZ,20180213,0.72,0.73,0.75,0.726,0.726,0.006,0.8333,3745.39,277.737
150263.SZ,20180213,0.978,0.991,0.998,0.991,0.995,0.017,1.7382,250.0,24.885
150264.SZ,20180213,0.943,0.943,0.979,0.943,0.979,0.036,3.8176,32.01,3.025
150265.SZ,20180213,0.984,0.989,0.989,0.982,0.984,0.0,0.0,2923.56,288.178
150266.SZ,20180213,1.117,1.117,1.165,1.117,1.14,0.023,2.0591,3573.61,411.287
150267.SZ,20180213,1.017,0.916,1.016,0.916,1.002,-0.015,-1.4749,92.0,8.445
150268.SZ,20180213,1.2,1.228,1.26,1.202,1.258,0.058,4.8333,513.26,62.787
150269.SZ,20180213,0.879,0.878,0.884,0.877,0.882,0.003,0.3413,61303.89,5396.431
150270.SZ,20180213,1.322,1.348,1.379,1.311,1.322,0.0,0.0,74478.15,10025.952
150271.SZ,20180213,0.878,0.88,0.881,0.88,0.881,0.003,0.3417,306.81,27.025
150272.SZ,20180213,1.015,1.014,1.014,1.01,1.01,-0.005,-0.4926,348.0,35.228
150274.SZ,20180213,0.535,0.545,0.545,0.531,0.545,0.01,1.8692,652.5,35.009
150275.SZ,20180213,0.923,0.919,0.926,0.918,0.926,0.003,0.325,34551.7,3188.697
150276.SZ,20180213,0.472,0.473,0.491,0.473,0.483,0.011,2.3305,44111.97,2140.689
150282.SZ,20180213,0.7,0.631,0.76,0.631,0.76,0.06,8.5714,32.01,2.179
150283.SZ,20180213,0.9,0.9,0.904,0.9,0.904,0.004,0.4444,2324.7,209.691
150284.SZ,20180213,0.934,0.868,0.958,0.868,0.958,0.024,2.5696,128.63,12.319
150287.SZ,20180213,0.941,0.942,0.943,0.939,0.943,0.002,0.2125,8153.82,767.628
150288.SZ,20180213,0.84,0.86,0.877,0.842,0.856,0.016,1.9048,60613.34,5214.511
150289.SZ,20180213,0.944,0.946,0.95,0.942,0.946,0.002,0.2119,24084.21,2277.429
150290.SZ,20180213,0.549,0.562,0.57,0.551,0.555,0.006,1.0929,307378.0,17233.659
150291.SZ,20180213,0.989,0.971,0.972,0.97,0.97,-0.019,-1.9211,1350.0,131.164
150292.SZ,20180213,0.884,0.88,0.92,0.859,0.898,0.014,1.5837,1906.43,171.609
150295.SZ,20180213,0.905,0.91,0.912,0.908,0.912,0.007,0.7735,1667.73,151.692
150296.SZ,20180213,0.992,1.016,1.04,1.005,1.01,0.018,1.8145,1515.64,155.064
150298.SZ,20180213,0.485,0.497,0.502,0.489,0.497,0.012,2.4742,2281.0,113.196
150299.SZ,20180213,0.95,0.952,0.954,0.922,0.922,-0.028,-2.9474,48814.32,4644.913
150300.SZ,20180213,0.825,0.84,0.866,0.839,0.851,0.026,3.1515,131893.71,11237.67
150301.SZ,20180213,0.94,0.939,0.94,0.939,0.94,0.0,0.0,1196.0,112.354
150302.SZ,20180213,0.809,0.809,0.818,0.79,0.807,-0.002,-0.2472,2161.0,173.219
150303.SZ,20180213,0.944,0.944,0.952,0.944,0.95,0.006,0.6356,105797.04,10031.03
150304.SZ,20180213,0.505,0.51,0.516,0.496,0.498,-0.007,-1.3861,320475.67,16272.681
150305.SZ,20180213,0.902,0.915,0.917,0.909,0.909,0.007,0.7761,984.32,89.791
150306.SZ,20180213,0.539,0.54,0.556,0.54,0.556,0.017,3.154,379.05,20.806
150307.SZ,20180213,0.895,0.896,0.901,0.896,0.901,0.006,0.6704,2443.34,219.665
150308.SZ,20180213,0.65,0.66,0.661,0.65,0.661,0.011,1.6923,432.0,28.335
150309.SZ,20180213,0.984,0.89,0.955,0.89,0.955,-0.029,-2.9472,1.94,0.179
150311.SZ,20180213,0.902,0.901,0.911,0.901,0.906,0.004,0.4435,679.75,61.66
150312.SZ,20180213,0.771,0.694,0.694,0.694,0.694,-0.077,-9.987,100.0,6.94
150315.SZ,20180213,0.897,0.896,0.899,0.896,0.899,0.002,0.223,8187.52,734.904
150316.SZ,20180213,0.669,0.679,0.68,0.646,0.679,0.01,1.4948,591.39,39.94
150317.SZ,20180213,0.939,0.911,0.957,0.911,0.957,0.018,1.9169,27.0,2.464
150318.SZ,20180213,0.759,0.708,0.708,0.708,0.708,-0.051,-6.7194,0.47,0.033
150321.SZ,20180213,1.12,1.229,1.229,1.054,1.081,-0.039,-3.4821,1135.0,121.239
150322.SZ,20180213,1.22,1.24,1.259,1.24,1.246,0.026,2.1311,1830.0,227.324
150323.SZ,20180213,0.928,0.937,0.938,0.925,0.932,0.004,0.431,1287.71,120.58
150324.SZ,20180213,1.029,1.028,1.068,1.028,1.059,0.03,2.9155,491.56,51.507
150325.SZ,20180213,0.945,0.936,0.937,0.936,0.936,-0.009,-0.9524,15.0,1.404
150326.SZ,20180213,0.786,0.707,0.707,0.707,0.707,-0.079,-10.0509,2.0,0.141
150328.SZ,20180213,1.157,1.174,1.174,1.174,1.174,0.017,1.4693,1.0,0.117
150329.SZ,20180213,0.882,0.884,0.885,0.879,0.884,0.002,0.2268,5453.75,481.254
150330.SZ,20180213,1.54,1.56,1.642,1.56,1.596,0.056,3.6364,17427.94,2803.182
150331.SZ,20180213,0.98,0.981,1.0,0.981,0.994,0.014,1.4286,42794.51,4256.86
150332.SZ,20180213,0.983,0.989,1.024,0.989,1.004,0.021,2.1363,41909.73,4257.152
150335.SZ,20180213,0.939,0.942,0.943,0.94,0.943,0.004,0.426,3168.28,298.47
150336.SZ,20180213,0.766,0.78,0.799,0.748,0.78,0.014,1.8277,16731.25,1263.776
150343.SZ,20180213,0.949,0.93,0.949,0.93,0.945,-0.004,-0.4215,2128.0,201.075
159001.SZ,20180213,99.998,99.999,100.018,99.998,100.012,0.014,0.014,6550.14,65503.122
159003.SZ,20180213,99.999,99.992,100.002,99.972,100.001,0.002,0.002,52937.81,529366.385
159005.SZ,20180213,100.0,100.0,100.015,99.999,100.006,0.006,0.006,42998.52,429986.063
159901.SZ,20180213,4.742,4.775,4.855,4.775,4.791,0.049,1.0333,107619.05,51826.222
159902.SZ,20180213,3.39,3.399,3.442,3.39,3.398,0.008,0.236,161936.72,55365.87
159903.SZ,20180213,1.109,1.109,1.127,1.109,1.12,0.011,0.9919,20724.6,2323.049
159905.SZ,20180213,1.707,1.73,1.762,1.715,1.73,0.023,1.3474,81009.49,14092.992
159906.SZ,20180213,0.975,0.991,0.991,0.98,0.98,0.005,0.5128,693.0,68.326
159907.SZ,20180213,1.374,1.404,1.405,1.38,1.381,0.007,0.5095,1100.0,153.276
159908.SZ,20180213,1.444,1.47,1.498,1.47,1.496,0.052,3.6011,548.0,81.654
159909.SZ,20180213,4.883,4.958,4.958,4.95,4.95,0.067,1.3721,34.0,16.856
159910.SZ,20180213,1.779,1.779,1.9,1.779,1.801,0.022,1.2366,6337.02,1144.93
159912.SZ,20180213,1.323,1.33,1.368,1.33,1.346,0.023,1.7385,3093.0,416.79
159913.SZ,20180213,1.849,1.866,1.892,1.852,1.883,0.034,1.8388,266.0,49.655
159915.SZ,20180213,1.553,1.561,1.574,1.547,1.557,0.004,0.2576,3208401.92,500876.781
159916.SZ,20180213,3.765,3.765,3.899,3.765,3.815,0.05,1.328,2066.0,790.725
159918.SZ,20180213,1.626,1.637,1.637,1.582,1.636,0.01,0.615,789.0,128.529
159919.SZ,20180213,4.235,4.258,4.338,4.258,4.289,0.054,1.2751,130902.38,56393.933
159920.SZ,20180213,1.519,1.533,1.551,1.53,1.532,0.013,0.8558,2876247.0,443537.204
159922.SZ,20180213,5.855,6.01,6.01,5.883,5.888,0.033,0.5636,4600.0,2721.944
159923.SZ,20180213,1.642,1.666,1.685,1.65,1.668,0.026,1.5834,22221.0,3704.013
159924.SZ,20180213,1.367,1.39,1.395,1.366,1.395,0.028,2.0483,840.0,117.162
159925.SZ,20180213,1.628,1.628,1.718,1.628,1.651,0.023,1.4128,3792.31,628.556
159926.SZ,20180213,108.27,107.3,107.689,106.001,107.689,-0.581,-0.5366,12.0,128.59
159927.SZ,20180213,3.784,3.789,3.867,3.75,3.85,0.066,1.7442,379.75,144.845
159928.SZ,20180213,2.264,2.27,2.304,2.266,2.281,0.017,0.7509,14807.0,3393.729
159929.SZ,20180213,1.484,1.496,1.534,1.486,1.498,0.014,0.9434,6180.0,926.139
159930.SZ,20180213,0.859,0.86,0.862,0.842,0.85,-0.009,-1.0477,1893.0,162.187
159931.SZ,20180213,1.668,1.678,1.751,1.667,1.682,0.014,0.8393,1381.01,235.535
159932.SZ,20180213,1.588,1.611,1.661,1.586,1.627,0.039,2.4559,1110.6,181.483
159933.SZ,20180213,1.902,1.938,1.968,1.915,1.968,0.066,3.47,377.0,72.925
159934.SZ,20180213,2.68,2.684,2.691,2.683,2.691,0.011,0.4104,50022.07,13434.417
159935.SZ,20180213,1.598,1.618,1.618,1.55,1.55,-0.048,-3.0038,34.0,5.368
159936.SZ,20180213,1.536,1.581,1.581,1.561,1.561,0.025,1.6276,113.0,17.661
159937.SZ,20180213,2.697,2.7,2.707,2.697,2.707,0.01,0.3708,134773.0,36386.904
159938.SZ,20180213,1.278,1.283,1.295,1.278,1.284,0.006,0.4695,33649.02,4328.875
159939.SZ,20180213,0.985,0.99,1.001,0.986,0.988,0.003,0.3046,21118.0,2100.982
159940.SZ,20180213,0.952,0.96,0.964,0.945,0.957,0.005,0.5252,3181.0,304.959
159941.SZ,20180213,1.324,1.338,1.367,1.337,1.347,0.023,1.7372,3656.85,493.622
159942.SZ,20180213,1.832,1.796,1.878,1.796,1.876,0.044,2.4017,633.05,116.708
159943.SZ,20180213,10.844,10.965,11.025,10.898,10.917,0.073,0.6732,261.98,287.732
159944.SZ,20180213,0.901,0.901,0.966,0.901,0.904,0.003,0.333,140.0,12.862
159945.SZ,20180213,0.76,0.766,0.766,0.742,0.742,-0.018,-2.3684,1476.0,111.064
159946.SZ,20180213,1.209,1.218,1.219,1.213,1.219,0.01,0.8271,235.0,28.639
159948.SZ,20180213,1.71,1.75,1.75,1.703,1.706,-0.004,-0.2339,13898.0,2383.521
159949.SZ,20180213,0.627,0.63,0.635,0.625,0.628,0.001,0.1595,2301202.0,145209.607
159950.SZ,20180213,1.035,1.028,1.05,0.995,1.031,-0.004,-0.3865,807.0,83.961
159951.SZ,20180213,0.88,0.902,0.902,0.89,0.89,0.01,1.1364,73.0,6.522
159952.SZ,20180213,0.933,0.935,0.946,0.931,0.932,-0.001,-0.1072,182920.3,17166.13
159953.SZ,20180213,0.836,0.849,0.849,0.821,0.833,-0.003,-0.3589,581.0,48.39
159955.SZ,20180213,0.897,0.897,0.908,0.891,0.891,-0.006,-0.6689,24023.0,2159.395
159957.SZ,20180213,0.938,0.94,0.951,0.94,0.942,0.004,0.4264,20620.0,1949.493
159958.SZ,20180213,0.943,0.943,0.955,0.941,0.941,-0.002,-0.2121,24468.01,2316.398
160105.SZ,20180213,1.022,1.029,1.038,1.029,1.035,0.013,1.272,829.34,85.853
160106.SZ,20180213,1.171,1.177,1.21,1.177,1.201,0.03,2.5619,490.93,58.778
160119.SZ,20180213,1.427,1.426,1.43,1.42,1.421,-0.006,-0.4205,3310.76,472.074
160125.SZ,20180213,0.989,1.08,1.08,0.983,1.002,0.013,1.3145,1506.0,151.155
160128.SZ,20180213,0.99,0.991,0.991,0.99,0.991,0.001,0.101,645.0,63.885
160130.SZ,20180213,0.959,0.957,0.957,0.931,0.933,-0.026,-2.7112,53.0,4.949
160131.SZ,20180213,1.012,1.012,1.012,1.012,1.012,0.0,0.0,747.13,75.609
160133.SZ,20180213,2.186,2.186,2.256,2.178,2.225,0.039,1.7841,4778.46,1056.902
160138.SZ,20180213,1.129,1.027,1.076,1.027,1.076,-0.053,-4.6944,51.0,5.294
160140.SZ,20180213,0.85,0.862,0.899,0.862,0.895,0.045,5.2941,218.02,18.87
160211.SZ,20180213,2.597,2.595,2.651,2.595,2.63,0.033,1.2707,6454.63,1698.421
160212.SZ,20180213,2.541,2.548,2.587,2.548,2.567,0.026,1.0232,22967.94,5907.005
160215.SZ,20180213,1.497,1.497,1.513,1.497,1.504,0.007,0.4676,3983.0,599.873
160216.SZ,20180213,0.433,0.433,0.434,0.431,0.433,0.0,0.0,20794.0,898.864
160220.SZ,20180213,1.32,1.303,1.304,1.303,1.304,-0.016,-1.2121,21.0,2.737
160223.SZ,20180213,0.769,0.755,0.773,0.755,0.761,-0.008,-1.0403,3563.83,272.236
160225.SZ,20180213,0.978,0.978,1.008,0.978,0.986,0.008,0.818,3862.75,384.321
160311.SZ,20180213,1.503,1.504,1.538,1.504,1.525,0.022,1.4637,2707.05,413.118
160314.SZ,20180213,1.025,1.048,1.049,1.029,1.029,0.004,0.3902,1385.0,144.245
160322.SZ,20180213,1.248,1.216,1.246,1.181,1.246,-0.002,-0.1603,1611.0,199.84
160324.SZ,20180213,0.823,0.828,0.84,0.828,0.831,0.008,0.9721,5928.03,493.831
160416.SZ,20180213,0.9,0.908,0.926,0.908,0.924,0.024,2.6667,1161.0,106.764
160421.SZ,20180213,0.88,0.888,0.9,0.885,0.891,0.011,1.25,32458.22,2905.405
160422.SZ,20180213,0.983,0.973,1.008,0.973,1.006,0.023,2.3398,32.0,3.187
160505.SZ,20180213,1.668,1.678,1.715,1.677,1.682,0.014,0.8393,108979.38,18511.234
160512.SZ,20180213,1.874,1.874,1.874,1.874,1.874,0.0,0.0,8.09,1.516
160515.SZ,20180213,0.999,0.998,1.004,0.998,1.0,0.001,0.1001,14770.0,1476.169
160518.SZ,20180213,0.93,0.93,0.95,0.913,0.924,-0.006,-0.6452,4494.02,416.363
160519.SZ,20180213,0.975,0.98,0.98,0.98,0.98,0.005,0.5128,403.0,39.494
160522.SZ,20180213,0.955,0.954,0.955,0.945,0.946,-0.009,-0.9424,5231.88,496.651
160607.SZ,20180213,0.76,0.775,0.787,0.775,0.776,0.016,2.1053,28086.79,2198.314
160610.SZ,20180213,0.999,0.972,0.99,0.971,0.985,-0.014,-1.4014,4479.27,438.914
160611.SZ,20180213,0.749,0.74,0.752,0.74,0.751,0.002,0.267,371.28,27.804
160615.SZ,20180213,1.597,1.604,1.604,1.604,1.604,0.007,0.4383,92.16,14.782
160616.SZ,20180213,1.217,1.208,1.235,1.208,1.227,0.01,0.8217,44.0,5.4
160622.SZ,20180213,0.971,0.972,0.972,0.97,0.97,-0.001,-0.103,29.0,2.813
160635.SZ,20180213,1.023,1.032,1.055,1.014,1.025,0.002,0.1955,51.0,5.295
160642.SZ,20180213,0.909,0.919,0.919,0.917,0.917,0.008,0.8801,200.0,18.36
160644.SZ,20180213,0.899,0.945,0.945,0.905,0.905,0.006,0.6674,12.0,1.09
160706.SZ,20180213,1.116,1.115,1.136,1.115,1.131,0.015,1.3441,35102.45,3952.355
160716.SZ,20180213,1.569,1.58,1.66,1.58,1.642,0.073,4.6526,15141.44,2483.021
160717.SZ,20180213,0.824,0.832,0.842,0.825,0.83,0.006,0.7282,8787.0,734.729
160719.SZ,20180213,0.685,0.685,0.689,0.685,0.688,0.003,0.438,9195.0,631.098
160722.SZ,20180213,0.99,0.99,0.995,0.99,0.993,0.003,0.303,11788.0,1169.193
160723.SZ,20180213,1.066,1.037,1.157,1.037,1.15,0.084,7.8799,535.08,57.999
160805.SZ,20180213,0.805,0.803,0.818,0.803,0.818,0.013,1.6149,67.0,5.411
160806.SZ,20180213,1.365,1.381,1.396,1.381,1.385,0.02,1.4652,228.57,31.619
160812.SZ,20180213,1.441,1.474,1.478,1.456,1.478,0.037,2.5677,916.3,135.242
160813.SZ,20180213,0.8,0.823,0.823,0.812,0.812,0.012,1.5,120.0,9.826
160910.SZ,20180213,1.018,1.02,1.038,1.01,1.011,-0.007,-0.6876,387.0,39.2
160916.SZ,20180213,2.639,2.648,2.696,2.641,2.673,0.034,1.2884,1356.53,363.098
160918.SZ,20180213,1.941,1.931,1.964,1.931,1.94,-0.001,-0.0515,937.0,182.104
160919.SZ,20180213,1.109,1.16,1.16,1.102,1.115,0.006,0.541,1519.0,171.745
160921.SZ,20180213,0.885,0.885,0.888,0.881,0.881,-0.004,-0.452,650.0,57.416
160922.SZ,20180213,1.121,1.089,1.114,1.088,1.112,-0.009,-0.8029,498.0,54.501
160924.SZ,20180213,0.997,1.048,1.048,1.015,1.016,0.019,1.9057,21.0,2.135
161005.SZ,20180213,2.005,2.01,2.045,2.01,2.025,0.02,0.9975,6596.2,1337.478
161010.SZ,20180213,1.021,1.017,1.026,1.017,1.025,0.004,0.3918,30993.0,3173.691
161014.SZ,20180213,1.013,1.012,1.042,1.012,1.042,0.029,2.8628,21921.04,2220.698
161017.SZ,20180213,2.099,2.107,2.132,2.1,2.101,0.002,0.0953,2119.52,448.753
161019.SZ,20180213,0.969,0.97,0.971,0.969,0.97,0.001,0.1032,32769.2,3177.745
161033.SZ,20180213,0.918,0.919,0.928,0.916,0.925,0.007,0.7625,1282.0,118.342
161035.SZ,20180213,0.924,0.923,0.923,0.922,0.922,-0.002,-0.2165,20.0,1.845
161036.SZ,20180213,0.81,0.815,0.817,0.801,0.816,0.006,0.7407,45.01,3.623
161037.SZ,20180213,1.038,1.038,1.06,1.038,1.06,0.022,2.1195,276.16,29.209
161115.SZ,20180213,1.31,1.308,1.308,1.308,1.308,-0.002,-0.1527,100.0,13.08
161116.SZ,20180213,0.696,0.696,0.7,0.693,0.697,0.001,0.1437,3437.0,239.437
161119.SZ,20180213,1.24,1.258,1.258,1.258,1.258,0.018,1.4516,3.0,0.377
161124.SZ,20180213,1.046,1.05,1.142,1.05,1.052,0.006,0.5736,233.0,25.972
161125.SZ,20180213,1.027,1.049,1.05,1.044,1.049,0.022,2.1422,4546.0,475.621
161126.SZ,20180213,1.061,1.08,1.1,1.074,1.08,0.019,1.7908,1148.0,123.725
161127.SZ,20180213,1.205,1.227,1.277,1.227,1.248,0.043,3.5685,292.0,36.137
161128.SZ,20180213,1.144,1.162,1.177,1.162,1.174,0.03,2.6224,627.0,73.48
161129.SZ,20180213,1.037,1.035,1.035,0.992,1.008,-0.029,-2.7965,268.0,27.003
161130.SZ,20180213,1.034,1.057,1.057,1.015,1.025,-0.009,-0.8704,361.0,36.731
161210.SZ,20180213,1.011,1.018,1.034,1.015,1.015,0.004,0.3956,100.0,10.325
161213.SZ,20180213,1.558,1.547,1.574,1.547,1.571,0.013,0.8344,112.0,17.567
161217.SZ,20180213,0.734,0.736,0.741,0.736,0.741,0.007,0.9537,35.0,2.586
161219.SZ,20180213,1.236,1.255,1.256,1.236,1.236,0.0,0.0,87.0,10.857
161222.SZ,20180213,1.145,1.192,1.192,1.158,1.159,0.014,1.2227,51.01,5.946
161224.SZ,20180213,0.952,0.951,0.952,0.934,0.951,-0.001,-0.105,152.0,14.444
161225.SZ,20180213,1.146,1.185,1.185,1.15,1.15,0.004,0.349,3.0,0.348
161226.SZ,20180213,0.813,0.814,0.819,0.814,0.818,0.005,0.615,32136.33,2627.432
161227.SZ,20180213,1.003,1.006,1.025,1.004,1.016,0.013,1.2961,9197.1,938.508
161229.SZ,20180213,1.299,1.299,1.324,1.292,1.293,-0.006,-0.4619,62.0,8.047
161232.SZ,20180213,0.743,0.737,0.755,0.737,0.74,-0.003,-0.4038,33.0,2.455
161505.SZ,20180213,1.075,1.075,1.078,1.075,1.076,0.001,0.093,326.12,35.08
161607.SZ,20180213,1.165,1.187,1.189,1.18,1.189,0.024,2.0601,129.78,15.409
161610.SZ,20180213,0.996,0.987,0.999,0.98,0.98,-0.016,-1.6064,981.0,96.784
161631.SZ,20180213,0.917,0.92,0.932,0.917,0.921,0.004,0.4362,19450.0,1801.092
161706.SZ,20180213,1.59,1.568,1.69,1.566,1.65,0.06,3.7736,732.91,116.644
161713.SZ,20180213,1.009,1.009,1.01,1.009,1.01,0.001,0.0991,5.0,0.504
161714.SZ,20180213,1.013,1.023,1.028,1.016,1.021,0.008,0.7897,501.0,51.265
161715.SZ,20180213,1.021,1.032,1.053,1.027,1.027,0.006,0.5877,329.38,34.299
161810.SZ,20180213,1.452,1.454,1.469,1.452,1.455,0.003,0.2066,518.51,75.744
161813.SZ,20180213,1.301,1.279,1.279,1.279,1.279,-0.022,-1.691,1.0,0.127
161815.SZ,20180213,0.453,0.452,0.454,0.452,0.452,-0.001,-0.2208,2685.0,121.659
161820.SZ,20180213,1.114,1.109,1.109,1.109,1.109,-0.005,-0.4488,9.0,0.998
161831.SZ,20180213,1.0,1.004,1.024,1.004,1.008,0.008,0.8,3402.8,345.486
161834.SZ,20180213,0.738,0.734,0.743,0.733,0.74,0.002,0.271,32390.0,2387.878
161835.SZ,20180213,0.952,0.96,0.964,0.96,0.964,0.012,1.2605,572.0,54.952
161903.SZ,20180213,0.801,0.827,0.851,0.824,0.834,0.033,4.1199,110.0,9.179
161907.SZ,20180213,1.703,1.676,1.722,1.676,1.722,0.019,1.1157,121.36,20.392
161908.SZ,20180213,0.898,0.897,0.897,0.897,0.897,-0.001,-0.1114,127.85,11.468
161911.SZ,20180213,0.954,0.957,0.957,0.954,0.955,0.001,0.1048,3917.12,373.959
162006.SZ,20180213,1.149,1.157,1.194,1.157,1.163,0.014,1.2185,89.0,10.482
162108.SZ,20180213,1.085,1.09,1.09,1.086,1.088,0.003,0.2765,7968.23,866.221
162207.SZ,20180213,1.359,1.347,1.386,1.347,1.375,0.016,1.1773,612.0,84.188
162215.SZ,20180213,0.985,1.011,1.011,1.011,1.011,0.026,2.6396,6.0,0.606
162307.SZ,20180213,1.296,1.294,1.307,1.294,1.307,0.011,0.8488,21.0,2.743
162411.SZ,20180213,0.514,0.521,0.526,0.52,0.525,0.011,2.1401,527494.64,27599.192
162414.SZ,20180213,1.222,1.148,1.197,1.148,1.148,-0.074,-6.0556,75.72,8.775
162415.SZ,20180213,1.21,1.237,1.237,1.23,1.232,0.022,1.8182,861.0,105.926
162510.SZ,20180213,0.964,0.957,0.957,0.957,0.957,-0.007,-0.7261,12.0,1.148
162605.SZ,20180213,1.293,1.296,1.331,1.296,1.315,0.022,1.7015,50346.76,6636.121
162607.SZ,20180213,0.478,0.481,0.488,0.476,0.486,0.008,1.6736,7497.21,362.344
162703.SZ,20180213,1.332,1.334,1.374,1.334,1.345,0.013,0.976,3760.22,511.434
162711.SZ,20180213,1.214,1.224,1.247,1.224,1.232,0.018,1.4827,97.0,12.026
162712.SZ,20180213,1.43,1.43,1.43,1.429,1.43,0.0,0.0,6362.0,909.415
162717.SZ,20180213,1.0,1.0,1.0,1.0,1.0,0.0,0.0,1073.0,107.3
162719.SZ,20180213,0.901,0.915,0.92,0.915,0.92,0.019,2.1088,849.0,78.01
163001.SZ,20180213,0.853,0.866,0.866,0.866,0.866,0.013,1.524,1.0,0.086
163110.SZ,20180213,2.174,2.184,2.196,2.184,2.185,0.011,0.506,1906.0,417.772
163111.SZ,20180213,1.063,1.1,1.101,1.038,1.065,0.002,0.1881,1734.95,183.124
163119.SZ,20180213,0.807,0.8,0.825,0.8,0.825,0.018,2.2305,43.0,3.447
163208.SZ,20180213,0.806,0.821,0.827,0.82,0.827,0.021,2.6055,162.0,13.297
163210.SZ,20180213,1.013,1.013,1.013,1.011,1.013,0.0,0.0,30164.27,3052.89
163302.SZ,20180213,1.3,1.3,1.313,1.275,1.276,-0.024,-1.8462,108.64,13.938
163402.SZ,20180213,0.902,0.905,0.925,0.905,0.918,0.016,1.7738,102151.84,9390.457
163407.SZ,20180213,1.813,1.816,1.843,1.816,1.825,0.012,0.6619,2890.43,528.942
163409.SZ,20180213,1.458,1.467,1.479,1.467,1.479,0.021,1.4403,73.0,10.721
163412.SZ,20180213,3.145,3.187,3.239,3.16,3.211,0.066,2.0986,27376.01,8825.098
163415.SZ,20180213,1.312,1.32,1.338,1.32,1.326,0.014,1.0671,136.0,18.054
163503.SZ,20180213,0.465,0.465,0.469,0.465,0.469,0.004,0.8602,1832.33,85.516
163801.SZ,20180213,1.276,1.277,1.281,1.252,1.252,-0.024,-1.8809,1094.0,138.951
163819.SZ,20180213,1.093,1.081,1.187,1.081,1.127,0.034,3.1107,462.5,52.639
164403.SZ,20180213,0.952,0.942,0.971,0.942,0.963,0.011,1.1555,64.0,6.188
164509.SZ,20180213,0.942,1.032,1.032,1.01,1.031,0.089,9.448,334.98,34.227
164701.SZ,20180213,0.597,0.604,0.604,0.591,0.594,-0.003,-0.5025,1283.0,76.416
164705.SZ,20180213,1.174,1.175,1.185,1.175,1.185,0.011,0.937,70.38,8.32
164823.SZ,20180213,0.904,0.91,0.927,0.896,0.896,-0.008,-0.885,619.21,55.491
164906.SZ,20180213,1.345,1.368,1.39,1.363,1.368,0.023,1.71,23604.35,3245.691
165309.SZ,20180213,1.211,1.222,1.237,1.222,1.234,0.023,1.8993,62.0,7.648
165313.SZ,20180213,1.373,1.367,1.368,1.366,1.367,-0.006,-0.437,213.11,29.114
165317.SZ,20180213,0.93,0.945,0.945,0.94,0.94,0.01,1.0753,154.0,14.551
165508.SZ,20180213,1.827,1.872,1.897,1.803,1.897,0.07,3.8314,43.0,7.818
165510.SZ,20180213,0.873,0.879,0.879,0.844,0.871,-0.002,-0.2291,400.0,34.22
165512.SZ,20180213,2.576,2.586,2.587,2.586,2.587,0.011,0.427,2.52,0.651
165513.SZ,20180213,0.441,0.445,0.445,0.438,0.441,0.0,0.0,390.0,17.141
165516.SZ,20180213,2.03,1.992,1.992,1.992,1.992,-0.038,-1.8719,7.0,1.394
165517.SZ,20180213,0.761,0.766,0.766,0.762,0.766,0.005,0.657,59.0,4.518
165525.SZ,20180213,1.016,1.011,1.019,0.999,1.01,-0.006,-0.5906,152.0,15.4
165528.SZ,20180213,0.945,0.967,0.967,0.967,0.967,0.022,2.328,300.0,29.01
165705.SZ,20180213,0.978,0.952,0.952,0.951,0.951,-0.027,-2.7607,313.8,29.873
166001.SZ,20180213,1.023,1.031,1.052,1.031,1.037,0.014,1.3685,674.13,69.892
166006.SZ,20180213,1.158,1.163,1.176,1.161,1.169,0.011,0.9499,2416.0,282.471
166007.SZ,20180213,1.396,1.394,1.404,1.394,1.404,0.008,0.5731,57.11,8.017
166009.SZ,20180213,1.594,1.608,1.62,1.586,1.616,0.022,1.3802,243.0,39.286
166011.SZ,20180213,1.349,1.357,1.357,1.357,1.357,0.008,0.593,1.0,0.135
166023.SZ,20180213,0.977,0.977,0.977,0.88,0.887,-0.09,-9.2119,115.0,10.333
166024.SZ,20180213,0.909,0.908,0.919,0.908,0.914,0.005,0.5501,22175.12,2028.846
166402.SZ,20180213,1.059,1.066,1.068,1.066,1.068,0.009,0.8499,66.0,7.044
166902.SZ,20180213,1.0,1.0,1.0,1.0,1.0,0.0,0.0,2.0,0.2
167001.SZ,20180213,0.748,0.75,0.752,0.72,0.748,0.0,0.0,46389.74,3420.377
167002.SZ,20180213,0.901,0.944,0.944,0.896,0.896,-0.005,-0.5549,2.0,0.184
167003.SZ,20180213,0.96,0.96,0.96,0.96,0.96,0.0,0.0,0.92,0.088
168002.SZ,20180213,0.916,0.916,0.948,0.916,0.948,0.032,3.4934,16.0,1.513
168101.SZ,20180213,0.922,0.932,0.932,0.923,0.928,0.006,0.6508,33318.31,3079.456
168102.SZ,20180213,0.765,0.765,0.769,0.761,0.768,0.003,0.3922,24274.61,1857.878
168103.SZ,20180213,0.716,0.717,0.724,0.716,0.717,0.001,0.1397,35581.28,2562.497
168104.SZ,20180213,0.936,0.936,0.936,0.936,0.936,0.0,0.0,1.0,0.093
168105.SZ,20180213,0.735,0.74,0.741,0.735,0.735,0.0,0.0,9378.57,691.78
168106.SZ,20180213,0.855,0.791,0.853,0.791,0.853,-0.002,-0.2339,36.0,2.853
168301.SZ,20180213,0.868,0.869,0.872,0.868,0.871,0.003,0.3456,11493.0,999.913
169101.SZ,20180213,1.485,1.5,1.53,1.499,1.509,0.024,1.6162,139090.49,21089.472
169102.SZ,20180213,1.426,1.45,1.45,1.435,1.438,0.012,0.8415,4070.0,588.367
169103.SZ,20180213,1.509,1.554,1.554,1.528,1.54,0.031,2.0543,955.0,147.083
169104.SZ,20180213,1.397,1.399,1.435,1.399,1.423,0.026,1.8611,1585.0,225.444
169105.SZ,20180213,1.517,1.54,1.557,1.526,1.535,0.018,1.1866,50718.64,7822.878
169201.SZ,20180213,0.937,0.902,0.938,0.902,0.937,0.0,0.0,257.0,24.079
184801.SZ,20180213,88.09,88.478,88.738,86.6,88.69,0.6,0.6811,183.0,1601.07
501000.SH,20180213,1.253,1.209,1.209,1.209,1.209,-0.044,-3.5116,1.0,0.121
501001.SH,20180213,1.09,1.119,1.153,1.092,1.118,0.028,2.5688,1318.21,148.286
501002.SH,20180213,0.853,0.859,0.885,0.859,0.877,0.024,2.8136,68.0,5.889
501003.SH,20180213,0.91,1.001,1.001,0.995,0.995,0.085,9.3407,92.0,9.158
501005.SH,20180213,0.854,0.858,0.874,0.858,0.858,0.004,0.4684,1697.23,146.685
501009.SH,20180213,1.036,1.058,1.058,1.026,1.04,0.004,0.3861,306.0,31.866
501010.SH,20180213,1.019,1.03,1.04,1.03,1.036,0.017,1.6683,32.0,3.314
501011.SH,20180213,0.975,0.968,0.97,0.965,0.965,-0.01,-1.0256,347.45,33.574
501012.SH,20180213,0.937,0.945,0.945,0.945,0.945,0.008,0.8538,25.0,2.363
501015.SH,20180213,0.896,0.904,0.914,0.904,0.907,0.011,1.2277,3895.73,355.09
501016.SH,20180213,0.965,0.921,0.94,0.921,0.931,-0.034,-3.5233,5295.03,492.803
501018.SH,20180213,0.98,0.973,0.995,0.973,0.989,0.009,0.9184,2551.0,250.877
501019.SH,20180213,0.705,0.704,0.717,0.702,0.707,0.002,0.2837,1926.23,136.33
501020.SH,20180213,1.004,0.997,1.039,0.997,1.003,-0.001,-0.0996,115.01,11.59
501021.SH,20180213,1.337,1.349,1.372,1.344,1.36,0.023,1.7203,43754.0,5958.323
501022.SH,20180213,0.774,0.768,0.799,0.753,0.777,0.003,0.3876,10621.0,813.606
501023.SH,20180213,1.115,1.119,1.119,1.097,1.099,-0.016,-1.435,1060.0,116.37
501025.SH,20180213,1.109,1.111,1.149,1.111,1.128,0.019,1.7133,623.06,70.318
501026.SH,20180213,0.815,0.818,0.829,0.813,0.821,0.006,0.7362,8668.32,713.611
501027.SH,20180213,1.005,1.005,1.005,1.002,1.005,0.0,0.0,3251.0,326.621
501028.SH,20180213,0.834,0.835,0.886,0.835,0.844,0.01,1.199,7828.01,660.187
501029.SH,20180213,1.068,1.074,1.086,1.07,1.076,0.008,0.7491,122423.93,13198.244
501030.SH,20180213,0.778,0.778,0.786,0.77,0.771,-0.007,-0.8997,377.0,29.203
501032.SH,20180213,0.85,0.917,0.917,0.917,0.917,0.067,7.8824,501.35,45.974
501035.SH,20180213,0.938,0.944,0.955,0.943,0.946,0.008,0.8529,11257.35,1066.436
501036.SH,20180213,0.899,0.898,0.919,0.872,0.89,-0.009,-1.0011,208.4,18.559
501037.SH,20180213,0.885,0.88,0.909,0.88,0.899,0.014,1.5819,154.0,13.844
501038.SH,20180213,1.049,1.061,1.07,1.052,1.06,0.011,1.0486,52002.3,5528.098
501040.SH,20180213,0.975,0.983,0.983,0.976,0.982,0.007,0.7179,3297.0,323.312
501043.SH,20180213,1.11,1.013,1.109,1.012,1.078,-0.032,-2.8829,1290.57,138.941
501045.SH,20180213,1.006,1.027,1.027,1.017,1.017,0.011,1.0934,58.0,5.9
501046.SH,20180213,0.867,0.867,0.871,0.864,0.864,-0.003,-0.346,3870.16,335.217
501047.SH,20180213,0.906,0.9,0.906,0.89,0.892,-0.014,-1.5453,152.44,13.762
501048.SH,20180213,0.876,0.882,0.897,0.879,0.892,0.016,1.8265,193.33,17.121
501050.SH,20180213,1.198,1.245,1.249,1.21,1.23,0.032,2.6711,21314.08,2633.439
501051.SH,20180213,1.014,1.028,1.028,1.01,1.013,-0.001,-0.0986,5162.95,523.903
501106.SH,20180213,1.002,1.002,1.004,1.002,1.004,0.002,0.1996,31.72,3.18
501300.SH,20180213,0.92,0.926,0.926,0.912,0.924,0.004,0.4348,2749.0,252.815
501301.SH,20180213,1.168,1.167,1.172,1.164,1.164,-0.004,-0.3425,3613.0,422.188
501302.SH,20180213,1.089,1.06,1.198,1.06,1.198,0.109,10.0092,357.0,42.309
501303.SH,20180213,0.991,0.913,0.98,0.913,0.945,-0.046,-4.6418,303.0,29.265
501305.SH,20180213,0.925,0.956,0.956,0.927,0.941,0.016,1.7297,1109.0,103.747
501306.SH,20180213,0.939,0.939,0.974,0.939,0.972,0.033,3.5144,560.0,54.074
502000.SH,20180213,0.925,0.946,0.946,0.946,0.946,0.021,2.2703,7.0,0.662
502003.SH,20180213,0.748,0.763,0.765,0.749,0.75,0.002,0.2674,946.21,71.312
502004.SH,20180213,0.921,0.921,0.925,0.921,0.924,0.003,0.3257,19678.5,1815.905
502005.SH,20180213,0.58,0.571,0.598,0.571,0.578,-0.002,-0.3448,4536.14,265.247
502006.SH,20180213,1.027,1.03,1.049,1.03,1.04,0.013,1.2658,427.0,44.275
502008.SH,20180213,1.05,1.078,1.079,1.043,1.073,0.023,2.1905,1030.1,108.83
502010.SH,20180213,0.998,0.997,1.01,0.997,0.997,-0.001,-0.1002,248.0,24.986
502011.SH,20180213,0.951,0.896,0.926,0.896,0.926,-0.025,-2.6288,1610.0,145.006
502012.SH,20180213,1.099,1.099,1.133,1.061,1.097,-0.002,-0.182,4862.0,539.956
502013.SH,20180213,0.799,0.799,0.815,0.799,0.808,0.009,1.1264,13010.47,1050.542
502014.SH,20180213,0.909,0.91,0.918,0.91,0.917,0.008,0.8801,17260.25,1577.236
502015.SH,20180213,0.693,0.709,0.71,0.695,0.695,0.002,0.2886,5067.5,356.717
502020.SH,20180213,0.97,0.97,1.022,0.97,1.001,0.031,3.1959,831.79,84.218
502021.SH,20180213,0.95,0.98,0.98,0.98,0.98,0.03,3.1579,1.0,0.098
502022.SH,20180213,1.201,1.081,1.081,1.081,1.081,-0.12,-9.9917,3.0,0.324
502025.SH,20180213,1.22,1.1,1.3,1.1,1.1,-0.12,-9.8361,184.4,22.361
502026.SH,20180213,0.71,0.71,0.725,0.71,0.725,0.015,2.1127,33.0,2.348
502036.SH,20180213,0.937,0.864,0.865,0.864,0.864,-0.073,-7.7908,182.0,15.737
502037.SH,20180213,0.963,0.96,0.96,0.96,0.96,-0.003,-0.3115,50.0,4.8
502038.SH,20180213,0.737,0.76,0.76,0.76,0.76,0.023,3.1208,294.0,22.344
502040.SH,20180213,1.271,1.189,1.19,1.189,1.19,-0.081,-6.3729,8.0,0.952
502041.SH,20180213,0.9,0.849,0.986,0.849,0.986,0.086,9.5556,32.0,2.731
502048.SH,20180213,0.916,0.93,0.942,0.925,0.93,0.014,1.5284,34965.43,3262.926
502049.SH,20180213,0.877,0.876,0.882,0.875,0.882,0.005,0.5701,62312.94,5474.701
502050.SH,20180213,0.952,0.962,1.009,0.962,0.979,0.027,2.8361,96452.28,9547.217
502053.SH,20180213,0.843,0.835,0.927,0.83,0.88,0.037,4.3891,239.97,20.431
502055.SH,20180213,0.776,0.78,0.806,0.76,0.76,-0.016,-2.0619,1781.0,141.436
502056.SH,20180213,0.902,0.903,0.929,0.903,0.929,0.027,2.9933,502.03,45.834
502057.SH,20180213,0.921,0.973,0.973,0.973,0.973,0.052,5.646,9.0,0.876
502058.SH,20180213,0.86,0.84,0.88,0.84,0.877,0.017,1.9767,445.81,39.088
505888.SH,20180213,1.02,1.021,1.033,1.013,1.03,0.01,0.9804,490763.76,50074.671
510010.SH,20180213,1.174,1.173,1.173,1.131,1.131,-0.043,-3.6627,1977.0,227.07
510020.SH,20180213,2.869,2.736,2.85,2.736,2.827,-0.042,-1.4639,915.49,253.922
510030.SH,20180213,5.21,5.29,5.29,5.11,5.281,0.071,1.3628,790.0,414.498
510050.SH,20180213,2.8,2.829,2.884,2.828,2.848,0.048,1.7143,6035503.38,1723677.927
510060.SH,20180213,1.862,1.864,1.911,1.864,1.889,0.027,1.4501,4329.0,820.673
510070.SH,20180213,1.756,1.777,1.786,1.77,1.77,0.014,0.7973,53.0,9.445
510090.SH,20180213,1.67,1.655,1.682,1.655,1.682,0.012,0.7186,5.0,0.83
510110.SH,20180213,3.83,3.639,3.818,3.639,3.7,-0.13,-3.3943,51.0,19.105
510120.SH,20180213,2.995,2.92,2.994,2.829,2.994,-0.001,-0.0334,54.12,15.624
510130.SH,20180213,3.821,3.849,3.874,3.849,3.862,0.041,1.073,21.0,8.106
510150.SH,20180213,5.03,4.838,5.0,4.838,4.98,-0.05,-0.994,53.0,26.369
510160.SH,20180213,0.6,0.605,0.612,0.604,0.605,0.005,0.8333,19615.0,1191.311
510170.SH,20180213,1.909,1.91,1.975,1.91,1.949,0.04,2.0953,238.03,46.408
510180.SH,20180213,3.343,3.366,3.43,3.366,3.387,0.044,1.3162,89520.25,30465.154
510190.SH,20180213,3.562,3.512,3.623,3.512,3.593,0.031,0.8703,484.0,175.251
510210.SH,20180213,3.688,3.602,3.877,3.602,3.868,0.18,4.8807,408.0,154.457
510220.SH,20180213,3.94,3.859,4.048,3.857,4.036,0.096,2.4365,395.73,155.252
510230.SH,20180213,6.207,6.228,6.391,6.228,6.31,0.103,1.6594,17732.0,11201.409
510260.SH,20180213,1.105,1.095,1.109,1.095,1.102,-0.003,-0.2715,189.0,20.827
510270.SH,20180213,1.188,1.169,1.23,1.151,1.188,0.0,0.0,1576.0,187.182
510280.SH,20180213,1.781,1.749,1.93,1.683,1.781,0.0,0.0,883.0,154.398
510290.SH,20180213,1.476,1.485,1.495,1.482,1.482,0.006,0.4065,3222.0,480.145
510300.SH,20180213,3.882,3.917,3.981,3.917,3.929,0.047,1.2107,1624624.68,641207.46
510310.SH,20180213,1.647,1.653,1.686,1.652,1.67,0.023,1.3965,40700.0,6815.379
510330.SH,20180213,4.23,4.249,4.315,4.249,4.265,0.035,0.8274,80041.0,34269.339
510360.SH,20180213,1.222,1.224,1.253,1.224,1.238,0.016,1.3093,92506.0,11461.139
510380.SH,20180213,0.959,0.959,0.99,0.959,0.971,0.012,1.2513,6205.0,605.816
510390.SH,20180213,3.886,3.95,3.981,3.888,3.931,0.045,1.158,9604.93,3783.619
510410.SH,20180213,0.77,0.774,0.782,0.773,0.779,0.009,1.1688,3332.0,258.635
510430.SH,20180213,1.557,1.51,1.638,1.5,1.638,0.081,5.2023,41.0,6.201
510440.SH,20180213,1.7,1.699,1.699,1.668,1.698,-0.002,-0.1176,181.0,30.673
510500.SH,20180213,5.994,6.01,6.084,6.01,6.031,0.037,0.6173,367857.53,222569.002
510510.SH,20180213,1.586,1.588,1.61,1.588,1.593,0.007,0.4414,54732.0,8752.741
510560.SH,20180213,1.233,1.213,1.213,1.212,1.213,-0.02,-1.6221,14.0,1.698
510580.SH,20180213,5.813,5.839,5.845,5.762,5.81,-0.003,-0.0516,53.0,30.798
510630.SH,20180213,2.256,2.26,2.297,2.26,2.274,0.018,0.7979,5566.0,1274.813
510650.SH,20180213,1.823,1.832,1.865,1.832,1.848,0.025,1.3714,558.0,103.089
510660.SH,20180213,1.753,1.76,1.79,1.76,1.775,0.022,1.255,2402.0,427.916
510680.SH,20180213,2.315,2.378,2.378,2.34,2.369,0.054,2.3326,220.0,51.856
510710.SH,20180213,2.959,3.009,3.048,2.99,3.005,0.046,1.5546,12355.0,3731.787
510800.SH,20180213,0.947,0.955,0.968,0.948,0.957,0.01,1.056,24186.0,2319.518
510810.SH,20180213,0.913,0.913,0.929,0.911,0.924,0.011,1.2048,16807.0,1553.592
510880.SH,20180213,2.984,2.993,3.054,2.993,3.023,0.039,1.307,74557.0,22582.188
510900.SH,20180213,1.238,1.251,1.272,1.245,1.249,0.011,0.8885,11921102.95,1502823.667
511010.SH,20180213,110.514,110.381,110.52,110.372,110.512,-0.002,-0.0018,4771.0,52723.581
511220.SH,20180213,94.34,94.34,94.34,92.034,93.77,-0.57,-0.6042,670.22,6269.107
511260.SH,20180213,98.251,98.421,98.58,98.263,98.282,0.031,0.0316,7.1,69.941
511600.SH,20180213,99.993,99.999,100.028,99.97,100.018,0.025,0.025,9809.2,98084.073
511620.SH,20180213,100.001,99.881,99.999,99.881,99.999,-0.002,-0.002,2.0,19.988
511650.SH,20180213,99.998,99.998,100.028,99.956,100.005,0.007,0.007,9868.6,98687.945
511660.SH,20180213,100.012,99.995,100.069,99.985,100.056,0.044,0.044,140442.11,1404606.232
511670.SH,20180213,99.995,99.995,100.009,99.956,100.008,0.013,0.013,3740.52,37401.75
511680.SH,20180213,99.99,99.99,99.99,99.99,99.99,0.0,0.0,7.0,69.993
511690.SH,20180213,100.011,99.997,100.049,99.974,100.04,0.029,0.029,58010.26,580154.975
511700.SH,20180213,99.99,99.986,100.02,99.96,100.014,0.024,0.024,18167.43,181666.626
511770.SH,20180213,100.156,100.188,100.396,100.001,100.38,0.224,0.2237,405.74,4062.13
511800.SH,20180213,100.004,99.999,100.019,99.977,100.018,0.014,0.014,3478.7,34786.421
511810.SH,20180213,100.009,99.993,100.035,99.97,100.018,0.009,0.009,134816.74,1348259.328
511820.SH,20180213,99.999,100.0,100.024,99.981,100.021,0.022,0.022,30440.51,304379.395
511830.SH,20180213,99.988,99.987,100.019,99.971,100.011,0.023,0.023,9041.49,90406.79
511850.SH,20180213,99.999,99.995,100.2,99.977,100.045,0.046,0.046,12102.5,121035.957
511860.SH,20180213,99.995,99.988,100.018,99.961,100.016,0.021,0.021,3328.9,33287.701
511880.SH,20180213,100.643,100.644,100.703,100.609,100.699,0.056,0.0556,691998.95,6965689.353
511900.SH,20180213,100.012,100.004,100.044,99.976,100.031,0.019,0.019,35678.05,356805.226
511910.SH,20180213,99.995,99.994,100.01,99.994,100.01,0.015,0.015,2024.84,20248.871
511920.SH,20180213,100.015,99.956,100.068,99.956,100.068,0.053,0.053,56.79,568.272
511930.SH,20180213,99.962,99.965,100.3,99.959,100.298,0.336,0.3361,15.18,152.188
511950.SH,20180213,99.99,99.91,99.999,99.91,99.999,0.009,0.009,9.0,89.963
511960.SH,20180213,100.0,99.961,100.017,99.955,100.016,0.016,0.016,299.87,2998.427
511970.SH,20180213,99.995,100.0,100.063,99.997,100.003,0.008,0.008,910.86,9108.739
511980.SH,20180213,100.02,100.01,100.04,99.988,100.027,0.007,0.007,2176.43,21766.026
511990.SH,20180213,100.023,100.004,100.08,99.978,100.076,0.053,0.053,777253.58,7774009.369
512000.SH,20180213,0.833,0.84,0.855,0.84,0.841,0.008,0.9604,129846.0,11004.753
512010.SH,20180213,1.581,1.598,1.72,1.502,1.592,0.011,0.6958,8602.0,1393.914
512070.SH,20180213,1.882,1.912,1.945,1.912,1.919,0.037,1.966,4885.17,942.046
512100.SH,20180213,0.731,0.732,0.738,0.731,0.733,0.002,0.2736,15550.0,1142.752
512120.SH,20180213,1.499,1.507,1.518,1.506,1.511,0.012,0.8005,14623.0,2208.081
512200.SH,20180213,0.943,0.943,0.982,0.943,0.966,0.023,2.439,36444.0,3537.835
512210.SH,20180213,2.075,2.158,2.158,2.096,2.096,0.021,1.012,371.0,78.177
512220.SH,20180213,1.277,1.278,1.284,1.278,1.278,0.001,0.0783,157.0,20.116
512230.SH,20180213,1.384,1.353,1.353,1.353,1.353,-0.031,-2.2399,2.0,0.271
512300.SH,20180213,1.14,1.149,1.159,1.148,1.157,0.017,1.4912,2902.0,335.033
512310.SH,20180213,0.575,0.578,0.582,0.576,0.577,0.002,0.3478,12496.66,724.663
512330.SH,20180213,0.724,0.725,0.73,0.722,0.723,-0.001,-0.1381,900.0,65.389
512340.SH,20180213,0.903,0.909,0.919,0.909,0.911,0.008,0.8859,2360.0,214.651
512400.SH,20180213,0.865,0.865,0.882,0.865,0.876,0.011,1.2717,26560.0,2332.555
512500.SH,20180213,2.811,2.811,2.843,2.806,2.817,0.006,0.2134,13167.66,3725.997
512510.SH,20180213,1.185,1.187,1.212,1.187,1.193,0.008,0.6751,19436.0,2328.688
512550.SH,20180213,1.093,1.1,1.13,1.1,1.113,0.02,1.8298,46817.0,5235.423
512560.SH,20180213,0.801,0.816,0.821,0.805,0.814,0.013,1.623,1189.0,96.464
512570.SH,20180213,0.84,0.85,0.859,0.843,0.854,0.014,1.6667,3023.0,257.436
512580.SH,20180213,0.871,0.877,0.882,0.873,0.875,0.004,0.4592,121771.0,10692.628
512600.SH,20180213,2.295,2.289,2.44,2.288,2.418,0.123,5.3595,960.0,222.971
512610.SH,20180213,1.452,1.454,1.488,1.454,1.48,0.028,1.9284,481.0,71.211
512640.SH,20180213,1.869,1.92,1.928,1.912,1.912,0.043,2.3007,201.0,38.57
512660.SH,20180213,0.719,0.726,0.738,0.72,0.725,0.006,0.8345,202899.8,14816.134
512680.SH,20180213,0.708,0.709,0.723,0.709,0.712,0.004,0.565,81003.0,5810.255
512700.SH,20180213,1.068,1.07,1.096,1.07,1.086,0.018,1.6854,9189.0,999.43
512800.SH,20180213,1.045,1.054,1.073,1.052,1.061,0.016,1.5311,198290.0,21078.818
512810.SH,20180213,0.698,0.7,0.715,0.7,0.705,0.007,1.0029,4706.0,333.04
512880.SH,20180213,0.877,0.886,0.903,0.885,0.887,0.01,1.1403,840632.52,75040.588
512900.SH,20180213,0.839,0.845,0.863,0.845,0.85,0.011,1.3111,47584.01,4062.025
512980.SH,20180213,0.943,0.949,0.953,0.935,0.94,-0.003,-0.3181,42894.0,4054.177
512990.SH,20180213,1.116,1.125,1.147,1.123,1.135,0.019,1.7025,89035.19,10088.229
513030.SH,20180213,1.077,1.08,1.094,1.08,1.088,0.011,1.0214,5291.0,575.943
513050.SH,20180213,1.426,1.457,1.459,1.435,1.44,0.014,0.9818,209655.0,30365.223
513100.SH,20180213,2.131,2.161,2.172,2.155,2.164,0.033,1.5486,24185.0,5230.367
513500.SH,20180213,1.533,1.548,1.565,1.548,1.555,0.022,1.4351,13760.0,2139.032
513600.SH,20180213,2.475,2.512,2.517,2.483,2.502,0.027,1.0909,5827.0,1454.539
513660.SH,20180213,2.468,2.489,2.511,2.487,2.493,0.025,1.013,3656.91,912.649
518800.SH,20180213,2.674,2.677,2.687,2.677,2.687,0.013,0.4862,239378.0,64167.341
518880.SH,20180213,2.694,2.701,2.709,2.696,2.708,0.014,0.5197,2193080.49,592244.82
