ts_code,trade_date,pre_close,open,high,low,close,change,pct_chg,vol,amount
150008.SZ,20181029,1.07,0.964,1.07,0.964,1.07,0.0,0.0,5.63,0.56
150009.SZ,20181029,0.909,0.902,0.917,0.89,0.917,0.008,0.8801,1301.0,116.736
150012.SZ,20181029,1.073,1.071,1.074,1.071,1.073,0.0,0.0,2914.0,312.377
150013.SZ,20181029,1.317,1.34,1.34,1.205,1.299,-0.018,-1.3667,82.0,9.903
150017.SZ,20181029,1.07,1.044,1.044,1.006,1.009,-0.061,-5.7009,1128.0,114.581
150018.SZ,20181029,0.986,0.986,0.987,0.984,0.986,0.0,0.0,893739.59,88075.423
150019.SZ,20181029,0.529,0.514,0.514,0.476,0.476,-0.053,-10.0189,2326318.01,113966.174
150022.SZ,20181029,0.675,0.675,0.675,0.663,0.664,-0.011,-1.6296,102265.0,6823.065
150023.SZ,20181029,0.146,0.147,0.147,0.14,0.142,-0.004,-2.7397,558576.49,7978.773
150028.SZ,20181029,0.981,0.98,0.981,0.979,0.981,0.0,0.0,690.88,67.687
150029.SZ,20181029,0.875,0.83,0.85,0.83,0.836,-0.039,-4.4571,127.08,10.627
150032.SZ,20181029,0.995,0.987,0.999,0.987,0.999,0.004,0.402,201.0,19.844
150047.SZ,20181029,1.003,1.007,1.007,1.007,1.007,0.004,0.3988,580.31,58.437
150048.SZ,20181029,0.718,0.68,0.716,0.68,0.714,-0.004,-0.5571,42.0,2.863
150049.SZ,20181029,0.982,0.982,0.999,0.982,0.992,0.01,1.0183,6497.52,645.5
150050.SZ,20181029,0.498,0.511,0.511,0.448,0.448,-0.05,-10.0402,1433.7,64.366
150051.SZ,20181029,0.982,0.982,0.982,0.981,0.981,-0.001,-0.1018,9082.77,891.568
150052.SZ,20181029,0.531,0.537,0.537,0.49,0.49,-0.041,-7.7213,24932.19,1280.02
150060.SZ,20181029,0.84,0.84,0.84,0.84,0.84,0.0,0.0,1.0,0.084
150066.SZ,20181029,0.957,0.957,0.957,0.957,0.957,0.0,0.0,561.87,53.77
150067.SZ,20181029,1.4,1.331,1.331,1.331,1.331,-0.069,-4.9286,10.0,1.331
150073.SZ,20181029,1.0,1.0,1.0,1.0,1.0,0.0,0.0,769.63,76.963
150092.SZ,20181029,0.994,0.994,0.994,0.994,0.994,0.0,0.0,90.0,8.946
150100.SZ,20181029,0.973,0.974,0.974,0.974,0.974,0.001,0.1028,32.0,3.116
150101.SZ,20181029,0.92,0.9,0.919,0.828,0.919,-0.001,-0.1087,80.74,7.261
150104.SZ,20181029,0.995,0.995,0.996,0.995,0.996,0.001,0.1005,100.0,9.956
150106.SZ,20181029,1.012,1.012,1.014,1.011,1.011,-0.001,-0.0988,11642.26,1178.584
150107.SZ,20181029,0.433,0.432,0.432,0.404,0.405,-0.028,-6.4665,9622.57,396.848
150117.SZ,20181029,0.982,0.981,0.983,0.981,0.983,0.001,0.1018,23328.0,2290.158
150118.SZ,20181029,0.825,0.82,0.82,0.743,0.751,-0.074,-8.9697,117186.34,9108.475
150123.SZ,20181029,1.033,1.035,1.036,1.034,1.034,0.001,0.0968,4812.99,497.796
150124.SZ,20181029,0.502,0.496,0.496,0.456,0.457,-0.045,-8.9641,14571.0,685.225
150130.SZ,20181029,1.014,1.014,1.016,1.014,1.015,0.001,0.0986,81464.39,8267.804
150131.SZ,20181029,0.337,0.338,0.338,0.303,0.303,-0.034,-10.089,1121778.47,34546.538
150135.SZ,20181029,1.019,1.024,1.024,1.024,1.024,0.005,0.4907,1.0,0.102
150145.SZ,20181029,0.99,0.985,0.99,0.985,0.99,0.0,0.0,953.79,94.421
150146.SZ,20181029,0.588,0.529,0.618,0.529,0.529,-0.059,-10.034,115.0,6.584
150149.SZ,20181029,0.462,0.442,0.442,0.425,0.426,-0.036,-7.7922,4029.0,174.963
150150.SZ,20181029,0.988,0.988,0.99,0.988,0.99,0.002,0.2024,2828.37,279.606
150151.SZ,20181029,0.64,0.617,0.634,0.579,0.622,-0.018,-2.8125,716.37,41.92
150152.SZ,20181029,0.966,0.966,0.967,0.964,0.965,-0.001,-0.1035,481391.74,46460.97
150153.SZ,20181029,0.764,0.76,0.777,0.742,0.75,-0.014,-1.8325,2606885.92,198252.744
150157.SZ,20181029,0.988,0.989,0.989,0.987,0.988,0.0,0.0,19025.0,1878.688
150158.SZ,20181029,0.858,0.845,0.879,0.83,0.844,-0.014,-1.6317,18428.92,1559.606
150169.SZ,20181029,0.982,0.98,0.98,0.98,0.98,-0.002,-0.2037,5.5,0.539
150170.SZ,20181029,1.223,1.216,1.222,1.2,1.201,-0.022,-1.7989,902.5,108.526
150171.SZ,20181029,0.956,0.955,0.959,0.954,0.959,0.003,0.3138,116198.07,11125.795
150172.SZ,20181029,1.337,1.324,1.363,1.295,1.314,-0.023,-1.7203,319112.05,42526.939
150174.SZ,20181029,0.68,0.68,0.68,0.68,0.68,0.0,0.0,42.0,2.856
150175.SZ,20181029,0.989,0.989,0.989,0.987,0.989,0.0,0.0,50220.0,4962.365
150176.SZ,20181029,0.918,0.92,0.923,0.893,0.896,-0.022,-2.3965,19434.0,1752.403
150177.SZ,20181029,0.981,0.981,0.983,0.981,0.983,0.002,0.2039,5202.45,511.247
150178.SZ,20181029,1.049,1.048,1.048,1.0,1.0,-0.049,-4.6711,3530.0,357.553
150179.SZ,20181029,0.974,0.976,0.976,0.976,0.976,0.002,0.2053,2.96,0.288
150180.SZ,20181029,0.69,0.68,0.68,0.68,0.68,-0.01,-1.4493,50.0,3.4
150181.SZ,20181029,0.955,0.955,0.956,0.95,0.956,0.001,0.1047,57192.37,5452.926
150182.SZ,20181029,1.01,0.987,1.008,0.965,0.977,-0.033,-3.2673,341479.43,33518.788
150185.SZ,20181029,0.795,0.795,0.795,0.762,0.771,-0.024,-3.0189,1626.92,127.197
150186.SZ,20181029,0.957,0.957,0.959,0.957,0.958,0.001,0.1045,3754.26,359.633
150187.SZ,20181029,0.833,0.8,0.82,0.77,0.799,-0.034,-4.0816,299.9,23.766
150188.SZ,20181029,1.017,1.017,1.019,1.017,1.017,0.0,0.0,1552.1,158.148
150189.SZ,20181029,0.596,0.596,0.596,0.596,0.596,0.0,0.0,2.24,0.133
150191.SZ,20181029,1.022,0.947,1.027,0.947,1.0,-0.022,-2.1526,6.21,0.605
150193.SZ,20181029,0.708,0.681,0.699,0.637,0.665,-0.043,-6.0734,2741.0,181.328
150194.SZ,20181029,0.988,0.988,0.989,0.987,0.988,0.0,0.0,94974.67,9384.648
150195.SZ,20181029,0.488,0.48,0.495,0.463,0.464,-0.024,-4.918,36240.08,1733.454
150196.SZ,20181029,1.01,1.009,1.01,1.009,1.009,-0.001,-0.099,22048.87,2225.673
150197.SZ,20181029,0.456,0.45,0.459,0.424,0.426,-0.03,-6.5789,171843.57,7553.337
150198.SZ,20181029,1.084,1.089,1.089,1.089,1.089,0.005,0.4613,15.99,1.741
150199.SZ,20181029,1.05,1.01,1.01,0.945,0.945,-0.105,-10.0,7646.0,734.045
150200.SZ,20181029,0.981,0.981,0.982,0.979,0.982,0.001,0.1019,315094.38,30901.545
150201.SZ,20181029,0.674,0.67,0.695,0.649,0.661,-0.013,-1.9288,1815130.25,122228.136
150203.SZ,20181029,0.96,0.96,0.961,0.959,0.959,-0.001,-0.1042,1234.58,118.473
150204.SZ,20181029,0.62,0.6,0.618,0.6,0.618,-0.002,-0.3226,396.0,23.895
150205.SZ,20181029,0.998,0.997,1.0,0.996,0.998,0.0,0.0,243545.44,24297.133
150206.SZ,20181029,0.411,0.4,0.403,0.375,0.386,-0.025,-6.0827,604267.71,23534.971
150207.SZ,20181029,0.975,0.954,0.975,0.954,0.975,0.0,0.0,2.01,0.195
150208.SZ,20181029,0.971,0.949,0.949,0.949,0.949,-0.022,-2.2657,1.36,0.129
150209.SZ,20181029,0.989,0.989,0.992,0.988,0.99,0.001,0.1011,61407.5,6078.755
150210.SZ,20181029,0.474,0.468,0.472,0.432,0.44,-0.034,-7.173,41735.59,1891.636
150211.SZ,20181029,0.967,0.965,0.966,0.964,0.966,-0.001,-0.1034,10513.14,1014.641
150212.SZ,20181029,0.716,0.707,0.707,0.657,0.671,-0.045,-6.2849,22140.03,1513.13
150214.SZ,20181029,1.075,1.04,1.057,1.02,1.021,-0.054,-5.0233,206.4,21.606
150216.SZ,20181029,0.43,0.411,0.428,0.409,0.418,-0.012,-2.7907,985.04,40.9
150217.SZ,20181029,0.963,0.962,0.962,0.961,0.961,-0.002,-0.2077,19.0,1.827
150218.SZ,20181029,0.719,0.681,0.681,0.669,0.678,-0.041,-5.7024,915.41,61.933
150220.SZ,20181029,0.397,0.382,0.388,0.37,0.371,-0.026,-6.5491,18044.14,680.05
150221.SZ,20181029,1.058,1.058,1.059,1.056,1.059,0.001,0.0945,23766.3,2514.764
150222.SZ,20181029,0.68,0.67,0.678,0.66,0.662,-0.018,-2.6471,35127.32,2340.518
150223.SZ,20181029,1.008,1.008,1.015,1.006,1.013,0.005,0.496,263577.03,26588.207
150224.SZ,20181029,1.25,1.25,1.276,1.215,1.227,-0.023,-1.84,551394.12,68489.688
150227.SZ,20181029,0.994,0.993,0.995,0.99,0.992,-0.002,-0.2012,292919.68,29051.618
150228.SZ,20181029,0.83,0.833,0.842,0.794,0.805,-0.025,-3.012,762749.88,62013.169
150229.SZ,20181029,0.972,0.974,0.985,0.974,0.984,0.012,1.2346,21780.58,2139.415
150230.SZ,20181029,0.509,0.458,0.458,0.458,0.458,-0.051,-10.0196,2396.0,109.736
150232.SZ,20181029,0.406,0.406,0.408,0.406,0.408,0.002,0.4926,217.0,8.822
150236.SZ,20181029,1.03,1.047,1.051,0.986,1.011,-0.019,-1.8447,5628.6,574.592
150237.SZ,20181029,1.004,1.002,1.003,1.002,1.003,-0.001,-0.0996,111.54,11.179
150242.SZ,20181029,1.01,1.014,1.014,0.968,1.005,-0.005,-0.495,251.0,24.76
150243.SZ,20181029,0.952,0.954,0.954,0.951,0.951,-0.001,-0.105,3038.03,289.468
150244.SZ,20181029,0.819,0.817,0.819,0.787,0.79,-0.029,-3.5409,14341.03,1156.45
150245.SZ,20181029,0.98,0.984,0.984,0.982,0.982,0.002,0.2041,331.12,32.581
150246.SZ,20181029,0.778,0.7,0.7,0.7,0.7,-0.078,-10.0257,72.0,5.04
150247.SZ,20181029,0.982,0.983,0.983,0.981,0.981,-0.001,-0.1018,93.0,9.139
150248.SZ,20181029,0.623,0.6,0.619,0.582,0.582,-0.041,-6.5811,2488.0,148.8
150249.SZ,20181029,0.985,0.985,0.985,0.984,0.985,0.0,0.0,151.0,14.87
150250.SZ,20181029,0.95,0.967,1.028,0.866,0.87,-0.08,-8.4211,257.0,23.15
150251.SZ,20181029,0.987,0.987,0.987,0.987,0.987,0.0,0.0,36.0,3.553
150252.SZ,20181029,0.795,0.74,0.779,0.716,0.739,-0.056,-7.044,1088.9,80.105
150257.SZ,20181029,0.962,0.962,0.964,0.962,0.964,0.002,0.2079,1509.12,145.237
150258.SZ,20181029,0.945,0.851,0.851,0.851,0.851,-0.094,-9.9471,51.0,4.34
150260.SZ,20181029,0.589,0.553,0.553,0.553,0.553,-0.036,-6.1121,20.63,1.14
150262.SZ,20181029,0.598,0.581,0.581,0.54,0.577,-0.021,-3.5117,1258.0,70.284
150264.SZ,20181029,0.395,0.356,0.434,0.356,0.434,0.039,9.8734,55.62,1.987
150265.SZ,20181029,1.012,1.01,1.01,1.01,1.01,-0.002,-0.1976,253.0,25.553
150266.SZ,20181029,0.771,0.734,0.781,0.734,0.77,-0.001,-0.1297,630.09,46.427
150267.SZ,20181029,1.019,1.005,1.02,1.005,1.02,0.001,0.0981,248.0,24.925
150268.SZ,20181029,0.96,0.865,0.865,0.865,0.865,-0.095,-9.8958,266.0,23.009
150269.SZ,20181029,0.984,0.984,0.987,0.984,0.986,0.002,0.2033,115010.74,11336.338
150270.SZ,20181029,0.821,0.741,0.745,0.739,0.739,-0.082,-9.9878,31778.0,2350.475
150272.SZ,20181029,0.9,0.92,0.96,0.9,0.92,0.02,2.2222,206.68,19.06
150273.SZ,20181029,0.96,0.96,0.96,0.958,0.958,-0.002,-0.2083,101.65,9.758
150274.SZ,20181029,1.073,0.966,1.049,0.966,1.049,-0.024,-2.2367,345.0,33.563
150275.SZ,20181029,0.961,0.961,0.963,0.961,0.961,0.0,0.0,2508.19,241.044
150276.SZ,20181029,0.938,0.92,0.92,0.9,0.916,-0.022,-2.3454,632.1,57.178
150277.SZ,20181029,0.958,0.946,0.956,0.946,0.956,-0.002,-0.2088,1155.27,109.723
150278.SZ,20181029,0.622,0.621,0.621,0.62,0.62,-0.002,-0.3215,1646.0,102.211
150281.SZ,20181029,0.999,0.999,0.999,0.999,0.999,0.0,0.0,2110.0,210.789
150282.SZ,20181029,0.512,0.464,0.537,0.464,0.537,0.025,4.8828,377.0,17.594
150283.SZ,20181029,0.964,0.964,0.966,0.964,0.965,0.001,0.1037,3126.2,301.575
150284.SZ,20181029,0.519,0.52,0.52,0.467,0.499,-0.02,-3.8536,54.02,2.602
150287.SZ,20181029,1.013,1.011,1.014,1.011,1.012,-0.001,-0.0987,61914.89,6266.668
150288.SZ,20181029,0.446,0.438,0.442,0.402,0.416,-0.03,-6.7265,152380.46,6446.448
150289.SZ,20181029,0.986,0.985,0.987,0.985,0.986,0.0,0.0,9846.0,970.226
150290.SZ,20181029,0.846,0.832,0.842,0.789,0.794,-0.052,-6.1466,118753.25,9667.11
150291.SZ,20181029,1.013,1.02,1.02,1.011,1.013,0.0,0.0,3363.0,340.115
150292.SZ,20181029,0.72,0.733,0.733,0.655,0.685,-0.035,-4.8611,657.0,44.853
150293.SZ,20181029,1.013,1.014,1.015,1.014,1.014,0.001,0.0987,560.0,56.81
150295.SZ,20181029,0.998,0.997,1.001,0.997,1.001,0.003,0.3006,761.48,76.144
150296.SZ,20181029,0.735,0.808,0.808,0.662,0.662,-0.073,-9.932,429.0,28.414
150299.SZ,20181029,1.011,1.012,1.012,1.01,1.011,0.0,0.0,18157.12,1835.191
150300.SZ,20181029,0.663,0.66,0.677,0.634,0.644,-0.019,-2.8658,43098.0,2785.767
150301.SZ,20181029,0.965,0.966,0.966,0.966,0.966,0.001,0.1036,120.0,11.592
150302.SZ,20181029,1.331,1.461,1.461,1.281,1.299,-0.032,-2.4042,44.88,5.796
150303.SZ,20181029,0.977,0.978,0.978,0.975,0.976,-0.001,-0.1024,3825.05,373.349
150304.SZ,20181029,0.712,0.712,0.722,0.693,0.694,-0.018,-2.5281,35280.87,2493.208
150306.SZ,20181029,0.91,0.833,0.909,0.831,0.909,-0.001,-0.1099,38.48,3.486
150308.SZ,20181029,0.863,0.8,0.826,0.8,0.826,-0.037,-4.2874,0.37,0.03
150310.SZ,20181029,0.933,0.944,0.944,0.944,0.944,0.011,1.179,1.0,0.094
150312.SZ,20181029,0.95,0.855,0.855,0.855,0.855,-0.095,-10.0,453.0,38.731
150315.SZ,20181029,0.947,0.951,0.953,0.951,0.953,0.006,0.6336,129.0,12.284
150316.SZ,20181029,0.849,0.83,0.848,0.789,0.792,-0.057,-6.7138,339.0,27.171
150321.SZ,20181029,1.066,1.064,1.064,1.064,1.064,-0.002,-0.1876,500.0,53.2
150322.SZ,20181029,0.808,0.808,0.808,0.776,0.776,-0.032,-3.9604,1447.0,114.084
150325.SZ,20181029,0.965,0.964,0.964,0.964,0.964,-0.001,-0.1036,700.0,67.48
150329.SZ,20181029,0.982,0.982,0.984,0.981,0.982,0.0,0.0,1878.0,184.748
150330.SZ,20181029,1.389,1.395,1.395,1.293,1.301,-0.088,-6.3355,12144.0,1611.922
150335.SZ,20181029,1.013,1.013,1.013,1.013,1.013,0.0,0.0,201.85,20.447
150336.SZ,20181029,0.471,0.44,0.478,0.44,0.471,0.0,0.0,529.06,23.662
159001.SZ,20181029,100.0,99.999,100.001,99.999,100.001,0.001,0.001,1010560.79,10105607.799
159003.SZ,20181029,100.0,99.999,100.001,99.995,99.997,-0.003,-0.003,52204.5,522040.589
159005.SZ,20181029,100.0,100.0,100.001,99.999,100.001,0.001,0.001,26845.42,268454.228
159901.SZ,20181029,3.483,3.475,3.476,3.367,3.38,-0.103,-2.9572,193172.6,65869.926
159902.SZ,20181029,2.429,2.422,2.432,2.366,2.369,-0.06,-2.4702,144339.57,34516.705
159903.SZ,20181029,0.816,0.82,0.82,0.795,0.805,-0.011,-1.348,27317.78,2188.679
159905.SZ,20181029,1.312,1.311,1.311,1.248,1.253,-0.059,-4.497,101049.0,12864.041
159906.SZ,20181029,0.783,0.774,0.861,0.774,0.859,0.076,9.7063,878.02,74.662
159907.SZ,20181029,0.982,0.951,0.974,0.951,0.965,-0.017,-1.7312,914.0,87.857
159908.SZ,20181029,1.298,1.172,1.24,1.172,1.24,-0.058,-4.4684,472.0,55.659
159909.SZ,20181029,3.332,3.3,3.335,3.3,3.311,-0.021,-0.6303,62.0,20.575
159910.SZ,20181029,1.394,1.384,1.384,1.352,1.359,-0.035,-2.5108,62070.0,8460.528
159911.SZ,20181029,3.003,2.951,2.954,2.951,2.954,-0.049,-1.6317,11.0,3.248
159912.SZ,20181029,1.017,1.005,1.006,1.005,1.006,-0.011,-1.0816,658.0,66.145
159913.SZ,20181029,1.372,1.342,1.35,1.328,1.33,-0.042,-3.0612,220.0,29.369
159915.SZ,20181029,1.203,1.205,1.213,1.188,1.192,-0.011,-0.9144,8231477.55,989255.712
159916.SZ,20181029,3.015,2.955,3.018,2.939,2.949,-0.066,-2.1891,575.0,170.413
159918.SZ,20181029,1.15,1.126,1.139,1.12,1.121,-0.029,-2.5217,60.0,6.764
159919.SZ,20181029,3.51,3.5,3.51,3.385,3.407,-0.103,-2.9345,258587.0,88753.184
159920.SZ,20181029,1.337,1.34,1.343,1.328,1.331,-0.006,-0.4488,1425679.64,190002.919
159922.SZ,20181029,4.41,4.411,4.495,4.32,4.34,-0.07,-1.5873,5743.0,2513.61
159923.SZ,20181029,1.445,1.45,1.45,1.419,1.42,-0.025,-1.7301,1162.0,165.661
159925.SZ,20181029,1.348,1.34,1.348,1.301,1.323,-0.025,-1.8546,2090.79,276.02
159926.SZ,20181029,110.8,110.8,111.0,110.8,110.9,0.1,0.0903,2.0,22.18
159928.SZ,20181029,1.83,1.796,1.8,1.651,1.664,-0.166,-9.071,76367.0,12949.581
159929.SZ,20181029,1.272,1.272,1.275,1.247,1.256,-0.016,-1.2579,6732.0,845.827
159930.SZ,20181029,0.762,0.757,0.773,0.757,0.77,0.008,1.0499,799.0,60.851
159931.SZ,20181029,1.474,1.474,1.474,1.42,1.47,-0.004,-0.2714,952.0,136.201
159932.SZ,20181029,1.365,1.36,1.36,1.229,1.354,-0.011,-0.8059,5331.0,657.806
159934.SZ,20181029,2.742,2.74,2.744,2.737,2.738,-0.004,-0.1459,83675.0,22938.625
159936.SZ,20181029,1.095,1.088,1.088,1.06,1.06,-0.035,-3.1963,432.0,46.656
159937.SZ,20181029,2.758,2.758,2.761,2.754,2.754,-0.004,-0.145,210096.0,57957.238
159938.SZ,20181029,1.077,1.077,1.096,1.047,1.054,-0.023,-2.1356,154855.59,16342.778
159939.SZ,20181029,0.74,0.734,0.744,0.727,0.732,-0.008,-1.0811,23082.0,1692.66
159940.SZ,20181029,0.837,0.831,0.833,0.813,0.826,-0.011,-1.3142,1008.0,83.199
159941.SZ,20181029,1.556,1.556,1.566,1.547,1.556,0.0,0.0,3449.0,536.723
159942.SZ,20181029,1.349,1.3,1.4,1.273,1.28,-0.069,-5.1149,6657.58,862.558
159943.SZ,20181029,8.16,7.967,7.999,7.821,7.841,-0.319,-3.9093,166.31,131.464
159944.SZ,20181029,0.643,0.637,0.637,0.629,0.63,-0.013,-2.0218,36.0,2.291
159945.SZ,20181029,0.669,0.66,0.665,0.631,0.66,-0.009,-1.3453,715.0,46.562
159946.SZ,20181029,0.999,0.962,0.993,0.934,0.934,-0.065,-6.5065,521.62,49.812
159948.SZ,20181029,1.318,1.323,1.324,1.298,1.304,-0.014,-1.0622,15494.0,2026.722
159949.SZ,20181029,0.447,0.446,0.451,0.439,0.443,-0.004,-0.8949,10488159.17,467509.763
159950.SZ,20181029,0.744,0.738,0.742,0.727,0.728,-0.016,-2.1505,1359.0,99.487
159951.SZ,20181029,0.659,0.655,0.655,0.655,0.655,-0.004,-0.607,100.0,6.55
159952.SZ,20181029,0.727,0.727,0.733,0.716,0.719,-0.008,-1.1004,513710.0,37209.84
159953.SZ,20181029,0.617,0.612,0.614,0.607,0.607,-0.01,-1.6207,197.0,12.017
159954.SZ,20181029,0.921,0.925,0.925,0.91,0.912,-0.009,-0.9772,37054.01,3391.88
159955.SZ,20181029,0.683,0.684,0.686,0.674,0.674,-0.009,-1.3177,8204.0,556.176
159956.SZ,20181029,0.711,0.711,0.723,0.701,0.705,-0.006,-0.8439,1287.14,92.241
159957.SZ,20181029,0.74,0.74,0.746,0.735,0.736,-0.004,-0.5405,4598.0,341.401
159958.SZ,20181029,0.733,0.729,0.736,0.723,0.729,-0.004,-0.5457,47586.0,3473.811
159960.SZ,20181029,0.937,0.937,0.94,0.927,0.929,-0.008,-0.8538,2550.0,238.917
160105.SZ,20181029,0.821,0.821,0.821,0.812,0.812,-0.009,-1.0962,74.0,6.068
160106.SZ,20181029,0.861,0.848,0.855,0.848,0.848,-0.013,-1.5099,2078.69,176.568
160119.SZ,20181029,1.08,1.08,1.08,1.061,1.062,-0.018,-1.6667,3958.19,422.794
160125.SZ,20181029,0.915,0.935,0.935,0.871,0.926,0.011,1.2022,14.0,1.289
160128.SZ,20181029,0.999,1.0,1.0,0.987,0.987,-0.012,-1.2012,442.0,44.11
160130.SZ,20181029,0.937,0.939,0.939,0.939,0.939,0.002,0.2134,4.0,0.375
160131.SZ,20181029,1.031,1.031,1.035,1.031,1.035,0.004,0.388,247.0,25.522
160133.SZ,20181029,1.894,1.882,1.882,1.824,1.824,-0.07,-3.6959,773.0,142.077
160138.SZ,20181029,1.011,1.001,1.001,0.975,0.975,-0.036,-3.5608,425.29,41.537
160140.SZ,20181029,1.013,1.006,1.016,1.006,1.012,-0.001,-0.0987,465.0,47.034
160211.SZ,20181029,1.693,1.702,1.702,1.642,1.67,-0.023,-1.3585,923.0,155.051
160212.SZ,20181029,1.709,1.693,1.712,1.66,1.672,-0.037,-2.165,3249.92,543.321
160215.SZ,20181029,1.139,1.123,1.123,1.109,1.112,-0.027,-2.3705,701.0,78.059
160216.SZ,20181029,0.564,0.567,0.571,0.566,0.571,0.007,1.2411,26151.6,1489.112
160223.SZ,20181029,0.606,0.606,0.617,0.598,0.599,-0.007,-1.1551,138.0,8.283
160225.SZ,20181029,0.68,0.679,0.689,0.666,0.667,-0.013,-1.9118,1500.79,100.999
160311.SZ,20181029,1.323,1.323,1.323,1.29,1.29,-0.033,-2.4943,382.19,49.475
160314.SZ,20181029,0.831,0.845,0.845,0.81,0.81,-0.021,-2.5271,425.0,34.591
160323.SZ,20181029,0.997,0.928,0.928,0.928,0.928,-0.069,-6.9208,2.0,0.185
160324.SZ,20181029,0.777,0.752,0.752,0.752,0.752,-0.025,-3.2175,47.0,3.534
160416.SZ,20181029,1.043,1.046,1.05,1.043,1.048,0.005,0.4794,1483.0,155.45
160421.SZ,20181029,0.803,0.771,0.829,0.761,0.762,-0.041,-5.1059,26165.45,2007.139
160422.SZ,20181029,0.696,0.736,0.736,0.735,0.735,0.039,5.6034,118.0,8.684
160505.SZ,20181029,1.292,1.29,1.29,1.262,1.267,-0.025,-1.935,17899.18,2276.115
160512.SZ,20181029,1.421,1.396,1.396,1.382,1.391,-0.03,-2.1112,7.0,0.971
160515.SZ,20181029,1.025,1.025,1.028,1.025,1.028,0.003,0.2927,2169.9,222.677
160518.SZ,20181029,0.858,0.877,0.877,0.846,0.866,0.008,0.9324,1273.0,107.919
160519.SZ,20181029,0.747,0.74,0.74,0.74,0.74,-0.007,-0.9371,150.0,11.1
160520.SZ,20181029,0.912,0.913,0.913,0.908,0.908,-0.004,-0.4386,306.0,27.934
160607.SZ,20181029,0.584,0.583,0.583,0.574,0.576,-0.008,-1.3699,1656.2,95.438
160610.SZ,20181029,0.803,0.79,0.802,0.785,0.791,-0.012,-1.4944,597.43,47.157
160615.SZ,20181029,1.316,1.308,1.312,1.296,1.297,-0.019,-1.4438,109.0,14.232
160616.SZ,20181029,0.946,0.938,0.938,0.923,0.924,-0.022,-2.3256,281.01,26.058
160618.SZ,20181029,1.217,1.225,1.225,1.225,1.225,0.008,0.6574,200.0,24.5
160621.SZ,20181029,1.056,1.071,1.071,1.071,1.071,0.015,1.4205,4.0,0.428
160635.SZ,20181029,0.868,0.868,0.871,0.854,0.854,-0.014,-1.6129,496.11,42.528
160643.SZ,20181029,0.71,0.7,0.7,0.689,0.689,-0.021,-2.9577,186.0,12.914
160706.SZ,20181029,0.92,0.92,0.921,0.9,0.904,-0.016,-1.7391,53347.47,4833.815
160716.SZ,20181029,1.451,1.475,1.48,1.415,1.425,-0.026,-1.7919,4089.59,584.94
160717.SZ,20181029,0.775,0.773,0.773,0.761,0.769,-0.006,-0.7742,238.0,18.321
160719.SZ,20181029,0.698,0.698,0.702,0.696,0.7,0.002,0.2865,3908.0,272.434
160723.SZ,20181029,1.358,1.43,1.43,1.37,1.39,0.032,2.3564,12786.76,1782.79
160805.SZ,20181029,0.646,0.647,0.706,0.632,0.639,-0.007,-1.0836,352.0,23.099
160806.SZ,20181029,1.145,1.137,1.137,1.116,1.119,-0.026,-2.2707,23.54,2.649
160807.SZ,20181029,1.064,1.056,1.056,1.047,1.047,-0.017,-1.5977,4.0,0.42
160812.SZ,20181029,1.244,1.261,1.285,1.25,1.25,0.006,0.4823,1278.0,162.827
160813.SZ,20181029,0.66,0.655,0.655,0.648,0.648,-0.012,-1.8182,388.0,25.234
160910.SZ,20181029,0.925,0.889,0.889,0.85,0.85,-0.075,-8.1081,249.27,21.723
160916.SZ,20181029,2.367,2.36,2.36,2.31,2.323,-0.044,-1.8589,1417.0,328.342
160918.SZ,20181029,1.775,1.718,1.762,1.715,1.762,-0.013,-0.7324,113.0,19.414
160919.SZ,20181029,0.926,0.939,0.939,0.91,0.938,0.012,1.2959,715.0,65.261
161005.SZ,20181029,1.575,1.555,1.555,1.52,1.527,-0.048,-3.0476,7329.0,1125.501
161010.SZ,20181029,1.004,1.0,1.0,0.995,0.995,-0.009,-0.8964,4986.0,497.219
161014.SZ,20181029,1.1,1.106,1.113,1.106,1.111,0.011,1.0,3395.0,377.689
161015.SZ,20181029,0.962,0.966,0.966,0.966,0.966,0.004,0.4158,10.0,0.966
161017.SZ,20181029,1.666,1.668,1.668,1.628,1.634,-0.032,-1.9208,3035.17,498.055
161019.SZ,20181029,0.934,0.934,0.935,0.934,0.935,0.001,0.1071,2310.0,215.814
161033.SZ,20181029,0.688,0.694,0.694,0.688,0.688,0.0,0.0,1044.0,71.835
161035.SZ,20181029,0.822,0.801,0.804,0.793,0.8,-0.022,-2.6764,203.66,16.288
161036.SZ,20181029,0.544,0.535,0.535,0.535,0.535,-0.009,-1.6544,9.0,0.481
161037.SZ,20181029,0.795,0.829,0.829,0.783,0.783,-0.012,-1.5094,18.0,1.445
161039.SZ,20181029,0.843,0.838,0.838,0.838,0.838,-0.005,-0.5931,54.0,4.525
161116.SZ,20181029,0.708,0.704,0.711,0.704,0.708,0.0,0.0,1448.0,102.399
161124.SZ,20181029,1.117,1.008,1.018,1.005,1.016,-0.101,-9.0421,285.96,28.953
161125.SZ,20181029,1.17,1.169,1.171,1.155,1.166,-0.004,-0.3419,9644.42,1117.3
161126.SZ,20181029,1.193,1.237,1.237,1.18,1.185,-0.008,-0.6706,2711.0,321.076
161127.SZ,20181029,1.195,1.202,1.212,1.193,1.204,0.009,0.7531,4388.89,527.313
161128.SZ,20181029,1.355,1.342,1.35,1.342,1.35,-0.005,-0.369,5039.71,678.402
161129.SZ,20181029,1.321,1.327,1.45,1.327,1.347,0.026,1.9682,11145.15,1508.24
161130.SZ,20181029,1.18,1.168,1.168,1.165,1.168,-0.012,-1.0169,1451.0,169.456
161213.SZ,20181029,1.239,1.216,1.216,1.216,1.216,-0.023,-1.8563,2.0,0.243
161217.SZ,20181029,0.601,0.593,0.597,0.593,0.597,-0.004,-0.6656,5.0,0.298
161219.SZ,20181029,1.113,1.101,1.101,1.101,1.101,-0.012,-1.0782,1.0,0.11
161224.SZ,20181029,0.796,0.806,0.806,0.8,0.8,0.004,0.5025,13.0,1.041
161225.SZ,20181029,0.942,0.942,0.945,0.922,0.923,-0.019,-2.017,390.06,36.402
161226.SZ,20181029,0.767,0.769,0.769,0.766,0.766,-0.001,-0.1304,14616.0,1120.672
161227.SZ,20181029,0.748,0.748,0.754,0.728,0.733,-0.015,-2.0053,2522.6,185.078
161232.SZ,20181029,0.54,0.525,0.525,0.525,0.525,-0.015,-2.7778,187.05,9.82
161607.SZ,20181029,1.014,1.011,1.011,0.99,0.99,-0.024,-2.3669,154.0,15.471
161610.SZ,20181029,0.821,0.808,0.829,0.808,0.809,-0.012,-1.4616,256.0,20.785
161631.SZ,20181029,0.718,0.718,0.722,0.708,0.71,-0.008,-1.1142,8179.13,583.825
161706.SZ,20181029,1.29,1.28,1.3,1.232,1.257,-0.033,-2.5581,1018.4,126.131
161713.SZ,20181029,1.027,1.02,1.042,1.02,1.04,0.013,1.2658,158.0,16.419
161714.SZ,20181029,0.929,0.928,0.935,0.92,0.929,0.0,0.0,61.0,5.673
161715.SZ,20181029,0.741,0.735,0.735,0.732,0.732,-0.009,-1.2146,92.0,6.76
161716.SZ,20181029,1.187,1.185,1.192,1.185,1.187,0.0,0.0,3.0,0.356
161722.SZ,20181029,0.971,0.971,0.999,0.971,0.994,0.023,2.3687,29.0,2.882
161810.SZ,20181029,1.053,1.055,1.055,1.037,1.039,-0.014,-1.3295,53.0,5.528
161815.SZ,20181029,0.506,0.51,0.512,0.503,0.507,0.001,0.1976,798.0,40.558
161820.SZ,20181029,1.109,1.102,1.129,1.102,1.129,0.02,1.8034,307.0,34.642
161831.SZ,20181029,0.952,0.998,0.998,0.945,0.945,-0.007,-0.7353,54.0,5.368
161834.SZ,20181029,0.683,0.681,0.684,0.679,0.68,-0.003,-0.4392,22388.0,1525.184
161835.SZ,20181029,1.038,1.039,1.039,1.039,1.039,0.001,0.0963,219.0,22.754
161903.SZ,20181029,0.674,0.663,0.663,0.66,0.66,-0.014,-2.0772,197.0,13.004
161907.SZ,20181029,1.425,1.406,1.406,1.406,1.406,-0.019,-1.3333,1.0,0.14
161911.SZ,20181029,1.02,1.02,1.025,1.019,1.025,0.005,0.4902,19882.0,2031.329
162006.SZ,20181029,0.98,0.966,0.972,0.95,0.952,-0.028,-2.8571,789.98,75.5
162105.SZ,20181029,1.108,0.997,1.153,0.997,1.103,-0.005,-0.4513,519.56,52.76
162108.SZ,20181029,1.154,1.089,1.156,1.089,1.156,0.002,0.1733,1703.0,185.476
162207.SZ,20181029,1.06,1.046,1.046,1.029,1.037,-0.023,-2.1698,143.0,14.823
162411.SZ,20181029,0.633,0.628,0.632,0.624,0.625,-0.008,-1.2638,183212.0,11508.84
162414.SZ,20181029,1.106,1.101,1.101,1.101,1.101,-0.005,-0.4521,4.0,0.44
162415.SZ,20181029,1.373,1.371,1.371,1.347,1.358,-0.015,-1.0925,18017.58,2442.827
162416.SZ,20181029,0.915,0.911,0.911,0.911,0.911,-0.004,-0.4372,10.0,0.911
162605.SZ,20181029,1.079,1.055,1.055,1.015,1.016,-0.063,-5.8387,64063.18,6571.249
162607.SZ,20181029,0.398,0.39,0.392,0.382,0.383,-0.015,-3.7688,6484.0,249.716
162703.SZ,20181029,1.052,1.058,1.058,1.025,1.027,-0.025,-2.3764,2567.24,266.453
162711.SZ,20181029,0.939,0.935,0.936,0.926,0.926,-0.013,-1.3845,296.0,27.65
162715.SZ,20181029,1.126,1.121,1.121,1.121,1.121,-0.005,-0.444,1.0,0.112
162719.SZ,20181029,1.072,1.073,1.092,1.06,1.082,0.01,0.9328,3118.87,337.042
163001.SZ,20181029,0.776,0.753,0.753,0.753,0.753,-0.023,-2.9639,16.0,1.204
163110.SZ,20181029,1.456,1.44,1.444,1.42,1.444,-0.012,-0.8242,259.0,36.811
163111.SZ,20181029,0.781,0.763,0.763,0.761,0.761,-0.02,-2.5608,361.0,27.474
163119.SZ,20181029,0.664,0.65,0.721,0.65,0.721,0.057,8.5843,20.0,1.314
163208.SZ,20181029,0.91,0.91,0.917,0.894,0.915,0.005,0.5495,135.0,12.169
163210.SZ,20181029,1.114,1.114,1.119,1.114,1.119,0.005,0.4488,13187.19,1473.969
163302.SZ,20181029,1.01,0.991,0.991,0.972,0.972,-0.038,-3.7624,618.0,60.578
163402.SZ,20181029,0.599,0.592,0.596,0.584,0.585,-0.014,-2.3372,50380.82,2968.945
163407.SZ,20181029,1.617,1.61,1.61,1.57,1.571,-0.046,-2.8448,4122.16,653.242
163412.SZ,20181029,2.818,2.82,2.82,2.738,2.75,-0.068,-2.4131,5882.52,1627.013
163415.SZ,20181029,1.306,1.296,1.3,1.29,1.291,-0.015,-1.1485,178.0,23.093
163417.SZ,20181029,0.802,0.799,0.799,0.778,0.779,-0.023,-2.8678,234527.54,18407.494
163503.SZ,20181029,0.393,0.391,0.395,0.37,0.382,-0.011,-2.799,2188.62,82.648
163801.SZ,20181029,1.143,1.145,1.198,1.122,1.144,0.001,0.0875,924.0,104.871
163819.SZ,20181029,1.036,1.0,1.0,1.0,1.0,-0.036,-3.4749,35.0,3.5
163824.SZ,20181029,1.002,1.006,1.006,1.006,1.006,0.004,0.3992,4.0,0.402
164206.SZ,20181029,1.15,1.119,1.119,1.119,1.119,-0.031,-2.6957,1.0,0.111
164403.SZ,20181029,0.939,0.903,0.903,0.903,0.903,-0.036,-3.8339,5.0,0.451
164701.SZ,20181029,0.596,0.592,0.597,0.592,0.595,-0.001,-0.1678,619.0,36.763
164705.SZ,20181029,1.19,1.129,1.129,1.072,1.1,-0.09,-7.563,51.0,5.613
164808.SZ,20181029,1.043,1.038,1.038,1.038,1.038,-0.005,-0.4794,2.0,0.207
164810.SZ,20181029,0.998,0.99,0.99,0.99,0.99,-0.008,-0.8016,119.0,11.781
164824.SZ,20181029,0.867,0.89,0.89,0.865,0.865,-0.002,-0.2307,255.0,22.068
164906.SZ,20181029,1.073,1.074,1.077,1.06,1.063,-0.01,-0.932,23732.88,2526.107
165309.SZ,20181029,1.026,1.01,1.01,1.0,1.0,-0.026,-2.5341,78.0,7.823
165313.SZ,20181029,1.128,1.126,1.14,1.108,1.108,-0.02,-1.773,819.0,93.255
165317.SZ,20181029,0.849,0.934,0.934,0.772,0.772,-0.077,-9.0695,2.0,0.17
165508.SZ,20181029,1.388,1.366,1.366,1.366,1.366,-0.022,-1.585,12.0,1.639
165510.SZ,20181029,0.712,0.683,0.725,0.683,0.713,0.001,0.1404,3143.0,221.46
165513.SZ,20181029,0.475,0.475,0.48,0.474,0.48,0.005,1.0526,1945.0,92.895
165516.SZ,20181029,1.516,1.503,1.503,1.483,1.483,-0.033,-2.1768,31.0,4.625
165517.SZ,20181029,0.783,0.785,0.792,0.785,0.79,0.007,0.894,24.0,1.896
165525.SZ,20181029,0.757,0.75,0.753,0.744,0.744,-0.013,-1.7173,648.01,48.562
165528.SZ,20181029,0.742,0.753,0.753,0.745,0.752,0.01,1.3477,2490.0,186.305
166001.SZ,20181029,0.863,0.851,0.852,0.84,0.84,-0.023,-2.6651,694.0,58.428
166006.SZ,20181029,0.907,0.902,0.902,0.88,0.881,-0.026,-2.8666,14263.0,1259.609
166008.SZ,20181029,1.041,1.05,1.05,1.05,1.05,0.009,0.8646,194.0,20.37
166009.SZ,20181029,1.356,1.341,1.341,1.306,1.306,-0.05,-3.6873,67.0,8.791
166011.SZ,20181029,1.048,1.099,1.099,1.027,1.027,-0.021,-2.0038,43.0,4.57
166012.SZ,20181029,1.063,1.06,1.06,1.06,1.06,-0.003,-0.2822,3.0,0.318
166024.SZ,20181029,0.774,0.773,0.775,0.755,0.758,-0.016,-2.0672,10920.01,833.39
166402.SZ,20181029,0.991,0.98,1.038,0.98,1.038,0.047,4.7427,93.0,9.636
166902.SZ,20181029,1.018,1.068,1.068,1.019,1.019,0.001,0.0982,1810.0,189.339
166904.SZ,20181029,1.04,1.03,1.03,1.03,1.03,-0.01,-0.9615,2.0,0.206
167001.SZ,20181029,0.614,0.602,0.602,0.598,0.598,-0.016,-2.6059,2993.0,179.364
167002.SZ,20181029,0.866,0.779,0.783,0.779,0.783,-0.083,-9.5843,35.0,2.726
167003.SZ,20181029,1.002,1.003,1.003,0.997,0.997,-0.005,-0.499,2595.0,260.267
167501.SZ,20181029,1.205,1.205,1.206,1.205,1.206,0.001,0.083,3093.0,372.949
168002.SZ,20181029,0.858,0.896,0.928,0.896,0.92,0.062,7.2261,32.0,2.929
168101.SZ,20181029,0.747,0.731,0.744,0.731,0.744,-0.003,-0.4016,430.0,31.441
168102.SZ,20181029,0.67,0.661,0.662,0.66,0.661,-0.009,-1.3433,2437.0,160.977
168103.SZ,20181029,0.633,0.633,0.633,0.623,0.624,-0.009,-1.4218,23066.55,1444.458
168105.SZ,20181029,0.644,0.637,0.641,0.635,0.635,-0.009,-1.3975,885.01,56.422
168301.SZ,20181029,0.756,0.825,0.825,0.805,0.806,0.05,6.6138,1121.01,90.449
168401.SZ,20181029,0.958,0.958,0.958,0.958,0.958,0.0,0.0,1.0,0.095
169101.SZ,20181029,1.202,1.196,1.196,1.165,1.167,-0.035,-2.9118,35983.9,4222.895
169102.SZ,20181029,1.023,1.019,1.019,0.979,0.98,-0.043,-4.2033,4825.0,477.01
169103.SZ,20181029,1.115,1.113,1.113,1.078,1.078,-0.037,-3.3184,2239.0,243.66
169104.SZ,20181029,1.032,1.002,1.002,0.984,0.999,-0.033,-3.1977,491.0,48.626
169105.SZ,20181029,1.136,1.125,1.125,1.087,1.092,-0.044,-3.8732,47922.89,5262.771
169106.SZ,20181029,0.92,0.916,0.926,0.915,0.918,-0.002,-0.2174,402.59,36.986
169201.SZ,20181029,0.96,0.874,0.967,0.874,0.967,0.007,0.7292,1877.0,178.112
184801.SZ,20181029,90.5,90.1,90.599,90.1,90.217,-0.283,-0.3127,23.75,214.316
501000.SH,20181029,0.956,0.912,0.967,0.912,0.967,0.011,1.1506,14.0,1.332
501001.SH,20181029,0.965,0.965,0.965,0.935,0.952,-0.013,-1.3472,1547.0,147.725
501002.SH,20181029,0.566,0.561,0.561,0.561,0.561,-0.005,-0.8834,152.0,8.527
501005.SH,20181029,0.688,0.682,0.688,0.676,0.677,-0.011,-1.5988,1473.0,100.863
501007.SH,20181029,0.757,0.833,0.833,0.75,0.75,-0.007,-0.9247,170.92,13.164
501009.SH,20181029,0.891,0.891,0.924,0.863,0.904,0.013,1.459,410.48,36.261
501010.SH,20181029,0.884,0.884,0.884,0.862,0.862,-0.022,-2.4887,15.0,1.315
501011.SH,20181029,0.756,0.74,0.748,0.74,0.743,-0.013,-1.7196,307.0,22.786
501012.SH,20181029,0.74,0.74,0.745,0.74,0.745,0.005,0.6757,106.0,7.845
501015.SH,20181029,0.757,0.742,0.742,0.732,0.734,-0.023,-3.0383,4142.46,304.874
501016.SH,20181029,0.744,0.744,0.78,0.723,0.745,0.001,0.1344,5564.0,414.449
501017.SH,20181029,0.768,0.76,0.76,0.76,0.76,-0.008,-1.0417,0.49,0.037
501018.SH,20181029,1.294,1.317,1.317,1.297,1.304,0.01,0.7728,20463.13,2671.33
501019.SH,20181029,0.611,0.611,0.611,0.597,0.606,-0.005,-0.8183,973.0,58.957
501021.SH,20181029,1.201,1.193,1.193,1.178,1.18,-0.021,-1.7485,2346.0,278.56
501022.SH,20181029,0.759,0.756,0.758,0.755,0.755,-0.004,-0.527,3457.0,261.527
501025.SH,20181029,1.02,1.024,1.025,1.023,1.023,0.003,0.2941,52.0,5.32
501026.SH,20181029,0.682,0.677,0.677,0.677,0.677,-0.005,-0.7331,190.32,12.885
501028.SH,20181029,0.71,0.709,0.709,0.703,0.705,-0.005,-0.7042,10189.0,719.178
501029.SH,20181029,0.849,0.85,0.852,0.836,0.84,-0.009,-1.0601,77336.21,6524.623
501030.SH,20181029,0.514,0.513,0.513,0.5,0.5,-0.014,-2.7237,40.0,2.026
501031.SH,20181029,0.496,0.498,0.501,0.498,0.5,0.004,0.8065,306.0,15.261
501036.SH,20181029,0.67,0.65,0.71,0.65,0.66,-0.01,-1.4925,295.85,19.352
501038.SH,20181029,0.897,0.873,0.873,0.838,0.841,-0.056,-6.243,44595.33,3792.963
501039.SH,20181029,0.992,0.992,0.992,0.992,0.992,0.0,0.0,128.0,12.698
501043.SH,20181029,0.877,0.877,0.877,0.857,0.876,-0.001,-0.114,1906.18,164.401
501045.SH,20181029,0.878,0.875,0.876,0.875,0.876,-0.002,-0.2278,190.0,16.635
501046.SH,20181029,0.788,0.771,0.775,0.771,0.775,-0.013,-1.6497,1882.65,145.635
501047.SH,20181029,0.739,0.721,0.721,0.721,0.721,-0.018,-2.4357,6.0,0.433
501048.SH,20181029,0.732,0.737,0.737,0.731,0.731,-0.001,-0.1366,160.0,11.706
501049.SH,20181029,0.816,0.816,0.816,0.797,0.799,-0.017,-2.0833,2759.69,221.565
501050.SH,20181029,1.1,1.103,1.103,1.069,1.074,-0.026,-2.3636,37187.78,4003.595
501051.SH,20181029,0.806,0.806,0.806,0.773,0.797,-0.009,-1.1166,392.0,30.469
501053.SH,20181029,0.917,0.91,0.915,0.91,0.915,-0.002,-0.2181,682.87,62.325
501054.SH,20181029,0.779,0.773,0.777,0.756,0.759,-0.02,-2.5674,60462.68,4628.418
501057.SH,20181029,0.778,0.763,0.765,0.733,0.736,-0.042,-5.3985,187.03,13.736
501058.SH,20181029,0.762,0.776,0.776,0.739,0.751,-0.011,-1.4436,557.0,42.096
501059.SH,20181029,1.001,1.041,1.041,1.04,1.04,0.039,3.8961,5.0,0.52
501060.SH,20181029,0.968,0.958,0.958,0.92,0.936,-0.032,-3.3058,26307.0,2482.839
501061.SH,20181029,0.976,0.964,0.964,0.936,0.936,-0.04,-4.0984,9736.0,926.144
501106.SH,20181029,1.047,1.04,1.04,1.04,1.04,-0.007,-0.6686,0.96,0.1
501300.SH,20181029,1.01,1.005,1.012,1.005,1.012,0.002,0.198,11472.0,1156.342
501301.SH,20181029,1.094,1.098,1.098,1.05,1.059,-0.035,-3.1993,582.0,61.894
501302.SH,20181029,1.01,0.951,0.951,0.951,0.951,-0.059,-5.8416,146.0,13.885
502000.SH,20181029,0.735,0.725,0.725,0.725,0.725,-0.01,-1.3605,9.0,0.653
502003.SH,20181029,1.007,0.996,1.001,0.992,0.994,-0.013,-1.291,2500.0,249.335
502004.SH,20181029,0.947,0.948,0.948,0.946,0.947,0.0,0.0,19002.44,1799.391
502005.SH,20181029,1.07,1.07,1.07,1.03,1.039,-0.031,-2.8972,5370.67,559.105
502006.SH,20181029,0.823,0.814,0.828,0.804,0.804,-0.019,-2.3086,804.0,64.815
502007.SH,20181029,0.961,0.961,0.961,0.961,0.961,0.0,0.0,684.0,65.732
502008.SH,20181029,0.68,0.68,0.68,0.66,0.66,-0.02,-2.9412,605.0,40.028
502010.SH,20181029,0.799,0.799,0.809,0.785,0.789,-0.01,-1.2516,14972.88,1186.98
502011.SH,20181029,0.961,0.959,0.961,0.959,0.961,0.0,0.0,13584.5,1304.234
502012.SH,20181029,0.656,0.644,0.663,0.608,0.622,-0.034,-5.1829,28084.42,1772.72
502013.SH,20181029,0.99,0.985,0.99,0.978,0.978,-0.012,-1.2121,8285.53,814.81
502014.SH,20181029,0.955,0.957,0.957,0.954,0.954,-0.001,-0.1047,4785.83,457.673
502015.SH,20181029,1.033,1.01,1.043,0.984,0.998,-0.035,-3.3882,3397.43,340.691
502020.SH,20181029,0.872,0.849,0.878,0.845,0.856,-0.016,-1.8349,15.0,1.28
502040.SH,20181029,1.04,1.038,1.038,1.008,1.008,-0.032,-3.0769,127.0,12.892
502048.SH,20181029,0.833,0.826,0.836,0.811,0.812,-0.021,-2.521,23793.6,1945.892
502049.SH,20181029,0.979,0.979,0.981,0.979,0.98,0.001,0.1021,151581.85,14856.152
502050.SH,20181029,0.688,0.683,0.688,0.638,0.647,-0.041,-5.9593,158309.72,10413.435
502053.SH,20181029,1.065,1.045,1.046,1.026,1.032,-0.033,-3.0986,1726.12,179.68
502054.SH,20181029,0.963,0.964,0.964,0.959,0.959,-0.004,-0.4154,1416.56,136.217
502055.SH,20181029,1.135,1.12,1.145,1.1,1.118,-0.017,-1.4978,820.0,90.944
502056.SH,20181029,0.879,0.879,0.939,0.84,0.926,0.047,5.347,64.0,5.729
502057.SH,20181029,1.002,1.003,1.01,1.003,1.01,0.008,0.7984,1165.66,117.476
502058.SH,20181029,0.76,0.779,0.779,0.72,0.72,-0.04,-5.2632,224.0,16.234
505888.SH,20181029,0.847,0.846,0.846,0.84,0.842,-0.005,-0.5903,372555.6,31429.136
510010.SH,20181029,1.027,1.02,1.02,0.99,0.99,-0.037,-3.6027,520.0,52.437
510020.SH,20181029,2.501,2.518,2.518,2.46,2.49,-0.011,-0.4398,326.0,80.991
510030.SH,20181029,4.72,4.72,4.72,4.652,4.656,-0.064,-1.3559,115.0,53.702
510050.SH,20181029,2.516,2.51,2.525,2.421,2.431,-0.085,-3.3784,13053057.26,3208841.956
510060.SH,20181029,1.709,1.724,1.724,1.692,1.71,0.001,0.0585,4187.0,718.364
510070.SH,20181029,1.382,1.39,1.39,1.371,1.39,0.008,0.5789,260.0,36.069
510090.SH,20181029,1.48,1.458,1.458,1.396,1.396,-0.084,-5.6757,31.0,4.451
510110.SH,20181029,3.215,3.2,3.203,3.2,3.202,-0.013,-0.4044,89.0,28.484
510130.SH,20181029,3.202,3.134,3.134,3.105,3.107,-0.095,-2.9669,360.0,111.812
510150.SH,20181029,3.919,3.844,3.844,3.695,3.708,-0.211,-5.384,7987.0,2989.797
510160.SH,20181029,0.493,0.488,0.493,0.481,0.484,-0.009,-1.8256,5947.0,288.472
510170.SH,20181029,1.522,1.556,1.557,1.556,1.557,0.035,2.2996,11.0,1.713
510180.SH,20181029,2.919,2.911,2.92,2.821,2.837,-0.082,-2.8092,290682.0,83292.592
510190.SH,20181029,2.833,2.833,2.833,2.746,2.808,-0.025,-0.8825,246.0,67.994
510210.SH,20181029,3.088,3.089,3.124,3.02,3.109,0.021,0.6801,763.0,237.145
510220.SH,20181029,3.304,3.279,3.291,3.2,3.218,-0.086,-2.6029,200.0,64.344
510230.SH,20181029,5.769,5.777,5.815,5.588,5.63,-0.139,-2.4094,192333.0,108573.624
510260.SH,20181029,0.927,0.936,0.937,0.918,0.934,0.007,0.7551,279.0,25.807
510270.SH,20181029,0.986,0.971,0.971,0.957,0.957,-0.029,-2.9412,124.0,11.912
510280.SH,20181029,1.6,1.546,1.549,1.518,1.519,-0.081,-5.0625,825.0,126.305
510290.SH,20181029,1.147,1.144,1.144,1.123,1.123,-0.024,-2.0924,552.0,62.394
510300.SH,20181029,3.228,3.219,3.226,3.11,3.131,-0.097,-3.005,4083248.67,1289984.523
510310.SH,20181029,1.375,1.376,1.395,1.338,1.338,-0.037,-2.6909,118766.0,16036.721
510330.SH,20181029,3.492,3.49,3.492,3.381,3.395,-0.097,-2.7778,2256223.05,768860.864
510360.SH,20181029,1.021,1.021,1.021,0.985,0.989,-0.032,-3.1342,68640.0,6843.789
510380.SH,20181029,0.794,0.783,0.783,0.771,0.771,-0.023,-2.8967,112.0,8.671
510390.SH,20181029,3.235,3.245,3.245,3.125,3.144,-0.091,-2.813,27352.62,8633.271
510410.SH,20181029,0.61,0.607,0.614,0.59,0.602,-0.008,-1.3115,2547.0,152.852
510440.SH,20181029,1.269,1.246,1.247,1.246,1.247,-0.022,-1.7336,14.0,1.745
510500.SH,20181029,4.494,4.503,4.505,4.412,4.44,-0.054,-1.2016,1180770.18,527168.187
510510.SH,20181029,1.196,1.198,1.206,1.17,1.176,-0.02,-1.6722,53558.0,6337.011
510560.SH,20181029,0.914,0.904,0.904,0.89,0.89,-0.024,-2.6258,11.0,0.983
510580.SH,20181029,4.4,4.3,4.399,4.194,4.194,-0.206,-4.6818,772.0,327.813
510590.SH,20181029,4.3,4.29,4.306,4.215,4.249,-0.051,-1.186,45541.09,19410.753
510600.SH,20181029,2.464,2.464,2.48,2.38,2.383,-0.081,-3.2873,5009.29,1210.135
510630.SH,20181029,1.904,1.89,1.89,1.715,1.757,-0.147,-7.7206,39220.0,6983.889
510650.SH,20181029,1.689,1.676,1.676,1.64,1.657,-0.032,-1.8946,212.0,34.975
510660.SH,20181029,1.548,1.524,1.524,1.497,1.503,-0.045,-2.907,2207.01,332.366
510680.SH,20181029,2.188,2.09,2.102,1.99,2.003,-0.185,-8.4552,51.0,10.462
510710.SH,20181029,2.688,2.714,2.717,2.581,2.598,-0.09,-3.3482,29653.0,7749.494
510800.SH,20181029,0.867,0.867,0.87,0.835,0.839,-0.028,-3.2295,86956.0,7359.475
510810.SH,20181029,0.78,0.789,0.79,0.768,0.778,-0.002,-0.2564,4268.0,330.056
510880.SH,20181029,2.625,2.625,2.631,2.562,2.574,-0.051,-1.9429,135269.0,35073.596
510900.SH,20181029,1.117,1.12,1.121,1.098,1.102,-0.015,-1.3429,8102082.0,897288.922
511010.SH,20181029,114.296,114.347,114.434,114.266,114.308,0.012,0.0105,19361.2,221318.019
511220.SH,20181029,93.4,93.452,93.54,93.422,93.505,0.105,0.1124,564.0,5272.891
511260.SH,20181029,103.183,102.878,103.195,102.878,103.195,0.012,0.0116,1130.0,11660.891
511290.SH,20181029,101.3,101.3,101.3,101.3,101.3,0.0,0.0,0.1,1.013
511600.SH,20181029,100.007,99.998,100.002,99.997,100.002,-0.005,-0.005,1309.08,13090.649
511620.SH,20181029,99.948,99.962,99.962,99.961,99.962,0.014,0.014,2.0,19.992
511650.SH,20181029,100.006,100.0,100.0,99.996,99.997,-0.009,-0.009,693.0,6929.794
511660.SH,20181029,100.023,100.008,100.013,100.007,100.01,-0.013,-0.013,128121.06,1281348.498
511670.SH,20181029,100.003,99.999,99.999,99.989,99.999,-0.004,-0.004,226.03,2260.135
511690.SH,20181029,100.004,99.994,100.009,99.994,100.005,0.001,0.001,43837.96,438369.94
511700.SH,20181029,100.009,99.996,100.007,99.996,100.005,-0.004,-0.004,546.3,5463.03
511770.SH,20181029,100.008,99.999,99.999,99.989,99.993,-0.015,-0.015,143.12,1431.075
511800.SH,20181029,100.004,99.991,99.999,99.991,99.999,-0.005,-0.005,656.5,6564.666
511810.SH,20181029,100.01,99.997,100.006,99.996,100.002,-0.008,-0.008,93756.07,937539.81
511820.SH,20181029,99.999,99.99,99.998,99.99,99.997,-0.002,-0.002,7284.2,72837.967
511830.SH,20181029,100.005,99.991,99.998,99.99,99.998,-0.007,-0.007,219.15,2191.415
511850.SH,20181029,100.03,100.01,100.026,100.008,100.021,-0.009,-0.009,21158.9,211625.28
511860.SH,20181029,100.003,99.989,99.999,99.989,99.996,-0.007,-0.007,777.8,7777.646
511880.SH,20181029,103.14,103.148,103.156,103.145,103.154,0.014,0.0136,838028.34,8644396.095
511900.SH,20181029,100.016,100.0,100.006,99.99,100.003,-0.013,-0.013,4747.26,47472.855
511910.SH,20181029,99.995,99.99,99.994,99.985,99.993,-0.002,-0.002,233.82,2337.966
511920.SH,20181029,100.0,99.991,100.008,99.991,100.008,0.008,0.008,10.32,103.199
511950.SH,20181029,99.995,99.995,99.999,99.983,99.999,0.004,0.004,2.3,22.999
511960.SH,20181029,99.992,99.992,99.996,99.992,99.993,0.001,0.001,63.01,630.054
511970.SH,20181029,99.991,99.987,99.992,99.986,99.991,0.0,0.0,44.09,440.859
511980.SH,20181029,99.995,99.989,99.995,99.989,99.994,-0.001,-0.001,14273.08,142720.21
511990.SH,20181029,100.025,100.011,100.015,100.007,100.01,-0.015,-0.015,965714.08,9658216.687
512000.SH,20181029,0.692,0.695,0.705,0.68,0.688,-0.004,-0.578,619478.11,43073.934
512010.SH,20181029,1.455,1.451,1.451,1.402,1.411,-0.044,-3.0241,84248.0,11915.23
512070.SH,20181029,1.736,1.736,1.742,1.667,1.674,-0.062,-3.5714,12632.0,2141.425
512090.SH,20181029,0.864,0.861,0.866,0.835,0.842,-0.022,-2.5463,1265587.4,107629.648
512100.SH,20181029,0.521,0.522,0.522,0.511,0.514,-0.007,-1.3436,11310.0,582.849
512120.SH,20181029,1.267,1.262,1.262,1.229,1.238,-0.029,-2.2889,12467.0,1553.96
512160.SH,20181029,0.865,0.863,0.864,0.836,0.842,-0.023,-2.659,563962.73,47871.263
512180.SH,20181029,0.847,0.847,0.85,0.82,0.827,-0.02,-2.3613,1318509.0,109956.894
512200.SH,20181029,0.726,0.715,0.715,0.684,0.69,-0.036,-4.9587,20672.0,1434.798
512220.SH,20181029,0.967,0.955,0.955,0.955,0.955,-0.012,-1.241,35.0,3.343
512280.SH,20181029,0.846,0.837,0.848,0.818,0.824,-0.022,-2.6005,487454.0,40562.668
512300.SH,20181029,0.903,0.899,0.899,0.885,0.888,-0.015,-1.6611,4880.0,434.655
512310.SH,20181029,0.407,0.408,0.408,0.399,0.4,-0.007,-1.7199,8995.0,360.848
512330.SH,20181029,0.568,0.569,0.574,0.558,0.563,-0.005,-0.8803,25995.0,1468.664
512340.SH,20181029,0.662,0.657,0.66,0.651,0.651,-0.011,-1.6616,25.0,1.642
512360.SH,20181029,0.877,0.871,0.871,0.845,0.853,-0.024,-2.7366,21949.0,1880.691
512390.SH,20181029,0.853,0.845,0.845,0.824,0.828,-0.025,-2.9308,20893.0,1730.04
512400.SH,20181029,0.59,0.587,0.59,0.573,0.577,-0.013,-2.2034,16544.0,958.344
512500.SH,20181029,2.1,2.096,2.098,2.053,2.068,-0.032,-1.5238,249250.0,51793.871
512510.SH,20181029,0.898,0.899,0.899,0.877,0.882,-0.016,-1.7817,71004.0,6299.075
512520.SH,20181029,0.85,0.85,0.85,0.822,0.832,-0.018,-2.1176,130068.4,10832.284
512550.SH,20181029,0.967,0.965,0.965,0.931,0.936,-0.031,-3.2058,26534.0,2509.657
512560.SH,20181029,0.701,0.711,0.711,0.673,0.704,0.003,0.428,5344.0,360.052
512570.SH,20181029,0.694,0.687,0.695,0.651,0.684,-0.01,-1.4409,1965.0,134.4
512580.SH,20181029,0.634,0.634,0.637,0.622,0.626,-0.008,-1.2618,90194.0,5671.484
512600.SH,20181029,2.09,1.968,1.999,1.966,1.969,-0.121,-5.7895,221.0,43.884
512610.SH,20181029,1.259,1.224,1.224,1.224,1.224,-0.035,-2.78,4.0,0.49
512640.SH,20181029,1.668,1.641,1.641,1.641,1.641,-0.027,-1.6187,1.0,0.164
512660.SH,20181029,0.631,0.628,0.631,0.617,0.622,-0.009,-1.4263,270599.0,16896.979
512680.SH,20181029,0.619,0.619,0.619,0.606,0.609,-0.01,-1.6155,27361.0,1673.249
512700.SH,20181029,1.015,1.018,1.021,0.988,0.996,-0.019,-1.8719,6624.0,658.755
512770.SH,20181029,0.839,0.83,0.83,0.816,0.817,-0.022,-2.6222,1084.0,88.773
512780.SH,20181029,0.672,0.668,0.669,0.663,0.663,-0.009,-1.3393,9528.0,632.768
512800.SH,20181029,0.982,0.985,0.992,0.955,0.964,-0.018,-1.833,1171885.83,113826.325
512810.SH,20181029,0.599,0.6,0.6,0.586,0.589,-0.01,-1.6694,3807.0,224.414
512860.SH,20181029,0.998,0.999,0.999,0.968,0.969,-0.029,-2.9058,151544.66,14927.819
512880.SH,20181029,0.73,0.729,0.741,0.717,0.723,-0.007,-0.9589,1437211.0,104869.619
512900.SH,20181029,0.703,0.703,0.711,0.692,0.695,-0.008,-1.138,17796.0,1246.124
512980.SH,20181029,0.642,0.642,0.645,0.635,0.638,-0.004,-0.6231,29527.0,1887.887
512990.SH,20181029,0.933,0.931,0.931,0.905,0.909,-0.024,-2.5723,107502.0,9842.827
513030.SH,20181029,1.003,1.002,1.005,0.998,1.0,-0.003,-0.2991,4362.0,436.669
513050.SH,20181029,1.087,1.095,1.1,1.077,1.088,0.001,0.092,427256.2,46627.091
513100.SH,20181029,2.49,2.49,2.502,2.483,2.483,-0.007,-0.2811,133929.7,33334.31
513500.SH,20181029,1.718,1.712,1.713,1.705,1.708,-0.01,-0.5821,121584.0,20784.189
513600.SH,20181029,2.338,2.343,2.343,2.303,2.313,-0.025,-1.0693,2886.0,670.192
513660.SH,20181029,2.306,2.303,2.311,2.297,2.297,-0.009,-0.3903,4105.0,945.269
513900.SH,20181029,0.871,0.871,0.871,0.867,0.867,-0.004,-0.4592,203.0,17.676
518800.SH,20181029,2.737,2.737,2.741,2.732,2.732,-0.005,-0.1827,234717.0,64291.791
518880.SH,20181029,2.757,2.758,2.762,2.752,2.753,-0.004,-0.1451,3560003.55,982183.368
