ts_code,trade_date,pre_close,open,high,low,close,change,pct_chg,vol,amount
150012.SZ,20181107,1.073,1.074,1.074,1.074,1.074,0.001,0.0932,157.0,16.861
150013.SZ,20181107,1.223,1.296,1.296,1.188,1.257,0.034,2.78,108.0,12.894
150016.SZ,20181107,1.018,1.018,1.018,1.004,1.018,0.0,0.0,610.01,61.819
150017.SZ,20181107,1.114,1.111,1.121,1.111,1.121,0.007,0.6284,791.0,88.297
150018.SZ,20181107,0.987,0.987,0.987,0.986,0.987,0.0,0.0,115198.26,11360.305
150019.SZ,20181107,0.559,0.561,0.576,0.55,0.552,-0.007,-1.2522,1934171.13,108672.65
150022.SZ,20181107,0.694,0.696,0.7,0.692,0.694,0.0,0.0,192070.0,13364.295
150023.SZ,20181107,0.158,0.158,0.162,0.157,0.158,0.0,0.0,706014.62,11279.26
150028.SZ,20181107,0.981,0.979,0.981,0.979,0.981,0.0,0.0,1113.56,109.115
150029.SZ,20181107,0.925,0.841,0.947,0.841,0.927,0.002,0.2162,1815.35,163.977
150048.SZ,20181107,0.735,0.739,0.739,0.714,0.714,-0.021,-2.8571,142.16,10.244
150049.SZ,20181107,0.995,0.992,0.994,0.991,0.994,-0.001,-0.1005,1648.0,163.405
150050.SZ,20181107,0.37,0.37,0.375,0.352,0.369,-0.001,-0.2703,1975.07,71.763
150051.SZ,20181107,0.981,0.982,0.982,0.981,0.982,0.001,0.1019,2791.85,274.137
150052.SZ,20181107,0.569,0.563,0.576,0.551,0.558,-0.011,-1.9332,29630.63,1669.332
150053.SZ,20181107,0.981,0.983,0.983,0.983,0.983,0.002,0.2039,173.0,17.005
150054.SZ,20181107,0.706,0.64,0.661,0.64,0.661,-0.045,-6.3739,32.0,2.061
150055.SZ,20181107,1.019,0.977,0.983,0.977,0.983,-0.036,-3.5329,29.0,2.844
150060.SZ,20181107,0.841,0.88,0.88,0.88,0.88,0.039,4.6373,46.0,4.048
150084.SZ,20181107,1.076,0.968,0.968,0.968,0.968,-0.108,-10.0372,1.0,0.096
150094.SZ,20181107,0.968,0.969,0.97,0.969,0.97,0.002,0.2066,1241.58,120.382
150101.SZ,20181107,0.931,0.949,0.969,0.949,0.95,0.019,2.0408,467.35,44.771
150106.SZ,20181107,1.015,1.015,1.015,1.011,1.012,-0.003,-0.2956,70133.38,7096.451
150107.SZ,20181107,0.518,0.504,0.52,0.497,0.501,-0.017,-3.2819,107086.45,5419.9
150117.SZ,20181107,0.984,0.984,0.985,0.982,0.984,0.0,0.0,6844.23,673.532
150118.SZ,20181107,0.851,0.851,0.869,0.835,0.837,-0.014,-1.6451,66274.61,5642.996
150123.SZ,20181107,1.04,1.039,1.04,1.038,1.039,-0.001,-0.0962,2093.0,217.433
150124.SZ,20181107,0.532,0.535,0.54,0.52,0.52,-0.012,-2.2556,5451.0,289.604
150130.SZ,20181107,1.013,1.013,1.014,1.012,1.013,0.0,0.0,113472.95,11495.217
150131.SZ,20181107,0.43,0.43,0.454,0.425,0.428,-0.002,-0.4651,1392513.15,61083.932
150139.SZ,20181107,0.509,0.505,0.505,0.461,0.461,-0.048,-9.4303,85.96,4.111
150143.SZ,20181107,0.992,0.988,0.993,0.988,0.993,0.001,0.1008,258.97,25.689
150146.SZ,20181107,0.559,0.557,0.577,0.515,0.545,-0.014,-2.5045,380.0,21.212
150148.SZ,20181107,1.065,1.052,1.052,1.052,1.052,-0.013,-1.2207,20.0,2.104
150149.SZ,20181107,0.542,0.541,0.554,0.537,0.542,0.0,0.0,12181.0,665.395
150150.SZ,20181107,0.987,0.988,0.989,0.987,0.989,0.002,0.2026,2068.0,204.205
150151.SZ,20181107,0.691,0.72,0.72,0.691,0.691,0.0,0.0,367.0,25.447
150152.SZ,20181107,0.966,0.966,0.966,0.965,0.966,0.0,0.0,276557.68,26703.031
150153.SZ,20181107,0.849,0.85,0.879,0.842,0.842,-0.007,-0.8245,3965227.68,340849.024
150157.SZ,20181107,0.991,0.99,0.992,0.99,0.991,0.0,0.0,2426.0,240.448
150158.SZ,20181107,0.87,0.863,0.881,0.859,0.859,-0.011,-1.2644,8017.0,698.769
150168.SZ,20181107,0.744,0.779,0.779,0.779,0.779,0.035,4.7043,10.0,0.779
150169.SZ,20181107,0.986,0.988,0.988,0.986,0.987,0.001,0.1014,170.0,16.778
150170.SZ,20181107,1.271,1.28,1.303,1.273,1.278,0.007,0.5507,666.0,85.744
150171.SZ,20181107,0.963,0.961,0.962,0.96,0.962,-0.001,-0.1038,15912.89,1529.459
150172.SZ,20181107,1.461,1.46,1.46,1.415,1.418,-0.043,-2.9432,170158.18,24407.052
150173.SZ,20181107,0.975,0.975,0.975,0.975,0.975,0.0,0.0,86.0,8.385
150174.SZ,20181107,0.761,0.756,0.795,0.756,0.766,0.005,0.657,987.66,75.391
150175.SZ,20181107,0.991,0.991,0.995,0.991,0.992,0.001,0.1009,197803.0,19628.843
150176.SZ,20181107,0.975,0.978,1.004,0.974,0.979,0.004,0.4103,113078.0,11153.357
150177.SZ,20181107,0.979,0.981,1.077,0.979,0.984,0.005,0.5107,1943.92,190.438
150178.SZ,20181107,1.103,1.084,1.104,1.061,1.077,-0.026,-2.3572,3005.36,325.255
150179.SZ,20181107,0.981,0.982,0.984,0.977,0.978,-0.003,-0.3058,1162.0,114.126
150180.SZ,20181107,0.795,0.8,0.8,0.789,0.799,0.004,0.5031,1045.0,83.482
150181.SZ,20181107,0.957,0.956,0.957,0.954,0.957,0.0,0.0,25045.1,2395.155
150182.SZ,20181107,1.085,1.079,1.111,1.073,1.074,-0.011,-1.0138,251989.13,27433.234
150184.SZ,20181107,0.99,0.971,0.971,0.971,0.971,-0.019,-1.9192,18.07,1.754
150185.SZ,20181107,0.888,0.878,0.905,0.865,0.867,-0.021,-2.3649,5230.42,464.248
150187.SZ,20181107,0.876,0.879,0.879,0.86,0.877,0.001,0.1142,791.23,69.057
150188.SZ,20181107,1.022,1.018,1.022,1.018,1.022,0.0,0.0,208.76,21.314
150189.SZ,20181107,0.606,0.606,0.607,0.606,0.607,0.001,0.165,3.55,0.215
150191.SZ,20181107,1.139,1.14,1.214,1.115,1.14,0.001,0.0878,193.19,22.313
150193.SZ,20181107,0.739,0.721,0.757,0.721,0.725,-0.014,-1.8945,171.92,12.437
150194.SZ,20181107,0.986,0.987,0.987,0.985,0.986,0.0,0.0,49213.0,4853.906
150195.SZ,20181107,0.561,0.561,0.595,0.557,0.562,0.001,0.1783,94059.4,5411.12
150196.SZ,20181107,1.008,1.009,1.009,1.007,1.009,0.001,0.0992,140386.35,14151.35
150197.SZ,20181107,0.503,0.515,0.544,0.513,0.514,0.011,2.1869,365042.09,19191.502
150198.SZ,20181107,1.1,1.084,1.092,1.084,1.092,-0.008,-0.7273,50.9,5.557
150199.SZ,20181107,0.983,0.981,1.001,0.972,0.99,0.007,0.7121,8463.48,837.859
150200.SZ,20181107,0.98,0.98,0.981,0.979,0.98,0.0,0.0,117090.69,11471.479
150201.SZ,20181107,0.782,0.775,0.781,0.736,0.741,-0.041,-5.243,1991051.95,151330.562
150203.SZ,20181107,0.959,0.96,0.961,0.96,0.961,0.002,0.2086,1708.0,164.036
150204.SZ,20181107,0.72,0.701,0.728,0.701,0.718,-0.002,-0.2778,3294.75,234.109
150205.SZ,20181107,0.996,0.996,0.996,0.995,0.995,-0.001,-0.1004,90777.1,9038.025
150206.SZ,20181107,0.449,0.449,0.465,0.436,0.437,-0.012,-2.6726,921921.25,41537.927
150209.SZ,20181107,0.99,0.989,0.99,0.988,0.99,0.0,0.0,12122.0,1199.599
150210.SZ,20181107,0.506,0.506,0.522,0.5,0.501,-0.005,-0.9881,63059.83,3214.788
150211.SZ,20181107,0.966,0.965,0.966,0.964,0.966,0.0,0.0,1965.0,189.578
150212.SZ,20181107,0.792,0.802,0.83,0.792,0.794,0.002,0.2525,37945.7,3097.208
150213.SZ,20181107,0.955,0.955,0.955,0.955,0.955,0.0,0.0,500.0,47.75
150214.SZ,20181107,1.178,1.18,1.19,1.136,1.176,-0.002,-0.1698,723.23,84.868
150216.SZ,20181107,0.503,0.523,0.523,0.464,0.494,-0.009,-1.7893,2503.64,126.279
150217.SZ,20181107,0.962,0.962,0.962,0.962,0.962,0.0,0.0,5.0,0.481
150218.SZ,20181107,0.798,0.799,0.813,0.785,0.802,0.004,0.5013,743.83,59.425
150220.SZ,20181107,0.446,0.45,0.46,0.442,0.449,0.003,0.6726,21023.0,953.173
150221.SZ,20181107,1.062,1.062,1.062,1.06,1.061,-0.001,-0.0942,35294.0,3743.372
150222.SZ,20181107,0.723,0.726,0.738,0.716,0.716,-0.007,-0.9682,68852.77,5016.351
150223.SZ,20181107,1.016,1.016,1.017,1.015,1.017,0.001,0.0984,31101.0,3159.734
150224.SZ,20181107,1.371,1.366,1.366,1.327,1.328,-0.043,-3.1364,220938.96,29751.404
150225.SZ,20181107,0.989,0.99,1.011,0.99,1.0,0.011,1.1122,373.25,37.329
150226.SZ,20181107,0.918,0.906,0.906,0.905,0.905,-0.013,-1.4161,193.25,17.492
150227.SZ,20181107,0.951,0.95,0.951,0.95,0.95,-0.001,-0.1052,26434.8,2512.845
150228.SZ,20181107,0.821,0.82,0.83,0.815,0.816,-0.005,-0.609,495556.75,40728.393
150229.SZ,20181107,0.947,0.947,0.947,0.946,0.946,-0.001,-0.1056,1175.72,111.253
150230.SZ,20181107,1.125,1.104,1.156,1.104,1.15,0.025,2.2222,1309.0,149.387
150232.SZ,20181107,0.524,0.524,0.524,0.497,0.518,-0.006,-1.145,810.0,41.462
150236.SZ,20181107,1.116,1.106,1.117,1.09,1.111,-0.005,-0.448,5388.86,592.756
150238.SZ,20181107,0.44,0.44,0.48,0.44,0.44,0.0,0.0,113.87,5.014
150242.SZ,20181107,1.026,1.0,1.01,0.983,0.983,-0.043,-4.191,253.0,25.312
150243.SZ,20181107,0.954,0.955,0.955,0.953,0.955,0.001,0.1048,5843.0,557.494
150244.SZ,20181107,0.905,0.93,0.93,0.896,0.896,-0.009,-0.9945,26865.46,2450.341
150246.SZ,20181107,0.591,0.568,0.638,0.568,0.635,0.044,7.445,7.06,0.448
150248.SZ,20181107,0.694,0.69,0.712,0.69,0.693,-0.001,-0.1441,3727.0,261.066
150250.SZ,20181107,1.025,0.93,0.95,0.93,0.95,-0.075,-7.3171,80.0,7.5
150252.SZ,20181107,0.743,0.743,0.777,0.743,0.775,0.032,4.3069,514.52,39.579
150255.SZ,20181107,0.962,0.96,0.96,0.959,0.959,-0.003,-0.3119,1050.0,100.703
150258.SZ,20181107,0.769,0.816,0.817,0.769,0.769,0.0,0.0,36.0,2.796
150259.SZ,20181107,0.961,0.961,0.961,0.96,0.96,-0.001,-0.1041,5784.0,555.822
150260.SZ,20181107,0.668,0.642,0.696,0.642,0.681,0.013,1.9461,132.11,9.161
150261.SZ,20181107,1.011,1.012,1.017,1.012,1.017,0.006,0.5935,530.0,53.709
150262.SZ,20181107,0.664,0.669,0.68,0.66,0.673,0.009,1.3554,2575.11,172.432
150264.SZ,20181107,0.428,0.471,0.471,0.396,0.411,-0.017,-3.972,13.0,0.592
150265.SZ,20181107,1.012,1.01,1.012,1.01,1.012,0.0,0.0,707.0,71.438
150266.SZ,20181107,0.788,0.763,0.824,0.763,0.824,0.036,4.5685,783.94,63.913
150268.SZ,20181107,1.059,0.97,0.97,0.97,0.97,-0.089,-8.4042,50.0,4.85
150269.SZ,20181107,0.984,0.983,0.985,0.983,0.984,0.0,0.0,17429.8,1715.155
150270.SZ,20181107,0.742,0.744,0.768,0.737,0.749,0.007,0.9434,78579.0,5896.069
150271.SZ,20181107,0.983,0.985,0.985,0.985,0.985,0.002,0.2035,106.0,10.441
150272.SZ,20181107,0.88,0.899,0.9,0.881,0.883,0.003,0.3409,200.65,17.889
150273.SZ,20181107,0.958,0.958,0.958,0.954,0.955,-0.003,-0.3132,540.63,51.636
150274.SZ,20181107,1.091,0.988,1.058,0.988,1.049,-0.042,-3.8497,300.0,30.533
150275.SZ,20181107,0.96,0.962,0.962,0.961,0.961,0.001,0.1042,542.0,52.09
150276.SZ,20181107,0.981,0.982,1.007,0.976,0.996,0.015,1.5291,730.37,72.267
150277.SZ,20181107,0.95,0.96,0.961,0.96,0.961,0.011,1.1579,190.0,18.255
150278.SZ,20181107,0.739,0.708,0.739,0.701,0.738,-0.001,-0.1353,761.35,54.604
150279.SZ,20181107,0.965,0.952,0.952,0.952,0.952,-0.013,-1.3472,4.5,0.428
150281.SZ,20181107,1.0,1.0,1.0,1.0,1.0,0.0,0.0,100.0,10.0
150282.SZ,20181107,0.69,0.621,0.621,0.621,0.621,-0.069,-10.0,816.0,50.673
150283.SZ,20181107,0.96,0.961,0.962,0.961,0.962,0.002,0.2083,4932.06,473.971
150284.SZ,20181107,0.567,0.6,0.618,0.587,0.587,0.02,3.5273,150.03,9.181
150287.SZ,20181107,1.013,1.012,1.013,1.012,1.013,0.0,0.0,46796.46,4737.028
150288.SZ,20181107,0.441,0.432,0.449,0.421,0.423,-0.018,-4.0816,163186.43,7085.059
150289.SZ,20181107,0.987,0.986,0.987,0.986,0.987,0.0,0.0,22941.1,2261.994
150290.SZ,20181107,0.84,0.838,0.848,0.82,0.821,-0.019,-2.2619,76365.4,6369.608
150291.SZ,20181107,1.01,1.011,1.011,1.01,1.01,0.0,0.0,10888.0,1100.776
150292.SZ,20181107,0.684,0.69,0.69,0.69,0.69,0.006,0.8772,4.0,0.276
150294.SZ,20181107,0.514,0.529,0.529,0.528,0.528,0.014,2.7237,11.0,0.58
150295.SZ,20181107,0.999,0.999,0.999,0.999,0.999,0.0,0.0,1106.0,110.489
150296.SZ,20181107,0.613,0.605,0.626,0.605,0.618,0.005,0.8157,156.0,9.501
150298.SZ,20181107,0.809,0.749,0.81,0.748,0.81,0.001,0.1236,121.74,9.118
150299.SZ,20181107,1.011,1.012,1.012,1.01,1.012,0.001,0.0989,190104.13,19220.808
150300.SZ,20181107,0.658,0.655,0.666,0.649,0.65,-0.008,-1.2158,28439.0,1867.253
150301.SZ,20181107,0.966,0.966,0.966,0.965,0.965,-0.001,-0.1035,170.0,16.412
150302.SZ,20181107,1.49,1.464,1.474,1.342,1.474,-0.016,-1.0738,99.03,14.113
150303.SZ,20181107,0.977,0.976,0.977,0.976,0.977,0.0,0.0,16942.0,1655.07
150304.SZ,20181107,0.828,0.828,0.858,0.823,0.829,0.001,0.1208,76385.16,6410.887
150306.SZ,20181107,0.95,0.95,0.95,0.95,0.95,0.0,0.0,37.18,3.532
150307.SZ,20181107,0.961,0.946,0.96,0.946,0.96,-0.001,-0.1041,444.19,42.323
150308.SZ,20181107,0.964,0.889,0.981,0.889,0.957,-0.007,-0.7261,294.44,27.078
150309.SZ,20181107,0.952,0.969,0.97,0.965,0.969,0.017,1.7857,100.0,9.65
150310.SZ,20181107,0.936,0.989,0.989,0.959,0.987,0.051,5.4487,1711.65,167.944
150311.SZ,20181107,0.95,0.95,0.951,0.95,0.951,0.001,0.1053,80.0,7.607
150312.SZ,20181107,0.94,0.937,0.937,0.936,0.936,-0.004,-0.4255,79.0,7.399
150316.SZ,20181107,0.953,0.94,0.96,0.94,0.96,0.007,0.7345,1.78,0.169
150317.SZ,20181107,0.975,0.965,0.965,0.965,0.965,-0.01,-1.0256,711.0,68.611
150321.SZ,20181107,1.067,1.066,1.067,1.066,1.067,0.0,0.0,1368.0,145.895
150322.SZ,20181107,0.82,0.82,0.82,0.805,0.805,-0.015,-1.8293,45.0,3.682
150323.SZ,20181107,1.005,1.005,1.005,1.004,1.004,-0.001,-0.0995,1225.0,123.099
150325.SZ,20181107,0.965,0.964,0.964,0.964,0.964,-0.001,-0.1036,0.85,0.081
150327.SZ,20181107,1.012,1.003,1.003,1.003,1.003,-0.009,-0.8893,1.0,0.1
150328.SZ,20181107,0.497,0.528,0.528,0.489,0.525,0.028,5.6338,512.16,26.845
150329.SZ,20181107,0.984,0.984,0.984,0.984,0.984,0.0,0.0,13.0,1.279
150330.SZ,20181107,1.354,1.354,1.378,1.349,1.354,0.0,0.0,5001.0,678.953
150335.SZ,20181107,1.012,1.012,1.013,1.012,1.012,0.0,0.0,9528.75,964.31
150336.SZ,20181107,0.519,0.519,0.522,0.51,0.51,-0.009,-1.7341,1730.0,89.786
150344.SZ,20181107,1.428,1.298,1.305,1.298,1.305,-0.123,-8.6134,1.01,0.131
159001.SZ,20181107,100.0,99.999,100.001,99.999,100.0,0.0,0.0,776280.15,7762800.735
159003.SZ,20181107,100.0,99.999,100.001,99.998,99.999,-0.001,-0.001,143568.5,1435683.604
159005.SZ,20181107,100.0,99.999,100.001,99.999,100.0,0.0,0.0,916420.45,9164204.147
159901.SZ,20181107,3.57,3.569,3.603,3.541,3.548,-0.022,-0.6162,138139.2,49263.24
159902.SZ,20181107,2.508,2.508,2.53,2.486,2.489,-0.019,-0.7576,159990.3,40082.917
159903.SZ,20181107,0.846,0.848,0.851,0.841,0.844,-0.002,-0.2364,9578.0,810.666
159905.SZ,20181107,1.329,1.336,1.343,1.32,1.325,-0.004,-0.301,9313.0,1238.06
159906.SZ,20181107,0.817,0.818,0.818,0.735,0.735,-0.082,-10.0367,17328.0,1293.484
159907.SZ,20181107,1.029,1.022,1.039,1.022,1.032,0.003,0.2915,7192.0,742.258
159908.SZ,20181107,1.35,1.387,1.387,1.282,1.386,0.036,2.6667,228.0,30.978
159909.SZ,20181107,3.485,3.485,3.507,3.47,3.47,-0.015,-0.4304,220.0,76.65
159910.SZ,20181107,1.419,1.43,1.431,1.41,1.411,-0.008,-0.5638,2575.0,365.999
159911.SZ,20181107,3.106,3.106,3.106,3.105,3.106,0.0,0.0,100.0,31.059
159912.SZ,20181107,1.005,1.005,1.012,1.005,1.005,0.0,0.0,1149.0,115.59
159913.SZ,20181107,1.408,1.399,1.43,1.399,1.426,0.018,1.2784,310.0,44.037
159915.SZ,20181107,1.286,1.287,1.303,1.28,1.282,-0.004,-0.311,9105793.12,1175793.482
159916.SZ,20181107,3.047,3.04,3.06,3.019,3.03,-0.017,-0.5579,85.0,25.889
159918.SZ,20181107,1.201,1.201,1.202,1.182,1.201,0.0,0.0,1123.32,134.674
159919.SZ,20181107,3.59,3.59,3.624,3.552,3.56,-0.03,-0.8357,211921.0,76068.471
159920.SZ,20181107,1.394,1.398,1.425,1.393,1.4,0.006,0.4304,3167134.18,445067.25
159922.SZ,20181107,4.626,4.616,4.675,4.597,4.606,-0.02,-0.4323,8243.0,3818.381
159923.SZ,20181107,1.42,1.41,1.423,1.41,1.41,-0.01,-0.7042,1664.0,235.551
159925.SZ,20181107,1.374,1.376,1.381,1.361,1.367,-0.007,-0.5095,758.0,103.958
159928.SZ,20181107,1.78,1.78,1.808,1.773,1.786,0.006,0.3371,25466.0,4564.775
159929.SZ,20181107,1.355,1.358,1.368,1.351,1.353,-0.002,-0.1476,17918.0,2435.553
159930.SZ,20181107,0.766,0.764,0.776,0.743,0.748,-0.018,-2.3499,4852.0,369.414
159931.SZ,20181107,1.499,1.483,1.494,1.47,1.493,-0.006,-0.4003,247.0,36.549
159932.SZ,20181107,1.192,1.19,1.205,1.19,1.201,0.009,0.755,1296.0,155.6
159933.SZ,20181107,1.731,1.735,1.745,1.73,1.73,-0.001,-0.0578,226.0,39.189
159934.SZ,20181107,2.719,2.718,2.721,2.713,2.719,0.0,0.0,84283.0,22903.151
159935.SZ,20181107,1.257,1.222,1.249,1.211,1.219,-0.038,-3.0231,158.0,19.294
159936.SZ,20181107,1.12,1.12,1.129,1.112,1.129,0.009,0.8036,366.0,40.935
159937.SZ,20181107,2.735,2.732,2.738,2.73,2.737,0.002,0.0731,234198.0,64049.409
159938.SZ,20181107,1.149,1.15,1.161,1.142,1.142,-0.007,-0.6092,97118.0,11174.382
159939.SZ,20181107,0.784,0.783,0.793,0.776,0.78,-0.004,-0.5102,55199.0,4323.36
159940.SZ,20181107,0.849,0.848,0.861,0.843,0.851,0.002,0.2356,4417.0,377.31
159941.SZ,20181107,1.57,1.575,1.587,1.575,1.58,0.01,0.6369,6042.0,956.081
159943.SZ,20181107,8.222,8.222,8.349,8.155,8.241,0.019,0.2311,283.65,233.223
159944.SZ,20181107,0.664,0.663,0.671,0.662,0.67,0.006,0.9036,164.07,10.87
159945.SZ,20181107,0.668,0.666,0.668,0.66,0.668,0.0,0.0,686.0,45.567
159946.SZ,20181107,0.974,0.98,0.98,0.98,0.98,0.006,0.616,46.0,4.508
159948.SZ,20181107,1.406,1.406,1.424,1.39,1.402,-0.004,-0.2845,24778.0,3498.203
159949.SZ,20181107,0.481,0.482,0.489,0.48,0.481,0.0,0.0,15979989.08,774435.121
159950.SZ,20181107,0.789,0.785,0.793,0.777,0.777,-0.012,-1.5209,1255.0,98.525
159951.SZ,20181107,0.695,0.69,0.703,0.69,0.698,0.003,0.4317,211.0,14.806
159952.SZ,20181107,0.776,0.777,0.785,0.772,0.773,-0.003,-0.3866,1481480.0,115533.484
159953.SZ,20181107,0.644,0.644,0.655,0.644,0.644,0.0,0.0,479.0,30.996
159954.SZ,20181107,0.959,0.965,0.979,0.96,0.964,0.005,0.5214,20043.0,1939.6
159955.SZ,20181107,0.732,0.746,0.752,0.728,0.731,-0.001,-0.1366,8210.0,605.196
159956.SZ,20181107,0.762,0.763,0.77,0.753,0.756,-0.006,-0.7874,3822.0,291.05
159957.SZ,20181107,0.789,0.791,0.801,0.781,0.788,-0.001,-0.1267,17588.0,1396.551
159958.SZ,20181107,0.78,0.779,0.789,0.777,0.778,-0.002,-0.2564,54979.0,4302.001
159960.SZ,20181107,0.983,0.988,1.001,0.98,0.985,0.002,0.2035,1558.0,153.933
160105.SZ,20181107,0.843,0.828,0.828,0.824,0.827,-0.016,-1.898,49.0,4.049
160106.SZ,20181107,0.894,0.891,0.902,0.891,0.891,-0.003,-0.3356,1177.08,105.525
160119.SZ,20181107,1.125,1.126,1.134,1.122,1.122,-0.003,-0.2667,6762.46,763.622
160125.SZ,20181107,0.955,0.95,0.998,0.934,0.947,-0.008,-0.8377,704.62,66.723
160128.SZ,20181107,1.005,1.009,1.01,1.0,1.006,0.001,0.0995,364.0,36.618
160130.SZ,20181107,0.931,0.945,0.945,0.945,0.945,0.014,1.5038,2.0,0.189
160131.SZ,20181107,1.038,1.04,1.04,1.04,1.04,0.002,0.1927,2000.0,208.0
160133.SZ,20181107,1.906,1.906,1.936,1.906,1.929,0.023,1.2067,2120.67,406.7
160138.SZ,20181107,1.016,1.027,1.027,1.027,1.027,0.011,1.0827,10.0,1.027
160140.SZ,20181107,1.026,1.037,1.037,1.028,1.029,0.003,0.2924,303.0,31.174
160211.SZ,20181107,1.767,1.74,1.777,1.74,1.768,0.001,0.0566,429.0,75.494
160212.SZ,20181107,1.757,1.757,1.759,1.73,1.744,-0.013,-0.7399,1630.0,284.053
160215.SZ,20181107,1.197,1.187,1.205,1.187,1.188,-0.009,-0.7519,274.0,32.673
160216.SZ,20181107,0.551,0.543,0.543,0.536,0.538,-0.013,-2.3593,45365.62,2446.27
160220.SZ,20181107,1.199,1.123,1.123,1.123,1.123,-0.076,-6.3386,1.0,0.112
160223.SZ,20181107,0.638,0.648,0.652,0.639,0.639,0.001,0.1567,1579.8,102.148
160225.SZ,20181107,0.709,0.71,0.719,0.708,0.71,0.001,0.141,818.0,58.279
160311.SZ,20181107,1.34,1.33,1.345,1.33,1.332,-0.008,-0.597,352.16,47.051
160314.SZ,20181107,0.842,0.848,0.848,0.845,0.845,0.003,0.3563,60.0,5.073
160324.SZ,20181107,0.8,0.801,0.815,0.801,0.804,0.004,0.5,20891.0,1689.227
160415.SZ,20181107,0.708,0.706,0.706,0.706,0.706,-0.002,-0.2825,11.0,0.776
160416.SZ,20181107,1.069,1.069,1.079,1.055,1.067,-0.002,-0.1871,3151.0,336.964
160421.SZ,20181107,0.805,0.801,0.806,0.8,0.8,-0.005,-0.6211,1641.46,131.736
160505.SZ,20181107,1.343,1.343,1.356,1.337,1.338,-0.005,-0.3723,21170.72,2849.845
160512.SZ,20181107,1.453,1.48,1.48,1.466,1.466,0.013,0.8947,20.0,2.953
160515.SZ,20181107,1.028,1.029,1.03,1.029,1.03,0.002,0.1946,2011.67,207.0
160518.SZ,20181107,0.875,0.881,0.884,0.872,0.88,0.005,0.5714,2758.47,242.614
160519.SZ,20181107,0.77,0.77,0.77,0.77,0.77,0.0,0.0,200.0,15.4
160520.SZ,20181107,0.917,0.914,0.914,0.914,0.914,-0.003,-0.3272,1.0,0.091
160607.SZ,20181107,0.591,0.593,0.599,0.59,0.59,-0.001,-0.1692,1495.0,88.528
160610.SZ,20181107,0.825,0.825,0.83,0.81,0.83,0.005,0.6061,702.26,57.094
160611.SZ,20181107,0.679,0.666,0.669,0.666,0.669,-0.01,-1.4728,66.0,4.412
160613.SZ,20181107,1.063,1.086,1.086,1.068,1.069,0.006,0.5644,31.0,3.333
160615.SZ,20181107,1.333,1.343,1.351,1.339,1.339,0.006,0.4501,239.0,32.045
160616.SZ,20181107,0.966,0.975,0.975,0.966,0.966,0.0,0.0,437.0,42.421
160635.SZ,20181107,0.917,0.919,0.929,0.919,0.92,0.003,0.3272,522.0,48.378
160642.SZ,20181107,0.846,0.829,0.829,0.829,0.829,-0.017,-2.0095,10.0,0.829
160643.SZ,20181107,0.72,0.724,0.752,0.724,0.752,0.032,4.4444,46.0,3.347
160706.SZ,20181107,0.932,0.934,0.939,0.926,0.926,-0.006,-0.6438,25213.37,2352.128
160716.SZ,20181107,1.465,1.466,1.466,1.45,1.451,-0.014,-0.9556,2696.55,394.044
160717.SZ,20181107,0.802,0.809,0.816,0.801,0.802,0.0,0.0,2435.0,197.041
160719.SZ,20181107,0.689,0.687,0.691,0.687,0.691,0.002,0.2903,2313.0,159.471
160722.SZ,20181107,0.92,0.926,0.965,0.926,0.947,0.027,2.9348,544.0,50.38
160723.SZ,20181107,1.32,1.307,1.307,1.295,1.295,-0.025,-1.8939,8425.52,1095.976
160805.SZ,20181107,0.666,0.668,0.67,0.668,0.668,0.002,0.3003,27.0,1.807
160806.SZ,20181107,1.173,1.176,1.176,1.174,1.174,0.001,0.0853,4.0,0.47
160807.SZ,20181107,1.097,1.09,1.09,1.09,1.09,-0.007,-0.6381,9.0,0.981
160812.SZ,20181107,1.272,1.266,1.283,1.264,1.277,0.005,0.3931,1050.0,132.751
160813.SZ,20181107,0.683,0.688,0.693,0.683,0.683,0.0,0.0,32.0,2.206
160916.SZ,20181107,2.433,2.424,2.437,2.424,2.43,-0.003,-0.1233,1136.14,276.229
160918.SZ,20181107,1.789,1.788,1.789,1.788,1.789,0.0,0.0,40.01,7.153
160919.SZ,20181107,0.955,0.946,0.955,0.943,0.943,-0.012,-1.2565,1151.0,108.756
160922.SZ,20181107,0.974,0.998,1.025,0.998,1.025,0.051,5.2361,402.0,40.13
161005.SZ,20181107,1.618,1.62,1.632,1.61,1.61,-0.008,-0.4944,3706.0,600.093
161010.SZ,20181107,1.012,1.012,1.012,1.011,1.011,-0.001,-0.0988,200.0,20.23
161014.SZ,20181107,1.115,1.104,1.104,1.104,1.104,-0.011,-0.9865,3.0,0.331
161015.SZ,20181107,0.957,0.974,0.974,0.974,0.974,0.017,1.7764,114.0,11.103
161017.SZ,20181107,1.72,1.719,1.737,1.711,1.715,-0.005,-0.2907,5242.39,902.541
161019.SZ,20181107,0.941,0.945,0.945,0.945,0.945,0.004,0.4251,100.0,9.45
161033.SZ,20181107,0.726,0.721,0.736,0.721,0.725,-0.001,-0.1377,672.0,49.085
161035.SZ,20181107,0.885,0.881,0.883,0.874,0.881,-0.004,-0.452,67.21,5.917
161036.SZ,20181107,0.57,0.568,0.576,0.567,0.571,0.001,0.1754,167.0,9.544
161037.SZ,20181107,0.856,0.85,0.85,0.85,0.85,-0.006,-0.7009,49.0,4.165
161039.SZ,20181107,0.89,0.898,0.898,0.888,0.894,0.004,0.4494,1133.0,101.114
161115.SZ,20181107,1.32,1.322,1.322,1.322,1.322,0.002,0.1515,323.0,42.7
161116.SZ,20181107,0.699,0.682,0.701,0.682,0.699,0.0,0.0,714.0,49.969
161117.SZ,20181107,1.02,0.975,1.102,0.975,1.08,0.06,5.8824,31.89,3.267
161119.SZ,20181107,1.316,1.318,1.318,1.316,1.316,0.0,0.0,142.83,18.816
161124.SZ,20181107,1.019,1.034,1.042,1.034,1.042,0.023,2.2571,290.0,30.129
161125.SZ,20181107,1.194,1.2,1.208,1.196,1.197,0.003,0.2513,1626.14,194.79
161126.SZ,20181107,1.225,1.23,1.236,1.23,1.236,0.011,0.898,338.0,41.65
161127.SZ,20181107,1.256,1.258,1.258,1.248,1.253,-0.003,-0.2389,449.0,56.392
161128.SZ,20181107,1.378,1.366,1.379,1.366,1.377,-0.001,-0.0726,1607.28,220.697
161129.SZ,20181107,1.282,1.27,1.27,1.25,1.257,-0.025,-1.9501,26633.95,3350.177
161130.SZ,20181107,1.196,1.199,1.199,1.199,1.199,0.003,0.2508,25.0,2.997
161213.SZ,20181107,1.252,1.266,1.266,1.263,1.263,0.011,0.8786,3.0,0.379
161217.SZ,20181107,0.608,0.615,0.615,0.613,0.613,0.005,0.8224,157.0,9.628
161222.SZ,20181107,1.008,1.047,1.047,1.045,1.045,0.037,3.6706,117.0,12.246
161224.SZ,20181107,0.83,0.842,0.843,0.817,0.839,0.009,1.0843,266.0,22.063
161225.SZ,20181107,1.015,1.007,1.007,1.002,1.002,-0.013,-1.2808,40.67,4.089
161226.SZ,20181107,0.762,0.76,0.762,0.758,0.762,0.0,0.0,7484.0,569.187
161227.SZ,20181107,0.768,0.774,0.774,0.76,0.765,-0.003,-0.3906,4059.5,310.948
161229.SZ,20181107,1.299,1.299,1.313,1.299,1.303,0.004,0.3079,24.0,3.122
161232.SZ,20181107,0.574,0.574,0.574,0.57,0.571,-0.003,-0.5226,3349.18,191.22
161607.SZ,20181107,1.041,1.028,1.034,1.028,1.034,-0.007,-0.6724,6.0,0.617
161610.SZ,20181107,0.854,0.855,0.868,0.855,0.862,0.008,0.9368,229.0,19.65
161631.SZ,20181107,0.768,0.767,0.778,0.766,0.769,0.001,0.1302,50524.66,3896.137
161706.SZ,20181107,1.283,1.285,1.304,1.28,1.281,-0.002,-0.1559,982.21,128.037
161713.SZ,20181107,1.019,1.026,1.026,1.026,1.026,0.007,0.6869,25.0,2.565
161714.SZ,20181107,0.977,0.971,0.978,0.971,0.977,0.0,0.0,225.0,21.962
161715.SZ,20181107,0.768,0.768,0.78,0.768,0.78,0.012,1.5625,629.59,48.788
161727.SZ,20181107,0.868,0.92,0.922,0.912,0.912,0.044,5.0691,31.0,2.831
161810.SZ,20181107,1.102,1.121,1.133,1.121,1.128,0.026,2.3593,94.55,10.691
161815.SZ,20181107,0.501,0.503,0.503,0.497,0.498,-0.003,-0.5988,1334.0,66.554
161820.SZ,20181107,1.097,1.095,1.114,1.095,1.114,0.017,1.5497,48.0,5.257
161831.SZ,20181107,0.98,0.991,0.992,0.991,0.992,0.012,1.2245,60.0,5.949
161834.SZ,20181107,0.707,0.708,0.711,0.705,0.706,-0.001,-0.1414,25106.28,1774.492
161835.SZ,20181107,1.041,1.041,1.041,1.041,1.041,0.0,0.0,803.16,83.608
161903.SZ,20181107,0.686,0.684,0.686,0.683,0.683,-0.003,-0.4373,174.0,11.911
161907.SZ,20181107,1.433,1.434,1.434,1.434,1.434,0.001,0.0698,1.0,0.143
161911.SZ,20181107,1.025,1.025,1.027,1.024,1.025,0.0,0.0,9357.0,959.196
162006.SZ,20181107,0.989,0.991,0.993,0.983,0.983,-0.006,-0.6067,156.48,15.468
162207.SZ,20181107,1.061,1.061,1.071,1.061,1.071,0.01,0.9425,3.0,0.32
162215.SZ,20181107,0.972,0.972,0.974,0.972,0.974,0.002,0.2058,999.0,97.182
162307.SZ,20181107,1.135,1.143,1.143,1.141,1.141,0.006,0.5286,2.0,0.228
162411.SZ,20181107,0.64,0.634,0.634,0.629,0.632,-0.008,-1.25,294995.24,18613.902
162415.SZ,20181107,1.415,1.424,1.434,1.423,1.428,0.013,0.9187,1968.0,280.571
162416.SZ,20181107,0.95,0.939,0.939,0.939,0.939,-0.011,-1.1579,50.0,4.695
162605.SZ,20181107,1.093,1.088,1.099,1.083,1.092,-0.001,-0.0915,20323.77,2220.719
162607.SZ,20181107,0.41,0.41,0.414,0.408,0.409,-0.001,-0.2439,711.3,29.229
162703.SZ,20181107,1.093,1.089,1.115,1.089,1.102,0.009,0.8234,1873.0,205.791
162711.SZ,20181107,0.97,0.981,0.985,0.972,0.977,0.007,0.7216,93.0,9.083
162718.SZ,20181107,0.934,0.934,0.934,0.934,0.934,0.0,0.0,190.0,17.746
162719.SZ,20181107,1.085,1.072,1.1,1.072,1.08,-0.005,-0.4608,2863.44,309.687
163001.SZ,20181107,0.812,0.813,0.822,0.813,0.822,0.01,1.2315,10.0,0.818
163110.SZ,20181107,1.481,1.445,1.493,1.445,1.481,0.0,0.0,365.0,53.886
163111.SZ,20181107,0.804,0.8,0.815,0.8,0.804,0.0,0.0,700.29,56.629
163208.SZ,20181107,0.911,0.91,0.914,0.907,0.907,-0.004,-0.4391,494.0,44.913
163210.SZ,20181107,1.117,1.119,1.12,1.117,1.119,0.002,0.1791,5467.0,611.189
163302.SZ,20181107,1.014,1.028,1.029,1.023,1.024,0.01,0.9862,55.0,5.652
163402.SZ,20181107,0.615,0.615,0.62,0.612,0.612,-0.003,-0.4878,56042.12,3448.885
163407.SZ,20181107,1.633,1.632,1.655,1.62,1.62,-0.013,-0.7961,3899.66,638.936
163409.SZ,20181107,1.286,1.308,1.308,1.29,1.29,0.004,0.311,619.0,80.023
163412.SZ,20181107,2.89,2.89,2.914,2.875,2.888,-0.002,-0.0692,4810.8,1395.309
163415.SZ,20181107,1.349,1.353,1.363,1.346,1.346,-0.003,-0.2224,40.0,5.409
163417.SZ,20181107,0.809,0.809,0.816,0.807,0.808,-0.001,-0.1236,187054.91,15179.069
163503.SZ,20181107,0.384,0.382,0.384,0.38,0.381,-0.003,-0.7813,1214.43,46.4
163801.SZ,20181107,1.166,1.171,1.173,1.163,1.168,0.002,0.1715,828.12,96.774
163819.SZ,20181107,1.014,1.01,1.014,1.01,1.014,0.0,0.0,110.0,11.11
164206.SZ,20181107,1.113,1.101,1.102,1.101,1.102,-0.011,-0.9883,8.0,0.881
164210.SZ,20181107,1.05,1.05,1.05,1.05,1.05,0.0,0.0,101.0,10.605
164701.SZ,20181107,0.59,0.587,0.589,0.584,0.589,-0.001,-0.1695,3074.0,180.671
164702.SZ,20181107,0.99,0.986,0.986,0.966,0.982,-0.008,-0.8081,5.0,0.491
164705.SZ,20181107,1.129,1.139,1.19,1.116,1.124,-0.005,-0.4429,1902.32,213.888
164824.SZ,20181107,0.9,0.903,0.903,0.896,0.896,-0.004,-0.4444,60.0,5.377
164906.SZ,20181107,1.158,1.163,1.182,1.162,1.165,0.007,0.6045,3661.71,427.402
165309.SZ,20181107,1.029,1.038,1.039,1.029,1.039,0.01,0.9718,128.0,13.281
165313.SZ,20181107,1.151,1.16,1.164,1.16,1.162,0.011,0.9557,2251.98,261.651
165508.SZ,20181107,1.363,1.365,1.365,1.365,1.365,0.002,0.1467,1.0,0.136
165510.SZ,20181107,0.712,0.727,0.735,0.71,0.713,0.001,0.1404,3773.02,270.343
165512.SZ,20181107,1.886,1.91,1.91,1.906,1.906,0.02,1.0604,3.0,0.572
165513.SZ,20181107,0.468,0.467,0.47,0.465,0.469,0.001,0.2137,3300.0,154.298
165517.SZ,20181107,0.786,0.788,0.788,0.788,0.788,0.002,0.2545,7.84,0.617
165525.SZ,20181107,0.791,0.794,0.794,0.782,0.782,-0.009,-1.1378,905.0,71.092
165528.SZ,20181107,0.78,0.793,0.794,0.79,0.79,0.01,1.2821,18.0,1.426
165807.SZ,20181107,0.936,0.977,0.977,0.977,0.977,0.041,4.3803,5.0,0.488
166001.SZ,20181107,0.9,0.908,0.91,0.906,0.906,0.006,0.6667,495.39,44.885
166006.SZ,20181107,0.926,0.93,0.934,0.926,0.928,0.002,0.216,1765.0,163.819
166009.SZ,20181107,1.379,1.39,1.395,1.389,1.393,0.014,1.0152,4.0,0.556
166011.SZ,20181107,1.102,1.093,1.115,1.089,1.104,0.002,0.1815,107.0,11.686
166012.SZ,20181107,1.095,1.069,1.069,1.069,1.069,-0.026,-2.3744,1.0,0.106
166023.SZ,20181107,0.805,0.754,0.812,0.754,0.76,-0.045,-5.5901,852.0,65.655
166024.SZ,20181107,0.799,0.799,0.809,0.796,0.798,-0.001,-0.1252,22767.06,1828.19
166902.SZ,20181107,1.017,1.019,1.019,1.019,1.019,0.002,0.1967,327.0,33.321
166904.SZ,20181107,1.03,1.016,1.016,1.016,1.016,-0.014,-1.3592,200.0,20.32
167003.SZ,20181107,1.004,1.002,1.004,1.002,1.004,0.0,0.0,419.15,42.002
167501.SZ,20181107,1.206,1.205,1.208,1.205,1.207,0.001,0.0829,384.9,46.489
168101.SZ,20181107,0.763,0.755,0.785,0.755,0.764,0.001,0.1311,7548.85,578.067
168102.SZ,20181107,0.698,0.701,0.701,0.698,0.701,0.003,0.4298,2739.02,191.484
168103.SZ,20181107,0.649,0.648,0.654,0.647,0.65,0.001,0.1541,42001.86,2735.413
168105.SZ,20181107,0.656,0.66,0.672,0.658,0.661,0.005,0.7622,15082.1,998.401
168106.SZ,20181107,0.869,0.841,0.871,0.841,0.871,0.002,0.2301,101.0,8.497
168108.SZ,20181107,0.969,0.967,0.967,0.967,0.967,-0.002,-0.2064,10.0,0.967
168401.SZ,20181107,0.962,0.962,0.965,0.962,0.965,0.003,0.3119,190.0,18.278
169101.SZ,20181107,1.223,1.223,1.231,1.212,1.216,-0.007,-0.5724,12670.51,1547.405
169102.SZ,20181107,1.048,1.055,1.055,1.05,1.052,0.004,0.3817,1919.01,202.005
169103.SZ,20181107,1.13,1.122,1.143,1.122,1.14,0.01,0.885,903.0,102.832
169104.SZ,20181107,1.086,1.086,1.097,1.082,1.097,0.011,1.0129,228.0,24.76
169105.SZ,20181107,1.158,1.165,1.172,1.153,1.158,0.0,0.0,20842.0,2421.17
169106.SZ,20181107,0.93,0.93,0.931,0.93,0.93,0.0,0.0,2387.87,222.194
184801.SZ,20181107,90.549,90.549,91.49,90.549,91.483,0.934,1.0315,98.59,897.535
501001.SH,20181107,0.977,0.992,0.992,0.982,0.992,0.015,1.5353,1686.88,167.149
501002.SH,20181107,0.606,0.61,0.611,0.606,0.61,0.004,0.6601,307.0,18.716
501005.SH,20181107,0.746,0.746,0.759,0.746,0.746,0.0,0.0,2378.99,178.149
501007.SH,20181107,0.82,0.81,0.837,0.81,0.813,-0.007,-0.8537,159.0,13.022
501009.SH,20181107,0.965,0.977,0.983,0.97,0.976,0.011,1.1399,272.0,26.551
501010.SH,20181107,0.989,0.989,0.989,0.989,0.989,0.0,0.0,1.0,0.099
501011.SH,20181107,0.79,0.797,0.797,0.797,0.797,0.007,0.8861,5.0,0.399
501012.SH,20181107,0.78,0.79,0.79,0.79,0.79,0.01,1.2821,7.0,0.553
501015.SH,20181107,0.784,0.784,0.794,0.784,0.785,0.001,0.1276,3234.98,254.245
501016.SH,20181107,0.783,0.805,0.818,0.771,0.771,-0.012,-1.5326,2547.0,198.083
501017.SH,20181107,0.763,0.771,0.771,0.771,0.771,0.008,1.0485,411.52,31.728
501018.SH,20181107,1.268,1.259,1.259,1.243,1.247,-0.021,-1.6562,23841.39,2977.494
501019.SH,20181107,0.635,0.638,0.643,0.634,0.638,0.003,0.4724,1626.0,103.266
501021.SH,20181107,1.261,1.276,1.285,1.266,1.276,0.015,1.1895,7571.0,966.196
501022.SH,20181107,0.776,0.772,0.778,0.772,0.776,0.0,0.0,1461.12,113.32
501023.SH,20181107,1.045,1.064,1.064,1.064,1.064,0.019,1.8182,61.0,6.49
501025.SH,20181107,1.087,1.06,1.06,1.06,1.06,-0.027,-2.4839,14.0,1.484
501026.SH,20181107,0.719,0.716,0.717,0.715,0.715,-0.004,-0.5563,1331.5,95.373
501028.SH,20181107,0.753,0.742,0.774,0.742,0.764,0.011,1.4608,26607.79,2047.128
501029.SH,20181107,0.864,0.864,0.868,0.86,0.861,-0.003,-0.3472,62425.0,5391.693
501030.SH,20181107,0.525,0.529,0.536,0.527,0.527,0.002,0.381,294.0,15.711
501031.SH,20181107,0.525,0.527,0.528,0.527,0.528,0.003,0.5714,288.0,15.206
501032.SH,20181107,0.73,0.718,0.718,0.718,0.718,-0.012,-1.6438,1.0,0.072
501035.SH,20181107,0.949,0.947,0.953,0.946,0.953,0.004,0.4215,7025.0,665.066
501036.SH,20181107,0.711,0.727,0.727,0.702,0.703,-0.008,-1.1252,181.0,12.766
501037.SH,20181107,0.696,0.721,0.721,0.701,0.701,0.005,0.7184,810.04,57.394
501038.SH,20181107,0.884,0.888,0.891,0.882,0.882,-0.002,-0.2262,4912.0,435.356
501040.SH,20181107,1.002,1.002,1.002,1.002,1.002,0.0,0.0,633.0,63.427
501043.SH,20181107,0.873,0.879,0.879,0.871,0.874,0.001,0.1145,247.0,21.608
501045.SH,20181107,0.888,0.885,0.885,0.865,0.883,-0.005,-0.5631,425.0,37.527
501046.SH,20181107,0.807,0.808,0.815,0.808,0.813,0.006,0.7435,3368.64,273.797
501048.SH,20181107,0.779,0.766,0.766,0.762,0.762,-0.017,-2.1823,191.0,14.623
501049.SH,20181107,0.825,0.82,0.83,0.82,0.82,-0.005,-0.6061,2422.95,199.606
501050.SH,20181107,1.122,1.125,1.133,1.121,1.123,0.001,0.0891,13862.15,1561.481
501051.SH,20181107,0.86,0.84,0.84,0.81,0.81,-0.05,-5.814,77.84,6.395
501053.SH,20181107,0.938,0.932,0.937,0.932,0.937,-0.001,-0.1066,94.47,8.832
501054.SH,20181107,0.797,0.797,0.804,0.794,0.794,-0.003,-0.3764,65858.95,5259.906
501057.SH,20181107,0.79,0.774,0.805,0.774,0.78,-0.01,-1.2658,595.46,47.059
501058.SH,20181107,0.803,0.81,0.819,0.777,0.808,0.005,0.6227,1944.0,154.934
501059.SH,20181107,1.036,0.998,0.998,0.953,0.971,-0.065,-6.2741,102.0,9.737
501060.SH,20181107,0.981,0.983,0.985,0.936,0.982,0.001,0.1019,12940.92,1270.417
501061.SH,20181107,0.981,0.989,0.989,0.978,0.978,-0.003,-0.3058,451.0,44.463
501300.SH,20181107,0.988,0.984,0.99,0.984,0.989,0.001,0.1012,7539.42,745.025
501301.SH,20181107,1.124,1.121,1.135,1.12,1.128,0.004,0.3559,812.0,91.704
501303.SH,20181107,0.853,0.841,0.855,0.841,0.855,0.002,0.2345,80.0,6.836
501305.SH,20181107,0.869,0.834,0.875,0.834,0.875,0.006,0.6904,22.0,1.839
502003.SH,20181107,1.05,1.052,1.056,1.048,1.049,-0.001,-0.0952,3496.56,367.743
502004.SH,20181107,0.949,0.949,0.949,0.946,0.948,-0.001,-0.1054,18955.0,1795.769
502005.SH,20181107,1.151,1.158,1.165,1.139,1.148,-0.003,-0.2606,2584.58,298.115
502006.SH,20181107,0.845,0.853,0.853,0.842,0.844,-0.001,-0.1183,178.85,15.142
502007.SH,20181107,0.964,0.966,0.967,0.965,0.967,0.003,0.3112,2345.18,226.533
502008.SH,20181107,0.732,0.732,0.799,0.73,0.73,-0.002,-0.2732,346.56,25.558
502010.SH,20181107,0.859,0.838,0.854,0.837,0.838,-0.021,-2.4447,4543.06,383.002
502011.SH,20181107,0.959,0.959,0.96,0.959,0.959,0.0,0.0,3277.0,314.384
502012.SH,20181107,0.748,0.735,0.747,0.712,0.713,-0.035,-4.6791,19749.2,1427.779
502013.SH,20181107,1.025,1.037,1.055,1.021,1.024,-0.001,-0.0976,2370.52,243.773
502014.SH,20181107,0.955,0.955,0.956,0.955,0.956,0.001,0.1047,3133.0,299.212
502015.SH,20181107,1.102,1.155,1.155,1.075,1.108,0.006,0.5445,456.57,50.209
502020.SH,20181107,0.9,0.924,0.926,0.881,0.881,-0.019,-2.1111,59.0,5.389
502023.SH,20181107,0.829,0.811,0.816,0.811,0.816,-0.013,-1.5682,6.93,0.565
502024.SH,20181107,0.95,0.95,0.95,0.95,0.95,0.0,0.0,500.0,47.5
502036.SH,20181107,0.722,0.737,0.737,0.737,0.737,0.015,2.0776,30.0,2.211
502041.SH,20181107,1.05,0.963,1.049,0.963,1.049,-0.001,-0.0952,81.0,7.809
502048.SH,20181107,0.84,0.842,0.847,0.835,0.835,-0.005,-0.5952,28736.06,2412.444
502049.SH,20181107,0.981,0.981,0.982,0.98,0.981,0.0,0.0,36238.58,3555.434
502050.SH,20181107,0.703,0.704,0.715,0.691,0.693,-0.01,-1.4225,135960.08,9534.836
502053.SH,20181107,1.119,1.08,1.096,1.08,1.086,-0.033,-2.9491,868.72,94.627
502054.SH,20181107,0.96,0.958,0.961,0.958,0.961,0.001,0.1042,781.0,74.88
502055.SH,20181107,1.33,1.25,1.298,1.225,1.274,-0.056,-4.2105,1546.13,195.576
502056.SH,20181107,0.918,0.93,0.938,0.921,0.921,0.003,0.3268,567.55,52.565
502058.SH,20181107,0.829,0.84,0.86,0.84,0.86,0.031,3.7394,215.7,18.45
505888.SH,20181107,0.89,0.89,0.906,0.889,0.903,0.013,1.4607,715263.0,64482.276
510010.SH,20181107,1.02,1.037,1.037,1.018,1.018,-0.002,-0.1961,182.0,18.793
510020.SH,20181107,2.559,2.53,2.56,2.522,2.549,-0.01,-0.3908,142.55,36.118
510030.SH,20181107,4.838,4.723,4.788,4.723,4.74,-0.098,-2.0256,411.0,195.21
510050.SH,20181107,2.546,2.55,2.571,2.524,2.528,-0.018,-0.707,7524801.72,1914198.097
510060.SH,20181107,1.703,1.712,1.712,1.699,1.704,0.001,0.0587,3152.39,536.563
510070.SH,20181107,1.452,1.408,1.466,1.408,1.432,-0.02,-1.3774,378.0,53.793
510090.SH,20181107,1.459,1.469,1.469,1.468,1.468,0.009,0.6169,128.0,18.798
510130.SH,20181107,3.28,3.302,3.302,3.302,3.302,0.022,0.6707,1.0,0.33
510150.SH,20181107,3.985,4.047,4.097,4.006,4.011,0.026,0.6524,5738.0,2317.401
510160.SH,20181107,0.505,0.503,0.509,0.502,0.503,-0.002,-0.396,2810.0,141.985
510170.SH,20181107,1.556,1.552,1.573,1.552,1.572,0.016,1.0283,92.0,14.29
510180.SH,20181107,2.975,2.976,2.999,2.953,2.954,-0.021,-0.7059,246531.81,73289.225
510190.SH,20181107,2.861,2.878,2.878,2.843,2.877,0.016,0.5592,446.0,127.673
510210.SH,20181107,3.167,3.167,3.176,3.167,3.167,0.0,0.0,736.0,233.145
510220.SH,20181107,3.41,3.384,3.401,3.339,3.354,-0.056,-1.6422,330.0,111.564
510230.SH,20181107,5.823,5.824,5.856,5.769,5.771,-0.052,-0.893,43911.0,25491.073
510260.SH,20181107,0.96,0.969,0.969,0.966,0.968,0.008,0.8333,666.0,64.413
510270.SH,20181107,0.981,0.982,0.992,0.981,0.992,0.011,1.1213,146.84,14.442
510280.SH,20181107,1.585,1.585,1.6,1.568,1.568,-0.017,-1.0726,1161.0,182.133
510290.SH,20181107,1.19,1.195,1.207,1.193,1.193,0.003,0.2521,558.0,66.984
510300.SH,20181107,3.299,3.302,3.336,3.269,3.272,-0.027,-0.8184,3920487.42,1293442.439
510310.SH,20181107,1.407,1.41,1.419,1.393,1.396,-0.011,-0.7818,60563.0,8522.416
510330.SH,20181107,3.571,3.574,3.609,3.554,3.557,-0.014,-0.392,2380903.0,851050.043
510360.SH,20181107,1.042,1.041,1.051,1.033,1.036,-0.006,-0.5758,82549.0,8597.935
510380.SH,20181107,0.812,0.816,0.816,0.814,0.816,0.004,0.4926,22.0,1.793
510390.SH,20181107,3.296,3.293,3.325,3.256,3.256,-0.04,-1.2136,61950.59,20429.509
510410.SH,20181107,0.62,0.62,0.625,0.618,0.62,0.0,0.0,3391.97,211.072
510430.SH,20181107,1.35,1.348,1.348,1.348,1.348,-0.002,-0.1481,3.0,0.404
510440.SH,20181107,1.339,1.298,1.336,1.298,1.336,-0.003,-0.224,90.0,11.74
510500.SH,20181107,4.735,4.736,4.78,4.688,4.69,-0.045,-0.9504,2124923.11,1006165.534
510510.SH,20181107,1.257,1.258,1.267,1.248,1.25,-0.007,-0.5569,82655.0,10385.958
510580.SH,20181107,4.432,4.422,4.423,4.347,4.399,-0.033,-0.7446,62.0,27.022
510590.SH,20181107,4.541,4.528,4.576,4.494,4.495,-0.046,-1.013,59668.8,27115.454
510600.SH,20181107,2.49,2.518,2.518,2.478,2.504,0.014,0.5622,4775.76,1194.897
510630.SH,20181107,1.898,1.9,1.93,1.881,1.911,0.013,0.6849,1790.0,340.515
510650.SH,20181107,1.737,1.689,1.713,1.685,1.686,-0.051,-2.9361,1379.0,233.239
510660.SH,20181107,1.638,1.64,1.649,1.628,1.631,-0.007,-0.4274,4559.0,748.41
510710.SH,20181107,2.719,2.719,2.76,2.688,2.718,-0.001,-0.0368,17713.0,4815.813
510800.SH,20181107,0.88,0.877,0.885,0.872,0.877,-0.003,-0.3409,20779.0,1824.241
510810.SH,20181107,0.812,0.814,0.814,0.803,0.803,-0.009,-1.1084,9926.0,800.528
510880.SH,20181107,2.656,2.656,2.673,2.638,2.641,-0.015,-0.5648,69714.0,18505.923
510900.SH,20181107,1.164,1.171,1.185,1.161,1.168,0.004,0.3436,16898913.32,1981377.673
511010.SH,20181107,114.445,114.43,114.627,114.43,114.62,0.175,0.1529,26556.0,304274.047
511220.SH,20181107,93.571,93.595,93.7,93.595,93.699,0.128,0.1368,670.0,6274.133
511230.SH,20181107,96.0,96.0,96.0,96.0,96.0,0.0,0.0,60.0,576.0
511260.SH,20181107,103.461,103.491,103.583,103.491,103.583,0.122,0.1179,989.0,10243.167
511280.SH,20181107,100.5,100.5,100.5,100.5,100.5,0.0,0.0,0.4,4.02
511310.SH,20181107,102.8,102.55,102.65,102.55,102.65,-0.15,-0.1459,1.3,13.333
511600.SH,20181107,99.999,99.998,99.999,99.996,99.998,-0.001,-0.001,924.51,9244.869
511620.SH,20181107,99.984,99.982,99.985,99.98,99.983,-0.001,-0.001,1.14,11.398
511650.SH,20181107,99.994,99.992,99.999,99.992,99.997,0.003,0.003,2669.83,26697.173
511660.SH,20181107,100.006,100.003,100.007,100.0,100.004,-0.002,-0.002,115379.08,1153830.277
511670.SH,20181107,99.995,99.992,99.998,99.992,99.996,0.001,0.001,1021.06,10210.217
511690.SH,20181107,100.0,99.995,100.0,99.994,99.995,-0.005,-0.005,33418.48,334173.548
511700.SH,20181107,100.0,99.994,100.0,99.994,99.999,-0.001,-0.001,567.04,5670.269
511770.SH,20181107,99.998,99.987,99.996,99.987,99.996,-0.002,-0.002,8.15,81.495
511800.SH,20181107,99.998,99.991,99.998,99.991,99.997,-0.001,-0.001,838.95,8389.092
511810.SH,20181107,99.998,99.996,99.999,99.996,99.996,-0.002,-0.002,59034.53,590327.343
511820.SH,20181107,99.999,99.996,99.997,99.994,99.996,-0.003,-0.003,2165.12,21650.177
511830.SH,20181107,100.0,99.998,100.0,99.994,99.996,-0.004,-0.004,439.18,4391.736
511850.SH,20181107,100.012,100.009,100.013,100.005,100.012,0.0,0.0,12380.52,123816.33
511860.SH,20181107,100.001,99.993,100.006,99.993,99.999,-0.002,-0.002,99.47,994.682
511880.SH,20181107,103.207,103.213,103.214,103.208,103.21,0.003,0.0029,588468.46,6073653.023
511900.SH,20181107,99.998,99.999,99.999,99.993,99.998,0.0,0.0,10577.74,105773.183
511910.SH,20181107,99.995,99.988,99.995,99.988,99.994,-0.001,-0.001,599.34,5992.928
511920.SH,20181107,100.014,100.0,100.0,100.0,100.0,-0.014,-0.014,0.01,0.1
511930.SH,20181107,100.02,99.97,108.0,91.1,99.999,-0.021,-0.021,476.62,4786.996
511950.SH,20181107,100.0,100.0,100.014,99.983,99.983,-0.017,-0.017,3.34,33.4
511960.SH,20181107,99.996,99.99,99.995,99.983,99.995,-0.001,-0.001,51.65,516.458
511980.SH,20181107,99.998,99.993,99.997,99.993,99.997,-0.001,-0.001,713.65,7136.159
511990.SH,20181107,100.008,100.005,100.007,99.998,99.999,-0.009,-0.009,890927.41,8909470.087
512000.SH,20181107,0.737,0.73,0.736,0.721,0.722,-0.015,-2.0353,780260.0,56758.527
512010.SH,20181107,1.558,1.56,1.569,1.545,1.545,-0.013,-0.8344,103571.0,16151.329
512070.SH,20181107,1.792,1.781,1.79,1.761,1.766,-0.026,-1.4509,8321.0,1475.717
512090.SH,20181107,0.881,0.883,0.889,0.875,0.877,-0.004,-0.454,1339329.0,118059.874
512100.SH,20181107,0.552,0.552,0.556,0.548,0.55,-0.002,-0.3623,20272.0,1121.827
512120.SH,20181107,1.359,1.356,1.368,1.352,1.355,-0.004,-0.2943,6172.0,843.024
512160.SH,20181107,0.882,0.88,0.891,0.876,0.878,-0.004,-0.4535,528165.0,46649.501
512180.SH,20181107,0.863,0.865,0.872,0.857,0.86,-0.003,-0.3476,1141278.0,98612.269
512200.SH,20181107,0.728,0.726,0.732,0.72,0.722,-0.006,-0.8242,19652.0,1423.249
512280.SH,20181107,0.862,0.862,0.871,0.856,0.856,-0.006,-0.6961,704996.58,60785.317
512300.SH,20181107,0.955,0.956,0.98,0.956,0.956,0.001,0.1047,38603.24,3711.259
512310.SH,20181107,0.426,0.425,0.427,0.423,0.423,-0.003,-0.7042,5522.0,235.126
512330.SH,20181107,0.603,0.602,0.612,0.599,0.6,-0.003,-0.4975,12654.0,764.338
512340.SH,20181107,0.687,0.692,0.693,0.686,0.687,0.0,0.0,1961.0,135.38
512360.SH,20181107,0.894,0.893,0.907,0.868,0.89,-0.004,-0.4474,51510.0,4621.408
512390.SH,20181107,0.866,0.864,0.872,0.864,0.87,0.004,0.4619,57924.0,5038.295
512400.SH,20181107,0.607,0.61,0.633,0.61,0.622,0.015,2.4712,46618.0,2912.408
512500.SH,20181107,2.203,2.204,2.224,2.189,2.189,-0.014,-0.6355,312429.0,68970.056
512510.SH,20181107,0.941,0.941,0.951,0.935,0.935,-0.006,-0.6376,82169.0,7767.031
512520.SH,20181107,0.867,0.867,0.875,0.859,0.859,-0.008,-0.9227,115462.0,10012.676
512550.SH,20181107,0.972,0.982,0.982,0.965,0.967,-0.005,-0.5144,6535.0,636.296
512560.SH,20181107,0.704,0.707,0.707,0.7,0.705,0.001,0.142,1027.0,72.09
512570.SH,20181107,0.73,0.73,0.73,0.71,0.713,-0.017,-2.3288,2184.0,156.479
512580.SH,20181107,0.671,0.669,0.675,0.665,0.665,-0.006,-0.8942,96612.0,6481.412
512600.SH,20181107,1.769,1.751,1.769,1.751,1.76,-0.009,-0.5088,52.0,9.171
512610.SH,20181107,1.324,1.326,1.348,1.326,1.334,0.01,0.7553,356.0,47.822
512640.SH,20181107,1.706,1.699,1.705,1.699,1.705,-0.001,-0.0586,4.0,0.681
512660.SH,20181107,0.66,0.659,0.665,0.652,0.655,-0.005,-0.7576,718541.51,47218.633
512680.SH,20181107,0.646,0.647,0.653,0.641,0.642,-0.004,-0.6192,40736.0,2646.149
512700.SH,20181107,1.008,1.009,1.013,1.003,1.004,-0.004,-0.3968,2673.0,269.302
512770.SH,20181107,0.89,0.891,0.908,0.89,0.893,0.003,0.3371,14131.0,1272.854
512780.SH,20181107,0.702,0.7,0.705,0.697,0.698,-0.004,-0.5698,16287.0,1141.575
512800.SH,20181107,0.976,0.976,0.985,0.97,0.971,-0.005,-0.5123,506956.0,49471.943
512810.SH,20181107,0.624,0.629,0.63,0.62,0.62,-0.004,-0.641,1530.0,95.665
512860.SH,20181107,1.024,1.026,1.036,1.02,1.02,-0.004,-0.3906,30569.0,3145.04
512880.SH,20181107,0.771,0.768,0.77,0.755,0.759,-0.012,-1.5564,2086002.79,158976.096
512900.SH,20181107,0.744,0.742,0.742,0.727,0.727,-0.017,-2.2849,23874.0,1745.239
512980.SH,20181107,0.678,0.678,0.692,0.676,0.676,-0.002,-0.295,55389.0,3772.399
512990.SH,20181107,0.95,0.949,0.958,0.944,0.946,-0.004,-0.4211,67807.0,6445.381
513030.SH,20181107,1.017,1.017,1.029,1.015,1.017,0.0,0.0,16255.0,1657.718
513050.SH,20181107,1.167,1.173,1.192,1.164,1.169,0.002,0.1714,1139051.32,133830.723
513100.SH,20181107,2.499,2.525,2.542,2.525,2.528,0.029,1.1605,172760.0,43744.404
513500.SH,20181107,1.763,1.768,1.778,1.768,1.772,0.009,0.5105,188889.0,33517.483
513600.SH,20181107,2.418,2.43,2.5,2.427,2.435,0.017,0.7031,3378.0,826.495
513660.SH,20181107,2.412,2.418,2.461,2.408,2.417,0.005,0.2073,2521.0,611.697
513900.SH,20181107,0.912,0.912,0.923,0.909,0.913,0.001,0.1096,13951.0,1276.733
518800.SH,20181107,2.715,2.713,2.717,2.709,2.716,0.001,0.0368,184672.0,50100.727
518880.SH,20181107,2.734,2.73,2.737,2.729,2.735,0.001,0.0366,5232271.0,1430263.387
