ts_code,trade_date,pre_close,open,high,low,close,change,pct_chg,vol,amount
150008.SZ,20180615,1.085,1.08,1.08,1.08,1.08,-0.005,-0.4608,2.0,0.216
150009.SZ,20180615,0.888,0.887,0.887,0.883,0.886,-0.002,-0.2252,532.95,47.144
150012.SZ,20180615,1.05,1.046,1.046,1.046,1.046,-0.004,-0.381,1801.0,188.384
150013.SZ,20180615,1.43,1.448,1.448,1.401,1.425,-0.005,-0.3497,270.0,37.894
150017.SZ,20180615,1.455,1.457,1.457,1.441,1.455,0.0,0.0,81.0,11.761
150018.SZ,20180615,0.947,0.941,0.945,0.941,0.943,-0.004,-0.4224,113175.23,10676.093
150019.SZ,20180615,1.047,1.045,1.049,1.03,1.035,-0.012,-1.1461,236612.0,24559.73
150022.SZ,20180615,0.859,0.86,0.86,0.845,0.848,-0.011,-1.2806,277750.63,23615.232
150023.SZ,20180615,0.222,0.222,0.226,0.218,0.221,-0.001,-0.4505,379426.34,8391.626
150028.SZ,20180615,0.948,0.939,0.942,0.938,0.941,-0.007,-0.7384,1155.0,108.683
150029.SZ,20180615,1.28,1.255,1.255,1.243,1.253,-0.027,-2.1094,342.0,42.851
150030.SZ,20180615,1.044,1.052,1.052,1.052,1.052,0.008,0.7663,18.0,1.893
150031.SZ,20180615,0.938,0.959,0.959,0.93,0.93,-0.008,-0.8529,33.58,3.175
150032.SZ,20180615,0.981,0.984,0.984,0.974,0.974,-0.007,-0.7136,82.0,8.046
150049.SZ,20180615,0.948,0.945,0.946,0.939,0.944,-0.004,-0.4219,890.0,83.775
150050.SZ,20180615,0.879,0.88,0.88,0.88,0.88,0.001,0.1138,600.0,52.8
150051.SZ,20180615,0.947,0.946,0.948,0.944,0.945,-0.002,-0.2112,17051.0,1611.073
150052.SZ,20180615,0.781,0.79,0.79,0.77,0.779,-0.002,-0.2561,6460.88,503.918
150055.SZ,20180615,1.037,1.031,1.031,1.031,1.031,-0.006,-0.5786,1765.0,181.971
150059.SZ,20180615,0.983,0.974,0.974,0.974,0.974,-0.009,-0.9156,5.0,0.487
150060.SZ,20180615,1.14,1.112,1.112,1.112,1.112,-0.028,-2.4561,1.0,0.111
150064.SZ,20180615,0.998,0.997,0.997,0.997,0.997,-0.001,-0.1002,4.0,0.398
150065.SZ,20180615,0.881,0.87,0.873,0.87,0.873,-0.008,-0.9081,20.49,1.784
150066.SZ,20180615,0.938,0.938,0.942,0.938,0.941,0.003,0.3198,278.0,26.17
150075.SZ,20180615,0.869,0.81,0.81,0.81,0.81,-0.059,-6.7894,3.22,0.26
150077.SZ,20180615,1.621,1.46,1.46,1.46,1.46,-0.161,-9.9321,69.51,10.148
150094.SZ,20180615,0.983,0.983,0.985,0.983,0.985,0.002,0.2035,3116.0,306.578
150095.SZ,20180615,0.34,0.359,0.359,0.359,0.359,0.019,5.5882,1.0,0.035
150100.SZ,20180615,0.96,0.971,0.972,0.971,0.972,0.012,1.25,90.0,8.744
150101.SZ,20180615,1.263,1.268,1.268,1.236,1.236,-0.027,-2.1378,469.0,58.328
150106.SZ,20180615,1.057,1.055,1.056,1.053,1.056,-0.001,-0.0946,1741.0,183.578
150107.SZ,20180615,1.008,1.008,1.008,0.977,0.984,-0.024,-2.381,4117.33,406.047
150117.SZ,20180615,0.975,0.975,0.975,0.97,0.973,-0.002,-0.2051,10193.0,990.006
150118.SZ,20180615,0.444,0.449,0.474,0.445,0.461,0.017,3.8288,282003.54,13005.924
150123.SZ,20180615,1.007,1.005,1.005,1.004,1.005,-0.002,-0.1986,2612.0,262.418
150124.SZ,20180615,0.88,0.871,0.877,0.86,0.861,-0.019,-2.1591,3932.0,339.769
150130.SZ,20180615,1.028,1.02,1.025,1.02,1.024,-0.004,-0.3891,1275.0,130.496
150131.SZ,20180615,0.838,0.839,0.845,0.804,0.812,-0.026,-3.1026,242683.12,19886.794
150136.SZ,20180615,0.95,0.998,0.998,0.99,0.99,0.04,4.2105,329.0,32.754
150144.SZ,20180615,0.99,0.994,0.998,0.901,0.901,-0.089,-8.9899,275.51,27.309
150146.SZ,20180615,0.957,0.866,0.927,0.864,0.864,-0.093,-9.7179,170.0,15.158
150149.SZ,20180615,1.004,0.993,0.993,0.951,0.973,-0.031,-3.0876,837.0,80.819
150151.SZ,20180615,1.134,1.173,1.173,1.107,1.165,0.031,2.7337,2.21,0.257
150152.SZ,20180615,0.957,0.957,0.957,0.954,0.955,-0.002,-0.209,517679.22,49462.633
150153.SZ,20180615,0.492,0.491,0.498,0.473,0.476,-0.016,-3.252,3755477.7,181847.5
150157.SZ,20180615,0.954,0.952,0.952,0.948,0.95,-0.004,-0.4193,15461.0,1470.171
150158.SZ,20180615,0.886,0.888,0.896,0.875,0.884,-0.002,-0.2257,10307.0,915.069
150167.SZ,20180615,0.971,0.969,0.969,0.969,0.969,-0.002,-0.206,250.0,24.225
150169.SZ,20180615,0.946,0.946,0.946,0.943,0.945,-0.001,-0.1057,1233.0,116.526
150170.SZ,20180615,1.476,1.479,1.479,1.471,1.471,-0.005,-0.3388,1542.0,227.341
150171.SZ,20180615,0.938,0.939,0.939,0.933,0.936,-0.002,-0.2132,128820.66,12048.599
150172.SZ,20180615,0.665,0.663,0.671,0.656,0.657,-0.008,-1.203,313105.06,20790.543
150173.SZ,20180615,0.971,0.97,0.973,0.97,0.973,0.002,0.206,44827.86,4354.754
150174.SZ,20180615,0.392,0.392,0.392,0.353,0.353,-0.039,-9.949,7101.0,257.176
150175.SZ,20180615,0.948,0.948,0.948,0.941,0.943,-0.005,-0.5274,139895.0,13200.564
150176.SZ,20180615,1.064,1.065,1.071,1.057,1.06,-0.004,-0.3759,42067.0,4471.054
150177.SZ,20180615,0.948,0.946,0.946,0.944,0.944,-0.004,-0.4219,1539.0,145.46
150178.SZ,20180615,1.19,1.198,1.21,1.185,1.191,0.001,0.084,2995.19,357.965
150180.SZ,20180615,1.26,1.192,1.2,1.192,1.194,-0.066,-5.2381,21.86,2.613
150181.SZ,20180615,0.954,0.954,0.959,0.953,0.956,0.002,0.2096,274888.06,26284.315
150182.SZ,20180615,0.464,0.462,0.468,0.423,0.424,-0.04,-8.6207,690672.39,30547.974
150184.SZ,20180615,0.959,0.952,0.955,0.952,0.954,-0.005,-0.5214,1952.07,186.296
150185.SZ,20180615,0.547,0.547,0.547,0.518,0.529,-0.018,-3.2907,11385.48,603.925
150186.SZ,20180615,0.941,0.936,0.939,0.936,0.938,-0.003,-0.3188,3311.0,310.306
150187.SZ,20180615,1.04,1.03,1.067,1.0,1.013,-0.027,-2.5962,2477.84,251.887
150188.SZ,20180615,0.995,0.995,0.995,0.994,0.995,0.0,0.0,1284.0,127.757
150189.SZ,20180615,0.613,0.613,0.613,0.585,0.585,-0.028,-4.5677,1961.39,116.476
150193.SZ,20180615,1.056,1.025,1.12,1.025,1.031,-0.025,-2.3674,145.59,15.707
150194.SZ,20180615,0.95,0.946,0.948,0.943,0.945,-0.005,-0.5263,30209.03,2852.612
150195.SZ,20180615,1.021,1.021,1.025,0.993,0.999,-0.022,-2.1548,5407.8,541.732
150196.SZ,20180615,0.974,0.97,0.97,0.965,0.97,-0.004,-0.4107,5862.83,567.057
150197.SZ,20180615,0.952,0.952,0.955,0.92,0.93,-0.022,-2.3109,23849.83,2221.008
150198.SZ,20180615,1.041,1.035,1.045,1.01,1.045,0.004,0.3842,5057.0,524.904
150199.SZ,20180615,1.801,1.8,1.8,1.763,1.777,-0.024,-1.3326,28049.0,4988.248
150200.SZ,20180615,0.941,0.942,0.942,0.935,0.94,-0.001,-0.1063,113204.53,10610.356
150201.SZ,20180615,0.909,0.905,0.916,0.896,0.9,-0.009,-0.9901,317898.44,28764.959
150203.SZ,20180615,0.962,0.959,0.959,0.954,0.954,-0.008,-0.8316,461.84,44.109
150204.SZ,20180615,0.475,0.47,0.494,0.438,0.438,-0.037,-7.7895,2696.22,122.831
150205.SZ,20180615,0.95,0.949,0.949,0.946,0.947,-0.003,-0.3158,50090.58,4744.91
150206.SZ,20180615,0.597,0.6,0.604,0.56,0.563,-0.034,-5.6951,100694.61,5847.711
150208.SZ,20180615,0.455,0.44,0.498,0.44,0.481,0.026,5.7143,481.0,22.717
150209.SZ,20180615,0.948,0.948,0.948,0.942,0.948,0.0,0.0,19552.3,1849.251
150210.SZ,20180615,0.8,0.799,0.805,0.787,0.791,-0.009,-1.125,25642.39,2039.425
150211.SZ,20180615,0.958,0.957,0.957,0.954,0.955,-0.003,-0.3132,115787.48,11065.955
150212.SZ,20180615,0.53,0.533,0.538,0.512,0.515,-0.015,-2.8302,50444.55,2629.361
150213.SZ,20180615,0.962,0.951,0.951,0.951,0.951,-0.011,-1.1435,6.0,0.57
150214.SZ,20180615,0.962,0.925,0.945,0.913,0.913,-0.049,-5.0936,130.91,12.131
150215.SZ,20180615,1.048,1.0,1.048,1.0,1.048,0.0,0.0,3.0,0.309
150216.SZ,20180615,1.016,1.01,1.011,0.98,0.987,-0.029,-2.8543,612.37,61.899
150217.SZ,20180615,0.974,0.974,0.976,0.974,0.976,0.002,0.2053,72893.55,7109.116
150218.SZ,20180615,0.381,0.38,0.387,0.365,0.365,-0.016,-4.1995,16035.76,589.36
150219.SZ,20180615,1.067,1.089,1.089,1.055,1.065,-0.002,-0.1874,3612.0,384.67
150220.SZ,20180615,0.857,0.846,0.85,0.816,0.819,-0.038,-4.4341,2810.0,232.468
150221.SZ,20180615,1.026,1.027,1.027,1.024,1.025,-0.001,-0.0975,24191.59,2480.113
150222.SZ,20180615,0.951,0.944,0.951,0.91,0.916,-0.035,-3.6803,36190.71,3346.185
150223.SZ,20180615,1.006,1.005,1.005,1.004,1.005,-0.001,-0.0994,83114.92,8345.95
150224.SZ,20180615,0.521,0.52,0.525,0.505,0.509,-0.012,-2.3033,1525914.18,78561.489
150226.SZ,20180615,0.963,1.042,1.042,0.966,0.966,0.003,0.3115,2.0,0.2
150227.SZ,20180615,0.953,0.952,0.953,0.945,0.951,-0.002,-0.2099,274785.72,26082.614
150228.SZ,20180615,0.796,0.795,0.807,0.79,0.803,0.007,0.8794,315573.73,25336.61
150230.SZ,20180615,1.06,1.082,1.084,1.071,1.075,0.015,1.4151,1148.34,123.656
150232.SZ,20180615,0.986,1.01,1.01,0.956,0.96,-0.026,-2.6369,378.76,36.386
150233.SZ,20180615,0.942,0.936,0.936,0.936,0.936,-0.006,-0.6369,0.08,0.007
150234.SZ,20180615,0.676,0.67,0.67,0.67,0.67,-0.006,-0.8876,80.0,5.36
150236.SZ,20180615,0.459,0.459,0.462,0.444,0.451,-0.008,-1.7429,3878.69,175.888
150241.SZ,20180615,0.951,0.948,0.948,0.943,0.945,-0.006,-0.6309,2851.0,269.226
150242.SZ,20180615,0.964,0.968,0.975,0.968,0.97,0.006,0.6224,668.0,64.976
150243.SZ,20180615,0.961,0.951,0.952,0.95,0.951,-0.01,-1.0406,1888.75,179.64
150244.SZ,20180615,0.538,0.541,0.555,0.524,0.525,-0.013,-2.4164,12234.13,655.409
150246.SZ,20180615,0.997,0.904,0.991,0.897,0.9,-0.097,-9.7292,494.19,45.346
150247.SZ,20180615,0.977,0.975,0.975,0.973,0.973,-0.004,-0.4094,14777.0,1438.765
150248.SZ,20180615,0.44,0.448,0.448,0.412,0.416,-0.024,-5.4545,3182.89,136.165
150250.SZ,20180615,0.896,0.986,0.986,0.902,0.955,0.059,6.5848,146.0,13.182
150251.SZ,20180615,0.954,0.954,0.954,0.954,0.954,0.0,0.0,761.0,72.599
150252.SZ,20180615,0.974,0.988,1.017,0.98,1.013,0.039,4.0041,1800.71,179.879
150255.SZ,20180615,0.937,0.937,0.937,0.934,0.935,-0.002,-0.2134,23745.53,2222.68
150256.SZ,20180615,0.801,0.836,0.838,0.836,0.836,0.035,4.3695,1.0,0.083
150259.SZ,20180615,0.947,0.945,0.947,0.944,0.945,-0.002,-0.2112,12304.0,1162.658
150260.SZ,20180615,0.405,0.392,0.392,0.391,0.391,-0.014,-3.4568,148.93,5.837
150261.SZ,20180615,1.056,1.053,1.054,1.04,1.054,-0.002,-0.1894,2659.91,280.292
150262.SZ,20180615,0.956,0.934,0.955,0.92,0.925,-0.031,-3.2427,5827.45,539.871
150265.SZ,20180615,0.98,0.98,1.012,0.98,0.984,0.004,0.4082,1596.21,157.053
150266.SZ,20180615,0.991,1.0,1.0,0.95,0.981,-0.01,-1.0091,1837.16,176.23
150267.SZ,20180615,0.966,0.968,0.968,0.963,0.963,-0.003,-0.3106,3364.0,324.395
150268.SZ,20180615,0.89,0.89,0.9,0.89,0.898,0.008,0.8989,2085.0,187.413
150269.SZ,20180615,0.949,0.945,0.952,0.945,0.945,-0.004,-0.4215,7330.0,693.354
150270.SZ,20180615,1.658,1.64,1.652,1.614,1.638,-0.02,-1.2063,39453.0,6433.196
150274.SZ,20180615,0.407,0.407,0.414,0.385,0.385,-0.022,-5.4054,1606.0,62.154
150275.SZ,20180615,0.978,0.976,0.98,0.966,0.979,0.001,0.1022,13024.0,1273.566
150276.SZ,20180615,0.343,0.338,0.345,0.325,0.325,-0.018,-5.2478,30036.07,987.923
150277.SZ,20180615,0.95,0.95,0.95,0.95,0.95,0.0,0.0,2165.0,205.675
150278.SZ,20180615,0.826,0.86,0.86,0.789,0.815,-0.011,-1.3317,517.29,41.707
150279.SZ,20180615,0.977,0.951,0.985,0.951,0.985,0.008,0.8188,493.6,46.944
150280.SZ,20180615,0.644,0.698,0.698,0.58,0.58,-0.064,-9.9379,37.0,2.281
150281.SZ,20180615,0.968,0.967,0.967,0.958,0.958,-0.01,-1.0331,280.0,27.049
150283.SZ,20180615,0.975,0.972,0.973,0.964,0.965,-0.01,-1.0256,812.0,78.486
150284.SZ,20180615,1.121,1.1,1.1,1.1,1.1,-0.021,-1.8733,46.0,5.06
150287.SZ,20180615,0.974,0.964,0.975,0.964,0.972,-0.002,-0.2053,25751.11,2499.426
150288.SZ,20180615,0.666,0.652,0.675,0.65,0.656,-0.01,-1.5015,115011.0,7623.92
150289.SZ,20180615,0.95,0.949,0.955,0.949,0.952,0.002,0.2105,9624.29,916.209
150290.SZ,20180615,1.057,1.054,1.099,1.049,1.09,0.033,3.122,204527.57,22061.713
150291.SZ,20180615,0.975,0.973,0.973,0.971,0.972,-0.003,-0.3077,20558.0,1998.314
150292.SZ,20180615,0.677,0.67,0.675,0.656,0.67,-0.007,-1.034,11427.02,758.517
150295.SZ,20180615,0.967,0.963,0.964,0.962,0.964,-0.003,-0.3102,1733.0,166.873
150296.SZ,20180615,0.889,0.881,0.884,0.881,0.884,-0.005,-0.5624,420.5,37.145
150298.SZ,20180615,0.449,0.44,0.44,0.438,0.438,-0.011,-2.4499,71.0,3.116
150299.SZ,20180615,0.975,0.964,0.975,0.964,0.972,-0.003,-0.3077,22708.0,2204.208
150300.SZ,20180615,0.632,0.628,0.647,0.626,0.636,0.004,0.6329,44220.48,2813.522
150301.SZ,20180615,0.973,0.973,0.973,0.973,0.973,0.0,0.0,1024.0,99.635
150302.SZ,20180615,0.62,0.578,0.609,0.578,0.609,-0.011,-1.7742,392.9,23.069
150303.SZ,20180615,0.975,0.974,0.976,0.973,0.975,0.0,0.0,17741.57,1727.79
150304.SZ,20180615,0.453,0.455,0.46,0.409,0.426,-0.027,-5.9603,125120.58,5422.296
150306.SZ,20180615,0.53,0.508,0.534,0.508,0.534,0.004,0.7547,21.0,1.069
150307.SZ,20180615,0.961,0.958,0.958,0.931,0.956,-0.005,-0.5203,3888.0,371.729
150308.SZ,20180615,0.663,0.621,0.636,0.603,0.603,-0.06,-9.0498,122.19,7.709
150311.SZ,20180615,0.966,0.956,0.956,0.956,0.956,-0.01,-1.0352,100.0,9.56
150312.SZ,20180615,0.734,0.661,0.734,0.661,0.734,0.0,0.0,330.81,21.873
150315.SZ,20180615,0.96,0.951,0.951,0.951,0.951,-0.009,-0.9375,10.0,0.951
150316.SZ,20180615,0.539,0.5,0.536,0.5,0.516,-0.023,-4.2672,3017.57,151.396
150321.SZ,20180615,1.039,1.038,1.039,1.037,1.037,-0.002,-0.1925,1317.0,136.739
150322.SZ,20180615,0.987,0.998,1.024,0.99,1.015,0.028,2.8369,2180.17,220.664
150323.SZ,20180615,0.983,0.975,0.975,0.975,0.975,-0.008,-0.8138,4.0,0.39
150325.SZ,20180615,0.978,0.972,0.972,0.972,0.972,-0.006,-0.6135,200.0,19.44
150328.SZ,20180615,0.958,0.909,0.909,0.909,0.909,-0.049,-5.1148,11.0,0.999
150329.SZ,20180615,0.948,0.944,0.947,0.944,0.946,-0.002,-0.211,8421.0,796.609
150330.SZ,20180615,1.396,1.408,1.42,1.383,1.413,0.017,1.2178,9013.0,1269.261
150331.SZ,20180615,1.001,0.998,0.999,0.997,0.999,-0.002,-0.1998,501.0,49.999
150335.SZ,20180615,0.978,0.973,0.974,0.973,0.974,-0.004,-0.409,478.0,46.517
150336.SZ,20180615,0.792,0.835,0.835,0.714,0.831,0.039,4.9242,92.52,6.629
150343.SZ,20180615,0.979,0.97,0.97,0.97,0.97,-0.009,-0.9193,0.1,0.009
150344.SZ,20180615,0.594,0.61,0.61,0.61,0.61,0.016,2.6936,11.0,0.671
159001.SZ,20180615,100.0,99.999,99.999,99.989,99.999,-0.001,-0.001,175815.76,1758073.154
159003.SZ,20180615,100.0,99.997,99.998,99.99,99.995,-0.005,-0.005,90162.44,901578.238
159005.SZ,20180615,100.0,100.0,100.001,99.999,100.0,0.0,0.0,267039.66,2670395.786
159901.SZ,20180615,4.625,4.619,4.64,4.561,4.591,-0.034,-0.7351,30416.0,13991.086
159902.SZ,20180615,3.343,3.343,3.35,3.28,3.293,-0.05,-1.4957,116231.34,38339.125
159903.SZ,20180615,1.117,1.118,1.122,1.102,1.121,0.004,0.3581,3987.0,444.258
159905.SZ,20180615,1.653,1.656,1.66,1.648,1.65,-0.003,-0.1815,8270.0,1367.887
159906.SZ,20180615,0.967,0.947,0.959,0.93,0.936,-0.031,-3.2058,42.01,3.964
159907.SZ,20180615,1.36,1.362,1.378,1.337,1.343,-0.017,-1.25,364.0,48.998
159908.SZ,20180615,1.71,1.553,1.77,1.553,1.77,0.06,3.5088,9.0,1.42
159909.SZ,20180615,4.826,4.816,4.816,4.714,4.727,-0.099,-2.0514,94.0,44.838
159910.SZ,20180615,1.708,1.709,1.714,1.694,1.7,-0.008,-0.4684,3424.0,582.315
159912.SZ,20180615,1.347,1.356,1.356,1.331,1.348,0.001,0.0742,344.02,46.362
159913.SZ,20180615,1.772,1.755,1.755,1.755,1.755,-0.017,-0.9594,125.0,21.937
159915.SZ,20180615,1.587,1.586,1.593,1.55,1.554,-0.033,-2.0794,5400178.03,845181.897
159916.SZ,20180615,3.657,3.657,3.657,3.63,3.655,-0.002,-0.0547,394.46,143.858
159918.SZ,20180615,1.59,1.55,1.589,1.505,1.585,-0.005,-0.3145,196.0,29.922
159919.SZ,20180615,4.11,4.11,4.127,4.082,4.097,-0.013,-0.3163,69821.72,28648.676
159920.SZ,20180615,1.575,1.582,1.589,1.579,1.583,0.008,0.5079,1513626.91,239874.847
159922.SZ,20180615,5.76,5.759,5.759,5.622,5.694,-0.066,-1.1458,1853.0,1047.139
159923.SZ,20180615,1.568,1.558,1.576,1.556,1.565,-0.003,-0.1913,1126.0,176.014
159925.SZ,20180615,1.576,1.576,1.585,1.568,1.572,-0.004,-0.2538,624.65,98.253
159926.SZ,20180615,110.001,109.03,109.03,109.03,109.03,-0.971,-0.8827,1.0,10.903
159928.SZ,20180615,2.43,2.42,2.426,2.4,2.415,-0.015,-0.6173,14961.99,3606.541
159929.SZ,20180615,1.755,1.755,1.76,1.721,1.726,-0.029,-1.6524,11235.04,1944.99
159930.SZ,20180615,0.765,0.766,0.769,0.762,0.762,-0.003,-0.3922,1860.0,142.178
159931.SZ,20180615,1.563,1.548,1.583,1.548,1.553,-0.01,-0.6398,171.01,26.947
159932.SZ,20180615,1.548,1.563,1.563,1.563,1.563,0.015,0.969,1.0,0.156
159933.SZ,20180615,1.798,1.758,1.791,1.738,1.778,-0.02,-1.1123,696.43,121.324
159934.SZ,20180615,2.662,2.67,2.672,2.662,2.666,0.004,0.1503,128616.0,34312.66
159935.SZ,20180615,1.546,1.492,1.62,1.492,1.546,0.0,0.0,24.0,3.723
159936.SZ,20180615,1.502,1.495,1.495,1.489,1.489,-0.013,-0.8655,98.0,14.643
159937.SZ,20180615,2.682,2.685,2.692,2.681,2.684,0.002,0.0746,517103.0,138983.616
159938.SZ,20180615,1.491,1.49,1.491,1.454,1.46,-0.031,-2.0791,76957.0,11277.435
159939.SZ,20180615,1.01,1.018,1.019,0.987,0.996,-0.014,-1.3861,29679.5,2957.641
159940.SZ,20180615,0.87,0.868,0.899,0.868,0.873,0.003,0.3448,1818.0,158.766
159941.SZ,20180615,1.544,1.544,1.59,1.544,1.58,0.036,2.3316,2077.03,327.73
159942.SZ,20180615,1.81,1.802,1.802,1.78,1.787,-0.023,-1.2707,49.0,8.758
159943.SZ,20180615,10.686,10.686,10.686,10.561,10.6,-0.086,-0.8048,332.3,352.735
159944.SZ,20180615,0.838,0.838,0.838,0.826,0.829,-0.009,-1.074,411.03,34.244
159945.SZ,20180615,0.698,0.697,0.697,0.69,0.691,-0.007,-1.0029,250.1,17.343
159946.SZ,20180615,1.318,1.292,1.339,1.292,1.325,0.007,0.5311,5.0,0.66
159948.SZ,20180615,1.738,1.735,1.746,1.7,1.704,-0.034,-1.9563,34584.0,5931.331
159949.SZ,20180615,0.613,0.614,0.616,0.596,0.598,-0.015,-2.447,8613774.17,519992.38
159950.SZ,20180615,0.998,1.003,1.003,0.989,0.996,-0.002,-0.2004,260.0,25.878
159951.SZ,20180615,0.869,0.9,0.9,0.838,0.846,-0.023,-2.6467,319.0,27.06
159952.SZ,20180615,0.953,0.957,0.959,0.934,0.935,-0.018,-1.8888,370314.0,34838.795
159953.SZ,20180615,0.8,0.797,0.797,0.786,0.796,-0.004,-0.5,67.01,5.334
159954.SZ,20180615,0.983,0.984,0.989,0.984,0.986,0.003,0.3052,21779.13,2148.986
159955.SZ,20180615,0.908,0.913,0.913,0.889,0.891,-0.017,-1.8722,15677.0,1405.251
159956.SZ,20180615,0.941,0.946,0.969,0.932,0.94,-0.001,-0.1063,5465.59,513.076
159957.SZ,20180615,0.968,0.968,0.972,0.95,0.956,-0.012,-1.2397,25781.0,2466.046
159958.SZ,20180615,0.961,0.959,0.964,0.937,0.942,-0.019,-1.9771,125556.0,11860.773
160105.SZ,20180615,1.063,1.062,1.062,1.03,1.041,-0.022,-2.0696,225.0,23.198
160106.SZ,20180615,1.157,1.162,1.188,1.141,1.155,-0.002,-0.1729,1869.67,215.682
160119.SZ,20180615,1.394,1.399,1.399,1.367,1.369,-0.025,-1.7934,6247.81,864.435
160125.SZ,20180615,1.088,1.071,1.086,1.071,1.082,-0.006,-0.5515,90.0,9.753
160128.SZ,20180615,0.985,0.983,0.983,0.983,0.983,-0.002,-0.203,560.0,55.048
160131.SZ,20180615,1.002,1.005,1.009,1.003,1.009,0.007,0.6986,753.0,75.863
160133.SZ,20180615,2.233,2.228,2.246,2.207,2.207,-0.026,-1.1644,685.32,151.827
160138.SZ,20180615,1.075,1.087,1.087,1.075,1.075,0.0,0.0,69.0,7.44
160140.SZ,20180615,0.979,0.982,0.982,0.966,0.982,0.003,0.3064,137.0,13.365
160211.SZ,20180615,2.326,2.32,2.32,2.27,2.273,-0.053,-2.2786,3268.38,746.984
160212.SZ,20180615,2.312,2.326,2.326,2.27,2.278,-0.034,-1.4706,11971.05,2733.999
160215.SZ,20180615,1.663,1.654,1.658,1.64,1.652,-0.011,-0.6615,1278.0,210.481
160216.SZ,20180615,0.498,0.5,0.503,0.5,0.503,0.005,1.004,35543.89,1783.671
160220.SZ,20180615,1.288,1.297,1.297,1.297,1.297,0.009,0.6988,2.0,0.259
160223.SZ,20180615,0.808,0.787,0.797,0.78,0.789,-0.019,-2.3515,2912.61,228.227
160225.SZ,20180615,0.962,0.961,0.968,0.948,0.948,-0.014,-1.4553,2341.0,223.26
160311.SZ,20180615,1.485,1.484,1.49,1.48,1.48,-0.005,-0.3367,374.0,55.418
160314.SZ,20180615,1.03,1.029,1.029,1.02,1.021,-0.009,-0.8738,720.26,73.735
160322.SZ,20180615,1.215,1.198,1.201,1.198,1.201,-0.014,-1.1523,22.0,2.635
160323.SZ,20180615,1.005,1.001,1.005,1.001,1.005,0.0,0.0,4200.3,420.454
160324.SZ,20180615,0.905,0.904,0.904,0.879,0.899,-0.006,-0.663,892.0,80.105
160416.SZ,20180615,1.029,1.024,1.026,1.017,1.021,-0.008,-0.7775,1547.0,158.101
160421.SZ,20180615,0.916,0.915,0.916,0.908,0.913,-0.003,-0.3275,20616.14,1881.405
160505.SZ,20180615,1.545,1.545,1.55,1.524,1.533,-0.012,-0.7767,45368.91,6950.823
160512.SZ,20180615,1.701,1.67,1.684,1.663,1.683,-0.018,-1.0582,185.0,30.856
160513.SZ,20180615,1.386,1.368,1.368,1.368,1.368,-0.018,-1.2987,1.0,0.136
160515.SZ,20180615,0.973,0.969,0.975,0.969,0.975,0.002,0.2055,683.0,66.263
160518.SZ,20180615,0.967,0.99,0.99,0.954,0.961,-0.006,-0.6205,1471.48,141.365
160519.SZ,20180615,0.89,0.89,0.89,0.88,0.88,-0.01,-1.1236,330.03,29.072
160520.SZ,20180615,0.952,0.947,0.947,0.947,0.947,-0.005,-0.5252,4.0,0.378
160607.SZ,20180615,0.762,0.761,0.761,0.751,0.753,-0.009,-1.1811,975.0,73.622
160610.SZ,20180615,0.905,0.91,0.91,0.892,0.9,-0.005,-0.5525,1255.11,112.455
160611.SZ,20180615,0.731,0.725,0.725,0.723,0.725,-0.006,-0.8208,292.0,21.168
160615.SZ,20180615,1.538,1.527,1.543,1.527,1.543,0.005,0.3251,9.0,1.375
160616.SZ,20180615,1.196,1.216,1.216,1.189,1.195,-0.001,-0.0836,72.0,8.662
160635.SZ,20180615,1.212,1.192,1.195,1.185,1.195,-0.017,-1.4026,332.6,39.624
160644.SZ,20180615,0.928,0.927,0.928,0.927,0.928,0.0,0.0,418.06,38.795
160706.SZ,20180615,1.065,1.064,1.069,1.06,1.065,0.0,0.0,15089.64,1605.1
160716.SZ,20180615,1.475,1.472,1.479,1.472,1.478,0.003,0.2034,2156.49,318.004
160717.SZ,20180615,0.815,0.817,0.821,0.816,0.816,0.001,0.1227,9923.0,812.341
160719.SZ,20180615,0.682,0.68,0.683,0.68,0.682,0.0,0.0,4373.0,298.207
160722.SZ,20180615,0.994,0.991,0.992,0.991,0.992,-0.002,-0.2012,4425.06,438.633
160723.SZ,20180615,1.207,1.312,1.312,1.21,1.218,0.011,0.9114,340.0,42.273
160805.SZ,20180615,0.806,0.81,0.81,0.786,0.791,-0.015,-1.861,78.0,6.203
160806.SZ,20180615,1.361,1.346,1.365,1.343,1.343,-0.018,-1.3226,24.0,3.245
160812.SZ,20180615,1.446,1.438,1.443,1.433,1.438,-0.008,-0.5533,1256.25,180.918
160813.SZ,20180615,0.793,0.793,0.793,0.79,0.79,-0.003,-0.3783,2003.49,158.842
160910.SZ,20180615,1.039,1.031,1.031,1.025,1.027,-0.012,-1.155,670.0,68.745
160916.SZ,20180615,2.839,2.835,2.835,2.821,2.827,-0.012,-0.4227,510.02,144.208
160918.SZ,20180615,1.99,1.985,1.985,1.96,1.97,-0.02,-1.005,963.0,189.309
160919.SZ,20180615,1.198,1.176,1.199,1.172,1.175,-0.023,-1.9199,2485.0,294.036
160921.SZ,20180615,0.916,0.912,0.915,0.9,0.915,-0.001,-0.1092,25.0,2.266
160922.SZ,20180615,1.101,1.169,1.169,1.169,1.169,0.068,6.1762,77.0,9.001
161005.SZ,20180615,2.059,2.06,2.064,2.029,2.03,-0.029,-1.4085,14290.0,2914.504
161010.SZ,20180615,1.037,1.037,1.038,1.036,1.037,0.0,0.0,3141.0,325.792
161017.SZ,20180615,2.079,2.083,2.083,2.05,2.056,-0.023,-1.1063,3468.78,715.256
161019.SZ,20180615,0.97,0.971,0.995,0.971,0.989,0.019,1.9588,955.0,93.88
161033.SZ,20180615,0.891,0.895,0.895,0.88,0.887,-0.004,-0.4489,1914.67,169.99
161035.SZ,20180615,1.108,1.199,1.199,1.1,1.1,-0.008,-0.722,654.0,72.625
161036.SZ,20180615,0.77,0.77,0.77,0.739,0.739,-0.031,-4.026,140.0,10.749
161037.SZ,20180615,1.06,1.031,1.059,1.031,1.059,-0.001,-0.0943,41.0,4.337
161116.SZ,20180615,0.686,0.689,0.718,0.688,0.69,0.004,0.5831,11577.0,804.218
161125.SZ,20180615,1.117,1.124,1.133,1.124,1.131,0.014,1.2534,1646.0,185.305
161126.SZ,20180615,1.125,1.129,1.139,1.122,1.136,0.011,0.9778,5185.21,585.568
161127.SZ,20180615,1.35,1.367,1.367,1.359,1.361,0.011,0.8148,565.0,77.057
161128.SZ,20180615,1.356,1.356,1.36,1.349,1.349,-0.007,-0.5162,591.07,80.244
161129.SZ,20180615,1.15,1.151,1.157,1.15,1.157,0.007,0.6087,1262.17,145.457
161130.SZ,20180615,1.13,1.138,1.146,1.138,1.146,0.016,1.4159,514.0,58.79
161210.SZ,20180615,1.07,1.073,1.073,1.07,1.07,0.0,0.0,81.0,8.681
161213.SZ,20180615,1.657,1.646,1.646,1.646,1.646,-0.011,-0.6639,10.0,1.646
161216.SZ,20180615,1.088,1.083,1.083,1.083,1.083,-0.005,-0.4596,1.0,0.108
161217.SZ,20180615,0.707,0.706,0.717,0.689,0.716,0.009,1.273,148.0,10.59
161219.SZ,20180615,1.268,1.249,1.249,1.249,1.249,-0.019,-1.4984,12.0,1.498
161222.SZ,20180615,1.166,1.14,1.14,1.14,1.14,-0.026,-2.2298,5.0,0.57
161224.SZ,20180615,0.925,0.906,0.948,0.906,0.945,0.02,2.1622,225.0,20.868
161225.SZ,20180615,1.166,1.143,1.143,1.13,1.131,-0.035,-3.0017,270.0,30.701
161226.SZ,20180615,0.825,0.826,0.827,0.823,0.825,0.0,0.0,51668.76,4263.29
161227.SZ,20180615,0.976,0.973,0.998,0.965,0.975,-0.001,-0.1025,3350.04,324.915
161229.SZ,20180615,1.4,1.393,1.393,1.393,1.393,-0.007,-0.5,39.0,5.432
1612301.SZ,20180615,0.949,0.976,0.976,0.947,0.947,-0.002,-0.2107,57.0,5.462
161232.SZ,20180615,0.71,0.706,0.706,0.69,0.699,-0.011,-1.5493,18804.11,1312.89
161233.SZ,20180615,0.944,0.943,0.943,0.943,0.943,-0.001,-0.1059,291.0,27.441
161505.SZ,20180615,1.099,1.099,1.101,1.099,1.101,0.002,0.182,154.0,16.954
161607.SZ,20180615,1.126,1.12,1.12,1.12,1.12,-0.006,-0.5329,12.0,1.344
161610.SZ,20180615,1.014,1.009,1.013,1.0,1.005,-0.009,-0.8876,676.0,68.101
161631.SZ,20180615,0.974,0.975,0.975,0.955,0.956,-0.018,-1.848,16308.21,1570.671
161706.SZ,20180615,1.491,1.504,1.504,1.474,1.49,-0.001,-0.0671,927.0,139.326
161714.SZ,20180615,1.015,1.009,1.03,1.009,1.013,-0.002,-0.197,424.0,42.82
161715.SZ,20180615,0.96,0.954,0.954,0.942,0.942,-0.018,-1.875,42.83,4.053
161722.SZ,20180615,1.226,1.22,1.22,1.187,1.187,-0.039,-3.1811,11.0,1.327
161810.SZ,20180615,1.46,1.462,1.486,1.436,1.44,-0.02,-1.3699,76.79,11.181
161813.SZ,20180615,1.293,1.293,1.293,1.293,1.293,0.0,0.0,40.0,5.172
161815.SZ,20180615,0.482,0.482,0.482,0.48,0.481,-0.001,-0.2075,1530.0,73.575
161820.SZ,20180615,1.058,1.076,1.076,1.075,1.075,0.017,1.6068,11.0,1.182
161831.SZ,20180615,1.003,0.998,1.001,0.998,1.0,-0.003,-0.2991,1083.81,108.381
161834.SZ,20180615,0.778,0.777,0.777,0.765,0.767,-0.011,-1.4139,9048.26,695.724
161835.SZ,20180615,1.0,1.0,1.0,1.0,1.0,0.0,0.0,108.0,10.8
161911.SZ,20180615,0.968,0.968,0.968,0.965,0.967,-0.001,-0.1033,9880.23,954.557
162006.SZ,20180615,1.179,1.165,1.165,1.162,1.162,-0.017,-1.4419,232.0,26.967
162207.SZ,20180615,1.312,1.294,1.301,1.279,1.3,-0.012,-0.9146,229.53,29.511
162215.SZ,20180615,1.064,1.064,1.064,1.064,1.064,0.0,0.0,473.0,50.327
162307.SZ,20180615,1.253,1.255,1.255,1.255,1.255,0.002,0.1596,11.01,1.381
162411.SZ,20180615,0.66,0.655,0.656,0.653,0.654,-0.006,-0.9091,155712.97,10187.335
162415.SZ,20180615,1.366,1.373,1.408,1.373,1.383,0.017,1.2445,547.0,75.884
162416.SZ,20180615,1.006,1.006,1.009,0.993,1.008,0.002,0.1988,2314.73,232.191
162510.SZ,20180615,0.973,0.952,0.952,0.952,0.952,-0.021,-2.1583,8.0,0.761
162605.SZ,20180615,1.455,1.455,1.456,1.44,1.447,-0.008,-0.5498,26253.34,3800.608
162607.SZ,20180615,0.506,0.508,0.508,0.5,0.503,-0.003,-0.5929,5508.98,276.102
162703.SZ,20180615,1.393,1.391,1.392,1.374,1.377,-0.016,-1.1486,1899.18,261.887
162711.SZ,20180615,1.2,1.205,1.205,1.171,1.171,-0.029,-2.4167,58.0,6.907
162715.SZ,20180615,1.118,1.115,1.115,1.115,1.115,-0.003,-0.2683,7.0,0.78
162718.SZ,20180615,0.969,0.962,0.966,0.962,0.966,-0.003,-0.3096,2.0,0.192
162719.SZ,20180615,1.116,1.108,1.115,1.107,1.115,-0.001,-0.0896,1800.02,199.749
163001.SZ,20180615,1.022,1.022,1.032,1.002,1.002,-0.02,-1.9569,20.0,2.043
163003.SZ,20180615,0.638,0.632,0.632,0.632,0.632,-0.006,-0.9404,41.0,2.591
163110.SZ,20180615,2.135,2.123,2.125,2.11,2.124,-0.011,-0.5152,1078.0,228.15
163111.SZ,20180615,1.043,1.044,1.044,1.026,1.031,-0.012,-1.1505,2415.94,249.963
163119.SZ,20180615,0.935,0.907,0.907,0.907,0.907,-0.028,-2.9947,1.0,0.09
163208.SZ,20180615,0.935,0.92,0.92,0.92,0.92,-0.015,-1.6043,120.0,11.04
163210.SZ,20180615,1.05,1.05,1.05,1.048,1.049,-0.001,-0.0952,1074.0,112.613
163302.SZ,20180615,1.298,1.293,1.296,1.26,1.26,-0.038,-2.9276,163.95,20.774
163402.SZ,20180615,0.911,0.911,0.911,0.894,0.9,-0.011,-1.2075,87867.75,7920.98
163407.SZ,20180615,1.781,1.781,1.782,1.766,1.78,-0.001,-0.0561,1235.0,218.974
163409.SZ,20180615,1.5,1.501,1.501,1.479,1.479,-0.021,-1.4,320.0,47.846
163412.SZ,20180615,3.173,3.175,3.179,3.15,3.165,-0.008,-0.2521,7568.0,2393.175
163415.SZ,20180615,1.575,1.557,1.577,1.533,1.538,-0.037,-2.3492,4951.94,767.04
163417.SZ,20180615,0.893,0.892,0.894,0.886,0.889,-0.004,-0.4479,348769.85,31002.661
163503.SZ,20180615,0.456,0.465,0.465,0.456,0.459,0.003,0.6579,1966.23,90.547
163801.SZ,20180615,1.371,1.373,1.381,1.356,1.357,-0.014,-1.0212,437.0,59.536
163819.SZ,20180615,1.029,1.035,1.035,1.035,1.035,0.006,0.5831,2.0,0.207
163824.SZ,20180615,1.011,1.012,1.012,1.012,1.012,0.001,0.0989,500.0,50.6
164208.SZ,20180615,1.166,1.198,1.198,1.198,1.198,0.032,2.7444,1.0,0.119
164210.SZ,20180615,1.016,1.022,1.022,1.022,1.022,0.006,0.5906,3.0,0.306
164302.SZ,20180615,1.098,0.99,0.99,0.99,0.99,-0.108,-9.8361,200.0,19.8
164403.SZ,20180615,1.023,1.032,1.032,1.032,1.032,0.009,0.8798,28.02,2.891
164701.SZ,20180615,0.583,0.584,0.585,0.583,0.585,0.002,0.3431,476.0,27.82
164703.SZ,20180615,0.828,0.85,0.85,0.85,0.85,0.022,2.657,3.0,0.255
164705.SZ,20180615,1.209,1.201,1.25,1.201,1.227,0.018,1.4888,126.8,15.357
164810.SZ,20180615,1.007,1.008,1.009,1.008,1.009,0.002,0.1986,2019.0,203.65
164906.SZ,20180615,1.525,1.548,1.557,1.544,1.55,0.025,1.6393,18889.0,2934.256
165309.SZ,20180615,1.175,1.178,1.178,1.178,1.178,0.003,0.2553,7.0,0.824
165313.SZ,20180615,1.341,1.362,1.366,1.333,1.333,-0.008,-0.5966,1910.0,257.926
165508.SZ,20180615,1.668,1.628,1.652,1.628,1.652,-0.016,-0.9592,9.0,1.467
165510.SZ,20180615,0.793,0.797,0.797,0.769,0.78,-0.013,-1.6393,3037.0,237.76
165512.SZ,20180615,2.516,2.538,2.538,2.498,2.498,-0.018,-0.7154,6.0,1.518
165513.SZ,20180615,0.467,0.469,0.469,0.45,0.468,0.001,0.2141,11214.56,520.831
165517.SZ,20180615,0.768,0.786,0.786,0.786,0.786,0.018,2.3438,11.0,0.864
165525.SZ,20180615,0.89,0.89,0.89,0.862,0.881,-0.009,-1.0112,238.0,20.797
165528.SZ,20180615,0.974,0.961,0.961,0.952,0.952,-0.022,-2.2587,412.0,39.548
166001.SZ,20180615,1.078,1.074,1.084,1.072,1.072,-0.006,-0.5566,191.0,20.602
166006.SZ,20180615,1.189,1.186,1.188,1.18,1.18,-0.009,-0.7569,400.0,47.305
166007.SZ,20180615,1.363,1.339,1.339,1.339,1.339,-0.024,-1.7608,9.0,1.205
166011.SZ,20180615,1.26,1.269,1.275,1.25,1.25,-0.01,-0.7937,190.0,23.939
166012.SZ,20180615,1.071,1.067,1.067,1.067,1.067,-0.004,-0.3735,455.0,48.548
166023.SZ,20180615,0.9,0.919,0.92,0.919,0.92,0.02,2.2222,350.0,32.185
166024.SZ,20180615,1.009,1.01,1.014,1.002,1.007,-0.002,-0.1982,18880.26,1900.384
166105.SZ,20180615,0.945,0.939,0.945,0.938,0.945,0.0,0.0,48.0,4.505
166401.SZ,20180615,1.045,1.055,1.055,1.055,1.055,0.01,0.9569,11.0,1.16
166402.SZ,20180615,1.065,1.066,1.089,1.066,1.089,0.024,2.2535,1.19,0.129
166902.SZ,20180615,0.99,1.05,1.05,0.998,0.998,0.008,0.8081,15.0,1.533
166904.SZ,20180615,1.041,1.041,1.12,1.041,1.049,0.008,0.7685,269.0,28.046
167001.SZ,20180615,0.72,0.722,0.722,0.708,0.708,-0.012,-1.6667,4870.06,348.103
167002.SZ,20180615,0.868,0.868,0.868,0.868,0.868,0.0,0.0,4.0,0.347
167003.SZ,20180615,0.991,0.994,0.994,0.988,0.988,-0.003,-0.3027,83.13,8.263
167501.SZ,20180615,1.15,1.151,1.151,1.15,1.15,0.0,0.0,502.0,57.73
168101.SZ,20180615,0.952,0.95,0.95,0.94,0.943,-0.009,-0.9454,2017.0,190.054
168102.SZ,20180615,0.806,0.805,0.805,0.795,0.8,-0.006,-0.7444,5851.0,467.15
168103.SZ,20180615,0.753,0.751,0.753,0.745,0.747,-0.006,-0.7968,26101.58,1951.727
168104.SZ,20180615,0.956,0.941,0.97,0.932,0.97,0.014,1.4644,162672.0,15161.079
168105.SZ,20180615,0.734,0.734,0.739,0.72,0.727,-0.007,-0.9537,5588.51,407.362
168301.SZ,20180615,0.893,0.892,0.892,0.89,0.891,-0.002,-0.224,33756.73,3007.676
168401.SZ,20180615,0.952,0.948,0.948,0.948,0.948,-0.004,-0.4202,112.0,10.617
169101.SZ,20180615,1.528,1.524,1.53,1.515,1.524,-0.004,-0.2618,57153.08,8695.16
169102.SZ,20180615,1.426,1.426,1.435,1.415,1.422,-0.004,-0.2805,1169.62,166.528
169103.SZ,20180615,1.465,1.462,1.462,1.447,1.448,-0.017,-1.1604,566.0,82.073
169104.SZ,20180615,1.446,1.465,1.465,1.43,1.441,-0.005,-0.3458,2569.0,369.85
169105.SZ,20180615,1.524,1.516,1.518,1.498,1.505,-0.019,-1.2467,49782.0,7495.884
169201.SZ,20180615,1.024,1.024,1.025,1.024,1.025,0.001,0.0977,2535.0,259.611
184801.SZ,20180615,88.198,88.101,88.101,87.502,87.899,-0.299,-0.339,82.0,720.827
501001.SH,20180615,1.154,1.149,1.152,1.12,1.142,-0.012,-1.0399,2800.0,316.612
501002.SH,20180615,0.75,0.749,0.749,0.733,0.733,-0.017,-2.2667,26.0,1.933
501003.SH,20180615,0.981,0.933,0.979,0.933,0.979,-0.002,-0.2039,203.0,18.954
501005.SH,20180615,1.016,1.016,1.018,1.003,1.005,-0.011,-1.0827,1400.0,141.919
501007.SH,20180615,1.057,1.05,1.05,1.001,1.019,-0.038,-3.5951,172.0,17.532
501008.SH,20180615,1.05,1.05,1.05,1.05,1.05,0.0,0.0,10.0,1.05
501009.SH,20180615,1.278,1.278,1.278,1.245,1.251,-0.027,-2.1127,390.0,48.779
501010.SH,20180615,1.272,1.259,1.307,1.25,1.295,0.023,1.8082,25.66,3.231
501011.SH,20180615,1.06,1.045,1.06,1.028,1.06,0.0,0.0,957.25,100.588
501012.SH,20180615,1.101,1.037,1.093,1.034,1.035,-0.066,-5.9946,51.27,5.329
501015.SH,20180615,0.925,0.923,0.926,0.911,0.917,-0.008,-0.8649,11160.97,1025.689
501016.SH,20180615,0.832,0.821,0.83,0.82,0.822,-0.01,-1.2019,1455.09,119.766
501017.SH,20180615,0.856,0.852,0.852,0.851,0.851,-0.005,-0.5841,1133.96,96.51
501018.SH,20180615,1.142,1.138,1.149,1.138,1.149,0.007,0.613,11484.0,1314.655
501019.SH,20180615,0.703,0.704,0.704,0.689,0.691,-0.012,-1.707,2862.0,199.145
501021.SH,20180615,1.535,1.54,1.548,1.538,1.538,0.003,0.1954,1287.0,198.608
501022.SH,20180615,0.785,0.782,0.784,0.777,0.784,-0.001,-0.1274,6969.84,544.111
501025.SH,20180615,1.112,1.11,1.11,1.102,1.11,-0.002,-0.1799,88.0,9.754
501026.SH,20180615,0.839,0.817,0.836,0.817,0.83,-0.009,-1.0727,4217.59,346.007
501027.SH,20180615,0.98,0.981,0.981,0.981,0.981,0.001,0.102,2838.31,278.438
501028.SH,20180615,0.775,0.767,0.768,0.762,0.767,-0.008,-1.0323,2687.83,206.033
501029.SH,20180615,1.021,1.025,1.025,1.011,1.015,-0.006,-0.5877,163643.19,16617.053
501030.SH,20180615,0.746,0.735,0.747,0.722,0.726,-0.02,-2.681,476.0,34.453
501031.SH,20180615,0.735,0.72,0.738,0.72,0.738,0.003,0.4082,62.0,4.466
501032.SH,20180615,0.867,0.856,0.856,0.856,0.856,-0.011,-1.2687,50.0,4.28
501035.SH,20180615,0.941,0.937,0.939,0.935,0.939,-0.002,-0.2125,1890.0,176.889
501036.SH,20180615,0.88,0.88,0.88,0.823,0.879,-0.001,-0.1136,337.03,29.21
501037.SH,20180615,0.866,0.87,0.87,0.85,0.85,-0.016,-1.8476,367.0,31.203
501038.SH,20180615,1.062,1.061,1.064,1.051,1.059,-0.003,-0.2825,29335.83,3100.794
501039.SH,20180615,0.959,0.952,0.958,0.952,0.953,-0.006,-0.6257,1763.0,168.513
501040.SH,20180615,0.954,0.958,0.958,0.957,0.957,0.003,0.3145,4379.0,419.484
501043.SH,20180615,0.983,0.988,0.995,0.988,0.995,0.012,1.2208,1259.51,125.292
501045.SH,20180615,0.98,0.991,0.991,0.984,0.984,0.004,0.4082,51.0,5.053
501046.SH,20180615,0.88,0.875,0.875,0.872,0.872,-0.008,-0.9091,119.0,10.386
501047.SH,20180615,0.826,0.846,0.846,0.846,0.846,0.02,2.4213,1.0,0.085
501049.SH,20180615,1.074,1.073,1.075,1.069,1.075,0.001,0.0931,18452.44,1978.43
501050.SH,20180615,1.175,1.175,1.176,1.172,1.174,-0.001,-0.0851,8809.71,1033.803
501051.SH,20180615,0.999,0.999,0.999,0.984,0.998,-0.001,-0.1001,842.58,83.518
501300.SH,20180615,0.924,0.92,0.92,0.918,0.918,-0.006,-0.6494,2150.0,197.454
501301.SH,20180615,1.202,1.201,1.213,1.191,1.2,-0.002,-0.1664,813.92,97.492
501302.SH,20180615,1.085,1.063,1.088,1.063,1.088,0.003,0.2765,98.0,10.453
501303.SH,20180615,0.977,0.988,0.988,0.95,0.984,0.007,0.7165,2122.08,201.869
501305.SH,20180615,1.005,1.006,1.012,1.006,1.012,0.007,0.6965,938.37,94.52
502000.SH,20180615,0.96,0.895,0.895,0.895,0.895,-0.065,-6.7708,31.88,2.853
502001.SH,20180615,0.969,0.966,0.966,0.966,0.966,-0.003,-0.3096,200.0,19.32
502003.SH,20180615,0.746,0.746,0.771,0.736,0.736,-0.01,-1.3405,2492.41,184.451
502004.SH,20180615,0.973,0.964,0.975,0.964,0.971,-0.002,-0.2055,1937.0,187.754
502005.SH,20180615,0.528,0.52,0.529,0.492,0.504,-0.024,-4.5455,13401.52,677.219
502010.SH,20180615,0.916,0.915,0.915,0.907,0.908,-0.008,-0.8734,72.66,6.616
502013.SH,20180615,0.739,0.739,0.742,0.733,0.739,0.0,0.0,2443.37,180.052
502014.SH,20180615,0.962,0.959,0.96,0.957,0.957,-0.005,-0.5198,24722.0,2369.574
502015.SH,20180615,0.512,0.512,0.521,0.51,0.516,0.004,0.7813,2157.14,111.203
502022.SH,20180615,0.833,0.916,0.916,0.916,0.916,0.083,9.964,4.14,0.379
502023.SH,20180615,0.955,0.955,0.975,0.951,0.975,0.02,2.0942,550.99,52.626
502024.SH,20180615,0.996,0.96,0.995,0.96,0.995,-0.001,-0.1004,7.0,0.676
502025.SH,20180615,0.871,0.912,0.918,0.912,0.918,0.047,5.3961,115.4,10.593
502036.SH,20180615,0.863,0.863,0.863,0.841,0.841,-0.022,-2.5492,8.0,0.686
502037.SH,20180615,0.979,0.978,0.978,0.978,0.978,-0.001,-0.1021,204.0,19.951
502048.SH,20180615,0.878,0.878,0.881,0.877,0.878,0.0,0.0,11693.82,1027.553
502049.SH,20180615,0.953,0.947,0.955,0.947,0.95,-0.003,-0.3148,3074.0,292.169
502050.SH,20180615,0.805,0.805,0.814,0.8,0.807,0.002,0.2484,26159.55,2111.904
502053.SH,20180615,0.751,0.752,0.752,0.747,0.747,-0.004,-0.5326,9.0,0.676
502054.SH,20180615,0.966,0.963,0.966,0.956,0.966,0.0,0.0,11262.0,1083.946
502055.SH,20180615,0.532,0.523,0.529,0.522,0.529,-0.003,-0.5639,1060.0,55.414
502056.SH,20180615,1.112,1.127,1.127,1.12,1.12,0.008,0.7194,44.0,4.946
505888.SH,20180615,1.011,1.011,1.012,1.003,1.006,-0.005,-0.4946,208941.5,21021.114
510010.SH,20180615,1.091,1.093,1.093,1.09,1.093,0.002,0.1833,503.0,54.977
510020.SH,20180615,2.637,2.636,2.636,2.61,2.619,-0.018,-0.6826,186.42,48.824
510030.SH,20180615,4.82,4.8,4.85,4.8,4.848,0.028,0.5809,91.0,43.859
510050.SH,20180615,2.675,2.676,2.69,2.668,2.678,0.003,0.1121,4369380.78,1171635.382
510060.SH,20180615,1.754,1.759,1.76,1.753,1.755,0.001,0.057,806.0,141.521
510070.SH,20180615,1.738,1.736,1.736,1.736,1.736,-0.002,-0.1151,10.0,1.736
510090.SH,20180615,1.568,1.568,1.568,1.561,1.563,-0.005,-0.3189,133.0,20.77
510130.SH,20180615,3.815,3.777,3.777,3.777,3.777,-0.038,-0.9961,40.0,15.108
510150.SH,20180615,5.331,5.325,5.363,5.252,5.253,-0.078,-1.4631,60377.0,31955.403
510160.SH,20180615,0.562,0.562,0.563,0.557,0.562,0.0,0.0,3007.5,168.002
510170.SH,20180615,1.814,1.839,1.839,1.677,1.819,0.005,0.2756,607.0,109.102
510180.SH,20180615,3.246,3.245,3.254,3.224,3.239,-0.007,-0.2157,142075.0,46053.425
510190.SH,20180615,3.445,3.42,3.449,3.333,3.431,-0.014,-0.4064,141.0,48.101
510210.SH,20180615,3.545,3.541,3.545,3.54,3.545,0.0,0.0,30.0,10.623
510220.SH,20180615,3.949,3.93,3.959,3.92,3.959,0.01,0.2532,18.0,7.082
510230.SH,20180615,5.741,5.747,5.78,5.711,5.752,0.011,0.1916,10493.2,6049.255
510260.SH,20180615,1.113,1.105,1.106,1.105,1.105,-0.008,-0.7188,29.0,3.205
510270.SH,20180615,1.079,1.053,1.065,1.049,1.063,-0.016,-1.4829,390.0,41.41
510280.SH,20180615,1.701,1.694,1.716,1.691,1.706,0.005,0.2939,95.0,16.097
510290.SH,20180615,1.498,1.488,1.489,1.47,1.476,-0.022,-1.4686,581.0,85.913
510300.SH,20180615,3.786,3.78,3.802,3.76,3.78,-0.006,-0.1585,1303403.0,492809.287
510310.SH,20180615,1.609,1.609,1.612,1.596,1.602,-0.007,-0.4351,44653.0,7154.346
510330.SH,20180615,4.106,4.108,4.112,4.07,4.085,-0.021,-0.5114,28096.0,11479.557
510360.SH,20180615,1.187,1.189,1.191,1.181,1.185,-0.002,-0.1685,239743.0,28418.088
510380.SH,20180615,0.996,0.939,0.991,0.939,0.98,-0.016,-1.6064,208.0,20.383
510390.SH,20180615,3.775,3.772,3.786,3.747,3.764,-0.011,-0.2914,33775.28,12710.511
510410.SH,20180615,0.72,0.719,0.719,0.707,0.71,-0.01,-1.3889,560.0,39.903
510430.SH,20180615,1.514,1.4,1.506,1.4,1.459,-0.055,-3.6328,40.0,5.773
510440.SH,20180615,1.635,1.621,1.625,1.588,1.605,-0.03,-1.8349,317.0,50.544
510500.SH,20180615,5.912,5.911,5.916,5.75,5.807,-0.105,-1.776,1168962.0,679873.307
510510.SH,20180615,1.565,1.569,1.569,1.526,1.533,-0.032,-2.0447,62794.0,9659.07
510560.SH,20180615,1.185,1.148,1.161,1.148,1.161,-0.024,-2.0253,30.0,3.47
510580.SH,20180615,5.61,5.56,5.587,5.5,5.587,-0.023,-0.41,220.0,122.66
510590.SH,20180615,5.625,5.619,5.63,5.485,5.526,-0.099,-1.76,46490.24,25695.762
510630.SH,20180615,2.485,2.472,2.48,2.444,2.46,-0.025,-1.006,6291.0,1547.063
510650.SH,20180615,1.676,1.684,1.69,1.684,1.685,0.009,0.537,2366.08,399.343
510660.SH,20180615,2.121,2.132,2.137,2.087,2.098,-0.023,-1.0844,9614.0,2018.133
510680.SH,20180615,2.239,2.229,2.23,2.229,2.23,-0.009,-0.402,3.0,0.669
510710.SH,20180615,2.834,2.825,2.848,2.825,2.842,0.008,0.2823,3524.0,1000.936
510800.SH,20180615,0.913,0.913,0.92,0.905,0.917,0.004,0.4381,10412.0,951.473
510810.SH,20180615,0.907,0.911,0.911,0.9,0.905,-0.002,-0.2205,2243.0,202.139
510880.SH,20180615,2.855,2.855,2.864,2.845,2.853,-0.002,-0.0701,41381.0,11810.141
510900.SH,20180615,1.236,1.242,1.246,1.237,1.237,0.001,0.0809,11101971.0,1378188.86
511010.SH,20180615,112.097,112.192,112.288,112.15,112.156,0.059,0.0526,7653.06,85881.847
511220.SH,20180615,93.0,92.99,92.999,92.664,92.89,-0.11,-0.1183,241.0,2239.446
511230.SH,20180615,96.0,96.4,96.4,96.4,96.4,0.4,0.4167,2.0,19.28
511260.SH,20180615,101.161,101.164,101.361,101.164,101.261,0.1,0.0989,36.0,364.64
511280.SH,20180615,99.814,99.5,99.8,99.5,99.701,-0.113,-0.1132,4.1,40.898
511290.SH,20180615,100.0,100.0,100.0,100.0,100.0,0.0,0.0,0.4,4.0
511310.SH,20180615,101.721,101.601,101.601,101.601,101.601,-0.12,-0.118,80.2,814.84
511600.SH,20180615,99.993,100.018,100.022,100.01,100.016,0.023,0.023,7492.59,74935.783
511620.SH,20180615,99.987,100.0,100.015,100.0,100.015,0.028,0.028,22.28,222.805
511650.SH,20180615,99.996,100.014,100.016,100.009,100.01,0.014,0.014,4223.79,42242.818
511660.SH,20180615,100.0,100.025,100.025,100.013,100.02,0.02,0.02,142483.13,1425080.845
511670.SH,20180615,99.995,99.995,100.013,99.995,100.013,0.018,0.018,1173.7,11738.294
511680.SH,20180615,99.975,100.0,100.0,100.0,100.0,0.025,0.025,20.53,205.3
511690.SH,20180615,99.995,100.02,100.022,100.008,100.013,0.018,0.018,51066.88,510737.283
511700.SH,20180615,99.994,100.018,100.02,100.004,100.015,0.021,0.021,4295.35,42959.65
511770.SH,20180615,100.0,100.01,100.095,99.936,100.013,0.013,0.013,872.75,8728.517
511800.SH,20180615,100.004,100.011,100.021,99.995,100.008,0.004,0.004,2950.24,29503.75
511810.SH,20180615,99.995,100.02,100.025,100.01,100.015,0.02,0.02,101560.0,1015739.174
511820.SH,20180615,99.998,100.01,100.034,100.005,100.01,0.012,0.012,66576.25,665846.632
511830.SH,20180615,99.996,100.01,100.016,100.009,100.009,0.013,0.013,1635.81,16360.123
511850.SH,20180615,100.002,100.021,100.024,100.004,100.016,0.014,0.014,16236.82,162392.828
511860.SH,20180615,100.0,100.005,100.025,100.004,100.01,0.01,0.01,2849.47,28497.432
511880.SH,20180615,101.928,101.957,101.967,101.953,101.958,0.03,0.0294,916399.41,9343317.521
511900.SH,20180615,100.001,100.011,100.022,100.005,100.019,0.018,0.018,14739.85,147420.447
511910.SH,20180615,99.995,100.006,100.017,99.992,100.008,0.013,0.013,303.43,3034.516
511920.SH,20180615,99.99,100.005,100.01,99.99,100.01,0.02,0.02,3.11,31.101
511960.SH,20180615,99.989,100.008,100.08,100.002,100.01,0.021,0.021,671.9,6721.71
511980.SH,20180615,99.993,100.007,100.018,100.0,100.004,0.011,0.011,2001.28,20014.472
511990.SH,20180615,99.999,100.022,100.024,100.012,100.02,0.021,0.021,1041361.38,10415362.691
512000.SH,20180615,0.773,0.778,0.778,0.764,0.766,-0.007,-0.9056,475677.0,36598.109
512010.SH,20180615,1.98,1.982,1.986,1.944,1.953,-0.027,-1.3636,30444.0,5950.961
512070.SH,20180615,1.814,1.814,1.821,1.799,1.807,-0.007,-0.3859,5582.0,1009.089
512090.SH,20180615,1.0,1.001,1.004,0.995,0.998,-0.002,-0.2,1241296.0,124164.29
512100.SH,20180615,0.72,0.72,0.721,0.701,0.705,-0.015,-2.0833,34393.0,2435.146
512120.SH,20180615,1.767,1.768,1.768,1.733,1.74,-0.027,-1.528,6824.0,1188.57
512160.SH,20180615,1.005,1.002,1.008,0.999,1.003,-0.002,-0.199,372409.0,37355.672
512180.SH,20180615,0.975,0.975,0.98,0.969,0.975,0.0,0.0,458562.0,44691.857
512200.SH,20180615,0.87,0.868,0.889,0.868,0.876,0.006,0.6897,33266.0,2929.937
512220.SH,20180615,1.274,1.28,1.28,1.241,1.241,-0.033,-2.5903,74.0,9.397
512280.SH,20180615,0.98,0.979,0.984,0.974,0.977,-0.003,-0.3061,188554.47,18437.569
512300.SH,20180615,1.262,1.262,1.262,1.233,1.236,-0.026,-2.0602,6027.0,747.619
512310.SH,20180615,0.528,0.528,0.528,0.513,0.516,-0.012,-2.2727,4353.0,225.949
512330.SH,20180615,0.747,0.747,0.747,0.722,0.728,-0.019,-2.5435,10089.0,735.368
512340.SH,20180615,0.864,0.855,0.858,0.842,0.846,-0.018,-2.0833,2276.0,192.837
512400.SH,20180615,0.814,0.813,0.815,0.795,0.802,-0.012,-1.4742,55480.0,4436.065
512500.SH,20180615,2.746,2.749,2.75,2.685,2.707,-0.039,-1.4202,34507.32,9363.323
512510.SH,20180615,1.171,1.173,1.173,1.142,1.148,-0.023,-1.9641,33574.0,3866.621
512520.SH,20180615,0.985,0.985,0.988,0.979,0.981,-0.004,-0.4061,190182.33,18694.783
512550.SH,20180615,1.054,1.054,1.061,1.054,1.059,0.005,0.4744,22485.0,2376.479
512560.SH,20180615,0.8,0.806,0.81,0.78,0.804,0.004,0.5,381.0,29.98
512570.SH,20180615,0.774,0.769,0.774,0.766,0.768,-0.006,-0.7752,585.0,44.923
512580.SH,20180615,0.834,0.834,0.839,0.815,0.82,-0.014,-1.6787,279140.0,23008.086
512600.SH,20180615,2.396,2.405,2.425,2.395,2.407,0.011,0.4591,114.0,27.517
512610.SH,20180615,1.74,1.731,1.731,1.702,1.722,-0.018,-1.0345,43.0,7.334
512660.SH,20180615,0.711,0.712,0.714,0.69,0.693,-0.018,-2.5316,486173.0,34068.216
512680.SH,20180615,0.692,0.695,0.696,0.673,0.677,-0.015,-2.1676,49358.0,3371.951
512700.SH,20180615,0.958,0.959,0.97,0.959,0.967,0.009,0.9395,8558.0,826.513
512780.SH,20180615,0.889,0.889,0.894,0.874,0.876,-0.013,-1.4623,40962.0,3620.816
512800.SH,20180615,0.934,0.934,0.945,0.933,0.943,0.009,0.9636,380509.0,35812.077
512810.SH,20180615,0.674,0.675,0.677,0.655,0.658,-0.016,-2.3739,8158.0,541.484
512880.SH,20180615,0.814,0.814,0.818,0.804,0.807,-0.007,-0.86,871829.15,70630.932
512900.SH,20180615,0.781,0.781,0.783,0.771,0.772,-0.009,-1.1524,24190.0,1874.969
512980.SH,20180615,0.875,0.875,0.877,0.855,0.862,-0.013,-1.4857,78704.0,6789.602
512990.SH,20180615,1.095,1.095,1.097,1.083,1.086,-0.009,-0.8219,109603.0,11920.38
513030.SH,20180615,1.079,1.096,1.099,1.087,1.094,0.015,1.3902,15289.0,1672.282
513050.SH,20180615,1.545,1.579,1.582,1.576,1.579,0.034,2.2006,235561.65,37183.453
513100.SH,20180615,2.436,2.452,2.476,2.452,2.472,0.036,1.4778,33100.01,8157.968
513500.SH,20180615,1.66,1.662,1.675,1.662,1.673,0.013,0.7831,9981.0,1668.268
513600.SH,20180615,2.607,2.622,2.626,2.618,2.619,0.012,0.4603,6943.0,1819.273
513660.SH,20180615,2.57,2.579,2.595,2.579,2.591,0.021,0.8171,1264.0,327.433
513900.SH,20180615,1.0,1.004,1.006,1.0,1.001,0.001,0.1,16090.0,1614.319
518800.SH,20180615,2.659,2.66,2.668,2.66,2.662,0.003,0.1128,501601.0,133682.294
518880.SH,20180615,2.677,2.686,2.695,2.679,2.682,0.005,0.1868,5735062.4,1540298.177
