ts_code,trade_date,pre_close,open,high,low,close,change,pct_chg,vol,amount
150008.SZ,20180110,1.159,1.156,1.179,1.138,1.176,0.017,1.4668,30.29,3.55
150009.SZ,20180110,0.962,0.985,0.985,0.962,0.969,0.007,0.7277,1729.0,167.628
150012.SZ,20180110,1.015,0.985,1.06,0.985,1.018,0.003,0.2956,1846.0,188.451
150013.SZ,20180110,1.639,1.668,1.67,1.646,1.668,0.029,1.7694,3625.01,602.65
150016.SZ,20180110,1.175,1.161,1.18,1.161,1.18,0.005,0.4255,4068.96,478.02
150017.SZ,20180110,1.551,1.554,1.557,1.546,1.557,0.006,0.3868,4994.0,776.443
150018.SZ,20180110,0.884,0.884,0.887,0.883,0.886,0.002,0.2262,190061.72,16813.698
150019.SZ,20180110,1.34,1.338,1.347,1.329,1.343,0.003,0.2239,501797.69,67143.999
150022.SZ,20180110,0.8,0.8,0.8,0.798,0.8,0.0,0.0,113909.56,9110.062
150023.SZ,20180110,0.425,0.424,0.425,0.419,0.423,-0.002,-0.4706,275651.01,11614.274
150028.SZ,20180110,1.055,1.012,1.012,1.012,1.012,-0.043,-4.0758,1.0,0.101
150029.SZ,20180110,1.465,1.465,1.473,1.454,1.473,0.008,0.5461,101.87,14.83
150030.SZ,20180110,1.019,1.044,1.044,1.0,1.0,-0.019,-1.8646,24.65,2.501
150031.SZ,20180110,1.322,1.28,1.33,1.28,1.32,-0.002,-0.1513,894.2,117.844
150033.SZ,20180110,0.97,0.954,0.97,0.954,0.97,0.0,0.0,9.0,0.86
150047.SZ,20180110,1.294,1.294,1.294,1.294,1.294,0.0,0.0,50.89,6.585
150048.SZ,20180110,1.338,1.363,1.363,1.318,1.344,0.006,0.4484,783.16,104.588
150049.SZ,20180110,0.978,0.972,0.975,0.972,0.975,-0.003,-0.3067,478.0,46.541
150050.SZ,20180110,1.648,1.648,1.66,1.612,1.659,0.011,0.6675,2663.55,437.703
150051.SZ,20180110,0.907,0.903,0.917,0.903,0.913,0.006,0.6615,8052.2,735.707
150052.SZ,20180110,1.992,1.992,2.006,1.982,2.005,0.013,0.6526,12129.63,2419.525
150053.SZ,20180110,0.915,0.908,0.908,0.908,0.908,-0.007,-0.765,526.2,47.778
150055.SZ,20180110,0.978,1.053,1.053,0.968,0.968,-0.01,-1.0225,3.0,0.307
150056.SZ,20180110,1.52,1.43,1.544,1.43,1.544,0.024,1.5789,3.0,0.44
150058.SZ,20180110,1.063,1.063,1.063,1.04,1.063,0.0,0.0,1143.05,120.234
150059.SZ,20180110,0.98,0.994,0.994,0.966,0.981,0.001,0.102,21.68,2.134
150060.SZ,20180110,1.447,1.45,1.51,1.45,1.5,0.053,3.6628,1675.97,251.135
150065.SZ,20180110,1.069,1.073,1.073,1.073,1.073,0.004,0.3742,0.14,0.015
150067.SZ,20180110,1.445,1.43,1.43,1.43,1.43,-0.015,-1.0381,5.0,0.715
150073.SZ,20180110,0.918,0.912,0.912,0.912,0.912,-0.006,-0.6536,450.0,41.04
150075.SZ,20180110,1.2,1.17,1.17,1.11,1.11,-0.09,-7.5,2.0,0.228
150090.SZ,20180110,0.928,0.915,0.915,0.907,0.913,-0.015,-1.6164,1646.0,150.345
150093.SZ,20180110,1.028,1.098,1.099,1.098,1.099,0.071,6.9066,150.0,16.483
150095.SZ,20180110,0.551,0.509,0.55,0.509,0.55,-0.001,-0.1815,2.0,0.105
150100.SZ,20180110,1.025,0.96,1.035,0.96,0.96,-0.065,-6.3415,5268.0,542.801
150101.SZ,20180110,1.697,1.697,1.71,1.669,1.69,-0.007,-0.4125,7745.1,1312.111
150104.SZ,20180110,0.95,0.949,0.949,0.949,0.949,-0.001,-0.1053,800.0,75.92
150105.SZ,20180110,1.928,1.931,1.931,1.931,1.931,0.003,0.1556,13.0,2.51
150106.SZ,20180110,1.031,1.032,1.033,1.03,1.03,-0.001,-0.097,10702.0,1102.456
150107.SZ,20180110,1.244,1.223,1.233,1.22,1.227,-0.017,-1.3666,3958.35,484.572
150113.SZ,20180110,1.919,1.9,1.9,1.9,1.9,-0.019,-0.9901,16.0,3.04
150117.SZ,20180110,0.977,0.975,0.986,0.975,0.979,0.002,0.2047,10243.39,1004.556
150118.SZ,20180110,0.75,0.753,0.786,0.731,0.746,-0.004,-0.5333,297477.31,22666.41
150121.SZ,20180110,0.987,0.907,0.95,0.907,0.949,-0.038,-3.8501,583.0,54.694
150122.SZ,20180110,1.643,1.65,1.65,1.65,1.65,0.007,0.426,2.0,0.33
150123.SZ,20180110,1.009,1.008,1.008,1.006,1.006,-0.003,-0.2973,28118.56,2829.689
150124.SZ,20180110,0.985,0.988,0.994,0.971,0.987,0.002,0.203,37189.35,3653.238
150130.SZ,20180110,0.995,1.0,1.0,0.995,0.996,0.001,0.1005,10103.27,1008.593
150131.SZ,20180110,0.719,0.718,0.718,0.701,0.708,-0.011,-1.5299,447182.05,31636.776
150135.SZ,20180110,0.978,0.978,0.978,0.974,0.975,-0.003,-0.3067,510.78,49.846
150136.SZ,20180110,1.188,1.18,1.259,1.18,1.258,0.07,5.8923,2115.09,261.115
150139.SZ,20180110,0.961,0.963,0.963,0.963,0.963,0.002,0.2081,1.89,0.182
150144.SZ,20180110,1.163,1.121,1.125,1.121,1.125,-0.038,-3.2674,177.14,19.927
150145.SZ,20180110,0.951,0.93,0.949,0.93,0.945,-0.006,-0.6309,480.78,45.26
150146.SZ,20180110,0.463,0.503,0.503,0.433,0.472,0.009,1.9438,102.0,4.427
150148.SZ,20180110,1.057,1.0,1.044,1.0,1.001,-0.056,-5.298,81.0,8.104
150149.SZ,20180110,0.898,0.929,0.929,0.869,0.91,0.012,1.3363,3288.0,295.134
150150.SZ,20180110,0.91,0.911,0.911,0.911,0.911,0.001,0.1099,53.0,4.828
150151.SZ,20180110,1.635,1.565,1.654,1.565,1.654,0.019,1.1621,2803.76,462.788
150152.SZ,20180110,0.923,0.924,0.925,0.923,0.923,0.0,0.0,97560.02,9012.027
150153.SZ,20180110,0.594,0.597,0.597,0.582,0.586,-0.008,-1.3468,1135894.1,66681.509
150157.SZ,20180110,0.942,0.944,0.944,0.934,0.942,0.0,0.0,7956.0,750.191
150158.SZ,20180110,1.127,1.116,1.141,1.115,1.14,0.013,1.1535,19203.42,2170.74
150164.SZ,20180110,0.976,0.965,0.965,0.965,0.965,-0.011,-1.127,1.0,0.096
150165.SZ,20180110,1.13,1.101,1.101,1.101,1.101,-0.029,-2.5664,0.03,0.003
150168.SZ,20180110,1.05,0.957,1.055,0.957,1.051,0.001,0.0952,2858.0,296.324
150169.SZ,20180110,0.943,0.947,0.949,0.94,0.944,0.001,0.106,10198.2,963.448
150170.SZ,20180110,1.563,1.562,1.58,1.561,1.58,0.017,1.0877,23268.49,3663.649
150171.SZ,20180110,0.916,0.918,0.918,0.915,0.917,0.001,0.1092,88961.0,8152.249
150172.SZ,20180110,1.072,1.072,1.088,1.057,1.066,-0.006,-0.5597,255510.65,27383.562
150173.SZ,20180110,0.902,0.903,0.908,0.903,0.906,0.004,0.4435,3077.3,278.197
150174.SZ,20180110,0.599,0.585,0.586,0.572,0.58,-0.019,-3.172,1679.25,97.543
150175.SZ,20180110,0.91,0.91,0.91,0.908,0.91,0.0,0.0,56111.77,5103.076
150176.SZ,20180110,1.188,1.186,1.215,1.186,1.214,0.026,2.1886,130341.04,15669.627
150177.SZ,20180110,0.989,0.962,0.963,0.962,0.963,-0.026,-2.6289,145.16,13.964
150178.SZ,20180110,1.57,1.557,1.577,1.555,1.571,0.001,0.0637,1732.48,271.334
150179.SZ,20180110,0.941,0.977,0.994,0.932,0.99,0.049,5.2072,864.33,82.621
150180.SZ,20180110,1.484,1.485,1.489,1.453,1.481,-0.003,-0.2022,462.4,68.509
150181.SZ,20180110,0.886,0.885,0.887,0.884,0.886,0.0,0.0,66255.26,5868.895
150182.SZ,20180110,0.793,0.79,0.791,0.764,0.771,-0.022,-2.7743,168912.46,13090.68
150185.SZ,20180110,0.891,0.898,0.898,0.868,0.871,-0.02,-2.2447,23070.14,2019.477
150186.SZ,20180110,0.925,0.925,0.926,0.923,0.924,-0.001,-0.1081,28353.68,2621.961
150187.SZ,20180110,0.57,0.57,0.57,0.552,0.559,-0.011,-1.9298,6613.77,369.668
150188.SZ,20180110,0.976,0.976,0.976,0.974,0.975,-0.001,-0.1025,916.33,89.359
150189.SZ,20180110,0.74,0.727,0.727,0.711,0.714,-0.026,-3.5135,105.87,7.68
150190.SZ,20180110,0.999,0.97,0.999,0.97,0.999,0.0,0.0,66.04,6.499
150191.SZ,20180110,1.176,1.112,1.166,1.112,1.166,-0.01,-0.8503,19.1,2.129
150192.SZ,20180110,1.06,1.089,1.09,1.019,1.08,0.02,1.8868,82.38,8.965
150193.SZ,20180110,1.453,1.452,1.495,1.406,1.477,0.024,1.6518,11639.41,1705.723
150194.SZ,20180110,0.882,0.882,0.883,0.882,0.882,0.0,0.0,44174.14,3897.611
150195.SZ,20180110,1.322,1.318,1.318,1.295,1.309,-0.013,-0.9834,16757.59,2191.372
150196.SZ,20180110,0.957,0.958,0.958,0.955,0.956,-0.001,-0.1045,60679.04,5805.909
150197.SZ,20180110,1.43,1.42,1.444,1.393,1.404,-0.026,-1.8182,126197.21,17833.612
150198.SZ,20180110,1.052,1.058,1.058,1.058,1.058,0.006,0.5703,43.0,4.549
150199.SZ,20180110,1.687,1.681,1.726,1.673,1.726,0.039,2.3118,32871.74,5569.562
150200.SZ,20180110,0.929,0.929,0.931,0.927,0.929,0.0,0.0,863205.7,80213.016
150201.SZ,20180110,0.403,0.403,0.414,0.388,0.4,-0.003,-0.7444,4397158.72,175988.773
150203.SZ,20180110,0.889,0.89,0.892,0.89,0.892,0.003,0.3375,900.0,80.19
150204.SZ,20180110,0.714,0.712,0.712,0.704,0.712,-0.002,-0.2801,1342.15,94.857
150205.SZ,20180110,0.886,0.885,0.886,0.884,0.885,-0.001,-0.1129,31000.07,2743.536
150206.SZ,20180110,0.91,0.909,0.91,0.887,0.893,-0.017,-1.8681,66359.63,5939.721
150208.SZ,20180110,0.709,0.714,0.724,0.686,0.705,-0.004,-0.5642,7044.0,495.829
150209.SZ,20180110,0.902,0.901,0.903,0.9,0.902,0.0,0.0,51418.0,4636.699
150210.SZ,20180110,1.067,1.067,1.068,1.051,1.063,-0.004,-0.3749,69800.64,7406.09
150211.SZ,20180110,0.913,0.912,0.912,0.91,0.911,-0.002,-0.2191,147203.0,13409.849
150212.SZ,20180110,0.79,0.787,0.789,0.762,0.764,-0.026,-3.2911,140062.41,10757.471
150213.SZ,20180110,0.937,0.937,0.938,0.937,0.938,0.001,0.1067,3846.89,360.813
150214.SZ,20180110,0.44,0.44,0.44,0.426,0.433,-0.007,-1.5909,47135.41,2043.038
150216.SZ,20180110,1.235,1.232,1.315,1.232,1.31,0.075,6.0729,98.64,12.838
150218.SZ,20180110,0.685,0.671,0.685,0.667,0.674,-0.011,-1.6058,7571.49,509.57
150220.SZ,20180110,0.906,0.9,0.905,0.883,0.895,-0.011,-1.2141,6190.0,552.645
150221.SZ,20180110,1.005,1.005,1.006,1.004,1.005,0.0,0.0,450513.28,45278.961
150222.SZ,20180110,0.386,0.386,0.387,0.366,0.368,-0.018,-4.6632,1101643.21,41094.453
150223.SZ,20180110,1.0,1.001,1.001,0.999,1.0,0.0,0.0,1309490.8,130953.081
150224.SZ,20180110,0.838,0.838,0.849,0.823,0.834,-0.004,-0.4773,299694.24,25078.67
150225.SZ,20180110,0.933,1.023,1.023,0.915,0.915,-0.018,-1.9293,61.77,5.662
150226.SZ,20180110,1.427,1.488,1.488,1.382,1.478,0.051,3.5739,4.73,0.693
150227.SZ,20180110,0.888,0.887,0.888,0.886,0.886,-0.002,-0.2252,104141.09,9239.153
150228.SZ,20180110,1.042,1.042,1.094,1.04,1.085,0.043,4.1267,760567.35,81553.45
150229.SZ,20180110,1.012,1.011,1.015,1.011,1.015,0.003,0.2964,1660.0,167.98
150230.SZ,20180110,1.787,1.785,1.828,1.764,1.828,0.041,2.2943,2939.47,529.424
150231.SZ,20180110,1.129,1.016,1.08,1.016,1.08,-0.049,-4.3401,301.0,30.588
150232.SZ,20180110,1.4,1.382,1.389,1.368,1.386,-0.014,-1.0,241.23,33.27
150234.SZ,20180110,0.933,1.022,1.023,1.01,1.02,0.087,9.3248,210.0,21.417
150235.SZ,20180110,0.925,0.911,0.918,0.911,0.918,-0.007,-0.7568,449.43,41.247
150236.SZ,20180110,0.819,0.816,0.828,0.806,0.815,-0.004,-0.4884,5991.39,487.742
150237.SZ,20180110,1.1,1.104,1.104,1.104,1.104,0.004,0.3636,7.0,0.772
150238.SZ,20180110,1.201,1.133,1.14,1.121,1.14,-0.061,-5.0791,92.0,10.364
150242.SZ,20180110,1.139,1.138,1.159,1.135,1.158,0.019,1.6681,3421.0,392.111
150243.SZ,20180110,0.895,0.893,0.896,0.893,0.895,0.0,0.0,703.0,62.861
150244.SZ,20180110,0.679,0.675,0.675,0.661,0.672,-0.007,-1.0309,8918.49,595.137
150246.SZ,20180110,1.133,1.108,1.138,1.108,1.138,0.005,0.4413,229.45,25.426
150247.SZ,20180110,0.956,0.957,0.957,0.954,0.956,0.0,0.0,2468.88,235.672
150248.SZ,20180110,0.654,0.662,0.662,0.645,0.654,0.0,0.0,2876.0,187.999
150250.SZ,20180110,1.049,1.043,1.11,1.043,1.108,0.059,5.6244,1693.0,185.567
150251.SZ,20180110,0.918,1.008,1.008,0.918,0.918,0.0,0.0,10.0,0.999
150252.SZ,20180110,1.515,1.515,1.54,1.49,1.54,0.025,1.6502,9296.75,1409.545
150255.SZ,20180110,0.906,0.906,0.906,0.905,0.906,0.0,0.0,11575.0,1047.69
150256.SZ,20180110,1.022,1.048,1.058,1.048,1.058,0.036,3.5225,301.0,31.695
150257.SZ,20180110,0.97,0.999,1.0,0.999,1.0,0.03,3.0928,3.93,0.392
150258.SZ,20180110,1.168,1.139,1.139,1.139,1.139,-0.029,-2.4829,128.0,14.579
150259.SZ,20180110,0.912,0.912,0.913,0.912,0.912,0.0,0.0,15442.75,1409.003
150260.SZ,20180110,0.699,0.699,0.699,0.689,0.696,-0.003,-0.4292,669.62,46.642
150261.SZ,20180110,0.961,0.957,0.962,0.957,0.962,0.001,0.1041,4022.47,386.627
150262.SZ,20180110,0.84,0.831,0.831,0.812,0.829,-0.011,-1.3095,6538.5,538.188
150263.SZ,20180110,0.996,0.96,0.96,0.96,0.96,-0.036,-3.6145,109.0,10.464
150264.SZ,20180110,0.39,0.358,0.389,0.353,0.389,-0.001,-0.2564,37.0,1.324
150265.SZ,20180110,1.082,1.085,1.085,1.069,1.08,-0.002,-0.1848,1279.0,137.986
150266.SZ,20180110,1.323,1.316,1.325,1.307,1.324,0.001,0.0756,1690.46,223.2
150267.SZ,20180110,0.998,0.951,0.999,0.951,0.999,0.001,0.1002,6.0,0.594
150268.SZ,20180110,1.13,1.127,1.15,1.127,1.14,0.01,0.885,371.0,41.869
150269.SZ,20180110,0.894,0.893,0.897,0.89,0.89,-0.004,-0.4474,8174.75,730.573
150270.SZ,20180110,1.54,1.54,1.591,1.514,1.59,0.05,3.2468,79398.07,12277.757
150271.SZ,20180110,0.906,0.882,0.882,0.882,0.882,-0.024,-2.649,105.54,9.308
150272.SZ,20180110,1.176,1.17,1.19,1.17,1.18,0.004,0.3401,203.0,23.944
150273.SZ,20180110,0.998,1.003,1.005,1.003,1.005,0.007,0.7014,2570.0,257.868
150274.SZ,20180110,0.653,0.641,0.666,0.614,0.663,0.01,1.5314,2481.26,159.792
150275.SZ,20180110,0.902,0.904,0.905,0.899,0.901,-0.001,-0.1109,20963.04,1894.07
150276.SZ,20180110,0.682,0.679,0.685,0.67,0.679,-0.003,-0.4399,48040.21,3257.199
150277.SZ,20180110,0.923,0.923,0.924,0.922,0.923,0.0,0.0,8405.18,775.228
150278.SZ,20180110,0.551,0.549,0.555,0.549,0.555,0.004,0.726,21376.58,1176.366
150281.SZ,20180110,1.02,0.923,1.02,0.923,1.02,0.0,0.0,516.01,47.751
150282.SZ,20180110,0.7,0.745,0.745,0.7,0.738,0.038,5.4286,1038.02,75.364
150283.SZ,20180110,0.908,0.928,0.928,0.903,0.904,-0.004,-0.4405,4346.08,392.95
150284.SZ,20180110,1.033,0.997,1.036,0.997,1.029,-0.004,-0.3872,1938.13,198.932
150287.SZ,20180110,0.958,0.96,0.961,0.96,0.96,0.002,0.2088,3218.95,309.167
150288.SZ,20180110,0.888,0.88,0.888,0.858,0.867,-0.021,-2.3649,74182.0,6448.601
150289.SZ,20180110,0.98,0.968,0.987,0.968,0.975,-0.005,-0.5102,3154.0,307.636
150290.SZ,20180110,0.659,0.653,0.666,0.627,0.638,-0.021,-3.1866,384949.31,24769.15
150291.SZ,20180110,0.978,0.977,0.98,0.977,0.978,0.0,0.0,9374.0,916.956
150292.SZ,20180110,0.828,0.838,0.89,0.835,0.853,0.025,3.0193,6548.01,554.037
150293.SZ,20180110,0.962,0.954,0.96,0.954,0.96,-0.002,-0.2079,29.16,2.782
150294.SZ,20180110,0.999,0.999,0.999,0.999,0.999,0.0,0.0,0.12,0.011
150295.SZ,20180110,0.915,0.914,0.915,0.913,0.913,-0.002,-0.2186,2309.02,211.023
150296.SZ,20180110,1.168,1.186,1.186,1.149,1.156,-0.012,-1.0274,1396.95,161.88
150298.SZ,20180110,0.58,0.574,0.581,0.574,0.58,0.0,0.0,944.0,54.757
150299.SZ,20180110,0.97,0.969,0.971,0.969,0.969,-0.001,-0.1031,24761.0,2403.307
150300.SZ,20180110,0.784,0.784,0.819,0.783,0.819,0.035,4.4643,93158.0,7518.252
150301.SZ,20180110,0.963,0.961,0.961,0.961,0.961,-0.002,-0.2077,295.0,28.349
150302.SZ,20180110,0.961,0.928,0.959,0.925,0.958,-0.003,-0.3122,699.91,65.405
150303.SZ,20180110,0.961,0.96,0.96,0.96,0.96,-0.001,-0.1041,412.31,39.581
150304.SZ,20180110,0.614,0.612,0.617,0.605,0.613,-0.001,-0.1629,5043.5,308.265
150306.SZ,20180110,0.603,0.594,0.608,0.591,0.608,0.005,0.8292,1988.0,120.026
150307.SZ,20180110,0.884,0.886,0.886,0.883,0.885,0.001,0.1131,647.0,57.281
150308.SZ,20180110,0.876,0.873,0.873,0.86,0.86,-0.016,-1.8265,796.21,68.745
150310.SZ,20180110,0.69,0.726,0.726,0.726,0.726,0.036,5.2174,1.0,0.072
150311.SZ,20180110,0.89,0.873,0.873,0.873,0.873,-0.017,-1.9101,10.0,0.873
150312.SZ,20180110,0.833,0.796,0.796,0.796,0.796,-0.037,-4.4418,30.0,2.388
150316.SZ,20180110,0.788,0.803,0.803,0.78,0.794,0.006,0.7614,1653.0,130.489
150321.SZ,20180110,1.105,1.1,1.1,1.089,1.091,-0.014,-1.267,1319.37,144.505
150322.SZ,20180110,1.44,1.452,1.462,1.402,1.415,-0.025,-1.7361,2757.21,401.045
150323.SZ,20180110,1.0,0.955,0.955,0.955,0.955,-0.045,-4.5,20.0,1.91
150324.SZ,20180110,0.458,0.442,0.458,0.442,0.449,-0.009,-1.9651,461.0,20.457
150325.SZ,20180110,0.954,0.954,0.954,0.952,0.952,-0.002,-0.2096,7350.0,700.454
150326.SZ,20180110,1.004,0.908,0.91,0.904,0.904,-0.1,-9.9602,197.24,17.912
150327.SZ,20180110,1.0,1.005,1.005,1.005,1.005,0.005,0.5,12.55,1.261
150328.SZ,20180110,1.295,1.295,1.295,1.269,1.294,-0.001,-0.0772,14.94,1.932
150329.SZ,20180110,0.882,0.882,0.883,0.881,0.882,0.0,0.0,11248.0,992.033
150330.SZ,20180110,1.807,1.802,1.804,1.781,1.796,-0.011,-0.6087,22396.01,4014.409
150331.SZ,20180110,0.99,0.99,0.991,0.99,0.99,0.0,0.0,53782.38,5328.033
150332.SZ,20180110,0.368,0.37,0.376,0.365,0.375,0.007,1.9022,20159.72,751.61
150335.SZ,20180110,0.961,0.96,0.961,0.96,0.96,-0.001,-0.1041,1577.0,151.542
150336.SZ,20180110,1.031,1.027,1.027,1.009,1.01,-0.021,-2.0369,3822.05,389.33
150344.SZ,20180110,1.009,1.004,1.004,1.004,1.004,-0.005,-0.4955,168.73,16.94
159001.SZ,20180110,100.0,99.999,100.001,99.997,100.001,0.001,0.001,10248.59,102484.509
159003.SZ,20180110,100.0,99.998,100.002,99.997,100.002,0.002,0.002,17418.1,174178.514
159005.SZ,20180110,100.001,99.999,100.001,99.999,100.0,-0.001,-0.001,349423.2,3494231.905
159901.SZ,20180110,5.233,5.225,5.263,5.203,5.248,0.015,0.2866,197246.5,103175.495
159902.SZ,20180110,3.737,3.734,3.739,3.692,3.729,-0.008,-0.2141,119863.68,44461.25
159903.SZ,20180110,1.227,1.227,1.232,1.212,1.232,0.005,0.4075,31058.68,3795.351
159905.SZ,20180110,1.855,1.853,1.886,1.845,1.883,0.028,1.5094,244355.0,45748.428
159906.SZ,20180110,1.039,1.039,1.041,1.027,1.027,-0.012,-1.155,205.0,21.171
159907.SZ,20180110,1.532,1.525,1.531,1.512,1.531,-0.001,-0.0653,1397.0,213.557
159908.SZ,20180110,1.581,1.595,1.598,1.595,1.596,0.015,0.9488,3.0,0.478
159909.SZ,20180110,5.45,5.538,5.538,5.452,5.521,0.071,1.3028,25.0,13.755
159910.SZ,20180110,1.907,1.892,1.938,1.892,1.931,0.024,1.2585,905.0,172.073
159911.SZ,20180110,4.497,4.488,4.488,4.487,4.487,-0.01,-0.2224,2.0,0.897
159912.SZ,20180110,1.454,1.452,1.457,1.443,1.455,0.001,0.0688,1263.0,182.901
159913.SZ,20180110,1.965,1.996,2.002,1.967,2.0,0.035,1.7812,765.3,152.495
159915.SZ,20180110,1.699,1.695,1.699,1.679,1.689,-0.01,-0.5886,715802.28,120750.211
159916.SZ,20180110,4.437,4.4,4.48,4.4,4.47,0.033,0.7437,110.0,49.017
159918.SZ,20180110,1.755,1.73,1.754,1.73,1.747,-0.008,-0.4558,249.0,43.263
159919.SZ,20180110,4.56,4.56,4.58,4.542,4.579,0.019,0.4167,157925.32,72039.829
159920.SZ,20180110,1.631,1.634,1.647,1.631,1.643,0.012,0.7357,2912415.42,477449.322
159922.SZ,20180110,6.608,6.605,6.605,6.522,6.566,-0.042,-0.6356,1249.0,817.929
159923.SZ,20180110,1.779,1.761,1.796,1.761,1.779,0.0,0.0,696.0,123.543
159924.SZ,20180110,1.472,1.493,1.493,1.48,1.48,0.008,0.5435,20.0,2.981
159925.SZ,20180110,1.744,1.745,1.752,1.74,1.75,0.006,0.344,4344.24,759.431
159926.SZ,20180110,105.0,108.0,108.0,104.82,104.82,-0.18,-0.1714,2.0,21.282
159927.SZ,20180110,4.089,4.024,4.099,4.024,4.097,0.008,0.1956,168.78,68.499
159928.SZ,20180110,2.507,2.515,2.53,2.481,2.53,0.023,0.9174,27191.0,6811.548
159929.SZ,20180110,1.63,1.635,1.635,1.609,1.621,-0.009,-0.5521,7118.53,1152.334
159930.SZ,20180110,0.912,0.899,0.929,0.899,0.911,-0.001,-0.1096,4013.0,368.504
159931.SZ,20180110,1.74,1.739,1.749,1.739,1.749,0.009,0.5172,2342.86,409.533
159932.SZ,20180110,1.746,1.74,1.74,1.722,1.738,-0.008,-0.4582,43.96,7.573
159933.SZ,20180110,1.972,1.987,1.987,1.976,1.98,0.008,0.4057,167.0,33.063
159934.SZ,20180110,2.753,2.75,2.75,2.743,2.748,-0.005,-0.1816,58823.0,16154.1
159935.SZ,20180110,1.694,1.692,1.695,1.682,1.695,0.001,0.059,77.0,12.959
159936.SZ,20180110,1.619,1.617,1.621,1.617,1.618,-0.001,-0.0618,129.0,20.869
159937.SZ,20180110,2.766,2.762,2.765,2.761,2.763,-0.003,-0.1085,164741.0,45516.043
159938.SZ,20180110,1.407,1.408,1.409,1.393,1.403,-0.004,-0.2843,56945.0,7985.449
159939.SZ,20180110,1.109,1.11,1.112,1.096,1.112,0.003,0.2705,12910.0,1425.833
159940.SZ,20180110,0.99,0.988,0.999,0.988,0.997,0.007,0.7071,5502.13,548.358
159941.SZ,20180110,1.424,1.426,1.449,1.426,1.433,0.009,0.632,1192.0,170.664
159942.SZ,20180110,1.979,1.998,1.998,1.958,1.982,0.003,0.1516,1438.19,284.613
159943.SZ,20180110,11.9,11.9,11.935,11.83,11.935,0.035,0.2941,979.47,1164.185
159944.SZ,20180110,0.988,0.987,0.989,0.985,0.986,-0.002,-0.2024,2441.0,241.346
159945.SZ,20180110,0.826,0.836,0.836,0.818,0.822,-0.004,-0.4843,1902.0,156.998
159946.SZ,20180110,1.338,1.338,1.369,1.327,1.354,0.016,1.1958,1791.33,242.98
159948.SZ,20180110,1.856,1.856,1.858,1.835,1.843,-0.013,-0.7004,1333.58,246.187
159949.SZ,20180110,0.68,0.68,0.682,0.672,0.677,-0.003,-0.4412,92067.15,6225.75
159950.SZ,20180110,1.155,1.15,1.15,1.12,1.15,-0.005,-0.4329,275.0,31.485
159951.SZ,20180110,0.991,0.985,0.999,0.982,0.982,-0.009,-0.9082,14094.77,1387.938
159952.SZ,20180110,1.014,1.015,1.016,1.004,1.009,-0.005,-0.4931,99882.12,10063.335
159953.SZ,20180110,0.969,0.958,0.961,0.946,0.957,-0.012,-1.2384,9882.0,938.965
159955.SZ,20180110,0.976,0.971,0.978,0.966,0.974,-0.002,-0.2049,7407.09,719.273
159957.SZ,20180110,1.016,1.016,1.016,1.005,1.007,-0.009,-0.8858,69696.5,7040.33
160105.SZ,20180110,1.135,1.137,1.145,1.13,1.13,-0.005,-0.4405,437.51,49.682
160106.SZ,20180110,1.369,1.384,1.384,1.36,1.373,0.004,0.2922,1116.42,152.292
160119.SZ,20180110,1.576,1.575,1.575,1.555,1.568,-0.008,-0.5076,3173.0,495.476
160125.SZ,20180110,1.062,1.065,1.076,1.065,1.074,0.012,1.1299,1975.99,211.99
160128.SZ,20180110,0.976,0.976,0.977,0.976,0.977,0.001,0.1025,2615.96,255.392
160131.SZ,20180110,1.006,1.004,1.007,1.004,1.007,0.001,0.0994,2625.0,263.912
160133.SZ,20180110,2.312,2.309,2.31,2.301,2.31,-0.002,-0.0865,2250.08,518.725
160140.SZ,20180110,0.969,0.978,0.978,0.97,0.972,0.003,0.3096,397.0,38.689
160211.SZ,20180110,2.956,2.96,2.96,2.92,2.936,-0.02,-0.6766,9463.06,2779.196
160212.SZ,20180110,2.889,2.896,2.899,2.855,2.868,-0.021,-0.7269,31925.87,9175.72
160215.SZ,20180110,1.635,1.627,1.627,1.603,1.618,-0.017,-1.0398,9426.11,1522.367
160216.SZ,20180110,0.465,0.475,0.477,0.475,0.475,0.01,2.1505,140518.61,6685.407
160220.SZ,20180110,1.329,1.329,1.329,1.328,1.328,-0.001,-0.0752,1054.0,139.973
160223.SZ,20180110,0.83,0.841,0.841,0.825,0.826,-0.004,-0.4819,295.0,24.358
160225.SZ,20180110,1.104,1.104,1.107,1.092,1.092,-0.012,-1.087,8612.87,940.985
160311.SZ,20180110,1.613,1.604,1.613,1.604,1.61,-0.003,-0.186,1559.0,250.756
160314.SZ,20180110,1.143,1.14,1.144,1.14,1.143,0.0,0.0,2380.07,271.773
160322.SZ,20180110,1.31,1.307,1.319,1.307,1.317,0.007,0.5344,1439.98,189.356
160324.SZ,20180110,0.873,0.877,0.88,0.873,0.878,0.005,0.5727,4248.02,372.038
160415.SZ,20180110,1.076,1.077,1.077,1.075,1.075,-0.001,-0.0929,29.0,3.117
160416.SZ,20180110,1.011,1.014,1.019,1.009,1.012,0.001,0.0989,19826.0,2007.991
160421.SZ,20180110,0.943,0.941,0.941,0.933,0.938,-0.005,-0.5302,33355.36,3125.061
160422.SZ,20180110,1.107,1.111,1.111,1.105,1.108,0.001,0.0903,932.0,103.241
160505.SZ,20180110,2.104,2.1,2.1,2.07,2.084,-0.02,-0.9506,85576.79,17853.867
160512.SZ,20180110,2.15,2.128,2.153,2.125,2.152,0.002,0.093,850.15,182.134
160515.SZ,20180110,0.989,0.99,0.991,0.989,0.991,0.002,0.2022,1875.0,185.623
160518.SZ,20180110,0.99,0.991,0.991,0.98,0.989,-0.001,-0.101,30668.54,3030.748
160519.SZ,20180110,1.002,1.002,1.002,0.992,0.998,-0.004,-0.3992,18845.16,1884.717
160522.SZ,20180110,0.982,0.984,0.985,0.983,0.985,0.003,0.3055,14099.7,1387.029
160607.SZ,20180110,0.898,0.89,0.891,0.885,0.889,-0.009,-1.0022,2855.7,253.626
160610.SZ,20180110,1.121,1.118,1.123,1.113,1.117,-0.004,-0.3568,1281.94,143.512
160611.SZ,20180110,0.834,0.83,0.832,0.828,0.828,-0.006,-0.7194,643.2,53.433
160615.SZ,20180110,1.671,1.683,1.684,1.682,1.683,0.012,0.7181,2311.0,388.948
160616.SZ,20180110,1.372,1.384,1.389,1.369,1.369,-0.003,-0.2187,6.0,0.825
160635.SZ,20180110,1.113,1.112,1.112,1.102,1.106,-0.007,-0.6289,333.05,36.821
160642.SZ,20180110,0.967,0.969,0.971,0.969,0.971,0.004,0.4137,336.03,32.573
160643.SZ,20180110,0.929,0.927,0.932,0.927,0.928,-0.001,-0.1076,180.0,16.705
160644.SZ,20180110,0.993,0.992,0.993,0.988,0.993,0.0,0.0,255.0,25.281
160706.SZ,20180110,1.189,1.189,1.195,1.186,1.195,0.006,0.5046,40462.0,4818.257
160716.SZ,20180110,1.602,1.603,1.621,1.603,1.62,0.018,1.1236,4807.01,776.453
160717.SZ,20180110,0.862,0.862,0.871,0.862,0.871,0.009,1.0441,19439.43,1684.279
160719.SZ,20180110,0.704,0.705,0.705,0.702,0.703,-0.001,-0.142,4765.0,335.419
160722.SZ,20180110,0.998,0.999,1.006,0.999,1.003,0.005,0.501,33682.32,3373.047
160723.SZ,20180110,1.118,1.128,1.137,1.128,1.137,0.019,1.6995,4762.24,539.581
160805.SZ,20180110,0.875,0.877,0.887,0.877,0.885,0.01,1.1429,945.5,83.438
160806.SZ,20180110,1.484,1.493,1.493,1.488,1.488,0.004,0.2695,175.73,26.222
160807.SZ,20180110,1.341,1.359,1.359,1.359,1.359,0.018,1.3423,1.0,0.135
160809.SZ,20180110,1.139,1.143,1.143,1.143,1.143,0.004,0.3512,2.0,0.228
160810.SZ,20180110,1.201,1.191,1.191,1.191,1.191,-0.01,-0.8326,43.0,5.121
160812.SZ,20180110,1.599,1.608,1.608,1.589,1.596,-0.003,-0.1876,3898.56,622.194
160813.SZ,20180110,0.841,0.841,0.848,0.841,0.844,0.003,0.3567,2886.95,243.688
160910.SZ,20180110,1.21,1.2,1.21,1.198,1.198,-0.012,-0.9917,794.22,95.539
160916.SZ,20180110,2.854,2.85,2.857,2.835,2.855,0.001,0.035,4607.22,1311.968
160918.SZ,20180110,2.07,2.061,2.063,2.035,2.051,-0.019,-0.9179,3244.0,664.434
160919.SZ,20180110,1.246,1.25,1.253,1.242,1.25,0.004,0.321,1454.0,181.942
160921.SZ,20180110,0.955,0.955,0.955,0.946,0.955,0.0,0.0,182.02,17.292
160924.SZ,20180110,1.28,1.152,1.194,1.152,1.152,-0.128,-10.0,2044.0,235.67
161005.SZ,20180110,2.183,2.181,2.181,2.165,2.175,-0.008,-0.3665,10091.77,2190.54
161010.SZ,20180110,1.041,1.04,1.043,1.037,1.04,-0.001,-0.0961,2835.0,294.862
161014.SZ,20180110,1.007,1.007,1.009,1.006,1.008,0.001,0.0993,1666.76,167.896
161015.SZ,20180110,0.929,0.935,0.935,0.935,0.935,0.006,0.6459,20.0,1.87
161017.SZ,20180110,2.324,2.33,2.33,2.311,2.311,-0.013,-0.5594,1415.61,328.439
161019.SZ,20180110,0.973,0.973,0.975,0.973,0.975,0.002,0.2055,8256.02,803.906
161033.SZ,20180110,1.13,1.075,1.075,1.053,1.057,-0.073,-6.4602,14533.6,1546.212
161035.SZ,20180110,0.998,0.994,0.995,0.987,0.995,-0.003,-0.3006,424.01,42.093
161036.SZ,20180110,0.855,0.852,0.852,0.847,0.847,-0.008,-0.9357,900.01,76.631
161037.SZ,20180110,1.182,1.179,1.191,1.173,1.18,-0.002,-0.1692,479.0,56.613
161038.SZ,20180110,1.072,1.062,1.062,1.054,1.054,-0.018,-1.6791,468.01,49.618
161116.SZ,20180110,0.718,0.721,0.721,0.717,0.718,0.0,0.0,3341.0,239.88
161117.SZ,20180110,1.009,1.008,1.008,1.008,1.008,-0.001,-0.0991,1000.0,100.8
161124.SZ,20180110,1.132,1.15,1.15,1.135,1.139,0.007,0.6184,7472.37,853.504
161125.SZ,20180110,1.116,1.115,1.119,1.115,1.119,0.003,0.2688,680.01,75.984
161126.SZ,20180110,1.152,1.147,1.155,1.146,1.154,0.002,0.1736,815.0,93.656
161127.SZ,20180110,1.258,1.268,1.268,1.261,1.268,0.01,0.7949,643.0,81.321
161128.SZ,20180110,1.249,1.294,1.295,1.254,1.26,0.011,0.8807,1089.0,139.836
161129.SZ,20180110,1.067,1.078,1.09,1.078,1.089,0.022,2.0619,2315.01,251.193
161130.SZ,20180110,1.074,1.077,1.077,1.077,1.077,0.003,0.2793,4244.27,457.107
161210.SZ,20180110,1.099,1.095,1.106,1.095,1.106,0.007,0.6369,59.0,6.481
161213.SZ,20180110,1.668,1.67,1.679,1.67,1.679,0.011,0.6595,35.0,5.864
161216.SZ,20180110,1.049,1.048,1.048,1.048,1.048,-0.001,-0.0953,223.0,23.37
161217.SZ,20180110,0.824,0.824,0.827,0.818,0.818,-0.006,-0.7282,4905.96,402.476
161219.SZ,20180110,1.353,1.356,1.356,1.334,1.346,-0.007,-0.5174,104.0,14.063
161222.SZ,20180110,1.224,1.218,1.22,1.218,1.22,-0.004,-0.3268,265.0,32.307
161224.SZ,20180110,1.029,1.029,1.037,1.028,1.035,0.006,0.5831,1579.39,162.473
161225.SZ,20180110,1.238,1.243,1.243,1.243,1.243,0.005,0.4039,2.0,0.248
161226.SZ,20180110,0.853,0.85,0.851,0.847,0.847,-0.006,-0.7034,36985.0,3135.339
161227.SZ,20180110,1.095,1.095,1.098,1.087,1.098,0.003,0.274,10978.74,1201.333
161229.SZ,20180110,1.404,1.404,1.421,1.404,1.413,0.009,0.641,518.0,73.161
161232.SZ,20180110,0.837,0.844,0.844,0.832,0.834,-0.003,-0.3584,4676.07,390.016
161607.SZ,20180110,1.317,1.318,1.328,1.318,1.328,0.011,0.8352,557.22,73.836
161610.SZ,20180110,1.046,1.046,1.048,1.034,1.041,-0.005,-0.478,2828.62,294.439
161626.SZ,20180110,1.006,1.004,1.004,1.004,1.004,-0.002,-0.1988,0.28,0.028
161631.SZ,20180110,1.049,1.048,1.054,1.034,1.044,-0.005,-0.4766,15612.06,1629.05
161706.SZ,20180110,1.759,1.768,1.78,1.76,1.76,0.001,0.0569,1545.86,272.985
161713.SZ,20180110,1.003,1.003,1.003,1.003,1.003,0.0,0.0,100.0,10.03
161714.SZ,20180110,1.064,1.065,1.073,1.065,1.073,0.009,0.8459,3776.0,403.761
161715.SZ,20180110,1.176,1.177,1.177,1.172,1.172,-0.004,-0.3401,155.93,18.311
161727.SZ,20180110,1.046,1.046,1.046,1.045,1.045,-0.001,-0.0956,444.04,46.445
161810.SZ,20180110,1.699,1.69,1.71,1.69,1.705,0.006,0.3531,1230.08,209.777
161815.SZ,20180110,0.471,0.474,0.476,0.474,0.476,0.005,1.0616,8435.0,400.384
161831.SZ,20180110,1.049,1.05,1.06,1.05,1.059,0.01,0.9533,2806.19,296.776
161834.SZ,20180110,0.824,0.821,0.823,0.819,0.821,-0.003,-0.3641,20991.33,1721.568
161835.SZ,20180110,0.97,0.96,0.96,0.951,0.96,-0.01,-1.0309,2008.0,192.667
161903.SZ,20180110,0.833,0.839,0.847,0.839,0.847,0.014,1.6807,1065.21,90.164
161907.SZ,20180110,1.772,1.774,1.774,1.774,1.774,0.002,0.1129,4.03,0.714
161911.SZ,20180110,0.953,0.953,0.955,0.953,0.954,0.001,0.1049,675.06,64.412
162006.SZ,20180110,1.269,1.258,1.27,1.256,1.265,-0.004,-0.3152,523.58,65.899
162108.SZ,20180110,1.084,1.084,1.084,1.084,1.084,0.0,0.0,10000.0,1084.0
162207.SZ,20180110,1.43,1.433,1.433,1.433,1.433,0.003,0.2098,103.0,14.759
162215.SZ,20180110,1.033,1.032,1.032,1.032,1.032,-0.001,-0.0968,89.34,9.219
162307.SZ,20180110,1.342,1.346,1.369,1.346,1.351,0.009,0.6706,295.25,39.873
162411.SZ,20180110,0.622,0.624,0.628,0.623,0.625,0.003,0.4823,359889.17,22503.629
162415.SZ,20180110,1.265,1.27,1.274,1.268,1.274,0.009,0.7115,844.51,107.319
162510.SZ,20180110,1.072,1.077,1.077,1.066,1.066,-0.006,-0.5597,12.0,1.281
162605.SZ,20180110,1.444,1.45,1.46,1.44,1.457,0.013,0.9003,117439.59,17000.218
162607.SZ,20180110,0.575,0.575,0.575,0.572,0.573,-0.002,-0.3478,2218.0,126.974
162703.SZ,20180110,1.43,1.441,1.441,1.414,1.426,-0.004,-0.2797,4132.0,587.67
162711.SZ,20180110,1.354,1.355,1.355,1.347,1.349,-0.005,-0.3693,113.0,15.277
162712.SZ,20180110,1.426,1.426,1.426,1.426,1.426,0.0,0.0,7.0,0.998
162715.SZ,20180110,1.096,1.097,1.097,1.097,1.097,0.001,0.0912,2.0,0.219
162717.SZ,20180110,0.974,0.975,0.975,0.975,0.975,0.001,0.1027,400.0,39.0
162718.SZ,20180110,0.951,0.951,0.952,0.951,0.952,0.001,0.1052,279.0,26.548
162719.SZ,20180110,1.055,1.054,1.058,1.054,1.056,0.001,0.0948,6435.63,678.787
163001.SZ,20180110,0.929,0.93,0.93,0.93,0.93,0.001,0.1076,21.0,1.953
163003.SZ,20180110,0.625,0.628,0.628,0.628,0.628,0.003,0.48,30.0,1.884
163110.SZ,20180110,2.316,2.308,2.319,2.3,2.308,-0.008,-0.3454,3697.0,853.525
163111.SZ,20180110,1.155,1.152,1.152,1.139,1.15,-0.005,-0.4329,2072.42,237.817
163208.SZ,20180110,0.924,0.92,0.927,0.92,0.924,0.0,0.0,1686.0,155.652
163210.SZ,20180110,1.013,1.011,1.014,1.011,1.013,0.0,0.0,6356.0,643.868
163302.SZ,20180110,1.55,1.559,1.559,1.534,1.538,-0.012,-0.7742,88.0,13.562
163402.SZ,20180110,0.948,0.948,0.949,0.941,0.948,0.0,0.0,148488.77,14039.469
163407.SZ,20180110,1.901,1.892,1.903,1.873,1.903,0.002,0.1052,4855.84,917.745
163409.SZ,20180110,1.625,1.62,1.633,1.62,1.62,-0.005,-0.3077,240.0,38.896
163412.SZ,20180110,3.33,3.339,3.339,3.303,3.334,0.004,0.1201,25257.69,8388.573
163415.SZ,20180110,1.409,1.415,1.428,1.411,1.428,0.019,1.3485,9558.42,1353.591
163503.SZ,20180110,0.511,0.507,0.516,0.507,0.51,-0.001,-0.1957,1531.0,77.884
163801.SZ,20180110,1.333,1.333,1.335,1.327,1.335,0.002,0.15,2608.42,347.157
163821.SZ,20180110,1.513,1.534,1.534,1.534,1.534,0.021,1.388,2.0,0.306
164206.SZ,20180110,1.056,1.056,1.056,1.056,1.056,0.0,0.0,143.0,15.1
164403.SZ,20180110,1.054,1.055,1.059,1.055,1.059,0.005,0.4744,117.0,12.345
164701.SZ,20180110,0.606,0.605,0.606,0.605,0.606,0.0,0.0,1417.0,85.729
164703.SZ,20180110,0.823,0.824,0.832,0.824,0.831,0.008,0.9721,14.0,1.163
164705.SZ,20180110,1.252,1.264,1.264,1.26,1.26,0.008,0.639,141.66,17.889
164808.SZ,20180110,0.989,0.989,0.989,0.989,0.989,0.0,0.0,100.0,9.89
164810.SZ,20180110,0.959,0.959,0.96,0.959,0.96,0.001,0.1043,10729.0,1028.987
164823.SZ,20180110,0.992,0.988,0.991,0.964,0.99,-0.002,-0.2016,4069.17,399.219
164906.SZ,20180110,1.504,1.507,1.518,1.503,1.51,0.006,0.3989,36995.86,5578.196
165309.SZ,20180110,1.268,1.272,1.279,1.267,1.278,0.01,0.7886,651.0,82.625
165313.SZ,20180110,1.445,1.45,1.455,1.449,1.455,0.01,0.692,174.01,25.266
165317.SZ,20180110,0.967,0.945,0.945,0.945,0.945,-0.022,-2.2751,108.0,10.206
165508.SZ,20180110,2.01,2.01,2.04,1.942,2.04,0.03,1.4925,77.0,15.008
165510.SZ,20180110,0.872,0.874,0.88,0.873,0.88,0.008,0.9174,492.0,43.148
165513.SZ,20180110,0.453,0.458,0.46,0.458,0.46,0.007,1.5453,13260.0,608.252
165525.SZ,20180110,1.124,1.119,1.126,1.115,1.116,-0.008,-0.7117,698.0,78.021
165528.SZ,20180110,1.025,1.028,1.032,1.023,1.03,0.005,0.4878,32297.67,3319.222
166001.SZ,20180110,1.297,1.297,1.297,1.29,1.293,-0.004,-0.3084,1211.55,156.64
166006.SZ,20180110,1.223,1.217,1.226,1.214,1.224,0.001,0.0818,15494.33,1887.971
166007.SZ,20180110,1.446,1.474,1.474,1.47,1.47,0.024,1.6598,139.0,20.473
166009.SZ,20180110,1.863,1.857,1.86,1.857,1.86,-0.003,-0.161,326.0,60.576
166011.SZ,20180110,1.395,1.383,1.394,1.38,1.394,-0.001,-0.0717,1320.0,183.172
166023.SZ,20180110,1.07,1.06,1.062,1.056,1.06,-0.01,-0.9346,1170.04,123.784
166024.SZ,20180110,1.011,1.01,1.011,1.007,1.009,-0.002,-0.1978,32490.06,3277.661
166402.SZ,20180110,1.111,1.111,1.128,1.111,1.122,0.011,0.9901,2280.18,255.677
166902.SZ,20180110,1.014,1.015,1.015,1.014,1.015,0.001,0.0986,5345.0,542.012
167001.SZ,20180110,0.796,0.796,0.796,0.788,0.792,-0.004,-0.5025,37476.62,2971.593
167003.SZ,20180110,0.946,0.946,0.946,0.946,0.946,0.0,0.0,1.0,0.094
167501.SZ,20180110,1.111,1.111,1.111,1.111,1.111,0.0,0.0,5898.0,655.267
168002.SZ,20180110,0.96,0.96,0.965,0.952,0.965,0.005,0.5208,255.0,24.386
168101.SZ,20180110,1.003,1.001,1.002,0.99,0.996,-0.007,-0.6979,2860.0,284.834
168102.SZ,20180110,0.843,0.841,0.841,0.834,0.837,-0.006,-0.7117,16819.0,1406.591
168103.SZ,20180110,0.799,0.8,0.8,0.792,0.794,-0.005,-0.6258,57804.8,4593.948
168105.SZ,20180110,0.814,0.812,0.813,0.808,0.811,-0.003,-0.3686,3430.25,277.835
168106.SZ,20180110,0.852,0.84,0.87,0.84,0.855,0.003,0.3521,302.0,25.773
168301.SZ,20180110,0.905,0.903,0.905,0.9,0.904,-0.001,-0.1105,26654.48,2402.344
169101.SZ,20180110,1.674,1.674,1.674,1.65,1.655,-0.019,-1.135,57045.77,9436.653
169102.SZ,20180110,1.918,1.917,1.917,1.896,1.897,-0.021,-1.0949,7382.0,1404.477
169103.SZ,20180110,1.842,1.842,1.842,1.816,1.823,-0.019,-1.0315,1482.0,271.041
169104.SZ,20180110,1.805,1.805,1.823,1.74,1.756,-0.049,-2.7147,10109.92,1787.329
169105.SZ,20180110,1.889,1.89,1.894,1.851,1.868,-0.021,-1.1117,123608.42,23074.34
169201.SZ,20180110,0.925,0.936,0.936,0.92,0.926,0.001,0.1081,1147.0,106.098
184801.SZ,20180110,95.9,95.93,95.93,95.455,95.77,-0.13,-0.1356,42.0,401.96
501000.SH,20180110,1.263,1.255,1.263,1.253,1.253,-0.01,-0.7918,625.85,78.803
501001.SH,20180110,1.158,1.177,1.177,1.155,1.156,-0.002,-0.1727,3196.5,371.067
501002.SH,20180110,0.991,0.98,0.984,0.98,0.982,-0.009,-0.9082,80.0,7.854
501003.SH,20180110,1.028,1.026,1.026,1.026,1.026,-0.002,-0.1946,1.0,0.103
501005.SH,20180110,0.988,0.99,0.99,0.979,0.979,-0.009,-0.9109,439.0,43.028
501007.SH,20180110,0.927,0.93,0.935,0.922,0.93,0.003,0.3236,162.0,15.076
501008.SH,20180110,0.926,0.929,0.929,0.928,0.928,0.002,0.216,33.0,3.063
501009.SH,20180110,1.17,1.169,1.169,1.165,1.169,-0.001,-0.0855,758.0,88.588
501010.SH,20180110,1.176,1.175,1.175,1.163,1.163,-0.013,-1.1054,160.0,18.689
501011.SH,20180110,1.042,1.042,1.042,1.027,1.027,-0.015,-1.4395,3.0,0.31
501012.SH,20180110,1.029,1.029,1.03,1.026,1.026,-0.003,-0.2915,130.0,13.37
501015.SH,20180110,0.97,0.969,0.97,0.961,0.966,-0.004,-0.4124,50834.95,4909.374
501016.SH,20180110,1.03,1.027,1.027,1.002,1.026,-0.004,-0.3883,1811.83,183.36
501017.SH,20180110,0.935,0.934,0.934,0.926,0.931,-0.004,-0.4278,10666.69,990.793
501018.SH,20180110,1.054,1.068,1.088,1.068,1.077,0.023,2.1822,7058.96,759.389
501019.SH,20180110,0.821,0.82,0.836,0.804,0.818,-0.003,-0.3654,3767.72,308.745
501020.SH,20180110,1.101,1.109,1.109,1.098,1.098,-0.003,-0.2725,688.33,75.691
501021.SH,20180110,1.486,1.491,1.501,1.489,1.498,0.012,0.8075,62147.0,9296.67
501022.SH,20180110,0.839,0.835,0.842,0.83,0.836,-0.003,-0.3576,4766.66,396.997
501023.SH,20180110,1.226,1.224,1.239,1.224,1.229,0.003,0.2447,1254.61,154.445
501025.SH,20180110,1.166,1.168,1.185,1.167,1.185,0.019,1.6295,3246.93,381.991
501026.SH,20180110,0.912,0.923,0.923,0.91,0.912,0.0,0.0,23159.26,2109.919
501027.SH,20180110,0.992,0.999,0.999,0.989,0.989,-0.003,-0.3024,1321.0,131.917
501028.SH,20180110,0.937,0.936,0.936,0.93,0.931,-0.006,-0.6403,7559.6,706.216
501029.SH,20180110,1.132,1.132,1.135,1.128,1.135,0.003,0.265,39006.32,4413.244
501030.SH,20180110,0.94,0.954,0.954,0.931,0.931,-0.009,-0.9574,817.0,76.653
501031.SH,20180110,0.948,0.948,0.948,0.935,0.935,-0.013,-1.3713,5.0,0.47
501032.SH,20180110,0.94,0.94,0.94,0.938,0.939,-0.001,-0.1064,127.88,12.013
501035.SH,20180110,0.942,0.943,0.959,0.943,0.958,0.016,1.6985,5680.87,538.587
501036.SH,20180110,0.99,0.989,0.989,0.974,0.988,-0.002,-0.202,34.0,3.328
501038.SH,20180110,1.096,1.096,1.117,1.096,1.117,0.021,1.9161,95756.15,10588.298
501043.SH,20180110,1.069,1.072,1.075,1.07,1.075,0.006,0.5613,4254.38,456.787
501045.SH,20180110,1.068,1.067,1.073,1.066,1.067,-0.001,-0.0936,2809.44,300.149
501046.SH,20180110,0.925,0.925,0.94,0.925,0.935,0.01,1.0811,3881.03,361.934
501050.SH,20180110,1.256,1.256,1.263,1.244,1.263,0.007,0.5573,31309.02,3922.918
501106.SH,20180110,0.995,0.996,0.996,0.995,0.995,0.0,0.0,23.75,2.365
501300.SH,20180110,0.96,0.964,0.964,0.964,0.964,0.004,0.4167,12.0,1.157
501301.SH,20180110,1.209,1.211,1.223,1.211,1.222,0.013,1.0753,2335.65,284.605
501302.SH,20180110,1.104,1.111,1.119,1.111,1.119,0.015,1.3587,5.0,0.558
501303.SH,20180110,1.04,1.04,1.046,1.04,1.044,0.004,0.3846,17733.99,1848.879
502000.SH,20180110,1.011,1.013,1.013,1.008,1.008,-0.003,-0.2967,14.0,1.416
502001.SH,20180110,0.922,0.914,0.914,0.914,0.914,-0.008,-0.8677,356.0,32.538
502003.SH,20180110,0.892,0.885,0.896,0.885,0.885,-0.007,-0.7848,279.0,24.729
502004.SH,20180110,0.903,0.903,0.903,0.902,0.903,0.0,0.0,10756.37,970.3
502005.SH,20180110,0.884,0.881,0.881,0.863,0.87,-0.014,-1.5837,3159.52,275.116
502006.SH,20180110,1.12,1.119,1.119,1.111,1.115,-0.005,-0.4464,818.18,91.23
502007.SH,20180110,1.02,1.022,1.022,1.019,1.021,0.001,0.098,2158.0,220.153
502008.SH,20180110,1.22,1.28,1.31,1.201,1.215,-0.005,-0.4098,2587.78,313.92
502010.SH,20180110,1.101,1.096,1.115,1.094,1.096,-0.005,-0.4541,900.32,98.68
502011.SH,20180110,0.91,0.904,0.904,0.9,0.903,-0.007,-0.7692,7695.29,692.931
502012.SH,20180110,1.282,1.28,1.319,1.28,1.29,0.008,0.624,45758.72,5944.573
502013.SH,20180110,0.897,0.897,0.902,0.893,0.899,0.002,0.223,15558.84,1396.52
502014.SH,20180110,0.965,0.961,0.97,0.888,0.888,-0.077,-7.9793,3892.61,376.342
502015.SH,20180110,0.832,0.829,0.834,0.82,0.832,0.0,0.0,7176.77,594.743
502016.SH,20180110,1.066,1.059,1.059,1.059,1.059,-0.007,-0.6567,0.5,0.053
502020.SH,20180110,1.023,1.021,1.04,1.021,1.04,0.017,1.6618,189.04,19.384
502021.SH,20180110,0.975,0.907,0.968,0.907,0.968,-0.007,-0.7179,4.0,0.369
502022.SH,20180110,1.11,1.11,1.11,1.11,1.11,0.0,0.0,6.0,0.666
502023.SH,20180110,1.067,1.048,1.058,1.048,1.058,-0.009,-0.8435,26.3,2.765
502025.SH,20180110,1.06,1.06,1.06,1.06,1.06,0.0,0.0,0.7,0.074
502026.SH,20180110,0.81,0.81,0.81,0.808,0.808,-0.002,-0.2469,61.0,4.934
502031.SH,20180110,0.986,0.935,0.973,0.935,0.973,-0.013,-1.3185,285.5,26.728
502038.SH,20180110,0.869,0.876,0.876,0.876,0.876,0.007,0.8055,2.0,0.175
502040.SH,20180110,1.192,1.206,1.206,1.206,1.206,0.014,1.1745,0.43,0.052
502041.SH,20180110,1.0,0.946,1.001,0.946,1.001,0.001,0.1,23.0,2.247
502042.SH,20180110,1.395,1.419,1.497,1.419,1.497,0.102,7.3118,557.58,80.051
502048.SH,20180110,1.465,1.468,1.48,1.468,1.476,0.011,0.7509,1120.34,164.824
502049.SH,20180110,0.938,0.933,0.955,0.933,0.951,0.013,1.3859,2186.48,206.292
502050.SH,20180110,1.996,1.996,2.02,1.986,2.018,0.022,1.1022,8163.17,1638.432
502054.SH,20180110,1.003,1.01,1.01,1.01,1.01,0.007,0.6979,5.0,0.505
502055.SH,20180110,0.835,0.848,0.848,0.825,0.837,0.002,0.2395,1001.0,83.292
502056.SH,20180110,0.987,0.987,0.995,0.979,0.994,0.007,0.7092,149.0,14.745
505888.SH,20180110,1.081,1.08,1.084,1.073,1.076,-0.005,-0.4625,440801.17,47570.007
510010.SH,20180110,1.22,1.23,1.23,1.211,1.219,-0.001,-0.082,401.0,48.744
510020.SH,20180110,2.934,2.932,2.96,2.92,2.96,0.026,0.8862,936.17,275.26
510030.SH,20180110,5.229,5.228,5.29,5.22,5.29,0.061,1.1666,355.0,186.042
510050.SH,20180110,2.97,2.967,2.996,2.96,2.994,0.024,0.8081,4779056.89,1423989.574
510060.SH,20180110,1.937,1.941,1.952,1.937,1.947,0.01,0.5163,3321.15,646.197
510070.SH,20180110,1.945,1.945,1.946,1.932,1.933,-0.012,-0.617,28.0,5.414
510090.SH,20180110,1.732,1.733,1.768,1.705,1.75,0.018,1.0393,1039.0,180.239
510110.SH,20180110,3.82,3.88,3.88,3.822,3.822,0.002,0.0524,2.0,0.77
510120.SH,20180110,3.124,3.118,3.118,3.118,3.118,-0.006,-0.1921,14.0,4.365
510130.SH,20180110,4.152,4.158,4.158,4.14,4.14,-0.012,-0.289,13.43,5.573
510150.SH,20180110,5.185,5.191,5.248,5.191,5.245,0.06,1.1572,240.12,125.124
510160.SH,20180110,0.643,0.645,0.645,0.638,0.642,-0.001,-0.1555,89634.0,5765.339
510170.SH,20180110,2.135,2.13,2.13,2.101,2.118,-0.017,-0.7963,286.03,60.563
510180.SH,20180110,3.586,3.587,3.609,3.575,3.608,0.022,0.6135,85397.24,30683.916
510190.SH,20180110,3.89,3.884,3.896,3.862,3.886,-0.004,-0.1028,297.5,115.579
510210.SH,20180110,3.896,3.882,3.918,3.882,3.916,0.02,0.5133,18.0,6.995
510220.SH,20180110,4.254,4.24,4.276,4.228,4.228,-0.026,-0.6112,114.0,48.338
510230.SH,20180110,6.433,6.439,6.508,6.418,6.505,0.072,1.1192,17040.0,11031.91
510260.SH,20180110,1.228,1.222,1.222,1.217,1.222,-0.006,-0.4886,119.0,14.533
510270.SH,20180110,1.195,1.203,1.21,1.192,1.196,0.001,0.0837,769.19,92.577
510280.SH,20180110,1.898,1.936,1.94,1.84,1.917,0.019,1.0011,351.0,66.236
510290.SH,20180110,1.659,1.659,1.659,1.639,1.649,-0.01,-0.6028,2009.0,329.482
510300.SH,20180110,4.238,4.234,4.26,4.221,4.256,0.018,0.4247,1449656.98,614504.154
510310.SH,20180110,1.776,1.777,1.785,1.77,1.785,0.009,0.5068,35381.0,6289.639
510330.SH,20180110,4.533,4.533,4.55,4.516,4.55,0.017,0.375,58997.0,26756.508
510360.SH,20180110,1.313,1.313,1.32,1.309,1.32,0.007,0.5331,10678.0,1398.851
510410.SH,20180110,0.866,0.866,0.871,0.853,0.871,0.005,0.5774,10201.0,882.193
510430.SH,20180110,1.578,1.596,1.6,1.573,1.599,0.021,1.3308,305.0,48.482
510440.SH,20180110,1.849,1.85,1.863,1.85,1.863,0.014,0.7572,136.0,25.19
510500.SH,20180110,6.783,6.78,6.78,6.707,6.749,-0.034,-0.5013,293337.31,197644.878
510510.SH,20180110,1.787,1.786,1.786,1.768,1.778,-0.009,-0.5036,56592.0,10069.574
510520.SH,20180110,1.634,1.625,1.627,1.614,1.614,-0.02,-1.224,126.0,20.414
510560.SH,20180110,1.34,1.351,1.351,1.351,1.351,0.011,0.8209,50.0,6.755
510580.SH,20180110,6.43,6.425,6.425,6.374,6.411,-0.019,-0.2955,187.0,119.893
510630.SH,20180110,2.48,2.475,2.492,2.468,2.49,0.01,0.4032,7377.0,1829.38
510650.SH,20180110,1.884,1.884,1.905,1.884,1.905,0.021,1.1146,1221.37,231.765
510660.SH,20180110,1.95,1.943,1.96,1.926,1.939,-0.011,-0.5641,9225.13,1791.392
510680.SH,20180110,2.54,2.45,2.538,2.45,2.537,-0.003,-0.1181,107.0,26.384
510710.SH,20180110,3.128,3.125,3.155,3.119,3.147,0.019,0.6074,5577.41,1747.904
510810.SH,20180110,0.996,0.998,1.0,0.993,0.998,0.002,0.2008,310150.05,30917.375
510880.SH,20180110,3.216,3.216,3.235,3.207,3.226,0.01,0.3109,113432.9,36553.788
510900.SH,20180110,1.293,1.294,1.31,1.291,1.304,0.011,0.8507,21859408.0,2838981.168
511010.SH,20180110,109.677,109.738,109.74,109.643,109.669,-0.008,-0.0073,6710.1,73607.476
511220.SH,20180110,92.88,92.82,93.0,92.82,92.87,-0.01,-0.0108,925.0,8593.329
511230.SH,20180110,98.5,99.0,99.0,99.0,99.0,0.5,0.5076,0.1,0.99
511260.SH,20180110,98.124,98.12,98.12,97.93,98.004,-0.12,-0.1223,361.1,3538.959
511600.SH,20180110,100.003,99.999,100.004,99.999,100.003,0.0,0.0,8648.65,86487.174
511620.SH,20180110,99.988,99.99,100.0,99.983,99.988,0.0,0.0,1597.09,15970.823
511650.SH,20180110,100.003,100.0,100.01,99.996,100.006,0.003,0.003,13522.01,135224.753
511660.SH,20180110,100.011,100.005,100.01,99.999,100.006,-0.005,-0.005,194854.14,1948636.242
511670.SH,20180110,100.002,99.993,100.0,99.993,99.999,-0.003,-0.003,2617.54,26175.034
511680.SH,20180110,99.995,99.99,99.999,99.906,99.998,0.003,0.003,622.04,6219.474
511690.SH,20180110,100.019,100.005,100.013,100.005,100.011,-0.008,-0.008,41790.72,417942.173
511700.SH,20180110,100.018,100.0,100.01,100.0,100.008,-0.01,-0.01,4546.41,45466.201
511770.SH,20180110,100.021,100.01,100.027,100.01,100.016,-0.005,-0.005,146.2,1462.229
511800.SH,20180110,100.001,99.999,100.006,99.993,100.002,0.001,0.001,2181.83,21818.451
511810.SH,20180110,100.013,100.007,100.01,100.003,100.006,-0.007,-0.007,88547.81,885532.739
511820.SH,20180110,100.015,100.004,100.006,100.0,100.004,-0.011,-0.011,56350.06,563523.747
511830.SH,20180110,100.015,100.015,100.016,100.0,100.006,-0.009,-0.009,4102.74,41030.583
511850.SH,20180110,100.016,100.008,100.018,100.006,100.017,0.001,0.001,10703.53,107049.682
511860.SH,20180110,100.005,99.995,100.004,99.995,100.003,-0.002,-0.002,3999.43,39994.165
511880.SH,20180110,100.268,100.262,100.279,100.257,100.275,0.007,0.007,611280.09,6129257.176
511900.SH,20180110,100.009,100.002,100.007,99.998,100.005,-0.004,-0.004,68096.28,680977.182
511910.SH,20180110,100.002,100.001,100.01,100.001,100.01,0.008,0.008,732.61,7326.485
511920.SH,20180110,99.99,99.99,100.002,99.986,100.002,0.012,0.012,34.04,340.377
511930.SH,20180110,100.008,100.798,100.799,100.798,100.799,0.791,0.7909,2.0,20.16
511950.SH,20180110,100.0,99.952,99.999,99.952,99.999,-0.001,-0.001,5.21,52.099
511960.SH,20180110,100.022,100.022,100.043,100.006,100.025,0.003,0.003,123.66,1236.887
511970.SH,20180110,99.999,99.997,99.998,99.993,99.997,-0.002,-0.002,3283.12,32829.811
511980.SH,20180110,100.001,99.999,100.005,99.996,100.001,0.0,0.0,4569.29,45692.733
511990.SH,20180110,100.016,100.004,100.013,100.004,100.011,-0.005,-0.005,866745.08,8668247.198
512000.SH,20180110,0.944,0.945,0.952,0.934,0.94,-0.004,-0.4237,187260.0,17638.517
512010.SH,20180110,1.712,1.712,1.712,1.69,1.712,0.0,0.0,7103.0,1209.447
512070.SH,20180110,2.104,2.104,2.104,2.08,2.098,-0.006,-0.2852,7808.0,1629.987
512100.SH,20180110,0.839,0.84,0.841,0.83,0.835,-0.004,-0.4768,9668.0,807.544
512120.SH,20180110,1.651,1.651,1.656,1.63,1.641,-0.01,-0.6057,12677.0,2081.4
512200.SH,20180110,1.069,1.07,1.085,1.06,1.068,-0.001,-0.0935,42865.0,4599.348
512210.SH,20180110,2.395,2.34,2.481,2.34,2.476,0.081,3.382,497.0,122.481
512220.SH,20180110,1.416,1.416,1.424,1.41,1.424,0.008,0.565,61.0,8.615
512230.SH,20180110,1.48,1.48,1.48,1.463,1.463,-0.017,-1.1486,62.0,9.174
512300.SH,20180110,1.29,1.281,1.284,1.271,1.277,-0.013,-1.0078,9355.0,1197.875
512310.SH,20180110,0.667,0.664,0.666,0.657,0.663,-0.004,-0.5997,3361.0,222.229
512330.SH,20180110,0.819,0.818,0.821,0.811,0.819,0.0,0.0,1252.0,101.806
512340.SH,20180110,1.007,1.0,1.007,0.988,0.996,-0.011,-1.0924,11919.0,1197.737
512400.SH,20180110,0.985,0.98,0.991,0.966,0.973,-0.012,-1.2183,57703.91,5635.975
512500.SH,20180110,3.135,3.159,3.159,3.118,3.138,0.003,0.0957,3012.33,946.393
512510.SH,20180110,1.334,1.335,1.335,1.318,1.327,-0.007,-0.5247,18018.18,2384.257
512550.SH,20180110,1.159,1.16,1.173,1.159,1.173,0.014,1.2079,31770.0,3708.761
512560.SH,20180110,0.956,0.95,0.951,0.948,0.948,-0.008,-0.8368,724.0,68.749
512570.SH,20180110,0.946,0.943,0.959,0.935,0.944,-0.002,-0.2114,3371.0,319.292
512580.SH,20180110,1.013,1.013,1.015,0.995,1.002,-0.011,-1.0859,67930.0,6808.907
512600.SH,20180110,2.521,2.5,2.615,2.5,2.587,0.066,2.618,601.0,153.785
512610.SH,20180110,1.561,1.57,1.58,1.57,1.58,0.019,1.2172,379.0,59.586
512640.SH,20180110,1.986,1.992,2.005,1.987,2.005,0.019,0.9567,622.0,123.937
512660.SH,20180110,0.85,0.85,0.851,0.837,0.84,-0.01,-1.1765,135799.0,11428.095
512680.SH,20180110,0.831,0.83,0.83,0.816,0.82,-0.011,-1.3237,22702.0,1867.675
512700.SH,20180110,1.046,1.047,1.071,1.047,1.07,0.024,2.2945,44500.0,4732.216
512800.SH,20180110,1.029,1.029,1.054,1.027,1.053,0.024,2.3324,172010.69,17948.468
512810.SH,20180110,0.82,0.819,0.819,0.807,0.812,-0.008,-0.9756,8178.0,663.718
512880.SH,20180110,0.996,0.997,1.005,0.985,0.993,-0.003,-0.3012,643681.0,63942.216
512900.SH,20180110,0.952,0.953,0.96,0.942,0.949,-0.003,-0.3151,82988.0,7879.909
512990.SH,20180110,1.209,1.209,1.218,1.204,1.215,0.006,0.4963,41901.0,5074.506
513030.SH,20180110,1.184,1.184,1.186,1.181,1.185,0.001,0.0845,8367.0,990.565
513050.SH,20180110,1.608,1.611,1.619,1.604,1.616,0.008,0.4975,238506.0,38434.003
513100.SH,20180110,2.274,2.273,2.287,2.271,2.285,0.011,0.4837,41158.0,9378.827
513500.SH,20180110,1.652,1.653,1.659,1.653,1.657,0.005,0.3027,13186.0,2184.61
513600.SH,20180110,2.668,2.673,2.705,2.673,2.7,0.032,1.1994,10156.86,2731.204
513660.SH,20180110,2.668,2.661,2.695,2.661,2.695,0.027,1.012,5052.0,1355.387
518800.SH,20180110,2.747,2.744,2.744,2.735,2.736,-0.011,-0.4004,316871.0,86862.452
518880.SH,20180110,2.736,2.73,2.736,2.726,2.729,-0.007,-0.2558,5728276.92,1565606.259
