ts_code,trade_date,pre_close,open,high,low,close,change,pct_chg,vol,amount
150008.SZ,20180827,1.009,1.05,1.05,1.05,1.05,0.041,4.0634,1.0,0.105
150009.SZ,20180827,0.821,0.821,0.828,0.821,0.828,0.007,0.8526,413.0,34.167
150012.SZ,20180827,1.08,1.069,1.069,1.055,1.062,-0.018,-1.6667,230.0,24.3
150013.SZ,20180827,1.254,1.219,1.27,1.219,1.27,0.016,1.2759,765.58,96.877
150017.SZ,20180827,1.217,1.222,1.237,1.222,1.237,0.02,1.6434,9214.0,1132.821
150018.SZ,20180827,0.953,0.953,0.956,0.952,0.955,0.002,0.2099,199044.65,18997.971
150019.SZ,20180827,0.698,0.701,0.741,0.701,0.739,0.041,5.8739,826062.06,59858.044
150022.SZ,20180827,0.762,0.762,0.777,0.762,0.777,0.015,1.9685,81399.89,6273.784
150023.SZ,20180827,0.169,0.169,0.176,0.169,0.176,0.007,4.142,270700.79,4696.409
150028.SZ,20180827,0.957,0.95,0.959,0.95,0.956,-0.001,-0.1045,2315.0,221.291
150029.SZ,20180827,1.031,1.031,1.08,1.031,1.065,0.034,3.2978,1662.33,174.362
150030.SZ,20180827,1.05,1.01,1.01,1.01,1.01,-0.04,-3.8095,1.48,0.149
150031.SZ,20180827,0.796,0.759,0.759,0.759,0.759,-0.037,-4.6482,1.48,0.112
150032.SZ,20180827,0.974,0.974,0.974,0.971,0.974,0.0,0.0,172.0,16.752
150033.SZ,20180827,1.193,1.278,1.278,1.278,1.278,0.085,7.1249,1.0,0.127
150047.SZ,20180827,1.186,1.067,1.067,1.067,1.067,-0.119,-10.0337,2770.0,295.559
150048.SZ,20180827,0.875,0.858,0.88,0.858,0.88,0.005,0.5714,579.16,50.185
150049.SZ,20180827,0.949,0.947,0.95,0.947,0.95,0.001,0.1054,965.38,91.614
150050.SZ,20180827,0.689,0.668,0.694,0.666,0.668,-0.021,-3.0479,1476.23,99.982
150051.SZ,20180827,0.962,0.963,0.964,0.962,0.962,0.0,0.0,14956.0,1438.997
150052.SZ,20180827,0.613,0.638,0.645,0.616,0.645,0.032,5.2202,15576.71,992.564
150060.SZ,20180827,0.96,0.959,1.01,0.95,0.95,-0.01,-1.0417,89.0,8.528
150066.SZ,20180827,0.921,0.933,0.933,0.933,0.933,0.012,1.3029,164.0,15.301
150094.SZ,20180827,0.988,0.988,0.988,0.988,0.988,0.0,0.0,108.0,10.67
150095.SZ,20180827,0.947,0.854,1.042,0.854,1.042,0.095,10.0317,109.69,9.386
150101.SZ,20180827,1.05,1.059,1.059,1.021,1.059,0.009,0.8571,301.0,31.856
150106.SZ,20180827,1.065,1.065,1.066,1.063,1.066,0.001,0.0939,4372.95,465.446
150107.SZ,20180827,0.67,0.686,0.713,0.686,0.713,0.043,6.4179,5853.91,408.507
150117.SZ,20180827,0.956,0.957,0.958,0.954,0.957,0.001,0.1046,15094.0,1445.205
150118.SZ,20180827,0.858,0.861,0.91,0.861,0.91,0.052,6.0606,57899.45,5180.616
150121.SZ,20180827,1.001,1.012,1.012,1.002,1.002,0.001,0.0999,468.13,47.082
150122.SZ,20180827,1.164,1.279,1.279,1.279,1.279,0.115,9.8797,1.0,0.127
150123.SZ,20180827,1.008,1.009,1.01,1.008,1.01,0.002,0.1984,16586.02,1674.524
150124.SZ,20180827,0.644,0.644,0.674,0.637,0.672,0.028,4.3478,20122.0,1339.528
150130.SZ,20180827,0.985,0.985,0.989,0.985,0.987,0.002,0.203,134126.01,13241.946
150131.SZ,20180827,0.598,0.603,0.654,0.601,0.653,0.055,9.1973,860641.96,54270.167
150136.SZ,20180827,0.875,0.795,0.806,0.795,0.806,-0.069,-7.8857,209.73,16.691
150144.SZ,20180827,0.927,0.899,0.986,0.899,0.986,0.059,6.3646,4.06,0.374
150146.SZ,20180827,0.67,0.605,0.664,0.605,0.633,-0.037,-5.5224,221.0,13.948
150148.SZ,20180827,1.044,1.053,1.053,1.053,1.053,0.009,0.8621,27.0,2.843
150149.SZ,20180827,0.697,0.702,0.724,0.702,0.724,0.027,3.8737,15899.0,1141.575
150150.SZ,20180827,0.975,0.989,0.989,0.989,0.989,0.014,1.4359,42.0,4.153
150151.SZ,20180827,0.777,0.75,0.789,0.75,0.789,0.012,1.5444,187.42,14.513
150152.SZ,20180827,0.939,0.938,0.941,0.938,0.94,0.001,0.1065,187007.65,17574.024
150153.SZ,20180827,0.999,1.003,1.053,1.003,1.051,0.052,5.2052,2485975.6,256471.15
150157.SZ,20180827,0.96,0.96,0.961,0.959,0.96,0.0,0.0,2409.0,231.307
150158.SZ,20180827,0.816,0.812,0.839,0.812,0.838,0.022,2.6961,9108.01,753.203
150165.SZ,20180827,0.96,1.056,1.056,0.9,0.96,0.0,0.0,65.0,5.91
150169.SZ,20180827,0.953,0.956,0.958,0.955,0.955,0.002,0.2099,2957.09,282.891
150170.SZ,20180827,1.421,1.434,1.445,1.426,1.44,0.019,1.3371,5506.6,789.625
150171.SZ,20180827,0.959,0.958,0.958,0.956,0.958,-0.001,-0.1043,79394.69,7601.168
150172.SZ,20180827,0.477,0.477,0.496,0.477,0.495,0.018,3.7736,802438.56,39126.451
150173.SZ,20180827,0.951,0.952,0.952,0.951,0.951,0.0,0.0,152.0,14.463
150174.SZ,20180827,0.947,0.954,1.004,0.953,1.004,0.057,6.019,205.14,19.903
150175.SZ,20180827,0.96,0.959,0.961,0.959,0.96,0.0,0.0,159286.0,15296.889
150176.SZ,20180827,1.012,1.022,1.048,1.019,1.048,0.036,3.5573,127252.29,13228.135
150177.SZ,20180827,0.953,0.953,0.954,0.953,0.954,0.001,0.1049,476.24,45.407
150178.SZ,20180827,1.041,1.014,1.05,1.014,1.048,0.007,0.6724,1850.77,192.489
150179.SZ,20180827,0.921,1.013,1.013,1.004,1.013,0.092,9.9891,1204.0,121.956
150180.SZ,20180827,1.0,1.02,1.079,1.001,1.06,0.06,6.0,1234.75,126.4
150181.SZ,20180827,0.981,0.98,0.98,0.976,0.977,-0.004,-0.4077,428256.0,41878.325
150182.SZ,20180827,0.367,0.37,0.393,0.37,0.391,0.024,6.5395,1816765.57,70341.894
150184.SZ,20180827,0.984,0.982,0.997,0.98,0.98,-0.004,-0.4065,15188.0,1490.502
150185.SZ,20180827,0.296,0.293,0.315,0.293,0.314,0.018,6.0811,32527.22,998.427
150186.SZ,20180827,0.93,0.934,0.935,0.933,0.935,0.005,0.5376,897.0,83.78
150187.SZ,20180827,0.936,0.958,0.977,0.943,0.971,0.035,3.7393,1349.58,129.716
150188.SZ,20180827,1.004,1.002,1.005,1.002,1.005,0.001,0.0996,6.1,0.612
150189.SZ,20180827,0.643,0.599,0.645,0.599,0.645,0.002,0.311,12.91,0.824
150191.SZ,20180827,0.511,0.498,0.525,0.498,0.512,0.001,0.1957,67.0,3.342
150193.SZ,20180827,0.772,0.78,0.79,0.77,0.79,0.018,2.3316,1834.59,143.908
150194.SZ,20180827,0.955,0.955,0.957,0.955,0.957,0.002,0.2094,11204.0,1070.857
150195.SZ,20180827,0.758,0.763,0.806,0.763,0.805,0.047,6.2005,27205.17,2152.928
150196.SZ,20180827,0.981,0.982,0.982,0.981,0.982,0.001,0.1019,7072.0,694.41
150197.SZ,20180827,0.613,0.619,0.64,0.619,0.638,0.025,4.0783,72396.76,4581.283
150198.SZ,20180827,1.087,1.128,1.128,1.09,1.09,0.003,0.276,2377.0,259.112
150199.SZ,20180827,1.295,1.303,1.346,1.297,1.346,0.051,3.9382,32609.0,4350.463
150200.SZ,20180827,0.95,0.949,0.951,0.948,0.951,0.001,0.1053,51511.52,4892.685
150201.SZ,20180827,0.706,0.71,0.726,0.705,0.725,0.019,2.6912,550986.85,39564.555
150203.SZ,20180827,0.93,0.933,0.934,0.933,0.934,0.004,0.4301,277.72,25.911
150204.SZ,20180827,0.896,0.896,0.92,0.896,0.916,0.02,2.2321,2594.08,233.441
150205.SZ,20180827,0.965,0.965,0.966,0.964,0.964,-0.001,-0.1036,127642.0,12315.375
150206.SZ,20180827,0.494,0.499,0.533,0.499,0.531,0.037,7.4899,322577.6,16868.281
150207.SZ,20180827,0.953,0.959,0.959,0.958,0.959,0.006,0.6296,153.0,14.67
150208.SZ,20180827,1.012,1.011,1.098,1.011,1.098,0.086,8.498,447.0,47.236
150209.SZ,20180827,0.955,0.955,0.957,0.955,0.956,0.001,0.1047,157030.9,15006.145
150210.SZ,20180827,0.632,0.632,0.672,0.632,0.67,0.038,6.0127,63148.14,4174.163
150211.SZ,20180827,0.939,0.937,0.941,0.937,0.941,0.002,0.213,16033.13,1505.287
150212.SZ,20180827,1.01,1.01,1.041,1.01,1.04,0.03,2.9703,37980.2,3915.685
150213.SZ,20180827,0.97,0.968,0.97,0.968,0.97,0.0,0.0,900.0,87.2
150214.SZ,20180827,0.607,0.581,0.615,0.581,0.615,0.008,1.318,818.27,49.312
150215.SZ,20180827,1.099,1.209,1.209,1.208,1.208,0.109,9.9181,4.0,0.483
150216.SZ,20180827,0.715,0.67,0.76,0.67,0.76,0.045,6.2937,779.05,57.864
150217.SZ,20180827,0.941,0.935,0.943,0.935,0.943,0.002,0.2125,2023.25,190.496
150218.SZ,20180827,0.866,0.878,0.899,0.846,0.899,0.033,3.8106,2859.8,250.098
150220.SZ,20180827,0.603,0.601,0.634,0.601,0.633,0.03,4.9751,8210.39,507.413
150221.SZ,20180827,1.033,1.034,1.035,1.033,1.035,0.002,0.1936,33109.02,3423.643
150222.SZ,20180827,0.801,0.805,0.838,0.804,0.836,0.035,4.3695,67903.76,5629.931
150223.SZ,20180827,1.011,1.01,1.011,1.009,1.01,-0.001,-0.0989,277066.0,27987.206
150224.SZ,20180827,0.352,0.355,0.372,0.354,0.367,0.015,4.2614,2144083.0,77836.046
150226.SZ,20180827,0.912,0.977,0.977,0.888,0.889,-0.023,-2.5219,302.0,26.836
150227.SZ,20180827,0.961,0.96,0.963,0.959,0.961,0.0,0.0,94656.0,9096.554
150228.SZ,20180827,0.764,0.766,0.785,0.762,0.784,0.02,2.6178,497576.32,38490.21
150229.SZ,20180827,0.941,0.943,0.953,0.942,0.942,0.001,0.1063,16338.25,1539.207
150230.SZ,20180827,0.676,0.682,0.725,0.663,0.72,0.044,6.5089,3466.75,240.694
150232.SZ,20180827,0.743,0.739,0.807,0.739,0.807,0.064,8.6137,740.0,55.537
150235.SZ,20180827,0.96,0.959,0.959,0.959,0.959,-0.001,-0.1042,406.0,38.935
150236.SZ,20180827,1.069,1.08,1.09,1.071,1.089,0.02,1.8709,5726.98,620.104
150238.SZ,20180827,0.887,0.798,0.798,0.798,0.798,-0.089,-10.0338,3.0,0.239
150241.SZ,20180827,0.958,0.955,0.96,0.955,0.955,-0.003,-0.3132,433.71,41.633
150242.SZ,20180827,0.935,0.944,0.959,0.92,0.936,0.001,0.107,4488.37,415.69
150243.SZ,20180827,0.926,0.926,0.928,0.925,0.928,0.002,0.216,29879.82,2767.94
150244.SZ,20180827,1.06,1.059,1.115,1.059,1.112,0.052,4.9057,41070.29,4482.646
150246.SZ,20180827,0.783,0.76,0.806,0.76,0.806,0.023,2.9374,130.0,9.903
150247.SZ,20180827,0.96,0.961,0.962,0.96,0.961,0.001,0.1042,1698.0,163.13
150248.SZ,20180827,0.851,0.86,0.888,0.86,0.888,0.037,4.3478,3050.32,268.488
150250.SZ,20180827,0.889,0.899,0.906,0.898,0.906,0.017,1.9123,624.0,56.26
150252.SZ,20180827,0.84,0.86,0.887,0.86,0.86,0.02,2.381,370.0,31.865
150255.SZ,20180827,0.941,0.948,0.949,0.948,0.949,0.008,0.8502,96.0,9.109
150256.SZ,20180827,0.727,0.656,0.761,0.656,0.761,0.034,4.6768,96.78,6.348
150257.SZ,20180827,0.944,0.944,0.944,0.942,0.942,-0.002,-0.2119,457.95,43.185
150258.SZ,20180827,1.3,1.43,1.43,1.17,1.17,-0.13,-10.0,174.0,20.384
150259.SZ,20180827,0.939,0.939,0.939,0.934,0.935,-0.004,-0.426,456.45,42.68
150260.SZ,20180827,0.86,0.852,0.899,0.852,0.899,0.039,4.5349,560.23,48.778
150261.SZ,20180827,0.962,0.99,0.998,0.985,0.995,0.033,3.4304,7618.05,754.283
150262.SZ,20180827,0.797,0.78,0.85,0.78,0.845,0.048,6.0226,9270.97,769.901
150264.SZ,20180827,0.617,0.619,0.679,0.564,0.591,-0.026,-4.2139,143.19,9.459
150265.SZ,20180827,1.006,1.043,1.043,1.043,1.043,0.037,3.6779,2.0,0.208
150266.SZ,20180827,0.871,0.85,0.929,0.84,0.909,0.038,4.3628,80.24,7.147
150267.SZ,20180827,0.982,0.983,0.983,0.983,0.983,0.001,0.1018,1.0,0.098
150268.SZ,20180827,0.924,0.94,0.94,0.867,0.919,-0.005,-0.5411,102.0,8.855
150269.SZ,20180827,0.956,0.955,0.958,0.955,0.957,0.001,0.1046,23567.54,2255.023
150270.SZ,20180827,1.116,1.126,1.195,1.126,1.192,0.076,6.81,66435.85,7783.911
150271.SZ,20180827,0.946,0.955,0.956,0.955,0.956,0.01,1.0571,437.61,41.799
150272.SZ,20180827,1.125,1.077,1.1,1.075,1.1,-0.025,-2.2222,412.98,44.545
150273.SZ,20180827,0.896,0.909,0.94,0.909,0.94,0.044,4.9107,11.0,1.03
150274.SZ,20180827,1.11,1.05,1.118,1.05,1.118,0.008,0.7207,450.37,50.168
150275.SZ,20180827,0.936,0.938,0.94,0.938,0.94,0.004,0.4274,768.0,72.11
150276.SZ,20180827,1.08,1.102,1.11,1.087,1.109,0.029,2.6852,947.04,104.638
150277.SZ,20180827,0.96,0.958,0.96,0.958,0.96,0.0,0.0,867.06,83.164
150278.SZ,20180827,0.778,0.748,0.791,0.748,0.771,-0.007,-0.8997,465.17,36.322
150280.SZ,20180827,1.149,1.034,1.199,1.034,1.199,0.05,4.3516,5.39,0.573
150282.SZ,20180827,0.645,0.709,0.709,0.582,0.658,0.013,2.0155,102.0,5.956
150283.SZ,20180827,0.934,0.935,0.937,0.935,0.937,0.003,0.3212,152.0,14.222
150284.SZ,20180827,0.8,0.8,0.865,0.8,0.84,0.04,5.0,170.01,13.979
150287.SZ,20180827,0.984,0.983,0.985,0.983,0.985,0.001,0.1016,18231.0,1794.341
150288.SZ,20180827,0.586,0.594,0.601,0.583,0.597,0.011,1.8771,140512.57,8318.463
150289.SZ,20180827,0.959,0.958,0.96,0.958,0.959,0.0,0.0,26329.0,2524.815
150290.SZ,20180827,0.857,0.858,0.886,0.858,0.885,0.028,3.2672,132972.39,11633.179
150291.SZ,20180827,0.989,0.987,0.987,0.987,0.987,-0.002,-0.2022,1707.0,168.48
150292.SZ,20180827,0.634,0.634,0.682,0.573,0.635,0.001,0.1577,2520.0,164.983
150295.SZ,20180827,0.977,0.981,0.981,0.98,0.98,0.003,0.3071,666.0,65.3
150296.SZ,20180827,0.716,0.743,0.77,0.743,0.77,0.054,7.5419,804.0,61.03
150297.SZ,20180827,0.954,0.959,0.959,0.959,0.959,0.005,0.5241,14.0,1.342
150298.SZ,20180827,1.0,1.05,1.05,1.025,1.025,0.025,2.5,14.17,1.487
150299.SZ,20180827,0.984,0.984,0.986,0.984,0.986,0.002,0.2033,17753.44,1749.286
150300.SZ,20180827,0.603,0.609,0.621,0.601,0.621,0.018,2.9851,31363.0,1913.444
150301.SZ,20180827,0.994,0.995,0.995,0.99,0.992,-0.002,-0.2012,3529.0,350.086
150302.SZ,20180827,0.401,0.396,0.421,0.396,0.417,0.016,3.99,3135.54,131.192
150303.SZ,20180827,0.953,0.953,0.954,0.952,0.954,0.001,0.1049,5732.26,546.606
150304.SZ,20180827,1.053,1.056,1.109,1.056,1.1,0.047,4.4634,64174.22,7009.557
150306.SZ,20180827,1.1,1.115,1.199,1.09,1.199,0.099,9.0,256.06,28.913
150307.SZ,20180827,0.984,0.98,0.981,0.978,0.98,-0.004,-0.4065,2415.51,236.852
150308.SZ,20180827,0.393,0.414,0.414,0.356,0.414,0.021,5.3435,107.42,4.201
150310.SZ,20180827,0.484,0.474,0.483,0.452,0.479,-0.005,-1.0331,122.0,5.832
150312.SZ,20180827,0.378,0.34,0.342,0.34,0.342,-0.036,-9.5238,1182.0,40.306
150315.SZ,20180827,0.988,0.983,0.985,0.983,0.985,-0.003,-0.3036,137.7,13.559
150316.SZ,20180827,0.36,0.36,0.39,0.333,0.385,0.025,6.9444,7490.45,268.63
150322.SZ,20180827,0.826,0.839,0.845,0.839,0.845,0.019,2.3002,519.0,43.8
150325.SZ,20180827,0.992,0.988,0.991,0.988,0.991,-0.001,-0.1008,195.27,19.351
150326.SZ,20180827,0.368,0.401,0.405,0.401,0.404,0.036,9.7826,195.63,7.875
150330.SZ,20180827,1.306,1.305,1.341,1.297,1.341,0.035,2.6799,15778.0,2079.462
150335.SZ,20180827,0.987,0.988,0.991,0.988,0.988,0.001,0.1013,1350.53,133.655
150336.SZ,20180827,0.573,0.599,0.615,0.584,0.615,0.042,7.3298,2317.41,137.38
150343.SZ,20180827,0.991,0.994,0.997,0.992,0.997,0.006,0.6054,719.0,71.468
150344.SZ,20180827,0.39,0.408,0.429,0.408,0.429,0.039,10.0,781.08,33.054
159001.SZ,20180827,100.0,99.999,100.001,99.999,100.0,0.0,0.0,58729.15,587290.483
159003.SZ,20180827,100.001,99.999,100.0,99.998,100.0,-0.001,-0.001,21618.67,216184.326
159005.SZ,20180827,100.0,99.999,100.001,99.999,99.999,-0.001,-0.001,620813.36,6208132.954
159901.SZ,20180827,3.862,3.862,3.975,3.862,3.971,0.109,2.8224,193597.68,76279.467
159902.SZ,20180827,2.818,2.818,2.898,2.818,2.894,0.076,2.6969,93570.01,26829.294
159903.SZ,20180827,0.924,0.924,0.941,0.924,0.94,0.016,1.7316,13035.0,1219.138
159905.SZ,20180827,1.365,1.363,1.399,1.363,1.399,0.034,2.4908,17915.0,2480.749
159906.SZ,20180827,0.829,0.848,0.848,0.848,0.848,0.019,2.2919,7.0,0.593
159907.SZ,20180827,1.145,1.14,1.173,1.139,1.172,0.027,2.3581,2797.0,324.95
159908.SZ,20180827,1.463,1.381,1.47,1.381,1.47,0.007,0.4785,26.01,3.814
159909.SZ,20180827,4.077,4.075,4.204,4.075,4.203,0.126,3.0905,316.0,130.976
159910.SZ,20180827,1.466,1.478,1.505,1.472,1.504,0.038,2.5921,2719.0,407.033
159911.SZ,20180827,3.489,3.436,3.498,3.374,3.498,0.009,0.258,39.0,13.425
159912.SZ,20180827,1.115,1.12,1.132,1.12,1.131,0.016,1.435,897.0,101.215
159913.SZ,20180827,1.488,1.489,1.524,1.477,1.52,0.032,2.1505,753.0,112.057
159915.SZ,20180827,1.382,1.387,1.426,1.385,1.426,0.044,3.1838,8237421.67,1161330.676
159916.SZ,20180827,3.175,3.147,3.182,3.145,3.182,0.007,0.2205,2896.0,921.063
159918.SZ,20180827,1.36,1.354,1.389,1.351,1.38,0.02,1.4706,394.0,53.554
159919.SZ,20180827,3.682,3.689,3.771,3.689,3.771,0.089,2.4172,135453.51,50687.722
159920.SZ,20180827,1.475,1.484,1.493,1.473,1.493,0.018,1.2203,1921804.15,285050.418
159922.SZ,20180827,5.037,5.08,5.151,5.056,5.144,0.107,2.1243,4049.0,2074.649
159923.SZ,20180827,1.427,1.427,1.454,1.421,1.452,0.025,1.7519,6897.0,994.522
159925.SZ,20180827,1.412,1.41,1.438,1.41,1.438,0.026,1.8414,1996.79,285.416
159928.SZ,20180827,2.005,2.014,2.072,2.009,2.071,0.066,3.2918,19057.0,3900.345
159929.SZ,20180827,1.499,1.494,1.543,1.494,1.541,0.042,2.8019,27337.39,4164.141
159930.SZ,20180827,0.73,0.732,0.748,0.732,0.744,0.014,1.9178,2607.8,192.447
159931.SZ,20180827,1.463,1.447,1.474,1.446,1.474,0.011,0.7519,214.0,31.309
159932.SZ,20180827,1.36,1.4,1.424,1.371,1.377,0.017,1.25,269.0,37.972
159933.SZ,20180827,1.66,1.66,1.697,1.63,1.697,0.037,2.2289,52.0,8.626
159934.SZ,20180827,2.612,2.621,2.628,2.621,2.626,0.014,0.536,50095.0,13147.667
159935.SZ,20180827,1.314,1.334,1.355,1.334,1.355,0.041,3.1202,21.0,2.804
159936.SZ,20180827,1.26,1.26,1.281,1.246,1.266,0.006,0.4762,1389.0,175.643
159937.SZ,20180827,2.63,2.636,2.644,2.636,2.642,0.012,0.4563,121834.0,32168.487
159938.SZ,20180827,1.262,1.262,1.304,1.262,1.298,0.036,2.8526,87989.13,11331.832
159939.SZ,20180827,0.887,0.889,0.912,0.884,0.912,0.025,2.8185,59743.78,5372.148
159940.SZ,20180827,0.813,0.81,0.822,0.81,0.822,0.009,1.107,1539.74,125.44
159941.SZ,20180827,1.677,1.681,1.684,1.675,1.681,0.004,0.2385,7580.0,1273.616
159942.SZ,20180827,1.537,1.55,1.587,1.55,1.587,0.05,3.2531,162.0,25.229
159943.SZ,20180827,9.139,9.288,9.288,9.148,9.228,0.089,0.9738,219.34,202.278
159944.SZ,20180827,0.774,0.775,0.776,0.755,0.773,-0.001,-0.1292,566.16,42.777
159945.SZ,20180827,0.668,0.667,0.669,0.661,0.668,0.0,0.0,1173.07,77.856
159946.SZ,20180827,1.078,1.091,1.105,1.091,1.105,0.027,2.5046,1122.0,123.55
159948.SZ,20180827,1.514,1.514,1.561,1.514,1.557,0.043,2.8402,23877.0,3689.81
159949.SZ,20180827,0.535,0.537,0.552,0.536,0.55,0.015,2.8037,10842144.66,590477.567
159950.SZ,20180827,0.91,0.996,0.996,0.87,0.929,0.019,2.0879,1029.02,91.267
159951.SZ,20180827,0.779,0.765,0.788,0.765,0.788,0.009,1.1553,113.0,8.754
159952.SZ,20180827,0.833,0.836,0.859,0.835,0.857,0.024,2.8812,685405.11,58353.653
159953.SZ,20180827,0.708,0.714,0.714,0.714,0.714,0.006,0.8475,124.0,8.853
159954.SZ,20180827,0.971,0.974,0.988,0.974,0.988,0.017,1.7508,13956.0,1362.785
159955.SZ,20180827,0.785,0.814,0.814,0.791,0.812,0.027,3.4395,9267.0,747.604
159956.SZ,20180827,0.819,0.82,0.84,0.82,0.84,0.021,2.5641,4749.25,396.234
159957.SZ,20180827,0.843,0.852,0.87,0.852,0.87,0.027,3.2028,22994.65,1982.982
159958.SZ,20180827,0.839,0.835,0.863,0.835,0.863,0.024,2.8605,68444.0,5841.181
160105.SZ,20180827,0.94,0.936,0.952,0.936,0.952,0.012,1.2766,14.72,1.379
160106.SZ,20180827,1.041,1.041,1.055,1.041,1.046,0.005,0.4803,123.0,12.866
160119.SZ,20180827,1.228,1.23,1.251,1.23,1.251,0.023,1.873,4808.5,599.349
160125.SZ,20180827,1.009,1.016,1.037,1.016,1.035,0.026,2.5768,455.0,46.793
160128.SZ,20180827,0.985,0.987,0.987,0.987,0.987,0.002,0.203,48.88,4.824
160133.SZ,20180827,2.081,2.081,2.135,2.081,2.118,0.037,1.778,462.61,97.471
160140.SZ,20180827,1.07,1.065,1.076,1.065,1.07,0.0,0.0,842.84,90.344
160211.SZ,20180827,1.963,1.981,2.018,1.981,2.017,0.054,2.7509,1848.0,371.272
160212.SZ,20180827,1.942,1.955,1.996,1.95,1.994,0.052,2.6777,4027.89,797.363
160215.SZ,20180827,1.314,1.326,1.338,1.321,1.338,0.024,1.8265,2496.0,332.229
160216.SZ,20180827,0.555,0.555,0.557,0.552,0.553,-0.002,-0.3604,23154.0,1281.501
160220.SZ,20180827,1.269,1.162,1.162,1.162,1.162,-0.107,-8.4318,4.0,0.464
160223.SZ,20180827,0.698,0.708,0.713,0.706,0.713,0.015,2.149,360.0,25.479
160225.SZ,20180827,0.79,0.793,0.806,0.793,0.806,0.016,2.0253,1124.0,90.113
160311.SZ,20180827,1.354,1.354,1.365,1.352,1.365,0.011,0.8124,1166.81,158.386
160314.SZ,20180827,0.886,0.898,0.913,0.891,0.901,0.015,1.693,810.0,72.82
160324.SZ,20180827,0.834,0.839,0.846,0.83,0.845,0.011,1.3189,1688.6,140.75
160415.SZ,20180827,0.799,0.813,0.813,0.813,0.813,0.014,1.7522,1.0,0.081
160416.SZ,20180827,1.098,1.098,1.103,1.092,1.094,-0.004,-0.3643,1660.0,181.914
160421.SZ,20180827,0.847,0.849,0.863,0.849,0.862,0.015,1.771,7666.06,658.612
160422.SZ,20180827,0.743,0.769,0.769,0.769,0.769,0.026,3.4993,10.0,0.769
160505.SZ,20180827,1.422,1.427,1.446,1.424,1.445,0.023,1.6174,29210.05,4208.623
160512.SZ,20180827,1.483,1.485,1.537,1.485,1.537,0.054,3.6413,201.18,30.602
160515.SZ,20180827,1.007,1.007,1.009,1.007,1.008,0.001,0.0993,7.0,0.705
160518.SZ,20180827,0.901,0.909,0.922,0.909,0.922,0.021,2.3307,986.98,90.655
160519.SZ,20180827,0.815,0.815,0.825,0.815,0.825,0.01,1.227,1090.0,89.555
160522.SZ,20180827,0.803,0.87,0.883,0.87,0.883,0.08,9.9626,109.57,9.657
160607.SZ,20180827,0.647,0.647,0.66,0.647,0.658,0.011,1.7002,4914.33,320.314
160610.SZ,20180827,0.848,0.848,0.878,0.842,0.876,0.028,3.3019,248.09,21.069
160611.SZ,20180827,0.681,0.681,0.69,0.665,0.69,0.009,1.3216,109.32,7.345
160615.SZ,20180827,1.396,1.389,1.401,1.389,1.401,0.005,0.3582,2.0,0.279
160616.SZ,20180827,1.068,1.068,1.082,1.068,1.082,0.014,1.3109,3.0,0.323
160635.SZ,20180827,1.016,1.02,1.044,1.02,1.041,0.025,2.4606,1470.86,152.263
160643.SZ,20180827,0.752,0.77,0.77,0.77,0.77,0.018,2.3936,70.0,5.39
160706.SZ,20180827,0.955,0.957,0.974,0.957,0.973,0.018,1.8848,69448.15,6738.261
160716.SZ,20180827,1.418,1.422,1.45,1.422,1.447,0.029,2.0451,2205.22,317.058
160717.SZ,20180827,0.803,0.805,0.822,0.805,0.821,0.018,2.2416,7123.0,582.022
160719.SZ,20180827,0.672,0.675,0.679,0.672,0.679,0.007,1.0417,1286.0,87.062
160722.SZ,20180827,0.936,0.94,0.975,0.94,0.975,0.039,4.1667,561.0,52.797
160723.SZ,20180827,1.325,1.333,1.339,1.31,1.31,-0.015,-1.1321,883.53,116.987
160805.SZ,20180827,0.71,0.713,0.729,0.713,0.724,0.014,1.9718,289.0,20.761
160806.SZ,20180827,1.219,1.223,1.226,1.223,1.226,0.007,0.5742,2.0,0.244
160812.SZ,20180827,1.346,1.334,1.376,1.334,1.376,0.03,2.2288,1042.01,139.042
160813.SZ,20180827,0.711,0.719,0.737,0.719,0.726,0.015,2.1097,312.32,22.59
160910.SZ,20180827,0.938,0.938,0.938,0.938,0.938,0.0,0.0,259.0,24.294
160915.SZ,20180827,1.083,1.071,1.071,1.071,1.071,-0.012,-1.108,30.0,3.213
160916.SZ,20180827,2.527,2.53,2.571,2.523,2.57,0.043,1.7016,3584.34,912.192
160918.SZ,20180827,1.92,1.947,1.96,1.942,1.955,0.035,1.8229,916.0,178.76
160919.SZ,20180827,1.039,1.08,1.08,1.044,1.08,0.041,3.9461,510.0,53.318
160921.SZ,20180827,0.823,0.824,0.824,0.824,0.824,0.001,0.1215,816.0,67.238
160922.SZ,20180827,1.031,1.065,1.065,1.031,1.037,0.006,0.582,100.0,10.314
160924.SZ,20180827,1.013,1.06,1.06,1.06,1.06,0.047,4.6397,1.0,0.106
161005.SZ,20180827,1.774,1.779,1.823,1.779,1.822,0.048,2.7057,6978.13,1263.621
161010.SZ,20180827,1.044,1.043,1.045,1.043,1.045,0.001,0.0958,1232.75,128.709
161014.SZ,20180827,1.079,1.077,1.077,1.077,1.077,-0.002,-0.1854,43.0,4.631
161017.SZ,20180827,1.875,1.876,1.91,1.876,1.91,0.035,1.8667,1918.37,365.665
161019.SZ,20180827,0.934,0.937,0.937,0.935,0.936,0.002,0.2141,1710.0,160.07
161033.SZ,20180827,0.785,0.824,0.824,0.787,0.805,0.02,2.5478,597.0,47.344
161035.SZ,20180827,0.969,0.986,1.009,0.986,1.009,0.04,4.128,276.0,27.296
161036.SZ,20180827,0.62,0.625,0.625,0.625,0.625,0.005,0.8065,300.0,18.75
161037.SZ,20180827,0.976,0.977,0.977,0.926,0.926,-0.05,-5.123,172.0,16.447
161038.SZ,20180827,0.852,0.811,0.811,0.811,0.811,-0.041,-4.8122,5.0,0.405
161039.SZ,20180827,0.961,0.961,0.971,0.961,0.971,0.01,1.0406,1053.13,102.131
161116.SZ,20180827,0.687,0.69,0.693,0.69,0.693,0.006,0.8734,2145.0,148.298
161119.SZ,20180827,1.289,1.29,1.291,1.29,1.291,0.002,0.1552,9.0,1.161
161124.SZ,20180827,1.117,1.126,1.128,1.126,1.127,0.01,0.8953,41.0,4.618
161125.SZ,20180827,1.229,1.23,1.244,1.23,1.236,0.007,0.5696,2361.66,292.023
161126.SZ,20180827,1.289,1.273,1.281,1.27,1.275,-0.014,-1.0861,5768.85,735.216
161127.SZ,20180827,1.433,1.431,1.438,1.427,1.431,-0.002,-0.1396,2377.0,339.649
161128.SZ,20180827,1.449,1.454,1.464,1.45,1.455,0.006,0.4141,2518.0,365.746
161129.SZ,20180827,1.267,1.272,1.279,1.26,1.261,-0.006,-0.4736,3261.51,413.461
161130.SZ,20180827,1.245,1.253,1.256,1.252,1.256,0.011,0.8835,235.0,29.494
161210.SZ,20180827,1.035,1.039,1.039,1.039,1.039,0.004,0.3865,1.0,0.103
161213.SZ,20180827,1.369,1.391,1.391,1.391,1.391,0.022,1.607,1.0,0.139
161217.SZ,20180827,0.622,0.625,0.63,0.625,0.627,0.005,0.8039,353.07,22.151
161219.SZ,20180827,1.151,1.151,1.151,1.151,1.151,0.0,0.0,99.0,11.394
161222.SZ,20180827,1.075,1.146,1.146,1.131,1.131,0.056,5.2093,7.0,0.793
161224.SZ,20180827,0.855,0.855,0.878,0.844,0.878,0.023,2.6901,321.0,27.127
161225.SZ,20180827,1.029,1.02,1.044,1.02,1.029,0.0,0.0,193.0,19.691
161226.SZ,20180827,0.758,0.761,0.762,0.759,0.759,0.001,0.1319,12528.0,952.728
161227.SZ,20180827,0.827,0.837,0.846,0.83,0.846,0.019,2.2975,2471.31,207.387
161229.SZ,20180827,1.316,1.327,1.327,1.327,1.327,0.011,0.8359,2.9,0.384
161232.SZ,20180827,0.608,0.613,0.613,0.613,0.613,0.005,0.8224,487.01,29.853
161607.SZ,20180827,1.032,1.039,1.081,1.039,1.081,0.049,4.7481,20.0,2.141
161610.SZ,20180827,0.926,0.934,0.948,0.934,0.948,0.022,2.3758,2205.0,207.647
161631.SZ,20180827,0.867,0.871,0.888,0.869,0.884,0.017,1.9608,15731.38,1386.087
161706.SZ,20180827,1.36,1.365,1.389,1.357,1.383,0.023,1.6912,979.0,135.97
161713.SZ,20180827,1.026,1.029,1.029,1.029,1.029,0.003,0.2924,100.0,10.29
161714.SZ,20180827,1.003,0.999,1.01,0.999,1.009,0.006,0.5982,140.0,14.026
161715.SZ,20180827,0.828,0.825,0.868,0.825,0.868,0.04,4.8309,2.0,0.169
161722.SZ,20180827,1.084,1.093,1.093,1.093,1.093,0.009,0.8303,3.0,0.327
161727.SZ,20180827,0.94,0.956,0.956,0.956,0.956,0.016,1.7021,7.0,0.669
161810.SZ,20180827,1.238,1.256,1.273,1.255,1.266,0.028,2.2617,80.0,10.085
161815.SZ,20180827,0.494,0.496,0.496,0.494,0.494,0.0,0.0,663.0,32.816
161820.SZ,20180827,1.083,1.136,1.136,1.086,1.086,0.003,0.277,15.0,1.634
161831.SZ,20180827,0.983,0.99,1.003,0.99,1.003,0.02,2.0346,6524.9,651.134
161834.SZ,20180827,0.711,0.712,0.718,0.712,0.717,0.006,0.8439,38462.41,2755.731
161903.SZ,20180827,0.703,0.705,0.707,0.705,0.707,0.004,0.569,121.0,8.542
161907.SZ,20180827,1.483,1.496,1.505,1.496,1.505,0.022,1.4835,10.0,1.504
161911.SZ,20180827,1.007,1.007,1.008,1.007,1.007,0.0,0.0,2689.0,270.839
162006.SZ,20180827,1.057,1.061,1.097,1.061,1.096,0.039,3.6897,120.0,13.077
162207.SZ,20180827,1.171,1.18,1.192,1.18,1.192,0.021,1.7933,77.0,9.138
162307.SZ,20180827,1.151,1.156,1.165,1.156,1.165,0.014,1.2163,5.0,0.581
162411.SZ,20180827,0.703,0.704,0.705,0.702,0.702,-0.001,-0.1422,247299.72,17386.053
162415.SZ,20180827,1.497,1.49,1.503,1.489,1.493,-0.004,-0.2672,5508.57,823.639
162416.SZ,20180827,1.002,1.031,1.034,1.005,1.01,0.008,0.7984,290.02,29.683
162510.SZ,20180827,0.823,0.816,0.831,0.804,0.831,0.008,0.9721,491.0,39.555
162605.SZ,20180827,1.16,1.16,1.194,1.16,1.193,0.033,2.8448,24831.02,2942.46
162607.SZ,20180827,0.435,0.434,0.444,0.433,0.444,0.009,2.069,5729.61,252.342
162703.SZ,20180827,1.229,1.246,1.266,1.237,1.266,0.037,3.0106,3759.0,471.179
162711.SZ,20180827,1.065,1.065,1.085,1.065,1.085,0.02,1.8779,127.0,13.68
162718.SZ,20180827,0.933,0.935,0.941,0.935,0.94,0.007,0.7503,201.0,18.824
162719.SZ,20180827,1.211,1.198,1.244,1.198,1.208,-0.003,-0.2477,1719.0,208.981
163001.SZ,20180827,0.901,0.911,0.931,0.911,0.931,0.03,3.3296,419.0,38.266
163003.SZ,20180827,0.631,0.631,0.631,0.631,0.631,0.0,0.0,4.0,0.252
163110.SZ,20180827,1.632,1.66,1.66,1.641,1.655,0.023,1.4093,166.0,27.414
163111.SZ,20180827,0.89,0.911,0.913,0.911,0.913,0.023,2.5843,806.0,73.436
163119.SZ,20180827,0.748,0.759,0.765,0.759,0.761,0.013,1.738,69.0,5.251
163208.SZ,20180827,0.975,0.975,0.975,0.956,0.956,-0.019,-1.9487,20.0,1.931
163210.SZ,20180827,1.088,1.089,1.09,1.086,1.088,0.0,0.0,3785.0,411.543
163302.SZ,20180827,1.093,1.089,1.108,1.066,1.108,0.015,1.3724,53.0,5.755
163402.SZ,20180827,0.828,0.828,0.84,0.828,0.84,0.012,1.4493,42988.67,3592.438
163407.SZ,20180827,1.639,1.631,1.666,1.631,1.659,0.02,1.2203,1095.98,181.543
163409.SZ,20180827,1.302,1.313,1.321,1.313,1.321,0.019,1.4593,3.0,0.395
163412.SZ,20180827,2.916,2.924,2.964,2.924,2.963,0.047,1.6118,4779.2,1409.675
163415.SZ,20180827,1.413,1.423,1.446,1.423,1.445,0.032,2.2647,2019.0,289.572
163417.SZ,20180827,0.832,0.831,0.845,0.831,0.844,0.012,1.4423,221579.92,18619.697
163503.SZ,20180827,0.426,0.425,0.43,0.416,0.429,0.003,0.7042,4252.0,179.259
163801.SZ,20180827,1.261,1.251,1.268,1.251,1.264,0.003,0.2379,471.0,59.588
163821.SZ,20180827,1.196,1.219,1.219,1.219,1.219,0.023,1.9231,1.0,0.121
163824.SZ,20180827,1.035,1.037,1.038,1.037,1.038,0.003,0.2899,60.0,6.223
163827.SZ,20180827,1.0,1.044,1.044,1.044,1.044,0.044,4.4,1.0,0.104
164208.SZ,20180827,1.175,1.18,1.18,1.18,1.18,0.005,0.4255,1.0,0.118
164210.SZ,20180827,1.031,1.031,1.035,1.031,1.035,0.004,0.388,166.0,17.115
164403.SZ,20180827,1.01,1.022,1.022,1.016,1.02,0.01,0.9901,827.0,84.357
164701.SZ,20180827,0.572,0.576,0.584,0.576,0.583,0.011,1.9231,907.96,52.859
164703.SZ,20180827,0.823,0.838,0.838,0.837,0.838,0.015,1.8226,248.53,20.819
164705.SZ,20180827,1.185,1.191,1.199,1.191,1.199,0.014,1.1814,151.66,18.104
164824.SZ,20180827,0.992,0.995,0.997,0.995,0.995,0.003,0.3024,2526.72,251.678
164906.SZ,20180827,1.289,1.302,1.302,1.291,1.297,0.008,0.6206,10497.95,1359.971
165309.SZ,20180827,1.058,1.059,1.078,1.059,1.078,0.02,1.8904,25.0,2.674
165313.SZ,20180827,1.193,1.203,1.226,1.2,1.225,0.032,2.6823,1284.0,154.718
165508.SZ,20180827,1.456,1.449,1.454,1.449,1.454,-0.002,-0.1374,13.0,1.888
165510.SZ,20180827,0.752,0.744,0.765,0.744,0.753,0.001,0.133,880.0,66.552
165512.SZ,20180827,1.995,1.985,1.985,1.985,1.985,-0.01,-0.5013,1.0,0.198
165513.SZ,20180827,0.478,0.479,0.483,0.478,0.478,0.0,0.0,2982.0,143.193
165516.SZ,20180827,1.686,1.715,1.716,1.683,1.684,-0.002,-0.1186,35.0,5.923
165525.SZ,20180827,0.839,0.831,0.848,0.831,0.845,0.006,0.7151,3381.0,284.64
165528.SZ,20180827,0.828,0.848,0.85,0.848,0.85,0.022,2.657,2401.15,203.697
165807.SZ,20180827,1.015,1.005,1.005,1.005,1.005,-0.01,-0.9852,1.0,0.1
166001.SZ,20180827,0.966,0.968,0.992,0.968,0.992,0.026,2.6915,2688.0,266.41
166006.SZ,20180827,0.991,1.003,1.016,1.003,1.016,0.025,2.5227,2107.89,212.327
166007.SZ,20180827,1.228,1.234,1.246,1.234,1.246,0.018,1.4658,2.0,0.248
166008.SZ,20180827,1.099,1.04,1.06,1.04,1.06,-0.039,-3.5487,12.0,1.258
166009.SZ,20180827,1.456,1.465,1.495,1.455,1.486,0.03,2.0604,90.0,13.148
166011.SZ,20180827,1.126,1.131,1.162,1.131,1.162,0.036,3.1972,303.56,35.202
166012.SZ,20180827,1.057,1.057,1.059,1.057,1.059,0.002,0.1892,21.0,2.223
166023.SZ,20180827,0.831,0.836,0.848,0.836,0.848,0.017,2.0457,435.0,36.428
166024.SZ,20180827,0.888,0.891,0.907,0.89,0.904,0.016,1.8018,24273.14,2184.771
166105.SZ,20180827,0.946,0.959,0.959,0.959,0.959,0.013,1.3742,1.0,0.095
166401.SZ,20180827,1.071,1.063,1.063,1.063,1.063,-0.008,-0.747,1.0,0.106
166402.SZ,20180827,1.059,1.017,1.034,1.017,1.034,-0.025,-2.3607,101.01,10.274
166902.SZ,20180827,1.012,1.011,1.011,1.011,1.011,-0.001,-0.0988,5.0,0.505
167001.SZ,20180827,0.654,0.66,0.669,0.659,0.669,0.015,2.2936,4332.68,286.713
167002.SZ,20180827,0.837,0.83,0.838,0.83,0.838,0.001,0.1195,25.0,2.088
167501.SZ,20180827,1.177,1.18,1.18,1.177,1.177,0.0,0.0,299.0,35.217
168002.SZ,20180827,0.936,0.936,0.936,0.936,0.936,0.0,0.0,10.0,0.936
168101.SZ,20180827,0.815,0.823,0.834,0.823,0.827,0.012,1.4724,3603.0,297.706
168102.SZ,20180827,0.731,0.731,0.742,0.731,0.742,0.011,1.5048,12736.38,941.18
168103.SZ,20180827,0.684,0.684,0.698,0.684,0.698,0.014,2.0468,36404.11,2525.616
168105.SZ,20180827,0.711,0.718,0.722,0.709,0.722,0.011,1.5471,2026.19,145.539
168301.SZ,20180827,0.878,0.873,0.882,0.873,0.882,0.004,0.4556,2.0,0.175
168401.SZ,20180827,0.946,0.946,0.946,0.936,0.946,0.0,0.0,12.0,1.134
169101.SZ,20180827,1.327,1.328,1.36,1.328,1.358,0.031,2.3361,83067.02,11187.049
169102.SZ,20180827,1.232,1.23,1.239,1.22,1.237,0.005,0.4058,2256.0,276.954
169103.SZ,20180827,1.217,1.226,1.279,1.226,1.245,0.028,2.3007,2160.58,266.214
169104.SZ,20180827,1.23,1.25,1.251,1.225,1.251,0.021,1.7073,1045.0,129.725
169105.SZ,20180827,1.278,1.28,1.318,1.28,1.316,0.038,2.9734,78388.81,10191.706
169106.SZ,20180827,0.928,0.929,0.938,0.929,0.936,0.008,0.8621,4736.39,442.4
184801.SZ,20180827,88.111,88.113,88.66,88.112,88.121,0.01,0.0113,15.0,132.637
501001.SH,20180827,1.016,1.032,1.04,1.03,1.04,0.024,2.3622,2255.0,233.166
501002.SH,20180827,0.613,0.616,0.625,0.616,0.621,0.008,1.3051,86.0,5.347
501005.SH,20180827,0.828,0.833,0.863,0.833,0.86,0.032,3.8647,4209.06,359.224
501007.SH,20180827,0.883,0.866,0.936,0.866,0.936,0.053,6.0023,160.0,14.377
501008.SH,20180827,0.877,0.901,0.908,0.901,0.908,0.031,3.5348,68.0,6.128
501009.SH,20180827,1.086,1.078,1.131,1.078,1.121,0.035,3.2228,1908.0,210.609
501010.SH,20180827,1.077,1.082,1.138,1.082,1.138,0.061,5.6639,276.92,30.271
501011.SH,20180827,0.879,0.897,0.911,0.897,0.911,0.032,3.6405,94.0,8.496
501012.SH,20180827,0.884,0.89,0.904,0.89,0.904,0.02,2.2624,52.0,4.661
501015.SH,20180827,0.82,0.828,0.838,0.827,0.837,0.017,2.0732,400523.61,33273.028
501016.SH,20180827,0.739,0.763,0.763,0.739,0.745,0.006,0.8119,720.0,54.009
501017.SH,20180827,0.809,0.812,0.813,0.811,0.813,0.004,0.4944,1611.81,130.765
501018.SH,20180827,1.253,1.264,1.264,1.24,1.243,-0.01,-0.7981,8793.0,1099.152
501019.SH,20180827,0.666,0.672,0.681,0.672,0.681,0.015,2.2523,1946.52,132.157
501021.SH,20180827,1.375,1.385,1.409,1.384,1.407,0.032,2.3273,1857.0,259.023
501022.SH,20180827,0.758,0.798,0.798,0.759,0.764,0.006,0.7916,23022.0,1751.426
501023.SH,20180827,1.109,1.109,1.13,1.109,1.13,0.021,1.8936,160.0,17.845
501025.SH,20180827,1.109,1.109,1.118,1.096,1.112,0.003,0.2705,507.0,56.337
501026.SH,20180827,0.75,0.759,0.783,0.753,0.783,0.033,4.4,751.0,56.759
501027.SH,20180827,0.994,0.995,0.995,0.994,0.995,0.001,0.1006,2657.0,264.106
501028.SH,20180827,0.717,0.742,0.742,0.722,0.733,0.016,2.2315,5508.65,402.55
501029.SH,20180827,0.912,0.913,0.925,0.911,0.924,0.012,1.3158,83260.32,7641.174
501030.SH,20180827,0.606,0.606,0.608,0.592,0.607,0.001,0.165,956.36,57.858
501031.SH,20180827,0.588,0.588,0.607,0.588,0.607,0.019,3.2313,29.0,1.755
501035.SH,20180827,0.937,0.939,0.944,0.939,0.943,0.006,0.6403,4500.0,422.951
501036.SH,20180827,0.793,0.793,0.795,0.793,0.793,0.0,0.0,134.0,10.63
501037.SH,20180827,0.76,0.779,0.779,0.777,0.777,0.017,2.2368,96.0,7.471
501038.SH,20180827,0.939,0.944,0.96,0.944,0.96,0.021,2.2364,10159.47,966.388
501039.SH,20180827,0.97,0.969,0.971,0.969,0.971,0.001,0.1031,113.04,10.956
501040.SH,20180827,0.975,0.97,0.976,0.97,0.976,0.001,0.1026,1013.0,98.721
501043.SH,20180827,0.9,0.908,0.909,0.894,0.909,0.009,1.0,634.64,57.488
501045.SH,20180827,0.89,0.9,0.909,0.9,0.909,0.019,2.1348,27.0,2.447
501046.SH,20180827,0.798,0.81,0.824,0.806,0.824,0.026,3.2581,5346.89,435.475
501047.SH,20180827,0.726,0.735,0.735,0.732,0.732,0.006,0.8264,20.0,1.467
501049.SH,20180827,0.93,0.93,0.941,0.922,0.94,0.01,1.0753,6836.32,642.08
501050.SH,20180827,1.119,1.119,1.135,1.119,1.134,0.015,1.3405,11704.81,1320.259
501051.SH,20180827,0.845,0.852,0.894,0.852,0.857,0.012,1.4201,882.56,75.572
501053.SH,20180827,1.004,0.95,0.95,0.95,0.95,-0.054,-5.3785,69.52,6.604
501057.SH,20180827,0.858,0.854,0.883,0.854,0.872,0.014,1.6317,1020.71,88.296
501058.SH,20180827,0.859,0.879,0.879,0.869,0.87,0.011,1.2806,449.0,39.06
501106.SH,20180827,1.05,1.031,1.049,1.031,1.04,-0.01,-0.9524,25.96,2.699
501300.SH,20180827,0.992,0.981,0.982,0.973,0.979,-0.013,-1.3105,23139.04,2265.67
501301.SH,20180827,1.158,1.18,1.185,1.166,1.17,0.012,1.0363,1066.04,124.862
501303.SH,20180827,0.9,0.9,0.9,0.9,0.9,0.0,0.0,39.0,3.51
501305.SH,20180827,0.947,0.953,0.965,0.953,0.963,0.016,1.6895,833.42,80.325
501306.SH,20180827,0.93,0.96,0.96,0.96,0.96,0.03,3.2258,12.0,1.152
502003.SH,20180827,0.695,0.683,0.711,0.683,0.705,0.01,1.4388,6493.4,456.297
502004.SH,20180827,0.945,0.944,0.945,0.943,0.943,-0.002,-0.2116,22296.0,2103.174
502005.SH,20180827,0.438,0.448,0.47,0.448,0.469,0.031,7.0776,10947.94,506.422
502006.SH,20180827,0.899,0.898,0.919,0.898,0.919,0.02,2.2247,1082.55,98.615
502007.SH,20180827,0.937,0.933,0.937,0.933,0.937,0.0,0.0,178.0,16.655
502008.SH,20180827,0.878,0.847,0.917,0.847,0.91,0.032,3.6446,262.37,23.295
502010.SH,20180827,0.79,0.787,0.807,0.786,0.805,0.015,1.8987,256.85,20.617
502011.SH,20180827,0.935,0.934,0.934,0.934,0.934,-0.001,-0.107,77.0,7.192
502012.SH,20180827,0.666,0.716,0.716,0.632,0.666,0.0,0.0,529.0,36.554
502013.SH,20180827,0.685,0.687,0.699,0.686,0.698,0.013,1.8978,5383.92,373.638
502014.SH,20180827,0.987,0.985,0.987,0.984,0.984,-0.003,-0.304,12701.03,1250.375
502015.SH,20180827,0.383,0.395,0.413,0.393,0.412,0.029,7.5718,7046.0,283.977
502020.SH,20180827,0.88,0.891,0.891,0.891,0.891,0.011,1.25,5.0,0.446
502021.SH,20180827,0.982,0.926,0.984,0.926,0.984,0.002,0.2037,91.0,8.947
502036.SH,20180827,0.768,0.785,0.785,0.785,0.785,0.017,2.2135,50.0,3.925
502041.SH,20180827,1.03,1.03,1.03,1.03,1.03,0.0,0.0,2.0,0.206
502042.SH,20180827,1.076,1.076,1.098,1.076,1.098,0.022,2.0446,102.0,10.98
502048.SH,20180827,0.83,0.837,0.845,0.834,0.844,0.014,1.6867,10688.87,897.423
502049.SH,20180827,0.95,0.951,0.953,0.949,0.953,0.003,0.3158,66796.62,6352.23
502050.SH,20180827,0.71,0.715,0.737,0.713,0.736,0.026,3.662,56243.14,4103.768
502053.SH,20180827,0.669,0.663,0.671,0.663,0.671,0.002,0.299,967.0,64.579
502054.SH,20180827,0.998,0.997,0.997,0.994,0.994,-0.004,-0.4008,27814.0,2767.539
502055.SH,20180827,0.338,0.339,0.35,0.333,0.35,0.012,3.5503,3218.5,109.581
502056.SH,20180827,0.981,0.961,1.019,0.961,1.011,0.03,3.0581,559.93,56.393
502058.SH,20180827,0.921,0.96,0.98,0.96,0.98,0.059,6.4061,100.0,9.7
505888.SH,20180827,0.952,0.951,0.962,0.95,0.96,0.008,0.8403,273683.74,26183.207
510010.SH,20180827,1.026,1.027,1.048,1.027,1.048,0.022,2.1442,315.0,32.656
510020.SH,20180827,2.493,2.541,2.551,2.54,2.551,0.058,2.3265,367.0,93.256
510030.SH,20180827,4.533,4.576,4.65,4.566,4.65,0.117,2.5811,426.7,195.605
510050.SH,20180827,2.523,2.534,2.572,2.53,2.571,0.048,1.9025,4604967.84,1175414.969
510060.SH,20180827,1.681,1.692,1.712,1.687,1.712,0.031,1.8441,1369.82,233.441
510070.SH,20180827,1.45,1.529,1.53,1.529,1.53,0.08,5.5172,7.0,1.071
510090.SH,20180827,1.468,1.47,1.514,1.47,1.514,0.046,3.1335,73.0,10.758
510110.SH,20180827,3.12,3.12,3.159,3.12,3.159,0.039,1.25,32.01,10.077
510130.SH,20180827,3.399,3.427,3.481,3.427,3.481,0.082,2.4125,1027.0,353.869
510150.SH,20180827,4.499,4.485,4.609,4.48,4.596,0.097,2.156,10910.0,4959.927
510160.SH,20180827,0.52,0.521,0.531,0.521,0.531,0.011,2.1154,11187.0,589.144
510170.SH,20180827,1.66,1.66,1.694,1.66,1.694,0.034,2.0482,5.0,0.844
510180.SH,20180827,2.987,2.999,3.05,2.999,3.05,0.063,2.1091,194190.32,58904.185
510190.SH,20180827,3.148,3.05,3.128,3.044,3.128,-0.02,-0.6353,238.01,73.301
510210.SH,20180827,3.288,3.391,3.391,3.202,3.322,0.034,1.0341,237.0,77.181
510220.SH,20180827,3.561,3.59,3.769,3.59,3.768,0.207,5.813,92.0,33.243
510230.SH,20180827,5.522,5.537,5.587,5.524,5.582,0.06,1.0866,10101.0,5612.94
510260.SH,20180827,1.059,1.056,1.099,1.025,1.097,0.038,3.5883,496.28,52.391
510270.SH,20180827,0.995,0.999,0.999,0.999,0.999,0.004,0.402,1.0,0.1
510280.SH,20180827,1.608,1.606,1.611,1.606,1.611,0.003,0.1866,141.0,22.68
510290.SH,20180827,1.309,1.319,1.334,1.319,1.334,0.025,1.9099,722.0,95.531
510300.SH,20180827,3.388,3.395,3.474,3.395,3.473,0.085,2.5089,2241291.05,771738.584
510310.SH,20180827,1.442,1.446,1.474,1.441,1.47,0.028,1.9417,86010.63,12543.517
510330.SH,20180827,3.663,3.664,3.756,3.664,3.755,0.092,2.5116,132350.77,49111.348
510360.SH,20180827,1.066,1.068,1.091,1.068,1.091,0.025,2.3452,109287.0,11806.93
510390.SH,20180827,3.371,3.396,3.461,3.395,3.459,0.088,2.6105,49959.7,17156.354
510410.SH,20180827,0.645,0.638,0.65,0.638,0.649,0.004,0.6202,1824.0,117.84
510420.SH,20180827,1.22,1.228,1.23,1.228,1.23,0.01,0.8197,210.0,25.828
510430.SH,20180827,1.313,1.304,1.31,1.3,1.31,-0.003,-0.2285,61.0,7.953
510500.SH,20180827,5.152,5.165,5.285,5.165,5.28,0.128,2.4845,1122634.0,588702.088
510510.SH,20180827,1.365,1.37,1.398,1.369,1.395,0.03,2.1978,66591.0,9262.302
510520.SH,20180827,1.318,1.31,1.31,1.304,1.304,-0.014,-1.0622,3.0,0.392
510560.SH,20180827,1.066,1.065,1.065,1.065,1.065,-0.001,-0.0938,1000.0,106.5
510580.SH,20180827,5.109,5.219,5.219,5.16,5.16,0.051,0.9982,115.0,59.556
510590.SH,20180827,4.943,4.977,5.053,4.818,5.037,0.094,1.9017,57404.02,28744.309
510630.SH,20180827,2.122,2.115,2.224,2.111,2.168,0.046,2.1678,5578.0,1204.455
510650.SH,20180827,1.617,1.621,1.635,1.617,1.635,0.018,1.1132,179.0,29.059
510660.SH,20180827,1.806,1.81,1.875,1.81,1.87,0.064,3.5437,15492.0,2866.161
510680.SH,20180827,2.145,2.19,2.19,2.182,2.183,0.038,1.7716,37.0,8.082
510710.SH,20180827,2.682,2.682,2.732,2.682,2.727,0.045,1.6779,8028.0,2176.355
510800.SH,20180827,0.869,0.88,0.884,0.87,0.881,0.012,1.3809,43564.0,3829.192
510810.SH,20180827,0.82,0.82,0.827,0.815,0.827,0.007,0.8537,9171.0,752.315
510880.SH,20180827,2.657,2.66,2.711,2.66,2.709,0.052,1.9571,61799.55,16619.848
510900.SH,20180827,1.173,1.179,1.192,1.175,1.192,0.019,1.6198,8341811.0,987236.76
511010.SH,20180827,113.014,113.066,113.187,112.941,112.978,-0.036,-0.0319,4187.73,47328.44
511220.SH,20180827,93.299,93.3,93.5,93.299,93.317,0.018,0.0193,277.2,2586.519
511230.SH,20180827,95.5,95.5,95.5,95.5,95.5,0.0,0.0,0.1,0.955
511260.SH,20180827,102.005,102.5,102.5,102.222,102.227,0.222,0.2176,164.5,1681.679
511280.SH,20180827,99.501,99.5,99.5,99.5,99.5,-0.001,-0.001,2.5,24.875
511310.SH,20180827,102.2,102.2,102.5,102.101,102.101,-0.099,-0.0969,199.1,2040.646
511600.SH,20180827,100.008,99.997,99.997,99.994,99.997,-0.011,-0.011,3558.46,35582.987
511620.SH,20180827,99.991,99.98,99.98,99.98,99.98,-0.011,-0.011,1.02,10.198
511650.SH,20180827,100.009,99.999,100.001,99.996,99.997,-0.012,-0.012,5201.8,52017.225
511660.SH,20180827,100.025,100.009,100.015,100.007,100.013,-0.012,-0.012,123520.83,1235344.982
511670.SH,20180827,100.011,99.996,99.997,99.995,99.995,-0.016,-0.016,1315.02,13149.71
511690.SH,20180827,100.006,99.994,99.997,99.993,99.996,-0.01,-0.01,53140.38,531373.922
511700.SH,20180827,100.009,99.994,99.998,99.993,99.996,-0.013,-0.013,3788.61,37884.051
511770.SH,20180827,100.03,100.002,100.015,100.002,100.003,-0.027,-0.027,21.0,210.022
511800.SH,20180827,100.004,99.991,99.998,99.991,99.994,-0.01,-0.01,1224.1,12240.127
511810.SH,20180827,100.011,99.996,99.999,99.995,99.998,-0.013,-0.013,91022.73,910193.758
511820.SH,20180827,100.009,99.997,99.997,99.994,99.996,-0.013,-0.013,58168.58,581656.626
511830.SH,20180827,100.016,99.99,100.002,99.99,99.999,-0.017,-0.017,699.27,6992.638
511850.SH,20180827,100.033,100.012,100.019,100.012,100.018,-0.015,-0.015,24938.9,249427.209
511860.SH,20180827,100.006,99.991,99.996,99.991,99.996,-0.01,-0.01,372.35,3723.304
511880.SH,20180827,102.68,102.682,102.684,102.656,102.66,-0.02,-0.0195,819803.44,8417087.541
511900.SH,20180827,100.041,100.001,100.03,100.001,100.021,-0.02,-0.02,16576.8,165797.604
511910.SH,20180827,100.003,99.994,99.996,99.939,99.95,-0.053,-0.053,90.0,899.943
511920.SH,20180827,100.005,99.962,100.034,99.962,100.0,-0.005,-0.005,67.27,672.87
511960.SH,20180827,100.001,100.006,100.029,100.006,100.029,0.028,0.028,7.0,70.011
511970.SH,20180827,100.058,100.058,100.599,100.001,100.473,0.415,0.4148,17.98,180.599
511980.SH,20180827,100.004,99.987,99.996,99.987,99.995,-0.009,-0.009,257.24,2572.222
511990.SH,20180827,100.016,100.0,100.003,99.997,99.999,-0.017,-0.017,1284698.18,12846932.015
512000.SH,20180827,0.689,0.69,0.7,0.689,0.699,0.01,1.4514,344527.0,23951.108
512010.SH,20180827,1.705,1.706,1.777,1.706,1.77,0.065,3.8123,89222.0,15671.494
512070.SH,20180827,1.684,1.693,1.708,1.688,1.704,0.02,1.1876,12566.0,2135.158
512090.SH,20180827,0.899,0.901,0.921,0.901,0.92,0.021,2.3359,1254441.0,114304.862
512100.SH,20180827,0.611,0.615,0.626,0.615,0.626,0.015,2.455,46248.0,2865.54
512120.SH,20180827,1.502,1.596,1.596,1.507,1.553,0.051,3.3955,16551.0,2558.632
512160.SH,20180827,0.903,0.903,0.923,0.902,0.923,0.02,2.2148,314946.0,28828.92
512180.SH,20180827,0.881,0.879,0.902,0.879,0.901,0.02,2.2701,1307229.0,116508.571
512200.SH,20180827,0.735,0.739,0.755,0.739,0.752,0.017,2.3129,4579.0,341.272
512220.SH,20180827,1.145,1.14,1.159,1.14,1.159,0.014,1.2227,19.0,2.183
512280.SH,20180827,0.881,0.88,0.902,0.88,0.901,0.02,2.2701,222125.62,19806.413
512300.SH,20180827,1.053,1.06,1.086,1.053,1.078,0.025,2.3742,11856.0,1266.426
512310.SH,20180827,0.454,0.455,0.463,0.455,0.463,0.009,1.9824,2005.0,92.349
512330.SH,20180827,0.683,0.686,0.708,0.685,0.706,0.023,3.3675,37699.0,2636.241
512340.SH,20180827,0.766,0.769,0.78,0.769,0.78,0.014,1.8277,1492.0,115.529
512360.SH,20180827,0.925,0.931,0.947,0.929,0.946,0.021,2.2703,38999.0,3677.454
512390.SH,20180827,0.887,0.898,0.909,0.897,0.909,0.022,2.4803,1254.0,113.472
512400.SH,20180827,0.663,0.665,0.675,0.663,0.673,0.01,1.5083,10086.0,676.107
512500.SH,20180827,2.399,2.4,2.454,2.394,2.451,0.052,2.1676,80113.94,19443.852
512510.SH,20180827,1.026,1.029,1.049,1.029,1.047,0.021,2.0468,51230.0,5337.224
512520.SH,20180827,0.884,0.888,0.904,0.887,0.904,0.02,2.2624,98168.64,8813.764
512550.SH,20180827,0.973,0.966,0.99,0.966,0.988,0.015,1.5416,20161.0,1983.657
512560.SH,20180827,0.748,0.736,0.772,0.736,0.76,0.012,1.6043,2211.0,169.013
512570.SH,20180827,0.687,0.688,0.696,0.683,0.696,0.009,1.31,669.0,46.143
512580.SH,20180827,0.722,0.725,0.734,0.723,0.734,0.012,1.662,103162.0,7535.166
512600.SH,20180827,2.209,2.299,2.429,2.106,2.2,-0.009,-0.4074,88.0,19.734
512610.SH,20180827,1.479,1.486,1.529,1.486,1.529,0.05,3.3807,332.0,49.851
512640.SH,20180827,1.619,1.637,1.637,1.637,1.637,0.018,1.1118,1.0,0.164
512660.SH,20180827,0.672,0.674,0.695,0.673,0.695,0.023,3.4226,331127.68,22785.246
512680.SH,20180827,0.658,0.658,0.682,0.658,0.677,0.019,2.8875,41377.0,2789.22
512700.SH,20180827,0.961,0.961,0.97,0.957,0.97,0.009,0.9365,4461.0,430.698
512770.SH,20180827,0.992,0.992,1.027,0.992,1.024,0.032,3.2258,120132.0,12194.651
512780.SH,20180827,0.773,0.771,0.785,0.771,0.783,0.01,1.2937,11264.0,879.314
512800.SH,20180827,0.933,0.935,0.943,0.929,0.943,0.01,1.0718,434788.0,40748.339
512810.SH,20180827,0.637,0.638,0.657,0.638,0.656,0.019,2.9827,23721.0,1550.325
512880.SH,20180827,0.725,0.726,0.736,0.725,0.735,0.01,1.3793,656034.0,47995.658
512900.SH,20180827,0.697,0.697,0.707,0.697,0.705,0.008,1.1478,24682.0,1735.913
512980.SH,20180827,0.736,0.74,0.756,0.738,0.754,0.018,2.4457,67577.0,5051.535
512990.SH,20180827,0.976,0.979,0.996,0.977,0.996,0.02,2.0492,96882.56,9545.266
513030.SH,20180827,1.099,1.102,1.105,1.097,1.101,0.002,0.182,27206.0,2991.821
513050.SH,20180827,1.346,1.351,1.36,1.348,1.36,0.014,1.0401,439925.0,59673.259
513100.SH,20180827,2.666,2.678,2.686,2.672,2.678,0.012,0.4501,210669.0,56384.252
513500.SH,20180827,1.814,1.822,1.823,1.816,1.821,0.007,0.3859,96155.0,17488.526
513600.SH,20180827,2.554,2.57,2.601,2.57,2.6,0.046,1.8011,1136.0,293.541
513660.SH,20180827,2.538,2.534,2.666,2.534,2.581,0.043,1.6942,19091.0,4892.694
513900.SH,20180827,0.968,0.98,0.987,0.98,0.987,0.019,1.9628,35.0,3.434
518800.SH,20180827,2.61,2.616,2.626,2.616,2.622,0.012,0.4598,297690.0,78020.103
518880.SH,20180827,2.628,2.638,2.644,2.637,2.641,0.013,0.4947,3209460.0,847287.725
