ts_code,trade_date,pre_close,open,high,low,close,change,pct_chg,vol,amount
150008.SZ,20180207,1.198,1.185,1.185,1.185,1.185,-0.013,-1.0851,1.0,0.118
150009.SZ,20180207,0.976,0.99,0.998,0.976,0.998,0.022,2.2541,921.0,90.551
150012.SZ,20180207,1.012,1.028,1.028,1.028,1.028,0.016,1.581,1.0,0.102
150013.SZ,20180207,1.67,1.736,1.736,1.655,1.655,-0.015,-0.8982,1031.06,172.263
150016.SZ,20180207,1.149,1.148,1.148,1.123,1.123,-0.026,-2.2628,123.0,14.07
150017.SZ,20180207,1.483,1.499,1.499,1.45,1.451,-0.032,-2.1578,1908.0,279.065
150018.SZ,20180207,0.874,0.87,0.879,0.87,0.875,0.001,0.1144,227666.5,19912.433
150019.SZ,20180207,1.19,1.226,1.235,1.156,1.156,-0.034,-2.8571,525384.73,62756.28
150022.SZ,20180207,0.76,0.76,0.764,0.757,0.757,-0.003,-0.3947,445964.0,33897.785
150023.SZ,20180207,0.385,0.388,0.394,0.384,0.388,0.003,0.7792,411919.56,16027.961
150028.SZ,20180207,0.967,0.9,0.903,0.9,0.901,-0.066,-6.8252,192.8,17.389
150029.SZ,20180207,1.39,1.39,1.39,1.353,1.357,-0.033,-2.3741,1180.03,161.684
150030.SZ,20180207,1.035,1.05,1.05,0.974,0.974,-0.061,-5.8937,3.48,0.35
150031.SZ,20180207,1.275,1.217,1.278,1.21,1.269,-0.006,-0.4706,252.8,31.181
150032.SZ,20180207,1.033,1.03,1.039,1.03,1.039,0.006,0.5808,852.0,88.06
150033.SZ,20180207,0.988,1.027,1.027,0.944,1.024,0.036,3.6437,252.0,23.805
150048.SZ,20180207,1.354,1.368,1.368,1.368,1.368,0.014,1.034,1.0,0.136
150049.SZ,20180207,0.96,0.97,0.97,0.97,0.97,0.01,1.0417,2.0,0.194
150050.SZ,20180207,1.649,1.68,1.68,1.625,1.68,0.031,1.8799,410.45,67.209
150051.SZ,20180207,0.859,0.859,0.867,0.859,0.865,0.006,0.6985,16751.23,1445.465
150052.SZ,20180207,1.049,1.068,1.087,1.002,1.012,-0.037,-3.5272,45310.99,4753.914
150053.SZ,20180207,0.88,0.91,0.91,0.907,0.907,0.027,3.0682,557.0,50.57
150054.SZ,20180207,1.003,1.003,1.003,1.003,1.003,0.0,0.0,28.0,2.808
150055.SZ,20180207,0.967,0.961,0.961,0.961,0.961,-0.006,-0.6205,8.0,0.768
150059.SZ,20180207,1.018,0.933,1.024,0.922,1.024,0.006,0.5894,165.64,15.422
150060.SZ,20180207,1.393,1.392,1.392,1.312,1.312,-0.081,-5.8148,115.48,15.725
150073.SZ,20180207,0.904,0.91,0.91,0.91,0.91,0.006,0.6637,40.0,3.64
150076.SZ,20180207,0.958,0.919,0.92,0.919,0.92,-0.038,-3.9666,300.0,27.597
150091.SZ,20180207,0.784,0.733,0.862,0.709,0.86,0.076,9.6939,335.19,26.149
150100.SZ,20180207,0.915,0.913,0.958,0.901,0.956,0.041,4.4809,8697.29,784.85
150101.SZ,20180207,1.55,1.54,1.581,1.525,1.544,-0.006,-0.3871,5323.5,821.884
150104.SZ,20180207,0.953,0.952,0.952,0.952,0.952,-0.001,-0.1049,100.0,9.52
150105.SZ,20180207,1.794,1.814,1.814,1.665,1.665,-0.129,-7.1906,102.0,18.07
150106.SZ,20180207,1.031,1.03,1.033,1.029,1.033,0.002,0.194,12038.9,1240.85
150107.SZ,20180207,1.002,1.05,1.06,0.98,1.0,-0.002,-0.1996,6954.59,708.054
150117.SZ,20180207,0.925,0.923,0.94,0.923,0.93,0.005,0.5405,43386.37,4027.072
150118.SZ,20180207,0.788,0.821,0.834,0.709,0.709,-0.079,-10.0254,406417.61,30528.084
150123.SZ,20180207,1.0,0.999,1.002,0.996,0.996,-0.004,-0.4,11501.8,1147.258
150124.SZ,20180207,0.91,0.93,0.943,0.876,0.877,-0.033,-3.6264,43312.79,3948.901
150130.SZ,20180207,0.972,0.979,0.979,0.97,0.97,-0.002,-0.2058,1164.0,113.606
150131.SZ,20180207,0.569,0.587,0.599,0.551,0.558,-0.011,-1.9332,399344.8,23024.81
150136.SZ,20180207,1.223,1.22,1.22,1.158,1.203,-0.02,-1.6353,618.43,73.271
150143.SZ,20180207,1.049,0.979,0.979,0.979,0.979,-0.07,-6.673,69.0,6.755
150144.SZ,20180207,1.279,1.225,1.3,1.225,1.255,-0.024,-1.8765,377.22,48.164
150145.SZ,20180207,0.944,0.948,0.948,0.948,0.948,0.004,0.4237,9.0,0.853
150148.SZ,20180207,0.969,0.941,0.978,0.94,0.978,0.009,0.9288,373.0,35.087
150149.SZ,20180207,0.769,0.778,0.778,0.741,0.749,-0.02,-2.6008,2151.61,162.803
150150.SZ,20180207,0.877,0.849,0.88,0.838,0.88,0.003,0.3421,2517.95,216.889
150151.SZ,20180207,1.481,1.52,1.52,1.404,1.45,-0.031,-2.0932,281.59,40.261
150152.SZ,20180207,0.917,0.912,0.938,0.91,0.932,0.015,1.6358,2263583.61,208736.89
150153.SZ,20180207,0.481,0.481,0.491,0.433,0.433,-0.048,-9.9792,8988035.5,406679.18
150157.SZ,20180207,0.959,0.959,0.963,0.957,0.963,0.004,0.4171,8430.51,810.276
150158.SZ,20180207,1.242,1.255,1.283,1.178,1.178,-0.064,-5.153,46757.43,5741.449
150165.SZ,20180207,1.213,1.201,1.309,1.2,1.205,-0.008,-0.6595,1794.45,217.352
150168.SZ,20180207,1.229,1.11,1.11,1.11,1.11,-0.119,-9.6827,20.0,2.22
150169.SZ,20180207,0.939,0.939,0.943,0.936,0.943,0.004,0.426,6992.3,657.158
150170.SZ,20180207,1.48,1.521,1.525,1.443,1.446,-0.034,-2.2973,29882.0,4462.998
150171.SZ,20180207,0.894,0.894,0.904,0.894,0.904,0.01,1.1186,367519.0,33031.478
150172.SZ,20180207,1.062,1.097,1.107,1.033,1.034,-0.028,-2.6365,438569.76,46851.365
150173.SZ,20180207,0.924,0.919,0.935,0.909,0.933,0.009,0.974,32998.64,3048.234
150174.SZ,20180207,0.459,0.459,0.461,0.413,0.413,-0.046,-10.0218,33047.3,1388.664
150175.SZ,20180207,0.87,0.871,0.879,0.871,0.874,0.004,0.4598,140794.71,12327.925
150176.SZ,20180207,1.253,1.295,1.304,1.214,1.219,-0.034,-2.7135,273934.56,34999.82
150177.SZ,20180207,0.937,0.983,0.984,0.982,0.982,0.045,4.8026,2317.16,227.67
150178.SZ,20180207,1.619,1.618,1.62,1.54,1.58,-0.039,-2.4089,4162.23,663.872
150179.SZ,20180207,0.934,0.932,0.997,0.919,0.979,0.045,4.818,21.0,1.962
150180.SZ,20180207,1.432,1.291,1.428,1.289,1.289,-0.143,-9.986,919.77,119.006
150181.SZ,20180207,0.894,0.89,0.915,0.887,0.911,0.017,1.9016,736418.2,66633.435
150182.SZ,20180207,0.559,0.554,0.564,0.503,0.503,-0.056,-10.0179,1239700.22,63684.221
150184.SZ,20180207,0.905,0.943,0.995,0.943,0.948,0.043,4.7514,5753.97,545.949
150185.SZ,20180207,0.694,0.71,0.715,0.625,0.655,-0.039,-5.6196,65294.48,4279.785
150186.SZ,20180207,0.976,0.977,0.98,0.971,0.98,0.004,0.4098,903740.89,88165.01
150187.SZ,20180207,0.356,0.32,0.32,0.32,0.32,-0.036,-10.1124,6372.0,203.904
150188.SZ,20180207,0.976,0.975,0.976,0.975,0.975,-0.001,-0.1025,1068.0,104.18
150189.SZ,20180207,0.702,0.702,0.71,0.702,0.71,0.008,1.1396,583.91,41.337
150191.SZ,20180207,0.899,0.89,0.968,0.877,0.925,0.026,2.8921,338.6,30.226
150192.SZ,20180207,0.984,0.989,0.998,0.916,0.938,-0.046,-4.6748,733.7,70.297
150193.SZ,20180207,1.535,1.562,1.562,1.382,1.452,-0.083,-5.4072,8528.98,1237.426
150194.SZ,20180207,0.862,0.863,0.872,0.862,0.871,0.009,1.0441,89515.58,7752.889
150195.SZ,20180207,1.039,1.06,1.111,0.935,1.039,0.0,0.0,37905.34,3999.55
150196.SZ,20180207,0.924,0.922,0.928,0.92,0.926,0.002,0.2165,117842.51,10889.077
150197.SZ,20180207,1.24,1.291,1.309,1.216,1.23,-0.01,-0.8065,259189.92,32665.816
150198.SZ,20180207,1.036,1.04,1.085,1.034,1.034,-0.002,-0.1931,424.0,45.957
150199.SZ,20180207,1.443,1.475,1.5,1.345,1.361,-0.082,-5.6826,41087.81,5850.388
150200.SZ,20180207,0.927,0.918,0.943,0.916,0.94,0.013,1.4024,2239194.3,208593.962
150201.SZ,20180207,0.402,0.402,0.413,0.362,0.362,-0.04,-9.9502,8127145.84,307942.667
150203.SZ,20180207,0.874,0.872,0.888,0.872,0.885,0.011,1.2586,11570.33,1018.76
150204.SZ,20180207,0.645,0.65,0.666,0.584,0.623,-0.022,-3.4109,31381.31,1966.634
150205.SZ,20180207,0.878,0.876,0.895,0.875,0.892,0.014,1.5945,201787.02,17927.896
150206.SZ,20180207,0.649,0.64,0.666,0.584,0.584,-0.065,-10.0154,323236.94,19583.209
150207.SZ,20180207,0.977,1.037,1.037,1.037,1.037,0.06,6.1412,1.0,0.103
150208.SZ,20180207,0.77,0.808,0.808,0.693,0.693,-0.077,-10.0,7763.0,553.014
150209.SZ,20180207,0.889,0.889,0.895,0.889,0.895,0.006,0.6749,35486.92,3172.53
150210.SZ,20180207,1.036,1.044,1.068,0.988,0.99,-0.046,-4.4402,154383.94,15814.579
150211.SZ,20180207,0.903,0.901,0.915,0.901,0.913,0.01,1.1074,91980.5,8361.364
150212.SZ,20180207,0.547,0.561,0.573,0.492,0.518,-0.029,-5.3016,256960.42,13436.759
150216.SZ,20180207,1.177,1.06,1.285,1.06,1.25,0.073,6.2022,256.04,27.786
150217.SZ,20180207,0.902,0.902,0.916,0.898,0.916,0.014,1.5521,52224.01,4752.421
150218.SZ,20180207,0.544,0.546,0.561,0.49,0.49,-0.054,-9.9265,34979.94,1786.5
150220.SZ,20180207,0.783,0.779,0.789,0.763,0.781,-0.002,-0.2554,7615.0,592.41
150223.SZ,20180207,0.981,0.986,0.986,0.976,0.977,-0.004,-0.4077,127703.63,12520.65
150224.SZ,20180207,0.825,0.847,0.863,0.798,0.802,-0.023,-2.7879,564701.69,46849.165
150225.SZ,20180207,1.035,1.016,1.016,1.016,1.016,-0.019,-1.8357,15.0,1.524
150226.SZ,20180207,1.362,1.399,1.399,1.252,1.261,-0.101,-7.4156,386.04,49.504
150227.SZ,20180207,0.872,0.87,0.884,0.869,0.884,0.012,1.3761,358642.67,31406.945
150228.SZ,20180207,1.275,1.3,1.34,1.202,1.206,-0.069,-5.4118,1217449.04,155697.037
150229.SZ,20180207,0.953,0.911,0.969,0.911,0.931,-0.022,-2.3085,12.0,1.132
150230.SZ,20180207,1.565,1.56,1.625,1.478,1.53,-0.035,-2.2364,2210.0,336.4
150232.SZ,20180207,1.06,1.08,1.08,1.039,1.056,-0.004,-0.3774,1756.56,187.042
150235.SZ,20180207,0.924,0.983,0.983,0.983,0.983,0.059,6.3853,1.0,0.098
150236.SZ,20180207,0.764,0.781,0.803,0.74,0.756,-0.008,-1.0471,63000.46,4985.574
150237.SZ,20180207,1.001,1.012,1.012,1.012,1.012,0.011,1.0989,101.13,10.234
150238.SZ,20180207,0.95,0.935,0.999,0.9,0.999,0.049,5.1579,160.87,14.788
150241.SZ,20180207,1.055,1.051,1.051,1.051,1.051,-0.004,-0.3791,4.0,0.42
150242.SZ,20180207,1.367,1.365,1.428,1.337,1.344,-0.023,-1.6825,18568.0,2575.788
150243.SZ,20180207,0.891,0.889,0.949,0.887,0.905,0.014,1.5713,109862.39,9887.961
150244.SZ,20180207,0.553,0.564,0.578,0.498,0.53,-0.023,-4.1591,89201.11,4776.31
150247.SZ,20180207,0.927,0.925,0.936,0.923,0.932,0.005,0.5394,12299.24,1142.09
150248.SZ,20180207,0.585,0.598,0.609,0.538,0.582,-0.003,-0.5128,31274.88,1833.423
150249.SZ,20180207,0.92,0.939,0.974,0.938,0.974,0.054,5.8696,1974.33,186.525
150250.SZ,20180207,1.358,1.365,1.419,1.308,1.36,0.002,0.1473,6126.68,833.972
150251.SZ,20180207,0.858,0.895,0.944,0.866,0.888,0.03,3.4965,2069.75,183.669
150252.SZ,20180207,1.5,1.52,1.586,1.48,1.48,-0.02,-1.3333,11946.0,1837.567
150255.SZ,20180207,0.885,0.884,0.894,0.884,0.894,0.009,1.0169,15545.0,1378.09
150256.SZ,20180207,1.266,1.342,1.342,1.188,1.188,-0.078,-6.1611,152.0,19.007
150257.SZ,20180207,0.888,0.881,0.969,0.858,0.968,0.08,9.009,8776.15,771.143
150259.SZ,20180207,0.902,0.9,0.916,0.9,0.916,0.014,1.5521,25700.47,2336.926
150260.SZ,20180207,0.669,0.602,0.646,0.602,0.644,-0.025,-3.7369,1427.67,85.989
150261.SZ,20180207,0.923,0.922,0.928,0.922,0.928,0.005,0.5417,4760.74,441.16
150262.SZ,20180207,0.728,0.728,0.749,0.705,0.72,-0.008,-1.0989,4957.62,362.093
150263.SZ,20180207,0.979,0.959,0.978,0.941,0.978,-0.001,-0.1021,375.9,36.171
150264.SZ,20180207,0.902,0.9,0.923,0.871,0.897,-0.005,-0.5543,315.29,28.813
150265.SZ,20180207,1.041,1.075,1.076,1.003,1.009,-0.032,-3.074,8535.0,871.421
150266.SZ,20180207,1.279,1.28,1.31,1.2,1.25,-0.029,-2.2674,5922.01,747.301
150267.SZ,20180207,1.007,1.015,1.015,1.015,1.015,0.008,0.7944,1.0,0.101
150268.SZ,20180207,1.39,1.461,1.461,1.308,1.376,-0.014,-1.0072,4381.71,599.721
150269.SZ,20180207,0.863,0.861,0.871,0.861,0.869,0.006,0.6952,40303.55,3490.484
150270.SZ,20180207,1.296,1.338,1.358,1.221,1.231,-0.065,-5.0154,77896.48,10177.465
150271.SZ,20180207,0.92,0.861,0.861,0.861,0.861,-0.059,-6.413,1.0,0.086
150272.SZ,20180207,1.06,1.04,1.06,1.04,1.06,0.0,0.0,55.77,5.802
150274.SZ,20180207,0.617,0.605,0.605,0.6,0.605,-0.012,-1.9449,1460.86,87.837
150275.SZ,20180207,0.885,0.889,0.89,0.881,0.889,0.004,0.452,50406.21,4480.198
150276.SZ,20180207,0.576,0.587,0.609,0.553,0.577,0.001,0.1736,52365.26,3032.752
150277.SZ,20180207,0.924,0.922,0.938,0.92,0.936,0.012,1.2987,50801.32,4724.211
150278.SZ,20180207,0.439,0.439,0.458,0.416,0.419,-0.02,-4.5558,26459.89,1142.598
150279.SZ,20180207,0.957,0.955,0.955,0.955,0.955,-0.002,-0.209,1.0,0.095
150280.SZ,20180207,0.91,1.001,1.001,1.001,1.001,0.091,10.0,1.0,0.1
150282.SZ,20180207,0.838,0.837,0.838,0.77,0.77,-0.068,-8.1146,213.01,16.997
150283.SZ,20180207,0.883,0.884,0.895,0.884,0.893,0.01,1.1325,8768.01,777.618
150287.SZ,20180207,0.926,0.926,0.933,0.925,0.931,0.005,0.54,47379.63,4393.451
150288.SZ,20180207,0.964,1.0,1.034,0.9,0.932,-0.032,-3.3195,163804.54,16163.467
150289.SZ,20180207,0.942,0.948,0.967,0.939,0.942,0.0,0.0,7193.0,683.166
150290.SZ,20180207,0.705,0.74,0.765,0.678,0.678,-0.027,-3.8298,493455.77,35896.433
150291.SZ,20180207,0.995,0.978,0.979,0.97,0.97,-0.025,-2.5126,769.0,75.247
150292.SZ,20180207,1.03,1.06,1.1,0.995,1.0,-0.03,-2.9126,9154.5,953.706
150295.SZ,20180207,0.899,0.899,0.909,0.897,0.905,0.006,0.6674,2292.54,206.58
150296.SZ,20180207,1.16,1.179,1.21,1.128,1.159,-0.001,-0.0862,1278.46,147.677
150298.SZ,20180207,0.525,0.535,0.545,0.476,0.499,-0.026,-4.9524,4543.0,227.869
150299.SZ,20180207,0.94,0.941,0.944,0.938,0.938,-0.002,-0.2128,27376.24,2574.871
150300.SZ,20180207,1.022,1.07,1.078,0.967,0.977,-0.045,-4.4031,183965.82,19013.329
150302.SZ,20180207,1.011,0.915,1.002,0.915,0.994,-0.017,-1.6815,51.49,4.993
150303.SZ,20180207,0.934,0.932,0.944,0.93,0.94,0.006,0.6424,225344.6,21093.518
150304.SZ,20180207,0.494,0.497,0.518,0.445,0.482,-0.012,-2.4291,779018.59,37463.421
150305.SZ,20180207,0.925,0.92,0.92,0.909,0.909,-0.016,-1.7297,231.0,21.003
150306.SZ,20180207,0.571,0.572,0.572,0.56,0.563,-0.008,-1.4011,474.0,27.058
150307.SZ,20180207,0.869,0.869,0.884,0.869,0.884,0.015,1.7261,3302.85,288.982
150308.SZ,20180207,0.709,0.719,0.72,0.643,0.649,-0.06,-8.4626,1782.92,116.038
150311.SZ,20180207,0.894,0.891,0.903,0.888,0.892,-0.002,-0.2237,2395.19,212.972
150315.SZ,20180207,0.898,0.854,0.854,0.854,0.854,-0.044,-4.8998,0.15,0.012
150316.SZ,20180207,0.68,0.7,0.7,0.66,0.68,0.0,0.0,1363.3,93.143
150317.SZ,20180207,0.983,0.939,0.939,0.939,0.939,-0.044,-4.4761,200.0,18.78
150318.SZ,20180207,0.797,0.718,0.718,0.718,0.718,-0.079,-9.9122,226.88,16.289
150321.SZ,20180207,1.129,1.134,1.134,1.036,1.125,-0.004,-0.3543,2305.0,258.261
150322.SZ,20180207,1.44,1.46,1.531,1.38,1.38,-0.06,-4.1667,5391.96,786.276
150323.SZ,20180207,0.975,0.975,0.975,0.971,0.973,-0.002,-0.2051,28765.7,2798.173
150324.SZ,20180207,0.344,0.31,0.31,0.31,0.31,-0.034,-9.8837,3396.0,105.276
150326.SZ,20180207,0.869,0.871,0.871,0.871,0.871,0.002,0.2301,11.0,0.958
150328.SZ,20180207,1.183,1.165,1.165,1.165,1.165,-0.018,-1.5216,30.0,3.495
150329.SZ,20180207,0.863,0.861,0.877,0.86,0.871,0.008,0.927,14930.26,1299.134
150330.SZ,20180207,1.89,1.908,1.941,1.717,1.824,-0.066,-3.4921,39683.05,7271.406
150331.SZ,20180207,0.992,0.994,0.994,0.991,0.994,0.002,0.2016,176255.58,17501.263
150332.SZ,20180207,0.3,0.27,0.27,0.27,0.27,-0.03,-10.0,26278.0,709.506
150335.SZ,20180207,0.926,0.927,0.929,0.927,0.928,0.002,0.216,7740.13,718.286
150336.SZ,20180207,0.798,0.82,0.82,0.72,0.799,0.001,0.1253,5857.77,461.971
150343.SZ,20180207,0.951,0.949,0.949,0.949,0.949,-0.002,-0.2103,5.0,0.474
159001.SZ,20180207,100.0,99.999,100.0,99.991,100.0,0.0,0.0,11309.4,113088.672
159003.SZ,20180207,100.001,99.995,100.0,99.991,100.0,-0.001,-0.001,28603.14,286018.201
159005.SZ,20180207,99.999,99.998,100.001,99.998,100.001,0.002,0.002,14347.76,143477.195
159901.SZ,20180207,4.86,4.925,4.95,4.727,4.729,-0.131,-2.6955,210396.31,101394.457
159902.SZ,20180207,3.353,3.388,3.411,3.274,3.304,-0.049,-1.4614,151400.1,50613.145
159903.SZ,20180207,1.115,1.124,1.141,1.101,1.112,-0.003,-0.2691,26502.96,2967.699
159905.SZ,20180207,1.803,1.825,1.829,1.709,1.71,-0.093,-5.1581,124551.52,21961.524
159906.SZ,20180207,1.0,1.023,1.026,1.013,1.02,0.02,2.0,781.54,80.0
159907.SZ,20180207,1.362,1.424,1.425,1.345,1.346,-0.016,-1.1747,2208.0,300.402
159908.SZ,20180207,1.585,1.56,1.65,1.503,1.552,-0.033,-2.082,637.0,101.584
159909.SZ,20180207,5.0,5.0,5.01,4.789,4.792,-0.208,-4.16,40.0,19.53
159910.SZ,20180207,1.898,2.069,2.069,1.822,1.838,-0.06,-3.1612,12887.0,2411.412
159911.SZ,20180207,4.166,4.042,4.08,4.042,4.08,-0.086,-2.0643,40.0,16.221
159912.SZ,20180207,1.418,1.41,1.428,1.383,1.42,0.002,0.141,978.0,138.392
159913.SZ,20180207,2.038,1.98,2.117,1.885,1.965,-0.073,-3.5819,669.0,129.356
159915.SZ,20180207,1.505,1.539,1.543,1.48,1.523,0.018,1.196,6332947.56,963662.971
159916.SZ,20180207,3.987,4.015,4.054,3.829,3.867,-0.12,-3.0098,5695.0,2237.304
159918.SZ,20180207,1.635,1.567,1.644,1.496,1.6,-0.035,-2.1407,409.0,64.811
159919.SZ,20180207,4.51,4.586,4.599,4.4,4.404,-0.106,-2.3503,272228.6,122439.171
159920.SZ,20180207,1.568,1.596,1.6,1.537,1.547,-0.021,-1.3393,5148437.91,812112.687
159922.SZ,20180207,5.849,6.0,6.0,5.783,5.862,0.013,0.2223,4187.0,2456.853
159923.SZ,20180207,1.768,1.797,1.797,1.724,1.727,-0.041,-2.319,30187.0,5307.34
159924.SZ,20180207,1.415,1.447,1.455,1.416,1.436,0.021,1.4841,811.0,117.758
159925.SZ,20180207,1.741,1.74,1.759,1.684,1.704,-0.037,-2.1252,4860.77,835.571
159926.SZ,20180207,107.196,107.3,107.3,107.16,107.16,-0.036,-0.0336,2.0,21.446
159927.SZ,20180207,3.997,4.08,4.08,3.95,4.051,0.054,1.351,115.0,46.497
159928.SZ,20180207,2.26,2.283,2.312,2.211,2.215,-0.045,-1.9912,19374.0,4394.639
159929.SZ,20180207,1.511,1.511,1.568,1.471,1.491,-0.02,-1.3236,8635.0,1298.11
159930.SZ,20180207,0.93,0.93,0.999,0.93,0.938,0.008,0.8602,7324.12,694.758
159931.SZ,20180207,1.852,1.875,1.875,1.75,1.803,-0.049,-2.6458,1781.0,324.053
159932.SZ,20180207,1.653,1.577,1.64,1.577,1.623,-0.03,-1.8149,596.0,96.639
159933.SZ,20180207,2.112,2.125,2.125,1.998,2.112,0.0,0.0,35.0,7.357
159934.SZ,20180207,2.712,2.675,2.678,2.668,2.675,-0.037,-1.3643,100650.0,26901.186
159935.SZ,20180207,1.6,1.533,1.599,1.533,1.57,-0.03,-1.875,16.0,2.485
159936.SZ,20180207,1.593,1.54,1.625,1.54,1.54,-0.053,-3.3271,501.2,80.31
159937.SZ,20180207,2.727,2.708,2.717,2.686,2.691,-0.036,-1.3201,201297.0,54137.449
159938.SZ,20180207,1.288,1.294,1.31,1.283,1.287,-0.001,-0.0776,81370.85,10541.334
159939.SZ,20180207,0.973,0.991,1.005,0.94,0.956,-0.017,-1.7472,144549.0,13868.205
159940.SZ,20180207,1.038,1.041,1.058,1.01,1.012,-0.026,-2.5048,7185.02,746.114
159941.SZ,20180207,1.313,1.357,1.357,1.326,1.331,0.018,1.3709,4462.01,600.58
159942.SZ,20180207,1.835,1.926,1.926,1.78,1.826,-0.009,-0.4905,241.0,43.306
159943.SZ,20180207,11.1,11.399,11.399,10.901,10.901,-0.199,-1.7928,228.28,251.886
159944.SZ,20180207,0.922,0.932,0.932,0.9,0.92,-0.002,-0.2169,2712.0,246.253
159945.SZ,20180207,0.812,0.815,0.837,0.806,0.806,-0.006,-0.7389,7551.23,623.849
159946.SZ,20180207,1.22,1.225,1.226,1.2,1.221,0.001,0.082,625.0,76.357
159948.SZ,20180207,1.653,1.685,1.693,1.627,1.673,0.02,1.2099,27583.4,4619.649
159949.SZ,20180207,0.607,0.621,0.625,0.596,0.615,0.008,1.318,3357358.06,206518.145
159950.SZ,20180207,1.06,1.047,1.06,1.028,1.06,0.0,0.0,41.01,4.234
159951.SZ,20180207,0.911,0.905,0.905,0.888,0.891,-0.02,-2.1954,1299.01,116.422
159952.SZ,20180207,0.905,0.923,0.927,0.89,0.916,0.011,1.2155,551950.5,50478.345
159953.SZ,20180207,0.892,0.87,0.87,0.835,0.853,-0.039,-4.3722,996.0,84.896
159955.SZ,20180207,0.87,0.887,0.899,0.853,0.88,0.01,1.1494,48798.0,4279.881
159957.SZ,20180207,0.923,0.93,0.949,0.897,0.924,0.001,0.1083,68398.93,6314.062
159958.SZ,20180207,0.916,0.939,0.946,0.9,0.925,0.009,0.9825,45633.13,4206.462
160105.SZ,20180207,1.097,1.07,1.116,1.047,1.077,-0.02,-1.8232,177.0,19.515
160106.SZ,20180207,1.259,1.26,1.281,1.255,1.256,-0.003,-0.2383,1188.84,150.401
160119.SZ,20180207,1.464,1.466,1.5,1.464,1.49,0.026,1.776,3601.46,532.476
160125.SZ,20180207,1.034,1.116,1.116,1.026,1.035,0.001,0.0967,1547.0,166.223
160128.SZ,20180207,0.988,0.989,0.989,0.989,0.989,0.001,0.1012,2107.0,208.382
160130.SZ,20180207,0.954,0.954,0.954,0.954,0.954,0.0,0.0,28.0,2.671
160133.SZ,20180207,2.223,2.2,2.25,2.19,2.19,-0.033,-1.4845,4252.41,946.843
160138.SZ,20180207,1.196,1.196,1.196,1.18,1.18,-0.016,-1.3378,553.01,65.387
160140.SZ,20180207,0.885,0.886,0.889,0.874,0.881,-0.004,-0.452,137.0,12.115
160211.SZ,20180207,2.73,2.739,2.77,2.671,2.674,-0.056,-2.0513,8980.57,2431.551
160212.SZ,20180207,2.645,2.676,2.698,2.6,2.608,-0.037,-1.3989,46253.78,12207.087
160215.SZ,20180207,1.498,1.498,1.524,1.477,1.477,-0.021,-1.4019,2378.72,354.906
160216.SZ,20180207,0.454,0.459,0.462,0.456,0.458,0.004,0.8811,50807.0,2331.622
160220.SZ,20180207,1.342,1.339,1.339,1.321,1.321,-0.021,-1.5648,29.0,3.877
160223.SZ,20180207,0.752,0.751,0.764,0.75,0.764,0.012,1.5957,3468.0,261.809
160225.SZ,20180207,0.949,0.949,0.975,0.94,0.948,-0.001,-0.1054,3001.9,284.971
160311.SZ,20180207,1.61,1.615,1.635,1.61,1.615,0.005,0.3106,2459.62,399.264
160314.SZ,20180207,1.062,1.125,1.125,1.06,1.061,-0.001,-0.0942,1468.22,157.891
160322.SZ,20180207,1.246,1.29,1.29,1.214,1.223,-0.023,-1.8459,854.45,104.519
160324.SZ,20180207,0.86,0.838,0.886,0.838,0.839,-0.021,-2.4419,4326.08,364.723
160415.SZ,20180207,1.037,1.006,1.007,0.987,0.992,-0.045,-4.3394,82.0,8.132
160416.SZ,20180207,0.916,0.928,0.931,0.921,0.931,0.015,1.6376,12151.25,1126.544
160421.SZ,20180207,0.901,0.906,0.908,0.895,0.895,-0.006,-0.6659,10027.36,905.144
160422.SZ,20180207,1.023,1.007,1.007,1.007,1.007,-0.016,-1.564,51.0,5.135
160505.SZ,20180207,1.786,1.763,1.779,1.702,1.714,-0.072,-4.0314,283283.12,49766.488
160512.SZ,20180207,1.9,1.894,1.916,1.878,1.878,-0.022,-1.1579,470.34,89.08
160515.SZ,20180207,0.998,0.999,1.0,0.999,1.0,0.002,0.2004,5435.0,543.429
160518.SZ,20180207,0.933,0.938,0.942,0.921,0.925,-0.008,-0.8574,7905.85,734.449
160519.SZ,20180207,0.99,0.983,0.993,0.95,0.99,0.0,0.0,20540.0,1954.818
160522.SZ,20180207,0.976,0.96,0.975,0.95,0.964,-0.012,-1.2295,6476.0,621.659
160607.SZ,20180207,0.82,0.82,0.838,0.819,0.821,0.001,0.122,6243.38,515.251
160610.SZ,20180207,1.04,1.026,1.054,1.026,1.035,-0.005,-0.4808,999.0,104.774
160611.SZ,20180207,0.794,0.797,0.798,0.788,0.789,-0.005,-0.6297,907.38,71.753
160613.SZ,20180207,1.263,1.284,1.289,1.284,1.289,0.026,2.0586,167.97,21.65
160615.SZ,20180207,1.701,1.69,1.69,1.688,1.688,-0.013,-0.7643,182.01,30.726
160616.SZ,20180207,1.257,1.244,1.245,1.227,1.228,-0.029,-2.3071,49.0,6.076
160621.SZ,20180207,1.09,1.074,1.074,1.074,1.074,-0.016,-1.4679,3.0,0.322
160635.SZ,20180207,1.039,1.015,1.015,1.011,1.011,-0.028,-2.6949,54.0,5.474
160643.SZ,20180207,0.807,0.8,0.8,0.8,0.8,-0.007,-0.8674,41.96,3.356
160644.SZ,20180207,0.929,0.95,0.957,0.911,0.911,-0.018,-1.9376,195.0,18.181
160706.SZ,20180207,1.165,1.171,1.178,1.15,1.156,-0.009,-0.7725,42237.32,4930.557
160716.SZ,20180207,1.719,1.75,1.75,1.675,1.681,-0.038,-2.2106,11757.0,2015.596
160717.SZ,20180207,0.88,0.901,0.905,0.858,0.863,-0.017,-1.9318,41897.98,3690.463
160719.SZ,20180207,0.692,0.689,0.689,0.682,0.687,-0.005,-0.7225,8204.73,562.802
160722.SZ,20180207,0.985,0.99,0.99,0.982,0.983,-0.002,-0.203,122198.0,12020.737
160723.SZ,20180207,1.109,1.098,1.188,1.098,1.1,-0.009,-0.8115,510.0,57.525
160805.SZ,20180207,0.847,0.843,0.843,0.843,0.843,-0.004,-0.4723,60.0,5.058
160806.SZ,20180207,1.443,1.456,1.456,1.424,1.424,-0.019,-1.3167,187.2,27.092
160807.SZ,20180207,1.35,1.346,1.346,1.346,1.346,-0.004,-0.2963,20.0,2.692
160812.SZ,20180207,1.521,1.521,1.572,1.502,1.508,-0.013,-0.8547,1717.04,263.557
160813.SZ,20180207,0.857,0.857,0.864,0.85,0.85,-0.007,-0.8168,1418.36,121.656
160910.SZ,20180207,1.036,1.034,1.034,1.034,1.034,-0.002,-0.1931,262.51,27.143
160916.SZ,20180207,2.7,2.72,2.745,2.684,2.684,-0.016,-0.5926,2325.0,632.026
160918.SZ,20180207,2.003,2.038,2.038,1.979,1.979,-0.024,-1.1982,1670.12,332.832
160919.SZ,20180207,1.146,1.15,1.152,1.146,1.146,0.0,0.0,1391.0,159.685
160921.SZ,20180207,0.917,0.841,0.899,0.834,0.898,-0.019,-2.072,872.15,73.45
160922.SZ,20180207,1.114,1.127,1.13,1.101,1.112,-0.002,-0.1795,632.0,70.465
160924.SZ,20180207,1.052,1.146,1.146,1.032,1.04,-0.012,-1.1407,211.0,21.914
161005.SZ,20180207,2.026,2.05,2.059,1.982,1.991,-0.035,-1.7275,6628.0,1336.489
161010.SZ,20180207,1.029,1.028,1.036,1.028,1.029,0.0,0.0,8345.0,862.765
161014.SZ,20180207,1.007,1.011,1.015,1.011,1.012,0.005,0.4965,4042.0,408.904
161017.SZ,20180207,2.144,2.149,2.185,2.11,2.128,-0.016,-0.7463,2933.73,631.097
161019.SZ,20180207,0.98,0.98,0.98,0.979,0.979,-0.001,-0.102,1460.0,143.058
161033.SZ,20180207,0.901,0.901,0.92,0.88,0.9,-0.001,-0.111,3332.28,300.665
161035.SZ,20180207,0.948,0.909,0.94,0.903,0.94,-0.008,-0.8439,168.52,15.376
161036.SZ,20180207,0.823,0.82,0.82,0.769,0.817,-0.006,-0.729,252.01,20.208
161037.SZ,20180207,1.052,1.058,1.09,1.032,1.042,-0.01,-0.9506,283.0,29.736
161038.SZ,20180207,1.024,1.01,1.014,0.985,1.005,-0.019,-1.8555,352.0,35.415
161115.SZ,20180207,1.31,1.334,1.334,1.334,1.334,0.024,1.8321,5.0,0.667
161116.SZ,20180207,0.71,0.707,0.715,0.707,0.707,-0.003,-0.4225,1767.34,125.225
161117.SZ,20180207,1.0,0.999,1.004,0.999,1.002,0.002,0.2,221.0,22.143
161119.SZ,20180207,1.237,1.258,1.258,1.24,1.24,0.003,0.2425,41.0,5.091
161124.SZ,20180207,1.054,1.085,1.087,1.06,1.06,0.006,0.5693,569.63,61.535
161125.SZ,20180207,1.023,1.052,1.054,1.043,1.048,0.025,2.4438,6140.17,645.577
161126.SZ,20180207,1.065,1.118,1.119,1.083,1.098,0.033,3.0986,746.0,82.174
161127.SZ,20180207,1.194,1.25,1.254,1.22,1.24,0.046,3.8526,2616.05,323.689
161128.SZ,20180207,1.147,1.188,1.188,1.175,1.177,0.03,2.6155,1048.2,123.519
161129.SZ,20180207,1.047,1.047,1.047,1.039,1.044,-0.003,-0.2865,35.0,3.655
161130.SZ,20180207,1.017,1.067,1.067,1.029,1.065,0.048,4.7198,129.0,13.29
161210.SZ,20180207,1.026,1.022,1.066,1.022,1.046,0.02,1.9493,272.0,28.565
161213.SZ,20180207,1.645,1.624,1.646,1.562,1.599,-0.046,-2.7964,89.0,14.319
161217.SZ,20180207,0.792,0.791,0.8,0.772,0.772,-0.02,-2.5253,756.0,60.052
161219.SZ,20180207,1.255,1.225,1.28,1.214,1.215,-0.04,-3.1873,245.0,30.55
161222.SZ,20180207,1.194,1.167,1.167,1.157,1.157,-0.037,-3.0988,43.0,5.009
161224.SZ,20180207,0.986,0.956,0.98,0.921,0.974,-0.012,-1.217,619.4,58.722
161225.SZ,20180207,1.153,1.158,1.17,1.158,1.166,0.013,1.1275,370.0,43.231
161226.SZ,20180207,0.83,0.822,0.827,0.821,0.824,-0.006,-0.7229,17086.1,1405.52
161227.SZ,20180207,1.035,1.054,1.056,1.02,1.02,-0.015,-1.4493,6947.48,715.934
161229.SZ,20180207,1.349,1.375,1.38,1.316,1.377,0.028,2.0756,503.0,69.03
161232.SZ,20180207,0.741,0.741,0.743,0.71,0.73,-0.011,-1.4845,3905.21,284.288
161505.SZ,20180207,1.194,1.18,1.313,1.18,1.313,0.119,9.9665,1320.0,171.654
161607.SZ,20180207,1.271,1.266,1.271,1.233,1.233,-0.038,-2.9898,295.0,37.186
161610.SZ,20180207,1.005,1.021,1.021,0.99,0.99,-0.015,-1.4925,2140.0,212.784
161631.SZ,20180207,0.9,0.909,0.926,0.9,0.906,0.006,0.6667,24118.84,2198.55
161706.SZ,20180207,1.674,1.623,1.68,1.623,1.652,-0.022,-1.3142,923.0,152.377
161713.SZ,20180207,1.007,1.008,1.01,1.008,1.009,0.002,0.1986,300.0,30.259
161714.SZ,20180207,1.036,1.05,1.064,1.001,1.036,0.0,0.0,4381.0,456.158
161715.SZ,20180207,1.072,1.098,1.098,1.077,1.078,0.006,0.5597,1540.38,167.034
161810.SZ,20180207,1.506,1.499,1.523,1.499,1.503,-0.003,-0.1992,260.0,39.005
161815.SZ,20180207,0.462,0.462,0.463,0.458,0.459,-0.003,-0.6494,8312.0,382.016
161820.SZ,20180207,1.08,1.08,1.08,1.08,1.08,0.0,0.0,100.0,10.8
161831.SZ,20180207,1.052,1.073,1.094,1.029,1.048,-0.004,-0.3802,7703.01,822.604
161834.SZ,20180207,0.756,0.76,0.77,0.75,0.755,-0.001,-0.1323,33329.28,2513.676
161835.SZ,20180207,0.955,0.951,0.951,0.951,0.951,-0.004,-0.4188,1000.18,95.117
161903.SZ,20180207,0.869,0.847,0.847,0.846,0.846,-0.023,-2.6467,54.0,4.568
161907.SZ,20180207,1.78,1.794,1.817,1.748,1.803,0.023,1.2921,64.0,11.459
161911.SZ,20180207,0.955,0.953,0.957,0.953,0.955,0.0,0.0,6248.0,596.883
162006.SZ,20180207,1.213,1.22,1.224,1.2,1.2,-0.013,-1.0717,1093.82,131.683
162105.SZ,20180207,1.073,1.068,1.091,1.068,1.091,0.018,1.6775,31.0,3.324
162207.SZ,20180207,1.445,1.446,1.446,1.406,1.415,-0.03,-2.0761,885.09,126.899
162215.SZ,20180207,1.049,1.054,1.054,1.054,1.054,0.005,0.4766,82.22,8.665
162307.SZ,20180207,1.418,1.401,1.402,1.336,1.343,-0.075,-5.2891,138.0,19.197
162411.SZ,20180207,0.536,0.543,0.556,0.542,0.548,0.012,2.2388,757539.84,41510.207
162414.SZ,20180207,1.194,1.191,1.191,1.191,1.191,-0.003,-0.2513,77.0,9.17
162415.SZ,20180207,1.205,1.25,1.252,1.24,1.25,0.045,3.7344,944.94,117.677
162510.SZ,20180207,0.966,0.969,0.969,0.969,0.969,0.003,0.3106,1.0,0.096
162605.SZ,20180207,1.285,1.307,1.32,1.264,1.264,-0.021,-1.6342,69686.81,9027.074
162607.SZ,20180207,0.474,0.482,0.488,0.472,0.472,-0.002,-0.4219,2393.73,114.341
162703.SZ,20180207,1.332,1.358,1.358,1.301,1.327,-0.005,-0.3754,4335.0,571.971
162711.SZ,20180207,1.232,1.229,1.247,1.225,1.226,-0.006,-0.487,249.01,30.625
162715.SZ,20180207,1.109,1.094,1.1,1.094,1.098,-0.011,-0.9919,6.0,0.658
162717.SZ,20180207,0.998,0.996,0.999,0.996,0.999,0.001,0.1002,1341.04,133.803
162718.SZ,20180207,0.931,0.932,0.932,0.9,0.923,-0.008,-0.8593,705.0,65.678
162719.SZ,20180207,0.94,0.95,0.961,0.95,0.951,0.011,1.1702,1326.84,126.349
163001.SZ,20180207,0.857,0.861,0.872,0.845,0.845,-0.012,-1.4002,65.0,5.503
163005.SZ,20180207,0.837,0.826,0.826,0.826,0.826,-0.011,-1.3142,1.0,0.082
163110.SZ,20180207,2.23,2.23,2.249,2.187,2.21,-0.02,-0.8969,2162.3,480.865
163111.SZ,20180207,1.069,1.063,1.089,1.06,1.07,0.001,0.0935,1518.06,162.426
163119.SZ,20180207,0.855,0.828,0.835,0.827,0.828,-0.027,-3.1579,213.0,17.658
163208.SZ,20180207,0.887,0.887,0.887,0.844,0.863,-0.024,-2.7057,2834.0,245.139
163210.SZ,20180207,1.012,1.013,1.014,1.012,1.014,0.002,0.1976,8532.74,864.294
163302.SZ,20180207,1.368,1.367,1.379,1.358,1.358,-0.01,-0.731,716.39,97.55
163402.SZ,20180207,0.933,0.943,0.95,0.918,0.92,-0.013,-1.3934,148463.26,13822.768
163407.SZ,20180207,1.955,1.969,1.979,1.921,1.927,-0.028,-1.4322,6200.63,1210.689
163409.SZ,20180207,1.495,1.494,1.506,1.489,1.489,-0.006,-0.4013,64.0,9.59
163412.SZ,20180207,3.333,3.378,3.388,3.28,3.283,-0.05,-1.5002,42872.24,14287.179
163415.SZ,20180207,1.326,1.324,1.342,1.311,1.34,0.014,1.0558,1423.14,188.586
163503.SZ,20180207,0.496,0.493,0.496,0.491,0.495,-0.001,-0.2016,1160.53,57.196
163801.SZ,20180207,1.25,1.261,1.269,1.24,1.26,0.01,0.8,1835.0,230.349
163819.SZ,20180207,1.095,1.095,1.095,1.095,1.095,0.0,0.0,3.34,0.365
163821.SZ,20180207,1.475,1.512,1.512,1.464,1.464,-0.011,-0.7458,11.0,1.644
164206.SZ,20180207,1.057,1.057,1.057,1.057,1.057,0.0,0.0,200.0,21.14
164210.SZ,20180207,1.004,1.004,1.004,1.004,1.004,0.0,0.0,539.0,54.115
164403.SZ,20180207,0.99,0.968,0.991,0.968,0.969,-0.021,-2.1212,393.74,38.641
164509.SZ,20180207,1.1,1.037,1.1,0.993,1.003,-0.097,-8.8182,395.0,39.62
164701.SZ,20180207,0.599,0.596,0.598,0.595,0.595,-0.004,-0.6678,980.0,58.393
164702.SZ,20180207,0.981,0.982,0.982,0.982,0.982,0.001,0.1019,354.0,34.762
164705.SZ,20180207,1.246,1.241,1.244,1.167,1.212,-0.034,-2.7287,2345.0,290.13
164808.SZ,20180207,0.992,0.994,0.994,0.994,0.994,0.002,0.2016,50.0,4.97
164810.SZ,20180207,0.967,0.965,0.967,0.965,0.967,0.0,0.0,1157.0,111.841
164823.SZ,20180207,0.915,0.915,0.928,0.895,0.9,-0.015,-1.6393,1546.04,139.927
164906.SZ,20180207,1.357,1.472,1.472,1.37,1.375,0.018,1.3265,40130.53,5590.704
165309.SZ,20180207,1.294,1.299,1.352,1.266,1.302,0.008,0.6182,137.0,17.716
165313.SZ,20180207,1.441,1.436,1.45,1.411,1.448,0.007,0.4858,586.15,83.678
165317.SZ,20180207,0.93,0.93,0.93,0.93,0.93,0.0,0.0,197.0,18.321
165508.SZ,20180207,2.032,2.025,2.027,1.974,1.974,-0.058,-2.8543,30.0,6.026
165509.SZ,20180207,1.111,1.12,1.12,1.12,1.12,0.009,0.8101,1.0,0.112
165510.SZ,20180207,0.85,0.885,0.885,0.843,0.861,0.011,1.2941,225.0,19.33
165512.SZ,20180207,2.78,2.677,2.779,2.677,2.772,-0.008,-0.2878,32.0,8.773
165513.SZ,20180207,0.438,0.439,0.44,0.435,0.439,0.001,0.2283,2555.0,112.142
165516.SZ,20180207,2.108,2.074,2.1,2.074,2.095,-0.013,-0.6167,25.0,5.238
165517.SZ,20180207,0.767,0.772,0.772,0.771,0.772,0.005,0.6519,3.0,0.231
165525.SZ,20180207,1.071,1.1,1.1,1.071,1.084,0.013,1.2138,245.0,26.424
165528.SZ,20180207,0.97,0.997,0.997,0.959,0.966,-0.004,-0.4124,1549.0,150.195
166001.SZ,20180207,1.074,1.077,1.077,1.054,1.054,-0.02,-1.8622,1377.0,145.777
166006.SZ,20180207,1.216,1.224,1.228,1.181,1.181,-0.035,-2.8783,7426.01,885.239
166007.SZ,20180207,1.512,1.457,1.472,1.457,1.457,-0.055,-3.6376,16.0,2.333
166009.SZ,20180207,1.688,1.674,1.695,1.671,1.671,-0.017,-1.0071,173.0,29.04
166011.SZ,20180207,1.463,1.474,1.484,1.43,1.43,-0.033,-2.2556,526.73,76.887
166012.SZ,20180207,1.075,1.071,1.071,1.071,1.071,-0.004,-0.3721,3.0,0.321
166023.SZ,20180207,1.02,1.02,1.02,1.0,1.0,-0.02,-1.9608,56.0,5.69
166024.SZ,20180207,0.94,0.955,0.955,0.919,0.921,-0.019,-2.0213,53880.06,5033.312
166105.SZ,20180207,0.952,0.962,0.962,0.962,0.962,0.01,1.0504,4.0,0.384
166402.SZ,20180207,1.123,1.136,1.136,1.136,1.136,0.013,1.1576,77.0,8.747
166902.SZ,20180207,1.018,0.989,0.989,0.989,0.989,-0.029,-2.8487,99.0,9.791
167001.SZ,20180207,0.731,0.738,0.745,0.731,0.74,0.009,1.2312,9873.25,730.204
167002.SZ,20180207,0.897,0.9,0.901,0.9,0.901,0.004,0.4459,82.0,7.388
167003.SZ,20180207,0.986,0.952,0.952,0.952,0.952,-0.034,-3.4483,140.0,13.328
168002.SZ,20180207,0.934,0.934,0.935,0.934,0.935,0.001,0.1071,636.0,59.452
168101.SZ,20180207,0.935,0.901,0.951,0.901,0.927,-0.008,-0.8556,39210.0,3557.836
168102.SZ,20180207,0.789,0.789,0.805,0.776,0.778,-0.011,-1.3942,8059.0,630.733
168103.SZ,20180207,0.744,0.748,0.748,0.735,0.736,-0.008,-1.0753,22996.04,1707.537
168104.SZ,20180207,0.946,0.936,0.947,0.936,0.947,0.001,0.1057,65819.01,6228.798
168105.SZ,20180207,0.736,0.741,0.742,0.735,0.735,-0.001,-0.1359,4059.0,300.309
168106.SZ,20180207,0.845,0.8,0.842,0.8,0.841,-0.004,-0.4734,185.01,14.938
168108.SZ,20180207,0.886,0.861,0.888,0.861,0.888,0.002,0.2257,20.0,1.762
168301.SZ,20180207,0.881,0.882,0.882,0.872,0.878,-0.003,-0.3405,2147.92,188.427
168401.SZ,20180207,0.945,0.953,0.953,0.953,0.953,0.008,0.8466,1.0,0.095
169101.SZ,20180207,1.506,1.522,1.527,1.478,1.48,-0.026,-1.7264,175818.81,26440.726
169102.SZ,20180207,1.464,1.485,1.491,1.445,1.456,-0.008,-0.5464,3938.0,578.606
169103.SZ,20180207,1.569,1.499,1.599,1.499,1.567,-0.002,-0.1275,1668.21,262.925
169104.SZ,20180207,1.46,1.489,1.489,1.361,1.444,-0.016,-1.0959,3098.0,450.529
169105.SZ,20180207,1.55,1.557,1.597,1.5,1.52,-0.03,-1.9355,77987.0,12096.67
169201.SZ,20180207,0.939,0.915,0.939,0.915,0.939,0.0,0.0,4.0,0.369
184801.SZ,20180207,89.44,89.287,89.288,88.35,88.855,-0.585,-0.6541,40.0,354.365
501000.SH,20180207,1.256,1.216,1.217,1.216,1.217,-0.039,-3.1051,2.0,0.243
501001.SH,20180207,1.197,1.178,1.192,1.151,1.152,-0.045,-3.7594,1799.0,209.811
501002.SH,20180207,0.849,0.846,0.846,0.835,0.841,-0.008,-0.9423,194.0,16.319
501005.SH,20180207,0.87,0.862,0.89,0.862,0.871,0.001,0.1149,3391.54,293.878
501007.SH,20180207,0.852,0.856,0.856,0.856,0.856,0.004,0.4695,1.0,0.086
501009.SH,20180207,1.01,1.01,1.043,1.01,1.03,0.02,1.9802,836.0,85.783
501010.SH,20180207,1.005,1.005,1.015,1.0,1.0,-0.005,-0.4975,588.0,59.203
501011.SH,20180207,1.0,0.977,1.044,0.969,0.969,-0.031,-3.1,117.0,11.551
501012.SH,20180207,0.959,0.959,0.978,0.946,0.946,-0.013,-1.3556,206.35,19.712
501015.SH,20180207,0.925,0.932,0.932,0.9,0.9,-0.025,-2.7027,27953.04,2563.297
501016.SH,20180207,0.988,1.001,1.048,0.999,0.999,0.011,1.1134,2211.04,223.984
501017.SH,20180207,0.909,0.909,0.914,0.909,0.914,0.005,0.5501,82.54,7.503
501018.SH,20180207,1.023,1.025,1.051,1.025,1.034,0.011,1.0753,8696.29,907.303
501019.SH,20180207,0.689,0.726,0.726,0.688,0.699,0.01,1.4514,2809.83,195.278
501020.SH,20180207,1.073,1.079,1.079,1.055,1.055,-0.018,-1.6775,67.0,7.195
501021.SH,20180207,1.389,1.413,1.428,1.363,1.37,-0.019,-1.3679,44948.0,6295.745
501022.SH,20180207,0.797,0.84,0.84,0.766,0.81,0.013,1.6311,269.0,21.332
501023.SH,20180207,1.128,1.128,1.14,1.11,1.11,-0.018,-1.5957,481.0,54.517
501025.SH,20180207,1.171,1.173,1.198,1.134,1.164,-0.007,-0.5978,4288.0,492.71
501026.SH,20180207,0.839,0.842,0.842,0.828,0.839,0.0,0.0,157810.7,13147.63
501027.SH,20180207,1.001,1.008,1.009,1.008,1.009,0.008,0.7992,355.0,35.819
501028.SH,20180207,0.88,0.91,0.91,0.85,0.874,-0.006,-0.6818,4213.55,363.989
501029.SH,20180207,1.119,1.136,1.152,1.11,1.118,-0.001,-0.0894,134022.34,15088.576
501030.SH,20180207,0.779,0.765,0.79,0.765,0.773,-0.006,-0.7702,1424.0,109.84
501031.SH,20180207,0.78,0.77,0.77,0.754,0.754,-0.026,-3.3333,14.0,1.07
501032.SH,20180207,0.901,0.822,0.889,0.822,0.856,-0.045,-4.9945,9.0,0.757
501035.SH,20180207,0.994,1.0,1.0,0.981,0.981,-0.013,-1.3078,19904.0,1983.711
501037.SH,20180207,0.898,0.93,0.93,0.876,0.88,-0.018,-2.0045,287.0,26.279
501038.SH,20180207,1.072,1.085,1.102,1.05,1.058,-0.014,-1.306,93316.23,10056.268
501040.SH,20180207,0.987,0.991,1.002,0.987,1.002,0.015,1.5198,201.0,19.846
501043.SH,20180207,1.096,1.096,1.205,1.089,1.118,0.022,2.0073,443.0,48.776
501045.SH,20180207,1.057,1.06,1.078,1.04,1.042,-0.015,-1.4191,1129.02,120.239
501046.SH,20180207,0.889,0.89,0.89,0.884,0.885,-0.004,-0.4499,2254.64,199.681
501047.SH,20180207,0.98,0.994,0.994,0.946,0.946,-0.034,-3.4694,540.0,52.554
501048.SH,20180207,0.96,0.97,0.974,0.958,0.958,-0.002,-0.2083,897.02,86.632
501050.SH,20180207,1.264,1.281,1.304,1.239,1.244,-0.02,-1.5823,42287.53,5377.105
501051.SH,20180207,1.041,1.145,1.145,1.041,1.044,0.003,0.2882,9770.37,1024.566
501106.SH,20180207,1.001,1.001,1.001,0.996,0.996,-0.005,-0.4995,31.87,3.185
501300.SH,20180207,0.923,0.919,0.924,0.919,0.92,-0.003,-0.325,1054.0,97.057
501301.SH,20180207,1.208,1.246,1.26,1.199,1.199,-0.009,-0.745,4723.0,580.951
501302.SH,20180207,1.108,1.108,1.108,1.071,1.093,-0.015,-1.3538,37.0,4.005
501303.SH,20180207,0.97,1.042,1.042,1.026,1.026,0.056,5.7732,27.0,2.805
501305.SH,20180207,0.972,0.99,1.011,0.956,0.956,-0.016,-1.6461,4485.0,441.217
501306.SH,20180207,0.982,0.998,1.01,0.961,0.974,-0.008,-0.8147,1362.08,133.615
502000.SH,20180207,0.995,0.951,0.951,0.949,0.949,-0.046,-4.6231,21.0,1.995
502003.SH,20180207,0.797,0.779,0.787,0.765,0.77,-0.027,-3.3877,212.0,16.573
502004.SH,20180207,0.89,0.89,0.907,0.888,0.907,0.017,1.9101,63120.33,5686.24
502005.SH,20180207,0.656,0.645,0.675,0.593,0.597,-0.059,-8.9939,9725.26,601.813
502006.SH,20180207,1.107,1.107,1.114,1.088,1.098,-0.009,-0.813,2186.47,239.768
502007.SH,20180207,0.98,0.99,0.998,0.99,0.997,0.017,1.7347,250.0,24.934
502008.SH,20180207,1.268,1.171,1.267,1.171,1.225,-0.043,-3.3912,1562.58,184.915
502010.SH,20180207,1.066,1.1,1.1,1.036,1.081,0.015,1.4071,172.04,18.62
502011.SH,20180207,0.97,0.887,0.957,0.887,0.957,-0.013,-1.3402,51.0,4.531
502012.SH,20180207,1.281,1.254,1.28,1.21,1.235,-0.046,-3.5909,3045.65,374.396
502013.SH,20180207,0.855,0.874,0.874,0.84,0.853,-0.002,-0.2339,6477.66,554.595
502014.SH,20180207,0.904,0.918,0.918,0.901,0.905,0.001,0.1106,1750.59,158.827
502015.SH,20180207,0.795,0.795,0.811,0.79,0.79,-0.005,-0.6289,3789.0,302.848
502016.SH,20180207,1.013,1.03,1.03,1.013,1.013,0.0,0.0,202.0,20.466
502020.SH,20180207,1.099,1.08,1.081,1.065,1.065,-0.034,-3.0937,105.0,11.313
502021.SH,20180207,0.94,0.978,0.978,0.978,0.978,0.038,4.0426,1.0,0.098
502022.SH,20180207,1.182,1.182,1.201,1.182,1.201,0.019,1.6074,130.14,15.63
502023.SH,20180207,1.102,1.123,1.123,1.096,1.096,-0.006,-0.5445,16.0,1.761
502024.SH,20180207,1.029,1.027,1.027,1.027,1.027,-0.002,-0.1944,1.0,0.103
502025.SH,20180207,1.261,1.22,1.22,1.22,1.22,-0.041,-3.2514,1.3,0.159
502026.SH,20180207,0.745,0.734,0.74,0.715,0.736,-0.009,-1.2081,793.0,58.177
502028.SH,20180207,0.654,0.597,0.698,0.589,0.691,0.037,5.6575,16.0,0.969
502036.SH,20180207,0.921,0.897,0.977,0.897,0.945,0.024,2.6059,136.0,13.151
502042.SH,20180207,1.552,1.552,1.552,1.551,1.551,-0.001,-0.0644,75.0,11.634
502048.SH,20180207,1.012,1.016,1.03,0.984,0.987,-0.025,-2.4704,57946.6,5778.882
502049.SH,20180207,0.859,0.859,0.874,0.857,0.87,0.011,1.2806,193415.09,16698.688
502050.SH,20180207,1.163,1.186,1.203,1.101,1.103,-0.06,-5.1591,159973.01,18328.897
502053.SH,20180207,0.913,0.914,0.922,0.914,0.922,0.009,0.9858,312.65,28.7
502054.SH,20180207,0.988,0.986,0.988,0.986,0.987,-0.001,-0.1012,1862.0,183.843
502055.SH,20180207,0.854,0.86,0.887,0.794,0.821,-0.033,-3.8642,4068.0,350.185
502056.SH,20180207,0.905,0.926,0.926,0.906,0.91,0.005,0.5525,72.06,6.562
502058.SH,20180207,0.9,0.88,0.9,0.86,0.88,-0.02,-2.2222,363.0,31.806
505888.SH,20180207,1.059,1.059,1.063,1.048,1.052,-0.007,-0.661,822931.64,86821.286
510010.SH,20180207,1.28,1.277,1.28,1.205,1.254,-0.026,-2.0313,2602.59,324.099
510020.SH,20180207,3.064,3.065,3.065,2.945,2.946,-0.118,-3.8512,590.14,179.322
510030.SH,20180207,5.677,5.688,5.851,5.56,5.759,0.082,1.4444,2340.0,1328.483
510050.SH,20180207,3.11,3.142,3.162,3.013,3.023,-0.087,-2.7974,13889274.08,4266528.853
510060.SH,20180207,2.09,2.12,2.122,2.024,2.036,-0.054,-2.5837,12454.92,2592.595
510070.SH,20180207,1.799,1.815,1.818,1.77,1.77,-0.029,-1.612,443.0,79.298
510090.SH,20180207,1.827,1.735,1.823,1.733,1.823,-0.004,-0.2189,34.0,5.903
510110.SH,20180207,4.01,4.025,4.025,3.972,3.972,-0.038,-0.9476,86.0,34.367
510120.SH,20180207,2.99,2.98,3.195,2.98,3.195,0.205,6.8562,20.0,5.982
510130.SH,20180207,3.995,3.995,3.995,3.94,3.94,-0.055,-1.3767,340.0,135.338
510150.SH,20180207,4.91,5.12,5.12,4.924,4.94,0.03,0.611,227.0,113.056
510160.SH,20180207,0.644,0.644,0.657,0.635,0.636,-0.008,-1.2422,7580.0,485.447
510170.SH,20180207,2.098,2.098,2.119,2.073,2.073,-0.025,-1.1916,228.0,47.631
510180.SH,20180207,3.626,3.666,3.692,3.552,3.56,-0.066,-1.8202,150586.73,54502.522
510190.SH,20180207,3.751,3.802,3.808,3.682,3.689,-0.062,-1.6529,424.0,158.491
510210.SH,20180207,4.087,4.087,4.088,3.885,3.891,-0.196,-4.7957,681.0,269.473
510220.SH,20180207,4.049,4.05,4.05,3.921,4.027,-0.022,-0.5433,209.0,83.379
510230.SH,20180207,6.952,6.98,7.1,6.732,6.781,-0.171,-2.4597,18392.0,12650.964
510260.SH,20180207,1.153,1.15,1.18,1.127,1.175,0.022,1.9081,1206.0,137.143
510270.SH,20180207,1.285,1.285,1.285,1.202,1.285,0.0,0.0,1434.68,181.808
510280.SH,20180207,1.888,1.888,1.918,1.86,1.916,0.028,1.4831,631.0,119.277
510290.SH,20180207,1.476,1.478,1.505,1.455,1.472,-0.004,-0.271,1200.0,177.248
510300.SH,20180207,4.143,4.2,4.209,4.039,4.045,-0.098,-2.3654,3395178.12,1400842.66
510310.SH,20180207,1.759,1.776,1.788,1.722,1.724,-0.035,-1.9898,72817.0,12742.305
510330.SH,20180207,4.492,4.539,4.571,4.375,4.39,-0.102,-2.2707,51885.0,23346.411
510360.SH,20180207,1.3,1.305,1.32,1.268,1.27,-0.03,-2.3077,138762.0,17921.958
510380.SH,20180207,1.001,1.0,1.001,0.999,0.999,-0.002,-0.1998,694212.4,69403.844
510390.SH,20180207,4.139,4.17,4.201,4.049,4.058,-0.081,-1.957,23593.75,9808.71
510410.SH,20180207,0.841,0.84,0.848,0.825,0.83,-0.011,-1.308,5877.91,492.696
510420.SH,20180207,1.525,1.537,1.537,1.537,1.537,0.012,0.7869,1.0,0.154
510430.SH,20180207,1.63,1.63,1.649,1.614,1.614,-0.016,-0.9816,208.0,34.09
510440.SH,20180207,1.778,1.939,1.939,1.744,1.751,-0.027,-1.5186,176.0,30.904
510500.SH,20180207,6.007,6.104,6.139,5.922,6.014,0.007,0.1165,735215.59,443705.249
510510.SH,20180207,1.585,1.596,1.63,1.566,1.589,0.004,0.2524,147668.0,23677.279
510520.SH,20180207,1.528,1.513,1.513,1.512,1.512,-0.016,-1.0471,80.0,12.098
510560.SH,20180207,1.239,1.23,1.23,1.193,1.195,-0.044,-3.5513,106.41,12.836
510580.SH,20180207,5.703,5.705,5.85,5.7,5.78,0.077,1.3502,332.0,192.234
510630.SH,20180207,2.259,2.277,2.297,2.217,2.219,-0.04,-1.7707,3119.0,705.213
510650.SH,20180207,2.059,2.04,2.09,1.977,1.988,-0.071,-3.4483,2665.0,544.425
510660.SH,20180207,1.747,1.76,1.78,1.712,1.745,-0.002,-0.1145,5901.0,1024.777
510680.SH,20180207,2.597,2.622,2.622,2.467,2.608,0.011,0.4236,31.0,7.834
510710.SH,20180207,3.283,3.32,3.338,3.19,3.204,-0.079,-2.4063,19878.58,6481.918
510800.SH,20180207,1.04,1.05,1.057,1.011,1.012,-0.028,-2.6923,74876.0,7720.511
510810.SH,20180207,0.974,0.977,0.985,0.959,0.977,0.003,0.308,75736.0,7394.187
510880.SH,20180207,3.215,3.25,3.272,3.146,3.152,-0.063,-1.9596,127183.0,40722.697
510900.SH,20180207,1.32,1.349,1.358,1.277,1.284,-0.036,-2.7273,17223957.6,2279803.349
511010.SH,20180207,109.982,109.921,110.062,109.919,110.047,0.065,0.0591,6800.69,74809.131
511220.SH,20180207,93.16,93.44,93.46,93.371,93.391,0.231,0.248,121.0,1130.18
511260.SH,20180207,98.001,98.103,98.249,98.1,98.201,0.2,0.2041,341.0,3348.293
511600.SH,20180207,100.0,99.997,99.998,99.994,99.996,-0.004,-0.004,5725.23,57249.958
511620.SH,20180207,99.979,99.981,99.998,99.981,99.998,0.019,0.019,3.0,29.998
511650.SH,20180207,99.999,99.998,100.002,99.993,99.997,-0.002,-0.002,14255.93,142556.596
511660.SH,20180207,100.012,100.002,100.006,99.998,100.005,-0.007,-0.007,181112.8,1811158.733
511670.SH,20180207,99.997,99.997,100.003,99.997,100.0,0.003,0.003,6667.42,66674.699
511680.SH,20180207,99.989,99.99,99.99,99.99,99.99,0.001,0.001,4.01,40.096
511690.SH,20180207,100.016,100.006,100.008,99.999,100.007,-0.009,-0.009,47627.32,476289.444
511700.SH,20180207,100.001,99.995,99.999,99.994,99.995,-0.006,-0.006,5962.99,59627.717
511770.SH,20180207,100.0,100.0,100.001,99.992,99.994,-0.006,-0.006,691.55,6915.175
511800.SH,20180207,99.998,99.992,100.002,99.992,100.0,0.002,0.002,1847.43,18473.614
511810.SH,20180207,100.007,100.003,100.005,99.995,99.996,-0.011,-0.011,128319.79,1283176.208
511820.SH,20180207,100.001,100.0,100.0,99.992,99.998,-0.003,-0.003,41496.12,414947.767
511830.SH,20180207,99.999,99.992,100.999,99.992,99.996,-0.003,-0.003,6803.12,68052.026
511850.SH,20180207,100.011,100.008,100.018,100.006,100.015,0.004,0.004,8344.74,83456.305
511860.SH,20180207,99.998,99.993,100.0,99.993,99.997,-0.001,-0.001,2267.93,22678.449
511880.SH,20180207,100.591,100.58,100.59,100.556,100.561,-0.03,-0.0298,671890.55,6757480.223
511900.SH,20180207,100.014,100.01,100.011,100.005,100.009,-0.005,-0.005,14611.18,146123.383
511910.SH,20180207,99.998,99.997,99.998,99.993,99.995,-0.003,-0.003,1379.23,13791.605
511920.SH,20180207,99.922,100.0,100.0,100.0,100.0,0.078,0.0781,7.09,70.9
511930.SH,20180207,99.988,99.99,99.996,99.99,99.996,0.008,0.008,23.86,238.584
511950.SH,20180207,99.99,99.99,99.99,99.99,99.99,0.0,0.0,2.0,19.998
511960.SH,20180207,99.997,99.995,99.997,99.993,99.995,-0.002,-0.002,244.53,2445.171
511970.SH,20180207,99.997,99.995,99.996,99.995,99.995,-0.002,-0.002,380.46,3804.438
511980.SH,20180207,100.006,99.994,100.006,99.994,99.998,-0.008,-0.008,875.75,8757.298
511990.SH,20180207,100.036,100.049,100.049,100.005,100.024,-0.012,-0.012,702169.21,7022784.62
512000.SH,20180207,0.919,0.931,0.94,0.905,0.905,-0.014,-1.5234,218725.0,20130.914
512010.SH,20180207,1.589,1.593,1.62,1.57,1.582,-0.007,-0.4405,2475.0,392.906
512070.SH,20180207,2.107,2.132,2.139,2.061,2.067,-0.04,-1.8984,7544.0,1592.005
512100.SH,20180207,0.723,0.727,0.742,0.711,0.723,0.0,0.0,31889.0,2322.756
512120.SH,20180207,1.48,1.492,1.509,1.456,1.468,-0.012,-0.8108,15144.0,2249.287
512200.SH,20180207,1.03,1.056,1.056,0.973,0.983,-0.047,-4.5631,66160.0,6696.677
512210.SH,20180207,2.126,2.19,2.2,2.06,2.069,-0.057,-2.6811,461.0,96.954
512220.SH,20180207,1.306,1.32,1.32,1.267,1.3,-0.006,-0.4594,277.13,35.817
512230.SH,20180207,1.35,1.368,1.368,1.364,1.364,0.014,1.037,47.0,6.416
512300.SH,20180207,1.127,1.128,1.144,1.128,1.139,0.012,1.0648,9004.0,1025.092
512310.SH,20180207,0.57,0.571,0.577,0.567,0.57,0.0,0.0,2501.0,142.799
512330.SH,20180207,0.694,0.695,0.71,0.682,0.704,0.01,1.4409,8383.0,579.912
512340.SH,20180207,0.936,0.937,0.961,0.926,0.928,-0.008,-0.8547,3957.0,374.831
512400.SH,20180207,0.89,0.9,0.913,0.882,0.89,0.0,0.0,63974.0,5761.564
512500.SH,20180207,2.82,2.899,2.899,2.796,2.84,0.02,0.7092,18102.54,5126.927
512510.SH,20180207,1.185,1.187,1.212,1.17,1.188,0.003,0.2532,15943.31,1900.759
512550.SH,20180207,1.2,1.208,1.222,1.159,1.161,-0.039,-3.25,54262.0,6429.333
512560.SH,20180207,0.802,0.82,0.83,0.8,0.805,0.003,0.3741,4008.0,324.698
512570.SH,20180207,0.935,0.935,0.95,0.926,0.935,0.0,0.0,1590.0,148.039
512580.SH,20180207,0.865,0.879,0.883,0.852,0.869,0.004,0.4624,93107.0,8089.304
512600.SH,20180207,2.35,2.367,2.413,2.268,2.37,0.02,0.8511,358.0,84.555
512610.SH,20180207,1.454,1.456,1.466,1.43,1.45,-0.004,-0.2751,399.0,57.554
512640.SH,20180207,2.092,2.129,2.129,2.024,2.024,-0.068,-3.2505,1997.0,409.433
512660.SH,20180207,0.718,0.731,0.734,0.701,0.716,-0.002,-0.2786,229725.0,16476.203
512680.SH,20180207,0.705,0.708,0.723,0.688,0.705,0.0,0.0,57754.0,4088.939
512700.SH,20180207,1.193,1.195,1.224,1.15,1.157,-0.036,-3.0176,71390.0,8545.276
512800.SH,20180207,1.166,1.179,1.196,1.126,1.132,-0.034,-2.916,605332.4,70373.988
512810.SH,20180207,0.694,0.703,0.715,0.678,0.693,-0.001,-0.1441,22751.0,1569.508
512880.SH,20180207,0.967,0.984,0.99,0.954,0.956,-0.011,-1.1375,903471.88,87690.823
512900.SH,20180207,0.927,0.941,0.95,0.914,0.916,-0.011,-1.1866,90720.0,8409.701
512980.SH,20180207,0.943,0.958,0.965,0.931,0.95,0.007,0.7423,119618.0,11351.763
512990.SH,20180207,1.179,1.199,1.2,1.158,1.16,-0.019,-1.6115,51164.0,6029.324
513030.SH,20180207,1.081,1.105,1.111,1.095,1.095,0.014,1.2951,32230.1,3549.071
513050.SH,20180207,1.445,1.484,1.498,1.452,1.458,0.013,0.8997,530019.47,78136.52
513100.SH,20180207,2.095,2.16,2.19,2.158,2.164,0.069,3.2936,88650.0,19272.738
513500.SH,20180207,1.518,1.551,1.56,1.54,1.543,0.025,1.6469,38325.0,5944.589
513600.SH,20180207,2.565,2.604,2.629,2.519,2.532,-0.033,-1.2865,6138.07,1583.754
513660.SH,20180207,2.551,2.596,2.599,2.5,2.517,-0.034,-1.3328,8205.0,2098.676
518800.SH,20180207,2.704,2.671,2.671,2.664,2.669,-0.035,-1.2944,271984.0,72512.697
518880.SH,20180207,2.726,2.686,2.689,2.683,2.689,-0.037,-1.3573,2915508.02,783049.101
