ts_code,trade_date,pre_close,open,high,low,close,change,pct_chg,vol,amount
501000.SH,20180830,1.001,1.002,1.002,1.0,1.0,-0.001,-0.0999,15.0,1.501
501001.SH,20180830,1.048,1.04,1.043,1.036,1.036,-0.012,-1.145,1070.0,111.481
501002.SH,20180830,0.629,0.623,0.623,0.623,0.623,-0.006,-0.9539,1.0,0.062
501005.SH,20180830,0.854,0.852,0.854,0.838,0.838,-0.016,-1.8735,1799.0,152.25
501007.SH,20180830,0.91,0.906,0.927,0.899,0.927,0.017,1.8681,28.0,2.538
501008.SH,20180830,0.939,0.894,0.894,0.894,0.894,-0.045,-4.7923,3.0,0.268
501009.SH,20180830,1.126,1.09,1.091,1.086,1.086,-0.04,-3.5524,100.0,10.89
501010.SH,20180830,1.105,1.108,1.111,1.081,1.081,-0.024,-2.1719,44.0,4.822
501011.SH,20180830,0.899,0.902,0.902,0.899,0.899,0.0,0.0,28.0,2.522
501015.SH,20180830,0.836,0.836,0.836,0.826,0.828,-0.008,-0.9569,47381.43,3925.679
501016.SH,20180830,0.743,0.743,0.743,0.732,0.732,-0.011,-1.4805,301.0,22.09
501017.SH,20180830,0.816,0.825,0.825,0.809,0.812,-0.004,-0.4902,202.04,16.352
501018.SH,20180830,1.25,1.264,1.286,1.264,1.279,0.029,2.32,30430.43,3886.713
501019.SH,20180830,0.686,0.683,0.683,0.676,0.679,-0.007,-1.0204,890.0,60.312
501021.SH,20180830,1.4,1.395,1.4,1.389,1.392,-0.008,-0.5714,1218.0,170.306
501022.SH,20180830,0.767,0.766,0.767,0.762,0.765,-0.002,-0.2608,64993.35,4966.195
501025.SH,20180830,1.092,1.107,1.117,1.107,1.111,0.019,1.7399,30.0,3.343
501026.SH,20180830,0.762,0.757,0.757,0.755,0.755,-0.007,-0.9186,109.91,8.3
501027.SH,20180830,0.992,0.993,0.995,0.993,0.994,0.002,0.2016,16033.42,1593.692
501028.SH,20180830,0.731,0.748,0.748,0.718,0.739,0.008,1.0944,602.0,43.229
501029.SH,20180830,0.918,0.919,0.92,0.91,0.913,-0.005,-0.5447,54320.64,4968.233
501030.SH,20180830,0.605,0.6,0.614,0.6,0.614,0.009,1.4876,501.0,30.061
501031.SH,20180830,0.615,0.609,0.609,0.591,0.591,-0.024,-3.9024,68.0,4.051
501036.SH,20180830,0.79,0.776,0.776,0.776,0.776,-0.014,-1.7722,3.0,0.233
501037.SH,20180830,0.787,0.772,0.798,0.763,0.788,0.001,0.1271,411.0,31.731
501038.SH,20180830,0.954,0.954,0.954,0.949,0.952,-0.002,-0.2096,2453.0,233.059
501040.SH,20180830,0.975,0.975,0.975,0.974,0.974,-0.001,-0.1026,450.0,43.85
501043.SH,20180830,0.903,0.916,0.916,0.897,0.897,-0.006,-0.6645,121.0,10.921
501045.SH,20180830,0.903,0.9,0.9,0.9,0.9,-0.003,-0.3322,50.0,4.5
501046.SH,20180830,0.823,0.816,0.816,0.814,0.814,-0.009,-1.0936,2472.96,201.4
501047.SH,20180830,0.733,0.726,0.726,0.72,0.72,-0.013,-1.7735,33.0,2.395
501048.SH,20180830,0.733,0.794,0.794,0.726,0.748,0.015,2.0464,42.0,3.06
501049.SH,20180830,0.939,0.932,0.941,0.932,0.933,-0.006,-0.639,3575.43,333.911
501050.SH,20180830,1.132,1.132,1.138,1.127,1.129,-0.003,-0.265,8117.65,918.32
501051.SH,20180830,0.874,0.872,0.873,0.852,0.873,-0.001,-0.1144,1204.87,104.984
501053.SH,20180830,0.979,0.93,0.98,0.93,0.98,0.001,0.1021,40.0,3.725
501057.SH,20180830,0.867,0.856,0.885,0.856,0.882,0.015,1.7301,1044.0,92.282
501058.SH,20180830,0.862,0.862,0.862,0.862,0.862,0.0,0.0,203.06,17.504
501300.SH,20180830,0.98,0.98,0.986,0.977,0.984,0.004,0.4082,10719.62,1051.511
501301.SH,20180830,1.174,1.199,1.199,1.162,1.17,-0.004,-0.3407,488.0,56.832
501302.SH,20180830,1.03,1.051,1.097,1.051,1.089,0.059,5.7282,157.0,16.509
501306.SH,20180830,0.953,0.943,0.943,0.943,0.943,-0.01,-1.0493,20.0,1.886
502002.SH,20180830,0.666,0.601,0.601,0.601,0.601,-0.065,-9.7598,1.79,0.108
502003.SH,20180830,0.713,0.715,0.728,0.706,0.706,-0.007,-0.9818,15918.9,1142.53
502004.SH,20180830,0.945,0.946,0.946,0.944,0.946,0.001,0.1058,15719.0,1485.765
502005.SH,20180830,0.478,0.485,0.517,0.462,0.478,0.0,0.0,15362.81,771.44
502006.SH,20180830,0.919,0.919,0.919,0.905,0.912,-0.007,-0.7617,989.07,90.086
502008.SH,20180830,0.893,0.885,0.886,0.88,0.88,-0.013,-1.4558,330.0,29.205
502010.SH,20180830,0.794,0.793,0.793,0.788,0.788,-0.006,-0.7557,29.11,2.305
502012.SH,20180830,0.66,0.639,0.656,0.639,0.653,-0.007,-1.0606,456.0,29.726
502013.SH,20180830,0.698,0.698,0.7,0.687,0.691,-0.007,-1.0029,5481.5,381.449
502014.SH,20180830,0.986,0.987,0.987,0.986,0.987,0.001,0.1014,4529.54,447.039
502015.SH,20180830,0.413,0.413,0.413,0.399,0.399,-0.014,-3.3898,3101.45,125.442
502020.SH,20180830,0.881,0.966,0.966,0.891,0.933,0.052,5.9024,16.0,1.462
502023.SH,20180830,0.911,0.906,0.906,0.888,0.888,-0.023,-2.5247,204.56,18.297
502024.SH,20180830,0.976,0.976,0.976,0.976,0.976,0.0,0.0,800.0,78.08
502036.SH,20180830,0.782,0.782,0.782,0.772,0.772,-0.01,-1.2788,10.04,0.785
502048.SH,20180830,0.841,0.841,0.844,0.834,0.835,-0.006,-0.7134,5084.51,426.554
502049.SH,20180830,0.955,0.956,0.956,0.955,0.956,0.001,0.1047,34583.5,3303.89
502050.SH,20180830,0.728,0.726,0.737,0.714,0.716,-0.012,-1.6484,25035.77,1811.008
502053.SH,20180830,0.665,0.666,0.666,0.659,0.662,-0.003,-0.4511,1571.0,103.75
502054.SH,20180830,0.997,0.997,0.999,0.997,0.999,0.002,0.2006,17251.0,1721.464
502055.SH,20180830,0.339,0.332,0.332,0.323,0.329,-0.01,-2.9499,2910.0,95.382
502056.SH,20180830,1.017,1.003,1.103,0.998,1.001,-0.016,-1.5733,146.0,14.639
505888.SH,20180830,0.964,0.964,0.964,0.958,0.96,-0.004,-0.4149,141326.0,13573.384
510010.SH,20180830,1.038,1.041,1.041,1.037,1.038,0.0,0.0,13.0,1.349
510020.SH,20180830,2.523,2.518,2.53,2.502,2.526,0.003,0.1189,402.0,101.697
510030.SH,20180830,4.634,4.6,4.6,4.528,4.568,-0.066,-1.4243,231.0,106.137
510050.SH,20180830,2.553,2.556,2.57,2.528,2.533,-0.02,-0.7834,3425790.06,872319.226
510060.SH,20180830,1.704,1.71,1.713,1.687,1.688,-0.016,-0.939,3269.96,555.011
510090.SH,20180830,1.511,1.479,1.49,1.473,1.49,-0.021,-1.3898,67.0,9.92
510110.SH,20180830,3.155,3.155,3.155,3.155,3.155,0.0,0.0,41.79,13.185
510120.SH,20180830,2.721,2.73,2.73,2.73,2.73,0.009,0.3308,1.0,0.273
510150.SH,20180830,4.571,4.57,4.681,4.517,4.681,0.11,2.4065,600.0,274.055
510160.SH,20180830,0.528,0.529,0.529,0.522,0.524,-0.004,-0.7576,5023.0,263.178
510180.SH,20180830,3.034,3.034,3.049,3.005,3.007,-0.027,-0.8899,151220.0,45826.592
510190.SH,20180830,3.06,3.06,3.092,3.051,3.092,0.032,1.0458,12.0,3.672
510210.SH,20180830,3.347,3.347,3.395,3.296,3.296,-0.051,-1.5238,501.0,169.744
510220.SH,20180830,3.749,3.728,3.728,3.7,3.7,-0.049,-1.307,74.0,27.386
510230.SH,20180830,5.536,5.542,5.565,5.486,5.492,-0.044,-0.7948,68200.0,37613.51
510260.SH,20180830,1.062,1.05,1.063,1.04,1.043,-0.019,-1.7891,174.0,18.191
510270.SH,20180830,1.016,1.0,1.0,1.0,1.0,-0.016,-1.5748,1.0,0.1
510280.SH,20180830,1.635,1.61,1.633,1.61,1.618,-0.017,-1.0398,137.0,22.064
510290.SH,20180830,1.333,1.325,1.325,1.314,1.314,-0.019,-1.4254,112.0,14.748
510300.SH,20180830,3.45,3.45,3.468,3.41,3.416,-0.034,-0.9855,1629236.99,559016.733
510310.SH,20180830,1.465,1.465,1.47,1.45,1.455,-0.01,-0.6826,174582.63,25411.18
510330.SH,20180830,3.731,3.735,3.743,3.688,3.695,-0.036,-0.9649,329860.0,123017.913
510360.SH,20180830,1.086,1.086,1.089,1.073,1.074,-0.012,-1.105,141504.0,15280.126
510380.SH,20180830,0.868,0.915,0.915,0.915,0.915,0.047,5.4147,1.0,0.092
510390.SH,20180830,3.437,3.442,3.457,3.404,3.408,-0.029,-0.8438,49711.8,16982.119
510410.SH,20180830,0.649,0.64,0.651,0.636,0.646,-0.003,-0.4622,719.0,46.086
510420.SH,20180830,1.229,1.227,1.227,1.227,1.227,-0.002,-0.1627,26.0,3.19
510430.SH,20180830,1.31,1.309,1.309,1.309,1.309,-0.001,-0.0763,5.0,0.655
510440.SH,20180830,1.438,1.438,1.438,1.438,1.438,0.0,0.0,2.0,0.288
510500.SH,20180830,5.259,5.254,5.26,5.171,5.18,-0.079,-1.5022,946639.47,492243.067
510510.SH,20180830,1.389,1.389,1.392,1.365,1.37,-0.019,-1.3679,117737.0,16224.618
510520.SH,20180830,1.305,1.282,1.305,1.281,1.281,-0.024,-1.8391,55.0,7.063
510560.SH,20180830,1.065,1.058,1.058,1.048,1.048,-0.017,-1.5962,600.0,63.18
510580.SH,20180830,5.15,5.489,5.489,5.092,5.121,-0.029,-0.5631,78.0,39.85
510590.SH,20180830,5.027,5.02,5.02,4.955,4.956,-0.071,-1.4124,20283.53,10073.803
510630.SH,20180830,2.156,2.169,2.17,2.135,2.141,-0.015,-0.6957,3450.0,738.994
510650.SH,20180830,1.626,1.632,1.632,1.614,1.614,-0.012,-0.738,112.0,18.27
510660.SH,20180830,1.862,1.862,1.862,1.83,1.832,-0.03,-1.6112,2378.0,437.702
510680.SH,20180830,2.139,2.188,2.212,2.093,2.165,0.026,1.2155,11.0,2.37
510710.SH,20180830,2.714,2.739,2.739,2.69,2.692,-0.022,-0.8106,5563.0,1505.312
510800.SH,20180830,0.877,0.876,0.882,0.87,0.877,0.0,0.0,12990.0,1136.644
510810.SH,20180830,0.816,0.815,0.819,0.812,0.816,0.0,0.0,23604.0,1928.192
510880.SH,20180830,2.704,2.695,2.709,2.68,2.686,-0.018,-0.6657,76049.01,20445.317
510900.SH,20180830,1.191,1.194,1.198,1.183,1.184,-0.007,-0.5877,11216587.03,1334793.384
511010.SH,20180830,113.29,113.29,113.429,113.202,113.281,-0.009,-0.0079,6900.27,78174.81
511220.SH,20180830,93.678,93.6,93.8,93.6,93.8,0.122,0.1302,175.0,1640.456
511260.SH,20180830,102.333,102.48,102.496,102.3,102.496,0.163,0.1593,1036.1,10607.51
511310.SH,20180830,102.58,102.221,102.221,102.221,102.221,-0.359,-0.35,1.0,10.222
511600.SH,20180830,99.996,99.995,100.0,99.995,99.999,0.003,0.003,3344.87,33447.587
511620.SH,20180830,99.961,99.962,99.988,99.962,99.969,0.008,0.008,9.11,91.076
511650.SH,20180830,99.997,99.997,100.006,99.996,100.006,0.009,0.009,5166.64,51667.232
511660.SH,20180830,100.015,100.015,100.025,100.012,100.02,0.005,0.005,89840.91,898549.331
511670.SH,20180830,99.996,99.995,100.002,99.995,99.999,0.003,0.003,2912.25,29122.657
511690.SH,20180830,99.996,99.996,100.001,99.995,100.0,0.004,0.004,44086.73,440859.194
511700.SH,20180830,99.996,99.994,99.997,99.994,99.997,0.001,0.001,2257.28,22571.73
511770.SH,20180830,100.002,100.018,100.018,100.0,100.007,0.005,0.005,64.01,640.121
511800.SH,20180830,99.997,99.994,99.996,99.993,99.996,-0.001,-0.001,541.91,5418.783
511810.SH,20180830,100.005,100.001,100.01,100.001,100.007,0.002,0.002,57489.62,574921.802
511820.SH,20180830,100.001,99.996,100.002,99.995,100.001,0.0,0.0,28097.59,280969.723
511830.SH,20180830,99.996,99.993,99.997,99.987,99.997,0.001,0.001,988.06,9880.089
511850.SH,20180830,100.021,100.016,100.025,100.016,100.021,0.0,0.0,21556.92,215613.836
511860.SH,20180830,99.995,99.993,99.999,99.993,99.993,-0.002,-0.002,647.12,6470.902
511880.SH,20180830,102.7,102.703,102.723,102.703,102.719,0.019,0.0185,803650.95,8254435.941
511900.SH,20180830,100.03,100.016,100.04,100.016,100.032,0.002,0.002,8739.4,87419.622
511910.SH,20180830,99.99,99.991,99.995,99.983,99.994,0.004,0.004,196.33,1963.079
511920.SH,20180830,100.028,100.0,100.01,99.999,100.0,-0.028,-0.028,68.1,681.054
511930.SH,20180830,100.0,99.986,99.986,99.986,99.986,-0.014,-0.014,1.0,9.999
511950.SH,20180830,100.0,99.99,100.17,99.986,99.986,-0.014,-0.014,4.0,40.014
511970.SH,20180830,100.174,100.012,100.162,99.999,100.012,-0.162,-0.1617,43.39,433.983
511980.SH,20180830,99.993,99.992,99.997,99.99,99.995,0.002,0.002,325.57,3255.464
511990.SH,20180830,100.01,100.007,100.016,100.006,100.015,0.005,0.005,752909.76,7529815.094
512000.SH,20180830,0.69,0.69,0.692,0.681,0.682,-0.008,-1.1594,222531.0,15281.554
512010.SH,20180830,1.759,1.751,1.766,1.731,1.74,-0.019,-1.0802,42559.0,7423.107
512070.SH,20180830,1.689,1.715,1.715,1.679,1.68,-0.009,-0.5329,2748.0,465.237
512090.SH,20180830,0.916,0.916,0.92,0.904,0.908,-0.008,-0.8734,1163214.0,106118.449
512100.SH,20180830,0.622,0.621,0.621,0.61,0.612,-0.01,-1.6077,5904.0,362.761
512120.SH,20180830,1.543,1.545,1.545,1.521,1.524,-0.019,-1.2314,395.0,60.265
512160.SH,20180830,0.919,0.921,0.921,0.908,0.911,-0.008,-0.8705,164901.0,15063.604
512180.SH,20180830,0.895,0.896,0.9,0.886,0.889,-0.006,-0.6704,1052430.0,94064.845
512200.SH,20180830,0.756,0.759,0.759,0.75,0.75,-0.006,-0.7937,3974.0,300.175
512220.SH,20180830,1.167,1.159,1.168,1.145,1.167,0.0,0.0,21.0,2.41
512280.SH,20180830,0.895,0.894,0.899,0.886,0.887,-0.008,-0.8939,127181.0,11348.849
512300.SH,20180830,1.081,1.078,1.086,1.063,1.086,0.005,0.4625,1334.0,143.127
512310.SH,20180830,0.46,0.46,0.46,0.453,0.453,-0.007,-1.5217,778.0,35.406
512330.SH,20180830,0.7,0.702,0.702,0.683,0.685,-0.015,-2.1429,30518.0,2101.774
512340.SH,20180830,0.775,0.772,0.772,0.762,0.762,-0.013,-1.6774,166.0,12.665
512360.SH,20180830,0.939,0.941,0.942,0.929,0.929,-0.01,-1.065,7702.0,720.04
512390.SH,20180830,0.902,0.906,0.906,0.897,0.897,-0.005,-0.5543,230.0,20.643
512400.SH,20180830,0.674,0.67,0.677,0.666,0.667,-0.007,-1.0386,9090.0,608.199
512500.SH,20180830,2.444,2.447,2.447,2.405,2.409,-0.035,-1.4321,108472.0,26334.665
512510.SH,20180830,1.044,1.044,1.045,1.027,1.028,-0.016,-1.5326,25301.0,2609.377
512520.SH,20180830,0.898,0.9,0.903,0.889,0.892,-0.006,-0.6682,69323.0,6205.428
512550.SH,20180830,0.984,0.984,0.985,0.973,0.973,-0.011,-1.1179,7646.0,747.695
512560.SH,20180830,0.751,0.75,0.75,0.748,0.75,-0.001,-0.1332,517.0,38.775
512570.SH,20180830,0.7,0.687,0.695,0.68,0.692,-0.008,-1.1429,1501.0,103.086
512580.SH,20180830,0.73,0.733,0.733,0.72,0.721,-0.009,-1.2329,74108.0,5365.233
512600.SH,20180830,2.114,2.08,2.081,2.08,2.081,-0.033,-1.561,25.0,5.202
512610.SH,20180830,1.504,1.507,1.507,1.495,1.495,-0.009,-0.5984,17.0,2.556
512640.SH,20180830,1.635,1.627,1.627,1.627,1.627,-0.008,-0.4893,2.0,0.325
512660.SH,20180830,0.701,0.7,0.703,0.686,0.689,-0.012,-1.7118,197641.0,13653.817
512680.SH,20180830,0.683,0.684,0.684,0.672,0.673,-0.01,-1.4641,40059.0,2707.9
512700.SH,20180830,0.966,0.972,0.972,0.957,0.958,-0.008,-0.8282,3133.0,302.21
512770.SH,20180830,1.018,1.009,1.02,1.001,1.003,-0.015,-1.4735,18447.13,1865.138
512780.SH,20180830,0.778,0.778,0.779,0.769,0.769,-0.009,-1.1568,4079.0,314.75
512800.SH,20180830,0.937,0.938,0.944,0.928,0.93,-0.007,-0.7471,349533.0,32759.866
512810.SH,20180830,0.661,0.64,0.661,0.64,0.65,-0.011,-1.6641,897.0,58.418
512880.SH,20180830,0.726,0.724,0.728,0.716,0.717,-0.009,-1.2397,622621.0,44913.366
512900.SH,20180830,0.697,0.697,0.697,0.687,0.688,-0.009,-1.2912,25009.0,1729.502
512980.SH,20180830,0.754,0.755,0.756,0.741,0.743,-0.011,-1.4589,35969.0,2679.183
512990.SH,20180830,0.99,0.991,0.994,0.979,0.981,-0.009,-0.9091,63011.6,6220.696
513030.SH,20180830,1.107,1.113,1.119,1.112,1.119,0.012,1.084,17537.0,1958.68
513050.SH,20180830,1.37,1.374,1.377,1.365,1.366,-0.004,-0.292,145468.0,19904.535
513100.SH,20180830,2.708,2.731,2.755,2.731,2.748,0.04,1.4771,254350.0,69819.463
513500.SH,20180830,1.842,1.844,1.851,1.844,1.85,0.008,0.4343,88162.0,16293.474
513600.SH,20180830,2.58,2.592,2.592,2.57,2.57,-0.01,-0.3876,1007.0,259.899
513660.SH,20180830,2.583,2.597,2.597,2.579,2.58,-0.003,-0.1161,2163.0,559.46
513900.SH,20180830,0.981,0.981,0.981,0.981,0.981,0.0,0.0,2000.0,196.2
518800.SH,20180830,2.622,2.624,2.629,2.624,2.625,0.003,0.1144,236507.0,62126.129
518880.SH,20180830,2.638,2.643,2.646,2.64,2.641,0.003,0.1137,2854224.0,754562.596
150012.SZ,20180830,1.059,1.057,1.057,1.057,1.057,-0.002,-0.1889,109.0,11.521
150013.SZ,20180830,1.3,1.245,1.258,1.24,1.241,-0.059,-4.5385,1046.3,130.456
150017.SZ,20180830,1.222,1.209,1.225,1.204,1.204,-0.018,-1.473,238.0,28.795
150018.SZ,20180830,0.957,0.957,0.958,0.956,0.957,0.0,0.0,99901.53,9566.538
150019.SZ,20180830,0.733,0.732,0.738,0.712,0.716,-0.017,-2.3192,445176.0,32206.956
150022.SZ,20180830,0.773,0.774,0.775,0.766,0.766,-0.007,-0.9056,83736.21,6445.88
150023.SZ,20180830,0.173,0.174,0.174,0.169,0.169,-0.004,-2.3121,420606.08,7178.218
150028.SZ,20180830,0.961,0.961,0.962,0.958,0.959,-0.002,-0.2081,1029.8,98.918
150029.SZ,20180830,1.049,1.064,1.065,1.038,1.04,-0.009,-0.858,174.92,18.443
150030.SZ,20180830,1.026,0.945,1.054,0.945,1.054,0.028,2.729,0.6,0.062
150031.SZ,20180830,0.755,0.765,0.765,0.765,0.765,0.01,1.3245,0.81,0.061
150048.SZ,20180830,0.879,0.846,0.88,0.845,0.88,0.001,0.1138,446.0,37.704
150049.SZ,20180830,0.952,0.953,0.956,0.952,0.956,0.004,0.4202,2427.82,231.714
150050.SZ,20180830,0.663,0.682,0.682,0.603,0.649,-0.014,-2.1116,3286.16,203.945
150051.SZ,20180830,0.965,0.965,0.965,0.962,0.962,-0.003,-0.3109,1307.0,125.883
150052.SZ,20180830,0.636,0.636,0.638,0.624,0.628,-0.008,-1.2579,9651.9,610.903
150066.SZ,20180830,0.939,0.939,0.939,0.845,0.845,-0.094,-10.0106,150.0,13.615
150093.SZ,20180830,0.643,0.644,0.644,0.644,0.644,0.001,0.1555,1.0,0.064
150100.SZ,20180830,0.97,0.968,0.968,0.968,0.968,-0.002,-0.2062,9.0,0.871
150101.SZ,20180830,1.045,1.041,1.059,1.04,1.059,0.014,1.3397,136.74,14.224
150106.SZ,20180830,1.066,1.066,1.066,1.065,1.066,0.0,0.0,2327.0,248.004
150107.SZ,20180830,0.707,0.718,0.718,0.689,0.699,-0.008,-1.1315,1260.0,87.949
150117.SZ,20180830,0.96,0.959,0.96,0.959,0.96,0.0,0.0,3382.0,324.457
150118.SZ,20180830,0.924,0.926,0.928,0.901,0.904,-0.02,-2.1645,23984.57,2195.849
150121.SZ,20180830,1.008,1.008,1.025,1.008,1.02,0.012,1.1905,1121.92,114.174
150122.SZ,20180830,1.158,1.216,1.216,1.044,1.044,-0.114,-9.8446,1200.84,133.243
150123.SZ,20180830,1.01,1.009,1.009,1.008,1.009,-0.001,-0.099,10553.0,1064.03
150124.SZ,20180830,0.664,0.663,0.663,0.65,0.65,-0.014,-2.1084,1747.0,114.688
150130.SZ,20180830,0.993,0.993,0.993,0.989,0.99,-0.003,-0.3021,11576.0,1146.557
150131.SZ,20180830,0.637,0.635,0.645,0.615,0.618,-0.019,-2.9827,349556.82,21955.5
150144.SZ,20180830,0.915,0.902,0.954,0.902,0.954,0.039,4.2623,2.09,0.193
150146.SZ,20180830,0.643,0.639,0.652,0.609,0.625,-0.018,-2.7994,131.0,8.088
150149.SZ,20180830,0.714,0.719,0.719,0.7,0.706,-0.008,-1.1204,489.0,34.481
150150.SZ,20180830,0.969,0.969,0.971,0.969,0.97,0.001,0.1032,5001.73,484.708
150152.SZ,20180830,0.944,0.943,0.944,0.942,0.943,-0.001,-0.1059,69800.0,6581.902
150153.SZ,20180830,1.03,1.033,1.035,1.002,1.004,-0.026,-2.5243,1144398.73,116247.025
150157.SZ,20180830,0.962,0.962,0.963,0.962,0.963,0.001,0.104,22199.46,2137.083
150158.SZ,20180830,0.824,0.825,0.825,0.81,0.812,-0.012,-1.4563,3015.0,245.725
150164.SZ,20180830,0.979,0.977,0.977,0.977,0.977,-0.002,-0.2043,2001.0,195.497
150165.SZ,20180830,0.958,0.948,0.948,0.948,0.948,-0.01,-1.0438,1.0,0.094
150167.SZ,20180830,0.983,0.955,0.983,0.955,0.983,0.0,0.0,871.0,84.581
150169.SZ,20180830,0.957,0.957,0.959,0.957,0.958,0.001,0.1045,19136.0,1832.3
150170.SZ,20180830,1.45,1.44,1.44,1.435,1.435,-0.015,-1.0345,107.0,15.394
150171.SZ,20180830,0.959,0.96,0.96,0.958,0.959,0.0,0.0,44667.02,4285.071
150172.SZ,20180830,0.481,0.48,0.484,0.464,0.466,-0.015,-3.1185,462385.83,21900.093
150174.SZ,20180830,0.987,0.978,0.978,0.977,0.977,-0.01,-1.0132,0.67,0.065
150175.SZ,20180830,0.962,0.963,0.964,0.963,0.963,0.001,0.104,53416.0,5144.216
150176.SZ,20180830,1.038,1.043,1.046,1.025,1.027,-0.011,-1.0597,20335.07,2109.318
150177.SZ,20180830,0.957,0.958,0.959,0.958,0.958,0.001,0.1045,8831.0,846.012
150178.SZ,20180830,1.01,1.034,1.035,1.001,1.001,-0.009,-0.8911,100.98,10.157
150180.SZ,20180830,1.051,1.04,1.04,1.0,1.006,-0.045,-4.2816,186.18,19.014
150181.SZ,20180830,0.98,0.979,0.981,0.979,0.98,0.0,0.0,207073.0,20297.425
150182.SZ,20180830,0.398,0.396,0.4,0.371,0.375,-0.023,-5.7789,1773117.99,67493.196
150184.SZ,20180830,0.982,0.98,0.98,0.978,0.98,-0.002,-0.2037,8318.0,815.036
150185.SZ,20180830,0.309,0.311,0.311,0.29,0.295,-0.014,-4.5307,36305.88,1088.155
150186.SZ,20180830,0.934,0.939,0.939,0.936,0.936,0.002,0.2141,78.0,7.309
150187.SZ,20180830,0.985,0.996,0.998,0.95,0.96,-0.025,-2.5381,294.97,28.346
150188.SZ,20180830,1.005,1.005,1.005,1.003,1.005,0.0,0.0,1465.65,147.291
150189.SZ,20180830,0.648,0.647,0.647,0.647,0.647,-0.001,-0.1543,1.0,0.064
150190.SZ,20180830,0.986,0.985,0.985,0.985,0.985,-0.001,-0.1014,261.63,25.77
150191.SZ,20180830,0.504,0.47,0.502,0.47,0.502,-0.002,-0.3968,142.93,6.747
150192.SZ,20180830,1.007,0.989,0.989,0.989,0.989,-0.018,-1.7875,1.77,0.175
150193.SZ,20180830,0.811,0.809,0.809,0.787,0.809,-0.002,-0.2466,421.51,34.099
150194.SZ,20180830,0.959,0.959,0.959,0.958,0.958,-0.001,-0.1043,11654.0,1116.78
150195.SZ,20180830,0.794,0.795,0.799,0.773,0.776,-0.018,-2.267,10995.7,859.195
150196.SZ,20180830,0.983,0.983,0.984,0.983,0.983,0.0,0.0,31971.34,3144.317
150197.SZ,20180830,0.645,0.648,0.654,0.625,0.627,-0.018,-2.7907,40501.26,2576.984
150199.SZ,20180830,1.323,1.329,1.329,1.298,1.305,-0.018,-1.3605,3290.0,429.194
150200.SZ,20180830,0.953,0.953,0.954,0.951,0.953,0.0,0.0,49808.25,4741.297
150201.SZ,20180830,0.711,0.711,0.714,0.686,0.686,-0.025,-3.5162,544122.25,37937.924
150203.SZ,20180830,0.935,0.934,0.937,0.934,0.937,0.002,0.2139,3011.0,281.23
150204.SZ,20180830,0.9,0.881,0.899,0.88,0.89,-0.01,-1.1111,60.29,5.308
150205.SZ,20180830,0.967,0.967,0.968,0.966,0.968,0.001,0.1034,46696.78,4516.816
150206.SZ,20180830,0.548,0.546,0.549,0.515,0.52,-0.028,-5.1095,195590.85,10334.83
150207.SZ,20180830,0.97,1.0,1.0,1.0,1.0,0.03,3.0928,1.0,0.1
150209.SZ,20180830,0.959,0.959,0.959,0.958,0.959,0.0,0.0,74935.22,7184.055
150210.SZ,20180830,0.665,0.665,0.673,0.65,0.653,-0.012,-1.8045,18094.21,1188.169
150211.SZ,20180830,0.944,0.944,0.944,0.943,0.944,0.0,0.0,11727.94,1106.732
150212.SZ,20180830,1.031,1.033,1.04,1.013,1.015,-0.016,-1.5519,25205.79,2580.733
150213.SZ,20180830,0.97,0.973,0.973,0.973,0.973,0.003,0.3093,1.0,0.097
150214.SZ,20180830,0.612,0.616,0.616,0.587,0.587,-0.025,-4.085,564.12,33.161
150216.SZ,20180830,0.768,0.748,0.775,0.72,0.738,-0.03,-3.9063,27.4,1.999
150217.SZ,20180830,0.941,0.936,0.936,0.936,0.936,-0.005,-0.5313,0.01,0.0
150218.SZ,20180830,0.892,0.89,0.89,0.866,0.885,-0.007,-0.7848,8.42,0.745
150220.SZ,20180830,0.629,0.628,0.628,0.614,0.623,-0.006,-0.9539,2662.0,166.585
150221.SZ,20180830,1.036,1.037,1.037,1.035,1.036,0.0,0.0,23158.16,2399.839
150222.SZ,20180830,0.852,0.851,0.856,0.826,0.827,-0.025,-2.9343,33322.76,2789.531
150223.SZ,20180830,1.012,1.012,1.012,1.011,1.012,0.0,0.0,40701.34,4115.633
150224.SZ,20180830,0.356,0.356,0.36,0.339,0.339,-0.017,-4.7753,1790236.03,62310.408
150226.SZ,20180830,0.854,0.85,0.85,0.85,0.85,-0.004,-0.4684,102.0,8.67
150227.SZ,20180830,0.964,0.965,0.965,0.964,0.965,0.001,0.1037,72481.34,6991.931
150228.SZ,20180830,0.774,0.773,0.783,0.757,0.759,-0.015,-1.938,349350.0,26898.534
150229.SZ,20180830,0.943,0.948,0.948,0.948,0.948,0.005,0.5302,30.0,2.844
150230.SZ,20180830,0.718,0.714,0.714,0.69,0.69,-0.028,-3.8997,211.0,14.649
150231.SZ,20180830,1.02,1.01,1.03,1.01,1.028,0.008,0.7843,26.0,2.627
150232.SZ,20180830,0.8,0.769,0.769,0.738,0.761,-0.039,-4.875,301.0,22.391
150236.SZ,20180830,1.068,1.068,1.086,1.04,1.043,-0.025,-2.3408,1342.27,141.314
150241.SZ,20180830,0.959,0.962,0.962,0.962,0.962,0.003,0.3128,147.0,14.141
150242.SZ,20180830,0.939,0.937,0.937,0.921,0.923,-0.016,-1.7039,776.0,72.153
150243.SZ,20180830,0.929,0.929,0.93,0.928,0.93,0.001,0.1076,25077.1,2331.809
150244.SZ,20180830,1.099,1.09,1.108,1.065,1.07,-0.029,-2.6388,11702.79,1262.868
150245.SZ,20180830,0.968,0.97,0.974,0.968,0.968,0.0,0.0,2323.0,225.491
150246.SZ,20180830,0.799,0.731,0.78,0.731,0.78,-0.019,-2.378,111.0,8.119
150247.SZ,20180830,0.963,0.961,0.963,0.961,0.963,0.0,0.0,301.0,28.926
150248.SZ,20180830,0.894,0.862,0.879,0.86,0.86,-0.034,-3.8031,551.0,47.487
150250.SZ,20180830,0.927,0.86,0.86,0.86,0.86,-0.067,-7.2276,1.0,0.086
150252.SZ,20180830,0.886,0.86,0.86,0.854,0.854,-0.032,-3.6117,351.06,30.129
150257.SZ,20180830,0.932,0.936,0.938,0.936,0.937,0.005,0.5365,1800.0,168.63
150258.SZ,20180830,1.296,1.166,1.166,1.166,1.166,-0.13,-10.0309,13.0,1.515
150260.SZ,20180830,0.887,0.882,0.882,0.859,0.87,-0.017,-1.9166,24.65,2.153
150261.SZ,20180830,0.986,0.99,0.99,0.986,0.986,0.0,0.0,275.59,27.208
150262.SZ,20180830,0.836,0.844,0.844,0.814,0.814,-0.022,-2.6316,1369.51,113.067
150265.SZ,20180830,1.03,1.042,1.042,1.042,1.042,0.012,1.165,3.0,0.312
150266.SZ,20180830,0.894,0.878,0.895,0.852,0.895,0.001,0.1119,601.17,51.885
150267.SZ,20180830,0.983,0.989,0.989,0.982,0.988,0.005,0.5086,378.0,37.12
150269.SZ,20180830,0.959,0.958,0.959,0.957,0.959,0.0,0.0,10926.0,1046.8
150270.SZ,20180830,1.18,1.178,1.212,1.17,1.173,-0.007,-0.5932,29593.0,3524.067
150273.SZ,20180830,0.942,0.94,0.94,0.931,0.931,-0.011,-1.1677,101.0,9.493
150274.SZ,20180830,1.1,1.1,1.104,1.076,1.104,0.004,0.3636,161.9,17.464
150275.SZ,20180830,0.94,0.939,0.939,0.938,0.938,-0.002,-0.2128,1054.0,98.897
150276.SZ,20180830,1.122,1.089,1.096,1.087,1.09,-0.032,-2.852,698.76,75.993
150277.SZ,20180830,0.963,0.96,0.961,0.96,0.961,-0.002,-0.2077,273.9,26.321
150278.SZ,20180830,0.79,0.761,0.78,0.74,0.74,-0.05,-6.3291,1087.71,81.2
150283.SZ,20180830,0.936,0.936,0.937,0.936,0.937,0.001,0.1068,60.0,5.62
150284.SZ,20180830,0.822,0.802,0.802,0.802,0.802,-0.02,-2.4331,1.01,0.081
150287.SZ,20180830,0.986,0.987,0.988,0.986,0.988,0.002,0.2028,34057.0,3361.117
150288.SZ,20180830,0.578,0.576,0.578,0.539,0.539,-0.039,-6.7474,141436.61,7815.938
150289.SZ,20180830,0.961,0.962,0.963,0.96,0.96,-0.001,-0.1041,2551.0,245.526
150290.SZ,20180830,0.882,0.882,0.888,0.845,0.851,-0.031,-3.5147,74935.97,6480.01
150291.SZ,20180830,0.989,0.987,0.989,0.987,0.989,0.0,0.0,10001.0,987.098
150295.SZ,20180830,0.979,0.985,0.985,0.985,0.985,0.006,0.6129,53.0,5.22
150296.SZ,20180830,0.771,0.732,0.746,0.732,0.746,-0.025,-3.2425,471.31,35.155
150297.SZ,20180830,0.959,0.95,0.95,0.95,0.95,-0.009,-0.9385,10.0,0.95
150299.SZ,20180830,0.987,0.987,0.987,0.986,0.987,0.0,0.0,5478.0,540.664
150300.SZ,20180830,0.612,0.62,0.621,0.599,0.601,-0.011,-1.7974,18268.0,1109.835
150301.SZ,20180830,0.992,0.992,0.993,0.992,0.993,0.001,0.1008,1501.62,149.071
150302.SZ,20180830,0.435,0.478,0.478,0.403,0.41,-0.025,-5.7471,871.65,35.615
150303.SZ,20180830,0.956,0.956,0.956,0.955,0.955,-0.001,-0.1046,3355.0,320.563
150304.SZ,20180830,1.09,1.091,1.098,1.054,1.058,-0.032,-2.9358,21600.81,2316.581
150306.SZ,20180830,1.172,1.166,1.166,1.121,1.161,-0.011,-0.9386,5.24,0.608
150307.SZ,20180830,0.983,0.982,0.984,0.982,0.983,0.0,0.0,4478.0,440.238
150308.SZ,20180830,0.4,0.4,0.431,0.364,0.368,-0.032,-8.0,221.52,8.322
150310.SZ,20180830,0.492,0.443,0.488,0.443,0.488,-0.004,-0.813,427.74,18.953
150311.SZ,20180830,0.99,0.991,0.994,0.991,0.992,0.002,0.202,1828.0,181.332
150312.SZ,20180830,0.378,0.34,0.378,0.34,0.378,0.0,0.0,101.0,3.437
150316.SZ,20180830,0.38,0.361,0.378,0.349,0.37,-0.01,-2.6316,1709.0,62.041
150321.SZ,20180830,1.043,1.043,1.044,1.043,1.044,0.001,0.0959,745.27,77.735
150322.SZ,20180830,0.835,0.832,0.832,0.826,0.827,-0.008,-0.9581,2812.95,233.316
150323.SZ,20180830,0.985,0.977,0.999,0.977,0.999,0.014,1.4213,327.59,32.007
150324.SZ,20180830,0.562,0.538,0.538,0.538,0.538,-0.024,-4.2705,11.6,0.624
150327.SZ,20180830,0.982,0.982,0.985,0.98,0.98,-0.002,-0.2037,2104.69,207.076
150330.SZ,20180830,1.306,1.311,1.311,1.297,1.305,-0.001,-0.0766,2587.0,337.674
150335.SZ,20180830,0.99,0.988,0.988,0.986,0.986,-0.004,-0.404,4917.0,485.789
150336.SZ,20180830,0.627,0.635,0.635,0.6,0.619,-0.008,-1.2759,53.0,3.188
159001.SZ,20180830,99.999,100.0,100.001,99.999,100.001,0.002,0.002,190514.97,1905149.781
159003.SZ,20180830,100.0,100.0,100.001,99.999,100.001,0.001,0.001,362884.49,3628844.872
159005.SZ,20180830,100.0,100.0,100.001,99.999,100.001,0.001,0.001,27743.68,277437.033
159901.SZ,20180830,3.944,3.958,3.964,3.891,3.899,-0.045,-1.141,204999.0,80304.929
159902.SZ,20180830,2.875,2.87,2.887,2.838,2.84,-0.035,-1.2174,40394.73,11516.376
159903.SZ,20180830,0.936,0.939,0.939,0.924,0.926,-0.01,-1.0684,3086.0,286.301
159905.SZ,20180830,1.393,1.399,1.404,1.381,1.384,-0.009,-0.6461,12827.0,1777.866
159906.SZ,20180830,0.84,0.831,0.831,0.83,0.83,-0.01,-1.1905,36.0,2.988
159907.SZ,20180830,1.16,1.16,1.162,1.142,1.149,-0.011,-0.9483,1800.0,207.096
159908.SZ,20180830,1.488,1.58,1.58,1.55,1.55,0.062,4.1667,36.0,5.685
159909.SZ,20180830,4.159,4.157,4.157,4.157,4.157,-0.002,-0.0481,1.0,0.415
159910.SZ,20180830,1.501,1.538,1.538,1.481,1.484,-0.017,-1.1326,2085.0,309.989
159912.SZ,20180830,1.131,1.131,1.131,1.115,1.116,-0.015,-1.3263,855.0,96.048
159913.SZ,20180830,1.518,1.517,1.517,1.489,1.503,-0.015,-0.9881,130.0,19.454
159915.SZ,20180830,1.411,1.41,1.415,1.389,1.389,-0.022,-1.5592,5144066.06,718996.04
159916.SZ,20180830,3.191,3.199,3.199,3.153,3.184,-0.007,-0.2194,423.0,134.595
159918.SZ,20180830,1.379,1.381,1.384,1.346,1.373,-0.006,-0.4351,434.0,59.869
159919.SZ,20180830,3.754,3.76,3.773,3.714,3.721,-0.033,-0.8791,75477.0,28165.852
159920.SZ,20180830,1.496,1.498,1.502,1.49,1.492,-0.004,-0.2674,2336149.91,349211.45
159922.SZ,20180830,5.131,5.139,5.139,5.053,5.056,-0.075,-1.4617,1646.0,836.236
159923.SZ,20180830,1.445,1.445,1.453,1.439,1.44,-0.005,-0.346,1573.0,227.494
159925.SZ,20180830,1.437,1.428,1.428,1.423,1.423,-0.014,-0.9743,170.0,24.196
159928.SZ,20180830,2.058,2.051,2.069,2.037,2.038,-0.02,-0.9718,9788.0,2004.722
159929.SZ,20180830,1.527,1.524,1.536,1.512,1.515,-0.012,-0.7859,6603.01,1004.453
159930.SZ,20180830,0.742,0.744,0.752,0.742,0.745,0.003,0.4043,640.0,48.035
159931.SZ,20180830,1.46,1.41,1.469,1.41,1.452,-0.008,-0.5479,314.0,45.431
159932.SZ,20180830,1.378,1.378,1.51,1.378,1.497,0.119,8.6357,655.0,95.933
159933.SZ,20180830,1.674,1.674,1.674,1.67,1.671,-0.003,-0.1792,12.0,2.005
159934.SZ,20180830,2.621,2.625,2.63,2.624,2.627,0.006,0.2289,100614.29,26431.307
159935.SZ,20180830,1.348,1.321,1.338,1.3,1.3,-0.048,-3.5608,217.0,28.396
159936.SZ,20180830,1.254,1.259,1.259,1.24,1.258,0.004,0.319,1218.0,153.159
159937.SZ,20180830,2.64,2.642,2.647,2.642,2.644,0.004,0.1515,80077.0,21177.076
159938.SZ,20180830,1.291,1.291,1.294,1.271,1.272,-0.019,-1.4717,69997.68,8949.013
159939.SZ,20180830,0.905,0.909,0.909,0.889,0.891,-0.014,-1.547,20799.0,1862.373
159940.SZ,20180830,0.833,0.83,0.83,0.804,0.819,-0.014,-1.6807,333.0,27.122
159941.SZ,20180830,1.709,1.716,1.798,1.716,1.733,0.024,1.4043,5402.0,935.148
159942.SZ,20180830,1.564,1.559,1.559,1.536,1.549,-0.015,-0.9591,74.0,11.462
159943.SZ,20180830,9.19,9.17,9.219,9.1,9.1,-0.09,-0.9793,77.0,70.256
159944.SZ,20180830,0.764,0.752,0.768,0.752,0.764,0.0,0.0,12.0,0.905
159945.SZ,20180830,0.676,0.671,0.671,0.67,0.67,-0.006,-0.8876,936.0,62.792
159946.SZ,20180830,1.095,1.099,1.099,1.092,1.092,-0.003,-0.274,2.0,0.219
159948.SZ,20180830,1.545,1.546,1.549,1.52,1.523,-0.022,-1.4239,18768.28,2870.398
159949.SZ,20180830,0.546,0.547,0.548,0.535,0.536,-0.01,-1.8315,5851923.27,316346.309
159950.SZ,20180830,0.9,0.911,0.911,0.9,0.9,0.0,0.0,49.0,4.421
159951.SZ,20180830,0.787,0.756,0.756,0.756,0.756,-0.031,-3.939,350.03,26.462
159952.SZ,20180830,0.849,0.848,0.852,0.836,0.837,-0.012,-1.4134,675830.0,56793.638
159953.SZ,20180830,0.715,0.734,0.734,0.702,0.722,0.007,0.979,364.0,25.885
159954.SZ,20180830,0.984,0.988,0.99,0.98,0.98,-0.004,-0.4065,21812.33,2147.516
159955.SZ,20180830,0.804,0.805,0.805,0.79,0.791,-0.013,-1.6169,4689.0,373.205
159956.SZ,20180830,0.833,0.823,0.833,0.818,0.819,-0.014,-1.6807,3695.0,303.656
159957.SZ,20180830,0.864,0.86,0.868,0.853,0.855,-0.009,-1.0417,9149.47,784.451
159958.SZ,20180830,0.855,0.855,0.856,0.84,0.841,-0.014,-1.6374,31360.0,2660.82
160106.SZ,20180830,1.046,1.044,1.049,1.043,1.043,-0.003,-0.2868,823.0,85.92
160119.SZ,20180830,1.248,1.248,1.248,1.229,1.23,-0.018,-1.4423,3692.0,456.564
160125.SZ,20180830,1.025,1.025,1.025,1.025,1.025,0.0,0.0,497.73,51.017
160128.SZ,20180830,0.993,0.999,0.999,0.995,0.995,0.002,0.2014,1030.0,102.885
160133.SZ,20180830,2.099,2.098,2.108,2.088,2.088,-0.011,-0.5241,339.36,71.051
160140.SZ,20180830,1.072,1.074,1.08,1.069,1.078,0.006,0.5597,936.52,100.842
160211.SZ,20180830,1.995,1.969,1.989,1.969,1.989,-0.006,-0.3008,349.0,68.91
160212.SZ,20180830,1.975,1.961,1.973,1.929,1.943,-0.032,-1.6203,5166.68,1000.612
160215.SZ,20180830,1.329,1.32,1.32,1.313,1.317,-0.012,-0.9029,812.0,107.004
160216.SZ,20180830,0.547,0.558,0.57,0.558,0.563,0.016,2.925,58923.56,3308.656
160223.SZ,20180830,0.704,0.703,0.703,0.697,0.698,-0.006,-0.8523,601.0,41.957
160225.SZ,20180830,0.806,0.803,0.803,0.794,0.794,-0.012,-1.4888,2030.0,161.489
160311.SZ,20180830,1.361,1.351,1.362,1.351,1.352,-0.009,-0.6613,237.0,32.055
160314.SZ,20180830,0.887,0.901,0.901,0.884,0.884,-0.003,-0.3382,378.0,33.517
160322.SZ,20180830,1.103,1.105,1.105,1.103,1.104,0.001,0.0907,199.0,21.975
160324.SZ,20180830,0.84,0.832,0.838,0.832,0.838,-0.002,-0.2381,376.01,31.285
160415.SZ,20180830,0.817,0.813,0.813,0.813,0.813,-0.004,-0.4896,2.0,0.162
160416.SZ,20180830,1.102,1.105,1.109,1.105,1.108,0.006,0.5445,1596.0,176.569
160421.SZ,20180830,0.863,0.856,0.862,0.85,0.852,-0.011,-1.2746,2831.0,242.82
160505.SZ,20180830,1.427,1.428,1.436,1.421,1.424,-0.003,-0.2102,13672.12,1949.653
160512.SZ,20180830,1.516,1.506,1.521,1.506,1.521,0.005,0.3298,35.0,5.272
160515.SZ,20180830,1.007,1.006,1.006,1.006,1.006,-0.001,-0.0993,52.0,5.231
160518.SZ,20180830,0.924,0.923,0.923,0.913,0.914,-0.01,-1.0823,3904.0,357.731
160607.SZ,20180830,0.656,0.654,0.656,0.651,0.651,-0.005,-0.7622,1883.0,122.931
160610.SZ,20180830,0.868,0.842,0.86,0.841,0.86,-0.008,-0.9217,34.0,2.861
160611.SZ,20180830,0.698,0.688,0.688,0.688,0.688,-0.01,-1.4327,8.0,0.55
160613.SZ,20180830,1.073,1.099,1.099,1.086,1.086,0.013,1.2116,21.0,2.283
160615.SZ,20180830,1.407,1.396,1.396,1.376,1.377,-0.03,-2.1322,14.0,1.928
160616.SZ,20180830,1.07,1.069,1.069,1.059,1.06,-0.01,-0.9346,23.0,2.437
160635.SZ,20180830,1.043,1.035,1.037,1.018,1.037,-0.006,-0.5753,339.0,34.986
160642.SZ,20180830,0.855,0.88,0.88,0.88,0.88,0.025,2.924,18.0,1.584
160643.SZ,20180830,0.778,0.775,0.775,0.772,0.772,-0.006,-0.7712,228.92,17.718
160706.SZ,20180830,0.969,0.97,0.97,0.959,0.961,-0.008,-0.8256,22547.1,2174.889
160716.SZ,20180830,1.435,1.447,1.447,1.43,1.435,0.0,0.0,3296.0,473.132
160717.SZ,20180830,0.818,0.82,0.82,0.814,0.815,-0.003,-0.3667,1589.0,129.809
160719.SZ,20180830,0.677,0.677,0.677,0.674,0.676,-0.001,-0.1477,1626.0,109.798
160722.SZ,20180830,0.945,0.94,0.94,0.94,0.94,-0.005,-0.5291,2988.23,280.893
160723.SZ,20180830,1.333,1.343,1.35,1.343,1.35,0.017,1.2753,329.16,44.363
160805.SZ,20180830,0.727,0.719,0.72,0.718,0.718,-0.009,-1.238,232.0,16.672
160806.SZ,20180830,1.234,1.229,1.229,1.222,1.222,-0.012,-0.9724,105.0,12.833
160812.SZ,20180830,1.351,1.361,1.367,1.349,1.349,-0.002,-0.148,1075.0,146.804
160813.SZ,20180830,0.722,0.72,0.721,0.714,0.714,-0.008,-1.108,583.72,41.793
160910.SZ,20180830,0.926,0.92,0.92,0.92,0.92,-0.006,-0.6479,50.0,4.6
160916.SZ,20180830,2.565,2.555,2.555,2.533,2.543,-0.022,-0.8577,457.16,116.271
160918.SZ,20180830,1.96,1.96,1.965,1.94,1.94,-0.02,-1.0204,1423.0,278.882
160919.SZ,20180830,1.05,1.045,1.062,1.04,1.057,0.007,0.6667,358.0,37.292
160921.SZ,20180830,0.835,0.82,0.82,0.818,0.818,-0.017,-2.0359,2.0,0.163
160922.SZ,20180830,1.045,1.128,1.128,1.047,1.118,0.073,6.9856,1523.0,166.747
160924.SZ,20180830,1.06,1.078,1.078,1.078,1.078,0.018,1.6981,1.0,0.107
161005.SZ,20180830,1.816,1.827,1.827,1.801,1.805,-0.011,-0.6057,5383.62,973.95
161010.SZ,20180830,1.054,1.053,1.054,1.05,1.053,-0.001,-0.0949,3332.0,350.692
161017.SZ,20180830,1.907,1.9,1.911,1.885,1.886,-0.021,-1.1012,4744.72,898.034
161033.SZ,20180830,0.806,0.802,0.802,0.78,0.792,-0.014,-1.737,532.76,42.572
161035.SZ,20180830,1.009,1.008,1.009,1.008,1.008,-0.001,-0.0991,99.0,9.979
161036.SZ,20180830,0.629,0.625,0.626,0.625,0.626,-0.003,-0.4769,17.91,1.12
161037.SZ,20180830,0.917,0.917,0.917,0.917,0.917,0.0,0.0,10.0,0.917
161039.SZ,20180830,0.967,0.966,0.966,0.961,0.964,-0.003,-0.3102,1627.64,157.025
161116.SZ,20180830,0.693,0.695,0.697,0.689,0.691,-0.002,-0.2886,1277.0,88.167
161119.SZ,20180830,1.289,1.299,1.299,1.299,1.299,0.01,0.7758,6.0,0.779
161124.SZ,20180830,1.121,1.102,1.123,1.102,1.123,0.002,0.1784,547.25,60.58
161125.SZ,20180830,1.242,1.243,1.251,1.243,1.249,0.007,0.5636,2670.86,333.318
161126.SZ,20180830,1.283,1.295,1.302,1.279,1.3,0.017,1.325,1445.05,186.766
161127.SZ,20180830,1.457,1.47,1.478,1.465,1.472,0.015,1.0295,6996.9,1030.131
161128.SZ,20180830,1.475,1.487,1.499,1.481,1.496,0.021,1.4237,3609.0,538.857
161129.SZ,20180830,1.271,1.285,1.297,1.285,1.295,0.024,1.8883,3857.32,498.755
161130.SZ,20180830,1.27,1.271,1.284,1.271,1.283,0.013,1.0236,731.66,93.682
161219.SZ,20180830,1.175,1.173,1.188,1.173,1.181,0.006,0.5106,4.0,0.472
161224.SZ,20180830,0.878,0.87,0.87,0.87,0.87,-0.008,-0.9112,50.0,4.35
161225.SZ,20180830,1.024,1.015,1.015,1.011,1.011,-0.013,-1.2695,58.0,5.877
161226.SZ,20180830,0.759,0.758,0.759,0.754,0.756,-0.003,-0.3953,12703.83,960.39
161227.SZ,20180830,0.842,0.84,0.848,0.832,0.838,-0.004,-0.4751,793.4,66.719
161229.SZ,20180830,1.336,1.36,1.365,1.36,1.365,0.029,2.1707,202.0,27.473
161232.SZ,20180830,0.616,0.611,0.618,0.607,0.618,0.002,0.3247,69.1,4.196
161607.SZ,20180830,1.063,1.061,1.068,1.046,1.055,-0.008,-0.7526,70.0,7.379
161610.SZ,20180830,0.952,0.942,0.946,0.938,0.942,-0.01,-1.0504,1738.0,163.569
161631.SZ,20180830,0.884,0.884,0.884,0.868,0.87,-0.014,-1.5837,12092.0,1057.548
161706.SZ,20180830,1.393,1.383,1.383,1.375,1.378,-0.015,-1.0768,994.0,136.678
161713.SZ,20180830,1.026,1.026,1.026,1.026,1.026,0.0,0.0,100.0,10.26
161714.SZ,20180830,1.006,1.006,1.009,1.001,1.005,-0.001,-0.0994,79.0,7.95
161715.SZ,20180830,0.84,0.826,0.826,0.826,0.826,-0.014,-1.6667,1.0,0.082
161722.SZ,20180830,1.121,1.113,1.113,1.113,1.113,-0.008,-0.7136,4.0,0.445
161810.SZ,20180830,1.289,1.273,1.283,1.26,1.26,-0.029,-2.2498,313.0,39.595
161815.SZ,20180830,0.496,0.5,0.5,0.496,0.497,0.001,0.2016,4187.0,208.235
161831.SZ,20180830,0.998,1.001,1.001,0.995,0.995,-0.003,-0.3006,462.0,46.078
161834.SZ,20180830,0.716,0.715,0.715,0.711,0.713,-0.003,-0.419,23378.03,1667.904
161903.SZ,20180830,0.707,0.706,0.706,0.704,0.704,-0.003,-0.4243,51.0,3.59
161907.SZ,20180830,1.521,1.511,1.515,1.505,1.505,-0.016,-1.0519,25.0,3.773
161911.SZ,20180830,1.011,1.011,1.013,1.011,1.013,0.002,0.1978,8387.0,848.256
162006.SZ,20180830,1.066,1.066,1.094,1.061,1.061,-0.005,-0.469,186.89,20.089
162105.SZ,20180830,1.032,1.033,1.033,1.033,1.033,0.001,0.0969,1.0,0.103
162108.SZ,20180830,1.148,1.148,1.148,1.148,1.148,0.0,0.0,1.0,0.114
162207.SZ,20180830,1.186,1.176,1.176,1.176,1.176,-0.01,-0.8432,1.0,0.117
162307.SZ,20180830,1.163,1.166,1.167,1.159,1.165,0.002,0.172,16.0,1.863
162411.SZ,20180830,0.698,0.705,0.71,0.704,0.71,0.012,1.7192,144302.84,10194.676
162415.SZ,20180830,1.507,1.515,1.522,1.515,1.52,0.013,0.8626,13961.27,2118.013
162416.SZ,20180830,1.013,1.01,1.013,1.008,1.008,-0.005,-0.4936,2257.16,228.027
162510.SZ,20180830,0.833,0.836,0.836,0.826,0.826,-0.007,-0.8403,84.0,6.964
162605.SZ,20180830,1.189,1.187,1.195,1.181,1.185,-0.004,-0.3364,9151.08,1086.416
162607.SZ,20180830,0.442,0.439,0.442,0.436,0.437,-0.005,-1.1312,3075.0,134.723
162703.SZ,20180830,1.258,1.272,1.272,1.236,1.249,-0.009,-0.7154,2630.46,329.623
162711.SZ,20180830,1.073,1.069,1.072,1.062,1.063,-0.01,-0.932,94.0,10.025
162712.SZ,20180830,1.483,1.468,1.483,1.468,1.483,0.0,0.0,115.0,16.895
162718.SZ,20180830,0.936,0.933,0.933,0.933,0.933,-0.003,-0.3205,778.0,72.587
162719.SZ,20180830,1.21,1.227,1.228,1.204,1.207,-0.003,-0.2479,2328.0,282.847
163001.SZ,20180830,0.923,0.914,0.921,0.906,0.906,-0.017,-1.8418,23.0,2.11
163110.SZ,20180830,1.652,1.65,1.65,1.65,1.65,-0.002,-0.1211,10.0,1.65
163111.SZ,20180830,0.91,0.91,0.91,0.902,0.909,-0.001,-0.1099,703.09,63.606
163119.SZ,20180830,0.81,0.858,0.858,0.858,0.858,0.048,5.9259,50.0,4.29
163210.SZ,20180830,1.089,1.088,1.091,1.088,1.091,0.002,0.1837,4550.0,495.993
163302.SZ,20180830,1.116,1.111,1.117,1.098,1.116,0.0,0.0,33.0,3.659
163402.SZ,20180830,0.835,0.835,0.838,0.828,0.828,-0.007,-0.8383,20915.26,1740.458
163407.SZ,20180830,1.653,1.656,1.66,1.646,1.646,-0.007,-0.4235,369.0,60.918
163409.SZ,20180830,1.329,1.318,1.318,1.306,1.318,-0.011,-0.8277,82.0,10.801
163412.SZ,20180830,2.95,2.932,2.969,2.925,2.929,-0.021,-0.7119,3120.0,917.673
163415.SZ,20180830,1.435,1.437,1.443,1.426,1.426,-0.009,-0.6272,2868.0,410.611
163417.SZ,20180830,0.839,0.837,0.84,0.834,0.835,-0.004,-0.4768,140038.09,11714.759
163503.SZ,20180830,0.425,0.421,0.428,0.42,0.42,-0.005,-1.1765,4295.0,181.42
163801.SZ,20180830,1.243,1.255,1.255,1.241,1.241,-0.002,-0.1609,162.0,20.116
163819.SZ,20180830,1.048,1.045,1.045,1.045,1.045,-0.003,-0.2863,1.0,0.104
163821.SZ,20180830,1.219,1.214,1.214,1.214,1.214,-0.005,-0.4102,1.0,0.121
164208.SZ,20180830,1.182,1.186,1.186,1.186,1.186,0.004,0.3384,50.0,5.93
164403.SZ,20180830,1.02,1.016,1.016,1.016,1.016,-0.004,-0.3922,1.0,0.101
164701.SZ,20180830,0.583,0.583,0.584,0.578,0.584,0.001,0.1715,3624.0,210.625
164705.SZ,20180830,1.184,1.181,1.181,1.181,1.181,-0.003,-0.2534,500.0,59.05
164824.SZ,20180830,0.999,0.998,0.998,0.993,0.997,-0.002,-0.2002,1181.04,117.547
164906.SZ,20180830,1.317,1.318,1.319,1.314,1.315,-0.002,-0.1519,3780.47,497.815
165309.SZ,20180830,1.071,1.066,1.067,1.066,1.066,-0.005,-0.4669,515.0,54.899
165311.SZ,20180830,1.283,1.295,1.295,1.295,1.295,0.012,0.9353,40.0,5.18
165313.SZ,20180830,1.223,1.228,1.235,1.216,1.216,-0.007,-0.5724,1196.0,147.387
165317.SZ,20180830,0.897,0.815,0.92,0.815,0.92,0.023,2.5641,68.0,5.783
165508.SZ,20180830,1.451,1.439,1.439,1.439,1.439,-0.012,-0.827,17.0,2.446
165510.SZ,20180830,0.753,0.74,0.775,0.74,0.75,-0.003,-0.3984,470.0,35.533
165513.SZ,20180830,0.477,0.485,0.488,0.483,0.485,0.008,1.6771,9379.07,454.968
165516.SZ,20180830,1.731,1.723,1.723,1.702,1.713,-0.018,-1.0399,17.0,2.901
165525.SZ,20180830,0.841,0.836,0.843,0.831,0.833,-0.008,-0.9512,1355.0,113.43
165528.SZ,20180830,0.85,0.845,0.845,0.812,0.843,-0.007,-0.8235,29880.17,2436.903
166001.SZ,20180830,0.985,0.98,0.981,0.974,0.98,-0.005,-0.5076,629.97,61.729
166006.SZ,20180830,1.008,1.004,1.004,0.986,0.998,-0.01,-0.9921,87.0,8.711
166009.SZ,20180830,1.473,1.471,1.486,1.471,1.478,0.005,0.3394,3.0,0.443
166011.SZ,20180830,1.165,1.161,1.161,1.147,1.147,-0.018,-1.5451,187.0,21.467
166023.SZ,20180830,0.86,0.861,0.861,0.859,0.859,-0.001,-0.1163,30.0,2.578
166024.SZ,20180830,0.903,0.901,0.904,0.897,0.902,-0.001,-0.1107,6240.04,561.968
166105.SZ,20180830,0.959,0.96,0.965,0.911,0.964,0.005,0.5214,162.68,15.604
166902.SZ,20180830,1.011,1.015,1.015,1.015,1.015,0.004,0.3956,1.0,0.101
166904.SZ,20180830,1.044,1.044,1.044,1.044,1.044,0.0,0.0,581.0,60.656
167001.SZ,20180830,0.665,0.665,0.665,0.665,0.665,0.0,0.0,328.0,21.812
167002.SZ,20180830,0.831,0.834,0.863,0.834,0.861,0.03,3.6101,3.0,0.255
167501.SZ,20180830,1.178,1.181,1.182,1.181,1.182,0.004,0.3396,24.0,2.836
168101.SZ,20180830,0.828,0.827,0.827,0.825,0.825,-0.003,-0.3623,1182.0,97.62
168102.SZ,20180830,0.736,0.735,0.736,0.728,0.731,-0.005,-0.6793,3536.0,258.982
168103.SZ,20180830,0.695,0.695,0.696,0.691,0.691,-0.004,-0.5755,34304.0,2376.16
168104.SZ,20180830,0.954,0.952,0.955,0.952,0.955,0.001,0.1048,1000.13,95.362
168105.SZ,20180830,0.717,0.714,0.714,0.713,0.713,-0.004,-0.5579,1808.0,128.97
168106.SZ,20180830,0.85,0.895,0.895,0.889,0.889,0.039,4.5882,11.0,0.978
168108.SZ,20180830,0.992,0.95,0.988,0.95,0.988,-0.004,-0.4032,10.0,0.969
168301.SZ,20180830,0.882,0.868,0.868,0.868,0.868,-0.014,-1.5873,7.0,0.607
169101.SZ,20180830,1.347,1.345,1.351,1.337,1.34,-0.007,-0.5197,31096.31,4176.818
169102.SZ,20180830,1.221,1.22,1.22,1.2,1.213,-0.008,-0.6552,1231.07,148.025
169103.SZ,20180830,1.238,1.23,1.23,1.21,1.226,-0.012,-0.9693,6001.0,737.354
169104.SZ,20180830,1.23,1.229,1.229,1.218,1.218,-0.012,-0.9756,435.0,53.075
169105.SZ,20180830,1.3,1.303,1.304,1.293,1.295,-0.005,-0.3846,90008.32,11662.982
169106.SZ,20180830,0.93,0.93,0.931,0.927,0.927,-0.003,-0.3226,2640.34,245.047
169201.SZ,20180830,0.991,0.999,0.999,0.999,0.999,0.008,0.8073,2.0,0.199
184801.SZ,20180830,88.21,88.3,88.486,88.299,88.3,0.09,0.102,90.0,795.351
