ts_code,trade_date,pre_close,open,high,low,close,change,pct_chg,vol,amount
150008.SZ,20180710,1.122,1.01,1.085,1.01,1.054,-0.068,-6.0606,20.0,2.031
150009.SZ,20180710,0.845,0.825,0.841,0.825,0.83,-0.015,-1.7751,818.0,67.871
150012.SZ,20180710,1.044,1.037,1.037,1.037,1.037,-0.007,-0.6705,1.43,0.148
150013.SZ,20180710,1.282,1.288,1.288,1.288,1.288,0.006,0.468,2.0,0.257
150017.SZ,20180710,1.314,1.311,1.332,1.311,1.326,0.012,0.9132,939.0,124.653
150018.SZ,20180710,0.939,0.938,0.942,0.937,0.942,0.003,0.3195,126456.61,11877.408
150019.SZ,20180710,0.863,0.865,0.87,0.85,0.862,-0.001,-0.1159,442678.28,37945.384
150022.SZ,20180710,0.8,0.8,0.803,0.799,0.803,0.003,0.375,80244.07,6424.34
150023.SZ,20180710,0.191,0.192,0.194,0.189,0.192,0.001,0.5236,431806.76,8260.359
150028.SZ,20180710,0.938,0.943,0.943,0.942,0.943,0.005,0.533,475.0,44.782
150029.SZ,20180710,1.106,1.113,1.126,1.094,1.115,0.009,0.8137,1469.96,162.217
150030.SZ,20180710,1.035,0.941,0.941,0.941,0.941,-0.094,-9.0821,0.14,0.013
150031.SZ,20180710,0.853,0.919,0.919,0.919,0.919,0.066,7.7374,20.0,1.838
150033.SZ,20180710,0.991,1.068,1.068,1.068,1.068,0.077,7.7699,1.0,0.106
150048.SZ,20180710,0.998,0.999,0.999,0.966,0.999,0.001,0.1002,96.0,9.283
150049.SZ,20180710,0.933,0.948,0.948,0.948,0.948,0.015,1.6077,1.0,0.094
150050.SZ,20180710,0.784,0.732,0.799,0.732,0.785,0.001,0.1276,727.93,54.639
150051.SZ,20180710,0.937,0.938,0.942,0.938,0.942,0.005,0.5336,2431.09,228.766
150052.SZ,20180710,0.674,0.68,0.694,0.67,0.674,0.0,0.0,5472.87,369.825
150053.SZ,20180710,0.966,0.962,0.963,0.962,0.963,-0.003,-0.3106,495.0,47.663
150054.SZ,20180710,0.975,0.878,0.878,0.878,0.878,-0.097,-9.9487,1.0,0.087
150055.SZ,20180710,1.025,1.01,1.01,1.01,1.01,-0.015,-1.4634,39.37,3.976
150056.SZ,20180710,1.083,1.085,1.085,1.085,1.085,0.002,0.1847,200.0,21.7
150060.SZ,20180710,0.976,0.98,1.0,0.98,1.0,0.024,2.459,134.8,13.378
150090.SZ,20180710,0.988,0.992,0.992,0.992,0.992,0.004,0.4049,101.0,10.019
150091.SZ,20180710,0.73,0.785,0.785,0.785,0.785,0.055,7.5342,1.0,0.078
150101.SZ,20180710,1.05,1.06,1.061,1.052,1.052,0.002,0.1905,218.22,23.057
150104.SZ,20180710,0.982,0.908,0.908,0.908,0.908,-0.074,-7.5356,1026.82,93.235
150105.SZ,20180710,1.862,2.04,2.04,2.04,2.04,0.178,9.5596,4.0,0.816
150106.SZ,20180710,1.057,1.056,1.06,1.056,1.06,0.003,0.2838,6154.52,651.434
150107.SZ,20180710,0.828,0.83,0.839,0.817,0.83,0.002,0.2415,6315.39,522.392
150117.SZ,20180710,0.942,0.942,0.946,0.941,0.945,0.003,0.3185,68204.0,6438.01
150118.SZ,20180710,0.945,0.951,0.99,0.944,0.979,0.034,3.5979,113501.4,10923.841
150123.SZ,20180710,1.002,1.003,1.004,1.003,1.004,0.002,0.1996,609.0,61.103
150124.SZ,20180710,0.738,0.734,0.749,0.729,0.739,0.001,0.1355,2298.51,169.823
150130.SZ,20180710,1.003,1.004,1.008,1.004,1.008,0.005,0.4985,5614.21,564.103
150131.SZ,20180710,0.786,0.785,0.793,0.774,0.793,0.007,0.8906,387349.86,30290.77
150139.SZ,20180710,0.782,0.782,0.782,0.782,0.782,0.0,0.0,22.4,1.751
150143.SZ,20180710,0.955,0.955,0.969,0.955,0.969,0.014,1.466,14.46,1.401
150144.SZ,20180710,0.865,0.87,0.875,0.844,0.875,0.01,1.1561,239.12,20.895
150145.SZ,20180710,0.972,0.961,0.961,0.961,0.961,-0.011,-1.1317,50.0,4.805
150146.SZ,20180710,0.84,0.756,0.898,0.756,0.756,-0.084,-10.0,318.0,24.692
150149.SZ,20180710,0.894,0.898,0.898,0.89,0.893,-0.001,-0.1119,35.0,3.141
150150.SZ,20180710,0.943,0.947,0.948,0.947,0.948,0.005,0.5302,68.0,6.442
150151.SZ,20180710,1.224,1.115,1.115,1.102,1.102,-0.122,-9.9673,551.0,60.875
150152.SZ,20180710,0.963,0.961,0.966,0.961,0.965,0.002,0.2077,502026.48,48381.187
150153.SZ,20180710,0.413,0.414,0.417,0.404,0.413,0.0,0.0,3902799.83,159957.492
150157.SZ,20180710,0.943,0.944,0.947,0.944,0.947,0.004,0.4242,6802.0,642.43
150158.SZ,20180710,0.79,0.776,0.788,0.774,0.777,-0.013,-1.6456,2556.0,198.915
150165.SZ,20180710,1.056,1.038,1.038,0.961,1.035,-0.021,-1.9886,108.15,10.775
150169.SZ,20180710,0.939,0.94,0.942,0.94,0.942,0.003,0.3195,10206.0,959.404
150170.SZ,20180710,1.455,1.441,1.442,1.441,1.441,-0.014,-0.9622,103.0,14.842
150171.SZ,20180710,0.936,0.935,0.939,0.935,0.939,0.003,0.3205,57405.79,5379.249
150172.SZ,20180710,0.536,0.537,0.539,0.527,0.535,-0.001,-0.1866,432720.95,23063.259
150173.SZ,20180710,0.92,0.92,0.923,0.92,0.923,0.003,0.3261,512.0,47.167
150174.SZ,20180710,1.09,1.073,1.095,1.073,1.095,0.005,0.4587,115.94,12.638
150175.SZ,20180710,0.939,0.94,0.945,0.939,0.944,0.005,0.5325,99243.98,9355.392
150176.SZ,20180710,0.972,0.977,0.979,0.968,0.97,-0.002,-0.2058,148203.82,14399.448
150177.SZ,20180710,0.942,0.943,0.945,0.941,0.944,0.002,0.2123,1204.48,113.731
150178.SZ,20180710,1.02,1.01,1.025,1.005,1.02,0.0,0.0,768.25,77.919
150180.SZ,20180710,1.06,1.053,1.06,1.041,1.055,-0.005,-0.4717,10.13,1.07
150181.SZ,20180710,0.956,0.954,0.959,0.954,0.959,0.003,0.3138,52585.14,5032.882
150182.SZ,20180710,0.462,0.462,0.465,0.453,0.463,0.001,0.2165,535986.8,24675.862
150184.SZ,20180710,0.968,0.966,0.966,0.966,0.966,-0.002,-0.2066,1600.0,154.56
150185.SZ,20180710,0.398,0.399,0.403,0.393,0.399,0.001,0.2513,16131.96,642.849
150186.SZ,20180710,0.943,0.944,0.944,0.941,0.941,-0.002,-0.2121,1469.0,138.368
150187.SZ,20180710,1.035,1.035,1.045,1.023,1.045,0.01,0.9662,1608.56,166.934
150188.SZ,20180710,0.996,0.995,0.997,0.995,0.996,0.0,0.0,1887.53,187.996
150189.SZ,20180710,0.589,0.6,0.6,0.591,0.591,0.002,0.3396,31.83,1.908
150190.SZ,20180710,0.973,0.972,0.972,0.972,0.972,-0.001,-0.1028,2000.0,194.4
150192.SZ,20180710,1.01,1.054,1.054,1.0,1.015,0.005,0.495,4.66,0.476
150193.SZ,20180710,0.799,0.786,0.828,0.786,0.828,0.029,3.6295,2968.41,243.291
150194.SZ,20180710,0.94,0.942,0.944,0.939,0.944,0.004,0.4255,11048.5,1038.848
150195.SZ,20180710,0.897,0.897,0.915,0.896,0.912,0.015,1.6722,12422.06,1125.859
150196.SZ,20180710,0.969,0.966,0.97,0.966,0.97,0.001,0.1032,13212.07,1277.798
150197.SZ,20180710,0.76,0.77,0.793,0.76,0.776,0.016,2.1053,54277.21,4223.487
150198.SZ,20180710,1.088,1.099,1.11,1.075,1.11,0.022,2.0221,6.0,0.658
150199.SZ,20180710,1.54,1.54,1.547,1.522,1.54,0.0,0.0,4852.0,744.914
150200.SZ,20180710,0.935,0.934,0.938,0.934,0.938,0.003,0.3209,63252.0,5910.923
150201.SZ,20180710,0.767,0.768,0.771,0.757,0.763,-0.004,-0.5215,323222.87,24646.983
150203.SZ,20180710,0.988,0.988,0.989,0.988,0.988,0.0,0.0,13069.0,1291.227
150204.SZ,20180710,0.326,0.331,0.331,0.318,0.327,0.001,0.3067,2953.0,95.397
150205.SZ,20180710,0.945,0.945,0.949,0.943,0.949,0.004,0.4233,29026.01,2743.851
150206.SZ,20180710,0.605,0.609,0.618,0.598,0.615,0.01,1.6529,112447.26,6874.345
150207.SZ,20180710,0.997,0.95,0.987,0.943,0.987,-0.01,-1.003,715.84,68.231
150208.SZ,20180710,1.079,1.063,1.186,1.063,1.148,0.069,6.3948,2005.43,214.441
150209.SZ,20180710,0.943,0.943,0.947,0.942,0.947,0.004,0.4242,4428.39,418.48
150210.SZ,20180710,0.69,0.692,0.7,0.682,0.699,0.009,1.3043,27928.62,1935.118
150211.SZ,20180710,0.967,0.965,0.968,0.964,0.967,0.0,0.0,67647.69,6532.926
150212.SZ,20180710,0.411,0.412,0.435,0.412,0.432,0.021,5.1095,219173.67,9293.026
150213.SZ,20180710,0.949,0.95,0.95,0.949,0.95,0.001,0.1054,405.0,38.464
150214.SZ,20180710,0.767,0.741,0.777,0.741,0.775,0.008,1.043,408.01,30.655
150216.SZ,20180710,0.826,0.826,0.841,0.826,0.836,0.01,1.2107,25.69,2.159
150217.SZ,20180710,0.923,0.917,0.923,0.917,0.923,0.0,0.0,12414.0,1143.088
150218.SZ,20180710,1.047,1.047,1.055,1.023,1.035,-0.012,-1.1461,413.24,43.106
150219.SZ,20180710,1.064,1.062,1.062,1.062,1.062,-0.002,-0.188,5000.0,531.0
150220.SZ,20180710,0.73,0.73,0.734,0.727,0.734,0.004,0.5479,757.0,55.381
150221.SZ,20180710,1.029,1.028,1.032,1.028,1.032,0.003,0.2915,17808.27,1833.56
150222.SZ,20180710,0.897,0.898,0.901,0.881,0.898,0.001,0.1115,79426.18,7083.678
150223.SZ,20180710,1.003,1.003,1.006,1.002,1.006,0.003,0.2991,290583.0,29179.497
150224.SZ,20180710,0.394,0.393,0.398,0.384,0.392,-0.002,-0.5076,1580110.86,61664.668
150227.SZ,20180710,0.948,0.948,0.95,0.947,0.95,0.002,0.211,38628.86,3667.003
150228.SZ,20180710,0.721,0.722,0.724,0.703,0.713,-0.008,-1.1096,470932.42,33467.59
150229.SZ,20180710,0.97,0.997,0.997,0.918,0.918,-0.052,-5.3608,855.21,79.997
150230.SZ,20180710,1.007,0.982,1.0,0.933,0.999,-0.008,-0.7944,715.0,68.231
150232.SZ,20180710,0.793,0.813,0.813,0.81,0.81,0.017,2.1438,80.0,6.503
150233.SZ,20180710,0.941,0.944,0.944,0.944,0.944,0.003,0.3188,6.0,0.566
150234.SZ,20180710,0.569,0.55,0.611,0.541,0.611,0.042,7.3814,56.49,3.411
150235.SZ,20180710,1.002,0.993,0.998,0.993,0.998,-0.004,-0.3992,40045.0,3976.491
150236.SZ,20180710,0.318,0.317,0.322,0.307,0.314,-0.004,-1.2579,71990.34,2262.667
150241.SZ,20180710,0.942,0.941,0.941,0.941,0.941,-0.001,-0.1062,200.0,18.82
150242.SZ,20180710,0.898,0.862,0.899,0.862,0.899,0.001,0.1114,247.0,21.703
150243.SZ,20180710,0.957,0.957,0.958,0.954,0.958,0.001,0.1045,5050.64,483.379
150244.SZ,20180710,0.444,0.444,0.455,0.441,0.451,0.007,1.5766,63152.21,2830.196
150246.SZ,20180710,0.786,0.782,0.782,0.781,0.782,-0.004,-0.5089,135.92,10.619
150247.SZ,20180710,0.943,0.943,0.945,0.943,0.945,0.002,0.2121,2012.0,189.921
150248.SZ,20180710,1.073,1.073,1.079,1.06,1.075,0.002,0.1864,753.76,80.986
150250.SZ,20180710,0.816,0.856,0.856,0.812,0.84,0.024,2.9412,10.0,0.819
150251.SZ,20180710,0.94,0.941,0.944,0.941,0.944,0.004,0.4255,2219.06,209.239
150252.SZ,20180710,0.858,0.869,0.869,0.84,0.84,-0.018,-2.0979,1021.61,86.516
150255.SZ,20180710,0.938,0.918,0.918,0.915,0.918,-0.02,-2.1322,95.97,8.809
150256.SZ,20180710,0.805,0.725,0.821,0.725,0.821,0.016,1.9876,2.0,0.154
150259.SZ,20180710,0.922,0.916,0.923,0.916,0.923,0.001,0.1085,1610.77,148.452
150260.SZ,20180710,1.017,1.014,1.03,1.014,1.03,0.013,1.2783,1671.11,171.001
150262.SZ,20180710,0.911,0.903,0.914,0.903,0.912,0.001,0.1098,645.32,58.813
150265.SZ,20180710,0.98,0.98,0.981,0.979,0.981,0.001,0.102,852.0,83.446
150266.SZ,20180710,0.813,0.818,0.83,0.802,0.827,0.014,1.722,1804.07,147.664
150267.SZ,20180710,0.965,0.965,0.965,0.965,0.965,0.0,0.0,300.0,28.95
150269.SZ,20180710,0.941,0.939,0.944,0.939,0.944,0.003,0.3188,15577.46,1464.723
150270.SZ,20180710,1.482,1.48,1.504,1.454,1.486,0.004,0.2699,24555.0,3618.049
150271.SZ,20180710,0.989,0.988,0.988,0.978,0.978,-0.011,-1.1122,657.79,64.593
150272.SZ,20180710,1.252,1.25,1.26,1.25,1.26,0.008,0.639,395.8,49.606
150273.SZ,20180710,0.925,0.923,0.923,0.921,0.922,-0.003,-0.3243,125.0,11.516
150274.SZ,20180710,1.023,1.044,1.044,1.006,1.028,0.005,0.4888,150.91,15.437
150275.SZ,20180710,0.921,0.923,0.925,0.922,0.924,0.003,0.3257,10569.39,975.571
150276.SZ,20180710,0.998,1.0,1.015,0.995,1.008,0.01,1.002,6624.03,666.796
150278.SZ,20180710,0.687,0.662,0.698,0.662,0.67,-0.017,-2.4745,793.91,54.196
150279.SZ,20180710,0.978,0.978,0.978,0.978,0.978,0.0,0.0,216.0,21.124
150280.SZ,20180710,0.388,0.39,0.409,0.366,0.386,-0.002,-0.5155,167.0,6.61
150281.SZ,20180710,0.98,0.973,0.973,0.973,0.973,-0.007,-0.7143,350.4,34.093
150283.SZ,20180710,0.916,0.922,0.922,0.922,0.922,0.006,0.655,350.0,32.27
150284.SZ,20180710,1.042,1.059,1.059,0.942,1.04,-0.002,-0.1919,216.43,22.098
150287.SZ,20180710,0.971,0.971,0.973,0.971,0.973,0.002,0.206,27149.31,2638.964
150288.SZ,20180710,0.471,0.475,0.507,0.475,0.499,0.028,5.9448,145472.49,7127.367
150289.SZ,20180710,0.946,0.942,0.949,0.942,0.948,0.002,0.2114,5568.0,527.637
150290.SZ,20180710,0.863,0.863,0.878,0.851,0.866,0.003,0.3476,108359.98,9359.897
150291.SZ,20180710,0.972,0.97,0.974,0.97,0.974,0.002,0.2058,11714.0,1136.782
150292.SZ,20180710,0.598,0.577,0.6,0.577,0.6,0.002,0.3344,1099.0,63.893
150293.SZ,20180710,0.977,0.978,0.978,0.978,0.978,0.001,0.1024,2.0,0.195
150294.SZ,20180710,0.473,0.431,0.519,0.431,0.519,0.046,9.7252,62.64,2.711
150295.SZ,20180710,0.966,0.967,0.969,0.965,0.966,0.0,0.0,1302.0,125.761
150296.SZ,20180710,0.766,0.775,0.786,0.767,0.786,0.02,2.611,1001.99,77.328
150297.SZ,20180710,0.999,0.994,1.0,0.994,1.0,0.001,0.1001,101.0,10.04
150298.SZ,20180710,0.324,0.329,0.33,0.325,0.33,0.006,1.8519,1268.0,41.525
150299.SZ,20180710,0.971,0.971,0.974,0.97,0.974,0.003,0.309,58249.29,5659.716
150300.SZ,20180710,0.562,0.562,0.563,0.55,0.557,-0.005,-0.8897,27837.42,1547.679
150301.SZ,20180710,0.973,0.976,0.977,0.973,0.973,0.0,0.0,505.0,49.287
150302.SZ,20180710,0.505,0.461,0.516,0.461,0.513,0.008,1.5842,672.46,31.046
150303.SZ,20180710,0.98,0.978,0.982,0.978,0.982,0.002,0.2041,51087.25,5010.526
150304.SZ,20180710,0.366,0.367,0.378,0.361,0.374,0.008,2.1858,159889.63,5882.989
150306.SZ,20180710,0.447,0.43,0.455,0.43,0.455,0.008,1.7897,80.24,3.575
150310.SZ,20180710,0.392,0.429,0.429,0.375,0.376,-0.016,-4.0816,218.0,8.583
150312.SZ,20180710,0.39,0.39,0.39,0.39,0.39,0.0,0.0,58.0,2.262
150316.SZ,20180710,0.438,0.44,0.44,0.427,0.428,-0.01,-2.2831,360.0,15.546
150322.SZ,20180710,0.794,0.798,0.802,0.791,0.799,0.005,0.6297,1492.0,119.265
150325.SZ,20180710,0.982,0.982,0.984,0.982,0.982,0.0,0.0,1279.24,125.826
150328.SZ,20180710,0.724,0.727,0.727,0.7,0.707,-0.017,-2.3481,120.11,8.575
150329.SZ,20180710,0.944,0.944,0.951,0.94,0.95,0.006,0.6356,4712.0,446.506
150330.SZ,20180710,1.221,1.221,1.221,1.195,1.209,-0.012,-0.9828,8832.46,1063.169
150331.SZ,20180710,1.003,1.003,1.004,0.999,1.004,0.001,0.0997,850.06,85.243
150335.SZ,20180710,0.975,0.973,0.975,0.972,0.975,0.0,0.0,2302.0,223.927
150336.SZ,20180710,0.689,0.689,0.699,0.661,0.694,0.005,0.7257,1663.44,110.655
150344.SZ,20180710,0.486,0.462,0.48,0.462,0.48,-0.006,-1.2346,53.0,2.506
159001.SZ,20180710,99.996,99.997,99.999,99.996,99.997,0.001,0.001,70397.09,703954.429
159003.SZ,20180710,99.999,99.996,100.0,99.996,99.998,-0.001,-0.001,50195.83,501948.059
159005.SZ,20180710,100.0,99.999,100.001,99.999,100.001,0.001,0.001,390836.41,3908364.33
159901.SZ,20180710,4.194,4.188,4.205,4.161,4.203,0.009,0.2146,181399.4,75901.998
159902.SZ,20180710,3.066,3.074,3.087,3.045,3.076,0.01,0.3262,106443.0,32654.686
159903.SZ,20180710,0.99,0.99,0.996,0.983,0.996,0.006,0.6061,6797.0,673.32
159905.SZ,20180710,1.474,1.475,1.481,1.463,1.475,0.001,0.0678,15501.0,2283.673
159906.SZ,20180710,0.883,0.874,0.886,0.865,0.886,0.003,0.3398,13.0,1.137
159907.SZ,20180710,1.242,1.242,1.25,1.242,1.242,0.0,0.0,567.0,70.55
159909.SZ,20180710,4.339,4.349,4.367,4.342,4.342,0.003,0.0691,84.0,36.544
159910.SZ,20180710,1.538,1.555,1.555,1.531,1.547,0.009,0.5852,11202.0,1718.179
159912.SZ,20180710,1.187,1.18,1.211,1.18,1.19,0.003,0.2527,895.0,107.111
159913.SZ,20180710,1.615,1.615,1.621,1.612,1.62,0.005,0.3096,479.0,77.617
159915.SZ,20180710,1.504,1.505,1.517,1.5,1.516,0.012,0.7979,4653500.9,701882.879
159916.SZ,20180710,3.298,3.263,3.3,3.25,3.283,-0.015,-0.4548,900.0,293.527
159918.SZ,20180710,1.44,1.464,1.464,1.45,1.45,0.01,0.6944,2.0,0.291
159919.SZ,20180710,3.802,3.803,3.819,3.766,3.805,0.003,0.0789,91896.21,34896.766
159920.SZ,20180710,1.477,1.485,1.486,1.47,1.477,0.0,0.0,4461517.0,660405.173
159922.SZ,20180710,5.294,5.3,5.388,5.275,5.375,0.081,1.53,3994.0,2116.868
159923.SZ,20180710,1.448,1.448,1.454,1.443,1.448,0.0,0.0,21130.05,3061.71
159925.SZ,20180710,1.454,1.447,1.458,1.439,1.457,0.003,0.2063,1039.33,150.684
159928.SZ,20180710,2.224,2.228,2.239,2.19,2.223,-0.001,-0.045,24301.0,5374.219
159929.SZ,20180710,1.669,1.67,1.682,1.661,1.682,0.013,0.7789,9045.6,1513.13
159930.SZ,20180710,0.725,0.721,0.725,0.714,0.725,0.0,0.0,1038.0,74.644
159931.SZ,20180710,1.506,1.44,1.499,1.44,1.497,-0.009,-0.5976,34.0,5.001
159932.SZ,20180710,1.548,1.399,1.429,1.399,1.408,-0.14,-9.0439,103.0,14.604
159933.SZ,20180710,1.667,1.681,1.681,1.626,1.65,-0.017,-1.0198,99.0,16.579
159934.SZ,20180710,2.661,2.653,2.657,2.652,2.654,-0.007,-0.2631,70879.0,18811.951
159935.SZ,20180710,1.366,1.373,1.38,1.373,1.38,0.014,1.0249,2426.0,334.785
159936.SZ,20180710,1.356,1.356,1.356,1.349,1.349,-0.007,-0.5162,20.0,2.707
159937.SZ,20180710,2.678,2.668,2.675,2.668,2.67,-0.008,-0.2987,377109.0,100717.648
159938.SZ,20180710,1.408,1.408,1.423,1.4,1.422,0.014,0.9943,68801.01,9711.956
159939.SZ,20180710,0.935,0.929,0.942,0.929,0.941,0.006,0.6417,26193.91,2454.002
159940.SZ,20180710,0.796,0.801,0.804,0.783,0.798,0.002,0.2513,7627.0,608.597
159941.SZ,20180710,1.607,1.632,1.632,1.592,1.622,0.015,0.9334,1754.66,283.558
159942.SZ,20180710,1.691,1.676,1.682,1.676,1.682,-0.009,-0.5322,6.0,1.006
159943.SZ,20180710,10.035,9.908,10.156,9.908,9.992,-0.043,-0.4285,170.61,169.501
159944.SZ,20180710,0.785,0.784,0.789,0.76,0.789,0.004,0.5096,5151.0,391.682
159945.SZ,20180710,0.641,0.641,0.647,0.639,0.645,0.004,0.624,753.0,48.48
159946.SZ,20180710,1.192,1.202,1.202,1.191,1.192,0.0,0.0,10298.0,1237.777
159948.SZ,20180710,1.648,1.813,1.813,1.644,1.662,0.014,0.8495,11886.0,1980.953
159949.SZ,20180710,0.579,0.579,0.584,0.577,0.583,0.004,0.6908,7128049.79,413905.555
159950.SZ,20180710,0.92,0.92,0.92,0.92,0.92,0.0,0.0,5.0,0.46
159951.SZ,20180710,0.781,0.793,0.793,0.79,0.79,0.009,1.1524,37.0,2.923
159952.SZ,20180710,0.906,0.909,0.915,0.904,0.912,0.006,0.6623,275914.0,25065.069
159953.SZ,20180710,0.72,0.713,0.719,0.712,0.717,-0.003,-0.4167,539.0,38.624
159954.SZ,20180710,0.944,0.943,0.943,0.937,0.942,-0.002,-0.2119,20906.0,1967.441
159955.SZ,20180710,0.857,0.859,0.865,0.855,0.862,0.005,0.5834,12260.0,1054.853
159956.SZ,20180710,0.891,0.889,0.898,0.889,0.898,0.007,0.7856,2807.0,250.51
159957.SZ,20180710,0.917,0.925,0.925,0.917,0.924,0.007,0.7634,16396.31,1511.773
159958.SZ,20180710,0.913,0.911,0.921,0.911,0.921,0.008,0.8762,39629.0,3630.26
160105.SZ,20180710,0.997,0.995,0.995,0.98,0.993,-0.004,-0.4012,153.0,15.064
160106.SZ,20180710,1.09,1.069,1.095,1.069,1.083,-0.007,-0.6422,496.0,53.649
160119.SZ,20180710,1.284,1.285,1.295,1.283,1.289,0.005,0.3894,1967.34,253.255
160125.SZ,20180710,1.024,1.02,1.024,1.019,1.023,-0.001,-0.0977,512.0,52.227
160128.SZ,20180710,0.978,0.981,0.981,0.975,0.975,-0.003,-0.3067,1139.19,111.219
160133.SZ,20180710,2.137,2.135,2.142,2.126,2.142,0.005,0.234,2978.07,636.376
160140.SZ,20180710,1.03,1.032,1.032,1.03,1.031,0.001,0.0971,668.0,68.876
160211.SZ,20180710,2.237,2.247,2.26,2.227,2.255,0.018,0.8046,3910.01,877.497
160212.SZ,20180710,2.229,2.209,2.237,2.209,2.237,0.008,0.3589,18712.64,4166.422
160215.SZ,20180710,1.484,1.488,1.501,1.48,1.501,0.017,1.1456,1217.14,181.02
160216.SZ,20180710,0.559,0.563,0.564,0.555,0.56,0.001,0.1789,41247.23,2306.015
160220.SZ,20180710,1.208,1.212,1.212,1.212,1.212,0.004,0.3311,0.01,0.001
160223.SZ,20180710,0.749,0.747,0.75,0.747,0.75,0.001,0.1335,752.0,56.277
160225.SZ,20180710,0.874,0.891,0.891,0.875,0.889,0.015,1.7162,1188.94,105.074
160311.SZ,20180710,1.375,1.366,1.393,1.362,1.376,0.001,0.0727,3460.0,474.075
160314.SZ,20180710,0.968,0.95,0.952,0.95,0.952,-0.016,-1.6529,186.0,17.674
160322.SZ,20180710,1.167,1.151,1.167,1.151,1.167,0.0,0.0,5.0,0.577
160323.SZ,20180710,1.005,0.98,1.0,0.98,1.0,-0.005,-0.4975,1599.23,156.774
160324.SZ,20180710,0.837,0.825,0.839,0.825,0.839,0.002,0.2389,2414.0,199.577
160415.SZ,20180710,0.861,0.863,0.867,0.863,0.865,0.004,0.4646,6.0,0.518
160416.SZ,20180710,1.073,1.078,1.083,1.078,1.082,0.009,0.8388,9356.54,1011.329
160421.SZ,20180710,0.85,0.851,0.875,0.846,0.85,0.0,0.0,3385.38,287.865
160505.SZ,20180710,1.421,1.425,1.435,1.422,1.432,0.011,0.7741,51754.43,7387.682
160512.SZ,20180710,1.555,1.563,1.583,1.558,1.583,0.028,1.8006,121.0,18.887
160515.SZ,20180710,0.979,0.983,0.983,0.983,0.983,0.004,0.4086,1.0,0.098
160518.SZ,20180710,0.933,0.933,0.933,0.92,0.93,-0.003,-0.3215,6080.32,563.18
160519.SZ,20180710,0.842,0.857,0.873,0.857,0.864,0.022,2.6128,1101.0,94.737
160520.SZ,20180710,0.911,0.911,0.911,0.911,0.911,0.0,0.0,14.0,1.275
160607.SZ,20180710,0.703,0.703,0.707,0.7,0.705,0.002,0.2845,2212.96,155.422
160610.SZ,20180710,0.854,0.857,0.857,0.847,0.851,-0.003,-0.3513,1039.0,88.617
160611.SZ,20180710,0.707,0.707,0.711,0.707,0.711,0.004,0.5658,966.83,68.36
160613.SZ,20180710,1.175,1.165,1.185,1.165,1.175,0.0,0.0,4.0,0.47
160615.SZ,20180710,1.423,1.426,1.443,1.426,1.443,0.02,1.4055,12.0,1.728
160616.SZ,20180710,1.115,1.111,1.118,1.111,1.118,0.003,0.2691,12.01,1.339
160617.SZ,20180710,1.031,1.032,1.032,1.032,1.032,0.001,0.097,1.0,0.103
160635.SZ,20180710,1.15,1.149,1.173,1.126,1.154,0.004,0.3478,129.28,14.861
160643.SZ,20180710,0.787,0.801,0.81,0.801,0.808,0.021,2.6684,572.0,46.062
160706.SZ,20180710,0.984,0.984,0.989,0.98,0.986,0.002,0.2033,15766.53,1551.469
160716.SZ,20180710,1.383,1.384,1.385,1.372,1.382,-0.001,-0.0723,3774.46,519.808
160717.SZ,20180710,0.781,0.782,0.786,0.78,0.785,0.004,0.5122,4395.0,343.543
160719.SZ,20180710,0.681,0.684,0.684,0.679,0.68,-0.001,-0.1468,1114.0,75.803
160722.SZ,20180710,0.955,0.95,0.955,0.95,0.953,-0.002,-0.2094,2116.02,201.233
160723.SZ,20180710,1.322,1.322,1.327,1.321,1.327,0.005,0.3782,531.68,70.465
160805.SZ,20180710,0.74,0.745,0.753,0.745,0.746,0.006,0.8108,172.1,12.848
160806.SZ,20180710,1.241,1.256,1.256,1.25,1.253,0.012,0.967,56.3,7.047
160812.SZ,20180710,1.412,1.377,1.383,1.374,1.383,-0.029,-2.0538,986.0,135.545
160813.SZ,20180710,0.75,0.748,0.748,0.748,0.748,-0.002,-0.2667,326.96,24.456
160915.SZ,20180710,1.09,1.094,1.094,1.094,1.094,0.004,0.367,105.01,11.488
160916.SZ,20180710,2.684,2.686,2.695,2.682,2.695,0.011,0.4098,1652.0,444.882
160918.SZ,20180710,1.893,1.9,1.9,1.857,1.89,-0.003,-0.1585,426.0,79.797
160919.SZ,20180710,1.139,1.121,1.149,1.121,1.142,0.003,0.2634,186.0,20.859
160921.SZ,20180710,0.87,0.87,0.87,0.87,0.87,0.0,0.0,1.0,0.087
160924.SZ,20180710,0.998,0.997,0.997,0.997,0.997,-0.001,-0.1002,14.0,1.395
161005.SZ,20180710,1.933,1.937,1.937,1.915,1.93,-0.003,-0.1552,10225.24,1970.263
161010.SZ,20180710,1.037,1.037,1.039,1.037,1.039,0.002,0.1929,2668.0,276.953
161014.SZ,20180710,1.062,1.052,1.052,1.052,1.052,-0.01,-0.9416,1.0,0.105
161015.SZ,20180710,0.95,0.95,0.95,0.95,0.95,0.0,0.0,30.0,2.85
161017.SZ,20180710,1.95,1.95,1.965,1.943,1.958,0.008,0.4103,1518.09,296.364
161019.SZ,20180710,0.976,0.95,0.957,0.945,0.945,-0.031,-3.1762,5033.0,477.536
161033.SZ,20180710,0.817,0.809,0.826,0.809,0.818,0.001,0.1224,148.0,12.081
161035.SZ,20180710,1.07,1.107,1.107,1.083,1.099,0.029,2.7103,345.72,37.72
161037.SZ,20180710,0.962,0.979,0.979,0.977,0.979,0.017,1.7672,267.0,26.122
161039.SZ,20180710,0.994,0.994,0.997,0.994,0.996,0.002,0.2012,22834.24,2270.95
161116.SZ,20180710,0.691,0.693,0.694,0.691,0.693,0.002,0.2894,1769.56,122.534
161117.SZ,20180710,1.04,1.041,1.041,1.041,1.041,0.001,0.0962,101.0,10.514
161119.SZ,20180710,1.287,1.285,1.285,1.28,1.28,-0.007,-0.5439,16.0,2.053
161124.SZ,20180710,1.132,1.19,1.191,1.124,1.139,0.007,0.6184,975.0,112.919
161125.SZ,20180710,1.153,1.157,1.164,1.154,1.158,0.005,0.4337,1495.0,172.99
161126.SZ,20180710,1.167,1.18,1.18,1.174,1.179,0.012,1.0283,594.0,70.02
161127.SZ,20180710,1.452,1.449,1.458,1.449,1.454,0.002,0.1377,1437.0,209.094
161128.SZ,20180710,1.408,1.408,1.433,1.398,1.419,0.011,0.7813,673.5,95.265
161129.SZ,20180710,1.263,1.263,1.296,1.262,1.278,0.015,1.1876,10311.14,1314.522
161130.SZ,20180710,1.187,1.187,1.287,1.187,1.189,0.002,0.1685,728.0,90.939
161210.SZ,20180710,1.038,1.036,1.036,1.036,1.036,-0.002,-0.1927,1.0,0.103
161213.SZ,20180710,1.505,1.503,1.503,1.503,1.503,-0.002,-0.1329,2.0,0.3
161216.SZ,20180710,1.089,1.094,1.094,1.094,1.094,0.005,0.4591,20.0,2.188
161217.SZ,20180710,0.639,0.645,0.648,0.638,0.645,0.006,0.939,513.0,32.924
161219.SZ,20180710,1.205,1.206,1.206,1.206,1.206,0.001,0.083,1.0,0.12
161224.SZ,20180710,0.886,0.888,0.888,0.846,0.886,0.0,0.0,104.0,8.814
161225.SZ,20180710,1.095,1.095,1.095,1.089,1.089,-0.006,-0.5479,273.07,29.769
161226.SZ,20180710,0.802,0.802,0.803,0.8,0.801,-0.001,-0.1247,8028.0,643.111
161227.SZ,20180710,0.884,0.889,0.889,0.882,0.887,0.003,0.3394,5420.47,481.039
1612301.SZ,20180710,0.937,0.972,0.972,0.972,0.972,0.035,3.7353,1.0,0.097
161232.SZ,20180710,0.655,0.69,0.69,0.644,0.685,0.03,4.5802,3011.28,194.377
161233.SZ,20180710,0.93,0.93,0.93,0.921,0.93,0.0,0.0,728.0,67.679
161607.SZ,20180710,1.04,1.04,1.055,1.04,1.055,0.015,1.4423,21.0,2.214
161610.SZ,20180710,0.964,0.951,0.96,0.948,0.956,-0.008,-0.8299,881.83,83.956
161626.SZ,20180710,1.035,1.03,1.03,1.03,1.03,-0.005,-0.4831,1.0,0.103
161631.SZ,20180710,0.921,0.921,0.923,0.91,0.918,-0.003,-0.3257,14752.63,1350.392
161706.SZ,20180710,1.434,1.438,1.465,1.419,1.428,-0.006,-0.4184,1652.0,238.658
161713.SZ,20180710,1.009,1.009,1.009,1.009,1.009,0.0,0.0,20.0,2.018
161714.SZ,20180710,1.05,1.05,1.059,1.026,1.035,-0.015,-1.4286,857.0,88.966
161715.SZ,20180710,0.928,0.9,0.9,0.88,0.895,-0.033,-3.556,282.29,25.162
161716.SZ,20180710,1.144,1.146,1.146,1.146,1.146,0.002,0.1748,14.0,1.604
161722.SZ,20180710,1.132,1.162,1.162,1.131,1.131,-0.001,-0.0883,31.0,3.518
161727.SZ,20180710,1.055,0.97,0.971,0.969,0.97,-0.085,-8.0569,435.84,42.272
161810.SZ,20180710,1.346,1.353,1.383,1.353,1.373,0.027,2.0059,199.9,27.296
161815.SZ,20180710,0.489,0.489,0.494,0.489,0.492,0.003,0.6135,1784.0,87.584
161823.SZ,20180710,1.04,1.051,1.051,1.051,1.051,0.011,1.0577,72.0,7.567
161831.SZ,20180710,0.956,0.958,0.958,0.941,0.955,-0.001,-0.1046,364.1,34.773
161834.SZ,20180710,0.723,0.721,0.723,0.72,0.723,0.0,0.0,7321.62,528.786
161903.SZ,20180710,0.715,0.719,0.729,0.715,0.715,0.0,0.0,40.0,2.87
161907.SZ,20180710,1.496,1.496,1.496,1.494,1.494,-0.002,-0.1337,51.77,7.734
161911.SZ,20180710,0.975,0.976,0.978,0.975,0.978,0.003,0.3077,2834.0,276.708
162006.SZ,20180710,1.111,1.106,1.111,1.106,1.111,0.0,0.0,20.29,2.25
162105.SZ,20180710,1.149,1.068,1.264,1.068,1.264,0.115,10.0087,268.52,33.173
162108.SZ,20180710,1.145,1.134,1.134,1.134,1.134,-0.011,-0.9607,6.0,0.68
162207.SZ,20180710,1.198,1.196,1.213,1.196,1.213,0.015,1.2521,272.09,32.812
162215.SZ,20180710,0.954,0.96,0.96,0.959,0.959,0.005,0.5241,1812.0,173.822
162307.SZ,20180710,1.161,1.165,1.165,1.165,1.165,0.004,0.3445,14.0,1.631
162411.SZ,20180710,0.71,0.721,0.726,0.72,0.724,0.014,1.9718,353462.58,25533.74
162415.SZ,20180710,1.436,1.44,1.442,1.436,1.436,0.0,0.0,1367.0,196.768
162416.SZ,20180710,1.0,1.0,1.0,0.998,1.0,0.0,0.0,385.23,38.503
162510.SZ,20180710,0.902,0.877,0.905,0.875,0.9,-0.002,-0.2217,79.0,6.92
162605.SZ,20180710,1.331,1.337,1.339,1.316,1.334,0.003,0.2254,37498.44,4984.513
162607.SZ,20180710,0.466,0.46,0.469,0.458,0.466,0.0,0.0,7345.0,341.161
162703.SZ,20180710,1.312,1.312,1.317,1.307,1.316,0.004,0.3049,1074.0,141.104
162711.SZ,20180710,1.102,1.106,1.125,1.106,1.121,0.019,1.7241,339.0,37.931
162712.SZ,20180710,1.463,1.463,1.463,1.463,1.463,0.0,0.0,6.0,0.877
162718.SZ,20180710,0.945,0.945,0.949,0.945,0.949,0.004,0.4233,2399.18,227.402
162719.SZ,20180710,1.173,1.183,1.191,1.183,1.191,0.018,1.5345,664.88,79.049
163001.SZ,20180710,0.996,1.011,1.028,1.011,1.028,0.032,3.2129,6.0,0.613
163110.SZ,20180710,1.71,1.715,1.715,1.69,1.71,0.0,0.0,426.0,72.194
163111.SZ,20180710,0.958,0.966,0.969,0.953,0.967,0.009,0.9395,176.01,17.01
163119.SZ,20180710,0.866,0.897,0.897,0.882,0.882,0.016,1.8476,6.0,0.532
163208.SZ,20180710,0.965,0.968,0.978,0.968,0.977,0.012,1.2435,552.0,53.885
163210.SZ,20180710,1.058,1.058,1.06,1.057,1.06,0.002,0.189,1766.0,187.087
163302.SZ,20180710,1.176,1.185,1.185,1.158,1.158,-0.018,-1.5306,114.42,13.428
163402.SZ,20180710,0.835,0.836,0.838,0.83,0.837,0.002,0.2395,48256.01,4025.967
163407.SZ,20180710,1.65,1.655,1.657,1.646,1.656,0.006,0.3636,640.0,105.724
163409.SZ,20180710,1.356,1.366,1.378,1.366,1.367,0.011,0.8112,259.0,35.414
163412.SZ,20180710,2.934,2.934,2.94,2.919,2.94,0.006,0.2045,19669.06,5760.032
163415.SZ,20180710,1.517,1.508,1.517,1.507,1.515,-0.002,-0.1318,2153.16,324.971
163417.SZ,20180710,0.843,0.842,0.843,0.837,0.841,-0.002,-0.2372,205445.89,17247.916
163503.SZ,20180710,0.423,0.429,0.431,0.423,0.428,0.005,1.182,1619.59,69.353
163801.SZ,20180710,1.322,1.318,1.32,1.309,1.32,-0.002,-0.1513,467.0,61.296
163824.SZ,20180710,1.02,1.02,1.022,1.02,1.022,0.002,0.1961,703.0,71.746
164210.SZ,20180710,1.038,0.979,1.038,0.979,1.038,0.0,0.0,4.0,0.409
164701.SZ,20180710,0.581,0.582,0.583,0.58,0.583,0.002,0.3442,160.0,9.308
164702.SZ,20180710,1.007,1.008,1.009,1.008,1.009,0.002,0.1986,72.0,7.264
164703.SZ,20180710,0.831,0.857,0.857,0.834,0.834,0.003,0.361,7.53,0.641
164705.SZ,20180710,1.206,1.187,1.323,1.187,1.258,0.052,4.3118,2342.3,290.83
164808.SZ,20180710,1.018,1.019,1.019,1.019,1.019,0.001,0.0982,50.0,5.095
164906.SZ,20180710,1.483,1.485,1.495,1.471,1.48,-0.003,-0.2023,6347.0,939.295
165309.SZ,20180710,1.085,1.085,1.085,1.083,1.083,-0.002,-0.1843,2.0,0.216
165313.SZ,20180710,1.228,1.27,1.287,1.27,1.277,0.049,3.9902,2107.0,269.065
165317.SZ,20180710,0.9,0.98,0.98,0.98,0.98,0.08,8.8889,1.0,0.098
165509.SZ,20180710,1.075,1.104,1.104,1.104,1.104,0.029,2.6977,0.02,0.002
165510.SZ,20180710,0.756,0.75,0.775,0.75,0.764,0.008,1.0582,1000.0,75.973
165512.SZ,20180710,2.015,2.008,2.008,2.008,2.008,-0.007,-0.3474,4.0,0.803
165513.SZ,20180710,0.476,0.477,0.478,0.476,0.478,0.002,0.4202,1909.0,91.042
165516.SZ,20180710,1.798,1.803,1.803,1.798,1.798,0.0,0.0,5.0,0.901
165525.SZ,20180710,0.786,0.782,0.785,0.782,0.785,-0.001,-0.1272,563.0,44.173
165528.SZ,20180710,0.885,0.892,0.892,0.879,0.888,0.003,0.339,1819.0,160.583
165807.SZ,20180710,0.97,0.97,0.97,0.97,0.97,0.0,0.0,720.0,69.84
166001.SZ,20180710,1.018,1.015,1.024,1.015,1.024,0.006,0.5894,703.0,71.885
166006.SZ,20180710,1.071,1.068,1.069,1.063,1.069,-0.002,-0.1867,158.0,16.83
166011.SZ,20180710,1.149,1.166,1.167,1.16,1.16,0.011,0.9574,332.71,38.699
166012.SZ,20180710,1.1,1.075,1.21,1.075,1.21,0.11,10.0,194.0,22.553
166023.SZ,20180710,0.88,0.888,0.888,0.888,0.888,0.008,0.9091,1.0,0.088
166024.SZ,20180710,0.932,0.925,0.934,0.924,0.932,0.0,0.0,12012.01,1115.58
166105.SZ,20180710,0.952,0.952,0.952,0.952,0.952,0.0,0.0,10.0,0.952
166402.SZ,20180710,0.988,1.036,1.036,1.036,1.036,0.048,4.8583,1.0,0.103
167001.SZ,20180710,0.666,0.669,0.675,0.668,0.672,0.006,0.9009,2209.36,148.683
167002.SZ,20180710,0.856,0.856,0.856,0.84,0.849,-0.007,-0.8178,186.0,15.791
168101.SZ,20180710,0.9,0.903,0.904,0.9,0.902,0.002,0.2222,1411.0,127.108
168102.SZ,20180710,0.768,0.768,0.769,0.766,0.769,0.001,0.1302,7426.37,569.83
168103.SZ,20180710,0.717,0.718,0.72,0.715,0.72,0.003,0.4184,18906.17,1356.43
168105.SZ,20180710,0.709,0.708,0.71,0.706,0.71,0.001,0.141,1664.01,117.719
168108.SZ,20180710,0.974,0.964,0.964,0.964,0.964,-0.01,-1.0267,98.91,9.534
168301.SZ,20180710,0.87,0.873,0.876,0.873,0.876,0.006,0.6897,9412.87,823.927
169101.SZ,20180710,1.424,1.427,1.433,1.42,1.43,0.006,0.4213,71550.48,10206.538
169102.SZ,20180710,1.293,1.29,1.303,1.29,1.301,0.008,0.6187,9200.54,1191.875
169103.SZ,20180710,1.312,1.309,1.318,1.309,1.314,0.002,0.1524,1198.0,157.331
169104.SZ,20180710,1.308,1.312,1.312,1.292,1.308,0.0,0.0,469.0,61.212
169105.SZ,20180710,1.389,1.392,1.399,1.384,1.394,0.005,0.36,77710.01,10804.673
169106.SZ,20180710,0.923,0.923,0.924,0.92,0.922,-0.001,-0.1083,5160.47,475.283
169201.SZ,20180710,0.999,1.002,1.002,1.0,1.0,0.001,0.1001,117.0,11.704
184801.SZ,20180710,87.8,88.0,88.9,88.0,88.8,1.0,1.139,83.0,735.977
501001.SH,20180710,1.093,1.093,1.102,1.087,1.101,0.008,0.7319,2802.45,306.68
501002.SH,20180710,0.674,0.666,0.676,0.659,0.67,-0.004,-0.5935,595.0,39.748
501003.SH,20180710,0.925,0.924,0.945,0.924,0.945,0.02,2.1622,112.24,10.434
501005.SH,20180710,0.981,0.981,0.991,0.978,0.986,0.005,0.5097,1930.0,189.61
501007.SH,20180710,1.0,0.991,1.028,0.991,1.028,0.028,2.8,15.0,1.538
501009.SH,20180710,1.237,1.224,1.261,1.224,1.254,0.017,1.3743,742.32,91.754
501010.SH,20180710,1.225,1.241,1.241,1.231,1.239,0.014,1.1429,338.38,41.931
501011.SH,20180710,0.991,1.019,1.019,1.019,1.019,0.028,2.8254,3.0,0.306
501015.SH,20180710,0.859,0.86,0.867,0.858,0.867,0.008,0.9313,13952.45,1200.936
501016.SH,20180710,0.765,0.768,0.769,0.768,0.768,0.003,0.3922,113.0,8.679
501017.SH,20180710,0.836,0.837,0.837,0.837,0.837,0.001,0.1196,1.0,0.084
501018.SH,20180710,1.243,1.245,1.253,1.242,1.253,0.01,0.8045,9616.15,1199.077
501019.SH,20180710,0.69,0.69,0.693,0.688,0.693,0.003,0.4348,663.23,45.795
501021.SH,20180710,1.425,1.434,1.436,1.415,1.425,0.0,0.0,4655.0,665.7
501022.SH,20180710,0.743,0.733,0.74,0.733,0.74,-0.003,-0.4038,7725.0,569.232
501025.SH,20180710,1.081,1.073,1.099,1.073,1.099,0.018,1.6651,42.0,4.522
501026.SH,20180710,0.771,0.776,0.776,0.773,0.773,0.002,0.2594,65.0,5.028
501027.SH,20180710,0.987,0.991,0.991,0.989,0.989,0.002,0.2026,282.0,27.946
501028.SH,20180710,0.732,0.734,0.734,0.728,0.729,-0.003,-0.4098,2266.0,165.518
501029.SH,20180710,0.942,0.943,0.947,0.939,0.945,0.003,0.3185,103761.32,9786.641
501030.SH,20180710,0.657,0.68,0.68,0.651,0.657,0.0,0.0,163.0,10.754
501032.SH,20180710,0.798,0.798,0.798,0.798,0.798,0.0,0.0,4.0,0.319
501035.SH,20180710,0.914,0.908,0.918,0.902,0.91,-0.004,-0.4376,1527.45,138.878
501036.SH,20180710,0.789,0.814,0.814,0.812,0.812,0.023,2.9151,5.0,0.406
501037.SH,20180710,0.797,0.797,0.797,0.797,0.797,0.0,0.0,416.01,33.156
501038.SH,20180710,1.009,1.006,1.009,0.999,1.008,-0.001,-0.0991,11016.08,1105.884
501040.SH,20180710,0.948,0.948,0.951,0.948,0.951,0.003,0.3165,352.0,33.445
501043.SH,20180710,0.915,0.901,0.928,0.901,0.921,0.006,0.6557,237.0,21.923
501045.SH,20180710,0.935,0.935,0.95,0.904,0.919,-0.016,-1.7112,12.0,1.096
501046.SH,20180710,0.847,0.847,0.847,0.832,0.832,-0.015,-1.771,30.64,2.552
501049.SH,20180710,1.025,1.025,1.025,1.018,1.021,-0.004,-0.3902,6705.4,684.954
501050.SH,20180710,1.094,1.095,1.1,1.093,1.096,0.002,0.1828,7963.13,872.328
501051.SH,20180710,0.903,0.894,0.902,0.894,0.9,-0.003,-0.3322,963.14,86.237
501057.SH,20180710,0.969,0.962,0.98,0.96,0.98,0.011,1.1352,2763.69,266.11
501058.SH,20180710,0.965,0.965,0.966,0.965,0.966,0.001,0.1036,143.0,13.813
501300.SH,20180710,0.939,0.938,0.946,0.938,0.942,0.003,0.3195,649.55,60.998
501301.SH,20180710,1.14,1.148,1.149,1.135,1.149,0.009,0.7895,598.03,68.164
501305.SH,20180710,0.93,0.929,0.929,0.929,0.929,-0.001,-0.1075,1.0,0.093
502003.SH,20180710,0.732,0.725,0.728,0.721,0.728,-0.004,-0.5464,32588.74,2362.468
502004.SH,20180710,1.0,0.926,0.929,0.925,0.928,-0.072,-7.2,22740.14,2107.307
502005.SH,20180710,0.522,0.523,0.537,0.52,0.533,0.011,2.1073,19880.41,1045.722
502006.SH,20180710,0.91,0.919,0.922,0.911,0.921,0.011,1.2088,7652.77,703.796
502007.SH,20180710,0.923,0.922,0.923,0.922,0.923,0.0,0.0,218.0,20.118
502008.SH,20180710,0.918,0.917,0.938,0.903,0.937,0.019,2.0697,290.64,26.537
502010.SH,20180710,0.817,0.812,0.812,0.801,0.809,-0.008,-0.9792,4816.24,389.291
502011.SH,20180710,1.0,0.918,0.922,0.918,0.922,-0.078,-7.8,5339.0,491.187
502012.SH,20180710,0.698,0.709,0.709,0.69,0.692,-0.006,-0.8596,1096.0,76.086
502013.SH,20180710,0.665,0.668,0.672,0.666,0.671,0.006,0.9023,3806.11,254.555
502014.SH,20180710,0.981,0.982,0.982,0.979,0.982,0.001,0.1019,23059.18,2261.725
502015.SH,20180710,0.345,0.353,0.365,0.35,0.361,0.016,4.6377,6559.78,233.873
502023.SH,20180710,0.849,0.85,0.919,0.85,0.891,0.042,4.947,573.11,51.483
502040.SH,20180710,1.038,1.041,1.041,1.036,1.036,-0.002,-0.1927,206.0,21.442
502048.SH,20180710,0.82,0.82,0.821,0.816,0.818,-0.002,-0.2439,1857.73,151.914
502049.SH,20180710,0.946,0.958,0.958,0.947,0.947,0.001,0.1057,4337.0,411.053
502050.SH,20180710,0.694,0.687,0.698,0.673,0.695,0.001,0.1441,26336.0,1811.431
502053.SH,20180710,0.679,0.68,0.68,0.676,0.676,-0.003,-0.4418,994.0,67.195
502054.SH,20180710,0.976,0.973,0.979,0.972,0.977,0.001,0.1025,5543.0,541.258
502055.SH,20180710,0.384,0.38,0.383,0.369,0.383,-0.001,-0.2604,2509.0,94.304
502056.SH,20180710,1.069,1.069,1.069,1.066,1.066,-0.003,-0.2806,100.0,10.689
502058.SH,20180710,1.1,1.197,1.21,1.197,1.21,0.11,10.0,23.0,2.783
505888.SH,20180710,0.954,0.952,0.957,0.95,0.953,-0.001,-0.1048,218636.18,20831.86
510010.SH,20180710,1.013,1.013,1.018,1.012,1.017,0.004,0.3949,388.0,39.415
510020.SH,20180710,2.444,2.456,2.488,2.415,2.44,-0.004,-0.1637,55.1,13.688
510030.SH,20180710,4.498,4.533,4.65,4.482,4.482,-0.016,-0.3557,197.0,88.728
510050.SH,20180710,2.496,2.495,2.501,2.472,2.493,-0.003,-0.1202,4163678.25,1035850.728
510060.SH,20180710,1.631,1.63,1.638,1.623,1.633,0.002,0.1226,2168.32,353.52
510090.SH,20180710,1.446,1.456,1.457,1.456,1.457,0.011,0.7607,64.0,9.324
510110.SH,20180710,3.125,3.115,3.115,3.115,3.115,-0.01,-0.32,5.0,1.558
510120.SH,20180710,3.014,3.011,3.011,3.011,3.011,-0.003,-0.0995,1.0,0.301
510150.SH,20180710,4.956,4.956,5.099,4.9,4.974,0.018,0.3632,21407.0,10616.746
510160.SH,20180710,0.516,0.516,0.519,0.514,0.518,0.002,0.3876,6997.0,361.417
510170.SH,20180710,1.653,1.661,1.674,1.661,1.674,0.021,1.2704,36.0,5.985
510180.SH,20180710,3.021,3.023,3.031,3.001,3.024,0.003,0.0993,119389.0,35990.287
510190.SH,20180710,3.17,3.297,3.39,3.2,3.211,0.041,1.2934,514.0,171.991
510210.SH,20180710,3.353,3.353,3.355,3.3,3.355,0.002,0.0596,99.0,32.989
510220.SH,20180710,3.795,3.795,3.795,3.78,3.789,-0.006,-0.1581,42.0,15.907
510230.SH,20180710,5.39,5.396,5.396,5.333,5.369,-0.021,-0.3896,10581.0,5672.101
510260.SH,20180710,1.079,1.056,1.089,1.055,1.089,0.01,0.9268,94.0,10.108
510270.SH,20180710,1.003,0.993,0.998,0.977,0.991,-0.012,-1.1964,153.0,15.055
510280.SH,20180710,1.592,1.591,1.618,1.589,1.608,0.016,1.005,317.0,50.989
510290.SH,20180710,1.37,1.37,1.383,1.37,1.377,0.007,0.5109,237.0,32.613
510300.SH,20180710,3.494,3.5,3.507,3.469,3.503,0.009,0.2576,1457344.81,508628.683
510310.SH,20180710,1.486,1.486,1.491,1.478,1.488,0.002,0.1346,28394.0,4217.438
510330.SH,20180710,3.781,3.795,3.795,3.755,3.79,0.009,0.238,41923.0,15814.585
510360.SH,20180710,1.099,1.102,1.105,1.093,1.102,0.003,0.273,40119.0,4402.268
510380.SH,20180710,0.9,0.865,0.865,0.865,0.865,-0.035,-3.8889,4.0,0.346
510390.SH,20180710,3.481,3.466,3.502,3.464,3.494,0.013,0.3735,50514.58,17597.894
510410.SH,20180710,0.649,0.651,0.655,0.646,0.655,0.006,0.9245,812.0,52.745
510430.SH,20180710,1.339,1.3,1.327,1.3,1.327,-0.012,-0.8962,2.0,0.263
510440.SH,20180710,1.487,1.474,1.495,1.474,1.491,0.004,0.269,13.0,1.928
510500.SH,20180710,5.418,5.42,5.458,5.387,5.447,0.029,0.5353,452621.07,245388.916
510510.SH,20180710,1.432,1.433,1.443,1.43,1.441,0.009,0.6285,98127.0,14088.581
510520.SH,20180710,1.33,1.364,1.365,1.36,1.364,0.034,2.5564,54.0,7.366
510560.SH,20180710,1.101,1.11,1.11,1.109,1.109,0.008,0.7266,23.0,2.553
510580.SH,20180710,5.539,5.152,5.229,5.143,5.209,-0.33,-5.9578,80.0,41.455
510590.SH,20180710,5.187,5.185,5.214,5.152,5.209,0.022,0.4241,10247.89,5307.937
510630.SH,20180710,2.319,2.335,2.335,2.242,2.326,0.007,0.3019,6285.0,1457.219
510650.SH,20180710,1.65,1.647,1.647,1.555,1.566,-0.084,-5.0909,385.0,60.219
510660.SH,20180710,2.0,2.001,2.05,2.0,2.024,0.024,1.2,15764.1,3170.308
510680.SH,20180710,2.113,2.127,2.127,2.1,2.104,-0.009,-0.4259,7.0,1.482
510710.SH,20180710,2.651,2.651,2.657,2.629,2.65,-0.001,-0.0377,6587.09,1742.96
510800.SH,20180710,0.853,0.865,0.865,0.84,0.849,-0.004,-0.4689,39912.0,3398.859
510810.SH,20180710,0.842,0.843,0.846,0.84,0.84,-0.002,-0.2375,8015.0,674.894
510880.SH,20180710,2.671,2.671,2.686,2.66,2.681,0.01,0.3744,67835.0,18125.288
510900.SH,20180710,1.139,1.141,1.142,1.132,1.138,-0.001,-0.0878,9004985.0,1023700.345
511010.SH,20180710,112.935,112.95,112.998,112.74,112.841,-0.094,-0.0832,15711.0,177356.809
511220.SH,20180710,91.149,91.289,91.289,90.8,90.801,-0.348,-0.3818,1050.0,9558.551
511260.SH,20180710,102.3,102.16,102.4,102.1,102.374,0.074,0.0723,53.0,542.255
511280.SH,20180710,99.6,99.6,99.6,99.6,99.6,0.0,0.0,0.1,0.996
511290.SH,20180710,102.003,100.901,100.901,100.901,100.901,-1.102,-1.0804,0.2,2.018
511310.SH,20180710,100.008,101.014,102.979,101.014,102.979,2.971,2.9708,78.9,812.103
511600.SH,20180710,100.023,100.02,100.023,100.016,100.023,0.0,0.0,2127.25,21276.419
511620.SH,20180710,99.991,99.985,99.993,99.985,99.988,-0.003,-0.003,53.29,532.842
511650.SH,20180710,100.017,100.01,100.025,100.01,100.015,-0.002,-0.002,4974.14,49748.487
511660.SH,20180710,100.048,100.033,100.051,100.03,100.042,-0.006,-0.006,112248.7,1122950.637
511670.SH,20180710,100.003,100.002,100.006,99.999,100.006,0.003,0.003,8922.36,89225.679
511680.SH,20180710,100.003,99.991,99.991,99.991,99.991,-0.012,-0.012,0.01,0.1
511690.SH,20180710,100.022,100.014,100.04,100.013,100.038,0.016,0.016,33817.18,338253.468
511700.SH,20180710,100.028,100.018,100.034,100.018,100.034,0.006,0.006,351.94,3520.286
511770.SH,20180710,100.001,100.003,100.004,99.996,100.004,0.003,0.003,2915.18,29151.777
511800.SH,20180710,100.025,100.0,100.02,100.0,100.017,-0.008,-0.008,640.43,6404.993
511810.SH,20180710,100.012,100.01,100.017,100.005,100.011,-0.001,-0.001,106208.63,1062192.817
511820.SH,20180710,100.022,100.015,100.025,100.015,100.02,-0.002,-0.002,69049.67,690641.532
511830.SH,20180710,100.027,100.024,100.03,100.0,100.023,-0.004,-0.004,1756.09,17564.018
511850.SH,20180710,100.029,100.024,100.033,100.018,100.032,0.003,0.003,11468.15,114712.909
511860.SH,20180710,100.005,99.997,100.009,99.997,100.005,0.0,0.0,2963.6,29636.991
511880.SH,20180710,102.408,102.388,102.403,102.37,102.387,-0.021,-0.0205,916691.72,9385628.032
511900.SH,20180710,100.019,100.016,100.025,100.015,100.022,0.003,0.003,10611.92,106140.045
511910.SH,20180710,100.003,100.001,100.003,99.995,100.001,-0.002,-0.002,600.09,6000.923
511920.SH,20180710,100.05,100.0,100.006,100.0,100.006,-0.044,-0.044,0.02,0.2
511950.SH,20180710,99.973,99.951,100.001,99.897,100.001,0.028,0.028,36.0,359.904
511960.SH,20180710,100.01,100.006,100.018,100.004,100.012,0.002,0.002,25.39,253.926
511970.SH,20180710,99.999,100.0,100.0,100.0,100.0,0.001,0.001,1.05,10.5
511980.SH,20180710,100.009,99.998,100.009,99.996,100.006,-0.003,-0.003,323.52,3235.257
511990.SH,20180710,100.023,100.015,100.041,100.013,100.034,0.011,0.011,1306430.6,13067007.436
512000.SH,20180710,0.706,0.707,0.709,0.701,0.706,0.0,0.0,271175.0,19097.806
512010.SH,20180710,1.919,1.92,1.932,1.905,1.932,0.013,0.6774,48777.3,9363.646
512070.SH,20180710,1.648,1.645,1.65,1.634,1.642,-0.006,-0.3641,3469.0,568.893
512090.SH,20180710,0.93,0.931,0.934,0.923,0.931,0.001,0.1075,948672.0,88136.653
512100.SH,20180710,0.652,0.647,0.658,0.647,0.658,0.006,0.9202,4603.0,301.5
512120.SH,20180710,1.675,1.671,1.686,1.665,1.686,0.011,0.6567,21019.0,3522.295
512160.SH,20180710,0.93,0.93,0.934,0.925,0.932,0.002,0.2151,255291.0,23722.066
512180.SH,20180710,0.908,0.906,0.912,0.903,0.911,0.003,0.3304,1072076.0,97262.746
512200.SH,20180710,0.755,0.751,0.769,0.751,0.763,0.008,1.0596,60271.0,4576.386
512220.SH,20180710,1.178,1.179,1.18,1.179,1.18,0.002,0.1698,26.0,3.066
512280.SH,20180710,0.911,0.91,0.913,0.903,0.912,0.001,0.1098,290522.0,26396.577
512300.SH,20180710,1.158,1.157,1.163,1.153,1.163,0.005,0.4318,2985.0,345.612
512310.SH,20180710,0.475,0.476,0.479,0.473,0.477,0.002,0.4211,8118.0,388.04
512330.SH,20180710,0.709,0.709,0.712,0.703,0.71,0.001,0.141,16310.07,1156.277
512340.SH,20180710,0.774,0.777,0.79,0.777,0.787,0.013,1.6796,575.0,45.172
512400.SH,20180710,0.722,0.72,0.737,0.72,0.733,0.011,1.5235,54284.0,3963.414
512500.SH,20180710,2.513,2.513,2.534,2.51,2.53,0.017,0.6765,17999.27,4535.628
512510.SH,20180710,1.075,1.077,1.083,1.073,1.081,0.006,0.5581,22773.0,2452.8
512520.SH,20180710,0.914,0.906,0.917,0.906,0.914,0.0,0.0,136605.12,12462.873
512550.SH,20180710,0.976,0.986,0.986,0.966,0.975,-0.001,-0.1025,8533.0,829.952
512560.SH,20180710,0.769,0.762,0.779,0.762,0.778,0.009,1.1704,371.0,28.667
512570.SH,20180710,0.713,0.711,0.715,0.711,0.712,-0.001,-0.1403,42.0,2.991
512580.SH,20180710,0.763,0.766,0.767,0.76,0.766,0.003,0.3932,291917.0,22279.857
512600.SH,20180710,2.293,2.293,2.294,2.219,2.291,-0.002,-0.0872,3240.0,739.976
512610.SH,20180710,1.639,1.642,1.647,1.63,1.647,0.008,0.4881,845.0,139.13
512640.SH,20180710,1.589,1.576,1.576,1.576,1.576,-0.013,-0.8181,1.0,0.158
512660.SH,20180710,0.715,0.715,0.72,0.71,0.72,0.005,0.6993,429084.0,30734.665
512680.SH,20180710,0.698,0.698,0.703,0.695,0.703,0.005,0.7163,60700.0,4254.135
512700.SH,20180710,0.923,0.923,0.923,0.915,0.919,-0.004,-0.4334,15209.0,1397.866
512780.SH,20180710,0.793,0.791,0.803,0.785,0.803,0.01,1.261,37405.0,2983.886
512800.SH,20180710,0.898,0.899,0.899,0.888,0.896,-0.002,-0.2227,153636.28,13726.261
512810.SH,20180710,0.677,0.673,0.681,0.673,0.681,0.004,0.5908,5836.62,393.988
512880.SH,20180710,0.744,0.745,0.746,0.737,0.743,-0.001,-0.1344,603668.0,44754.386
512900.SH,20180710,0.712,0.712,0.714,0.708,0.71,-0.002,-0.2809,8727.0,620.737
512980.SH,20180710,0.816,0.815,0.817,0.809,0.815,-0.001,-0.1225,40285.0,3275.966
512990.SH,20180710,1.006,1.006,1.011,1.001,1.009,0.003,0.2982,83459.0,8403.424
513030.SH,20180710,1.09,1.092,1.093,1.086,1.089,-0.001,-0.0917,4494.0,489.253
513050.SH,20180710,1.522,1.539,1.54,1.517,1.53,0.008,0.5256,150368.6,22957.133
513100.SH,20180710,2.574,2.592,2.62,2.57,2.604,0.03,1.1655,63324.0,16432.242
513500.SH,20180710,1.718,1.723,1.728,1.722,1.726,0.008,0.4657,23079.0,3982.989
513600.SH,20180710,2.565,2.569,2.572,2.552,2.553,-0.012,-0.4678,1560.0,400.421
513660.SH,20180710,2.549,2.554,2.556,2.536,2.542,-0.007,-0.2746,505.0,128.911
513900.SH,20180710,0.984,0.991,0.991,0.98,0.984,0.0,0.0,2658.0,262.835
518800.SH,20180710,2.659,2.655,2.655,2.649,2.653,-0.006,-0.2256,287935.0,76401.041
518880.SH,20180710,2.677,2.668,2.673,2.666,2.668,-0.009,-0.3362,2261411.0,603637.094
