ts_code,trade_date,pre_close,open,high,low,close,change,pct_chg,vol,amount
150008.SZ,20180228,1.149,1.147,1.147,1.147,1.147,-0.002,-0.1741,100.0,11.47
150009.SZ,20180228,0.975,0.931,0.97,0.931,0.968,-0.007,-0.7179,989.36,93.45
150012.SZ,20180228,1.012,1.012,1.012,1.012,1.012,0.0,0.0,788.08,79.753
150013.SZ,20180228,1.618,1.602,1.613,1.602,1.606,-0.012,-0.7417,2102.0,337.635
150016.SZ,20180228,1.151,1.159,1.159,1.159,1.159,0.008,0.695,27.0,3.129
150017.SZ,20180228,1.523,1.52,1.52,1.509,1.51,-0.013,-0.8536,2975.0,450.204
150018.SZ,20180228,0.901,0.898,0.903,0.898,0.901,0.0,0.0,93338.4,8410.52
150019.SZ,20180228,1.219,1.2,1.228,1.181,1.214,-0.005,-0.4102,355755.6,42808.511
150022.SZ,20180228,0.766,0.766,0.771,0.761,0.769,0.003,0.3916,118137.78,9077.236
150023.SZ,20180228,0.392,0.389,0.394,0.385,0.391,-0.001,-0.2551,310956.56,12119.468
150028.SZ,20180228,0.892,0.9,0.9,0.9,0.9,0.008,0.8969,51.0,4.59
150029.SZ,20180228,1.436,1.415,1.44,1.415,1.44,0.004,0.2786,811.69,116.105
150031.SZ,20180228,1.22,1.13,1.19,1.13,1.19,-0.03,-2.459,150.87,17.179
150032.SZ,20180228,1.03,1.029,1.029,1.029,1.029,-0.001,-0.0971,50.0,5.145
150033.SZ,20180228,1.024,1.025,1.025,1.025,1.025,0.001,0.0977,1.0,0.102
150047.SZ,20180228,1.33,1.379,1.379,1.379,1.379,0.049,3.6842,1.0,0.137
150048.SZ,20180228,1.338,1.308,1.337,1.308,1.308,-0.03,-2.2422,144.0,18.872
150050.SZ,20180228,1.635,1.52,1.626,1.52,1.619,-0.016,-0.9786,505.64,79.634
150051.SZ,20180228,0.89,0.89,0.894,0.888,0.894,0.004,0.4494,25437.54,2265.81
150052.SZ,20180228,0.995,0.981,0.987,0.962,0.964,-0.031,-3.1156,26643.68,2593.261
150055.SZ,20180228,0.999,1.003,1.003,1.003,1.003,0.004,0.4004,10.0,1.003
150058.SZ,20180228,1.06,1.065,1.065,1.065,1.065,0.005,0.4717,17.0,1.81
150059.SZ,20180228,0.957,0.91,0.92,0.91,0.92,-0.037,-3.8662,376.0,34.572
150066.SZ,20180228,0.863,0.859,0.859,0.859,0.859,-0.004,-0.4635,10.02,0.86
150067.SZ,20180228,1.491,1.492,1.492,1.491,1.491,0.0,0.0,50.0,7.455
150073.SZ,20180228,0.91,0.919,0.922,0.915,0.915,0.005,0.5495,758.31,69.627
150075.SZ,20180228,1.095,1.099,1.113,1.099,1.113,0.018,1.6438,22.1,2.442
150090.SZ,20180228,0.912,0.912,0.92,0.912,0.918,0.006,0.6579,2733.0,250.696
150091.SZ,20180228,0.88,0.88,0.88,0.88,0.88,0.0,0.0,137.0,12.056
150094.SZ,20180228,0.943,0.984,0.984,0.984,0.984,0.041,4.3478,1.0,0.098
150095.SZ,20180228,0.529,0.476,0.566,0.476,0.566,0.037,6.9943,80.0,3.848
150100.SZ,20180228,1.037,0.95,0.95,0.95,0.95,-0.087,-8.3896,1231.36,116.979
150101.SZ,20180228,1.498,1.48,1.499,1.48,1.499,0.001,0.0668,1801.36,266.819
150104.SZ,20180228,0.94,0.938,0.938,0.938,0.938,-0.002,-0.2128,204.0,19.135
150105.SZ,20180228,1.816,1.87,1.87,1.86,1.86,0.044,2.4229,225.0,41.995
150106.SZ,20180228,1.042,1.041,1.045,1.041,1.045,0.003,0.2879,11961.5,1247.513
150107.SZ,20180228,1.162,1.161,1.175,1.142,1.155,-0.007,-0.6024,9036.66,1049.46
150117.SZ,20180228,0.95,0.95,0.952,0.948,0.951,0.001,0.1053,188987.94,17960.71
150118.SZ,20180228,0.641,0.629,0.69,0.615,0.652,0.011,1.7161,402543.01,26005.459
150123.SZ,20180228,1.009,1.009,1.009,1.008,1.009,0.0,0.0,35169.69,3545.578
150124.SZ,20180228,0.959,0.933,0.948,0.91,0.937,-0.022,-2.2941,38722.28,3619.091
150130.SZ,20180228,0.999,1.0,1.0,0.999,0.999,0.0,0.0,42732.47,4273.191
150131.SZ,20180228,0.617,0.611,0.623,0.604,0.615,-0.002,-0.3241,217074.98,13341.117
150135.SZ,20180228,1.003,1.002,1.003,1.002,1.003,0.0,0.0,104.0,10.425
150136.SZ,20180228,1.12,1.09,1.09,1.09,1.09,-0.03,-2.6786,443.0,48.287
150139.SZ,20180228,0.89,0.811,0.811,0.811,0.811,-0.079,-8.8764,11.36,0.921
150144.SZ,20180228,1.29,1.22,1.228,1.218,1.22,-0.07,-5.4264,267.77,32.718
150145.SZ,20180228,0.955,0.971,0.971,0.971,0.971,0.016,1.6754,11.0,1.068
150146.SZ,20180228,1.11,1.11,1.155,1.079,1.118,0.008,0.7207,212.13,23.539
150149.SZ,20180228,0.788,0.78,0.8,0.763,0.785,-0.003,-0.3807,4413.0,347.215
150150.SZ,20180228,0.899,0.899,0.904,0.899,0.904,0.005,0.5562,222.0,20.068
150151.SZ,20180228,1.448,1.369,1.481,1.369,1.462,0.014,0.9669,287.58,41.875
150152.SZ,20180228,0.948,0.948,0.954,0.945,0.953,0.005,0.5274,940639.58,89213.229
150153.SZ,20180228,0.533,0.522,0.56,0.517,0.535,0.002,0.3752,4158663.31,223833.248
150157.SZ,20180228,0.962,0.962,0.962,0.962,0.962,0.0,0.0,4922.0,473.496
150158.SZ,20180228,1.107,1.087,1.099,1.065,1.077,-0.03,-2.71,42738.64,4599.59
150164.SZ,20180228,0.96,0.96,0.96,0.941,0.941,-0.019,-1.9792,25.22,2.419
150165.SZ,20180228,1.207,1.128,1.196,1.11,1.196,-0.011,-0.9114,704.13,80.951
150167.SZ,20180228,0.96,0.945,0.958,0.945,0.958,-0.002,-0.2083,108.0,10.24
150168.SZ,20180228,1.08,1.002,1.003,1.002,1.003,-0.077,-7.1296,8.97,0.899
150169.SZ,20180228,0.97,0.972,0.972,0.97,0.97,0.0,0.0,4069.16,394.922
150170.SZ,20180228,1.49,1.48,1.48,1.45,1.453,-0.037,-2.4832,9226.0,1342.747
150171.SZ,20180228,0.928,0.928,0.933,0.928,0.932,0.004,0.431,328447.06,30595.047
150172.SZ,20180228,0.913,0.901,0.925,0.88,0.902,-0.011,-1.2048,944320.22,84953.429
150173.SZ,20180228,0.935,0.936,0.939,0.936,0.936,0.001,0.107,7677.0,719.547
150174.SZ,20180228,0.51,0.5,0.54,0.495,0.539,0.029,5.6863,5806.49,301.628
150175.SZ,20180228,0.895,0.894,0.897,0.893,0.897,0.002,0.2235,56818.71,5091.381
150176.SZ,20180228,1.207,1.195,1.195,1.154,1.163,-0.044,-3.6454,111061.06,12955.275
150178.SZ,20180228,1.417,1.388,1.414,1.34,1.389,-0.028,-1.976,5605.12,776.223
150179.SZ,20180228,0.985,1.005,1.005,1.005,1.005,0.02,2.0305,237.0,23.818
150180.SZ,20180228,1.409,1.417,1.44,1.401,1.428,0.019,1.3485,529.84,75.456
150181.SZ,20180228,0.926,0.926,0.93,0.926,0.93,0.004,0.432,267846.52,24856.514
150182.SZ,20180228,0.586,0.566,0.617,0.561,0.587,0.001,0.1706,782768.63,46255.626
150185.SZ,20180228,0.719,0.712,0.731,0.691,0.722,0.003,0.4172,16973.28,1217.816
150186.SZ,20180228,0.888,0.888,0.893,0.888,0.893,0.005,0.5631,13739.85,1224.431
150187.SZ,20180228,1.261,1.229,1.296,1.229,1.27,0.009,0.7137,6927.43,883.852
150188.SZ,20180228,0.983,0.982,0.985,0.982,0.984,0.001,0.1017,4670.89,459.465
150189.SZ,20180228,0.72,0.743,0.743,0.691,0.72,0.0,0.0,1138.44,81.982
150190.SZ,20180228,0.943,0.954,0.955,0.954,0.954,0.011,1.1665,1675.0,159.82
150191.SZ,20180228,0.978,1.012,1.012,0.982,1.007,0.029,2.9652,1723.39,171.234
150192.SZ,20180228,1.096,0.99,1.117,0.99,1.025,-0.071,-6.4781,18.25,1.947
150193.SZ,20180228,1.298,1.22,1.319,1.219,1.295,-0.003,-0.2311,13422.42,1722.003
150194.SZ,20180228,0.895,0.894,0.898,0.894,0.898,0.003,0.3352,96840.09,8683.888
150195.SZ,20180228,1.217,1.2,1.249,1.195,1.228,0.011,0.9039,41305.94,5068.083
150196.SZ,20180228,0.95,0.949,0.954,0.949,0.953,0.003,0.3158,43808.98,4170.293
150197.SZ,20180228,1.237,1.204,1.275,1.203,1.259,0.022,1.7785,134400.98,16620.436
150198.SZ,20180228,1.085,1.075,1.075,1.075,1.075,-0.01,-0.9217,1.0,0.107
150199.SZ,20180228,1.512,1.478,1.497,1.431,1.45,-0.062,-4.1005,26838.73,3897.812
150200.SZ,20180228,0.895,0.895,0.899,0.894,0.899,0.004,0.4469,256088.47,22966.255
150201.SZ,20180228,1.17,1.15,1.198,1.125,1.164,-0.006,-0.5128,1068330.22,123475.879
150203.SZ,20180228,0.915,0.917,0.922,0.917,0.919,0.004,0.4372,5714.62,525.428
150204.SZ,20180228,0.675,0.675,0.675,0.641,0.672,-0.003,-0.4444,23182.0,1535.145
150205.SZ,20180228,0.916,0.916,0.921,0.915,0.921,0.005,0.5459,284575.09,26131.303
150206.SZ,20180228,0.704,0.69,0.743,0.677,0.702,-0.002,-0.2841,340906.95,24404.83
150208.SZ,20180228,0.62,0.618,0.642,0.601,0.619,-0.001,-0.1613,2442.0,153.725
150209.SZ,20180228,0.908,0.907,0.912,0.907,0.912,0.004,0.4405,154343.92,14026.928
150210.SZ,20180228,0.967,0.961,0.962,0.937,0.943,-0.024,-2.4819,77908.66,7375.381
150211.SZ,20180228,0.925,0.925,0.928,0.925,0.927,0.002,0.2162,83810.09,7761.131
150212.SZ,20180228,0.697,0.69,0.728,0.672,0.722,0.025,3.5868,242951.38,17328.199
150213.SZ,20180228,0.912,0.915,0.921,0.915,0.918,0.006,0.6579,20126.68,1848.596
150214.SZ,20180228,1.207,1.18,1.248,1.17,1.221,0.014,1.1599,26715.24,3215.037
150216.SZ,20180228,1.304,1.174,1.31,1.174,1.308,0.004,0.3067,1246.32,161.756
150217.SZ,20180228,0.924,0.925,0.928,0.925,0.928,0.004,0.4329,17196.36,1594.339
150218.SZ,20180228,0.548,0.527,0.579,0.525,0.555,0.007,1.2774,18416.4,1015.469
150219.SZ,20180228,1.036,1.08,1.08,1.08,1.08,0.044,4.2471,1.0,0.108
150220.SZ,20180228,0.784,0.765,0.787,0.765,0.786,0.002,0.2551,5966.93,466.203
150221.SZ,20180228,1.072,1.072,1.078,1.072,1.078,0.006,0.5597,157736.49,16947.615
150222.SZ,20180228,1.055,1.046,1.096,1.024,1.064,0.009,0.8531,331051.33,35235.313
150223.SZ,20180228,0.987,0.988,0.992,0.986,0.992,0.005,0.5066,308866.87,30554.105
150224.SZ,20180228,0.714,0.699,0.72,0.681,0.701,-0.013,-1.8207,1564707.03,109202.174
150225.SZ,20180228,0.955,1.05,1.05,1.05,1.05,0.095,9.9476,1.0,0.105
150227.SZ,20180228,0.9,0.9,0.904,0.9,0.903,0.003,0.3333,238052.0,21490.961
150228.SZ,20180228,1.086,1.072,1.073,1.054,1.062,-0.024,-2.2099,557308.18,59336.818
150230.SZ,20180228,1.58,1.56,1.565,1.5,1.518,-0.062,-3.9241,892.0,136.733
150231.SZ,20180228,1.029,1.132,1.132,1.132,1.132,0.103,10.0097,1.0,0.113
150232.SZ,20180228,1.244,1.214,1.305,1.214,1.25,0.006,0.4823,2390.72,305.735
150233.SZ,20180228,0.918,0.918,0.922,0.918,0.918,0.0,0.0,1574.29,144.591
150234.SZ,20180228,0.943,0.907,0.938,0.907,0.918,-0.025,-2.6511,1188.67,109.477
150235.SZ,20180228,0.912,0.915,0.922,0.915,0.921,0.009,0.9868,5454.75,501.995
150236.SZ,20180228,0.693,0.685,0.703,0.671,0.694,0.001,0.1443,12151.6,828.638
150242.SZ,20180228,1.223,1.22,1.235,1.215,1.232,0.009,0.7359,642.0,78.309
150243.SZ,20180228,0.925,0.925,0.93,0.925,0.929,0.004,0.4324,30610.47,2837.177
150244.SZ,20180228,0.596,0.591,0.622,0.581,0.602,0.006,1.0067,88061.19,5294.417
150245.SZ,20180228,1.001,1.001,1.001,1.001,1.001,0.0,0.0,50.48,5.053
150246.SZ,20180228,1.05,1.064,1.064,1.062,1.062,0.012,1.1429,61.0,6.478
150247.SZ,20180228,0.95,0.948,0.953,0.948,0.953,0.003,0.3158,23160.06,2204.119
150248.SZ,20180228,0.633,0.625,0.643,0.613,0.636,0.003,0.4739,32704.21,2073.052
150249.SZ,20180228,0.914,0.902,0.902,0.902,0.902,-0.012,-1.3129,4.0,0.36
150250.SZ,20180228,1.268,1.2,1.265,1.2,1.259,-0.009,-0.7098,165.0,20.726
150251.SZ,20180228,0.928,0.936,0.936,0.936,0.936,0.008,0.8621,0.02,0.001
150252.SZ,20180228,1.287,1.28,1.29,1.24,1.29,0.003,0.2331,3091.0,392.315
150255.SZ,20180228,0.917,0.918,0.921,0.918,0.921,0.004,0.4362,4510.03,414.651
150256.SZ,20180228,1.132,1.085,1.086,1.085,1.086,-0.046,-4.0636,111.0,12.054
150257.SZ,20180228,0.92,0.922,0.922,0.921,0.922,0.002,0.2174,57.0,5.255
150258.SZ,20180228,1.069,1.065,1.065,1.065,1.065,-0.004,-0.3742,10.0,1.065
150259.SZ,20180228,0.946,0.946,0.95,0.946,0.95,0.004,0.4228,6371.66,604.389
150260.SZ,20180228,0.57,0.525,0.621,0.525,0.621,0.051,8.9474,394.9,21.987
150261.SZ,20180228,0.952,0.952,0.955,0.95,0.952,0.0,0.0,9982.0,951.844
150262.SZ,20180228,0.792,0.79,0.8,0.776,0.792,0.0,0.0,6119.7,484.607
150263.SZ,20180228,0.991,0.99,0.991,0.99,0.991,0.0,0.0,20.92,2.071
150264.SZ,20180228,0.994,1.018,1.019,1.018,1.018,0.024,2.4145,69.0,7.027
150266.SZ,20180228,1.21,1.198,1.21,1.19,1.208,-0.002,-0.1653,146.56,17.608
150268.SZ,20180228,1.26,1.268,1.268,1.268,1.268,0.008,0.6349,95.0,12.046
150269.SZ,20180228,0.894,0.895,0.899,0.895,0.898,0.004,0.4474,49663.28,4453.423
150270.SZ,20180228,1.345,1.308,1.32,1.24,1.267,-0.078,-5.7993,83014.27,10561.392
150271.SZ,20180228,0.911,1.0,1.0,1.0,1.0,0.089,9.7695,1.0,0.1
150272.SZ,20180228,1.063,1.04,1.04,1.04,1.04,-0.023,-2.1637,1.32,0.137
150274.SZ,20180228,0.613,0.598,0.611,0.585,0.61,-0.003,-0.4894,350.47,21.006
150275.SZ,20180228,0.926,0.926,0.948,0.926,0.931,0.005,0.54,90550.64,8412.149
150276.SZ,20180228,0.537,0.524,0.541,0.513,0.534,-0.003,-0.5587,49516.18,2598.278
150277.SZ,20180228,0.889,0.953,0.953,0.886,0.893,0.004,0.4499,8222.03,734.974
150278.SZ,20180228,1.183,1.16,1.182,1.143,1.157,-0.026,-2.1978,1165.48,134.367
150279.SZ,20180228,1.047,0.942,1.047,0.942,1.047,0.0,0.0,13.0,1.235
150282.SZ,20180228,0.781,0.729,0.777,0.729,0.777,-0.004,-0.5122,314.0,22.906
150283.SZ,20180228,0.916,0.917,0.919,0.917,0.919,0.003,0.3275,776.98,71.319
150284.SZ,20180228,1.0,0.923,0.98,0.923,0.98,-0.02,-2.0,10.0,0.928
150287.SZ,20180228,0.951,0.95,0.954,0.95,0.953,0.002,0.2103,29438.96,2803.402
150288.SZ,20180228,0.916,0.895,0.929,0.877,0.916,0.0,0.0,104178.25,9424.472
150289.SZ,20180228,0.953,0.954,0.958,0.954,0.957,0.004,0.4197,16981.48,1622.215
150290.SZ,20180228,0.582,0.567,0.591,0.552,0.577,-0.005,-0.8591,300150.15,17207.678
150291.SZ,20180228,0.955,0.955,0.956,0.955,0.955,0.0,0.0,13337.35,1273.805
150292.SZ,20180228,0.931,0.9,0.939,0.877,0.909,-0.022,-2.3631,829.0,74.057
150293.SZ,20180228,0.939,0.952,0.952,0.95,0.95,0.011,1.1715,646.0,61.4
150295.SZ,20180228,0.924,0.924,0.926,0.923,0.926,0.002,0.2165,2342.0,216.385
150296.SZ,20180228,1.07,1.052,1.062,1.052,1.062,-0.008,-0.7477,2.0,0.211
150298.SZ,20180228,0.562,0.549,0.568,0.536,0.558,-0.004,-0.7117,4269.0,239.339
150299.SZ,20180228,0.952,0.951,0.954,0.95,0.954,0.002,0.2101,18748.67,1786.624
150300.SZ,20180228,0.87,0.86,0.861,0.843,0.855,-0.015,-1.7241,99410.0,8500.66
150301.SZ,20180228,0.949,0.952,0.953,0.952,0.953,0.004,0.4215,2925.65,278.583
150302.SZ,20180228,0.822,0.788,0.822,0.788,0.81,-0.012,-1.4599,1125.0,90.731
150303.SZ,20180228,0.958,0.957,0.961,0.957,0.961,0.003,0.3132,83336.66,7991.485
150304.SZ,20180228,0.59,0.576,0.63,0.572,0.596,0.006,1.0169,289108.12,17381.857
150305.SZ,20180228,0.932,0.937,0.949,0.937,0.949,0.017,1.824,101.0,9.464
150306.SZ,20180228,0.561,0.56,0.569,0.56,0.568,0.007,1.2478,152.0,8.641
150307.SZ,20180228,0.911,0.912,0.925,0.912,0.925,0.014,1.5368,1421.44,129.836
150308.SZ,20180228,0.72,0.743,0.743,0.725,0.726,0.006,0.8333,150.0,10.974
150309.SZ,20180228,0.915,0.946,0.946,0.946,0.946,0.031,3.388,1.0,0.094
150310.SZ,20180228,0.6,0.55,0.659,0.55,0.65,0.05,8.3333,385.0,25.062
150311.SZ,20180228,0.916,0.912,0.912,0.912,0.912,-0.004,-0.4367,110.0,10.032
150312.SZ,20180228,0.747,0.737,0.737,0.737,0.737,-0.01,-1.3387,99.0,7.296
150315.SZ,20180228,0.91,0.913,0.916,0.911,0.916,0.006,0.6593,3710.85,339.569
150316.SZ,20180228,0.78,0.76,0.778,0.746,0.776,-0.004,-0.5128,4592.0,349.147
150321.SZ,20180228,1.08,1.08,1.106,1.076,1.102,0.022,2.037,844.0,91.988
150322.SZ,20180228,1.285,1.26,1.285,1.26,1.275,-0.01,-0.7782,2655.0,339.633
150323.SZ,20180228,0.941,0.942,0.945,0.942,0.945,0.004,0.4251,1053.15,99.302
150324.SZ,20180228,1.121,1.15,1.15,1.123,1.123,0.002,0.1784,22.9,2.578
150325.SZ,20180228,0.946,0.949,0.95,0.949,0.949,0.003,0.3171,1726.8,163.953
150329.SZ,20180228,0.894,0.895,0.898,0.895,0.896,0.002,0.2237,6800.24,609.554
150330.SZ,20180228,1.667,1.66,1.66,1.616,1.627,-0.04,-2.3995,4693.9,764.402
150331.SZ,20180228,1.003,1.003,1.012,1.003,1.006,0.003,0.2991,17782.9,1792.493
150332.SZ,20180228,1.083,1.075,1.11,1.06,1.103,0.02,1.8467,14721.55,1601.418
150335.SZ,20180228,0.952,0.952,0.956,0.952,0.955,0.003,0.3151,3428.0,326.457
150336.SZ,20180228,0.872,0.873,0.887,0.845,0.869,-0.003,-0.344,6064.9,529.007
150343.SZ,20180228,0.946,0.95,0.953,0.95,0.953,0.007,0.74,1621.0,154.181
159001.SZ,20180228,99.999,99.998,100.0,99.996,100.0,0.001,0.001,4293.67,42936.031
159003.SZ,20180228,99.995,99.994,99.999,99.992,99.999,0.004,0.004,16363.99,163629.601
159005.SZ,20180228,100.001,100.0,100.001,99.999,100.0,-0.001,-0.001,335650.47,3356504.811
159901.SZ,20180228,4.961,4.935,4.979,4.87,4.941,-0.02,-0.4031,57260.2,28278.132
159902.SZ,20180228,3.583,3.55,3.62,3.51,3.601,0.018,0.5024,173675.06,62463.148
159903.SZ,20180228,1.159,1.151,1.169,1.14,1.158,-0.001,-0.0863,6030.78,699.061
159905.SZ,20180228,1.749,1.717,1.754,1.713,1.742,-0.007,-0.4002,60170.67,10431.569
159906.SZ,20180228,1.026,1.025,1.043,1.012,1.041,0.015,1.462,415.0,42.614
159907.SZ,20180228,1.446,1.446,1.461,1.432,1.46,0.014,0.9682,2029.0,293.81
159908.SZ,20180228,1.572,1.52,1.558,1.52,1.558,-0.014,-0.8906,302.08,45.927
159909.SZ,20180228,5.278,5.197,5.351,5.112,5.351,0.073,1.3831,135.14,70.702
159910.SZ,20180228,1.852,1.852,1.86,1.818,1.847,-0.005,-0.27,5136.0,943.233
159911.SZ,20180228,4.277,4.278,4.287,4.278,4.287,0.01,0.2338,110.0,47.076
159912.SZ,20180228,1.378,1.37,1.371,1.345,1.371,-0.007,-0.508,1039.0,141.572
159913.SZ,20180228,1.952,1.935,1.936,1.89,1.903,-0.049,-2.5102,1407.0,269.343
159915.SZ,20180228,1.639,1.628,1.672,1.622,1.651,0.012,0.7322,4197628.06,693341.144
159916.SZ,20180228,3.896,3.893,3.895,3.826,3.875,-0.021,-0.539,1820.93,702.9
159918.SZ,20180228,1.665,1.65,1.68,1.65,1.675,0.01,0.6006,83.0,13.87
159919.SZ,20180228,4.42,4.41,4.42,4.349,4.38,-0.04,-0.905,57297.74,25127.071
159920.SZ,20180228,1.602,1.58,1.587,1.575,1.576,-0.026,-1.623,2822431.81,446276.898
159922.SZ,20180228,6.164,6.103,6.2,6.097,6.178,0.014,0.2271,1029.0,635.311
159923.SZ,20180228,1.707,1.701,1.701,1.672,1.688,-0.019,-1.1131,9547.0,1608.057
159925.SZ,20180228,1.693,1.681,1.687,1.664,1.685,-0.008,-0.4725,2142.62,360.008
159928.SZ,20180228,2.346,2.322,2.345,2.292,2.322,-0.024,-1.023,19670.0,4549.215
159929.SZ,20180228,1.541,1.541,1.543,1.517,1.539,-0.002,-0.1298,2774.0,425.673
159930.SZ,20180228,0.847,0.847,0.847,0.831,0.843,-0.004,-0.4723,2985.0,249.966
159931.SZ,20180228,1.72,1.72,1.72,1.669,1.711,-0.009,-0.5233,698.0,118.146
159932.SZ,20180228,1.667,1.696,1.697,1.631,1.654,-0.013,-0.7798,493.0,83.556
159933.SZ,20180228,1.962,1.939,1.956,1.939,1.956,-0.006,-0.3058,146.0,28.376
159934.SZ,20180228,2.698,2.681,2.681,2.676,2.677,-0.021,-0.7784,47767.99,12789.606
159935.SZ,20180228,1.607,1.586,1.617,1.553,1.617,0.01,0.6223,1106.0,172.523
159936.SZ,20180228,1.574,1.56,1.572,1.551,1.571,-0.003,-0.1906,144.0,22.415
159937.SZ,20180228,2.715,2.705,2.705,2.692,2.695,-0.02,-0.7366,127954.0,34477.893
159938.SZ,20180228,1.321,1.322,1.327,1.306,1.323,0.002,0.1514,14750.0,1948.918
159939.SZ,20180228,1.053,1.045,1.074,1.04,1.065,0.012,1.1396,31099.0,3300.975
159940.SZ,20180228,0.957,0.962,0.967,0.957,0.96,0.003,0.3135,5423.0,520.735
159941.SZ,20180228,1.462,1.456,1.456,1.424,1.432,-0.03,-2.052,588.0,84.389
159942.SZ,20180228,1.92,1.915,1.93,1.915,1.93,0.01,0.5208,106.53,20.512
159943.SZ,20180228,11.395,11.31,11.4,11.31,11.395,0.0,0.0,257.64,292.99
159944.SZ,20180228,0.936,0.936,0.941,0.92,0.941,0.005,0.5342,10264.0,952.408
159945.SZ,20180228,0.765,0.765,0.765,0.75,0.764,-0.001,-0.1307,701.04,52.758
159946.SZ,20180228,1.256,1.249,1.249,1.223,1.239,-0.017,-1.3535,213.0,26.392
159948.SZ,20180228,1.806,1.805,1.84,1.78,1.819,0.013,0.7198,40611.0,7398.596
159949.SZ,20180228,0.67,0.663,0.684,0.661,0.673,0.003,0.4478,4171254.09,281564.248
159950.SZ,20180228,1.088,1.075,1.168,1.075,1.15,0.062,5.6985,229.0,24.857
159951.SZ,20180228,0.927,0.928,0.929,0.928,0.928,0.001,0.1079,154.0,14.301
159952.SZ,20180228,0.987,0.979,1.003,0.975,0.991,0.004,0.4053,424353.02,42060.79
159953.SZ,20180228,0.871,0.868,0.878,0.845,0.878,0.007,0.8037,958.08,83.022
159955.SZ,20180228,0.949,0.938,0.964,0.936,0.952,0.003,0.3161,14804.0,1409.56
159957.SZ,20180228,0.991,0.983,1.012,0.982,0.998,0.007,0.7064,72212.1,7244.481
159958.SZ,20180228,0.994,0.973,1.013,0.97,1.0,0.006,0.6036,73544.73,7364.089
160105.SZ,20180228,1.06,1.047,1.066,1.047,1.061,0.001,0.0943,378.0,39.839
160106.SZ,20180228,1.263,1.241,1.262,1.24,1.253,-0.01,-0.7918,1237.5,155.591
160119.SZ,20180228,1.482,1.482,1.496,1.474,1.486,0.004,0.2699,1926.26,286.32
160125.SZ,20180228,1.068,1.068,1.068,1.06,1.066,-0.002,-0.1873,35.0,3.735
160128.SZ,20180228,1.002,1.003,1.004,1.003,1.004,0.002,0.1996,249.0,24.996
160130.SZ,20180228,0.962,0.961,0.962,0.961,0.962,0.0,0.0,12.0,1.153
160131.SZ,20180228,1.013,1.013,1.013,1.013,1.013,0.0,0.0,1913.0,193.786
160133.SZ,20180228,2.292,2.266,2.289,2.266,2.28,-0.012,-0.5236,1401.33,319.548
160138.SZ,20180228,1.132,1.125,1.125,1.125,1.125,-0.007,-0.6184,1.0,0.112
160140.SZ,20180228,0.88,0.873,0.873,0.873,0.873,-0.007,-0.7955,188.0,16.412
160211.SZ,20180228,2.772,2.736,2.774,2.725,2.76,-0.012,-0.4329,3969.87,1094.952
160212.SZ,20180228,2.709,2.694,2.709,2.663,2.698,-0.011,-0.4061,19705.99,5303.333
160215.SZ,20180228,1.574,1.565,1.585,1.565,1.58,0.006,0.3812,2625.2,413.869
160216.SZ,20180228,0.463,0.456,0.456,0.454,0.456,-0.007,-1.5119,64276.23,2923.731
160220.SZ,20180228,1.33,1.332,1.332,1.332,1.332,0.002,0.1504,4.0,0.532
160223.SZ,20180228,0.806,0.794,0.823,0.794,0.808,0.002,0.2481,5335.51,432.196
160225.SZ,20180228,1.042,1.041,1.063,1.034,1.06,0.018,1.7274,3171.81,334.237
160311.SZ,20180228,1.584,1.558,1.591,1.558,1.591,0.007,0.4419,1217.8,191.51
160314.SZ,20180228,1.074,1.067,1.067,1.065,1.066,-0.008,-0.7449,197.0,20.998
160322.SZ,20180228,1.235,1.213,1.233,1.2,1.2,-0.035,-2.834,697.9,84.108
160323.SZ,20180228,0.987,0.975,0.99,0.975,0.99,0.003,0.304,51.0,4.974
160324.SZ,20180228,0.866,0.861,0.874,0.84,0.874,0.008,0.9238,4366.85,376.695
160415.SZ,20180228,1.027,1.029,1.029,1.029,1.029,0.002,0.1947,1.0,0.102
160416.SZ,20180228,0.941,0.941,0.941,0.935,0.935,-0.006,-0.6376,1315.0,123.249
160421.SZ,20180228,0.931,0.906,0.919,0.906,0.914,-0.017,-1.826,16658.65,1522.991
160422.SZ,20180228,1.027,1.027,1.027,1.027,1.027,0.0,0.0,100.0,10.27
160505.SZ,20180228,1.747,1.738,1.764,1.728,1.757,0.01,0.5724,109192.87,19172.214
160512.SZ,20180228,1.948,1.931,1.937,1.929,1.937,-0.011,-0.5647,394.0,76.214
160513.SZ,20180228,1.375,1.374,1.374,1.374,1.374,-0.001,-0.0727,5.0,0.687
160515.SZ,20180228,1.009,1.009,1.009,1.007,1.008,-0.001,-0.0991,17014.0,1714.012
160518.SZ,20180228,0.978,0.975,0.985,0.975,0.981,0.003,0.3067,16326.02,1600.144
160519.SZ,20180228,1.002,1.01,1.01,1.001,1.003,0.001,0.0998,486.0,48.797
160522.SZ,20180228,0.963,0.946,0.98,0.946,0.98,0.017,1.7653,377.0,35.698
160607.SZ,20180228,0.81,0.804,0.808,0.793,0.807,-0.003,-0.3704,14565.63,1170.705
160610.SZ,20180228,1.003,0.987,1.008,0.987,0.999,-0.004,-0.3988,700.13,69.934
160611.SZ,20180228,0.779,0.77,0.777,0.766,0.777,-0.002,-0.2567,510.44,39.397
160613.SZ,20180228,1.262,1.244,1.244,1.211,1.211,-0.051,-4.0412,190.42,23.07
160615.SZ,20180228,1.703,1.695,1.695,1.642,1.66,-0.043,-2.525,259.12,42.744
160616.SZ,20180228,1.271,1.268,1.275,1.268,1.275,0.004,0.3147,31.05,3.957
160642.SZ,20180228,0.913,0.912,0.915,0.911,0.915,0.002,0.2191,1048.0,95.523
160643.SZ,20180228,0.861,0.861,0.861,0.845,0.845,-0.016,-1.8583,266.96,22.916
160644.SZ,20180228,0.987,0.995,0.995,0.952,0.98,-0.007,-0.7092,417.0,40.161
160706.SZ,20180228,1.141,1.139,1.139,1.13,1.13,-0.011,-0.9641,18790.4,2130.638
160716.SZ,20180228,1.609,1.603,1.603,1.575,1.588,-0.021,-1.3052,7712.59,1222.914
160717.SZ,20180228,0.858,0.854,0.854,0.841,0.842,-0.016,-1.8648,12214.0,1032.597
160719.SZ,20180228,0.693,0.693,0.693,0.688,0.689,-0.004,-0.5772,5036.0,347.335
160722.SZ,20180228,1.004,1.001,1.007,1.001,1.007,0.003,0.2988,18792.09,1889.608
160723.SZ,20180228,1.126,1.094,1.126,1.094,1.124,-0.002,-0.1776,57.16,6.348
160805.SZ,20180228,0.834,0.819,0.823,0.819,0.823,-0.011,-1.3189,33.28,2.73
160806.SZ,20180228,1.441,1.437,1.437,1.428,1.428,-0.013,-0.9022,5.0,0.715
160812.SZ,20180228,1.521,1.506,1.519,1.461,1.519,-0.002,-0.1315,503.0,73.602
160813.SZ,20180228,0.838,0.828,0.848,0.828,0.832,-0.006,-0.716,671.44,55.767
160910.SZ,20180228,1.032,1.031,1.032,1.031,1.031,-0.001,-0.0969,627.0,64.643
160916.SZ,20180228,2.774,2.756,2.784,2.754,2.776,0.002,0.0721,2439.7,675.069
160918.SZ,20180228,2.01,2.005,2.016,2.004,2.015,0.005,0.2488,1784.0,359.19
160919.SZ,20180228,1.177,1.161,1.176,1.161,1.162,-0.015,-1.2744,73.0,8.51
160921.SZ,20180228,0.892,0.886,0.886,0.886,0.886,-0.006,-0.6726,200.0,17.72
160922.SZ,20180228,1.193,1.199,1.199,1.199,1.199,0.006,0.5029,1.0,0.119
160924.SZ,20180228,1.06,1.032,1.056,1.032,1.056,-0.004,-0.3774,101.0,10.425
161005.SZ,20180228,2.127,2.091,2.133,2.091,2.129,0.002,0.094,8180.01,1738.613
161010.SZ,20180228,1.031,1.033,1.034,1.032,1.034,0.003,0.291,5005.0,516.594
161014.SZ,20180228,1.016,1.017,1.02,1.017,1.02,0.004,0.3937,4892.52,497.666
161017.SZ,20180228,2.207,2.206,2.22,2.197,2.204,-0.003,-0.1359,1831.0,404.233
161019.SZ,20180228,0.987,0.985,0.987,0.984,0.986,-0.001,-0.1013,5614.0,553.564
161033.SZ,20180228,0.988,0.986,0.998,0.971,0.99,0.002,0.2024,7532.56,745.948
161035.SZ,20180228,0.96,0.952,0.952,0.952,0.952,-0.008,-0.8333,373.01,35.51
161036.SZ,20180228,0.83,0.832,0.837,0.832,0.836,0.006,0.7229,107.0,8.924
161037.SZ,20180228,1.104,1.101,1.117,1.101,1.117,0.013,1.1775,73.0,8.124
161038.SZ,20180228,1.008,1.034,1.034,1.034,1.034,0.026,2.5794,4.0,0.413
161115.SZ,20180228,1.317,1.315,1.327,1.313,1.327,0.01,0.7593,48.0,6.305
161116.SZ,20180228,0.696,0.699,0.7,0.693,0.696,0.0,0.0,1907.66,133.126
161117.SZ,20180228,1.01,1.011,1.013,1.011,1.013,0.003,0.297,168.0,16.996
161124.SZ,20180228,1.134,1.118,1.118,1.118,1.118,-0.016,-1.4109,1.0,0.111
161125.SZ,20180228,1.1,1.087,1.09,1.085,1.089,-0.011,-1.0,893.0,97.122
161126.SZ,20180228,1.129,1.12,1.12,1.11,1.12,-0.009,-0.7972,268.0,29.969
161127.SZ,20180228,1.296,1.275,1.288,1.27,1.271,-0.025,-1.929,1363.0,173.522
161128.SZ,20180228,1.254,1.243,1.249,1.243,1.248,-0.006,-0.4785,923.98,115.145
161129.SZ,20180228,1.056,1.041,1.055,1.041,1.042,-0.014,-1.3258,44.0,4.583
161130.SZ,20180228,1.09,1.085,1.086,1.076,1.086,-0.004,-0.367,1071.05,115.346
161210.SZ,20180228,1.063,1.051,1.058,1.05,1.058,-0.005,-0.4704,514.0,54.022
161217.SZ,20180228,0.784,0.781,0.781,0.761,0.774,-0.01,-1.2755,466.0,35.81
161219.SZ,20180228,1.282,1.272,1.304,1.235,1.304,0.022,1.7161,72.0,9.013
161225.SZ,20180228,1.2,1.202,1.229,1.202,1.229,0.029,2.4167,1546.88,189.163
161226.SZ,20180228,0.816,0.81,0.81,0.806,0.809,-0.007,-0.8578,58311.0,4709.849
161227.SZ,20180228,1.041,1.032,1.051,1.028,1.044,0.003,0.2882,4052.92,421.803
161229.SZ,20180228,1.391,1.394,1.394,1.361,1.38,-0.011,-0.7908,219.0,30.085
161232.SZ,20180228,0.778,0.778,0.786,0.778,0.782,0.004,0.5141,4507.16,352.681
161607.SZ,20180228,1.218,1.224,1.227,1.202,1.203,-0.015,-1.2315,181.01,21.794
161610.SZ,20180228,1.019,0.999,1.018,0.999,1.01,-0.009,-0.8832,303.0,30.454
161631.SZ,20180228,0.994,0.991,1.01,0.984,1.002,0.008,0.8048,43295.72,4340.756
161706.SZ,20180228,1.619,1.619,1.652,1.577,1.597,-0.022,-1.3589,1071.76,174.032
161714.SZ,20180228,1.109,1.067,1.079,1.059,1.075,-0.034,-3.0658,350.0,37.29
161715.SZ,20180228,1.085,1.08,1.082,1.072,1.081,-0.004,-0.3687,255.33,27.543
161716.SZ,20180228,1.11,1.121,1.121,1.121,1.121,0.011,0.991,4.0,0.448
161722.SZ,20180228,1.104,1.12,1.12,1.12,1.12,0.016,1.4493,1.0,0.112
161810.SZ,20180228,1.543,1.54,1.542,1.54,1.541,-0.002,-0.1296,576.57,88.817
161815.SZ,20180228,0.465,0.465,0.465,0.462,0.463,-0.002,-0.4301,3828.0,177.379
161823.SZ,20180228,1.037,1.061,1.061,0.987,0.987,-0.05,-4.8216,10.0,1.053
161831.SZ,20180228,1.045,1.034,1.034,1.028,1.028,-0.017,-1.6268,1330.21,137.027
161834.SZ,20180228,0.756,0.753,0.77,0.752,0.765,0.009,1.1905,32151.0,2443.19
161835.SZ,20180228,0.97,0.975,0.975,0.97,0.97,0.0,0.0,1860.27,180.626
161903.SZ,20180228,0.863,0.855,0.868,0.855,0.856,-0.007,-0.8111,132.84,11.372
161907.SZ,20180228,1.75,1.726,1.757,1.726,1.75,0.0,0.0,24.0,4.168
161911.SZ,20180228,0.975,0.974,0.974,0.97,0.97,-0.005,-0.5128,14950.0,1451.851
162006.SZ,20180228,1.193,1.187,1.19,1.186,1.19,-0.003,-0.2515,166.11,19.75
162105.SZ,20180228,1.084,1.081,1.081,1.081,1.081,-0.003,-0.2768,3.0,0.324
162207.SZ,20180228,1.452,1.439,1.439,1.43,1.436,-0.016,-1.1019,124.22,17.821
162215.SZ,20180228,1.039,1.027,1.027,1.027,1.027,-0.012,-1.155,4.9,0.503
162307.SZ,20180228,1.344,1.338,1.338,1.265,1.301,-0.043,-3.1994,54.0,7.078
162411.SZ,20180228,0.543,0.534,0.535,0.53,0.535,-0.008,-1.4733,300063.31,15992.116
162415.SZ,20180228,1.314,1.308,1.308,1.288,1.3,-0.014,-1.0654,187.0,24.335
162510.SZ,20180228,0.998,1.0,1.0,1.0,1.0,0.002,0.2004,15.0,1.5
162605.SZ,20180228,1.348,1.331,1.339,1.317,1.33,-0.018,-1.3353,48730.82,6455.44
162607.SZ,20180228,0.508,0.505,0.512,0.503,0.511,0.003,0.5906,13604.45,691.189
162703.SZ,20180228,1.41,1.413,1.45,1.411,1.444,0.034,2.4113,8180.0,1176.716
162712.SZ,20180228,1.435,1.436,1.437,1.436,1.437,0.002,0.1394,390.0,56.022
162717.SZ,20180228,1.002,1.008,1.009,1.007,1.009,0.007,0.6986,26313.99,2653.544
162718.SZ,20180228,0.939,0.922,0.94,0.922,0.94,0.001,0.1065,489.15,45.958
162719.SZ,20180228,0.959,0.951,0.951,0.939,0.941,-0.018,-1.877,224.05,21.049
163003.SZ,20180228,0.625,0.627,0.627,0.627,0.627,0.002,0.32,3.0,0.188
163110.SZ,20180228,2.246,2.23,2.249,2.215,2.246,0.0,0.0,2193.41,488.731
163111.SZ,20180228,1.12,1.12,1.128,1.108,1.119,-0.001,-0.0893,1305.7,146.662
163119.SZ,20180228,0.838,0.838,0.838,0.838,0.838,0.0,0.0,41.0,3.435
163208.SZ,20180228,0.848,0.834,0.837,0.828,0.837,-0.011,-1.2972,583.0,48.294
163210.SZ,20180228,1.038,1.038,1.039,1.032,1.037,-0.001,-0.0963,9922.2,1029.464
163302.SZ,20180228,1.315,1.308,1.327,1.308,1.325,0.01,0.7605,226.0,29.909
163402.SZ,20180228,0.94,0.937,0.943,0.932,0.939,-0.001,-0.1064,113578.83,10667.232
163407.SZ,20180228,1.871,1.85,1.863,1.848,1.85,-0.021,-1.1224,4460.4,826.372
163409.SZ,20180228,1.538,1.537,1.537,1.537,1.537,-0.001,-0.065,4.0,0.614
163412.SZ,20180228,3.334,3.325,3.328,3.287,3.305,-0.029,-0.8698,20239.13,6689.476
163415.SZ,20180228,1.399,1.399,1.412,1.384,1.396,-0.003,-0.2144,1734.14,242.722
163503.SZ,20180228,0.496,0.493,0.498,0.49,0.494,-0.002,-0.4032,416.0,20.573
163801.SZ,20180228,1.302,1.287,1.299,1.287,1.295,-0.007,-0.5376,106.0,13.747
163819.SZ,20180228,1.105,1.216,1.216,1.105,1.105,0.0,0.0,5094.0,563.916
164208.SZ,20180228,1.15,1.154,1.154,1.154,1.154,0.004,0.3478,6.0,0.692
164403.SZ,20180228,0.989,0.984,0.996,0.984,0.996,0.007,0.7078,47.1,4.658
164701.SZ,20180228,0.6,0.602,0.602,0.597,0.599,-0.001,-0.1667,939.0,56.246
164702.SZ,20180228,0.994,0.993,0.995,0.993,0.995,0.001,0.1006,488.0,48.477
164705.SZ,20180228,1.233,1.162,1.222,1.133,1.218,-0.015,-1.2165,278.0,33.569
164808.SZ,20180228,0.999,1.004,1.004,1.004,1.004,0.005,0.5005,1588.76,159.511
164823.SZ,20180228,0.936,0.935,0.935,0.928,0.928,-0.008,-0.8547,400.0,37.26
164906.SZ,20180228,1.5,1.463,1.479,1.457,1.458,-0.042,-2.8,21342.12,3119.633
165309.SZ,20180228,1.266,1.228,1.228,1.228,1.228,-0.038,-3.0016,15.0,1.842
165313.SZ,20180228,1.43,1.399,1.399,1.399,1.399,-0.031,-2.1678,1.0,0.139
165508.SZ,20180228,1.989,1.955,1.974,1.924,1.924,-0.065,-3.268,32.0,6.309
165510.SZ,20180228,0.864,0.857,0.875,0.851,0.858,-0.006,-0.6944,674.0,58.246
165513.SZ,20180228,0.447,0.447,0.447,0.442,0.447,0.0,0.0,468.0,20.832
165516.SZ,20180228,2.094,2.106,2.106,2.106,2.106,0.012,0.5731,4.0,0.842
165525.SZ,20180228,1.031,1.028,1.038,1.028,1.035,0.004,0.388,663.0,68.617
165528.SZ,20180228,0.987,0.972,0.989,0.972,0.979,-0.008,-0.8105,1591.13,155.111
165705.SZ,20180228,0.951,0.971,0.971,0.971,0.971,0.02,2.103,1.0,0.097
166001.SZ,20180228,1.088,1.088,1.088,1.078,1.083,-0.005,-0.4596,626.0,67.557
166006.SZ,20180228,1.21,1.214,1.22,1.195,1.209,-0.001,-0.0826,246.0,29.728
166011.SZ,20180228,1.408,1.377,1.397,1.353,1.397,-0.011,-0.7813,641.0,88.503
166023.SZ,20180228,0.953,0.988,0.988,0.95,0.952,-0.001,-0.1049,151.0,14.409
166024.SZ,20180228,0.941,0.94,0.945,0.94,0.942,0.001,0.1063,20415.16,1921.428
166402.SZ,20180228,1.098,1.077,1.114,1.077,1.097,-0.001,-0.0911,15.03,1.67
167001.SZ,20180228,0.777,0.763,0.775,0.763,0.773,-0.004,-0.5148,22270.4,1719.365
167501.SZ,20180228,1.129,1.125,1.126,1.125,1.126,-0.003,-0.2657,605.02,68.064
168101.SZ,20180228,0.956,0.952,0.959,0.948,0.956,0.0,0.0,14969.0,1423.611
168102.SZ,20180228,0.791,0.789,0.797,0.788,0.797,0.006,0.7585,13234.0,1049.41
168103.SZ,20180228,0.738,0.737,0.743,0.732,0.74,0.002,0.271,61542.42,4551.849
168105.SZ,20180228,0.758,0.769,0.769,0.757,0.766,0.008,1.0554,5861.19,446.288
168106.SZ,20180228,0.827,0.79,0.84,0.79,0.836,0.009,1.0883,421.45,35.196
168301.SZ,20180228,0.884,0.88,0.886,0.88,0.885,0.001,0.1131,11022.0,973.143
168401.SZ,20180228,0.948,0.949,0.953,0.949,0.95,0.002,0.211,5403.0,513.117
169101.SZ,20180228,1.556,1.544,1.556,1.541,1.548,-0.008,-0.5141,168739.4,26133.269
169102.SZ,20180228,1.492,1.491,1.493,1.485,1.489,-0.003,-0.2011,3864.0,574.835
169103.SZ,20180228,1.677,1.651,1.676,1.641,1.642,-0.035,-2.0871,3205.0,528.319
169104.SZ,20180228,1.492,1.483,1.493,1.475,1.489,-0.003,-0.2011,2009.0,296.483
169105.SZ,20180228,1.606,1.596,1.6,1.574,1.592,-0.014,-0.8717,35022.82,5562.773
169201.SZ,20180228,0.943,0.925,0.947,0.925,0.947,0.004,0.4242,34.0,3.158
184801.SZ,20180228,88.349,88.013,88.579,88.012,88.49,0.141,0.1596,73.0,645.086
501000.SH,20180228,1.227,1.253,1.253,1.253,1.253,0.026,2.119,11.0,1.378
501001.SH,20180228,1.177,1.142,1.183,1.142,1.155,-0.022,-1.8692,1236.06,143.804
501002.SH,20180228,0.907,0.894,0.911,0.894,0.911,0.004,0.441,9.0,0.817
501003.SH,20180228,0.999,0.988,0.998,0.988,0.998,-0.001,-0.1001,43.0,4.285
501005.SH,20180228,0.901,0.901,0.91,0.901,0.905,0.004,0.444,682.39,61.757
501007.SH,20180228,0.904,0.916,0.916,0.916,0.916,0.012,1.3274,1.0,0.092
501008.SH,20180228,0.92,0.91,0.934,0.91,0.928,0.008,0.8696,283.79,26.456
501009.SH,20180228,1.081,1.085,1.085,1.07,1.072,-0.009,-0.8326,343.0,36.931
501010.SH,20180228,1.075,1.077,1.085,1.075,1.085,0.01,0.9302,247.0,26.609
501015.SH,20180228,0.959,0.956,0.962,0.951,0.958,-0.001,-0.1043,16991.28,1625.878
501016.SH,20180228,0.922,0.903,0.923,0.903,0.917,-0.005,-0.5423,1471.94,134.494
501017.SH,20180228,0.901,0.895,0.9,0.895,0.9,-0.001,-0.111,1023.8,91.729
501018.SH,20180228,1.044,1.026,1.043,1.026,1.03,-0.014,-1.341,7128.5,736.687
501019.SH,20180228,0.751,0.749,0.759,0.733,0.756,0.005,0.6658,8918.25,672.244
501021.SH,20180228,1.446,1.431,1.44,1.426,1.433,-0.013,-0.899,15942.0,2288.391
501022.SH,20180228,0.783,0.778,0.786,0.77,0.784,0.001,0.1277,28928.7,2253.678
501023.SH,20180228,1.15,1.14,1.14,1.13,1.14,-0.01,-0.8696,109.0,12.386
501025.SH,20180228,1.171,1.151,1.16,1.148,1.15,-0.021,-1.7933,523.0,60.142
501026.SH,20180228,0.865,0.86,0.865,0.856,0.865,0.0,0.0,3391.55,291.839
501027.SH,20180228,1.008,1.014,1.014,1.014,1.014,0.006,0.5952,1800.0,182.52
501028.SH,20180228,0.887,0.884,0.889,0.881,0.881,-0.006,-0.6764,9166.7,812.466
501029.SH,20180228,1.094,1.093,1.1,1.082,1.096,0.002,0.1828,88736.78,9700.006
501030.SH,20180228,0.826,0.826,0.83,0.817,0.82,-0.006,-0.7264,687.24,56.717
501031.SH,20180228,0.82,0.822,0.826,0.822,0.826,0.006,0.7317,102.95,8.47
501032.SH,20180228,0.851,0.888,0.918,0.888,0.918,0.067,7.8731,6.0,0.548
501035.SH,20180228,0.968,0.956,0.965,0.956,0.961,-0.007,-0.7231,2456.37,235.69
501036.SH,20180228,0.914,0.893,0.937,0.893,0.936,0.022,2.407,557.0,49.848
501037.SH,20180228,0.913,0.91,0.911,0.91,0.911,-0.002,-0.2191,6.06,0.552
501038.SH,20180228,1.081,1.076,1.076,1.059,1.061,-0.02,-1.8501,47661.76,5076.545
501040.SH,20180228,0.995,0.998,0.998,0.991,0.991,-0.004,-0.402,1109.31,110.008
501043.SH,20180228,1.04,1.03,1.041,1.005,1.036,-0.004,-0.3846,1551.6,160.206
501045.SH,20180228,1.046,1.03,1.048,1.03,1.035,-0.011,-1.0516,118.0,12.232
501046.SH,20180228,0.888,0.871,0.884,0.871,0.884,-0.004,-0.4505,132.0,11.643
501047.SH,20180228,0.922,0.919,0.937,0.919,0.937,0.015,1.6269,35.0,3.224
501048.SH,20180228,0.91,0.9,0.91,0.89,0.91,0.0,0.0,70.0,6.344
501050.SH,20180228,1.246,1.244,1.244,1.22,1.224,-0.022,-1.7657,37611.5,4621.675
501051.SH,20180228,1.04,1.038,1.04,1.032,1.036,-0.004,-0.3846,2235.0,231.755
501106.SH,20180228,1.005,1.006,1.006,1.006,1.006,0.001,0.0995,3.64,0.366
501300.SH,20180228,0.929,0.929,0.929,0.926,0.929,0.0,0.0,2162.0,200.85
501301.SH,20180228,1.223,1.206,1.211,1.195,1.2,-0.023,-1.8806,719.01,86.307
501303.SH,20180228,0.994,0.98,0.98,0.98,0.98,-0.014,-1.4085,201.0,19.698
501305.SH,20180228,0.985,0.973,0.979,0.97,0.97,-0.015,-1.5228,107.0,10.433
502002.SH,20180228,0.99,0.979,0.979,0.979,0.979,-0.011,-1.1111,88.67,8.681
502003.SH,20180228,0.805,0.803,0.823,0.803,0.814,0.009,1.118,4977.0,406.494
502004.SH,20180228,0.932,0.931,0.936,0.931,0.936,0.004,0.4292,49379.25,4613.33
502005.SH,20180228,0.683,0.68,0.712,0.66,0.684,0.001,0.1464,14898.62,1047.329
502006.SH,20180228,1.07,1.07,1.07,1.06,1.061,-0.009,-0.8411,345.0,36.709
502007.SH,20180228,0.981,1.013,1.013,1.013,1.013,0.032,3.262,50.0,5.065
502008.SH,20180228,1.164,1.131,1.172,1.12,1.156,-0.008,-0.6873,469.53,54.157
502010.SH,20180228,1.015,1.014,1.032,0.996,1.029,0.014,1.3793,2785.09,278.518
502011.SH,20180228,0.942,0.93,0.93,0.911,0.926,-0.016,-1.6985,411.0,38.157
502012.SH,20180228,1.107,1.053,1.118,1.053,1.089,-0.018,-1.626,3756.73,402.637
502013.SH,20180228,0.838,0.822,0.837,0.822,0.835,-0.003,-0.358,4272.78,355.724
502014.SH,20180228,0.938,0.936,0.937,0.926,0.926,-0.012,-1.2793,578.17,54.136
502015.SH,20180228,0.746,0.736,0.739,0.72,0.733,-0.013,-1.7426,4581.3,334.007
502016.SH,20180228,0.974,0.963,0.963,0.963,0.963,-0.011,-1.1294,0.54,0.052
502017.SH,20180228,0.959,1.038,1.038,1.038,1.038,0.079,8.2377,1.0,0.104
502020.SH,20180228,1.036,1.035,1.106,1.035,1.071,0.035,3.3784,23.87,2.486
502022.SH,20180228,1.075,1.03,1.03,1.03,1.03,-0.045,-4.186,6.9,0.711
502023.SH,20180228,1.071,1.071,1.071,1.071,1.071,0.0,0.0,101.44,10.864
502025.SH,20180228,1.15,1.131,1.15,1.131,1.15,0.0,0.0,9.0,1.033
502026.SH,20180228,0.741,0.742,0.742,0.742,0.742,0.001,0.135,1.0,0.074
502028.SH,20180228,0.738,0.664,0.664,0.664,0.664,-0.074,-10.0271,660.0,43.824
502036.SH,20180228,0.958,0.919,0.979,0.908,0.975,0.017,1.7745,2774.23,259.756
502037.SH,20180228,0.96,0.968,0.968,0.968,0.968,0.008,0.8333,250.0,24.2
502038.SH,20180228,0.831,0.78,0.846,0.78,0.846,0.015,1.8051,360.41,30.194
502040.SH,20180228,1.216,1.186,1.199,1.186,1.199,-0.017,-1.398,115.0,13.711
502048.SH,20180228,0.955,0.95,0.95,0.933,0.942,-0.013,-1.3613,34068.71,3211.613
502049.SH,20180228,0.893,0.893,0.895,0.893,0.894,0.001,0.112,48572.36,4342.713
502050.SH,20180228,1.014,0.999,1.008,0.98,0.99,-0.024,-2.3669,72094.1,7143.895
502053.SH,20180228,0.846,0.84,0.853,0.84,0.841,-0.005,-0.591,870.41,73.127
502054.SH,20180228,0.931,0.93,0.93,0.924,0.924,-0.007,-0.7519,37644.0,3482.104
502055.SH,20180228,0.786,0.78,0.798,0.75,0.774,-0.012,-1.5267,2180.0,170.13
502056.SH,20180228,0.952,0.956,1.035,0.953,0.954,0.002,0.2101,3020.93,303.623
502058.SH,20180228,0.955,0.96,0.96,0.96,0.96,0.005,0.5236,50.0,4.8
505888.SH,20180228,1.051,1.049,1.055,1.04,1.054,0.003,0.2854,441058.3,46147.293
510010.SH,20180228,1.19,1.19,1.19,1.164,1.18,-0.01,-0.8403,1180.36,138.95
510020.SH,20180228,2.861,2.837,2.837,2.812,2.817,-0.044,-1.5379,734.1,206.91
510030.SH,20180228,5.476,5.2,5.45,5.2,5.45,-0.026,-0.4748,113.0,61.119
510050.SH,20180228,2.92,2.898,2.902,2.858,2.871,-0.049,-1.6781,6043608.11,1741070.931
510060.SH,20180228,1.922,1.918,1.918,1.883,1.895,-0.027,-1.4048,3499.0,661.691
510070.SH,20180228,1.837,1.826,1.833,1.826,1.833,-0.004,-0.2177,32.0,5.864
510090.SH,20180228,1.68,1.672,1.673,1.653,1.673,-0.007,-0.4167,25.0,4.172
510110.SH,20180228,3.965,3.83,3.959,3.733,3.959,-0.006,-0.1513,301.0,116.272
510120.SH,20180228,2.965,2.995,2.995,2.995,2.995,0.03,1.0118,10.0,2.995
510130.SH,20180228,3.971,3.939,3.951,3.936,3.951,-0.02,-0.5037,204.0,80.361
510150.SH,20180228,5.05,5.158,5.158,4.884,5.035,-0.015,-0.297,188.0,94.33
510160.SH,20180228,0.615,0.616,0.616,0.602,0.608,-0.007,-1.1382,11187.0,680.633
510170.SH,20180228,2.046,2.005,2.044,1.976,2.0,-0.046,-2.2483,515.0,102.407
510180.SH,20180228,3.484,3.456,3.465,3.426,3.442,-0.042,-1.2055,60309.25,20762.289
510190.SH,20180228,3.723,3.679,3.714,3.671,3.694,-0.029,-0.7789,306.0,113.071
510210.SH,20180228,3.77,3.702,3.745,3.685,3.744,-0.026,-0.6897,211.0,78.578
510220.SH,20180228,4.379,4.21,4.224,4.18,4.183,-0.196,-4.4759,1958.0,823.84
510230.SH,20180228,6.453,6.4,6.401,6.325,6.347,-0.106,-1.6426,15770.0,10064.794
510260.SH,20180228,1.145,1.141,1.153,1.141,1.146,0.001,0.0873,215.0,24.548
510270.SH,20180228,1.187,1.168,1.168,1.152,1.167,-0.02,-1.6849,372.0,43.161
510280.SH,20180228,1.828,1.791,1.809,1.723,1.805,-0.023,-1.2582,1612.0,285.774
510290.SH,20180228,1.553,1.549,1.558,1.539,1.557,0.004,0.2576,1974.0,306.459
510300.SH,20180228,4.061,4.028,4.055,3.995,4.02,-0.041,-1.0096,2392245.66,962934.464
510310.SH,20180228,1.724,1.71,1.718,1.692,1.706,-0.018,-1.0441,18416.0,3140.705
510330.SH,20180228,4.385,4.359,4.378,4.321,4.343,-0.042,-0.9578,30491.0,13257.959
510360.SH,20180228,1.274,1.271,1.271,1.253,1.26,-0.014,-1.0989,155347.0,19591.497
510380.SH,20180228,1.01,1.0,1.007,0.993,0.995,-0.015,-1.4851,9366.0,938.491
510390.SH,20180228,4.044,4.044,4.046,3.985,4.015,-0.029,-0.7171,80596.82,32409.465
510410.SH,20180228,0.807,0.795,0.804,0.785,0.796,-0.011,-1.3631,5646.41,445.584
510420.SH,20180228,1.451,1.438,1.447,1.438,1.446,-0.005,-0.3446,668.28,96.196
510430.SH,20180228,1.563,1.53,1.533,1.53,1.533,-0.03,-1.9194,2.0,0.306
510440.SH,20180228,1.771,1.723,1.764,1.718,1.764,-0.007,-0.3953,75.0,12.929
510500.SH,20180228,6.324,6.275,6.367,6.256,6.326,0.002,0.0316,523387.21,331092.354
510510.SH,20180228,1.672,1.67,1.681,1.653,1.675,0.003,0.1794,68516.0,11441.073
510560.SH,20180228,1.262,1.268,1.268,1.268,1.268,0.006,0.4754,1.0,0.127
510580.SH,20180228,5.955,5.918,5.982,5.88,5.934,-0.021,-0.3526,103.0,61.485
510630.SH,20180228,2.346,2.306,2.35,2.303,2.308,-0.038,-1.6198,1873.0,434.119
510650.SH,20180228,1.886,1.863,1.873,1.851,1.873,-0.013,-0.6893,385.0,71.551
510660.SH,20180228,1.826,1.83,1.835,1.815,1.826,0.0,0.0,5104.0,930.399
510680.SH,20180228,2.549,2.402,2.638,2.4,2.405,-0.144,-5.6493,1356.0,326.738
510710.SH,20180228,3.088,3.069,3.069,3.023,3.037,-0.051,-1.6516,5955.0,1810.119
510800.SH,20180228,0.978,0.974,0.974,0.955,0.97,-0.008,-0.818,19979.0,1927.53
510810.SH,20180228,0.966,0.965,0.965,0.95,0.956,-0.01,-1.0352,7220.0,690.357
510880.SH,20180228,3.084,3.071,3.071,3.035,3.056,-0.028,-0.9079,67357.0,20565.994
510900.SH,20180228,1.294,1.278,1.281,1.266,1.267,-0.027,-2.0866,7756739.0,988337.165
511010.SH,20180228,110.494,110.495,110.674,110.488,110.646,0.152,0.1376,12669.0,140091.204
511220.SH,20180228,94.098,94.1,94.188,94.021,94.106,0.008,0.0085,866.0,8149.618
511260.SH,20180228,99.5,99.4,99.499,99.4,99.467,-0.033,-0.0332,994.0,9887.048
511600.SH,20180228,100.002,100.0,100.002,99.994,100.002,0.0,0.0,10261.64,102614.452
511620.SH,20180228,101.326,100.88,100.88,100.001,100.007,-1.319,-1.3017,129.6,1297.499
511650.SH,20180228,99.995,99.996,99.999,99.991,99.996,0.001,0.001,18619.16,186182.722
511660.SH,20180228,100.014,100.01,100.015,100.004,100.014,0.0,0.0,144898.23,1449106.548
511670.SH,20180228,100.003,100.0,100.001,99.993,100.0,-0.003,-0.003,8692.74,86927.063
511680.SH,20180228,99.99,99.975,99.995,99.975,99.993,0.003,0.003,28.02,280.148
511690.SH,20180228,100.015,100.015,100.02,100.01,100.018,0.003,0.003,48650.15,486569.277
511700.SH,20180228,100.009,100.005,100.009,100.0,100.007,-0.002,-0.002,8726.27,87265.211
511770.SH,20180228,100.011,100.015,100.025,100.004,100.008,-0.003,-0.003,80.99,809.994
511800.SH,20180228,99.999,99.995,100.001,99.994,99.999,0.0,0.0,1075.2,10751.768
511810.SH,20180228,100.005,100.004,100.007,99.997,100.006,0.001,0.001,129738.49,1297402.091
511820.SH,20180228,100.002,100.0,100.003,99.997,100.002,0.0,0.0,55607.83,556071.019
511830.SH,20180228,100.002,99.999,100.004,99.997,100.003,0.001,0.001,2615.19,26151.668
511850.SH,20180228,100.016,100.012,100.02,100.011,100.018,0.002,0.002,9953.95,99554.509
511860.SH,20180228,100.001,99.996,99.999,99.993,99.998,-0.003,-0.003,4918.73,49185.294
511880.SH,20180228,100.801,100.813,100.816,100.803,100.815,0.014,0.0139,619959.97,6249859.035
511900.SH,20180228,100.007,100.004,100.01,99.999,100.01,0.003,0.003,26388.54,263895.459
511910.SH,20180228,100.001,100.0,100.001,99.997,99.997,-0.004,-0.004,473.11,4731.075
511920.SH,20180228,100.0,99.982,100.399,99.982,99.988,-0.012,-0.012,7.02,70.26
511930.SH,20180228,99.991,99.989,99.993,99.983,99.983,-0.008,-0.008,20.52,205.173
511960.SH,20180228,99.998,99.997,100.001,99.996,100.001,0.003,0.003,166.11,1661.069
511970.SH,20180228,99.998,99.997,99.997,99.995,99.997,-0.001,-0.001,236.04,2360.316
511980.SH,20180228,99.999,99.996,99.999,99.99,99.996,-0.003,-0.003,1680.06,16799.837
511990.SH,20180228,100.011,100.01,100.021,99.999,100.016,0.005,0.005,853339.29,8534112.341
512000.SH,20180228,0.865,0.857,0.871,0.847,0.859,-0.006,-0.6936,280437.78,24022.994
512010.SH,20180228,1.634,1.634,1.64,1.616,1.624,-0.01,-0.612,4515.0,736.203
512070.SH,20180228,1.984,1.967,1.967,1.942,1.949,-0.035,-1.7641,3581.0,699.033
512100.SH,20180228,0.77,0.77,0.774,0.761,0.771,0.001,0.1299,11152.0,859.227
512120.SH,20180228,1.554,1.538,1.552,1.537,1.544,-0.01,-0.6435,8534.0,1319.359
512200.SH,20180228,0.972,0.97,0.991,0.957,0.988,0.016,1.6461,82281.0,8054.649
512210.SH,20180228,2.176,2.12,2.158,2.111,2.143,-0.033,-1.5165,324.0,69.195
512220.SH,20180228,1.419,1.385,1.43,1.384,1.43,0.011,0.7752,688.0,98.212
512300.SH,20180228,1.202,1.202,1.202,1.192,1.192,-0.01,-0.8319,1349.0,161.34
512310.SH,20180228,0.601,0.596,0.606,0.596,0.603,0.002,0.3328,5715.0,342.385
512330.SH,20180228,0.774,0.772,0.789,0.767,0.781,0.007,0.9044,5161.0,403.69
512340.SH,20180228,0.968,0.962,0.973,0.954,0.973,0.005,0.5165,3767.0,363.53
512400.SH,20180228,0.912,0.902,0.926,0.895,0.92,0.008,0.8772,37298.0,3391.095
512500.SH,20180228,2.926,2.926,2.943,2.898,2.932,0.006,0.2051,4602.22,1344.496
512510.SH,20180228,1.247,1.245,1.254,1.233,1.25,0.003,0.2406,11316.43,1409.806
512550.SH,20180228,1.138,1.128,1.128,1.113,1.119,-0.019,-1.6696,34724.0,3890.038
512560.SH,20180228,0.865,0.84,0.89,0.84,0.871,0.006,0.6936,6763.0,593.827
512570.SH,20180228,0.865,0.85,0.879,0.849,0.867,0.002,0.2312,4364.0,377.04
512580.SH,20180228,0.915,0.912,0.924,0.907,0.92,0.005,0.5464,39127.0,3588.72
512600.SH,20180228,2.347,2.301,2.342,2.301,2.304,-0.043,-1.8321,360.0,83.143
512610.SH,20180228,1.538,1.538,1.538,1.525,1.53,-0.008,-0.5202,356.0,54.47
512640.SH,20180228,1.942,1.937,1.937,1.908,1.923,-0.019,-0.9784,40.0,7.668
512660.SH,20180228,0.78,0.768,0.794,0.767,0.782,0.002,0.2564,470939.17,36994.811
512680.SH,20180228,0.762,0.762,0.774,0.751,0.766,0.004,0.5249,194584.0,14949.647
512700.SH,20180228,1.093,1.09,1.09,1.075,1.081,-0.012,-1.0979,6618.0,714.562
512800.SH,20180228,1.072,1.06,1.063,1.051,1.056,-0.016,-1.4925,212369.0,22458.023
512810.SH,20180228,0.755,0.755,0.767,0.739,0.754,-0.001,-0.1325,24819.0,1873.94
512880.SH,20180228,0.913,0.902,0.919,0.894,0.906,-0.007,-0.7667,1157268.0,105046.962
512900.SH,20180228,0.872,0.867,0.878,0.856,0.867,-0.005,-0.5734,70397.0,6093.507
512980.SH,20180228,0.989,0.985,1.0,0.973,0.989,0.0,0.0,82322.03,8152.005
512990.SH,20180228,1.161,1.154,1.161,1.147,1.158,-0.003,-0.2584,69311.0,8003.475
513030.SH,20180228,1.111,1.103,1.104,1.095,1.103,-0.008,-0.7201,5849.0,641.795
513050.SH,20180228,1.571,1.534,1.536,1.526,1.532,-0.039,-2.4825,272330.0,41708.183
513100.SH,20180228,2.32,2.283,2.289,2.279,2.286,-0.034,-1.4655,38639.0,8818.159
513500.SH,20180228,1.635,1.613,1.623,1.607,1.623,-0.012,-0.7339,9912.0,1598.163
513600.SH,20180228,2.627,2.604,2.604,2.581,2.581,-0.046,-1.751,4937.0,1277.744
513660.SH,20180228,2.652,2.619,2.62,2.601,2.605,-0.047,-1.7722,414.0,108.141
518800.SH,20180228,2.693,2.678,2.678,2.67,2.673,-0.02,-0.7427,260781.0,69701.033
518880.SH,20180228,2.712,2.695,2.697,2.691,2.692,-0.02,-0.7375,2214504.72,596369.643
