ts_code,trade_date,pre_close,open,high,low,close,change,pct_chg,vol,amount
150008.SZ,20180529,1.1,1.1,1.118,1.1,1.102,0.002,0.1818,8.01,0.882
150009.SZ,20180529,0.909,0.9,0.9,0.9,0.9,-0.009,-0.9901,184.0,16.56
150012.SZ,20180529,1.05,1.05,1.05,1.045,1.048,-0.002,-0.1905,4100.0,429.444
150013.SZ,20180529,1.462,1.422,1.425,1.422,1.425,-0.037,-2.5308,576.71,82.132
150016.SZ,20180529,1.111,1.124,1.128,1.1,1.103,-0.008,-0.7201,2100.0,233.84
150017.SZ,20180529,1.488,1.468,1.494,1.468,1.487,-0.001,-0.0672,4255.91,624.927
150018.SZ,20180529,0.956,0.955,0.958,0.954,0.954,-0.002,-0.2092,127463.34,12180.128
150019.SZ,20180529,1.034,1.031,1.042,1.021,1.025,-0.009,-0.8704,285183.0,29410.187
150022.SZ,20180529,0.898,0.895,0.899,0.889,0.89,-0.008,-0.8909,140522.92,12555.946
150023.SZ,20180529,0.219,0.219,0.22,0.216,0.216,-0.003,-1.3699,267119.0,5821.156
150028.SZ,20180529,0.953,0.95,0.951,0.95,0.951,-0.002,-0.2099,1960.0,186.364
150029.SZ,20180529,1.337,1.325,1.34,1.325,1.329,-0.008,-0.5984,245.28,32.658
150031.SZ,20180529,1.076,1.005,1.005,1.0,1.0,-0.076,-7.0632,141.13,14.183
150032.SZ,20180529,0.986,0.901,0.975,0.901,0.975,-0.011,-1.1156,70.0,6.381
150047.SZ,20180529,1.058,1.03,1.03,1.03,1.03,-0.028,-2.6465,4.0,0.412
150048.SZ,20180529,1.158,1.13,1.155,1.13,1.155,-0.003,-0.2591,36.0,4.07
150049.SZ,20180529,0.945,0.945,0.946,0.942,0.942,-0.003,-0.3175,1190.0,112.245
150050.SZ,20180529,0.942,0.939,0.959,0.935,0.935,-0.007,-0.7431,1316.01,123.347
150051.SZ,20180529,0.957,0.954,0.956,0.952,0.954,-0.003,-0.3135,21608.87,2062.027
150052.SZ,20180529,0.787,0.787,0.796,0.775,0.785,-0.002,-0.2541,7483.28,584.465
150056.SZ,20180529,1.384,1.294,1.405,1.294,1.328,-0.056,-4.0462,149.04,19.552
150057.SZ,20180529,1.07,1.035,1.035,1.035,1.035,-0.035,-3.271,20.0,2.07
150058.SZ,20180529,1.039,1.04,1.05,1.04,1.04,0.001,0.0962,220.0,22.91
150059.SZ,20180529,0.988,0.97,0.97,0.97,0.97,-0.018,-1.8219,178.1,17.275
150066.SZ,20180529,0.929,0.929,0.929,0.929,0.929,0.0,0.0,253.0,23.503
150076.SZ,20180529,0.975,0.888,0.96,0.888,0.952,-0.023,-2.359,551.0,52.468
150091.SZ,20180529,0.752,0.753,0.776,0.688,0.776,0.024,3.1915,102.0,7.032
150092.SZ,20180529,1.031,1.0,1.018,1.0,1.018,-0.013,-1.2609,114.0,11.58
150100.SZ,20180529,0.974,0.97,0.973,0.97,0.973,-0.001,-0.1027,326.64,31.781
150101.SZ,20180529,1.32,1.303,1.332,1.303,1.332,0.012,0.9091,443.21,58.06
150106.SZ,20180529,1.059,1.059,1.059,1.058,1.059,0.0,0.0,313.0,33.12
150107.SZ,20180529,1.063,1.062,1.08,1.043,1.051,-0.012,-1.1289,3617.0,385.892
150117.SZ,20180529,0.979,0.979,0.979,0.975,0.979,0.0,0.0,66993.31,6548.914
150118.SZ,20180529,0.432,0.432,0.432,0.397,0.408,-0.024,-5.5556,337118.41,13831.424
150121.SZ,20180529,0.966,0.942,0.942,0.942,0.942,-0.024,-2.4845,30.0,2.826
150123.SZ,20180529,1.01,1.009,1.01,1.007,1.009,-0.001,-0.099,2006.0,202.321
150124.SZ,20180529,0.831,0.82,0.842,0.82,0.829,-0.002,-0.2407,2859.6,237.975
150130.SZ,20180529,1.046,1.05,1.052,1.042,1.044,-0.002,-0.1912,187889.0,19678.517
150131.SZ,20180529,0.944,0.939,0.973,0.858,0.864,-0.08,-8.4746,770479.08,71390.671
150139.SZ,20180529,0.711,0.716,0.716,0.716,0.716,0.005,0.7032,28.4,2.033
150146.SZ,20180529,1.01,0.988,0.988,0.988,0.988,-0.022,-2.1782,5.0,0.494
150148.SZ,20180529,1.055,1.065,1.065,1.0,1.0,-0.055,-5.2133,4.0,0.419
150149.SZ,20180529,1.073,1.074,1.09,1.008,1.019,-0.054,-5.0326,9202.34,981.437
150150.SZ,20180529,0.961,0.96,0.961,0.958,0.959,-0.002,-0.2081,15063.08,1444.737
150151.SZ,20180529,1.218,1.21,1.218,1.119,1.179,-0.039,-3.202,138.68,16.788
150152.SZ,20180529,0.974,0.973,0.975,0.969,0.972,-0.002,-0.2053,122900.0,11960.02
150153.SZ,20180529,0.557,0.556,0.567,0.54,0.542,-0.015,-2.693,2721823.28,151619.491
150157.SZ,20180529,0.959,0.959,0.959,0.954,0.957,-0.002,-0.2086,17705.0,1694.311
150158.SZ,20180529,0.911,0.901,0.906,0.883,0.9,-0.011,-1.2075,6151.0,547.341
150165.SZ,20180529,1.12,1.05,1.116,1.05,1.116,-0.004,-0.3571,1.38,0.151
150167.SZ,20180529,0.968,0.966,0.966,0.965,0.965,-0.003,-0.3099,300.0,28.96
150169.SZ,20180529,0.956,0.955,0.955,0.952,0.953,-0.003,-0.3138,16977.0,1619.344
150170.SZ,20180529,1.472,1.464,1.466,1.46,1.46,-0.012,-0.8152,6621.0,968.329
150171.SZ,20180529,0.947,0.946,0.947,0.944,0.946,-0.001,-0.1056,223937.23,21170.378
150172.SZ,20180529,0.744,0.744,0.748,0.719,0.721,-0.023,-3.0914,346531.96,25337.686
150174.SZ,20180529,0.481,0.481,0.494,0.481,0.494,0.013,2.7027,452.0,21.767
150175.SZ,20180529,0.961,0.96,0.96,0.956,0.957,-0.004,-0.4162,146774.01,14053.386
150176.SZ,20180529,1.047,1.044,1.045,1.031,1.032,-0.015,-1.4327,115487.01,11972.379
150177.SZ,20180529,0.957,0.948,0.954,0.946,0.954,-0.003,-0.3135,4513.85,429.389
150178.SZ,20180529,1.241,1.24,1.257,1.2,1.2,-0.041,-3.3038,787.79,97.155
150179.SZ,20180529,1.019,1.02,1.03,1.02,1.03,0.011,1.0795,39.54,4.07
150180.SZ,20180529,1.3,1.3,1.303,1.287,1.288,-0.012,-0.9231,268.43,34.729
150181.SZ,20180529,0.959,0.958,0.958,0.954,0.956,-0.003,-0.3128,106504.21,10178.965
150182.SZ,20180529,0.579,0.576,0.58,0.557,0.558,-0.021,-3.6269,288429.31,16362.159
150185.SZ,20180529,0.656,0.65,0.659,0.636,0.638,-0.018,-2.7439,15884.91,1025.445
150186.SZ,20180529,0.95,0.944,0.949,0.944,0.948,-0.002,-0.2105,1082.0,102.525
150187.SZ,20180529,1.221,1.212,1.215,1.2,1.2,-0.021,-1.7199,1137.27,137.526
150188.SZ,20180529,0.996,0.996,0.996,0.994,0.995,-0.001,-0.1004,5863.49,583.412
150189.SZ,20180529,0.626,0.63,0.652,0.629,0.65,0.024,3.8339,55.57,3.536
150190.SZ,20180529,0.977,0.958,0.975,0.958,0.972,-0.005,-0.5118,395.2,38.319
150191.SZ,20180529,0.915,0.892,0.993,0.892,0.969,0.054,5.9016,68.0,6.095
150193.SZ,20180529,1.08,1.046,1.046,1.021,1.039,-0.041,-3.7963,1611.33,167.487
150194.SZ,20180529,0.958,0.957,0.958,0.953,0.955,-0.003,-0.3132,18382.33,1755.26
150195.SZ,20180529,1.085,1.085,1.1,1.077,1.077,-0.008,-0.7373,4465.32,488.008
150196.SZ,20180529,0.974,0.972,0.973,0.971,0.972,-0.002,-0.2053,15486.0,1505.437
150197.SZ,20180529,1.012,1.008,1.02,1.0,1.012,0.0,0.0,27498.01,2778.265
150198.SZ,20180529,1.053,1.08,1.099,1.07,1.07,0.017,1.6144,481.55,52.123
150199.SZ,20180529,1.642,1.647,1.68,1.622,1.637,-0.005,-0.3045,21330.44,3550.587
150200.SZ,20180529,0.954,0.953,0.954,0.951,0.952,-0.002,-0.2096,63371.69,6035.446
150201.SZ,20180529,0.993,0.992,0.999,0.962,0.963,-0.03,-3.0211,440823.57,43013.156
150203.SZ,20180529,0.959,0.959,0.959,0.954,0.958,-0.001,-0.1043,633.94,60.749
150204.SZ,20180529,0.55,0.543,0.555,0.54,0.541,-0.009,-1.6364,2725.0,148.94
150205.SZ,20180529,0.959,0.959,0.959,0.956,0.956,-0.003,-0.3128,4679.39,447.719
150206.SZ,20180529,0.706,0.703,0.718,0.692,0.692,-0.014,-1.983,39638.65,2788.662
150208.SZ,20180529,0.469,0.437,0.446,0.422,0.43,-0.039,-8.3156,3738.0,159.267
150209.SZ,20180529,0.959,0.958,0.958,0.944,0.957,-0.002,-0.2086,52655.16,5028.465
150210.SZ,20180529,0.8,0.797,0.799,0.788,0.791,-0.009,-1.125,19548.96,1552.493
150211.SZ,20180529,0.964,0.962,0.963,0.962,0.962,-0.002,-0.2075,70387.0,6773.108
150212.SZ,20180529,0.589,0.586,0.599,0.58,0.587,-0.002,-0.3396,74678.38,4408.847
150213.SZ,20180529,0.96,0.955,0.96,0.955,0.957,-0.003,-0.3125,315.6,30.176
150214.SZ,20180529,1.039,1.039,1.053,1.021,1.021,-0.018,-1.7324,710.93,72.874
150216.SZ,20180529,1.186,1.071,1.071,1.071,1.071,-0.115,-9.6965,0.01,0.001
150217.SZ,20180529,0.955,0.955,0.955,0.952,0.954,-0.001,-0.1047,5953.03,568.048
150218.SZ,20180529,0.502,0.487,0.5,0.475,0.475,-0.027,-5.3785,4968.0,239.478
150219.SZ,20180529,1.11,1.105,1.12,1.105,1.111,0.001,0.0901,119.1,13.324
150220.SZ,20180529,0.904,0.901,0.917,0.878,0.878,-0.026,-2.8761,8509.0,765.97
150221.SZ,20180529,1.031,1.029,1.031,1.029,1.031,0.0,0.0,22797.39,2346.78
150222.SZ,20180529,1.126,1.125,1.137,1.105,1.109,-0.017,-1.5098,22772.66,2552.166
150223.SZ,20180529,1.006,1.005,1.007,1.005,1.007,0.001,0.0994,127243.59,12800.539
150224.SZ,20180529,0.603,0.603,0.607,0.568,0.569,-0.034,-5.6385,1531691.63,89665.312
150226.SZ,20180529,1.003,1.004,1.004,1.004,1.004,0.001,0.0997,48.61,4.88
150227.SZ,20180529,0.967,0.965,0.966,0.962,0.966,-0.001,-0.1034,106101.84,10232.629
150228.SZ,20180529,0.819,0.818,0.819,0.789,0.809,-0.01,-1.221,502134.23,40335.528
150230.SZ,20180529,1.896,1.987,1.987,1.806,1.944,0.048,2.5316,1795.46,346.824
150232.SZ,20180529,1.016,0.999,1.032,0.999,1.032,0.016,1.5748,122.0,12.206
150233.SZ,20180529,0.931,0.956,0.956,0.956,0.956,0.025,2.6853,7.11,0.679
150234.SZ,20180529,0.899,0.81,0.81,0.81,0.81,-0.089,-9.8999,10.21,0.827
150235.SZ,20180529,0.962,0.961,0.962,0.96,0.96,-0.002,-0.2079,801.0,76.971
150236.SZ,20180529,0.552,0.542,0.554,0.53,0.53,-0.022,-3.9855,9177.81,492.691
150238.SZ,20180529,1.077,0.97,1.027,0.97,1.027,-0.05,-4.6425,11.0,1.072
150241.SZ,20180529,0.958,0.956,0.956,0.955,0.955,-0.003,-0.3132,3151.0,301.082
150242.SZ,20180529,0.992,0.981,0.989,0.96,0.989,-0.003,-0.3024,689.7,66.513
150243.SZ,20180529,0.961,0.961,0.961,0.956,0.956,-0.005,-0.5203,1317.0,126.492
150244.SZ,20180529,0.606,0.606,0.617,0.594,0.594,-0.012,-1.9802,19497.5,1188.207
150247.SZ,20180529,0.974,0.972,0.974,0.972,0.974,0.0,0.0,8032.0,781.514
150248.SZ,20180529,0.533,0.553,0.553,0.525,0.525,-0.008,-1.5009,5230.21,279.328
150249.SZ,20180529,0.959,0.954,0.954,0.954,0.954,-0.005,-0.5214,218.0,20.797
150250.SZ,20180529,1.0,0.98,0.98,0.96,0.965,-0.035,-3.5,18.0,1.746
150252.SZ,20180529,0.989,0.981,1.019,0.981,1.018,0.029,2.9323,2154.66,215.816
150255.SZ,20180529,0.98,0.98,0.98,0.976,0.979,-0.001,-0.102,3853.0,376.759
150256.SZ,20180529,0.825,0.824,0.825,0.816,0.816,-0.009,-1.0909,2356.0,194.038
150257.SZ,20180529,1.006,0.99,1.045,0.99,1.024,0.018,1.7893,76.41,7.822
150258.SZ,20180529,1.53,1.548,1.548,1.529,1.53,0.0,0.0,174.0,26.797
150259.SZ,20180529,0.983,0.981,0.983,0.98,0.98,-0.003,-0.3052,697.15,68.421
150260.SZ,20180529,0.447,0.442,0.45,0.424,0.424,-0.023,-5.1454,253.11,11.347
150261.SZ,20180529,1.042,1.044,1.06,1.044,1.058,0.016,1.5355,5366.45,562.317
150262.SZ,20180529,1.098,1.087,1.13,1.081,1.089,-0.009,-0.8197,13017.4,1440.438
150265.SZ,20180529,0.978,0.973,0.977,0.973,0.975,-0.003,-0.3067,2310.22,225.259
150266.SZ,20180529,1.111,1.111,1.116,1.082,1.109,-0.002,-0.18,698.88,76.476
150268.SZ,20180529,0.96,0.96,0.96,0.948,0.96,0.0,0.0,674.0,64.004
150269.SZ,20180529,0.958,0.958,0.959,0.954,0.956,-0.002,-0.2088,31490.65,3012.484
150270.SZ,20180529,1.498,1.5,1.56,1.44,1.447,-0.051,-3.4045,92762.0,13996.191
150271.SZ,20180529,1.029,1.002,1.002,1.002,1.002,-0.027,-2.6239,0.42,0.042
150272.SZ,20180529,1.46,1.495,1.495,1.426,1.426,-0.034,-2.3288,37.0,5.462
150274.SZ,20180529,0.486,0.473,0.495,0.473,0.495,0.009,1.8519,11.9,0.566
150275.SZ,20180529,0.962,0.958,0.961,0.958,0.961,-0.001,-0.104,6757.45,648.557
150276.SZ,20180529,0.427,0.429,0.435,0.415,0.425,-0.002,-0.4684,10479.69,449.869
150277.SZ,20180529,0.954,0.952,0.956,0.949,0.949,-0.005,-0.5241,6628.0,629.71
150278.SZ,20180529,0.946,0.943,0.943,0.931,0.941,-0.005,-0.5285,3106.36,290.887
150283.SZ,20180529,0.982,0.971,0.995,0.971,0.985,0.003,0.3055,4719.31,467.033
150284.SZ,20180529,1.24,1.171,1.26,1.131,1.23,-0.01,-0.8065,7866.26,954.893
150287.SZ,20180529,0.976,0.976,0.976,0.974,0.975,-0.001,-0.1025,31088.4,3029.129
150288.SZ,20180529,0.579,0.576,0.596,0.566,0.586,0.007,1.209,44497.78,2572.485
150289.SZ,20180529,0.989,0.988,0.988,0.985,0.987,-0.002,-0.2022,56010.02,5523.606
150290.SZ,20180529,0.312,0.317,0.334,0.317,0.325,0.013,4.1667,866241.84,28176.766
150291.SZ,20180529,0.977,0.977,0.977,0.974,0.976,-0.001,-0.1024,597.0,58.217
150292.SZ,20180529,0.695,0.71,0.71,0.68,0.69,-0.005,-0.7194,1063.0,73.2
150295.SZ,20180529,0.968,0.963,0.965,0.961,0.965,-0.003,-0.3099,852.48,82.137
150296.SZ,20180529,0.9,0.884,0.884,0.884,0.884,-0.016,-1.7778,458.39,40.521
150298.SZ,20180529,0.522,0.509,0.509,0.5,0.5,-0.022,-4.2146,539.0,27.4
150299.SZ,20180529,0.978,0.975,0.976,0.973,0.976,-0.002,-0.2045,6107.0,595.231
150300.SZ,20180529,0.666,0.658,0.672,0.636,0.656,-0.01,-1.5015,32618.55,2129.456
150301.SZ,20180529,0.973,0.97,0.973,0.97,0.973,0.0,0.0,15.05,1.461
150302.SZ,20180529,0.694,0.683,0.683,0.669,0.669,-0.025,-3.6023,51.0,3.465
150303.SZ,20180529,0.978,0.977,0.977,0.974,0.977,-0.001,-0.1022,17233.0,1680.836
150304.SZ,20180529,0.544,0.544,0.554,0.527,0.527,-0.017,-3.125,79436.14,4319.367
150305.SZ,20180529,0.996,0.961,1.0,0.961,1.0,0.004,0.4016,435.0,43.48
150306.SZ,20180529,0.629,0.625,0.633,0.624,0.628,-0.001,-0.159,680.0,42.861
150307.SZ,20180529,0.96,0.959,0.959,0.955,0.955,-0.005,-0.5208,1237.0,118.134
150308.SZ,20180529,0.808,0.81,0.822,0.81,0.815,0.007,0.8663,431.21,35.312
150310.SZ,20180529,0.649,0.584,0.584,0.584,0.584,-0.065,-10.0154,27.31,1.594
150311.SZ,20180529,0.958,0.956,0.957,0.954,0.957,-0.001,-0.1044,558.56,53.398
150312.SZ,20180529,0.691,0.691,0.691,0.624,0.691,0.0,0.0,81.0,5.53
150316.SZ,20180529,0.63,0.658,0.658,0.628,0.65,0.02,3.1746,56.3,3.573
150321.SZ,20180529,1.038,1.039,1.04,1.039,1.04,0.002,0.1927,1044.0,108.534
150322.SZ,20180529,1.003,1.007,1.017,0.988,1.007,0.004,0.3988,1443.16,144.892
150324.SZ,20180529,1.042,1.05,1.05,1.05,1.05,0.008,0.7678,100.0,10.5
150325.SZ,20180529,0.979,0.976,0.976,0.976,0.976,-0.003,-0.3064,300.0,29.28
150326.SZ,20180529,0.558,0.558,0.577,0.558,0.577,0.019,3.405,306.05,17.094
150329.SZ,20180529,0.96,0.954,0.957,0.954,0.956,-0.004,-0.4167,753.0,71.927
150330.SZ,20180529,1.318,1.304,1.315,1.27,1.303,-0.015,-1.1381,7327.0,945.973
150331.SZ,20180529,1.003,1.003,1.003,1.002,1.003,0.0,0.0,107.0,10.73
150332.SZ,20180529,1.082,1.09,1.09,1.062,1.077,-0.005,-0.4621,1500.0,161.418
150335.SZ,20180529,0.979,0.976,0.977,0.976,0.976,-0.003,-0.3064,53.0,5.177
150336.SZ,20180529,0.92,0.959,0.959,0.9,0.9,-0.02,-2.1739,77.0,6.977
150344.SZ,20180529,0.722,0.661,0.661,0.653,0.653,-0.069,-9.5568,200.19,13.23
159001.SZ,20180529,100.0,100.0,100.001,99.999,100.0,0.0,0.0,2178689.29,21786895.604
159003.SZ,20180529,99.999,99.998,100.0,99.991,100.0,0.001,0.001,10337.59,103370.586
159005.SZ,20180529,100.003,100.0,100.003,99.999,100.003,0.0,0.0,83898.21,838981.87
159901.SZ,20180529,4.693,4.687,4.709,4.64,4.65,-0.043,-0.9163,26944.07,12596.806
159902.SZ,20180529,3.484,3.479,3.504,3.436,3.436,-0.048,-1.3777,67746.0,23515.754
159903.SZ,20180529,1.123,1.124,1.127,1.118,1.119,-0.004,-0.3562,2281.0,256.105
159905.SZ,20180529,1.628,1.629,1.632,1.606,1.614,-0.014,-0.86,7458.0,1208.673
159906.SZ,20180529,0.986,0.995,0.995,0.993,0.993,0.007,0.7099,30.0,2.983
159907.SZ,20180529,1.423,1.426,1.426,1.396,1.412,-0.011,-0.773,308.71,43.334
159909.SZ,20180529,5.045,5.044,5.096,5.044,5.045,0.0,0.0,38.0,19.314
159910.SZ,20180529,1.731,1.731,1.734,1.712,1.712,-0.019,-1.0976,1740.0,299.163
159912.SZ,20180529,1.368,1.353,1.371,1.353,1.353,-0.015,-1.0965,137.2,18.565
159913.SZ,20180529,1.764,1.785,1.796,1.762,1.763,-0.001,-0.0567,485.0,86.797
159915.SZ,20180529,1.698,1.698,1.713,1.677,1.678,-0.02,-1.1779,4152866.05,704959.976
159916.SZ,20180529,3.667,3.645,3.665,3.64,3.659,-0.008,-0.2182,285.0,104.041
159918.SZ,20180529,1.663,1.67,1.698,1.663,1.663,0.0,0.0,145.0,24.499
159919.SZ,20180529,4.17,4.169,4.177,4.128,4.132,-0.038,-0.9113,156632.82,64942.698
159920.SZ,20180529,1.602,1.599,1.599,1.587,1.588,-0.014,-0.8739,2985256.0,475652.037
159922.SZ,20180529,6.219,6.105,6.296,6.077,6.266,0.047,0.7557,4815.0,2933.104
159923.SZ,20180529,1.57,1.559,1.575,1.559,1.57,0.0,0.0,519.0,81.372
159925.SZ,20180529,1.596,1.596,1.6,1.584,1.584,-0.012,-0.7519,341.67,54.434
159928.SZ,20180529,2.362,2.36,2.419,2.329,2.338,-0.024,-1.0161,35568.18,8498.099
159929.SZ,20180529,1.888,1.889,1.916,1.804,1.815,-0.073,-3.8665,26473.0,4954.816
159930.SZ,20180529,0.797,0.797,0.805,0.792,0.805,0.008,1.0038,1652.04,131.967
159931.SZ,20180529,1.583,1.581,1.581,1.562,1.58,-0.003,-0.1895,456.0,71.519
159932.SZ,20180529,1.642,1.634,1.652,1.634,1.648,0.006,0.3654,724.0,119.542
159933.SZ,20180529,1.755,1.76,1.76,1.751,1.754,-0.001,-0.057,119.81,21.01
159934.SZ,20180529,2.651,2.661,2.664,2.66,2.662,0.011,0.4149,81175.0,21608.663
159936.SZ,20180529,1.52,1.523,1.572,1.517,1.517,-0.003,-0.1974,160.0,24.942
159937.SZ,20180529,2.669,2.678,2.682,2.676,2.677,0.008,0.2997,348494.0,93329.319
159938.SZ,20180529,1.6,1.607,1.63,1.555,1.557,-0.043,-2.6875,135491.76,21650.698
159939.SZ,20180529,1.061,1.053,1.069,1.053,1.055,-0.006,-0.5655,20387.0,2156.113
159940.SZ,20180529,0.891,0.877,0.892,0.865,0.89,-0.001,-0.1122,479.0,41.725
159941.SZ,20180529,1.48,1.518,1.518,1.472,1.472,-0.008,-0.5405,19.0,2.819
159942.SZ,20180529,1.878,1.885,1.886,1.868,1.881,0.003,0.1597,77.0,14.488
159943.SZ,20180529,11.038,11.05,11.05,10.935,10.935,-0.103,-0.9331,340.82,373.648
159944.SZ,20180529,0.862,0.859,0.868,0.848,0.861,-0.001,-0.116,101.0,8.634
159945.SZ,20180529,0.725,0.727,0.729,0.72,0.72,-0.005,-0.6897,1216.0,87.791
159946.SZ,20180529,1.282,1.294,1.298,1.262,1.289,0.007,0.546,501.0,64.38
159948.SZ,20180529,1.863,1.867,1.88,1.84,1.841,-0.022,-1.1809,20358.0,3802.362
159949.SZ,20180529,0.656,0.657,0.663,0.652,0.652,-0.004,-0.6098,4903516.89,322125.35
159950.SZ,20180529,1.035,1.043,1.043,1.02,1.029,-0.006,-0.5797,325.04,33.211
159951.SZ,20180529,0.906,0.901,0.908,0.901,0.902,-0.004,-0.4415,356.0,32.12
159952.SZ,20180529,1.018,1.022,1.029,1.005,1.006,-0.012,-1.1788,295237.21,30070.255
159953.SZ,20180529,0.844,0.84,0.848,0.831,0.848,0.004,0.4739,144.0,12.025
159954.SZ,20180529,0.994,0.991,0.992,0.986,0.987,-0.007,-0.7042,35000.0,3456.491
159955.SZ,20180529,0.972,0.972,0.98,0.962,0.97,-0.002,-0.2058,8111.0,785.319
159956.SZ,20180529,1.011,1.011,1.018,1.009,1.009,-0.002,-0.1978,9888.83,1000.09
159957.SZ,20180529,1.034,1.037,1.041,1.013,1.019,-0.015,-1.4507,12097.0,1247.951
159958.SZ,20180529,1.029,1.029,1.037,1.015,1.015,-0.014,-1.3605,18361.05,1885.143
160105.SZ,20180529,1.073,1.06,1.06,1.06,1.06,-0.013,-1.2116,10.0,1.06
160106.SZ,20180529,1.214,1.213,1.213,1.209,1.209,-0.005,-0.4119,1411.0,170.604
160119.SZ,20180529,1.458,1.459,1.468,1.45,1.45,-0.008,-0.5487,2039.21,296.832
160125.SZ,20180529,1.089,1.076,1.088,1.075,1.086,-0.003,-0.2755,1493.0,160.669
160128.SZ,20180529,1.006,1.006,1.006,1.006,1.006,0.0,0.0,10.0,1.006
160130.SZ,20180529,0.976,0.976,0.978,0.976,0.978,0.002,0.2049,370.0,36.125
160131.SZ,20180529,0.997,0.997,0.997,0.997,0.997,0.0,0.0,24.0,2.392
160133.SZ,20180529,2.212,2.204,2.215,2.204,2.207,-0.005,-0.226,2495.8,551.868
160138.SZ,20180529,1.085,1.085,1.085,1.085,1.085,0.0,0.0,1.0,0.108
160140.SZ,20180529,0.916,0.92,0.927,0.92,0.923,0.007,0.7642,126.0,11.604
160211.SZ,20180529,2.482,2.472,2.5,2.458,2.458,-0.024,-0.967,1853.0,459.218
160212.SZ,20180529,2.453,2.456,2.484,2.439,2.439,-0.014,-0.5707,8071.62,1989.115
160215.SZ,20180529,1.679,1.68,1.68,1.656,1.676,-0.003,-0.1787,1290.0,215.743
160216.SZ,20180529,0.515,0.502,0.508,0.497,0.497,-0.018,-3.4951,47898.73,2400.319
160220.SZ,20180529,1.284,1.285,1.285,1.285,1.285,0.001,0.0779,15.0,1.927
160223.SZ,20180529,0.834,0.839,0.839,0.83,0.83,-0.004,-0.4796,19.0,1.581
160225.SZ,20180529,1.004,1.001,1.005,0.994,1.002,-0.002,-0.1992,1597.86,159.779
160311.SZ,20180529,1.491,1.499,1.499,1.475,1.484,-0.007,-0.4695,616.0,91.452
160314.SZ,20180529,1.048,1.052,1.065,1.045,1.061,0.013,1.2405,248.0,25.972
160322.SZ,20180529,1.21,1.22,1.225,1.21,1.223,0.013,1.0744,257.0,31.454
160323.SZ,20180529,0.997,0.99,0.996,0.986,0.996,-0.001,-0.1003,1001.23,99.122
160324.SZ,20180529,0.912,0.912,0.915,0.906,0.906,-0.006,-0.6579,1939.0,176.797
160416.SZ,20180529,0.984,0.989,0.993,0.988,0.993,0.009,0.9146,3233.0,320.516
160421.SZ,20180529,0.909,0.906,0.91,0.9,0.908,-0.001,-0.11,3814.22,345.895
160505.SZ,20180529,1.594,1.592,1.599,1.592,1.592,-0.002,-0.1255,26308.49,4198.021
160512.SZ,20180529,1.797,1.759,1.759,1.759,1.759,-0.038,-2.1146,150.0,26.385
160515.SZ,20180529,0.969,0.962,0.972,0.962,0.972,0.003,0.3096,1308.0,126.74
160518.SZ,20180529,0.972,0.959,0.971,0.959,0.964,-0.008,-0.823,416.01,39.949
160519.SZ,20180529,0.924,0.927,0.927,0.927,0.927,0.003,0.3247,44.0,4.078
160520.SZ,20180529,0.965,0.965,0.965,0.965,0.965,0.0,0.0,4.0,0.386
160522.SZ,20180529,0.98,0.972,0.972,0.971,0.972,-0.008,-0.8163,361.04,35.069
160607.SZ,20180529,0.753,0.759,0.759,0.748,0.755,0.002,0.2656,1488.44,111.884
160610.SZ,20180529,0.921,0.914,0.916,0.914,0.916,-0.005,-0.5429,10.0,0.914
160611.SZ,20180529,0.731,0.735,0.736,0.734,0.734,0.003,0.4104,290.0,21.323
160613.SZ,20180529,1.221,1.223,1.239,1.223,1.239,0.018,1.4742,2.0,0.246
160615.SZ,20180529,1.554,1.549,1.549,1.549,1.549,-0.005,-0.3218,22.0,3.407
160618.SZ,20180529,1.173,1.173,1.173,1.173,1.173,0.0,0.0,1.0,0.117
160635.SZ,20180529,1.275,1.271,1.296,1.255,1.255,-0.02,-1.5686,1013.21,129.366
160643.SZ,20180529,0.899,0.889,0.892,0.889,0.892,-0.007,-0.7786,36.0,3.202
160644.SZ,20180529,0.892,0.901,0.901,0.901,0.901,0.009,1.009,10.0,0.901
160706.SZ,20180529,1.071,1.07,1.074,1.068,1.07,-0.001,-0.0934,10278.5,1101.106
160716.SZ,20180529,1.473,1.476,1.476,1.452,1.47,-0.003,-0.2037,6605.25,967.987
160717.SZ,20180529,0.819,0.819,0.823,0.811,0.815,-0.004,-0.4884,2496.0,203.738
160719.SZ,20180529,0.678,0.679,0.679,0.678,0.679,0.001,0.1475,1450.0,98.342
160722.SZ,20180529,0.991,0.99,0.991,0.99,0.991,0.0,0.0,2665.64,263.898
160723.SZ,20180529,1.199,1.207,1.207,1.193,1.201,0.002,0.1668,678.0,81.288
160806.SZ,20180529,1.371,1.373,1.373,1.37,1.37,-0.001,-0.0729,4.0,0.548
160812.SZ,20180529,1.48,1.482,1.497,1.471,1.471,-0.009,-0.6081,1042.0,155.396
160813.SZ,20180529,0.812,0.808,0.808,0.806,0.806,-0.006,-0.7389,351.04,28.343
160910.SZ,20180529,1.011,1.019,1.019,1.018,1.018,0.007,0.6924,102.0,10.383
160916.SZ,20180529,2.844,2.844,2.861,2.843,2.845,0.001,0.0352,999.29,284.769
160918.SZ,20180529,2.021,2.019,2.033,2.011,2.011,-0.01,-0.4948,1143.0,230.457
160919.SZ,20180529,1.257,1.265,1.265,1.253,1.253,-0.004,-0.3182,1438.0,180.889
160921.SZ,20180529,0.914,0.927,0.927,0.903,0.915,0.001,0.1094,121.0,10.94
160922.SZ,20180529,1.159,1.153,1.162,1.094,1.112,-0.047,-4.0552,859.0,96.798
161005.SZ,20180529,2.098,2.092,2.107,2.085,2.085,-0.013,-0.6196,28246.29,5928.24
161010.SZ,20180529,1.045,1.042,1.044,1.04,1.043,-0.002,-0.1914,2169.0,226.028
161014.SZ,20180529,1.046,1.042,1.051,1.042,1.051,0.005,0.478,92.0,9.587
161015.SZ,20180529,0.986,0.945,0.946,0.945,0.946,-0.04,-4.0568,909.25,85.987
161017.SZ,20180529,2.179,2.179,2.179,2.137,2.16,-0.019,-0.872,1208.55,261.217
161019.SZ,20180529,1.0,1.0,1.0,0.999,1.0,0.0,0.0,11427.0,1141.664
161033.SZ,20180529,0.914,0.923,0.925,0.915,0.915,0.001,0.1094,681.0,62.787
161035.SZ,20180529,1.184,1.18,1.2,1.155,1.155,-0.029,-2.4493,3153.14,371.655
161038.SZ,20180529,1.013,1.001,1.001,1.001,1.001,-0.012,-1.1846,0.04,0.004
161116.SZ,20180529,0.678,0.679,0.68,0.678,0.679,0.001,0.1475,3324.47,225.841
161124.SZ,20180529,1.2,1.202,1.235,1.2,1.2,0.0,0.0,636.0,76.517
161125.SZ,20180529,1.093,1.093,1.094,1.093,1.094,0.001,0.0915,117.0,12.789
161126.SZ,20180529,1.086,1.092,1.092,1.06,1.081,-0.005,-0.4604,229.0,24.804
161127.SZ,20180529,1.298,1.288,1.297,1.288,1.289,-0.009,-0.6934,474.0,61.136
161128.SZ,20180529,1.281,1.3,1.3,1.281,1.281,0.0,0.0,490.0,62.807
161129.SZ,20180529,1.139,1.135,1.15,1.135,1.148,0.009,0.7902,3487.01,398.844
161130.SZ,20180529,1.086,1.095,1.095,1.09,1.09,0.004,0.3683,3563.0,390.04
161210.SZ,20180529,1.072,1.066,1.082,1.056,1.066,-0.006,-0.5597,74.0,7.957
161213.SZ,20180529,1.639,1.644,1.644,1.644,1.644,0.005,0.3051,1.0,0.164
161217.SZ,20180529,0.72,0.719,0.72,0.718,0.718,-0.002,-0.2778,22.0,1.581
161222.SZ,20180529,1.166,1.166,1.167,1.166,1.167,0.001,0.0858,76.0,8.867
161224.SZ,20180529,0.984,0.962,0.982,0.962,0.97,-0.014,-1.4228,90.0,8.721
161225.SZ,20180529,1.215,1.184,1.184,1.184,1.184,-0.031,-2.5514,91.0,10.774
161226.SZ,20180529,0.796,0.797,0.798,0.796,0.796,0.0,0.0,8329.0,663.431
161227.SZ,20180529,0.988,0.991,0.991,0.983,0.984,-0.004,-0.4049,5155.1,507.914
1612301.SZ,20180529,0.964,0.988,0.988,0.988,0.988,0.024,2.4896,1.0,0.098
161232.SZ,20180529,0.766,0.761,0.761,0.758,0.76,-0.006,-0.7833,1948.23,148.03
161607.SZ,20180529,1.125,1.118,1.128,1.115,1.115,-0.01,-0.8889,76.0,8.475
161610.SZ,20180529,1.015,1.015,1.019,1.008,1.01,-0.005,-0.4926,771.2,77.964
161631.SZ,20180529,1.018,1.018,1.026,1.016,1.018,0.0,0.0,10344.57,1055.273
161706.SZ,20180529,1.52,1.523,1.523,1.508,1.508,-0.012,-0.7895,1178.32,178.788
161714.SZ,20180529,1.027,1.026,1.026,1.016,1.016,-0.011,-1.0711,5.0,0.509
161715.SZ,20180529,0.989,1.002,1.002,0.986,0.999,0.01,1.0111,322.07,31.838
161727.SZ,20180529,1.013,1.005,1.005,1.004,1.004,-0.009,-0.8885,500.0,50.201
161810.SZ,20180529,1.528,1.507,1.519,1.507,1.507,-0.021,-1.3743,72.07,10.862
161815.SZ,20180529,0.482,0.482,0.482,0.48,0.481,-0.001,-0.2075,2500.0,120.268
161820.SZ,20180529,1.139,1.118,1.118,1.118,1.118,-0.021,-1.8437,5.0,0.559
161834.SZ,20180529,0.791,0.787,0.788,0.786,0.787,-0.004,-0.5057,7965.0,626.588
161835.SZ,20180529,0.998,0.99,0.999,0.99,0.996,-0.002,-0.2004,190.0,18.957
161903.SZ,20180529,0.783,0.786,0.786,0.786,0.786,0.003,0.3831,3.55,0.279
161907.SZ,20180529,1.618,1.623,1.624,1.623,1.623,0.005,0.309,104.74,16.999
161911.SZ,20180529,0.961,0.962,0.964,0.959,0.963,0.002,0.2081,25431.0,2446.077
162207.SZ,20180529,1.339,1.322,1.339,1.319,1.339,0.0,0.0,21.0,2.774
162215.SZ,20180529,0.985,0.96,0.96,0.96,0.96,-0.025,-2.5381,675.75,64.872
162307.SZ,20180529,1.233,1.237,1.237,1.237,1.237,0.004,0.3244,1.0,0.123
162411.SZ,20180529,0.629,0.629,0.635,0.629,0.631,0.002,0.318,422760.24,26737.348
162415.SZ,20180529,1.305,1.303,1.322,1.303,1.319,0.014,1.0728,185.0,24.373
162416.SZ,20180529,1.018,1.017,1.018,1.008,1.008,-0.01,-0.9823,5209.09,529.743
162510.SZ,20180529,1.01,0.983,0.985,0.983,0.985,-0.025,-2.4752,15.0,1.475
162605.SZ,20180529,1.403,1.408,1.42,1.396,1.4,-0.003,-0.2138,34500.97,4874.625
162607.SZ,20180529,0.518,0.518,0.522,0.516,0.518,0.0,0.0,729.0,37.692
162703.SZ,20180529,1.449,1.449,1.449,1.431,1.441,-0.008,-0.5521,1565.37,225.9
162711.SZ,20180529,1.248,1.249,1.249,1.242,1.242,-0.006,-0.4808,94.0,11.715
162715.SZ,20180529,1.112,1.117,1.117,1.117,1.117,0.005,0.4496,4.0,0.446
162718.SZ,20180529,0.977,0.977,0.977,0.973,0.973,-0.004,-0.4094,200.0,19.5
162719.SZ,20180529,1.08,1.075,1.1,1.059,1.089,0.009,0.8333,72.0,7.848
163001.SZ,20180529,1.057,1.068,1.077,1.055,1.055,-0.002,-0.1892,218.0,23.449
163003.SZ,20180529,0.636,0.633,0.633,0.633,0.633,-0.003,-0.4717,1.0,0.063
163110.SZ,20180529,2.185,2.185,2.185,2.152,2.174,-0.011,-0.5034,415.0,89.972
163111.SZ,20180529,1.084,1.081,1.088,1.052,1.052,-0.032,-2.952,2234.11,240.202
163119.SZ,20180529,0.993,0.998,0.998,0.989,0.989,-0.004,-0.4028,274.0,27.343
163208.SZ,20180529,0.884,0.887,0.887,0.887,0.887,0.003,0.3394,376.0,33.351
163210.SZ,20180529,1.038,1.038,1.046,1.037,1.045,0.007,0.6744,5981.0,622.853
163302.SZ,20180529,1.326,1.326,1.338,1.326,1.329,0.003,0.2262,575.0,76.522
163402.SZ,20180529,0.902,0.901,0.905,0.897,0.9,-0.002,-0.2217,37514.93,3377.82
163407.SZ,20180529,1.77,1.765,1.77,1.756,1.756,-0.014,-0.791,528.0,93.101
163409.SZ,20180529,1.542,1.535,1.535,1.535,1.535,-0.007,-0.454,33.0,5.065
163412.SZ,20180529,3.174,3.175,3.176,3.15,3.151,-0.023,-0.7246,14775.98,4669.737
163415.SZ,20180529,1.537,1.539,1.549,1.53,1.531,-0.006,-0.3904,1260.45,193.955
163417.SZ,20180529,0.903,0.902,0.907,0.896,0.897,-0.006,-0.6645,235637.04,21203.407
163503.SZ,20180529,0.471,0.467,0.47,0.467,0.47,-0.001,-0.2123,565.23,26.431
163801.SZ,20180529,1.362,1.37,1.388,1.363,1.363,0.001,0.0734,6212.2,852.506
163819.SZ,20180529,1.046,1.05,1.112,1.04,1.05,0.004,0.3824,952.01,101.191
164210.SZ,20180529,1.018,1.015,1.015,1.015,1.015,-0.003,-0.2947,45.0,4.567
164403.SZ,20180529,1.021,1.022,1.023,1.018,1.018,-0.003,-0.2938,104.0,10.618
164701.SZ,20180529,0.58,0.58,0.581,0.58,0.58,0.0,0.0,625.84,36.299
164702.SZ,20180529,0.992,0.992,0.992,0.991,0.991,-0.001,-0.1008,2000.0,198.23
164705.SZ,20180529,1.211,1.214,1.214,1.209,1.209,-0.002,-0.1652,408.0,49.525
164808.SZ,20180529,1.012,1.011,1.012,1.011,1.012,0.0,0.0,320.01,32.353
164810.SZ,20180529,1.002,1.002,1.002,1.002,1.002,0.0,0.0,140.0,14.028
164814.SZ,20180529,1.01,0.983,0.983,0.983,0.983,-0.027,-2.6733,3.0,0.294
164906.SZ,20180529,1.416,1.417,1.417,1.402,1.406,-0.01,-0.7062,3252.0,457.214
165309.SZ,20180529,1.168,1.181,1.195,1.174,1.195,0.027,2.3116,73.0,8.698
165313.SZ,20180529,1.344,1.35,1.407,1.35,1.364,0.02,1.4881,1222.0,168.342
165508.SZ,20180529,1.737,1.734,1.751,1.734,1.751,0.014,0.806,10.0,1.735
165510.SZ,20180529,0.804,0.811,0.812,0.784,0.8,-0.004,-0.4975,906.0,71.907
165512.SZ,20180529,2.541,2.564,2.565,2.516,2.516,-0.025,-0.9839,49.0,12.546
165513.SZ,20180529,0.458,0.459,0.463,0.459,0.461,0.003,0.655,350.0,16.107
165517.SZ,20180529,0.788,0.772,0.772,0.772,0.772,-0.016,-2.0305,4.0,0.308
165525.SZ,20180529,0.94,0.94,0.94,0.931,0.939,-0.001,-0.1064,440.43,41.387
165528.SZ,20180529,0.971,0.965,0.965,0.965,0.965,-0.006,-0.6179,62.01,5.983
165705.SZ,20180529,0.947,1.039,1.039,1.018,1.018,0.071,7.4974,6.0,0.619
166001.SZ,20180529,1.091,1.094,1.094,1.075,1.075,-0.016,-1.4665,1336.0,145.024
166006.SZ,20180529,1.218,1.211,1.211,1.198,1.208,-0.01,-0.821,149.0,18.002
166009.SZ,20180529,1.741,1.777,1.779,1.773,1.773,0.032,1.838,40.22,7.152
166011.SZ,20180529,1.269,1.268,1.268,1.266,1.266,-0.003,-0.2364,9.0,1.139
166012.SZ,20180529,1.076,1.072,1.072,1.072,1.072,-0.004,-0.3717,8.0,0.857
166023.SZ,20180529,0.937,0.916,0.917,0.915,0.915,-0.022,-2.3479,1203.0,110.121
166024.SZ,20180529,0.991,0.99,1.0,0.99,0.99,-0.001,-0.1009,32836.13,3272.391
166105.SZ,20180529,0.951,0.946,0.954,0.942,0.95,-0.001,-0.1052,81.0,7.657
166402.SZ,20180529,1.079,1.061,1.083,1.061,1.083,0.004,0.3707,101.0,10.718
166902.SZ,20180529,1.019,0.99,1.018,0.99,0.991,-0.028,-2.7478,104.0,10.31
166904.SZ,20180529,1.049,1.04,1.04,1.04,1.04,-0.009,-0.858,75.0,7.8
167001.SZ,20180529,0.738,0.74,0.741,0.738,0.738,0.0,0.0,5046.15,373.035
167002.SZ,20180529,0.901,0.915,0.915,0.905,0.905,0.004,0.444,24010.0,2196.905
167003.SZ,20180529,0.988,0.988,0.989,0.987,0.987,-0.001,-0.1012,3000.01,296.114
167501.SZ,20180529,1.17,1.152,1.152,1.147,1.152,-0.018,-1.5385,186.0,21.343
168101.SZ,20180529,0.994,0.994,0.994,0.986,0.992,-0.002,-0.2012,687.6,67.945
168102.SZ,20180529,0.811,0.81,0.815,0.804,0.804,-0.007,-0.8631,4899.0,396.08
168103.SZ,20180529,0.755,0.756,0.757,0.748,0.751,-0.004,-0.5298,30713.64,2316.162
168105.SZ,20180529,0.754,0.75,0.752,0.749,0.749,-0.005,-0.6631,3639.03,273.094
168106.SZ,20180529,0.867,0.867,0.867,0.867,0.867,0.0,0.0,97.0,8.409
168301.SZ,20180529,0.896,0.895,0.895,0.895,0.895,-0.001,-0.1116,3045.0,272.527
168401.SZ,20180529,0.952,0.952,0.955,0.95,0.95,-0.002,-0.2101,997.0,94.764
169101.SZ,20180529,1.519,1.521,1.523,1.512,1.515,-0.004,-0.2633,55273.86,8390.628
169102.SZ,20180529,1.449,1.46,1.46,1.433,1.433,-0.016,-1.1042,2133.0,307.635
169103.SZ,20180529,1.42,1.428,1.428,1.398,1.408,-0.012,-0.8451,1322.0,186.215
169104.SZ,20180529,1.46,1.459,1.466,1.455,1.455,-0.005,-0.3425,4213.0,615.628
169105.SZ,20180529,1.486,1.485,1.489,1.48,1.482,-0.004,-0.2692,29619.0,4399.514
169201.SZ,20180529,1.016,1.015,1.019,1.012,1.016,0.0,0.0,3343.61,339.398
184801.SZ,20180529,90.433,90.303,90.4,90.301,90.301,-0.132,-0.146,74.0,668.375
501000.SH,20180529,1.169,1.166,1.166,1.165,1.165,-0.004,-0.3422,30.0,3.497
501001.SH,20180529,1.18,1.174,1.191,1.17,1.17,-0.01,-0.8475,1495.0,176.458
501002.SH,20180529,0.838,0.836,0.857,0.832,0.848,0.01,1.1933,152.0,12.724
501003.SH,20180529,0.972,0.964,0.964,0.964,0.964,-0.008,-0.823,3.0,0.289
501005.SH,20180529,1.095,1.095,1.11,1.052,1.055,-0.04,-3.653,5263.16,572.626
501007.SH,20180529,1.084,1.07,1.07,1.07,1.07,-0.014,-1.2915,299.04,31.997
501008.SH,20180529,1.068,1.08,1.085,1.08,1.08,0.012,1.1236,2902.81,313.537
501009.SH,20180529,1.366,1.384,1.384,1.294,1.339,-0.027,-1.9766,2758.73,374.935
501010.SH,20180529,1.38,1.401,1.401,1.362,1.362,-0.018,-1.3043,678.98,92.851
501011.SH,20180529,1.161,1.197,1.197,1.054,1.054,-0.107,-9.2162,684.67,78.923
501012.SH,20180529,1.159,1.17,1.17,1.13,1.13,-0.029,-2.5022,150.0,17.311
501015.SH,20180529,0.958,0.955,0.96,0.937,0.946,-0.012,-1.2526,18154.85,1730.108
501016.SH,20180529,0.873,0.873,0.883,0.86,0.864,-0.009,-1.0309,2294.0,199.367
501017.SH,20180529,0.886,0.873,0.886,0.873,0.884,-0.002,-0.2257,1492.29,131.025
501018.SH,20180529,1.144,1.143,1.151,1.129,1.149,0.005,0.4371,10542.65,1209.211
501019.SH,20180529,0.764,0.764,0.764,0.751,0.751,-0.013,-1.7016,941.0,71.288
501021.SH,20180529,1.505,1.505,1.52,1.491,1.515,0.01,0.6645,985.0,148.843
501022.SH,20180529,0.801,0.797,0.797,0.791,0.795,-0.006,-0.7491,6590.49,524.576
501023.SH,20180529,1.208,1.208,1.208,1.201,1.203,-0.005,-0.4139,1341.87,161.219
501025.SH,20180529,1.133,1.121,1.136,1.12,1.136,0.003,0.2648,58.0,6.503
501026.SH,20180529,0.851,0.847,0.853,0.837,0.846,-0.005,-0.5875,4155.21,350.28
501027.SH,20180529,0.977,0.977,0.977,0.977,0.977,0.0,0.0,1193.0,116.556
501028.SH,20180529,0.83,0.829,0.832,0.821,0.825,-0.005,-0.6024,2522.0,208.131
501029.SH,20180529,1.044,1.045,1.046,1.041,1.043,-0.001,-0.0958,61184.51,6382.351
501030.SH,20180529,0.8,0.79,0.79,0.777,0.778,-0.022,-2.75,111.0,8.717
501032.SH,20180529,0.886,0.873,0.885,0.873,0.885,-0.001,-0.1129,51.0,4.512
501035.SH,20180529,0.953,0.948,0.952,0.948,0.949,-0.004,-0.4197,2083.97,197.941
501038.SH,20180529,1.026,1.026,1.038,1.026,1.028,0.002,0.1949,27996.43,2884.119
501039.SH,20180529,0.954,0.95,0.95,0.95,0.95,-0.004,-0.4193,0.55,0.052
501043.SH,20180529,1.006,0.99,1.004,0.986,0.988,-0.018,-1.7893,853.0,84.445
501046.SH,20180529,0.893,0.896,0.896,0.896,0.896,0.003,0.3359,569.0,50.982
501047.SH,20180529,0.844,0.852,0.852,0.852,0.852,0.008,0.9479,10.0,0.852
501050.SH,20180529,1.17,1.171,1.172,1.164,1.166,-0.004,-0.3419,8846.0,1032.941
501051.SH,20180529,0.987,0.961,0.98,0.961,0.98,-0.007,-0.7092,56.0,5.393
501106.SH,20180529,1.017,1.017,1.017,1.017,1.017,0.0,0.0,9.96,1.013
501300.SH,20180529,0.917,0.918,0.922,0.917,0.922,0.005,0.5453,2212.21,202.914
501302.SH,20180529,1.068,1.061,1.061,1.061,1.061,-0.007,-0.6554,38.0,4.032
501305.SH,20180529,1.002,0.997,0.998,0.997,0.997,-0.005,-0.499,116.0,11.566
501307.SH,20180529,0.982,0.991,0.995,0.991,0.995,0.013,1.3238,1729.22,171.738
502003.SH,20180529,0.835,0.835,0.835,0.81,0.815,-0.02,-2.3952,1465.64,120.907
502004.SH,20180529,0.977,0.965,0.977,0.965,0.974,-0.003,-0.3071,1904.0,185.207
502005.SH,20180529,0.678,0.673,0.685,0.66,0.661,-0.017,-2.5074,2639.7,177.762
502006.SH,20180529,1.003,1.003,1.003,1.002,1.002,-0.001,-0.0997,236.0,23.667
502007.SH,20180529,0.978,0.974,0.977,0.974,0.977,-0.001,-0.1022,5301.0,517.586
502008.SH,20180529,1.037,1.036,1.038,1.009,1.038,0.001,0.0964,268.69,27.611
502010.SH,20180529,0.976,0.955,0.969,0.949,0.95,-0.026,-2.6639,1208.0,115.288
502011.SH,20180529,0.978,0.967,0.975,0.967,0.973,-0.005,-0.5112,1637.0,158.848
502012.SH,20180529,0.935,0.924,0.929,0.924,0.929,-0.006,-0.6417,1503.16,139.458
502013.SH,20180529,0.772,0.771,0.771,0.766,0.769,-0.003,-0.3886,3196.37,245.56
502014.SH,20180529,0.967,0.966,0.966,0.962,0.966,-0.001,-0.1034,1347.57,130.07
502015.SH,20180529,0.57,0.569,0.573,0.567,0.569,-0.001,-0.1754,2406.0,136.873
502020.SH,20180529,0.933,0.933,0.933,0.933,0.933,0.0,0.0,134.0,12.502
502021.SH,20180529,0.971,0.968,0.968,0.968,0.968,-0.003,-0.309,60.0,5.808
502023.SH,20180529,0.915,0.901,0.901,0.901,0.901,-0.014,-1.5301,22.0,1.982
502024.SH,20180529,0.98,0.966,0.966,0.965,0.965,-0.015,-1.5306,501.0,48.347
502025.SH,20180529,0.898,0.808,0.808,0.808,0.808,-0.09,-10.0223,100.0,8.08
502031.SH,20180529,0.982,0.98,0.98,0.98,0.98,-0.002,-0.2037,152.0,14.896
502032.SH,20180529,0.698,0.658,0.696,0.658,0.696,-0.002,-0.2865,3.28,0.227
502037.SH,20180529,0.966,0.973,0.974,0.968,0.968,0.002,0.207,150.71,14.616
502041.SH,20180529,1.0,0.957,0.98,0.957,0.98,-0.02,-2.0,5.0,0.484
502048.SH,20180529,0.872,0.872,0.876,0.866,0.869,-0.003,-0.344,17678.74,1540.298
502049.SH,20180529,0.959,0.958,0.958,0.955,0.957,-0.002,-0.2086,9965.51,953.366
502050.SH,20180529,0.791,0.785,0.793,0.772,0.786,-0.005,-0.6321,25492.97,1994.87
502053.SH,20180529,0.788,0.788,0.788,0.788,0.788,0.0,0.0,231.0,18.203
502054.SH,20180529,0.966,0.965,0.966,0.964,0.965,-0.001,-0.1035,18759.0,1809.694
502055.SH,20180529,0.632,0.617,0.623,0.598,0.612,-0.02,-3.1646,4027.0,243.853
502056.SH,20180529,1.171,1.18,1.201,1.139,1.139,-0.032,-2.7327,1045.94,124.533
502057.SH,20180529,1.03,1.051,1.053,1.051,1.051,0.021,2.0388,359.59,37.795
502058.SH,20180529,1.3,1.299,1.313,1.248,1.309,0.009,0.6923,326.0,42.602
505888.SH,20180529,1.04,1.04,1.041,1.038,1.04,0.0,0.0,268956.15,27945.298
510010.SH,20180529,1.106,1.099,1.099,1.086,1.097,-0.009,-0.8137,359.0,39.085
510020.SH,20180529,2.656,2.633,2.636,2.614,2.636,-0.02,-0.753,126.69,33.191
510030.SH,20180529,4.813,4.76,4.818,4.76,4.818,0.005,0.1039,119.0,56.896
510050.SH,20180529,2.668,2.666,2.671,2.635,2.655,-0.013,-0.4873,5280081.32,1400824.237
510060.SH,20180529,1.76,1.758,1.76,1.74,1.76,0.0,0.0,3402.0,593.683
510070.SH,20180529,1.827,1.82,1.82,1.82,1.82,-0.007,-0.3831,250.0,45.5
510090.SH,20180529,1.56,1.56,1.56,1.541,1.545,-0.015,-0.9615,10.0,1.545
510110.SH,20180529,3.499,3.451,3.451,3.41,3.433,-0.066,-1.8863,19.0,6.53
510120.SH,20180529,3.026,2.956,2.956,2.956,2.956,-0.07,-2.3133,9.0,2.66
510130.SH,20180529,3.908,3.913,3.913,3.88,3.88,-0.028,-0.7165,158.0,61.568
510150.SH,20180529,5.392,5.385,5.497,5.302,5.309,-0.083,-1.5393,21503.0,11639.146
510160.SH,20180529,0.566,0.565,0.57,0.562,0.565,-0.001,-0.1767,2071.0,116.974
510170.SH,20180529,1.854,1.846,1.923,1.846,1.894,0.04,2.1575,27.0,5.042
510180.SH,20180529,3.274,3.27,3.278,3.242,3.258,-0.016,-0.4887,98655.5,32170.002
510190.SH,20180529,3.582,3.586,3.586,3.56,3.581,-0.001,-0.0279,61.0,21.818
510210.SH,20180529,3.592,3.551,3.551,3.551,3.551,-0.041,-1.1414,59.0,20.951
510220.SH,20180529,4.148,4.133,4.135,4.083,4.083,-0.065,-1.567,115.0,47.478
510230.SH,20180529,5.83,5.83,5.83,5.755,5.812,-0.018,-0.3087,9467.0,5499.344
510260.SH,20180529,1.179,1.166,1.177,1.136,1.177,-0.002,-0.1696,853.0,99.35
510270.SH,20180529,1.082,1.082,1.082,1.079,1.08,-0.002,-0.1848,24.0,2.592
510280.SH,20180529,1.701,1.701,1.701,1.68,1.68,-0.021,-1.2346,157.0,26.485
510290.SH,20180529,1.571,1.571,1.571,1.554,1.554,-0.017,-1.0821,649.0,101.048
510300.SH,20180529,3.835,3.83,3.84,3.797,3.799,-0.036,-0.9387,1263855.6,482554.985
510310.SH,20180529,1.625,1.628,1.631,1.615,1.615,-0.01,-0.6154,17368.0,2820.001
510330.SH,20180529,4.159,4.142,4.157,4.112,4.125,-0.034,-0.8175,23412.0,9690.951
510360.SH,20180529,1.204,1.203,1.208,1.195,1.197,-0.007,-0.5814,28111.0,3370.903
510380.SH,20180529,0.946,0.93,0.942,0.93,0.942,-0.004,-0.4228,5160.0,485.492
510390.SH,20180529,3.835,3.832,3.841,3.75,3.805,-0.03,-0.7823,14081.62,5376.025
510410.SH,20180529,0.73,0.73,0.734,0.724,0.724,-0.006,-0.8219,660.0,47.995
510430.SH,20180529,1.45,1.41,1.41,1.41,1.41,-0.04,-2.7586,1.0,0.141
510500.SH,20180529,6.226,6.219,6.254,6.138,6.148,-0.078,-1.2528,472390.0,292991.553
510510.SH,20180529,1.643,1.645,1.653,1.628,1.628,-0.015,-0.913,53850.07,8828.075
510520.SH,20180529,1.543,1.501,1.558,1.501,1.511,-0.032,-2.0739,81.0,12.267
510560.SH,20180529,1.242,1.229,1.229,1.229,1.229,-0.013,-1.0467,5.63,0.692
510580.SH,20180529,5.84,5.822,5.826,5.75,5.826,-0.014,-0.2397,39.0,22.49
510590.SH,20180529,5.938,5.938,5.965,5.847,5.862,-0.076,-1.2799,18463.39,10909.1
510630.SH,20180529,2.461,2.468,2.504,2.461,2.493,0.032,1.3003,29663.0,7389.794
510650.SH,20180529,1.691,1.7,1.7,1.671,1.671,-0.02,-1.1827,274.0,46.178
510660.SH,20180529,2.309,2.3,2.332,2.194,2.209,-0.1,-4.3309,17194.0,3923.051
510710.SH,20180529,2.834,2.83,2.835,2.804,2.823,-0.011,-0.3881,3850.0,1086.424
510800.SH,20180529,0.908,0.908,0.91,0.9,0.904,-0.004,-0.4405,18259.0,1647.896
510810.SH,20180529,0.921,0.926,0.926,0.916,0.917,-0.004,-0.4343,3534.0,324.455
510880.SH,20180529,2.876,2.874,2.882,2.865,2.873,-0.003,-0.1043,39391.59,11317.604
510900.SH,20180529,1.254,1.245,1.251,1.239,1.24,-0.014,-1.1164,14044558.0,1750024.118
511010.SH,20180529,112.31,112.3,112.389,112.141,112.172,-0.138,-0.1229,2110.0,23691.834
511220.SH,20180529,93.41,93.42,93.42,93.201,93.33,-0.08,-0.0856,615.0,5740.414
511230.SH,20180529,98.3,96.8,96.8,96.8,96.8,-1.5,-1.5259,10.0,96.8
511260.SH,20180529,101.559,101.694,101.697,101.598,101.634,0.075,0.0738,190.0,1930.687
511290.SH,20180529,99.203,99.9,99.9,99.9,99.9,0.697,0.7026,0.8,7.992
511310.SH,20180529,100.799,100.6,100.9,100.306,100.306,-0.493,-0.4891,22.9,231.031
511600.SH,20180529,99.993,99.99,99.99,99.978,99.986,-0.007,-0.007,2970.04,29695.132
511620.SH,20180529,100.998,100.0,100.996,100.0,100.993,-0.005,-0.005,18.0,181.105
511650.SH,20180529,99.993,99.99,99.992,99.973,99.985,-0.008,-0.008,7629.76,76282.406
511660.SH,20180529,99.995,99.99,99.991,99.974,99.991,-0.004,-0.004,134202.54,1341792.418
511670.SH,20180529,99.99,99.99,99.994,99.973,99.984,-0.006,-0.006,3307.67,33071.232
511680.SH,20180529,99.98,99.985,99.985,99.985,99.985,0.005,0.005,0.01,0.1
511690.SH,20180529,99.995,99.99,99.99,99.976,99.988,-0.007,-0.007,64139.75,641277.762
511700.SH,20180529,99.991,99.985,99.993,98.0,99.991,0.0,0.0,12831.9,128061.928
511770.SH,20180529,99.995,99.982,99.99,99.975,99.99,-0.005,-0.005,81.64,816.247
511800.SH,20180529,100.005,99.987,99.991,99.983,99.984,-0.021,-0.021,2338.34,23380.495
511810.SH,20180529,99.994,99.99,99.991,99.975,99.985,-0.009,-0.009,83607.1,835924.773
511820.SH,20180529,99.991,99.99,99.99,99.983,99.986,-0.005,-0.005,41656.54,416505.242
511830.SH,20180529,99.992,99.992,99.992,99.974,99.991,-0.001,-0.001,4517.66,45167.96
511850.SH,20180529,99.998,99.991,99.991,99.951,99.99,-0.008,-0.008,26596.34,265916.669
511860.SH,20180529,99.99,99.986,99.989,99.971,99.989,-0.001,-0.001,1678.79,16784.727
511880.SH,20180529,101.741,101.746,101.747,101.728,101.74,-0.001,-0.001,858278.6,8731915.298
511900.SH,20180529,99.999,99.99,99.995,99.95,99.989,-0.01,-0.01,25998.15,259935.354
511910.SH,20180529,99.989,99.97,99.978,99.965,99.977,-0.012,-0.012,1637.78,16373.445
511920.SH,20180529,100.004,99.96,99.98,99.96,99.98,-0.024,-0.024,0.06,0.6
511930.SH,20180529,99.98,99.976,99.976,99.976,99.976,-0.004,-0.004,1.0,9.998
511960.SH,20180529,99.99,99.974,99.986,99.972,99.985,-0.005,-0.005,80.4,803.839
511970.SH,20180529,99.989,99.977,99.984,99.961,99.983,-0.006,-0.006,373.0,3729.179
511980.SH,20180529,99.989,99.981,99.986,99.973,99.977,-0.012,-0.012,368.19,3681.182
511990.SH,20180529,100.002,99.992,99.997,99.977,99.994,-0.008,-0.008,1146584.88,11464062.977
512000.SH,20180529,0.816,0.817,0.819,0.804,0.806,-0.01,-1.2255,260029.0,21061.693
512010.SH,20180529,2.157,2.162,2.194,2.036,2.038,-0.119,-5.5169,91558.43,19395.542
512070.SH,20180529,1.815,1.813,1.818,1.785,1.801,-0.014,-0.7713,7775.0,1400.496
512100.SH,20180529,0.766,0.765,0.771,0.761,0.761,-0.005,-0.6527,5775.0,441.864
512120.SH,20180529,1.908,1.898,1.933,1.819,1.827,-0.081,-4.2453,38031.0,7211.671
512160.SH,20180529,1.013,1.013,1.016,1.007,1.008,-0.005,-0.4936,472542.0,47733.623
512180.SH,20180529,0.985,0.985,0.989,0.979,0.98,-0.005,-0.5076,661955.0,65116.393
512200.SH,20180529,0.883,0.885,0.89,0.862,0.87,-0.013,-1.4723,20141.0,1751.58
512220.SH,20180529,1.341,1.338,1.338,1.317,1.317,-0.024,-1.7897,107.0,14.199
512280.SH,20180529,0.988,0.988,0.991,0.981,0.981,-0.007,-0.7085,255811.31,25246.243
512300.SH,20180529,1.345,1.342,1.37,1.305,1.308,-0.037,-2.7509,38632.0,5205.362
512310.SH,20180529,0.569,0.568,0.569,0.563,0.563,-0.006,-1.0545,3705.0,209.859
512330.SH,20180529,0.787,0.785,0.795,0.781,0.783,-0.004,-0.5083,9248.0,730.429
512340.SH,20180529,0.889,0.891,0.891,0.881,0.882,-0.007,-0.7874,1036.0,91.505
512400.SH,20180529,0.842,0.842,0.845,0.838,0.841,-0.001,-0.1188,25013.0,2105.834
512500.SH,20180529,2.925,2.925,2.953,2.915,2.94,0.015,0.5128,1517.54,447.051
512510.SH,20180529,1.232,1.232,1.236,1.218,1.219,-0.013,-1.0552,9873.0,1209.586
512520.SH,20180529,0.993,0.993,0.997,0.987,0.988,-0.005,-0.5035,164260.48,16281.416
512550.SH,20180529,1.037,1.037,1.04,1.028,1.032,-0.005,-0.4822,4200.0,433.927
512560.SH,20180529,0.866,0.866,0.88,0.86,0.88,0.014,1.6166,115.0,9.957
512570.SH,20180529,0.821,0.81,0.817,0.803,0.81,-0.011,-1.3398,1901.0,153.873
512580.SH,20180529,0.89,0.891,0.894,0.883,0.883,-0.007,-0.7865,120228.0,10666.487
512600.SH,20180529,2.309,2.326,2.37,2.325,2.33,0.021,0.9095,1100.0,260.162
512610.SH,20180529,1.862,1.855,1.905,1.809,1.809,-0.053,-2.8464,5895.0,1096.963
512640.SH,20180529,1.75,1.72,1.72,1.72,1.72,-0.03,-1.7143,1.0,0.172
512660.SH,20180529,0.79,0.79,0.794,0.78,0.781,-0.009,-1.1392,226274.99,17788.84
512680.SH,20180529,0.768,0.767,0.772,0.76,0.762,-0.006,-0.7813,69605.4,5342.884
512700.SH,20180529,0.987,0.985,0.986,0.975,0.986,-0.001,-0.1013,31784.0,3111.008
512780.SH,20180529,0.963,0.964,0.964,0.95,0.95,-0.013,-1.3499,130610.0,12451.366
512800.SH,20180529,0.964,0.964,0.964,0.951,0.96,-0.004,-0.4149,385420.0,36893.273
512810.SH,20180529,0.749,0.75,0.753,0.738,0.74,-0.009,-1.2016,33751.0,2514.587
512880.SH,20180529,0.864,0.863,0.864,0.848,0.848,-0.016,-1.8519,806151.32,68874.613
512900.SH,20180529,0.825,0.825,0.827,0.813,0.814,-0.011,-1.3333,30417.0,2488.623
512980.SH,20180529,0.935,0.936,0.944,0.933,0.935,0.0,0.0,52305.0,4904.123
512990.SH,20180529,1.113,1.114,1.117,1.108,1.109,-0.004,-0.3594,54773.0,6088.321
513030.SH,20180529,1.088,1.087,1.087,1.083,1.084,-0.004,-0.3676,3687.0,400.16
513050.SH,20180529,1.469,1.469,1.469,1.455,1.458,-0.011,-0.7488,61004.0,8904.327
513100.SH,20180529,2.337,2.337,2.342,2.327,2.335,-0.002,-0.0856,15691.0,3668.454
513500.SH,20180529,1.628,1.628,1.628,1.615,1.618,-0.01,-0.6143,2294.0,371.51
513600.SH,20180529,2.627,2.66,2.66,2.603,2.606,-0.021,-0.7994,1485.0,388.459
513660.SH,20180529,2.606,2.606,2.606,2.583,2.583,-0.023,-0.8826,17292.0,4478.051
513900.SH,20180529,0.997,0.993,0.996,0.987,0.988,-0.009,-0.9027,51542.0,5120.311
518800.SH,20180529,2.648,2.655,2.659,2.655,2.657,0.009,0.3399,314539.0,83602.776
518880.SH,20180529,2.667,2.678,2.68,2.676,2.676,0.009,0.3375,3941768.82,1055614.95
