ts_code,trade_date,pre_close,open,high,low,close,change,pct_chg,vol,amount
150012.SZ,20180313,1.002,1.02,1.02,1.015,1.015,0.013,1.2974,1095.0,111.206
150013.SZ,20180313,1.611,1.612,1.612,1.599,1.612,0.001,0.0621,2296.54,369.482
150016.SZ,20180313,1.165,1.154,1.155,1.153,1.155,-0.01,-0.8584,1705.44,196.782
150017.SZ,20180313,1.564,1.562,1.571,1.551,1.563,-0.001,-0.0639,2338.03,365.955
150018.SZ,20180313,0.89,0.89,0.893,0.889,0.893,0.003,0.3371,222573.78,19817.094
150019.SZ,20180313,1.307,1.31,1.31,1.286,1.287,-0.02,-1.5302,276579.35,35842.973
150022.SZ,20180313,0.792,0.792,0.796,0.79,0.794,0.002,0.2525,150648.73,11950.008
150023.SZ,20180313,0.417,0.417,0.417,0.408,0.409,-0.008,-1.9185,347991.02,14337.213
150029.SZ,20180313,1.495,1.481,1.481,1.465,1.47,-0.025,-1.6722,379.0,55.865
150030.SZ,20180313,0.994,1.051,1.093,1.051,1.093,0.099,9.9598,26.48,2.888
150031.SZ,20180313,1.219,1.18,1.218,1.179,1.209,-0.01,-0.8203,242.62,28.93
150033.SZ,20180313,1.05,1.021,1.05,1.021,1.021,-0.029,-2.7619,12.0,1.23
150048.SZ,20180313,1.299,1.315,1.315,1.242,1.308,0.009,0.6928,161.0,20.539
150049.SZ,20180313,0.97,0.965,0.965,0.965,0.965,-0.005,-0.5155,929.0,89.648
150050.SZ,20180313,1.543,1.529,1.541,1.529,1.541,-0.002,-0.1296,381.0,58.684
150051.SZ,20180313,0.888,0.887,0.89,0.887,0.89,0.002,0.2252,25787.25,2290.484
150052.SZ,20180313,1.009,1.009,1.024,0.996,0.998,-0.011,-1.0902,17153.12,1729.531
150053.SZ,20180313,0.911,0.913,0.913,0.913,0.913,0.002,0.2195,33.0,3.012
150055.SZ,20180313,1.005,1.005,1.005,1.005,1.005,0.0,0.0,30.0,3.015
150056.SZ,20180313,1.512,1.392,1.51,1.392,1.506,-0.006,-0.3968,62.0,9.326
150057.SZ,20180313,1.127,1.125,1.126,1.125,1.125,-0.002,-0.1775,284.0,31.959
150058.SZ,20180313,1.112,1.063,1.184,1.063,1.184,0.072,6.4748,798.8,84.932
150059.SZ,20180313,0.992,0.977,0.977,0.977,0.977,-0.015,-1.5121,50.0,4.885
150060.SZ,20180313,1.389,1.289,1.35,1.289,1.35,-0.039,-2.8078,51.43,6.94
150065.SZ,20180313,1.058,1.024,1.024,1.024,1.024,-0.034,-3.2136,69.98,7.165
150077.SZ,20180313,1.799,1.763,1.763,1.763,1.763,-0.036,-2.0011,1.0,0.176
150084.SZ,20180313,1.633,1.667,1.667,1.667,1.667,0.034,2.0821,1.0,0.166
150090.SZ,20180313,0.924,0.92,0.925,0.919,0.923,-0.001,-0.1082,948.0,87.382
150091.SZ,20180313,0.933,0.896,0.952,0.896,0.93,-0.003,-0.3215,235.04,21.206
150092.SZ,20180313,1.044,1.032,1.033,1.032,1.033,-0.011,-1.0536,109.71,11.332
150093.SZ,20180313,1.05,1.055,1.055,1.01,1.01,-0.04,-3.8095,89.0,9.029
150094.SZ,20180313,0.96,0.952,0.952,0.952,0.952,-0.008,-0.8333,169.0,16.088
150095.SZ,20180313,0.519,0.484,0.537,0.484,0.537,0.018,3.4682,80.0,3.877
150100.SZ,20180313,1.04,1.142,1.142,0.954,0.989,-0.051,-4.9038,3688.0,358.516
150101.SZ,20180313,1.529,1.501,1.547,1.501,1.535,0.006,0.3924,6392.52,973.91
150104.SZ,20180313,0.922,0.922,0.922,0.922,0.922,0.0,0.0,216.25,19.938
150106.SZ,20180313,1.045,1.045,1.048,1.044,1.048,0.003,0.2871,14700.93,1539.207
150107.SZ,20180313,1.246,1.241,1.241,1.205,1.21,-0.036,-2.8892,23374.86,2851.823
150117.SZ,20180313,0.949,0.95,0.951,0.949,0.951,0.002,0.2107,27604.04,2622.283
150118.SZ,20180313,0.664,0.663,0.674,0.646,0.65,-0.014,-2.1084,214538.16,14159.376
150121.SZ,20180313,0.94,0.989,0.989,0.985,0.985,0.045,4.7872,60.0,5.914
150123.SZ,20180313,1.011,1.011,1.012,1.01,1.01,-0.001,-0.0989,16582.5,1676.988
150124.SZ,20180313,0.987,0.981,0.991,0.97,0.974,-0.013,-1.3171,15025.19,1473.489
150130.SZ,20180313,1.009,1.009,1.012,1.008,1.01,0.001,0.0991,244533.08,24680.195
150131.SZ,20180313,0.729,0.726,0.726,0.699,0.7,-0.029,-3.9781,570043.98,40469.692
150143.SZ,20180313,0.958,0.959,0.963,0.959,0.963,0.005,0.5219,340.28,32.765
150144.SZ,20180313,1.227,1.212,1.239,1.212,1.223,-0.004,-0.326,63.37,7.821
150148.SZ,20180313,1.039,1.045,1.06,1.012,1.012,-0.027,-2.5987,19.0,1.994
150149.SZ,20180313,0.86,0.865,0.865,0.837,0.852,-0.008,-0.9302,2715.0,230.212
150150.SZ,20180313,0.903,0.903,0.903,0.869,0.901,-0.002,-0.2215,896.0,80.779
150151.SZ,20180313,1.497,1.5,1.5,1.5,1.5,0.003,0.2004,3.24,0.486
150152.SZ,20180313,0.949,0.948,0.95,0.947,0.949,0.0,0.0,141978.52,13469.736
150153.SZ,20180313,0.651,0.649,0.67,0.634,0.642,-0.009,-1.3825,3744215.87,242932.827
150157.SZ,20180313,0.943,0.945,0.949,0.942,0.942,-0.001,-0.106,5946.0,562.277
150158.SZ,20180313,1.11,1.11,1.126,1.098,1.103,-0.007,-0.6306,19460.23,2157.605
150165.SZ,20180313,1.156,1.15,1.157,1.15,1.153,-0.003,-0.2595,611.01,70.526
150167.SZ,20180313,0.955,0.927,0.951,0.927,0.951,-0.004,-0.4188,2.0,0.187
150169.SZ,20180313,0.97,0.969,0.97,0.969,0.97,0.0,0.0,2755.0,267.171
150170.SZ,20180313,1.504,1.503,1.515,1.497,1.499,-0.005,-0.3324,5251.44,789.266
150171.SZ,20180313,0.926,0.926,0.93,0.926,0.929,0.003,0.324,339833.33,31519.365
150172.SZ,20180313,0.972,0.97,0.97,0.93,0.932,-0.04,-4.1152,584294.1,55581.26
150173.SZ,20180313,0.927,0.929,0.933,0.926,0.93,0.003,0.3236,10328.68,962.233
150174.SZ,20180313,0.64,0.639,0.65,0.621,0.646,0.006,0.9375,13494.87,858.001
150175.SZ,20180313,0.901,0.901,0.903,0.901,0.901,0.0,0.0,45959.31,4146.099
150176.SZ,20180313,1.196,1.191,1.212,1.19,1.197,0.001,0.0836,80441.34,9650.969
150177.SZ,20180313,1.006,1.007,1.007,0.974,0.987,-0.019,-1.8887,38.07,3.831
150178.SZ,20180313,1.436,1.422,1.426,1.382,1.389,-0.047,-3.273,4244.25,595.917
150179.SZ,20180313,0.979,0.993,1.002,0.993,1.002,0.023,2.3493,452.5,45.336
150180.SZ,20180313,1.6,1.593,1.6,1.516,1.585,-0.015,-0.9375,898.05,142.68
150181.SZ,20180313,0.928,0.928,0.932,0.927,0.931,0.003,0.3233,163912.6,15242.158
150182.SZ,20180313,0.676,0.684,0.684,0.656,0.657,-0.019,-2.8107,499803.02,33459.908
150184.SZ,20180313,0.995,1.025,1.025,1.005,1.006,0.011,1.1055,340.0,34.408
150185.SZ,20180313,0.776,0.777,0.777,0.761,0.763,-0.013,-1.6753,18961.16,1454.21
150186.SZ,20180313,0.887,0.887,0.889,0.887,0.889,0.002,0.2255,5996.23,532.334
150187.SZ,20180313,1.4,1.4,1.4,1.37,1.372,-0.028,-2.0,2915.35,402.313
150188.SZ,20180313,0.986,0.985,0.987,0.985,0.987,0.001,0.1014,1905.51,187.881
150189.SZ,20180313,0.741,0.71,0.759,0.706,0.748,0.007,0.9447,765.04,55.025
150190.SZ,20180313,0.947,0.948,0.948,0.947,0.948,0.001,0.1056,11793.27,1117.086
150191.SZ,20180313,1.094,1.068,1.093,1.068,1.093,-0.001,-0.0914,373.04,39.843
150193.SZ,20180313,1.27,1.25,1.275,1.25,1.27,0.0,0.0,8541.64,1081.99
150194.SZ,20180313,0.893,0.892,0.895,0.891,0.895,0.002,0.224,50309.76,4494.188
150195.SZ,20180313,1.374,1.363,1.374,1.336,1.345,-0.029,-2.1106,45514.15,6155.346
150196.SZ,20180313,0.949,0.95,0.95,0.948,0.949,0.0,0.0,15666.67,1486.375
150197.SZ,20180313,1.341,1.33,1.338,1.315,1.319,-0.022,-1.6406,104575.34,13837.371
150199.SZ,20180313,1.482,1.47,1.485,1.46,1.465,-0.017,-1.1471,11744.0,1729.121
150200.SZ,20180313,0.887,0.887,0.89,0.886,0.889,0.002,0.2255,113400.85,10069.153
150201.SZ,20180313,1.251,1.246,1.246,1.205,1.206,-0.045,-3.5971,947349.94,116170.504
150203.SZ,20180313,0.918,0.917,0.918,0.917,0.918,0.0,0.0,7679.0,704.91
150204.SZ,20180313,0.772,0.754,0.778,0.754,0.765,-0.007,-0.9067,13495.29,1030.126
150205.SZ,20180313,0.92,0.923,0.927,0.917,0.925,0.005,0.5435,98712.0,9121.203
150206.SZ,20180313,0.791,0.794,0.805,0.766,0.766,-0.025,-3.1606,221393.83,17236.565
150208.SZ,20180313,0.634,0.63,0.639,0.606,0.635,0.001,0.1577,1073.0,66.171
150209.SZ,20180313,0.903,0.902,0.903,0.9,0.9,-0.003,-0.3322,20005.0,1804.82
150210.SZ,20180313,0.986,0.981,0.992,0.98,0.984,-0.002,-0.2028,76156.84,7498.785
150211.SZ,20180313,0.927,0.928,0.93,0.927,0.93,0.003,0.3236,63432.5,5893.966
150212.SZ,20180313,0.827,0.82,0.833,0.808,0.816,-0.011,-1.3301,233002.84,19074.256
150213.SZ,20180313,0.916,0.915,0.916,0.914,0.916,0.0,0.0,9454.0,865.976
150214.SZ,20180313,1.316,1.309,1.314,1.289,1.302,-0.014,-1.0638,13533.39,1762.727
150215.SZ,20180313,1.08,1.078,1.078,1.074,1.075,-0.005,-0.463,1766.5,189.953
150216.SZ,20180313,1.419,1.405,1.418,1.392,1.392,-0.027,-1.9027,861.13,121.048
150217.SZ,20180313,0.935,0.933,0.935,0.932,0.935,0.0,0.0,2660.0,248.481
150218.SZ,20180313,0.642,0.63,0.642,0.626,0.63,-0.012,-1.8692,10483.18,664.663
150220.SZ,20180313,0.824,0.82,0.826,0.815,0.82,-0.004,-0.4854,5478.01,447.957
150221.SZ,20180313,1.076,1.075,1.083,1.075,1.079,0.003,0.2788,80825.54,8726.041
150222.SZ,20180313,1.185,1.186,1.192,1.158,1.158,-0.027,-2.2785,109099.72,12817.225
150223.SZ,20180313,0.993,0.993,0.997,0.992,0.995,0.002,0.2014,397920.01,39560.141
150224.SZ,20180313,0.763,0.76,0.76,0.724,0.728,-0.035,-4.5872,1379512.69,102452.184
150225.SZ,20180313,0.985,0.957,1.007,0.957,1.007,0.022,2.2335,1207.44,118.031
150226.SZ,20180313,1.308,1.238,1.238,1.238,1.238,-0.07,-5.3517,1.0,0.123
150227.SZ,20180313,0.898,0.897,0.899,0.896,0.899,0.001,0.1114,211359.05,18977.209
150228.SZ,20180313,1.07,1.071,1.095,1.065,1.065,-0.005,-0.4673,596018.28,64473.617
150229.SZ,20180313,1.009,0.95,1.01,0.95,1.01,0.001,0.0991,334.3,32.984
150230.SZ,20180313,1.57,1.554,1.56,1.54,1.56,-0.01,-0.6369,518.0,80.499
150232.SZ,20180313,1.41,1.38,1.41,1.36,1.4,-0.01,-0.7092,318.25,44.259
150233.SZ,20180313,0.906,0.919,0.922,0.919,0.922,0.016,1.766,337.72,31.074
150234.SZ,20180313,1.055,1.05,1.05,1.04,1.05,-0.005,-0.4739,1094.52,113.958
150235.SZ,20180313,0.92,0.913,0.913,0.913,0.913,-0.007,-0.7609,0.01,0.0
150236.SZ,20180313,0.731,0.727,0.727,0.705,0.708,-0.023,-3.1464,8479.81,606.217
150238.SZ,20180313,1.292,1.163,1.163,1.163,1.163,-0.129,-9.9845,17.73,2.061
150242.SZ,20180313,1.219,1.222,1.225,1.216,1.221,0.002,0.1641,521.0,63.554
150243.SZ,20180313,0.929,0.926,0.93,0.926,0.928,-0.001,-0.1076,20243.53,1880.779
150244.SZ,20180313,0.71,0.7,0.723,0.692,0.704,-0.006,-0.8451,71848.09,5070.141
150247.SZ,20180313,0.951,0.952,0.952,0.949,0.95,-0.001,-0.1052,12060.0,1146.313
150248.SZ,20180313,0.73,0.73,0.735,0.713,0.719,-0.011,-1.5068,12390.57,895.13
150250.SZ,20180313,1.188,1.158,1.186,1.158,1.186,-0.002,-0.1684,10212.13,1186.683
150251.SZ,20180313,0.916,0.909,0.909,0.909,0.909,-0.007,-0.7642,0.02,0.001
150252.SZ,20180313,1.32,1.301,1.32,1.301,1.315,-0.005,-0.3788,2946.08,386.233
150255.SZ,20180313,0.917,0.917,0.918,0.917,0.918,0.001,0.1091,14802.0,1357.42
150257.SZ,20180313,0.918,0.918,0.919,0.917,0.919,0.001,0.1089,495.75,45.552
150258.SZ,20180313,1.193,1.216,1.222,1.202,1.202,0.009,0.7544,580.47,70.209
150259.SZ,20180313,0.945,0.945,0.948,0.944,0.948,0.003,0.3175,7794.75,737.969
150260.SZ,20180313,0.629,0.629,0.666,0.605,0.657,0.028,4.4515,2726.1,175.966
150261.SZ,20180313,0.976,0.965,0.997,0.965,0.979,0.003,0.3074,2672.33,261.414
150262.SZ,20180313,0.912,0.909,0.909,0.88,0.886,-0.026,-2.8509,7510.39,669.191
150263.SZ,20180313,1.02,0.948,1.072,0.948,1.057,0.037,3.6275,3.42,0.361
150264.SZ,20180313,1.098,1.008,1.099,1.008,1.099,0.001,0.0911,56.03,5.886
150266.SZ,20180313,1.238,1.235,1.235,1.213,1.235,-0.003,-0.2423,187.0,22.979
150267.SZ,20180313,0.922,0.922,0.923,0.92,0.922,0.0,0.0,3524.0,324.705
150268.SZ,20180313,1.256,1.206,1.209,1.181,1.199,-0.057,-4.5382,1088.0,128.988
150269.SZ,20180313,0.893,0.892,0.894,0.891,0.894,0.001,0.112,24774.33,2212.363
150270.SZ,20180313,1.319,1.313,1.326,1.28,1.281,-0.038,-2.881,45764.4,5955.452
150271.SZ,20180313,0.91,0.92,0.921,0.92,0.92,0.01,1.0989,966.0,88.872
150272.SZ,20180313,1.225,1.195,1.225,1.115,1.219,-0.006,-0.4898,339.95,39.695
150273.SZ,20180313,0.94,0.939,0.939,0.926,0.937,-0.003,-0.3191,1258.0,117.83
150274.SZ,20180313,0.62,0.605,0.634,0.605,0.607,-0.013,-2.0968,1330.95,81.542
150275.SZ,20180313,0.93,0.928,0.931,0.927,0.93,0.0,0.0,44369.42,4122.938
150276.SZ,20180313,0.563,0.558,0.565,0.55,0.554,-0.009,-1.5986,16161.23,900.427
150277.SZ,20180313,0.887,0.888,0.891,0.888,0.889,0.002,0.2255,3416.5,303.727
150278.SZ,20180313,1.221,1.239,1.239,1.2,1.206,-0.015,-1.2285,2903.63,350.654
150281.SZ,20180313,0.934,0.933,0.938,0.927,0.929,-0.005,-0.5353,2390.0,221.996
150282.SZ,20180313,0.74,0.687,0.746,0.687,0.739,-0.001,-0.1351,967.01,70.759
150283.SZ,20180313,0.915,0.914,0.916,0.914,0.915,0.0,0.0,10014.09,916.166
150284.SZ,20180313,1.043,1.022,1.022,1.006,1.006,-0.037,-3.5475,2121.58,216.257
150287.SZ,20180313,0.952,0.95,0.952,0.95,0.952,0.0,0.0,2706.0,257.09
150288.SZ,20180313,0.84,0.838,0.852,0.826,0.826,-0.014,-1.6667,79290.3,6668.361
150289.SZ,20180313,0.955,0.954,0.956,0.953,0.956,0.001,0.1047,227083.05,21666.926
150290.SZ,20180313,0.559,0.555,0.567,0.542,0.543,-0.016,-2.8623,518576.43,28587.626
150291.SZ,20180313,0.951,0.954,0.956,0.951,0.952,0.001,0.1052,6176.0,587.81
150292.SZ,20180313,0.901,0.917,0.936,0.895,0.901,0.0,0.0,6035.0,544.071
150293.SZ,20180313,0.931,0.952,0.954,0.952,0.953,0.022,2.3631,2993.45,285.28
150295.SZ,20180313,0.924,0.927,0.927,0.923,0.923,-0.001,-0.1082,1201.0,110.932
150296.SZ,20180313,1.086,1.068,1.075,1.068,1.075,-0.011,-1.0129,84.01,9.003
150297.SZ,20180313,1.01,1.018,1.088,0.997,1.066,0.056,5.5446,1787.88,182.003
150298.SZ,20180313,0.639,0.625,0.627,0.611,0.62,-0.019,-2.9734,2198.0,137.414
150299.SZ,20180313,0.952,0.951,0.952,0.949,0.952,0.0,0.0,42306.66,4023.292
150300.SZ,20180313,0.851,0.852,0.87,0.846,0.847,-0.004,-0.47,65784.69,5670.875
150301.SZ,20180313,0.95,0.952,0.959,0.952,0.959,0.009,0.9474,2250.0,214.518
150302.SZ,20180313,0.877,0.845,0.875,0.83,0.875,-0.002,-0.2281,7924.0,658.316
150303.SZ,20180313,0.955,0.955,0.957,0.955,0.957,0.002,0.2094,955.0,91.281
150304.SZ,20180313,0.716,0.711,0.735,0.693,0.707,-0.009,-1.257,207446.11,14816.275
150305.SZ,20180313,0.939,0.956,0.956,0.956,0.956,0.017,1.8104,106.0,10.133
150306.SZ,20180313,0.645,0.622,0.63,0.622,0.63,-0.015,-2.3256,203.6,12.741
150307.SZ,20180313,0.902,0.905,0.905,0.902,0.903,0.001,0.1109,894.5,80.75
150308.SZ,20180313,0.87,0.842,0.862,0.842,0.862,-0.008,-0.9195,17.07,1.457
150309.SZ,20180313,0.978,0.966,0.966,0.966,0.966,-0.012,-1.227,32.0,3.091
150310.SZ,20180313,0.725,0.698,0.72,0.698,0.71,-0.015,-2.069,246.53,17.431
150311.SZ,20180313,0.914,0.913,0.913,0.913,0.913,-0.001,-0.1094,109.0,9.951
150312.SZ,20180313,0.799,0.767,0.791,0.766,0.791,-0.008,-1.0013,506.11,39.002
150315.SZ,20180313,0.974,0.955,0.955,0.95,0.95,-0.024,-2.4641,791.94,75.401
150316.SZ,20180313,0.857,0.831,0.851,0.831,0.845,-0.012,-1.4002,3183.38,267.455
150317.SZ,20180313,0.966,0.953,0.959,0.953,0.956,-0.01,-1.0352,579.0,55.346
150318.SZ,20180313,0.895,0.897,0.897,0.897,0.897,0.002,0.2235,209.67,18.807
150321.SZ,20180313,1.08,1.099,1.099,1.083,1.083,0.003,0.2778,267.0,29.181
150322.SZ,20180313,1.259,1.232,1.235,1.232,1.235,-0.024,-1.9063,680.05,83.829
150325.SZ,20180313,0.951,0.945,0.95,0.945,0.95,-0.001,-0.1052,9.15,0.865
150328.SZ,20180313,1.259,1.211,1.247,1.211,1.247,-0.012,-0.9531,9.66,1.177
150329.SZ,20180313,0.892,0.892,0.894,0.892,0.894,0.002,0.2242,3662.0,326.981
150330.SZ,20180313,1.712,1.698,1.711,1.644,1.669,-0.043,-2.5117,11130.5,1864.108
150331.SZ,20180313,1.009,1.008,1.01,1.005,1.009,0.0,0.0,3458.0,348.514
150332.SZ,20180313,1.244,1.221,1.257,1.202,1.249,0.005,0.4019,2347.72,287.732
150335.SZ,20180313,0.955,0.954,0.954,0.952,0.954,-0.001,-0.1047,2405.39,229.252
150336.SZ,20180313,0.965,0.978,0.999,0.965,0.976,0.011,1.1399,7193.55,707.044
150343.SZ,20180313,0.95,0.95,0.952,0.95,0.951,0.001,0.1053,646.0,61.443
150344.SZ,20180313,0.882,0.849,0.882,0.849,0.882,0.0,0.0,21.0,1.786
159001.SZ,20180313,99.994,99.994,99.999,99.993,99.999,0.005,0.005,50920.87,509182.737
159003.SZ,20180313,99.992,99.991,109.991,99.99,99.999,0.007,0.007,59399.49,596573.458
159005.SZ,20180313,100.0,100.0,100.002,99.999,100.002,0.002,0.002,401852.03,4018520.336
159901.SZ,20180313,5.144,5.14,5.15,5.1,5.103,-0.041,-0.797,46502.0,23828.39
159902.SZ,20180313,3.752,3.749,3.749,3.705,3.706,-0.046,-1.226,129076.26,48042.925
159903.SZ,20180313,1.232,1.232,1.233,1.218,1.224,-0.008,-0.6494,3087.0,377.739
159905.SZ,20180313,1.792,1.792,1.794,1.776,1.776,-0.016,-0.8929,41010.0,7332.202
159906.SZ,20180313,1.094,1.081,1.135,1.075,1.087,-0.007,-0.6399,1831.0,200.087
159907.SZ,20180313,1.52,1.515,1.517,1.505,1.505,-0.015,-0.9868,1991.0,299.861
159908.SZ,20180313,1.585,1.585,1.605,1.585,1.585,0.0,0.0,126.0,19.974
159909.SZ,20180313,5.6,5.55,5.65,5.54,5.6,0.0,0.0,225.0,125.994
159910.SZ,20180313,1.895,1.894,1.895,1.875,1.881,-0.014,-0.7388,3849.0,726.461
159911.SZ,20180313,4.547,4.55,4.575,4.55,4.55,0.003,0.066,148.0,67.487
159912.SZ,20180313,1.423,1.423,1.423,1.408,1.42,-0.003,-0.2108,1912.0,270.221
159913.SZ,20180313,1.915,1.91,1.924,1.875,1.9,-0.015,-0.7833,1419.0,267.888
159915.SZ,20180313,1.777,1.772,1.791,1.758,1.767,-0.01,-0.5627,3685880.49,652901.345
159916.SZ,20180313,3.96,3.96,3.965,3.902,3.93,-0.03,-0.7576,1424.0,562.346
159918.SZ,20180313,1.794,1.783,1.783,1.758,1.77,-0.024,-1.3378,1157.0,204.355
159919.SZ,20180313,4.492,4.487,4.495,4.46,4.461,-0.031,-0.6901,200602.4,89652.708
159920.SZ,20180313,1.616,1.615,1.624,1.613,1.614,-0.002,-0.1238,3179231.01,514496.346
159922.SZ,20180313,6.453,6.454,6.454,6.407,6.411,-0.042,-0.6509,3334.02,2146.46
159923.SZ,20180313,1.705,1.706,1.716,1.695,1.695,-0.01,-0.5865,8228.0,1406.037
159925.SZ,20180313,1.718,1.718,1.72,1.705,1.708,-0.01,-0.5821,2916.53,499.701
159926.SZ,20180313,108.499,108.499,108.499,107.501,108.0,-0.499,-0.4599,4.0,43.2
159928.SZ,20180313,2.315,2.318,2.318,2.277,2.287,-0.028,-1.2095,8870.0,2032.622
159929.SZ,20180313,1.65,1.649,1.649,1.621,1.628,-0.022,-1.3333,7747.0,1266.956
159930.SZ,20180313,0.841,0.84,0.84,0.833,0.834,-0.007,-0.8323,4418.12,369.569
159931.SZ,20180313,1.722,1.732,1.735,1.7,1.7,-0.022,-1.2776,405.0,69.57
159932.SZ,20180313,1.75,1.74,1.775,1.727,1.757,0.007,0.4,1353.0,237.033
159933.SZ,20180313,1.944,1.947,1.954,1.94,1.942,-0.002,-0.1029,764.12,148.935
159934.SZ,20180313,2.687,2.688,2.69,2.682,2.683,-0.004,-0.1489,54351.0,14590.17
159935.SZ,20180313,1.639,1.645,1.66,1.645,1.648,0.009,0.5491,169.0,27.903
159936.SZ,20180313,1.621,1.622,1.631,1.622,1.622,0.001,0.0617,507.0,82.242
159937.SZ,20180313,2.703,2.702,2.705,2.7,2.7,-0.003,-0.111,241770.0,65336.895
159938.SZ,20180313,1.422,1.42,1.42,1.404,1.404,-0.018,-1.2658,47180.0,6663.239
159939.SZ,20180313,1.157,1.151,1.164,1.14,1.15,-0.007,-0.605,32449.0,3740.657
159940.SZ,20180313,0.97,0.977,0.977,0.963,0.971,0.001,0.1031,10835.0,1048.928
159941.SZ,20180313,1.476,1.51,1.51,1.467,1.473,-0.003,-0.2033,2779.0,413.041
159942.SZ,20180313,1.998,1.985,1.997,1.98,1.984,-0.014,-0.7007,55.0,10.918
159943.SZ,20180313,11.908,11.83,11.9,11.821,11.821,-0.087,-0.7306,256.21,303.061
159944.SZ,20180313,0.945,0.945,0.955,0.941,0.948,0.003,0.3175,2279.0,216.816
159945.SZ,20180313,0.763,0.763,0.765,0.747,0.759,-0.004,-0.5242,8100.01,611.38
159946.SZ,20180313,1.227,1.232,1.24,1.22,1.228,0.001,0.0815,20613.0,2554.165
159948.SZ,20180313,1.952,1.95,1.965,1.915,1.942,-0.01,-0.5123,30761.38,5972.148
159949.SZ,20180313,0.726,0.723,0.733,0.716,0.72,-0.006,-0.8264,7423954.58,537331.784
159950.SZ,20180313,1.18,1.135,1.158,1.131,1.136,-0.044,-3.7288,1905.0,217.463
159951.SZ,20180313,0.997,0.976,1.0,0.976,0.979,-0.018,-1.8054,1524.0,149.368
159952.SZ,20180313,1.063,1.06,1.072,1.051,1.057,-0.006,-0.5644,398352.74,42316.943
159953.SZ,20180313,0.904,0.906,0.916,0.9,0.909,0.005,0.5531,152.21,13.861
159955.SZ,20180313,1.021,1.02,1.03,1.01,1.013,-0.008,-0.7835,35000.25,3562.784
159956.SZ,20180313,1.06,1.059,1.069,1.049,1.052,-0.008,-0.7547,170744.69,18066.445
159957.SZ,20180313,1.073,1.073,1.084,1.062,1.068,-0.005,-0.466,49178.23,5266.429
159958.SZ,20180313,1.072,1.072,1.085,1.061,1.067,-0.005,-0.4664,69054.98,7406.017
160105.SZ,20180313,1.1,1.091,1.103,1.086,1.088,-0.012,-1.0909,963.0,104.866
160106.SZ,20180313,1.298,1.3,1.3,1.289,1.291,-0.007,-0.5393,2022.88,261.996
160119.SZ,20180313,1.542,1.542,1.542,1.532,1.535,-0.007,-0.454,3329.0,511.718
160125.SZ,20180313,1.084,1.086,1.087,1.081,1.082,-0.002,-0.1845,869.02,94.15
160128.SZ,20180313,1.009,1.011,1.012,1.01,1.012,0.003,0.2973,5528.0,558.932
160130.SZ,20180313,0.963,0.964,0.964,0.964,0.964,0.001,0.1038,52.0,5.012
160133.SZ,20180313,2.328,2.324,2.324,2.305,2.314,-0.014,-0.6014,1167.4,270.529
160138.SZ,20180313,1.109,1.117,1.129,1.117,1.129,0.02,1.8034,90.0,10.113
160140.SZ,20180313,0.886,0.887,0.89,0.881,0.881,-0.005,-0.5643,420.0,37.041
160211.SZ,20180313,2.854,2.858,2.858,2.825,2.826,-0.028,-0.9811,3342.93,946.96
160212.SZ,20180313,2.793,2.785,2.789,2.765,2.768,-0.025,-0.8951,22249.96,6172.788
160215.SZ,20180313,1.657,1.657,1.658,1.647,1.649,-0.008,-0.4828,9316.33,1541.329
160216.SZ,20180313,0.45,0.449,0.449,0.446,0.447,-0.003,-0.6667,12329.0,551.536
160220.SZ,20180313,1.322,1.32,1.32,1.32,1.32,-0.002,-0.1513,747.0,98.604
160223.SZ,20180313,0.868,0.868,0.879,0.86,0.864,-0.004,-0.4608,5847.54,507.657
160225.SZ,20180313,1.118,1.118,1.122,1.106,1.111,-0.007,-0.6261,2998.81,333.755
160311.SZ,20180313,1.599,1.598,1.598,1.584,1.588,-0.011,-0.6879,1311.64,208.753
160314.SZ,20180313,1.101,1.1,1.1,1.093,1.097,-0.004,-0.3633,1524.21,166.936
160322.SZ,20180313,1.249,1.251,1.255,1.247,1.247,-0.002,-0.1601,176.0,22.031
160323.SZ,20180313,0.99,0.992,0.992,0.984,0.992,0.002,0.202,13.0,1.288
160324.SZ,20180313,0.893,0.894,0.901,0.893,0.894,0.001,0.112,4287.01,383.976
160416.SZ,20180313,0.928,0.929,0.933,0.926,0.928,0.0,0.0,6079.0,564.286
160422.SZ,20180313,1.079,1.087,1.088,1.087,1.088,0.009,0.8341,10.02,1.09
160505.SZ,20180313,1.8,1.797,1.801,1.781,1.783,-0.017,-0.9444,95831.41,17152.017
160512.SZ,20180313,1.962,1.962,1.979,1.956,1.97,0.008,0.4077,277.53,54.678
160515.SZ,20180313,1.01,1.011,1.012,1.011,1.012,0.002,0.198,1373.87,138.97
160518.SZ,20180313,1.029,1.026,1.026,1.013,1.014,-0.015,-1.4577,81543.82,8301.934
160519.SZ,20180313,1.021,1.021,1.021,1.016,1.016,-0.005,-0.4897,9070.15,923.119
160520.SZ,20180313,0.971,0.965,0.965,0.965,0.965,-0.006,-0.6179,1.0,0.096
160522.SZ,20180313,0.972,0.982,0.982,0.981,0.981,0.009,0.9259,14.0,1.373
160607.SZ,20180313,0.831,0.83,0.83,0.821,0.822,-0.009,-1.083,10597.03,873.776
160610.SZ,20180313,1.009,1.005,1.009,1.0,1.0,-0.009,-0.892,991.0,99.184
160611.SZ,20180313,0.793,0.789,0.79,0.789,0.79,-0.003,-0.3783,34.0,2.682
160613.SZ,20180313,1.272,1.266,1.266,1.266,1.266,-0.006,-0.4717,3.0,0.379
160615.SZ,20180313,1.661,1.656,1.656,1.656,1.656,-0.005,-0.301,1.0,0.165
160616.SZ,20180313,1.329,1.325,1.325,1.322,1.325,-0.004,-0.301,23.0,3.047
160635.SZ,20180313,1.121,1.119,1.119,1.116,1.117,-0.004,-0.3568,213.0,23.781
160642.SZ,20180313,0.95,0.95,0.95,0.945,0.945,-0.005,-0.5263,120.0,11.35
160643.SZ,20180313,0.891,0.902,0.904,0.891,0.892,0.001,0.1122,577.0,51.696
160644.SZ,20180313,0.966,0.961,0.961,0.96,0.96,-0.006,-0.6211,231.0,22.177
160706.SZ,20180313,1.15,1.15,1.151,1.139,1.14,-0.01,-0.8696,21713.55,2485.986
160716.SZ,20180313,1.6,1.6,1.606,1.592,1.594,-0.006,-0.375,2471.02,395.357
160717.SZ,20180313,0.858,0.859,0.864,0.856,0.857,-0.001,-0.1166,6781.46,583.148
160719.SZ,20180313,0.691,0.691,0.692,0.687,0.689,-0.002,-0.2894,12094.76,832.583
160722.SZ,20180313,1.021,1.019,1.02,1.017,1.018,-0.003,-0.2938,44912.69,4576.198
160723.SZ,20180313,1.091,1.086,1.107,1.086,1.107,0.016,1.4665,7.0,0.762
160805.SZ,20180313,0.843,0.84,0.857,0.84,0.842,-0.001,-0.1186,663.75,55.772
160806.SZ,20180313,1.462,1.462,1.462,1.457,1.458,-0.004,-0.2736,53.16,7.752
160807.SZ,20180313,1.334,1.333,1.333,1.333,1.333,-0.001,-0.075,1.0,0.133
160812.SZ,20180313,1.559,1.574,1.574,1.557,1.557,-0.002,-0.1283,1359.59,212.831
160813.SZ,20180313,0.851,0.847,0.85,0.847,0.847,-0.004,-0.47,1132.47,95.953
160910.SZ,20180313,1.079,1.059,1.059,1.049,1.058,-0.021,-1.9462,306.0,32.366
160915.SZ,20180313,1.117,1.229,1.229,1.122,1.138,0.021,1.88,131.82,15.186
160916.SZ,20180313,2.866,2.867,2.87,2.849,2.85,-0.016,-0.5583,1874.85,535.616
160918.SZ,20180313,2.12,2.126,2.126,2.108,2.108,-0.012,-0.566,3450.0,730.111
160919.SZ,20180313,1.219,1.217,1.224,1.217,1.22,0.001,0.082,1317.9,160.859
160921.SZ,20180313,0.934,0.93,0.933,0.927,0.927,-0.007,-0.7495,1775.0,164.916
160922.SZ,20180313,1.157,1.15,1.156,1.15,1.153,-0.004,-0.3457,204.5,23.599
160924.SZ,20180313,1.058,1.06,1.06,1.054,1.054,-0.004,-0.3781,45.0,4.764
161005.SZ,20180313,2.216,2.216,2.223,2.209,2.209,-0.007,-0.3159,7532.06,1668.612
161010.SZ,20180313,1.036,1.034,1.036,1.034,1.035,-0.001,-0.0965,2644.0,273.807
161014.SZ,20180313,1.024,1.026,1.03,1.026,1.029,0.005,0.4883,584.84,60.187
161017.SZ,20180313,2.271,2.272,2.285,2.268,2.269,-0.002,-0.0881,1530.12,348.01
161019.SZ,20180313,0.985,0.987,0.987,0.986,0.986,0.001,0.1015,1811.0,178.674
161033.SZ,20180313,1.05,1.05,1.05,1.035,1.042,-0.008,-0.7619,1483.15,154.644
161035.SZ,20180313,1.034,1.027,1.028,1.027,1.027,-0.007,-0.677,5514.3,566.439
161036.SZ,20180313,0.888,0.883,0.892,0.88,0.882,-0.006,-0.6757,3425.1,302.341
161037.SZ,20180313,1.192,1.192,1.21,1.182,1.187,-0.005,-0.4195,1598.64,189.659
161038.SZ,20180313,1.055,1.054,1.054,1.054,1.054,-0.001,-0.0948,20.0,2.108
161116.SZ,20180313,0.69,0.693,0.694,0.69,0.69,0.0,0.0,1106.05,76.482
161117.SZ,20180313,1.018,1.017,1.018,1.017,1.018,0.0,0.0,60.0,6.107
161119.SZ,20180313,1.258,1.258,1.258,1.258,1.258,0.0,0.0,162.0,20.379
161124.SZ,20180313,1.15,1.16,1.165,1.118,1.127,-0.023,-2.0,1742.0,199.238
161125.SZ,20180313,1.111,1.111,1.111,1.1,1.102,-0.009,-0.8101,2416.0,266.352
161126.SZ,20180313,1.139,1.149,1.149,1.126,1.126,-0.013,-1.1414,11.0,1.259
161127.SZ,20180313,1.33,1.33,1.335,1.325,1.335,0.005,0.3759,862.0,114.758
161128.SZ,20180313,1.284,1.284,1.291,1.283,1.283,-0.001,-0.0779,70.0,8.993
161129.SZ,20180313,1.05,1.039,1.039,1.039,1.039,-0.011,-1.0476,56.0,5.818
161130.SZ,20180313,1.114,1.119,1.119,1.111,1.113,-0.001,-0.0898,637.0,70.898
161210.SZ,20180313,1.08,1.083,1.083,1.075,1.079,-0.001,-0.0926,28.0,3.015
161213.SZ,20180313,1.686,1.672,1.672,1.667,1.668,-0.018,-1.0676,7.0,1.168
161216.SZ,20180313,1.069,1.067,1.067,1.067,1.067,-0.002,-0.1871,7.0,0.746
161217.SZ,20180313,0.776,0.776,0.778,0.774,0.776,0.0,0.0,119.38,9.253
161219.SZ,20180313,1.333,1.334,1.334,1.334,1.334,0.001,0.075,7.66,1.021
161222.SZ,20180313,1.226,1.228,1.234,1.226,1.228,0.002,0.1631,1488.38,183.066
161224.SZ,20180313,1.024,1.018,1.026,1.018,1.026,0.002,0.1953,3490.0,355.52
161225.SZ,20180313,1.288,1.281,1.294,1.277,1.29,0.002,0.1553,1056.08,135.043
161226.SZ,20180313,0.81,0.81,0.81,0.805,0.807,-0.003,-0.3704,126976.0,10238.525
161227.SZ,20180313,1.078,1.078,1.078,1.069,1.069,-0.009,-0.8349,5458.76,586.187
161229.SZ,20180313,1.382,1.385,1.385,1.373,1.381,-0.001,-0.0724,3.0,0.413
1612301.SZ,20180313,0.996,0.968,0.968,0.968,0.968,-0.028,-2.8112,4.0,0.387
161232.SZ,20180313,0.826,0.83,0.833,0.828,0.828,0.002,0.2421,7835.17,651.346
161607.SZ,20180313,1.229,1.217,1.217,1.216,1.216,-0.013,-1.0578,4.0,0.486
161610.SZ,20180313,1.042,1.04,1.044,1.035,1.039,-0.003,-0.2879,1994.33,207.256
161626.SZ,20180313,1.016,1.022,1.1,1.022,1.1,0.084,8.2677,89.0,9.103
161631.SZ,20180313,1.114,1.115,1.119,1.09,1.103,-0.011,-0.9874,41712.27,4615.738
161706.SZ,20180313,1.61,1.594,1.61,1.586,1.609,-0.001,-0.0621,1064.91,170.25
161713.SZ,20180313,1.016,1.015,1.016,1.015,1.016,0.0,0.0,98.0,9.949
161714.SZ,20180313,1.078,1.084,1.091,1.084,1.091,0.013,1.2059,367.0,39.998
161715.SZ,20180313,1.095,1.099,1.099,1.093,1.094,-0.001,-0.0913,415.34,45.476
161716.SZ,20180313,1.124,1.12,1.12,1.12,1.12,-0.004,-0.3559,4.0,0.448
161722.SZ,20180313,1.137,1.172,1.183,1.172,1.183,0.046,4.0457,71.0,8.382
161727.SZ,20180313,1.02,1.025,1.025,1.025,1.025,0.005,0.4902,22.0,2.255
161810.SZ,20180313,1.613,1.613,1.627,1.594,1.622,0.009,0.558,226.13,36.283
161815.SZ,20180313,0.461,0.46,0.461,0.46,0.461,0.0,0.0,469.0,21.581
161823.SZ,20180313,1.036,1.035,1.036,1.035,1.036,0.0,0.0,8.0,0.828
161831.SZ,20180313,1.048,1.052,1.058,1.041,1.05,0.002,0.1908,947.0,99.764
161834.SZ,20180313,0.794,0.793,0.793,0.791,0.791,-0.003,-0.3778,19277.24,1527.058
161835.SZ,20180313,0.983,0.984,0.984,0.984,0.984,0.001,0.1017,40.0,3.936
161903.SZ,20180313,0.887,0.883,0.883,0.88,0.881,-0.006,-0.6764,195.0,17.17
161907.SZ,20180313,1.76,1.744,1.747,1.744,1.745,-0.015,-0.8523,7.0,1.221
161911.SZ,20180313,0.975,0.975,0.976,0.975,0.976,0.001,0.1026,2403.0,234.531
162006.SZ,20180313,1.223,1.22,1.221,1.217,1.218,-0.005,-0.4088,122.37,14.925
162108.SZ,20180313,1.093,1.092,1.092,1.091,1.091,-0.002,-0.183,1797.0,196.192
162207.SZ,20180313,1.451,1.456,1.456,1.448,1.448,-0.003,-0.2068,10.0,1.452
162307.SZ,20180313,1.333,1.333,1.333,1.318,1.318,-0.015,-1.1253,41.0,5.418
162411.SZ,20180313,0.544,0.544,0.544,0.542,0.542,-0.002,-0.3676,270241.56,14675.749
162415.SZ,20180313,1.3,1.3,1.3,1.3,1.3,0.0,0.0,36.0,4.68
162510.SZ,20180313,1.042,1.038,1.039,1.038,1.039,-0.003,-0.2879,2.0,0.207
162605.SZ,20180313,1.362,1.362,1.362,1.339,1.341,-0.021,-1.5419,39374.75,5303.686
162607.SZ,20180313,0.544,0.544,0.544,0.54,0.54,-0.004,-0.7353,15409.12,833.873
162703.SZ,20180313,1.509,1.516,1.518,1.496,1.497,-0.012,-0.7952,10994.0,1654.081
162711.SZ,20180313,1.327,1.319,1.32,1.319,1.32,-0.007,-0.5275,263.0,34.689
162715.SZ,20180313,1.108,1.107,1.107,1.106,1.106,-0.002,-0.1805,294.0,32.521
162717.SZ,20180313,1.011,1.011,1.063,1.011,1.012,0.001,0.0989,527.0,53.367
162718.SZ,20180313,0.955,0.952,0.96,0.952,0.952,-0.003,-0.3141,756.0,72.165
162719.SZ,20180313,0.949,0.948,0.997,0.943,0.945,-0.004,-0.4215,54.0,5.121
163001.SZ,20180313,0.972,0.972,0.976,0.949,0.955,-0.017,-1.749,92.0,8.738
163110.SZ,20180313,2.298,2.298,2.298,2.278,2.287,-0.011,-0.4787,1370.0,313.279
163111.SZ,20180313,1.163,1.16,1.16,1.153,1.154,-0.009,-0.7739,1671.85,193.325
163119.SZ,20180313,0.898,0.896,0.899,0.896,0.896,-0.002,-0.2227,451.46,40.5
163208.SZ,20180313,0.827,0.815,0.827,0.815,0.827,0.0,0.0,533.0,43.972
163210.SZ,20180313,1.036,1.036,1.038,1.033,1.038,0.002,0.1931,14069.0,1457.712
163302.SZ,20180313,1.343,1.346,1.346,1.333,1.335,-0.008,-0.5957,176.95,23.791
163402.SZ,20180313,0.977,0.975,0.977,0.965,0.967,-0.01,-1.0235,136647.51,13262.775
163407.SZ,20180313,1.884,1.883,1.883,1.863,1.871,-0.013,-0.69,3392.21,633.849
163409.SZ,20180313,1.61,1.61,1.61,1.607,1.607,-0.003,-0.1863,77.0,12.376
163412.SZ,20180313,3.339,3.346,3.359,3.33,3.333,-0.006,-0.1797,20770.76,6952.414
163415.SZ,20180313,1.469,1.467,1.47,1.457,1.459,-0.01,-0.6807,9548.57,1398.716
163503.SZ,20180313,0.5,0.502,0.503,0.499,0.5,0.0,0.0,777.33,38.955
163801.SZ,20180313,1.335,1.331,1.331,1.323,1.323,-0.012,-0.8989,1074.0,142.551
164210.SZ,20180313,1.019,1.008,1.008,1.008,1.008,-0.011,-1.0795,510.0,51.408
164403.SZ,20180313,1.035,1.031,1.031,1.03,1.03,-0.005,-0.4831,62.0,6.386
164606.SZ,20180313,1.111,1.139,1.139,1.139,1.139,0.028,2.5203,1.0,0.113
164701.SZ,20180313,0.599,0.6,0.6,0.598,0.599,0.0,0.0,271.0,16.226
164702.SZ,20180313,1.001,1.002,1.002,1.002,1.002,0.001,0.0999,3127.0,313.325
164703.SZ,20180313,0.844,0.832,0.832,0.832,0.832,-0.012,-1.4218,100.0,8.32
164705.SZ,20180313,1.239,1.23,1.235,1.23,1.235,-0.004,-0.3228,102.8,12.644
164814.SZ,20180313,1.022,1.029,1.029,1.029,1.029,0.007,0.6849,2.0,0.205
164823.SZ,20180313,0.977,0.977,0.979,0.969,0.975,-0.002,-0.2047,950.0,92.615
164902.SZ,20180313,1.394,1.4,1.402,1.4,1.402,0.008,0.5739,14.0,1.96
164906.SZ,20180313,1.537,1.54,1.542,1.532,1.532,-0.005,-0.3253,20196.5,3098.815
165309.SZ,20180313,1.277,1.253,1.271,1.25,1.271,-0.006,-0.4699,186.0,23.361
165313.SZ,20180313,1.4,1.401,1.401,1.393,1.393,-0.007,-0.5,363.05,50.736
165509.SZ,20180313,1.111,1.111,1.111,1.111,1.111,0.0,0.0,191.0,21.22
165510.SZ,20180313,0.853,0.856,0.856,0.852,0.853,0.0,0.0,5.0,0.427
165512.SZ,20180313,2.67,2.638,2.638,2.638,2.638,-0.032,-1.1985,1.0,0.263
165513.SZ,20180313,0.443,0.443,0.443,0.44,0.442,-0.001,-0.2257,524.0,23.175
165516.SZ,20180313,2.149,2.162,2.163,2.149,2.149,0.0,0.0,6.0,1.293
165525.SZ,20180313,1.046,1.044,1.045,1.044,1.044,-0.002,-0.1912,118.0,12.324
165528.SZ,20180313,1.002,0.996,0.998,0.989,0.989,-0.013,-1.2974,870.05,86.357
166001.SZ,20180313,1.121,1.121,1.121,1.109,1.109,-0.012,-1.0705,818.0,90.849
166006.SZ,20180313,1.232,1.228,1.233,1.222,1.228,-0.004,-0.3247,3953.0,484.446
166009.SZ,20180313,1.764,1.762,1.763,1.738,1.738,-0.026,-1.4739,40.0,7.012
166023.SZ,20180313,0.962,0.969,0.969,0.953,0.964,0.002,0.2079,2323.0,224.64
166024.SZ,20180313,0.965,0.96,0.964,0.958,0.958,-0.007,-0.7254,19221.08,1846.349
166105.SZ,20180313,0.96,0.961,0.961,0.961,0.961,0.001,0.1042,10.0,0.961
166402.SZ,20180313,1.095,1.095,1.126,1.095,1.126,0.031,2.8311,59.0,6.547
166904.SZ,20180313,1.049,1.015,1.048,1.015,1.048,-0.001,-0.0953,18.0,1.846
167001.SZ,20180313,0.787,0.784,0.784,0.777,0.777,-0.01,-1.2706,6457.43,502.874
167002.SZ,20180313,0.909,0.919,0.919,0.895,0.91,0.001,0.11,5819.0,529.525
167501.SZ,20180313,1.131,1.132,1.132,1.132,1.132,0.001,0.0884,20.0,2.264
168002.SZ,20180313,0.94,0.973,0.973,0.952,0.952,0.012,1.2766,133.0,12.665
168101.SZ,20180313,1.007,1.007,1.008,1.004,1.006,-0.001,-0.0993,25539.62,2569.511
168102.SZ,20180313,0.838,0.836,0.837,0.833,0.834,-0.004,-0.4773,26040.83,2175.342
168103.SZ,20180313,0.787,0.788,0.789,0.781,0.781,-0.006,-0.7624,22223.41,1742.277
168104.SZ,20180313,0.964,0.984,0.995,0.962,0.962,-0.002,-0.2075,50033.0,4977.371
168105.SZ,20180313,0.792,0.788,0.791,0.788,0.788,-0.004,-0.5051,4193.23,331.175
168106.SZ,20180313,0.85,0.824,0.863,0.824,0.858,0.008,0.9412,4.0,0.34
168108.SZ,20180313,0.927,0.923,0.934,0.923,0.934,0.007,0.7551,245.0,22.851
168301.SZ,20180313,0.904,0.897,0.902,0.897,0.901,-0.003,-0.3319,16334.49,1472.677
169101.SZ,20180313,1.611,1.611,1.614,1.598,1.6,-0.011,-0.6828,162514.75,26139.907
169102.SZ,20180313,1.504,1.505,1.52,1.504,1.513,0.009,0.5984,6794.0,1025.989
169103.SZ,20180313,1.611,1.625,1.625,1.6,1.613,0.002,0.1241,236.0,38.026
169104.SZ,20180313,1.471,1.48,1.48,1.476,1.476,0.005,0.3399,1652.96,244.185
169105.SZ,20180313,1.62,1.624,1.624,1.611,1.615,-0.005,-0.3086,27223.0,4397.976
169201.SZ,20180313,0.97,0.965,0.977,0.965,0.977,0.007,0.7216,3.0,0.29
184801.SZ,20180313,88.0,88.0,88.469,87.655,88.46,0.46,0.5227,1509.0,13275.288
160421.SZ,20180313,0.954,0.953,0.958,0.953,0.953,-0.001,-0.1048,168410.15,16091.988
501000.SH,20180313,1.238,1.238,1.258,1.238,1.238,0.0,0.0,35.0,4.335
501001.SH,20180313,1.229,1.229,1.234,1.219,1.219,-0.01,-0.8137,3162.74,388.41
501002.SH,20180313,0.959,0.967,0.969,0.962,0.963,0.004,0.4171,22.0,2.128
501005.SH,20180313,0.995,0.99,0.998,0.971,0.971,-0.024,-2.4121,7039.91,696.698
501007.SH,20180313,1.004,0.989,0.992,0.989,0.992,-0.012,-1.1952,21.0,2.08
501008.SH,20180313,0.998,0.984,0.996,0.984,0.996,-0.002,-0.2004,82.45,8.114
501009.SH,20180313,1.193,1.19,1.19,1.171,1.18,-0.013,-1.0897,851.4,100.255
501010.SH,20180313,1.193,1.163,1.199,1.163,1.169,-0.024,-2.0117,339.11,39.963
501011.SH,20180313,1.013,1.026,1.026,0.999,1.004,-0.009,-0.8885,57.0,5.83
501012.SH,20180313,1.02,1.019,1.019,1.019,1.019,-0.001,-0.098,1.0,0.102
501015.SH,20180313,1.004,1.004,1.005,0.996,0.999,-0.005,-0.498,41996.5,4206.755
501016.SH,20180313,0.947,0.95,0.95,0.931,0.936,-0.011,-1.1616,1679.13,157.728
501017.SH,20180313,0.918,0.915,0.937,0.915,0.937,0.019,2.0697,373.4,34.242
501018.SH,20180313,1.02,1.01,1.016,1.009,1.01,-0.01,-0.9804,3639.0,369.056
501019.SH,20180313,0.783,0.783,0.788,0.771,0.785,0.002,0.2554,24663.97,1919.964
501020.SH,20180313,1.042,1.056,1.059,1.056,1.059,0.017,1.6315,80.0,8.469
501021.SH,20180313,1.474,1.471,1.475,1.465,1.467,-0.007,-0.4749,8129.65,1194.85
501022.SH,20180313,0.812,0.805,0.838,0.805,0.808,-0.004,-0.4926,2461.08,199.4
501023.SH,20180313,1.172,1.17,1.17,1.162,1.162,-0.01,-0.8532,75.0,8.735
501025.SH,20180313,1.149,1.159,1.17,1.158,1.159,0.01,0.8703,720.05,83.545
501026.SH,20180313,0.891,0.902,0.902,0.891,0.891,0.0,0.0,11276.82,1005.315
501027.SH,20180313,0.95,0.967,0.968,0.967,0.967,0.017,1.7895,23.0,2.226
501028.SH,20180313,0.922,0.92,0.92,0.916,0.919,-0.003,-0.3254,9761.18,897.072
501029.SH,20180313,1.093,1.093,1.095,1.085,1.086,-0.007,-0.6404,90964.6,9904.899
501030.SH,20180313,0.865,0.875,0.875,0.846,0.849,-0.016,-1.8497,543.0,46.697
501031.SH,20180313,0.859,0.85,0.866,0.85,0.863,0.004,0.4657,89.0,7.579
501032.SH,20180313,0.912,0.913,0.913,0.913,0.913,0.001,0.1096,50.0,4.565
501035.SH,20180313,0.971,0.977,0.977,0.965,0.97,-0.001,-0.103,3066.15,297.721
501036.SH,20180313,0.955,0.955,0.969,0.953,0.968,0.013,1.3613,1510.06,144.334
501037.SH,20180313,0.953,0.952,0.954,0.952,0.954,0.001,0.1049,920.0,87.664
501038.SH,20180313,1.062,1.057,1.058,1.04,1.044,-0.018,-1.6949,76085.87,8001.538
501039.SH,20180313,1.0,0.996,0.997,0.996,0.997,-0.003,-0.3,683.0,68.063
501040.SH,20180313,0.993,0.997,0.997,0.994,0.994,0.001,0.1007,3990.0,396.88
501043.SH,20180313,1.06,1.077,1.077,1.056,1.06,0.0,0.0,233.0,24.823
501045.SH,20180313,1.06,1.063,1.063,1.051,1.051,-0.009,-0.8491,753.02,79.346
501046.SH,20180313,0.912,0.912,0.922,0.91,0.912,0.0,0.0,4306.36,393.628
501047.SH,20180313,0.932,0.926,0.926,0.921,0.921,-0.011,-1.1803,117.15,10.837
501048.SH,20180313,0.928,0.925,0.939,0.925,0.925,-0.003,-0.3233,20.01,1.865
501050.SH,20180313,1.226,1.226,1.235,1.219,1.225,-0.001,-0.0816,24447.09,3005.818
501051.SH,20180313,1.031,1.031,1.031,1.026,1.028,-0.003,-0.291,1836.21,189.075
501106.SH,20180313,1.0,1.008,1.016,1.008,1.016,0.016,1.6,66196.8,6724.49
501300.SH,20180313,0.93,0.928,0.93,0.928,0.93,0.0,0.0,600.0,55.74
501301.SH,20180313,1.213,1.23,1.23,1.21,1.21,-0.003,-0.2473,605.0,73.494
501302.SH,20180313,1.115,1.123,1.123,1.092,1.11,-0.005,-0.4484,27.0,2.966
501305.SH,20180313,1.007,1.01,1.01,0.993,1.005,-0.002,-0.1986,1296.1,129.277
501306.SH,20180313,1.007,1.007,1.007,0.996,0.997,-0.01,-0.993,66.04,6.583
502003.SH,20180313,0.859,0.863,0.863,0.852,0.854,-0.005,-0.5821,2023.0,173.245
502004.SH,20180313,0.936,0.934,0.938,0.934,0.938,0.002,0.2137,14666.3,1373.443
502005.SH,20180313,0.782,0.786,0.788,0.765,0.765,-0.017,-2.1739,6407.44,496.594
502006.SH,20180313,1.076,1.076,1.078,1.069,1.069,-0.007,-0.6506,381.66,40.95
502007.SH,20180313,0.986,0.973,0.996,0.973,0.975,-0.011,-1.1156,3542.26,345.369
502008.SH,20180313,1.176,1.169,1.17,1.16,1.17,-0.006,-0.5102,1535.53,179.205
502010.SH,20180313,1.037,1.043,1.043,1.031,1.034,-0.003,-0.2893,330.0,34.144
502011.SH,20180313,0.925,0.918,0.923,0.918,0.923,-0.002,-0.2162,1598.0,146.968
502012.SH,20180313,1.171,1.171,1.171,1.13,1.13,-0.041,-3.5013,2911.64,331.544
502013.SH,20180313,0.849,0.849,0.849,0.84,0.841,-0.008,-0.9423,8365.21,705.301
502014.SH,20180313,0.933,0.931,0.933,0.93,0.93,-0.003,-0.3215,1329.54,123.781
502015.SH,20180313,0.764,0.753,0.768,0.751,0.755,-0.009,-1.178,6122.49,462.497
502016.SH,20180313,1.01,1.009,1.009,1.009,1.009,-0.001,-0.099,2.0,0.202
502020.SH,20180313,1.015,1.002,1.02,1.002,1.01,-0.005,-0.4926,32.62,3.314
502023.SH,20180313,1.035,1.052,1.052,1.03,1.03,-0.005,-0.4831,155.0,16.041
502024.SH,20180313,0.93,1.021,1.021,1.021,1.021,0.091,9.7849,1.0,0.102
502025.SH,20180313,1.058,1.059,1.059,1.01,1.01,-0.048,-4.5369,1.4,0.146
502026.SH,20180313,0.765,0.775,0.775,0.742,0.762,-0.003,-0.3922,110.11,8.382
502032.SH,20180313,0.785,0.83,0.83,0.786,0.818,0.033,4.2038,276.41,22.089
502037.SH,20180313,0.952,0.951,0.952,0.95,0.95,-0.002,-0.2101,172.0,16.351
502038.SH,20180313,0.975,0.974,0.974,0.974,0.974,-0.001,-0.1026,1.67,0.163
502040.SH,20180313,1.185,1.182,1.182,1.17,1.17,-0.015,-1.2658,74.0,8.728
502041.SH,20180313,0.983,1.045,1.045,0.979,1.036,0.053,5.3917,267.0,26.231
502042.SH,20180313,1.307,1.375,1.4,1.372,1.372,0.065,4.9732,633.0,87.228
502048.SH,20180313,0.949,0.948,0.956,0.94,0.94,-0.009,-0.9484,10894.76,1031.387
502049.SH,20180313,0.89,0.891,0.891,0.888,0.891,0.001,0.1124,28156.85,2506.623
502050.SH,20180313,1.009,1.01,1.019,0.99,0.99,-0.019,-1.8831,35817.68,3603.739
502053.SH,20180313,0.852,0.845,0.846,0.841,0.844,-0.008,-0.939,3659.58,308.77
502054.SH,20180313,0.927,0.926,0.928,0.92,0.927,0.0,0.0,67812.0,6270.197
502055.SH,20180313,0.776,0.761,0.773,0.751,0.755,-0.021,-2.7062,12681.54,963.619
502056.SH,20180313,1.041,1.024,1.034,1.024,1.031,-0.01,-0.9606,1389.49,142.919
502057.SH,20180313,0.968,0.959,0.97,0.959,0.97,0.002,0.2066,3572.0,344.963
502058.SH,20180313,1.103,1.1,1.1,1.078,1.078,-0.025,-2.2665,5270.0,571.639
505888.SH,20180313,1.04,1.038,1.043,1.038,1.04,0.0,0.0,179636.48,18689.42
510010.SH,20180313,1.193,1.193,1.193,1.176,1.183,-0.01,-0.8382,803.0,94.955
510020.SH,20180313,2.837,2.807,2.893,2.807,2.867,0.03,1.0575,467.08,134.128
510030.SH,20180313,5.28,5.279,5.335,5.211,5.278,-0.002,-0.0379,450.0,237.453
510050.SH,20180313,2.905,2.906,2.916,2.869,2.873,-0.032,-1.1015,6110263.19,1764288.853
510060.SH,20180313,1.9,1.897,1.906,1.884,1.884,-0.016,-0.8421,7695.89,1456.891
510070.SH,20180313,1.918,1.912,1.912,1.901,1.901,-0.017,-0.8863,2.0,0.381
510090.SH,20180313,1.699,1.691,1.691,1.676,1.676,-0.023,-1.3537,4.0,0.672
510110.SH,20180313,3.736,3.72,3.736,3.72,3.736,0.0,0.0,18.0,6.699
510120.SH,20180313,3.039,3.047,3.085,3.032,3.085,0.046,1.5137,3.0,0.916
510130.SH,20180313,4.05,4.038,4.038,4.037,4.037,-0.013,-0.321,56.0,22.61
510150.SH,20180313,5.141,5.141,5.265,5.135,5.198,0.057,1.1087,522.0,269.693
510160.SH,20180313,0.614,0.617,0.617,0.608,0.609,-0.005,-0.8143,6232.0,380.589
510170.SH,20180313,2.017,2.02,2.035,2.009,2.009,-0.008,-0.3966,188.0,38.012
510180.SH,20180313,3.501,3.5,3.511,3.465,3.467,-0.034,-0.9712,54949.51,19165.953
510190.SH,20180313,3.796,3.786,3.798,3.771,3.771,-0.025,-0.6586,806.09,304.966
510210.SH,20180313,3.787,3.74,3.782,3.74,3.768,-0.019,-0.5017,305.0,114.168
510220.SH,20180313,4.196,4.183,4.199,4.183,4.183,-0.013,-0.3098,458.0,191.761
510230.SH,20180313,6.433,6.436,6.466,6.373,6.376,-0.057,-0.8861,13373.0,8547.1
510260.SH,20180313,1.2,1.2,1.2,1.185,1.185,-0.015,-1.25,56.0,6.676
510270.SH,20180313,1.169,1.164,1.164,1.164,1.164,-0.005,-0.4277,1.0,0.116
510280.SH,20180313,1.811,1.809,1.81,1.807,1.808,-0.003,-0.1657,236.0,42.658
510290.SH,20180313,1.623,1.62,1.62,1.609,1.61,-0.013,-0.801,936.0,150.618
510300.SH,20180313,4.123,4.12,4.127,4.077,4.079,-0.044,-1.0672,1435127.66,588518.518
510310.SH,20180313,1.749,1.749,1.751,1.73,1.732,-0.017,-0.972,18345.0,3189.793
510330.SH,20180313,4.47,4.47,4.47,4.411,4.415,-0.055,-1.2304,14382.0,6395.898
510360.SH,20180313,1.293,1.296,1.296,1.28,1.283,-0.01,-0.7734,64796.0,8324.19
510380.SH,20180313,1.024,1.024,1.024,1.013,1.015,-0.009,-0.8789,5259.0,533.215
510390.SH,20180313,4.117,4.106,4.118,4.05,4.074,-0.043,-1.0444,39037.11,16028.874
510410.SH,20180313,0.805,0.805,0.805,0.796,0.804,-0.001,-0.1242,1439.0,115.238
510420.SH,20180313,1.465,1.463,1.47,1.453,1.458,-0.007,-0.4778,28.0,4.079
510430.SH,20180313,1.54,1.53,1.64,1.503,1.54,0.0,0.0,728.0,114.381
510440.SH,20180313,1.788,1.788,1.788,1.763,1.763,-0.025,-1.3982,156.0,27.756
510500.SH,20180313,6.615,6.614,6.619,6.571,6.584,-0.031,-0.4686,549054.0,362252.093
510510.SH,20180313,1.752,1.748,1.752,1.739,1.739,-0.013,-0.742,58846.0,10272.493
510520.SH,20180313,1.587,1.578,1.578,1.578,1.578,-0.009,-0.5671,1.0,0.158
510560.SH,20180313,1.341,1.343,1.343,1.32,1.32,-0.021,-1.566,114.0,15.137
510580.SH,20180313,6.188,6.185,6.214,6.093,6.199,0.011,0.1778,169.0,103.922
510630.SH,20180313,2.351,2.351,2.36,2.335,2.336,-0.015,-0.638,1686.0,395.355
510650.SH,20180313,1.875,1.87,1.875,1.862,1.862,-0.013,-0.6933,258.0,48.352
510660.SH,20180313,1.966,1.957,1.963,1.935,1.939,-0.027,-1.3733,2610.0,508.586
510680.SH,20180313,2.364,2.364,2.373,2.336,2.359,-0.005,-0.2115,247.0,58.193
510710.SH,20180313,3.066,3.065,3.076,3.037,3.037,-0.029,-0.9459,4473.0,1366.101
510800.SH,20180313,0.978,0.972,0.981,0.969,0.969,-0.009,-0.9202,14174.0,1378.101
510810.SH,20180313,0.993,0.99,0.992,0.98,0.99,-0.003,-0.3021,21482.0,2126.447
510880.SH,20180313,3.092,3.092,3.101,3.077,3.08,-0.012,-0.3881,47325.0,14626.694
510900.SH,20180313,1.297,1.296,1.312,1.295,1.298,0.001,0.0771,10056548.16,1311257.192
511010.SH,20180313,110.843,110.854,110.87,110.806,110.813,-0.03,-0.0271,28907.0,320389.833
511220.SH,20180313,94.35,94.35,94.45,94.231,94.43,0.08,0.0848,3632.0,34276.236
511260.SH,20180313,99.092,99.089,99.17,99.004,99.05,-0.042,-0.0424,54.1,535.976
511600.SH,20180313,99.993,99.993,99.997,99.991,99.996,0.003,0.003,6928.0,69275.165
511620.SH,20180313,99.986,99.998,99.998,99.979,99.979,-0.007,-0.007,45.06,450.536
511650.SH,20180313,99.994,99.994,99.996,99.991,99.996,0.002,0.002,18936.12,189350.272
511660.SH,20180313,100.0,99.999,100.011,99.996,100.011,0.011,0.011,147268.6,1472710.109
511670.SH,20180313,99.994,99.994,99.996,99.992,99.996,0.002,0.002,10701.85,107011.367
511690.SH,20180313,100.01,100.001,100.01,99.998,100.009,-0.001,-0.001,55439.13,554399.041
511700.SH,20180313,99.997,99.995,100.003,99.992,100.002,0.005,0.005,7415.65,74153.498
511770.SH,20180313,99.996,99.993,99.998,99.992,99.998,0.002,0.002,122.76,1227.552
511800.SH,20180313,100.0,99.993,100.001,99.993,100.001,0.001,0.001,1843.85,18438.174
511810.SH,20180313,99.994,99.993,100.001,99.991,100.0,0.006,0.006,85698.08,856941.271
511820.SH,20180313,99.993,99.991,99.999,99.991,99.999,0.006,0.006,27978.26,279764.445
511830.SH,20180313,99.994,99.991,99.998,99.99,99.997,0.003,0.003,4767.01,47667.306
511850.SH,20180313,100.008,100.003,100.013,100.001,100.012,0.004,0.004,14779.28,147799.56
511860.SH,20180313,99.994,99.993,99.997,99.989,99.997,0.003,0.003,2759.73,27595.263
511880.SH,20180313,100.927,100.942,100.955,100.931,100.952,0.025,0.0248,934679.7,9434679.373
511900.SH,20180313,99.995,99.994,100.002,99.991,100.0,0.005,0.005,29797.17,297959.1
511910.SH,20180313,100.002,99.996,100.002,99.975,99.996,-0.006,-0.006,3076.23,30760.086
511920.SH,20180313,100.018,100.015,100.015,99.989,100.006,-0.012,-0.012,10.36,103.608
511930.SH,20180313,99.989,99.986,99.986,99.986,99.986,-0.003,-0.003,2.0,19.997
511950.SH,20180313,99.99,99.985,100.0,99.93,99.93,-0.06,-0.06,26.11,261.07
511960.SH,20180313,99.996,99.986,100.04,99.986,100.007,0.011,0.011,566.16,5663.175
511970.SH,20180313,99.996,99.995,99.999,99.995,99.999,0.003,0.003,168.02,1680.146
511980.SH,20180313,99.993,99.994,100.0,99.989,99.998,0.005,0.005,1571.95,15718.869
511990.SH,20180313,100.003,100.002,100.011,99.994,100.01,0.007,0.007,1107912.52,11079213.361
512000.SH,20180313,0.891,0.892,0.892,0.876,0.877,-0.014,-1.5713,167572.0,14791.08
512010.SH,20180313,1.755,1.75,1.755,1.735,1.741,-0.014,-0.7977,9723.0,1695.17
512070.SH,20180313,2.032,2.032,2.032,1.98,1.982,-0.05,-2.4606,3126.0,624.242
512100.SH,20180313,0.815,0.817,0.818,0.81,0.811,-0.004,-0.4908,16192.0,1317.43
512120.SH,20180313,1.657,1.655,1.655,1.631,1.632,-0.025,-1.5088,7525.92,1231.587
512200.SH,20180313,0.989,0.986,0.995,0.984,0.988,-0.001,-0.1011,34929.0,3457.13
512220.SH,20180313,1.488,1.48,1.488,1.462,1.466,-0.022,-1.4785,593.83,87.53
512300.SH,20180313,1.281,1.279,1.279,1.261,1.263,-0.018,-1.4052,2913.0,369.64
512310.SH,20180313,0.63,0.627,0.628,0.625,0.625,-0.005,-0.7937,5792.0,362.629
512330.SH,20180313,0.855,0.855,0.862,0.845,0.85,-0.005,-0.5848,5022.0,429.376
512340.SH,20180313,0.982,0.982,0.982,0.977,0.977,-0.005,-0.5092,5848.0,573.11
512400.SH,20180313,0.946,0.947,0.947,0.937,0.942,-0.004,-0.4228,45403.0,4276.812
512500.SH,20180313,3.048,3.052,3.052,3.031,3.04,-0.008,-0.2625,4109.92,1250.885
512510.SH,20180313,1.307,1.308,1.308,1.297,1.299,-0.008,-0.6121,6991.0,910.173
512550.SH,20180313,1.137,1.136,1.143,1.127,1.128,-0.009,-0.7916,19463.0,2207.034
512560.SH,20180313,0.91,0.91,0.911,0.897,0.903,-0.007,-0.7692,2128.0,193.133
512570.SH,20180313,0.889,0.888,0.892,0.878,0.882,-0.007,-0.7874,1799.0,158.798
512580.SH,20180313,0.965,0.966,0.966,0.957,0.957,-0.008,-0.829,35352.0,3397.815
512600.SH,20180313,2.308,2.296,2.301,2.271,2.297,-0.011,-0.4766,129.0,29.569
512610.SH,20180313,1.638,1.638,1.638,1.62,1.62,-0.018,-1.0989,532.0,86.816
512640.SH,20180313,1.951,1.954,1.954,1.948,1.948,-0.003,-0.1538,82.0,15.992
512660.SH,20180313,0.826,0.826,0.828,0.816,0.818,-0.008,-0.9685,145437.0,11969.242
512680.SH,20180313,0.806,0.806,0.81,0.797,0.797,-0.009,-1.1166,48413.0,3891.146
512700.SH,20180313,1.078,1.085,1.09,1.077,1.078,0.0,0.0,4218.0,456.922
512800.SH,20180313,1.055,1.055,1.065,1.052,1.053,-0.002,-0.1896,297483.0,31509.671
512810.SH,20180313,0.794,0.794,0.795,0.783,0.784,-0.01,-1.2594,2588.0,203.904
512880.SH,20180313,0.941,0.94,0.94,0.924,0.925,-0.016,-1.7003,577173.0,53766.455
512900.SH,20180313,0.901,0.901,0.901,0.886,0.887,-0.014,-1.5538,21953.0,1955.536
512980.SH,20180313,1.044,1.046,1.055,1.038,1.042,-0.002,-0.1916,112106.24,11728.706
512990.SH,20180313,1.197,1.194,1.197,1.19,1.19,-0.007,-0.5848,50562.0,6036.08
513030.SH,20180313,1.105,1.105,1.105,1.1,1.102,-0.003,-0.2715,4979.0,548.845
513050.SH,20180313,1.597,1.6,1.606,1.597,1.599,0.002,0.1252,152538.0,24400.777
513100.SH,20180313,2.368,2.369,2.373,2.363,2.368,0.0,0.0,25493.0,6033.214
513500.SH,20180313,1.64,1.638,1.638,1.628,1.63,-0.01,-0.6098,6561.0,1071.436
513600.SH,20180313,2.665,2.665,2.665,2.645,2.653,-0.012,-0.4503,3119.36,828.179
513660.SH,20180313,2.678,2.678,2.678,2.649,2.649,-0.029,-1.0829,3737.0,994.932
518800.SH,20180313,2.679,2.68,2.683,2.677,2.679,0.0,0.0,286487.0,76730.838
518880.SH,20180313,2.699,2.701,2.703,2.696,2.698,-0.001,-0.0371,3201149.99,864291.359
