ts_code,trade_date,pre_close,open,high,low,close,change,pct_chg,vol,amount
150008.SZ,20180803,1.019,1.029,1.029,0.961,1.016,-0.003,-0.2944,8.71,0.885
150012.SZ,20180803,1.049,1.05,1.05,1.05,1.05,0.001,0.0953,332.0,34.86
150013.SZ,20180803,1.297,1.221,1.298,1.22,1.295,-0.002,-0.1542,284.54,34.748
150017.SZ,20180803,1.296,1.26,1.268,1.236,1.268,-0.028,-2.1605,2785.48,345.355
150018.SZ,20180803,0.953,0.952,0.959,0.952,0.958,0.005,0.5247,294555.11,28134.487
150019.SZ,20180803,0.786,0.783,0.793,0.776,0.777,-0.009,-1.145,289625.97,22647.087
150022.SZ,20180803,0.784,0.785,0.786,0.778,0.779,-0.005,-0.6378,405749.79,31768.531
150023.SZ,20180803,0.176,0.177,0.178,0.169,0.169,-0.007,-3.9773,564852.84,9780.56
150028.SZ,20180803,0.951,0.95,0.953,0.95,0.953,0.002,0.2103,1440.0,137.063
150029.SZ,20180803,1.119,1.112,1.112,1.066,1.07,-0.049,-4.3789,66.37,7.213
150031.SZ,20180803,0.76,0.766,0.768,0.766,0.768,0.008,1.0526,121.89,9.348
150032.SZ,20180803,0.971,0.961,0.999,0.961,0.971,0.0,0.0,180.0,17.599
150048.SZ,20180803,0.987,0.999,0.999,0.952,0.995,0.008,0.8105,358.55,35.402
150049.SZ,20180803,0.946,0.946,0.948,0.946,0.948,0.002,0.2114,104.0,9.838
150050.SZ,20180803,0.747,0.713,0.747,0.71,0.747,0.0,0.0,1412.86,100.58
150051.SZ,20180803,0.952,0.951,0.954,0.951,0.954,0.002,0.2101,7225.16,688.817
150052.SZ,20180803,0.655,0.655,0.665,0.638,0.641,-0.014,-2.1374,13855.88,894.733
150053.SZ,20180803,0.967,0.967,0.967,0.967,0.967,0.0,0.0,120.0,11.604
150054.SZ,20180803,0.83,0.912,0.912,0.749,0.849,0.019,2.2892,3.0,0.251
150057.SZ,20180803,1.0,0.997,0.997,0.997,0.997,-0.003,-0.3,20.0,1.994
150090.SZ,20180803,0.998,0.999,0.999,0.999,0.999,0.001,0.1002,588.0,58.741
150091.SZ,20180803,0.535,0.482,0.482,0.482,0.482,-0.053,-9.9065,0.15,0.007
150101.SZ,20180803,1.045,1.067,1.067,1.007,1.008,-0.037,-3.5407,561.0,57.099
150106.SZ,20180803,1.062,1.063,1.063,1.062,1.063,0.001,0.0942,2789.0,296.454
150107.SZ,20180803,0.753,0.769,0.769,0.725,0.729,-0.024,-3.1873,4042.18,302.119
150117.SZ,20180803,0.952,0.952,0.955,0.95,0.954,0.002,0.2101,8628.42,822.571
150118.SZ,20180803,0.875,0.875,0.882,0.842,0.842,-0.033,-3.7714,32986.99,2842.448
150121.SZ,20180803,0.994,0.993,1.093,0.993,0.993,-0.001,-0.1006,250.0,24.835
150123.SZ,20180803,1.007,1.006,1.007,1.001,1.007,0.0,0.0,7455.0,749.573
150124.SZ,20180803,0.67,0.667,0.696,0.65,0.656,-0.014,-2.0896,8285.33,546.934
150130.SZ,20180803,0.99,0.989,0.989,0.987,0.987,-0.003,-0.303,1485.71,146.696
150131.SZ,20180803,0.667,0.664,0.669,0.636,0.638,-0.029,-4.3478,245845.24,16017.21
150144.SZ,20180803,1.009,1.004,1.005,0.915,0.915,-0.094,-9.3162,77.26,7.222
150146.SZ,20180803,0.678,0.737,0.742,0.678,0.732,0.054,7.9646,118.0,8.097
150149.SZ,20180803,0.812,0.797,0.814,0.78,0.789,-0.023,-2.8325,906.0,71.896
150150.SZ,20180803,0.958,0.958,0.961,0.958,0.961,0.003,0.3132,1387.12,133.092
150151.SZ,20180803,1.054,1.129,1.129,1.116,1.116,0.062,5.8824,2.0,0.224
150152.SZ,20180803,0.982,0.982,0.988,0.98,0.988,0.006,0.611,1359518.42,133945.502
150153.SZ,20180803,0.339,0.338,0.344,0.305,0.305,-0.034,-10.0295,6526816.32,210376.65
150157.SZ,20180803,0.957,0.956,0.961,0.956,0.961,0.004,0.418,62910.0,6025.999
150158.SZ,20180803,0.79,0.763,0.791,0.763,0.771,-0.019,-2.4051,4977.0,385.371
150164.SZ,20180803,0.974,0.958,0.976,0.958,0.975,0.001,0.1027,2.58,0.25
150167.SZ,20180803,0.971,0.972,0.972,0.972,0.972,0.001,0.103,1552.0,150.854
150169.SZ,20180803,0.952,0.952,0.956,0.952,0.956,0.004,0.4202,8340.0,794.573
150170.SZ,20180803,1.435,1.419,1.42,1.401,1.42,-0.015,-1.0453,264.0,37.419
150171.SZ,20180803,0.949,0.95,0.957,0.948,0.956,0.007,0.7376,439409.7,41879.78
150172.SZ,20180803,0.479,0.475,0.484,0.464,0.465,-0.014,-2.9228,448905.36,21276.545
150173.SZ,20180803,0.938,0.938,0.938,0.936,0.936,-0.002,-0.2132,466.0,43.62
150174.SZ,20180803,1.0,1.04,1.04,0.967,0.967,-0.033,-3.3,702.0,69.736
150175.SZ,20180803,0.957,0.956,0.96,0.956,0.96,0.003,0.3135,107298.81,10275.436
150176.SZ,20180803,0.984,0.99,0.996,0.984,0.984,0.0,0.0,94210.5,9315.082
150177.SZ,20180803,0.953,0.952,0.957,0.952,0.957,0.004,0.4197,4304.0,411.305
150178.SZ,20180803,0.999,0.989,0.989,0.939,0.95,-0.049,-4.9049,1438.57,137.665
150180.SZ,20180803,1.068,0.978,1.067,0.978,1.037,-0.031,-2.9026,322.44,33.812
150181.SZ,20180803,0.973,0.973,0.977,0.972,0.976,0.003,0.3083,201982.88,19690.23
150182.SZ,20180803,0.387,0.383,0.389,0.348,0.35,-0.037,-9.5607,1142792.46,41581.933
150184.SZ,20180803,0.962,0.962,0.965,0.962,0.965,0.003,0.3119,20.5,1.974
150185.SZ,20180803,0.382,0.382,0.387,0.366,0.369,-0.013,-3.4031,16309.44,610.106
150186.SZ,20180803,0.928,0.929,0.932,0.928,0.932,0.004,0.431,4370.0,406.62
150187.SZ,20180803,0.949,0.999,0.999,0.921,0.931,-0.018,-1.8967,1003.71,95.119
150188.SZ,20180803,0.999,0.998,0.999,0.998,0.999,0.0,0.0,3.02,0.301
150189.SZ,20180803,0.64,0.615,0.637,0.615,0.637,-0.003,-0.4688,4.19,0.266
150190.SZ,20180803,0.977,0.978,0.98,0.978,0.98,0.003,0.3071,3777.0,370.075
150193.SZ,20180803,0.755,0.815,0.815,0.719,0.724,-0.031,-4.106,1041.33,76.853
150194.SZ,20180803,0.954,0.956,0.959,0.953,0.959,0.005,0.5241,32476.11,3103.914
150195.SZ,20180803,0.824,0.813,0.833,0.775,0.775,-0.049,-5.9466,26288.05,2097.952
150196.SZ,20180803,0.978,0.977,0.98,0.977,0.98,0.002,0.2045,21979.09,2153.108
150197.SZ,20180803,0.702,0.708,0.716,0.675,0.677,-0.025,-3.5613,52122.7,3625.72
150199.SZ,20180803,1.419,1.405,1.423,1.355,1.36,-0.059,-4.1579,6992.0,965.647
150200.SZ,20180803,0.949,0.948,0.954,0.948,0.954,0.005,0.5269,65966.2,6272.702
150201.SZ,20180803,0.699,0.696,0.704,0.684,0.685,-0.014,-2.0029,437035.32,30385.778
150203.SZ,20180803,0.927,0.927,0.939,0.927,0.939,0.012,1.2945,882.59,82.043
150204.SZ,20180803,0.974,1.06,1.06,0.906,0.933,-0.041,-4.2094,4056.01,380.729
150205.SZ,20180803,0.96,0.96,0.964,0.959,0.963,0.003,0.3125,132250.06,12711.032
150206.SZ,20180803,0.522,0.52,0.533,0.508,0.511,-0.011,-2.1073,137110.39,7144.346
150208.SZ,20180803,1.09,1.064,1.199,1.064,1.174,0.084,7.7064,840.64,89.495
150209.SZ,20180803,0.955,0.954,0.96,0.954,0.959,0.004,0.4188,28900.26,2769.167
150210.SZ,20180803,0.673,0.677,0.681,0.642,0.642,-0.031,-4.6062,27930.38,1859.302
150211.SZ,20180803,0.994,0.993,1.003,0.991,1.002,0.008,0.8048,900747.16,89881.807
150212.SZ,20180803,0.312,0.281,0.293,0.281,0.281,-0.031,-9.9359,518897.74,14688.086
150213.SZ,20180803,0.962,0.964,0.964,0.962,0.963,0.001,0.104,1313.96,126.437
150214.SZ,20180803,0.701,0.716,0.719,0.681,0.708,0.007,0.9986,592.0,41.261
150216.SZ,20180803,0.735,0.712,0.809,0.712,0.77,0.035,4.7619,294.16,23.578
150217.SZ,20180803,0.932,0.93,0.935,0.93,0.935,0.003,0.3219,1123.36,104.809
150218.SZ,20180803,0.979,0.979,1.076,0.955,0.961,-0.018,-1.8386,1591.04,158.621
150220.SZ,20180803,0.689,0.694,0.694,0.681,0.688,-0.001,-0.1451,1232.0,84.361
150221.SZ,20180803,1.032,1.032,1.033,1.031,1.033,0.001,0.0969,53868.96,5562.544
150222.SZ,20180803,0.821,0.814,0.825,0.8,0.808,-0.013,-1.5834,27330.85,2217.051
150223.SZ,20180803,1.01,1.008,1.011,1.008,1.009,-0.001,-0.099,294167.82,29693.889
150224.SZ,20180803,0.345,0.344,0.348,0.325,0.326,-0.019,-5.5072,2337534.41,78879.273
150226.SZ,20180803,0.891,0.802,0.802,0.802,0.802,-0.089,-9.9888,1.0,0.08
150227.SZ,20180803,0.963,0.963,0.967,0.962,0.967,0.004,0.4154,253841.8,24491.015
150228.SZ,20180803,0.724,0.726,0.741,0.721,0.722,-0.002,-0.2762,371525.73,27179.853
150229.SZ,20180803,0.938,0.94,0.94,0.94,0.94,0.002,0.2132,10.0,0.94
150230.SZ,20180803,0.839,0.819,0.819,0.79,0.811,-0.028,-3.3373,560.0,44.845
150232.SZ,20180803,0.797,0.777,0.777,0.777,0.777,-0.02,-2.5094,75.0,5.827
150233.SZ,20180803,0.947,0.954,0.954,0.954,0.954,0.007,0.7392,3959.97,377.781
150234.SZ,20180803,0.545,0.491,0.539,0.491,0.539,-0.006,-1.1009,108.0,5.317
150235.SZ,20180803,1.01,1.007,1.01,1.004,1.01,0.0,0.0,21810.99,2198.331
150236.SZ,20180803,0.293,0.264,0.265,0.264,0.264,-0.029,-9.8976,55516.0,1465.632
150241.SZ,20180803,0.955,0.956,0.956,0.955,0.955,0.0,0.0,413.0,39.48
150242.SZ,20180803,0.922,0.907,0.911,0.903,0.904,-0.018,-1.9523,1540.0,139.333
150243.SZ,20180803,0.971,0.972,0.98,0.971,0.978,0.007,0.7209,39985.64,3897.587
150244.SZ,20180803,0.39,0.393,0.396,0.374,0.374,-0.016,-4.1026,56472.01,2157.292
150246.SZ,20180803,0.768,0.731,0.731,0.706,0.72,-0.048,-6.25,464.0,33.295
150247.SZ,20180803,0.951,0.951,0.954,0.948,0.948,-0.003,-0.3155,1401.0,133.309
150248.SZ,20180803,0.963,0.973,0.973,0.929,0.929,-0.034,-3.5306,1194.04,112.759
150249.SZ,20180803,0.953,0.955,0.955,0.952,0.952,-0.001,-0.1049,904.08,86.339
150250.SZ,20180803,0.899,0.875,0.888,0.861,0.888,-0.011,-1.2236,156.0,13.559
150251.SZ,20180803,0.956,0.956,0.958,0.956,0.958,0.002,0.2092,2997.0,286.912
150252.SZ,20180803,0.898,0.878,0.926,0.86,0.894,-0.004,-0.4454,2114.8,190.227
150255.SZ,20180803,0.93,0.937,0.937,0.937,0.937,0.007,0.7527,16.0,1.499
150256.SZ,20180803,0.744,0.765,0.765,0.755,0.755,0.011,1.4785,65.78,4.982
150257.SZ,20180803,0.933,0.935,0.938,0.934,0.938,0.005,0.5359,1279.37,119.941
150258.SZ,20180803,1.215,1.094,1.094,1.094,1.094,-0.121,-9.9588,1001.0,109.509
150259.SZ,20180803,0.933,0.932,0.934,0.93,0.934,0.001,0.1072,4198.33,391.585
150260.SZ,20180803,0.918,0.956,0.96,0.956,0.96,0.042,4.5752,579.03,55.487
150261.SZ,20180803,1.02,0.97,1.016,0.97,1.016,-0.004,-0.3922,7.0,0.683
150262.SZ,20180803,0.833,0.833,0.858,0.812,0.812,-0.021,-2.521,1829.02,151.287
150264.SZ,20180803,0.714,0.653,0.653,0.643,0.643,-0.071,-9.944,88.33,5.722
150266.SZ,20180803,0.871,0.86,0.88,0.84,0.847,-0.024,-2.7555,205.67,17.656
150267.SZ,20180803,0.972,0.973,0.973,0.971,0.971,-0.001,-0.1029,2217.01,215.424
150268.SZ,20180803,0.845,0.86,0.86,0.801,0.848,0.003,0.355,328.0,26.528
150269.SZ,20180803,0.955,0.954,0.958,0.954,0.957,0.002,0.2094,12293.33,1174.367
150270.SZ,20180803,1.332,1.347,1.35,1.25,1.255,-0.077,-5.7808,30479.95,3933.949
150271.SZ,20180803,0.965,0.939,0.939,0.939,0.939,-0.026,-2.6943,50.0,4.695
150272.SZ,20180803,1.136,1.11,1.11,1.085,1.085,-0.051,-4.4894,79.39,8.746
150275.SZ,20180803,0.933,0.933,0.934,0.933,0.933,0.0,0.0,2486.66,232.106
150276.SZ,20180803,1.089,1.065,1.084,1.051,1.053,-0.036,-3.3058,1688.66,179.71
150277.SZ,20180803,0.954,0.953,0.955,0.941,0.954,0.0,0.0,3483.0,332.152
150278.SZ,20180803,0.779,0.844,0.844,0.752,0.779,0.0,0.0,2421.71,183.566
150279.SZ,20180803,0.999,1.001,1.005,1.001,1.005,0.006,0.6006,141.86,14.22
150281.SZ,20180803,0.971,0.976,0.978,0.974,0.978,0.007,0.7209,1579.6,154.339
150283.SZ,20180803,0.931,0.932,0.934,0.931,0.934,0.003,0.3222,151.01,14.065
150287.SZ,20180803,0.981,0.981,0.983,0.981,0.983,0.002,0.2039,41140.0,4040.423
150288.SZ,20180803,0.63,0.626,0.647,0.609,0.618,-0.012,-1.9048,108323.1,6790.584
150289.SZ,20180803,0.958,0.958,0.961,0.958,0.96,0.002,0.2088,41413.0,3972.871
150290.SZ,20180803,0.839,0.845,0.898,0.844,0.869,0.03,3.5757,220254.46,19251.583
150291.SZ,20180803,0.983,0.982,0.984,0.982,0.984,0.001,0.1017,3605.0,354.301
150292.SZ,20180803,0.594,0.599,0.62,0.599,0.62,0.026,4.3771,205.0,12.29
150293.SZ,20180803,0.987,0.988,0.988,0.988,0.988,0.001,0.1013,563.0,55.624
150294.SZ,20180803,0.512,0.512,0.512,0.505,0.505,-0.007,-1.3672,101.0,5.101
150296.SZ,20180803,0.772,0.752,0.752,0.752,0.752,-0.02,-2.5907,77.0,5.79
150297.SZ,20180803,1.0,1.002,1.002,1.0,1.001,0.001,0.1,4821.0,482.382
150298.SZ,20180803,0.334,0.326,0.342,0.301,0.301,-0.033,-9.8802,839.0,26.59
150299.SZ,20180803,0.981,0.981,0.984,0.981,0.984,0.003,0.3058,137905.0,13552.409
150300.SZ,20180803,0.575,0.571,0.586,0.571,0.575,0.0,0.0,26400.0,1525.45
150301.SZ,20180803,0.983,0.998,0.998,0.986,0.986,0.003,0.3052,548.04,54.156
150302.SZ,20180803,0.421,0.44,0.44,0.407,0.407,-0.014,-3.3254,941.0,39.407
150303.SZ,20180803,0.999,0.999,1.008,0.997,1.007,0.008,0.8008,823554.82,82642.42
150304.SZ,20180803,0.3,0.286,0.294,0.27,0.27,-0.03,-10.0,442980.61,12230.52
150306.SZ,20180803,0.364,0.398,0.399,0.329,0.372,0.008,2.1978,590.0,21.835
150307.SZ,20180803,0.97,0.968,0.971,0.968,0.971,0.001,0.1031,6509.23,631.142
150308.SZ,20180803,0.442,0.412,0.412,0.411,0.411,-0.031,-7.0136,654.73,26.972
150311.SZ,20180803,0.977,0.986,0.986,0.986,0.986,0.009,0.9212,1.0,0.098
150312.SZ,20180803,0.66,0.594,0.594,0.594,0.594,-0.066,-10.0,101.0,5.999
150315.SZ,20180803,0.975,0.975,0.98,0.972,0.975,0.0,0.0,101.0,9.843
150316.SZ,20180803,0.388,0.418,0.418,0.352,0.352,-0.036,-9.2784,1969.88,71.983
150321.SZ,20180803,1.037,1.04,1.041,1.04,1.041,0.004,0.3857,2053.0,213.616
150322.SZ,20180803,0.818,0.763,0.849,0.762,0.849,0.031,3.7897,2807.18,231.575
150325.SZ,20180803,0.985,0.984,0.985,0.984,0.985,0.0,0.0,2930.0,288.496
150329.SZ,20180803,0.954,0.954,0.97,0.954,0.97,0.016,1.6771,34.0,3.296
150330.SZ,20180803,1.2,1.2,1.212,1.192,1.198,-0.002,-0.1667,3167.0,380.935
150335.SZ,20180803,0.982,0.982,0.984,0.982,0.984,0.002,0.2037,1736.0,170.67
150336.SZ,20180803,0.727,0.66,0.716,0.66,0.716,-0.011,-1.5131,1.26,0.088
150343.SZ,20180803,0.983,0.986,0.987,0.986,0.987,0.004,0.4069,760.0,74.981
150344.SZ,20180803,0.407,0.407,0.407,0.407,0.407,0.0,0.0,114.0,4.639
159001.SZ,20180803,100.001,99.999,100.001,99.999,100.001,0.0,0.0,153426.57,1534264.466
159003.SZ,20180803,100.001,99.996,99.999,99.991,99.999,-0.002,-0.002,46303.93,463010.951
159005.SZ,20180803,100.005,100.0,100.001,99.998,100.001,-0.004,-0.004,1758407.26,17584072.666
159901.SZ,20180803,3.994,3.987,3.996,3.884,3.893,-0.101,-2.5288,155831.2,61361.015
159902.SZ,20180803,2.937,2.935,2.94,2.878,2.88,-0.057,-1.9408,78571.75,22800.499
159903.SZ,20180803,0.96,0.96,0.962,0.945,0.946,-0.014,-1.4583,6759.0,642.985
159905.SZ,20180803,1.398,1.398,1.4,1.355,1.357,-0.041,-2.9328,21967.0,3008.953
159907.SZ,20180803,1.2,1.195,1.195,1.172,1.178,-0.022,-1.8333,849.0,100.305
159909.SZ,20180803,4.181,4.177,4.277,4.11,4.15,-0.031,-0.7414,26.0,10.826
159910.SZ,20180803,1.492,1.488,1.495,1.465,1.465,-0.027,-1.8097,3925.0,579.246
159911.SZ,20180803,3.523,3.523,3.523,3.48,3.48,-0.043,-1.2206,35.0,12.266
159912.SZ,20180803,1.239,1.166,1.235,1.166,1.184,-0.055,-4.4391,620.0,74.059
159913.SZ,20180803,1.649,1.643,1.643,1.56,1.56,-0.089,-5.3972,45.0,7.107
159915.SZ,20180803,1.44,1.44,1.45,1.411,1.414,-0.026,-1.8056,7348847.73,1051125.527
159916.SZ,20180803,3.2,3.2,3.295,3.16,3.166,-0.034,-1.0625,460.0,146.803
159918.SZ,20180803,1.498,1.38,1.434,1.38,1.434,-0.064,-4.2724,101.0,14.127
159919.SZ,20180803,3.725,3.72,3.737,3.68,3.682,-0.043,-1.1544,118500.56,43874.97
159920.SZ,20180803,1.459,1.47,1.472,1.463,1.467,0.008,0.5483,1387313.3,203674.724
159922.SZ,20180803,5.19,5.156,5.196,5.131,5.155,-0.035,-0.6744,1889.0,975.793
159923.SZ,20180803,1.448,1.466,1.466,1.432,1.432,-0.016,-1.105,2683.0,386.023
159925.SZ,20180803,1.432,1.429,1.43,1.403,1.423,-0.009,-0.6285,1590.01,225.844
159926.SZ,20180803,109.999,111.0,111.0,111.0,111.0,1.001,0.91,8.0,88.8
159928.SZ,20180803,2.143,2.14,2.154,2.116,2.117,-0.026,-1.2133,8438.0,1798.751
159929.SZ,20180803,1.582,1.58,1.58,1.547,1.547,-0.035,-2.2124,8490.0,1325.145
159930.SZ,20180803,0.716,0.724,0.724,0.709,0.718,0.002,0.2793,1227.0,87.494
159931.SZ,20180803,1.492,1.468,1.499,1.468,1.495,0.003,0.2011,80.01,11.762
159932.SZ,20180803,1.399,1.368,1.389,1.363,1.363,-0.036,-2.5733,130.0,17.997
159934.SZ,20180803,2.651,2.647,2.652,2.645,2.652,0.001,0.0377,74049.0,19603.771
159935.SZ,20180803,1.343,1.343,1.35,1.343,1.35,0.007,0.5212,15.0,2.017
159936.SZ,20180803,1.334,1.293,1.293,1.29,1.29,-0.044,-3.2984,59.0,7.619
159937.SZ,20180803,2.667,2.66,2.667,2.66,2.665,-0.002,-0.075,450826.0,120138.263
159938.SZ,20180803,1.32,1.313,1.32,1.291,1.291,-0.029,-2.197,80528.0,10488.805
159939.SZ,20180803,0.899,0.903,0.903,0.881,0.881,-0.018,-2.0022,31704.0,2819.361
159940.SZ,20180803,0.8,0.808,0.808,0.793,0.796,-0.004,-0.5,466.0,37.145
159941.SZ,20180803,1.636,1.66,1.68,1.657,1.68,0.044,2.6895,5778.0,966.168
159942.SZ,20180803,1.658,1.59,1.59,1.58,1.589,-0.069,-4.1616,841.0,133.425
159943.SZ,20180803,9.653,9.48,9.648,9.424,9.526,-0.127,-1.3157,75.41,71.744
159944.SZ,20180803,0.754,0.763,0.763,0.754,0.754,0.0,0.0,108.0,8.155
159945.SZ,20180803,0.643,0.649,0.67,0.649,0.661,0.018,2.7994,311.0,20.408
159946.SZ,20180803,1.217,1.158,1.239,1.145,1.146,-0.071,-5.834,1002.21,115.783
159948.SZ,20180803,1.579,1.573,1.587,1.548,1.549,-0.03,-1.8999,19207.0,3006.497
159949.SZ,20180803,0.551,0.551,0.554,0.542,0.542,-0.009,-1.6334,7738078.08,423410.329
159950.SZ,20180803,0.91,0.914,0.919,0.914,0.919,0.009,0.989,117.0,10.748
159951.SZ,20180803,0.781,0.793,0.793,0.775,0.775,-0.006,-0.7682,165.0,12.88
159952.SZ,20180803,0.868,0.867,0.875,0.851,0.852,-0.016,-1.8433,464978.01,40067.003
159953.SZ,20180803,0.718,0.71,0.71,0.7,0.71,-0.008,-1.1142,232.0,16.329
159954.SZ,20180803,0.957,0.965,0.966,0.96,0.96,0.003,0.3135,28872.15,2780.024
159955.SZ,20180803,0.823,0.828,0.828,0.807,0.807,-0.016,-1.9441,9050.0,735.716
159956.SZ,20180803,0.896,0.861,0.894,0.839,0.839,-0.057,-6.3616,6014.0,512.481
159957.SZ,20180803,0.88,0.882,0.886,0.871,0.872,-0.008,-0.9091,24017.0,2103.81
159958.SZ,20180803,0.872,0.872,0.879,0.857,0.858,-0.014,-1.6055,51176.0,4436.525
160105.SZ,20180803,0.968,0.968,0.977,0.955,0.955,-0.013,-1.343,182.0,17.534
160106.SZ,20180803,1.06,1.068,1.075,1.053,1.062,0.002,0.1887,766.0,81.66
160119.SZ,20180803,1.268,1.285,1.285,1.259,1.265,-0.003,-0.2366,4274.13,541.189
160125.SZ,20180803,1.036,1.035,1.043,1.018,1.027,-0.009,-0.8687,30.0,3.088
160128.SZ,20180803,0.99,0.99,0.992,0.99,0.992,0.002,0.202,270.0,26.75
160131.SZ,20180803,1.027,1.03,1.03,1.03,1.03,0.003,0.2921,198.0,20.394
160133.SZ,20180803,2.135,2.123,2.13,2.108,2.108,-0.027,-1.2646,470.0,99.529
160140.SZ,20180803,1.035,1.045,1.054,1.038,1.05,0.015,1.4493,1885.1,197.84
160211.SZ,20180803,2.094,2.073,2.091,2.051,2.053,-0.041,-1.958,2096.07,433.512
160212.SZ,20180803,2.09,2.09,2.09,2.043,2.045,-0.045,-2.1531,4648.36,957.836
160215.SZ,20180803,1.372,1.361,1.368,1.347,1.359,-0.013,-0.9475,825.0,112.041
160216.SZ,20180803,0.54,0.548,0.557,0.548,0.554,0.014,2.5926,54664.99,3018.023
160220.SZ,20180803,1.23,1.193,1.193,1.193,1.193,-0.037,-3.0081,36.0,4.294
160223.SZ,20180803,0.72,0.726,0.726,0.71,0.71,-0.01,-1.3889,943.0,67.182
160225.SZ,20180803,0.842,0.842,0.842,0.832,0.832,-0.01,-1.1876,3085.0,258.178
160311.SZ,20180803,1.374,1.37,1.377,1.37,1.375,0.001,0.0728,624.17,85.785
160314.SZ,20180803,0.921,0.92,0.927,0.912,0.912,-0.009,-0.9772,393.0,36.173
160322.SZ,20180803,1.195,1.151,1.166,1.148,1.166,-0.029,-2.4268,146.0,16.789
160324.SZ,20180803,0.84,0.841,0.842,0.832,0.842,0.002,0.2381,261.0,21.854
160416.SZ,20180803,1.115,1.125,1.125,1.11,1.121,0.006,0.5381,2347.74,262.369
160421.SZ,20180803,0.855,0.844,0.851,0.844,0.849,-0.006,-0.7018,954.0,81.116
160422.SZ,20180803,0.788,0.788,0.788,0.788,0.788,0.0,0.0,10.0,0.788
160505.SZ,20180803,1.455,1.455,1.47,1.446,1.45,-0.005,-0.3436,25868.34,3774.038
160512.SZ,20180803,1.52,1.516,1.516,1.483,1.513,-0.007,-0.4605,97.0,14.629
160515.SZ,20180803,1.01,1.011,1.015,1.01,1.015,0.005,0.495,2452.52,248.275
160518.SZ,20180803,0.912,0.916,0.919,0.91,0.91,-0.002,-0.2193,3823.65,350.136
160519.SZ,20180803,0.832,0.829,0.83,0.829,0.829,-0.003,-0.3606,459.06,38.056
160520.SZ,20180803,0.923,0.922,0.927,0.922,0.927,0.004,0.4334,5.0,0.461
160607.SZ,20180803,0.69,0.685,0.696,0.685,0.686,-0.004,-0.5797,2236.89,153.936
160610.SZ,20180803,0.883,0.884,0.885,0.855,0.884,0.001,0.1133,231.22,20.165
160611.SZ,20180803,0.691,0.697,0.698,0.697,0.697,0.006,0.8683,248.0,17.285
160613.SZ,20180803,1.113,1.127,1.127,1.127,1.127,0.014,1.2579,20.0,2.254
160615.SZ,20180803,1.446,1.386,1.4,1.386,1.4,-0.046,-3.1812,117.0,16.356
160618.SZ,20180803,1.199,1.201,1.201,1.201,1.201,0.002,0.1668,4.0,0.48
160635.SZ,20180803,1.085,1.083,1.083,1.062,1.062,-0.023,-2.1198,594.0,63.599
160643.SZ,20180803,0.77,0.77,0.77,0.77,0.77,0.0,0.0,16.0,1.232
160644.SZ,20180803,0.904,0.877,0.927,0.877,0.886,-0.018,-1.9912,5.0,0.444
160706.SZ,20180803,0.984,0.983,0.986,0.98,0.981,-0.003,-0.3049,15222.54,1494.903
160716.SZ,20180803,1.415,1.414,1.414,1.396,1.404,-0.011,-0.7774,4084.84,573.814
160717.SZ,20180803,0.797,0.797,0.803,0.796,0.799,0.002,0.2509,1775.18,141.672
160719.SZ,20180803,0.678,0.677,0.679,0.677,0.679,0.001,0.1475,872.13,59.191
160722.SZ,20180803,0.941,0.997,0.997,0.942,0.975,0.034,3.6132,1002.04,94.42
160723.SZ,20180803,1.298,1.303,1.316,1.303,1.316,0.018,1.3867,786.0,102.82
160805.SZ,20180803,0.743,0.735,0.74,0.728,0.728,-0.015,-2.0188,444.5,32.534
160806.SZ,20180803,1.235,1.227,1.227,1.216,1.216,-0.019,-1.5385,405.78,49.564
160807.SZ,20180803,1.167,1.107,1.107,1.107,1.107,-0.06,-5.1414,12.0,1.328
160812.SZ,20180803,1.371,1.357,1.36,1.346,1.359,-0.012,-0.8753,1816.0,245.592
160813.SZ,20180803,0.725,0.725,0.746,0.722,0.723,-0.002,-0.2759,160.64,11.846
160910.SZ,20180803,0.944,1.008,1.008,1.0,1.0,0.056,5.9322,3.0,0.301
160916.SZ,20180803,2.595,2.598,2.598,2.571,2.579,-0.016,-0.6166,929.31,239.564
160918.SZ,20180803,1.839,1.849,1.85,1.84,1.84,0.001,0.0544,313.0,57.739
160919.SZ,20180803,1.091,1.15,1.15,1.081,1.126,0.035,3.2081,90.0,9.806
160921.SZ,20180803,0.852,0.852,0.852,0.84,0.852,0.0,0.0,503.51,42.297
160924.SZ,20180803,1.017,1.0,1.0,1.0,1.0,-0.017,-1.6716,1.0,0.1
161005.SZ,20180803,1.87,1.861,1.867,1.827,1.833,-0.037,-1.9786,12460.45,2299.993
161010.SZ,20180803,1.048,1.046,1.049,1.046,1.049,0.001,0.0954,655.0,68.629
161014.SZ,20180803,1.081,1.08,1.088,1.08,1.088,0.007,0.6475,1129.28,122.482
161017.SZ,20180803,1.958,1.947,1.95,1.92,1.945,-0.013,-0.6639,5160.14,998.484
161019.SZ,20180803,0.938,0.938,0.938,0.938,0.938,0.0,0.0,913.0,85.639
161033.SZ,20180803,0.794,0.79,0.808,0.788,0.788,-0.006,-0.7557,1925.32,152.735
161035.SZ,20180803,1.013,1.01,1.01,0.983,0.983,-0.03,-2.9615,110.0,11.095
161036.SZ,20180803,0.669,0.693,0.693,0.652,0.652,-0.017,-2.5411,42.0,2.754
161037.SZ,20180803,0.959,0.935,0.935,0.935,0.935,-0.024,-2.5026,153.0,14.305
161039.SZ,20180803,0.974,0.976,0.978,0.976,0.976,0.002,0.2053,2425.09,236.781
161116.SZ,20180803,0.697,0.69,0.697,0.69,0.697,0.0,0.0,476.0,33.083
161117.SZ,20180803,1.049,1.049,1.05,1.049,1.05,0.001,0.0953,1110.0,116.507
161124.SZ,20180803,1.188,1.25,1.25,1.13,1.143,-0.045,-3.7879,238.0,27.739
161125.SZ,20180803,1.202,1.21,1.225,1.21,1.225,0.023,1.9135,2290.0,279.509
161126.SZ,20180803,1.225,1.235,1.257,1.235,1.24,0.015,1.2245,2362.0,293.438
161127.SZ,20180803,1.419,1.425,1.455,1.425,1.454,0.035,2.4665,5387.63,779.76
161128.SZ,20180803,1.447,1.447,1.58,1.447,1.486,0.039,2.6952,1891.64,280.763
161129.SZ,20180803,1.242,1.25,1.269,1.249,1.26,0.018,1.4493,2419.11,304.955
161130.SZ,20180803,1.21,1.236,1.244,1.227,1.237,0.027,2.2314,2122.38,262.749
161210.SZ,20180803,1.052,1.055,1.055,1.055,1.055,0.003,0.2852,36.0,3.798
161213.SZ,20180803,1.543,1.434,1.434,1.431,1.431,-0.112,-7.2586,11.0,1.575
161216.SZ,20180803,1.114,1.113,1.113,1.113,1.113,-0.001,-0.0898,6.0,0.667
161222.SZ,20180803,1.1,1.136,1.136,1.135,1.135,0.035,3.1818,10.0,1.135
161224.SZ,20180803,0.884,0.894,0.894,0.847,0.889,0.005,0.5656,17.0,1.466
161225.SZ,20180803,1.076,1.03,1.075,1.021,1.075,-0.001,-0.0929,894.29,92.217
161226.SZ,20180803,0.79,0.788,0.791,0.788,0.79,0.0,0.0,8983.0,709.445
161227.SZ,20180803,0.878,0.868,0.872,0.86,0.862,-0.016,-1.8223,5373.53,464.043
161232.SZ,20180803,0.642,0.62,0.62,0.618,0.618,-0.024,-3.7383,120.0,7.42
161607.SZ,20180803,1.046,1.036,1.041,1.036,1.041,-0.005,-0.478,5.0,0.519
161610.SZ,20180803,0.946,0.946,0.946,0.93,0.93,-0.016,-1.6913,888.2,83.357
161626.SZ,20180803,1.034,1.1,1.1,1.1,1.1,0.066,6.383,10.0,1.1
161631.SZ,20180803,0.896,0.894,0.897,0.888,0.889,-0.007,-0.7813,9239.01,823.645
161706.SZ,20180803,1.422,1.407,1.454,1.407,1.41,-0.012,-0.8439,1422.8,205.957
161713.SZ,20180803,1.024,1.025,1.025,1.025,1.025,0.001,0.0977,63.0,6.457
161715.SZ,20180803,0.86,0.898,0.898,0.854,0.854,-0.006,-0.6977,410.0,35.05
161716.SZ,20180803,1.156,1.162,1.162,1.162,1.162,0.006,0.519,4.0,0.464
161722.SZ,20180803,1.203,1.121,1.121,1.121,1.121,-0.082,-6.8163,1.0,0.112
161810.SZ,20180803,1.365,1.333,1.365,1.333,1.341,-0.024,-1.7582,494.0,66.19
161815.SZ,20180803,0.492,0.494,0.498,0.494,0.498,0.006,1.2195,1852.0,92.092
161831.SZ,20180803,0.976,0.971,0.975,0.97,0.97,-0.006,-0.6148,878.21,85.268
161834.SZ,20180803,0.721,0.717,0.722,0.715,0.721,0.0,0.0,2150.82,154.521
161903.SZ,20180803,0.72,0.718,0.725,0.718,0.725,0.005,0.6944,30.0,2.174
161907.SZ,20180803,1.516,1.521,1.522,1.516,1.516,0.0,0.0,179.38,27.229
161911.SZ,20180803,1.005,1.005,1.01,1.002,1.01,0.005,0.4975,19746.41,1986.2
162006.SZ,20180803,1.081,1.081,1.092,1.08,1.083,0.002,0.185,172.18,18.684
162108.SZ,20180803,1.148,1.149,1.149,1.149,1.149,0.001,0.0871,1.0,0.114
162207.SZ,20180803,1.198,1.177,1.186,1.176,1.177,-0.021,-1.7529,408.0,48.055
162215.SZ,20180803,0.965,0.964,0.964,0.964,0.964,-0.001,-0.1036,375.0,36.15
162307.SZ,20180803,1.149,1.133,1.133,1.115,1.119,-0.03,-2.611,9.0,1.007
162411.SZ,20180803,0.709,0.71,0.716,0.71,0.716,0.007,0.9873,164922.99,11775.89
162414.SZ,20180803,1.133,1.123,1.123,1.123,1.123,-0.01,-0.8826,1.0,0.112
162415.SZ,20180803,1.444,1.454,1.474,1.447,1.466,0.022,1.5235,16003.32,2341.892
162416.SZ,20180803,1.01,1.005,1.011,1.002,1.011,0.001,0.099,765.24,76.852
162510.SZ,20180803,0.864,0.855,0.864,0.855,0.862,-0.002,-0.2315,55.0,4.739
162605.SZ,20180803,1.26,1.258,1.264,1.226,1.229,-0.031,-2.4603,24981.0,3095.91
162607.SZ,20180803,0.46,0.46,0.469,0.45,0.454,-0.006,-1.3043,2834.0,128.998
162703.SZ,20180803,1.279,1.288,1.297,1.275,1.284,0.005,0.3909,1292.97,165.711
162711.SZ,20180803,1.078,1.094,1.094,1.084,1.085,0.007,0.6494,1884.06,204.588
162712.SZ,20180803,1.493,1.495,1.495,1.49,1.493,0.0,0.0,459.0,68.572
162718.SZ,20180803,0.955,0.95,0.952,0.95,0.952,-0.003,-0.3141,336.12,31.988
162719.SZ,20180803,1.212,1.247,1.247,1.228,1.228,0.016,1.3201,9.0,1.12
163001.SZ,20180803,0.913,0.931,0.931,0.913,0.913,0.0,0.0,423.0,38.835
163110.SZ,20180803,1.709,1.682,1.734,1.682,1.686,-0.023,-1.3458,310.0,52.355
163111.SZ,20180803,0.925,0.929,0.929,0.923,0.924,-0.001,-0.1081,1281.43,118.633
163119.SZ,20180803,0.797,0.779,0.779,0.779,0.779,-0.018,-2.2585,50.0,3.895
163208.SZ,20180803,0.996,0.982,0.988,0.982,0.988,-0.008,-0.8032,642.0,63.428
163210.SZ,20180803,1.087,1.087,1.089,1.084,1.089,0.002,0.184,6103.53,663.048
163302.SZ,20180803,1.138,1.131,1.135,1.113,1.117,-0.021,-1.8453,343.0,38.474
163402.SZ,20180803,0.838,0.838,0.844,0.833,0.834,-0.004,-0.4773,32759.07,2743.57
163407.SZ,20180803,1.642,1.655,1.655,1.626,1.626,-0.016,-0.9744,893.0,146.611
163409.SZ,20180803,1.326,1.327,1.327,1.327,1.327,0.001,0.0754,60.0,7.962
163412.SZ,20180803,2.929,2.929,2.929,2.89,2.898,-0.031,-1.0584,6263.0,1823.336
163415.SZ,20180803,1.494,1.493,1.502,1.464,1.464,-0.03,-2.008,3048.0,452.425
163417.SZ,20180803,0.826,0.825,0.828,0.82,0.82,-0.006,-0.7264,297098.77,24467.444
163503.SZ,20180803,0.431,0.431,0.443,0.431,0.433,0.002,0.464,524.55,22.691
163801.SZ,20180803,1.287,1.288,1.29,1.276,1.28,-0.007,-0.5439,810.0,103.82
163824.SZ,20180803,1.037,1.037,1.041,1.037,1.041,0.004,0.3857,1008.0,104.734
164105.SZ,20180803,1.264,1.27,1.27,1.27,1.27,0.006,0.4747,20.0,2.54
164206.SZ,20180803,1.095,1.096,1.096,1.096,1.096,0.001,0.0913,1.0,0.109
164208.SZ,20180803,1.189,1.191,1.191,1.191,1.191,0.002,0.1682,1.0,0.119
164210.SZ,20180803,1.038,1.039,1.039,1.039,1.039,0.001,0.0963,253.0,26.286
164403.SZ,20180803,1.02,1.019,1.02,1.019,1.02,0.0,0.0,2.0,0.203
164606.SZ,20180803,1.073,1.093,1.157,1.093,1.094,0.021,1.9571,1088.1,119.01
164701.SZ,20180803,0.589,0.588,0.588,0.553,0.553,-0.036,-6.1121,123.0,7.15
164702.SZ,20180803,1.021,1.021,1.021,1.02,1.021,0.0,0.0,120.0,12.251
164808.SZ,20180803,1.028,1.03,1.03,1.03,1.03,0.002,0.1946,282.0,29.046
164824.SZ,20180803,0.997,0.997,0.998,0.997,0.998,0.001,0.1003,5338.14,532.511
164906.SZ,20180803,1.396,1.39,1.404,1.39,1.397,0.001,0.0716,4064.0,568.434
165309.SZ,20180803,1.086,1.076,1.076,1.063,1.063,-0.023,-2.1179,37.0,3.962
165313.SZ,20180803,1.226,1.223,1.233,1.207,1.21,-0.016,-1.3051,905.0,109.307
165508.SZ,20180803,1.514,1.477,1.527,1.477,1.483,-0.031,-2.0476,11.0,1.649
165509.SZ,20180803,1.191,1.105,1.105,1.105,1.105,-0.086,-7.2208,5.0,0.552
165510.SZ,20180803,0.775,0.75,0.775,0.75,0.769,-0.006,-0.7742,888.2,67.721
165513.SZ,20180803,0.475,0.478,0.485,0.478,0.482,0.007,1.4737,7439.0,357.188
165525.SZ,20180803,0.873,0.867,0.868,0.847,0.85,-0.023,-2.6346,2643.32,226.0
165528.SZ,20180803,0.854,0.854,0.854,0.85,0.85,-0.004,-0.4684,1497.07,127.486
165807.SZ,20180803,1.157,1.041,1.041,1.041,1.041,-0.116,-10.0259,9.0,0.936
166001.SZ,20180803,0.984,0.977,0.984,0.973,0.973,-0.011,-1.1179,1291.0,126.142
166006.SZ,20180803,1.011,1.007,1.008,1.0,1.008,-0.003,-0.2967,244.0,24.524
166007.SZ,20180803,1.245,1.221,1.221,1.221,1.221,-0.024,-1.9277,14.0,1.709
166008.SZ,20180803,1.06,1.063,1.063,1.063,1.063,0.003,0.283,11.0,1.169
166009.SZ,20180803,1.507,1.496,1.496,1.496,1.496,-0.011,-0.7299,20.0,2.992
166011.SZ,20180803,1.113,1.111,1.111,1.11,1.11,-0.003,-0.2695,2.0,0.222
166012.SZ,20180803,1.08,1.079,1.079,1.079,1.079,-0.001,-0.0926,30.0,3.237
166016.SZ,20180803,1.122,1.128,1.128,1.128,1.128,0.006,0.5348,1.0,0.112
166023.SZ,20180803,0.836,0.836,0.836,0.836,0.836,0.0,0.0,1.0,0.083
166024.SZ,20180803,0.926,0.93,0.933,0.915,0.917,-0.009,-0.9719,16732.03,1541.075
166402.SZ,20180803,1.049,1.025,1.025,1.025,1.025,-0.024,-2.2879,1.0,0.102
166902.SZ,20180803,1.0,1.002,1.002,1.002,1.002,0.002,0.2,10.0,1.002
167001.SZ,20180803,0.666,0.67,0.67,0.664,0.664,-0.002,-0.3003,519.0,34.733
167002.SZ,20180803,0.871,0.832,0.859,0.832,0.859,-0.012,-1.3777,4.0,0.335
167003.SZ,20180803,0.999,1.006,1.006,1.006,1.006,0.007,0.7007,230.0,23.138
167501.SZ,20180803,1.173,1.18,1.18,1.18,1.18,0.007,0.5968,87.0,10.266
168002.SZ,20180803,0.942,0.942,0.942,0.942,0.942,0.0,0.0,10.0,0.942
168101.SZ,20180803,0.888,0.907,0.907,0.878,0.884,-0.004,-0.4505,9370.68,827.079
168102.SZ,20180803,0.761,0.751,0.759,0.751,0.755,-0.006,-0.7884,8638.03,652.326
168103.SZ,20180803,0.706,0.706,0.708,0.703,0.704,-0.002,-0.2833,19586.98,1380.867
168105.SZ,20180803,0.703,0.707,0.707,0.702,0.703,0.0,0.0,1972.0,138.921
168106.SZ,20180803,0.895,0.895,0.895,0.895,0.895,0.0,0.0,3.0,0.268
168301.SZ,20180803,0.88,0.882,0.883,0.882,0.883,0.003,0.3409,5290.2,466.844
168401.SZ,20180803,0.947,0.941,0.947,0.941,0.947,0.0,0.0,899.69,84.666
169101.SZ,20180803,1.385,1.38,1.387,1.355,1.356,-0.029,-2.0939,63314.77,8647.244
169102.SZ,20180803,1.279,1.27,1.271,1.258,1.269,-0.01,-0.7819,1602.0,202.739
169103.SZ,20180803,1.287,1.293,1.294,1.26,1.26,-0.027,-2.0979,2277.0,288.859
169104.SZ,20180803,1.285,1.285,1.285,1.26,1.26,-0.025,-1.9455,2063.0,260.954
169105.SZ,20180803,1.333,1.336,1.337,1.3,1.303,-0.03,-2.2506,75757.79,9938.491
169106.SZ,20180803,0.93,0.93,0.934,0.926,0.928,-0.002,-0.2151,3221.58,299.306
184801.SZ,20180803,89.692,89.81,90.173,89.7,90.165,0.473,0.5274,26.0,233.934
501000.SH,20180803,1.021,1.022,1.039,1.022,1.039,0.018,1.763,19.0,1.957
501001.SH,20180803,1.079,1.072,1.072,1.042,1.065,-0.014,-1.2975,1714.0,181.665
501002.SH,20180803,0.637,0.631,0.631,0.631,0.631,-0.006,-0.9419,44.0,2.776
501005.SH,20180803,0.878,0.875,0.875,0.854,0.854,-0.024,-2.7335,6346.0,545.903
501007.SH,20180803,0.934,0.925,1.023,0.91,1.009,0.075,8.03,251.0,23.18
501008.SH,20180803,0.95,0.915,0.915,0.915,0.915,-0.035,-3.6842,1.0,0.092
501009.SH,20180803,1.135,1.134,1.134,1.101,1.11,-0.025,-2.2026,708.28,78.642
501010.SH,20180803,1.116,1.09,1.09,1.09,1.09,-0.026,-2.3297,5.0,0.545
501011.SH,20180803,0.98,0.96,0.96,0.96,0.96,-0.02,-2.0408,27.0,2.592
501012.SH,20180803,0.994,0.937,0.977,0.937,0.941,-0.053,-5.332,86.0,8.359
501015.SH,20180803,0.835,0.831,0.833,0.821,0.821,-0.014,-1.6766,6127.27,506.185
501016.SH,20180803,0.738,0.758,0.758,0.724,0.73,-0.008,-1.084,764.07,56.068
501017.SH,20180803,0.817,0.815,0.817,0.815,0.817,0.0,0.0,148.52,12.124
501018.SH,20180803,1.224,1.233,1.243,1.233,1.241,0.017,1.3889,6344.51,786.343
501019.SH,20180803,0.671,0.67,0.67,0.661,0.666,-0.005,-0.7452,2072.19,137.493
501021.SH,20180803,1.411,1.42,1.42,1.39,1.397,-0.014,-0.9922,2146.3,301.306
501022.SH,20180803,0.753,0.753,0.753,0.753,0.753,0.0,0.0,127.0,9.563
501023.SH,20180803,1.143,1.123,1.123,1.123,1.123,-0.02,-1.7498,0.51,0.057
501025.SH,20180803,1.1,1.09,1.11,1.09,1.11,0.01,0.9091,11.0,1.207
501026.SH,20180803,0.766,0.752,0.774,0.752,0.774,0.008,1.0444,121.76,9.381
501027.SH,20180803,0.993,0.994,0.995,0.993,0.995,0.002,0.2014,2522.0,250.731
501028.SH,20180803,0.739,0.738,0.738,0.72,0.722,-0.017,-2.3004,1686.36,121.587
501029.SH,20180803,0.926,0.927,0.931,0.922,0.922,-0.004,-0.432,71735.67,6643.248
501030.SH,20180803,0.629,0.625,0.636,0.623,0.626,-0.003,-0.4769,634.0,39.773
501031.SH,20180803,0.63,0.625,0.625,0.625,0.625,-0.005,-0.7937,1.0,0.063
501035.SH,20180803,0.929,0.93,0.93,0.925,0.929,0.0,0.0,811.0,75.023
501036.SH,20180803,0.799,0.776,0.798,0.776,0.798,-0.001,-0.1252,376.0,29.989
501037.SH,20180803,0.796,0.792,0.792,0.775,0.781,-0.015,-1.8844,192.0,14.934
501038.SH,20180803,0.986,0.992,0.992,0.973,0.977,-0.009,-0.9128,4777.83,466.845
501039.SH,20180803,0.969,0.966,0.966,0.966,0.966,-0.003,-0.3096,20.0,1.932
501040.SH,20180803,0.969,0.968,0.97,0.965,0.97,0.001,0.1032,1484.39,143.455
501043.SH,20180803,0.937,0.932,0.943,0.932,0.943,0.006,0.6403,82.0,7.654
501045.SH,20180803,0.902,0.919,0.919,0.908,0.908,0.006,0.6652,94.0,8.617
501047.SH,20180803,0.787,0.739,0.747,0.739,0.747,-0.04,-5.0826,80.0,5.965
501049.SH,20180803,0.987,0.987,0.99,0.985,0.987,0.0,0.0,4773.42,471.25
501050.SH,20180803,1.116,1.119,1.122,1.105,1.105,-0.011,-0.9857,15594.0,1730.789
501051.SH,20180803,0.892,0.888,0.888,0.865,0.886,-0.006,-0.6726,563.0,49.191
501057.SH,20180803,0.94,0.965,0.965,0.865,0.94,0.0,0.0,75.93,7.042
501058.SH,20180803,0.92,0.908,0.908,0.901,0.901,-0.019,-2.0652,84.0,7.576
501059.SH,20180803,0.988,0.99,0.992,0.99,0.992,0.004,0.4049,703.41,69.641
501300.SH,20180803,0.97,0.973,0.982,0.973,0.98,0.01,1.0309,9058.72,885.975
501301.SH,20180803,1.121,1.121,1.134,1.12,1.126,0.005,0.446,921.0,103.784
501305.SH,20180803,0.926,0.935,0.935,0.922,0.922,-0.004,-0.432,136.0,12.565
502003.SH,20180803,0.697,0.697,0.701,0.684,0.7,0.003,0.4304,3892.33,268.931
502004.SH,20180803,0.935,0.938,0.939,0.935,0.939,0.004,0.4278,8359.09,784.349
502005.SH,20180803,0.462,0.429,0.48,0.429,0.45,-0.012,-2.5974,10957.02,487.711
502006.SH,20180803,0.918,0.918,0.918,0.905,0.905,-0.013,-1.4161,313.0,28.44
502007.SH,20180803,0.933,0.935,0.935,0.935,0.935,0.002,0.2144,12.0,1.122
502008.SH,20180803,0.929,0.923,0.924,0.855,0.855,-0.074,-7.9656,174.0,15.852
502010.SH,20180803,0.813,0.788,0.801,0.781,0.796,-0.017,-2.091,108.0,8.555
502011.SH,20180803,0.929,0.93,0.935,0.93,0.935,0.006,0.6459,2075.0,193.453
502012.SH,20180803,0.675,0.675,0.675,0.632,0.668,-0.007,-1.037,203.43,13.362
502013.SH,20180803,0.694,0.694,0.694,0.674,0.674,-0.02,-2.8818,3743.87,255.852
502014.SH,20180803,0.98,0.979,0.985,0.979,0.985,0.005,0.5102,19150.82,1879.27
502015.SH,20180803,0.398,0.425,0.425,0.368,0.38,-0.018,-4.5226,7345.0,279.842
502021.SH,20180803,0.976,0.976,0.976,0.976,0.976,0.0,0.0,113.0,11.029
502023.SH,20180803,0.909,0.914,0.95,0.914,0.95,0.041,4.5105,19.0,1.791
502025.SH,20180803,0.93,0.843,0.843,0.843,0.843,-0.087,-9.3548,3.0,0.253
502032.SH,20180803,0.523,0.471,0.522,0.471,0.522,-0.001,-0.1912,165.0,7.85
502038.SH,20180803,0.856,0.856,0.856,0.856,0.856,0.0,0.0,6.0,0.514
502048.SH,20180803,0.821,0.82,0.823,0.815,0.815,-0.006,-0.7308,10848.09,887.514
502049.SH,20180803,0.951,0.952,0.955,0.95,0.955,0.004,0.4206,19969.2,1901.08
502050.SH,20180803,0.691,0.689,0.697,0.67,0.675,-0.016,-2.3155,30250.0,2074.544
502053.SH,20180803,0.68,0.663,0.678,0.663,0.671,-0.009,-1.3235,1246.65,84.316
502054.SH,20180803,0.988,0.989,0.991,0.986,0.991,0.003,0.3036,28137.43,2782.702
502055.SH,20180803,0.406,0.4,0.413,0.365,0.367,-0.039,-9.6059,7550.0,278.72
502056.SH,20180803,1.021,1.096,1.096,0.99,0.991,-0.03,-2.9383,158.0,15.899
502058.SH,20180803,1.142,1.068,1.068,1.048,1.048,-0.094,-8.2312,230.0,24.452
505888.SH,20180803,0.963,0.963,0.968,0.961,0.968,0.005,0.5192,114350.0,11036.077
510010.SH,20180803,1.046,1.029,1.045,1.023,1.043,-0.003,-0.2868,150.0,15.425
510020.SH,20180803,2.639,2.51,2.566,2.51,2.512,-0.127,-4.8124,74.01,18.711
510030.SH,20180803,4.536,4.532,4.547,4.492,4.531,-0.005,-0.1102,113.7,51.405
510050.SH,20180803,2.484,2.484,2.499,2.456,2.457,-0.027,-1.087,4492235.12,1114037.048
510060.SH,20180803,1.664,1.666,1.671,1.655,1.655,-0.009,-0.5409,1190.0,197.94
510070.SH,20180803,1.577,1.486,1.486,1.486,1.486,-0.091,-5.7705,6.0,0.892
510090.SH,20180803,1.46,1.449,1.466,1.412,1.461,0.001,0.0685,20.0,2.886
510120.SH,20180803,2.837,2.723,2.723,2.723,2.723,-0.114,-4.0183,8.0,2.178
510130.SH,20180803,3.463,3.478,3.499,3.478,3.48,0.017,0.4909,5040.0,1753.915
510150.SH,20180803,4.698,4.731,4.731,4.59,4.59,-0.108,-2.2989,659.87,304.534
510160.SH,20180803,0.523,0.522,0.522,0.516,0.516,-0.007,-1.3384,1426.0,73.975
510170.SH,20180803,1.645,1.648,1.648,1.648,1.648,0.003,0.1824,1.0,0.165
510180.SH,20180803,2.997,2.995,3.007,2.96,2.961,-0.036,-1.2012,129525.0,38709.299
510190.SH,20180803,3.229,3.227,3.227,3.133,3.15,-0.079,-2.4466,238.0,75.147
510210.SH,20180803,3.272,3.319,3.321,3.319,3.32,0.048,1.467,232.0,77.025
510220.SH,20180803,3.743,3.63,3.724,3.63,3.718,-0.025,-0.6679,179.0,66.399
510230.SH,20180803,5.374,5.38,5.417,5.359,5.368,-0.006,-0.1116,9202.0,4971.941
510260.SH,20180803,1.06,1.06,1.06,1.06,1.06,0.0,0.0,100.0,10.6
510270.SH,20180803,1.048,1.045,1.045,0.98,1.01,-0.038,-3.626,1032.0,104.141
510280.SH,20180803,1.594,1.609,1.609,1.563,1.563,-0.031,-1.9448,11.0,1.741
510290.SH,20180803,1.352,1.348,1.357,1.341,1.341,-0.011,-0.8136,21202.0,2858.145
510300.SH,20180803,3.417,3.416,3.43,3.368,3.369,-0.048,-1.4047,1675735.65,570042.885
510310.SH,20180803,1.46,1.46,1.46,1.44,1.45,-0.01,-0.6849,37353.0,5416.668
510330.SH,20180803,3.71,3.709,3.712,3.65,3.651,-0.059,-1.5903,132205.0,48732.686
510360.SH,20180803,1.077,1.077,1.08,1.061,1.061,-0.016,-1.4856,87511.0,9388.57
510390.SH,20180803,3.418,3.418,3.424,3.37,3.37,-0.048,-1.4043,46402.7,15788.216
510410.SH,20180803,0.637,0.637,0.641,0.629,0.64,0.003,0.471,964.19,61.171
510440.SH,20180803,1.477,1.476,1.476,1.476,1.476,-0.001,-0.0677,6.0,0.886
510500.SH,20180803,5.286,5.283,5.319,5.234,5.235,-0.051,-0.9648,1617067.51,852363.879
510510.SH,20180803,1.404,1.408,1.408,1.386,1.386,-0.018,-1.2821,66070.0,9221.364
510520.SH,20180803,1.321,1.28,1.34,1.28,1.287,-0.034,-2.5738,9.0,1.158
510580.SH,20180803,5.081,5.003,5.065,5.002,5.065,-0.016,-0.3149,23.0,11.579
510590.SH,20180803,5.064,5.065,5.096,4.998,5.003,-0.061,-1.2046,19888.42,10010.518
510630.SH,20180803,2.257,2.218,2.224,2.178,2.178,-0.079,-3.5002,13989.0,3070.051
510650.SH,20180803,1.572,1.572,1.572,1.572,1.572,0.0,0.0,404.0,63.509
510660.SH,20180803,1.91,1.915,1.915,1.87,1.87,-0.04,-2.0942,3762.0,711.284
510710.SH,20180803,2.644,2.644,2.652,2.616,2.616,-0.028,-1.059,6133.0,1614.394
510800.SH,20180803,0.853,0.857,0.86,0.844,0.845,-0.008,-0.9379,17413.0,1478.801
510810.SH,20180803,0.848,0.836,0.848,0.836,0.84,-0.008,-0.9434,2719.0,228.601
510880.SH,20180803,2.679,2.682,2.697,2.665,2.666,-0.013,-0.4853,65740.0,17628.971
510900.SH,20180803,1.155,1.162,1.169,1.16,1.161,0.006,0.5195,9257220.0,1076792.995
511010.SH,20180803,113.797,113.8,114.1,113.8,113.893,0.096,0.0844,8844.0,100799.404
511220.SH,20180803,92.899,92.711,93.18,92.711,93.16,0.261,0.281,658.0,6124.351
511260.SH,20180803,103.2,102.845,103.3,102.845,103.3,0.1,0.0969,4.1,42.252
511280.SH,20180803,100.5,100.5,101.5,100.5,101.499,0.999,0.994,58.6,593.245
511290.SH,20180803,101.1,94.685,94.685,94.685,94.685,-6.415,-6.3452,0.1,0.947
511310.SH,20180803,103.62,103.519,103.519,103.42,103.42,-0.2,-0.193,31.1,321.943
511600.SH,20180803,100.002,100.005,100.017,100.005,100.017,0.015,0.015,1530.1,15302.715
511620.SH,20180803,99.994,99.94,99.994,99.94,99.99,-0.004,-0.004,11.06,110.59
511650.SH,20180803,100.003,100.0,100.021,100.0,100.02,0.017,0.017,4454.82,44554.206
511660.SH,20180803,100.012,100.02,100.03,100.018,100.028,0.016,0.016,101958.0,1019811.18
511670.SH,20180803,100.0,100.007,100.013,100.007,100.013,0.013,0.013,4719.22,47196.246
511690.SH,20180803,100.004,100.012,100.021,100.01,100.02,0.016,0.016,39597.62,396024.735
511700.SH,20180803,100.001,100.006,100.02,100.002,100.02,0.019,0.019,3293.72,32941.437
511770.SH,20180803,99.995,100.009,100.018,99.998,100.01,0.015,0.015,45.52,455.259
511800.SH,20180803,99.995,100.001,100.009,100.0,100.009,0.014,0.014,2039.62,20397.037
511810.SH,20180803,100.004,100.012,100.021,100.012,100.019,0.015,0.015,76611.13,766229.301
511820.SH,20180803,100.014,100.03,100.042,100.025,100.035,0.021,0.021,5931.42,59332.391
511830.SH,20180803,99.995,100.009,100.013,100.004,100.012,0.017,0.017,3619.39,36196.87
511850.SH,20180803,100.016,100.022,100.036,100.022,100.034,0.018,0.018,13504.55,135083.695
511860.SH,20180803,99.996,100.005,100.01,100.0,100.01,0.014,0.014,970.45,9704.868
511880.SH,20180803,102.46,102.478,102.49,102.475,102.489,0.029,0.0283,615872.29,6311564.205
511900.SH,20180803,100.016,100.02,100.025,100.015,100.024,0.008,0.008,4916.77,49177.318
511910.SH,20180803,99.978,100.009,100.009,100.0,100.006,0.028,0.028,21.16,211.61
511920.SH,20180803,100.0,99.995,100.029,99.995,100.011,0.011,0.011,74.06,740.692
511930.SH,20180803,99.975,99.967,99.967,99.967,99.967,-0.008,-0.008,0.01,0.1
511950.SH,20180803,99.996,99.978,99.978,99.978,99.978,-0.018,-0.018,0.1,1.0
511960.SH,20180803,99.998,100.0,100.013,100.0,100.004,0.006,0.006,9.14,91.406
511980.SH,20180803,99.999,100.001,100.01,100.0,100.009,0.01,0.01,162.81,1628.172
511990.SH,20180803,100.015,100.023,100.03,100.021,100.028,0.013,0.013,1012052.68,10123002.503
512000.SH,20180803,0.681,0.679,0.684,0.674,0.675,-0.006,-0.8811,206703.0,14045.677
512010.SH,20180803,1.804,1.8,1.809,1.746,1.747,-0.057,-3.1596,86969.0,15418.587
512070.SH,20180803,1.621,1.63,1.63,1.602,1.602,-0.019,-1.1721,1751.0,283.048
512090.SH,20180803,0.913,0.913,0.915,0.899,0.9,-0.013,-1.4239,1087798.0,98641.989
512100.SH,20180803,0.634,0.635,0.637,0.628,0.628,-0.006,-0.9464,13149.0,830.813
512120.SH,20180803,1.572,1.567,1.575,1.534,1.534,-0.038,-2.4173,15040.0,2350.782
512160.SH,20180803,0.915,0.915,0.917,0.901,0.902,-0.013,-1.4208,192661.0,17497.696
512180.SH,20180803,0.892,0.891,0.896,0.88,0.881,-0.011,-1.2332,1012935.0,89797.1
512200.SH,20180803,0.734,0.738,0.739,0.726,0.727,-0.007,-0.9537,9701.0,709.321
512220.SH,20180803,1.128,1.126,1.126,1.101,1.105,-0.023,-2.039,339.0,37.529
512280.SH,20180803,0.895,0.893,0.895,0.881,0.881,-0.014,-1.5642,217882.26,19307.39
512300.SH,20180803,1.092,1.106,1.106,1.075,1.075,-0.017,-1.5568,4530.59,492.049
512310.SH,20180803,0.466,0.466,0.467,0.462,0.462,-0.004,-0.8584,1172.0,54.467
512330.SH,20180803,0.683,0.684,0.69,0.666,0.666,-0.017,-2.489,45315.0,3060.021
512340.SH,20180803,0.787,0.785,0.79,0.784,0.79,0.003,0.3812,508.0,39.839
512360.SH,20180803,0.936,0.94,0.94,0.923,0.925,-0.011,-1.1752,45163.5,4193.258
512390.SH,20180803,0.906,0.912,0.912,0.9,0.9,-0.006,-0.6623,869.0,78.651
512400.SH,20180803,0.707,0.707,0.707,0.692,0.696,-0.011,-1.5559,14312.0,997.999
512500.SH,20180803,2.467,2.467,2.473,2.44,2.459,-0.008,-0.3243,74334.77,18252.179
512510.SH,20180803,1.054,1.058,1.058,1.041,1.041,-0.013,-1.2334,26290.0,2750.97
512520.SH,20180803,0.898,0.896,0.901,0.887,0.888,-0.01,-1.1136,103729.52,9255.843
512550.SH,20180803,0.959,0.96,0.961,0.947,0.947,-0.012,-1.2513,12349.0,1181.412
512560.SH,20180803,0.727,0.721,0.73,0.721,0.726,-0.001,-0.1376,2115.0,153.548
512570.SH,20180803,0.68,0.686,0.69,0.675,0.681,0.001,0.1471,1074.0,72.898
512580.SH,20180803,0.758,0.759,0.76,0.75,0.751,-0.007,-0.9235,84567.0,6371.062
512600.SH,20180803,2.179,2.109,2.16,2.101,2.106,-0.073,-3.3502,56.0,11.917
512610.SH,20180803,1.532,1.535,1.535,1.521,1.521,-0.011,-0.718,94.0,14.374
512660.SH,20180803,0.673,0.67,0.677,0.664,0.665,-0.008,-1.1887,263137.0,17638.652
512680.SH,20180803,0.658,0.658,0.664,0.651,0.652,-0.006,-0.9119,52977.0,3492.265
512700.SH,20180803,0.936,0.937,0.946,0.935,0.938,0.002,0.2137,2687.0,252.8
512780.SH,20180803,0.795,0.795,0.799,0.788,0.788,-0.007,-0.8805,3797.4,300.665
512800.SH,20180803,0.91,0.91,0.921,0.907,0.91,0.0,0.0,390488.28,35713.81
512810.SH,20180803,0.637,0.638,0.639,0.628,0.628,-0.009,-1.4129,18721.0,1186.082
512880.SH,20180803,0.714,0.713,0.719,0.707,0.708,-0.006,-0.8403,530849.34,37850.652
512900.SH,20180803,0.687,0.687,0.69,0.68,0.681,-0.006,-0.8734,12188.0,833.691
512980.SH,20180803,0.771,0.772,0.773,0.757,0.758,-0.013,-1.6861,56067.0,4280.089
512990.SH,20180803,0.991,0.99,0.993,0.981,0.983,-0.008,-0.8073,38614.29,3809.178
513030.SH,20180803,1.13,1.123,1.144,1.12,1.143,0.013,1.1504,14386.0,1634.372
513050.SH,20180803,1.451,1.437,1.448,1.433,1.444,-0.007,-0.4824,176568.0,25439.035
513100.SH,20180803,2.623,2.657,2.708,2.653,2.702,0.079,3.0118,169392.0,45335.876
513500.SH,20180803,1.773,1.79,1.807,1.785,1.804,0.031,1.7484,47233.0,8499.118
513600.SH,20180803,2.577,2.577,2.577,2.525,2.531,-0.046,-1.785,622.0,157.375
513660.SH,20180803,2.514,2.526,2.544,2.526,2.539,0.025,0.9944,2378.0,603.382
513900.SH,20180803,0.965,0.963,0.964,0.96,0.962,-0.003,-0.3109,8721.0,839.608
518800.SH,20180803,2.647,2.645,2.645,2.64,2.644,-0.003,-0.1133,223483.0,59069.658
518880.SH,20180803,2.664,2.661,2.665,2.659,2.663,-0.001,-0.0375,2648597.0,704899.112
