ts_code,trade_date,pre_close,open,high,low,close,change,pct_chg,vol,amount
150008.SZ,20181101,1.08,1.08,1.09,1.08,1.09,0.01,0.9259,2.85,0.309
150009.SZ,20181101,0.922,0.924,0.94,0.924,0.93,0.008,0.8677,4816.76,447.435
150012.SZ,20181101,1.073,1.072,1.074,1.072,1.074,0.001,0.0932,3264.76,350.374
150013.SZ,20181101,1.288,1.288,1.288,1.234,1.284,-0.004,-0.3106,203.0,25.902
150016.SZ,20181101,1.003,0.999,1.009,0.999,1.009,0.006,0.5982,751.0,75.26
150017.SZ,20181101,1.035,1.045,1.07,1.045,1.064,0.029,2.8019,2880.0,304.897
150018.SZ,20181101,0.987,0.986,0.989,0.986,0.988,0.001,0.1013,305576.78,30193.99
150019.SZ,20181101,0.501,0.513,0.535,0.512,0.515,0.014,2.7944,2985282.28,156496.11
150022.SZ,20181101,0.673,0.676,0.688,0.676,0.681,0.008,1.1887,388078.0,26500.433
150023.SZ,20181101,0.147,0.149,0.154,0.149,0.149,0.002,1.3605,1135219.57,17164.137
150028.SZ,20181101,0.984,0.98,0.983,0.98,0.982,-0.002,-0.2033,577.98,56.732
150029.SZ,20181101,0.866,0.869,0.883,0.869,0.875,0.009,1.0393,1846.2,161.725
150030.SZ,20181101,0.99,0.991,0.991,0.991,0.991,0.001,0.101,0.82,0.081
150031.SZ,20181101,0.721,0.717,0.79,0.717,0.719,-0.002,-0.2774,320.17,24.221
150047.SZ,20181101,1.009,1.007,1.007,1.007,1.007,-0.002,-0.1982,1520.0,153.064
150048.SZ,20181101,0.721,0.738,0.738,0.735,0.735,0.014,1.9417,151.0,11.098
150049.SZ,20181101,0.996,0.994,0.996,0.994,0.995,-0.001,-0.1004,4463.8,444.026
150050.SZ,20181101,0.363,0.327,0.357,0.327,0.35,-0.013,-3.5813,11602.46,394.619
150051.SZ,20181101,0.983,0.98,0.983,0.98,0.983,0.0,0.0,9618.25,945.439
150052.SZ,20181101,0.531,0.542,0.564,0.533,0.54,0.009,1.6949,32237.68,1769.181
150053.SZ,20181101,0.988,0.988,0.988,0.988,0.988,0.0,0.0,423.0,41.792
150054.SZ,20181101,0.861,0.775,0.775,0.775,0.775,-0.086,-9.9884,761.0,58.977
150060.SZ,20181101,0.86,0.86,0.86,0.86,0.86,0.0,0.0,263.0,22.618
150064.SZ,20181101,0.994,0.992,0.992,0.992,0.992,-0.002,-0.2012,382.0,37.894
150083.SZ,20181101,0.974,0.982,0.982,0.982,0.982,0.008,0.8214,250.05,24.554
150095.SZ,20181101,1.371,1.234,1.37,1.234,1.37,-0.001,-0.0729,2.0,0.26
150100.SZ,20181101,0.985,0.983,0.983,0.983,0.983,-0.002,-0.203,1.0,0.098
150101.SZ,20181101,0.899,0.905,0.938,0.905,0.92,0.021,2.3359,141.49,12.898
150106.SZ,20181101,1.012,1.011,1.014,1.01,1.012,0.0,0.0,31651.56,3204.705
150107.SZ,20181101,0.422,0.437,0.464,0.429,0.448,0.026,6.1611,90166.92,4085.682
150117.SZ,20181101,0.983,0.983,0.986,0.981,0.986,0.003,0.3052,31659.71,3113.31
150118.SZ,20181101,0.813,0.831,0.862,0.82,0.82,0.007,0.861,91831.81,7777.662
150123.SZ,20181101,1.034,1.033,1.036,1.033,1.035,0.001,0.0967,7708.25,797.26
150124.SZ,20181101,0.49,0.496,0.51,0.492,0.496,0.006,1.2245,11613.66,582.892
150130.SZ,20181101,1.016,1.017,1.019,1.014,1.016,0.0,0.0,261325.24,26552.374
150131.SZ,20181101,0.345,0.354,0.38,0.354,0.367,0.022,6.3768,1498731.17,55438.189
150138.SZ,20181101,0.98,1.002,1.002,1.002,1.002,0.022,2.2449,0.19,0.019
150143.SZ,20181101,0.993,0.992,0.995,0.992,0.995,0.002,0.2014,1501.0,148.899
150144.SZ,20181101,0.85,0.85,0.855,0.85,0.855,0.005,0.5882,135.0,11.492
150145.SZ,20181101,0.987,0.989,0.993,0.989,0.991,0.004,0.4053,2347.41,232.567
150146.SZ,20181101,0.504,0.542,0.543,0.49,0.513,0.009,1.7857,4145.14,204.92
150148.SZ,20181101,1.04,1.06,1.06,1.06,1.06,0.02,1.9231,87.0,9.222
150149.SZ,20181101,0.471,0.472,0.517,0.472,0.503,0.032,6.7941,28373.0,1408.844
150150.SZ,20181101,0.989,0.99,0.99,0.99,0.99,0.001,0.1011,2639.88,261.348
150151.SZ,20181101,0.637,0.637,0.701,0.615,0.658,0.021,3.2967,1648.28,108.332
150152.SZ,20181101,0.964,0.964,0.966,0.963,0.965,0.001,0.1037,1095198.06,105626.979
150153.SZ,20181101,0.787,0.805,0.825,0.793,0.794,0.007,0.8895,4454920.61,360300.697
150157.SZ,20181101,0.991,0.991,0.992,0.991,0.992,0.001,0.1009,945.0,93.65
150158.SZ,20181101,0.867,0.879,0.898,0.862,0.873,0.006,0.692,18349.0,1608.044
150167.SZ,20181101,1.018,0.989,1.018,0.989,1.018,0.0,0.0,516.0,51.502
150168.SZ,20181101,0.79,0.79,0.79,0.711,0.744,-0.046,-5.8228,378.0,26.936
150169.SZ,20181101,0.983,0.983,0.984,0.983,0.984,0.001,0.1017,1920.0,188.794
150170.SZ,20181101,1.216,1.239,1.25,1.22,1.238,0.022,1.8092,1110.0,137.596
150171.SZ,20181101,0.961,0.961,0.964,0.959,0.964,0.003,0.3122,110702.92,10654.614
150172.SZ,20181101,1.396,1.417,1.53,1.411,1.418,0.022,1.5759,462321.18,67558.09
150173.SZ,20181101,0.976,0.972,0.973,0.972,0.972,-0.004,-0.4098,447.0,43.448
150174.SZ,20181101,0.687,0.7,0.746,0.7,0.721,0.034,4.9491,1229.45,90.184
150175.SZ,20181101,0.989,0.989,0.991,0.988,0.99,0.001,0.1011,106931.35,10575.073
150176.SZ,20181101,0.913,0.92,0.944,0.92,0.931,0.018,1.9715,53215.0,4985.586
150178.SZ,20181101,1.03,1.04,1.131,1.024,1.057,0.027,2.6214,4773.46,521.566
150179.SZ,20181101,0.991,0.976,0.977,0.976,0.977,-0.014,-1.4127,139.58,13.626
150180.SZ,20181101,0.72,0.738,0.791,0.738,0.76,0.04,5.5556,1607.5,121.351
150181.SZ,20181101,0.957,0.957,0.959,0.955,0.958,0.001,0.1045,125964.28,12050.957
150182.SZ,20181101,1.006,1.016,1.07,1.016,1.033,0.027,2.6839,548275.18,56965.686
150184.SZ,20181101,0.965,0.966,0.971,0.966,0.971,0.006,0.6218,9.55,0.927
150185.SZ,20181101,0.808,0.811,0.834,0.801,0.814,0.006,0.7426,4537.79,374.19
150186.SZ,20181101,0.958,0.955,0.958,0.955,0.958,0.0,0.0,143.23,13.721
150187.SZ,20181101,0.813,0.811,0.848,0.811,0.844,0.031,3.813,843.18,70.461
150188.SZ,20181101,1.021,1.018,1.022,1.018,1.022,0.001,0.0979,806.0,82.052
150189.SZ,20181101,0.593,0.594,0.643,0.594,0.643,0.05,8.4317,137.24,8.385
150191.SZ,20181101,1.043,1.045,1.06,1.028,1.037,-0.006,-0.5753,315.84,33.298
150193.SZ,20181101,0.7,0.7,0.744,0.7,0.725,0.025,3.5714,3191.96,232.369
150194.SZ,20181101,0.988,0.989,0.989,0.988,0.988,0.0,0.0,83917.5,8299.187
150195.SZ,20181101,0.484,0.516,0.525,0.502,0.504,0.02,4.1322,91082.49,4678.939
150196.SZ,20181101,1.01,1.009,1.01,1.007,1.01,0.0,0.0,80071.75,8084.154
150197.SZ,20181101,0.474,0.48,0.496,0.468,0.476,0.002,0.4219,228952.9,11005.472
150198.SZ,20181101,1.089,1.1,1.1,1.095,1.095,0.006,0.551,206.0,22.591
150199.SZ,20181101,0.916,0.925,0.98,0.923,0.947,0.031,3.3843,41210.89,3902.163
150200.SZ,20181101,0.983,0.982,0.984,0.981,0.983,0.0,0.0,342356.07,33656.556
150201.SZ,20181101,0.72,0.74,0.792,0.735,0.745,0.025,3.4722,2690084.0,207381.329
150203.SZ,20181101,0.961,0.958,0.959,0.958,0.959,-0.002,-0.2081,77.58,7.432
150204.SZ,20181101,0.621,0.641,0.678,0.641,0.656,0.035,5.6361,1196.55,77.505
150205.SZ,20181101,0.998,0.998,1.0,0.998,0.999,0.001,0.1002,354477.75,35414.525
150206.SZ,20181101,0.407,0.411,0.439,0.408,0.417,0.01,2.457,964689.08,40646.3
150207.SZ,20181101,0.979,0.976,0.976,0.976,0.976,-0.003,-0.3064,547.0,53.387
150208.SZ,20181101,0.877,0.965,0.965,0.965,0.965,0.088,10.0342,1840.3,177.588
150209.SZ,20181101,0.991,0.992,0.992,0.991,0.991,0.0,0.0,15224.8,1509.832
150210.SZ,20181101,0.463,0.464,0.49,0.464,0.474,0.011,2.3758,90774.75,4365.907
150211.SZ,20181101,0.965,0.964,0.966,0.964,0.965,0.0,0.0,8373.37,807.981
150212.SZ,20181101,0.708,0.714,0.739,0.711,0.723,0.015,2.1186,32773.46,2373.795
150213.SZ,20181101,0.955,0.954,0.956,0.954,0.956,0.001,0.1047,169.05,16.161
150214.SZ,20181101,1.079,1.099,1.119,1.08,1.109,0.03,2.7804,597.28,65.655
150216.SZ,20181101,0.451,0.423,0.49,0.423,0.485,0.034,7.5388,7049.41,335.721
150217.SZ,20181101,0.963,0.96,0.961,0.96,0.961,-0.002,-0.2077,13.17,1.264
150218.SZ,20181101,0.718,0.714,0.73,0.714,0.725,0.007,0.9749,1346.8,96.858
150220.SZ,20181101,0.398,0.405,0.419,0.401,0.404,0.006,1.5075,26041.0,1071.338
150221.SZ,20181101,1.062,1.062,1.063,1.061,1.061,-0.001,-0.0942,11231.55,1192.713
150222.SZ,20181101,0.694,0.698,0.727,0.698,0.707,0.013,1.8732,100005.64,7118.64
150223.SZ,20181101,1.015,1.014,1.019,1.014,1.017,0.002,0.197,108697.53,11042.835
150224.SZ,20181101,1.308,1.323,1.438,1.32,1.332,0.024,1.8349,497652.11,68401.023
150225.SZ,20181101,1.026,0.982,0.995,0.982,0.995,-0.031,-3.0214,98.01,9.624
150226.SZ,20181101,0.906,0.975,0.975,0.92,0.92,0.014,1.5453,211.17,19.92
150228.SZ,20181101,0.819,0.822,0.837,0.806,0.813,-0.006,-0.7326,685934.01,56335.443
150232.SZ,20181101,0.43,0.447,0.473,0.441,0.442,0.012,2.7907,1975.0,90.985
150235.SZ,20181101,0.999,0.99,1.0,0.99,0.995,-0.004,-0.4004,200.0,19.9
150236.SZ,20181101,1.075,1.081,1.18,1.08,1.086,0.011,1.0233,15142.96,1705.567
150237.SZ,20181101,1.005,1.002,1.007,1.002,1.007,0.002,0.199,676.08,68.076
150238.SZ,20181101,0.432,0.432,0.432,0.432,0.432,0.0,0.0,150.0,6.48
150241.SZ,20181101,0.987,0.985,0.985,0.985,0.985,-0.002,-0.2026,26.0,2.561
150243.SZ,20181101,0.956,0.954,0.956,0.953,0.954,-0.002,-0.2092,13529.51,1291.842
150244.SZ,20181101,0.834,0.835,0.865,0.835,0.84,0.006,0.7194,39530.22,3381.738
150245.SZ,20181101,0.992,0.992,1.009,0.992,1.009,0.017,1.7137,551.13,55.03
150246.SZ,20181101,0.668,0.601,0.601,0.601,0.601,-0.067,-10.0299,174.0,10.457
150247.SZ,20181101,0.983,0.982,0.985,0.982,0.982,-0.001,-0.1017,6508.04,640.594
150248.SZ,20181101,0.633,0.639,0.678,0.635,0.661,0.028,4.4234,1507.25,98.664
150250.SZ,20181101,0.931,0.944,0.944,0.944,0.944,0.013,1.3963,2.0,0.188
150251.SZ,20181101,0.987,0.96,0.96,0.96,0.96,-0.027,-2.7356,0.32,0.03
150252.SZ,20181101,0.759,0.78,0.78,0.745,0.75,-0.009,-1.1858,2273.32,172.991
150257.SZ,20181101,0.965,0.962,0.966,0.962,0.966,0.001,0.1036,712.37,68.758
150258.SZ,20181101,0.689,0.757,0.757,0.663,0.73,0.041,5.9507,980.92,66.04
150259.SZ,20181101,0.963,0.963,0.963,0.96,0.96,-0.003,-0.3115,117.6,11.319
150260.SZ,20181101,0.607,0.642,0.644,0.64,0.644,0.037,6.0956,147.0,9.443
150261.SZ,20181101,1.009,1.009,1.011,1.009,1.011,0.002,0.1982,2108.55,213.143
150262.SZ,20181101,0.607,0.618,0.633,0.61,0.61,0.003,0.4942,3489.65,217.702
150264.SZ,20181101,0.391,0.42,0.42,0.395,0.396,0.005,1.2788,27.0,1.069
150265.SZ,20181101,1.012,1.012,1.013,1.012,1.013,0.001,0.0988,920.99,93.292
150266.SZ,20181101,0.759,0.731,0.787,0.731,0.775,0.016,2.108,1452.4,113.111
150267.SZ,20181101,1.02,1.031,1.031,1.031,1.031,0.011,1.0784,1.0,0.103
150269.SZ,20181101,0.984,0.984,0.985,0.984,0.985,0.001,0.1016,45679.12,4498.511
150270.SZ,20181101,0.683,0.703,0.75,0.69,0.725,0.042,6.1493,174285.74,12644.805
150272.SZ,20181101,0.967,0.87,0.87,0.87,0.87,-0.097,-10.031,87.0,7.569
150273.SZ,20181101,0.962,0.961,0.961,0.961,0.961,-0.001,-0.104,178.0,17.105
150274.SZ,20181101,1.084,0.976,1.147,0.976,1.143,0.059,5.4428,886.14,88.375
150275.SZ,20181101,0.963,0.963,0.963,0.962,0.962,-0.001,-0.1038,365.0,35.123
150276.SZ,20181101,0.95,0.934,0.968,0.932,0.96,0.01,1.0526,1154.57,111.296
150277.SZ,20181101,0.959,0.959,0.959,0.957,0.957,-0.002,-0.2086,15.26,1.463
150278.SZ,20181101,0.672,0.7,0.7,0.69,0.69,0.018,2.6786,923.9,64.225
150280.SZ,20181101,1.067,1.06,1.067,0.96,1.062,-0.005,-0.4686,229.48,24.18
150281.SZ,20181101,1.0,1.0,1.0,1.0,1.0,0.0,0.0,800.0,80.0
150282.SZ,20181101,0.577,0.6,0.6,0.6,0.6,0.023,3.9861,1.0,0.06
150283.SZ,20181101,0.964,0.963,0.964,0.963,0.964,0.0,0.0,1320.41,127.228
150284.SZ,20181101,0.534,0.539,0.583,0.531,0.552,0.018,3.3708,76.01,4.117
150287.SZ,20181101,1.013,1.013,1.014,1.012,1.013,0.0,0.0,34123.95,3456.067
150288.SZ,20181101,0.45,0.455,0.463,0.432,0.436,-0.014,-3.1111,186422.1,8364.944
150289.SZ,20181101,0.987,0.985,0.987,0.985,0.987,0.0,0.0,23228.0,2290.336
150290.SZ,20181101,0.824,0.833,0.837,0.815,0.816,-0.008,-0.9709,145187.53,12035.176
150291.SZ,20181101,1.012,0.914,1.013,0.914,1.013,0.001,0.0988,4574.0,454.273
150292.SZ,20181101,0.687,0.71,0.711,0.679,0.68,-0.007,-1.0189,729.0,49.967
150295.SZ,20181101,1.0,0.997,1.0,0.997,0.999,-0.001,-0.1,212.56,21.224
150296.SZ,20181101,0.661,0.595,0.628,0.595,0.614,-0.047,-7.1104,441.7,26.871
150299.SZ,20181101,1.011,1.011,1.012,1.01,1.012,0.001,0.0989,16826.0,1701.217
150300.SZ,20181101,0.659,0.661,0.669,0.65,0.654,-0.005,-0.7587,41901.94,2763.998
150301.SZ,20181101,0.968,0.968,0.968,0.968,0.968,0.0,0.0,350.0,33.88
150302.SZ,20181101,1.429,1.41,1.558,1.41,1.542,0.113,7.9076,766.46,111.938
150303.SZ,20181101,0.977,0.976,0.977,0.975,0.977,0.0,0.0,31787.98,3101.921
150304.SZ,20181101,0.732,0.74,0.775,0.74,0.744,0.012,1.6393,93965.09,7107.907
150306.SZ,20181101,0.905,0.995,0.995,0.87,0.905,0.0,0.0,227.0,22.079
150307.SZ,20181101,0.944,0.965,0.966,0.965,0.965,0.021,2.2246,2051.0,197.97
150308.SZ,20181101,0.871,0.882,0.937,0.882,0.937,0.066,7.5775,2521.25,236.2
150310.SZ,20181101,0.966,0.964,1.033,0.964,1.033,0.067,6.9358,3.0,0.303
150311.SZ,20181101,0.953,0.953,0.953,0.953,0.953,0.0,0.0,71.06,6.772
150312.SZ,20181101,0.818,0.9,0.9,0.882,0.9,0.082,10.0244,1850.48,164.521
150316.SZ,20181101,0.839,0.842,0.9,0.842,0.893,0.054,6.4362,738.0,63.848
150321.SZ,20181101,1.067,1.066,1.066,1.066,1.066,-0.001,-0.0937,303.0,32.299
150322.SZ,20181101,0.8,0.79,0.801,0.783,0.801,0.001,0.125,190.0,14.969
150325.SZ,20181101,0.966,0.966,0.966,0.965,0.965,-0.001,-0.1035,2076.0,200.368
150326.SZ,20181101,1.102,1.121,1.121,1.013,1.102,0.0,0.0,370.29,39.862
150327.SZ,20181101,1.011,1.011,1.011,1.011,1.011,0.0,0.0,9.0,0.909
150328.SZ,20181101,0.39,0.429,0.429,0.429,0.429,0.039,10.0,19.0,0.815
150329.SZ,20181101,0.984,0.983,0.985,0.983,0.985,0.001,0.1016,3346.0,329.152
150330.SZ,20181101,1.31,1.331,1.346,1.314,1.321,0.011,0.8397,14165.0,1895.423
150335.SZ,20181101,1.014,1.015,1.017,1.014,1.014,0.0,0.0,545.36,55.354
150336.SZ,20181101,0.473,0.449,0.494,0.449,0.49,0.017,3.5941,4060.06,191.055
150344.SZ,20181101,1.455,1.599,1.599,1.461,1.594,0.139,9.5533,201.45,30.07
159001.SZ,20181101,100.0,99.999,100.001,99.999,100.0,0.0,0.0,364871.44,3648714.292
159003.SZ,20181101,100.0,99.999,100.0,99.997,100.0,0.0,0.0,12191.05,121909.226
159005.SZ,20181101,100.0,99.999,100.001,99.999,100.001,0.001,0.001,75515.09,755150.469
159901.SZ,20181101,3.434,3.477,3.545,3.476,3.476,0.042,1.2231,215319.78,75604.149
159902.SZ,20181101,2.403,2.429,2.489,2.423,2.445,0.042,1.7478,182666.69,44934.711
159903.SZ,20181101,0.812,0.82,0.829,0.816,0.816,0.004,0.4926,27136.38,2233.179
159905.SZ,20181101,1.272,1.279,1.317,1.279,1.295,0.023,1.8082,28419.0,3699.549
159906.SZ,20181101,0.837,0.857,0.877,0.857,0.859,0.022,2.6284,286.0,24.78
159907.SZ,20181101,0.98,0.996,1.001,0.988,0.993,0.013,1.3265,3014.0,300.551
159908.SZ,20181101,1.274,1.162,1.324,1.154,1.324,0.05,3.9246,273.01,31.944
159909.SZ,20181101,3.334,3.369,3.443,3.369,3.406,0.072,2.1596,24.07,8.216
159910.SZ,20181101,1.379,1.398,1.413,1.392,1.395,0.016,1.1603,2965.0,416.709
159911.SZ,20181101,3.197,2.971,3.197,2.971,3.145,-0.052,-1.6265,327.0,102.619
159912.SZ,20181101,1.024,1.024,1.039,0.983,1.015,-0.009,-0.8789,15624.0,1571.178
159913.SZ,20181101,1.367,1.362,1.38,1.36,1.38,0.013,0.951,23.0,3.17
159915.SZ,20181101,1.216,1.231,1.253,1.227,1.227,0.011,0.9046,13943364.24,1727519.389
159916.SZ,20181101,2.969,2.995,3.018,2.957,3.005,0.036,1.2125,797.0,239.086
159918.SZ,20181101,1.144,1.152,1.168,1.151,1.165,0.021,1.8357,670.0,77.731
159919.SZ,20181101,3.488,3.511,3.563,3.506,3.514,0.026,0.7454,215082.68,76157.534
159920.SZ,20181101,1.343,1.357,1.38,1.357,1.368,0.025,1.8615,2624970.48,359303.886
159922.SZ,20181101,4.448,4.51,4.553,4.468,4.48,0.032,0.7194,18248.0,8216.199
159923.SZ,20181101,1.427,1.423,1.435,1.423,1.43,0.003,0.2102,467.0,66.818
159925.SZ,20181101,1.34,1.359,1.366,1.341,1.349,0.009,0.6716,725.96,98.06
159926.SZ,20181101,111.5,111.59,111.59,109.6,109.9,-1.6,-1.435,3.0,33.109
159928.SZ,20181101,1.698,1.717,1.767,1.714,1.734,0.036,2.1201,42095.0,7317.423
159929.SZ,20181101,1.303,1.309,1.336,1.307,1.312,0.009,0.6907,19022.0,2510.249
159930.SZ,20181101,0.739,0.739,0.745,0.732,0.738,-0.001,-0.1353,3508.0,259.314
159931.SZ,20181101,1.454,1.475,1.476,1.453,1.453,-0.001,-0.0688,1013.0,149.068
159932.SZ,20181101,1.177,1.177,1.199,1.163,1.166,-0.011,-0.9346,7379.0,874.248
159933.SZ,20181101,1.741,1.72,1.76,1.72,1.73,-0.011,-0.6318,12.0,2.07
159934.SZ,20181101,2.708,2.701,2.714,2.701,2.714,0.006,0.2216,128174.0,34683.931
159935.SZ,20181101,1.155,1.159,1.189,1.156,1.185,0.03,2.5974,1896.0,223.889
159936.SZ,20181101,1.083,1.083,1.11,1.078,1.078,-0.005,-0.4617,386.0,42.035
159937.SZ,20181101,2.726,2.722,2.731,2.722,2.73,0.004,0.1467,312427.0,85121.858
159938.SZ,20181101,1.096,1.1,1.121,1.097,1.103,0.007,0.6387,157008.0,17404.852
159939.SZ,20181101,0.746,0.76,0.775,0.756,0.76,0.014,1.8767,79671.0,6081.937
159940.SZ,20181101,0.841,0.835,0.859,0.832,0.846,0.005,0.5945,4270.0,362.135
159941.SZ,20181101,1.551,1.571,1.582,1.569,1.574,0.023,1.4829,10207.01,1611.266
159942.SZ,20181101,1.316,1.304,1.438,1.304,1.332,0.016,1.2158,11189.56,1497.651
159943.SZ,20181101,7.972,8.149,8.257,8.05,8.078,0.106,1.3297,359.01,292.153
159944.SZ,20181101,0.645,0.649,0.663,0.642,0.65,0.005,0.7752,1430.0,92.592
159945.SZ,20181101,0.66,0.675,0.675,0.655,0.658,-0.002,-0.303,506.0,33.434
159946.SZ,20181101,0.943,0.949,0.96,0.934,0.95,0.007,0.7423,184.0,17.538
159948.SZ,20181101,1.328,1.338,1.368,1.338,1.342,0.014,1.0542,44621.82,6041.301
159949.SZ,20181101,0.453,0.46,0.469,0.458,0.459,0.006,1.3245,24001562.9,1110666.782
159950.SZ,20181101,0.757,0.757,0.785,0.757,0.761,0.004,0.5284,2073.0,159.155
159951.SZ,20181101,0.666,0.642,0.681,0.641,0.67,0.004,0.6006,2131.01,140.281
159952.SZ,20181101,0.733,0.741,0.755,0.739,0.74,0.007,0.955,1120846.0,83704.532
159953.SZ,20181101,0.616,0.619,0.633,0.619,0.625,0.009,1.461,56.0,3.517
159954.SZ,20181101,0.923,0.932,0.943,0.932,0.937,0.014,1.5168,20734.07,1946.826
159955.SZ,20181101,0.688,0.698,0.71,0.697,0.698,0.01,1.4535,11983.0,841.511
159956.SZ,20181101,0.714,0.735,0.739,0.706,0.727,0.013,1.8207,9319.29,680.035
159957.SZ,20181101,0.747,0.758,0.766,0.756,0.756,0.009,1.2048,25426.0,1936.599
159958.SZ,20181101,0.736,0.746,0.758,0.743,0.745,0.009,1.2228,119141.0,8932.591
159960.SZ,20181101,0.942,0.941,0.961,0.941,0.954,0.012,1.2739,11248.0,1078.955
160105.SZ,20181101,0.813,0.818,0.819,0.818,0.818,0.005,0.615,16.0,1.309
160106.SZ,20181101,0.839,0.846,0.867,0.846,0.849,0.01,1.1919,2492.0,212.271
160119.SZ,20181101,1.091,1.092,1.108,1.092,1.092,0.001,0.0917,5419.34,596.437
160125.SZ,20181101,0.905,0.905,0.915,0.886,0.913,0.008,0.884,126.0,11.435
160128.SZ,20181101,0.998,0.999,0.999,0.999,0.999,0.001,0.1002,20.0,1.998
160130.SZ,20181101,0.941,0.939,0.939,0.939,0.939,-0.002,-0.2125,4.0,0.375
160131.SZ,20181101,1.035,1.039,1.039,1.038,1.038,0.003,0.2899,2013.0,209.032
160133.SZ,20181101,1.869,1.868,1.894,1.868,1.88,0.011,0.5886,1580.98,297.722
160140.SZ,20181101,1.039,1.035,1.037,1.028,1.031,-0.008,-0.77,210.0,21.731
160211.SZ,20181101,1.71,1.736,1.739,1.723,1.732,0.022,1.2865,346.0,60.027
160212.SZ,20181101,1.7,1.715,1.74,1.69,1.718,0.018,1.0588,5025.6,865.866
160215.SZ,20181101,1.144,1.146,1.165,1.146,1.16,0.016,1.3986,986.0,114.436
160216.SZ,20181101,0.57,0.57,0.57,0.563,0.567,-0.003,-0.5263,18222.18,1032.208
160220.SZ,20181101,1.209,1.11,1.11,1.11,1.11,-0.099,-8.1886,216.28,24.007
160223.SZ,20181101,0.617,0.618,0.628,0.618,0.62,0.003,0.4862,1930.29,120.464
160225.SZ,20181101,0.671,0.682,0.689,0.671,0.679,0.008,1.1923,2418.0,164.23
160311.SZ,20181101,1.296,1.329,1.329,1.3,1.309,0.013,1.0031,1403.17,184.83
160314.SZ,20181101,0.823,0.84,0.84,0.826,0.827,0.004,0.486,582.0,48.309
160322.SZ,20181101,0.963,0.965,0.965,0.965,0.965,0.002,0.2077,200.0,19.3
160324.SZ,20181101,0.765,0.777,0.785,0.776,0.778,0.013,1.6993,4734.0,368.042
160415.SZ,20181101,0.679,0.692,0.696,0.692,0.696,0.017,2.5037,9.0,0.623
160416.SZ,20181101,1.043,1.042,1.062,1.042,1.05,0.007,0.6711,2335.89,244.708
160421.SZ,20181101,0.777,0.792,0.808,0.789,0.789,0.012,1.5444,6894.62,545.943
160505.SZ,20181101,1.297,1.299,1.32,1.299,1.302,0.005,0.3855,28650.3,3754.355
160512.SZ,20181101,1.42,1.44,1.44,1.436,1.436,0.016,1.1268,29.0,4.171
160518.SZ,20181101,0.863,0.853,0.864,0.853,0.856,-0.007,-0.8111,2378.29,203.365
160519.SZ,20181101,0.761,0.765,0.765,0.755,0.755,-0.006,-0.7884,767.0,58.063
160520.SZ,20181101,0.911,0.912,0.912,0.912,0.912,0.001,0.1098,4.0,0.364
160522.SZ,20181101,0.843,0.843,0.843,0.839,0.839,-0.004,-0.4745,2.0,0.168
160607.SZ,20181101,0.571,0.576,0.585,0.576,0.579,0.008,1.4011,3787.83,220.351
160610.SZ,20181101,0.818,0.818,0.818,0.817,0.817,-0.001,-0.1222,126.0,10.304
160611.SZ,20181101,0.664,0.666,0.666,0.664,0.664,0.0,0.0,37.0,2.463
160613.SZ,20181101,1.055,1.056,1.066,1.056,1.066,0.011,1.0427,2.0,0.212
160615.SZ,20181101,1.307,1.316,1.336,1.316,1.327,0.02,1.5302,73.0,9.699
160616.SZ,20181101,0.939,0.946,0.966,0.94,0.943,0.004,0.426,451.0,43.026
160635.SZ,20181101,0.874,0.878,0.9,0.876,0.887,0.013,1.4874,5820.84,517.452
160706.SZ,20181101,0.912,0.918,0.927,0.913,0.917,0.005,0.5482,43214.49,3984.179
160716.SZ,20181101,1.448,1.447,1.477,1.445,1.45,0.002,0.1381,5038.4,735.762
160717.SZ,20181101,0.774,0.783,0.788,0.783,0.785,0.011,1.4212,3502.0,275.555
160719.SZ,20181101,0.689,0.684,0.692,0.684,0.692,0.003,0.4354,4401.0,303.545
160722.SZ,20181101,0.91,0.918,0.918,0.918,0.918,0.008,0.8791,1.0,0.091
160723.SZ,20181101,1.374,1.351,1.374,1.343,1.35,-0.024,-1.7467,15046.99,2025.822
160805.SZ,20181101,0.66,0.643,0.69,0.643,0.652,-0.008,-1.2121,51.0,3.362
160806.SZ,20181101,1.138,1.149,1.163,1.149,1.154,0.016,1.406,33.82,3.901
160807.SZ,20181101,1.066,1.083,1.083,1.083,1.083,0.017,1.5947,24.0,2.599
160812.SZ,20181101,1.269,1.248,1.269,1.242,1.269,0.0,0.0,1025.06,127.439
160813.SZ,20181101,0.66,0.662,0.669,0.662,0.669,0.009,1.3636,341.03,22.686
160910.SZ,20181101,0.853,0.874,0.874,0.874,0.874,0.021,2.4619,200.2,17.497
160916.SZ,20181101,2.366,2.386,2.396,2.385,2.387,0.021,0.8876,1116.0,266.89
160918.SZ,20181101,1.749,1.755,1.79,1.755,1.769,0.02,1.1435,1382.0,245.289
160919.SZ,20181101,0.925,0.939,0.939,0.93,0.93,0.005,0.5405,3407.0,317.87
160921.SZ,20181101,0.8,0.801,0.801,0.8,0.8,0.0,0.0,108.0,8.64
160922.SZ,20181101,0.95,0.96,0.964,0.953,0.955,0.005,0.5263,648.0,61.825
160924.SZ,20181101,0.999,0.913,0.913,0.913,0.913,-0.086,-8.6086,10.0,0.913
161005.SZ,20181101,1.547,1.548,1.588,1.547,1.571,0.024,1.5514,11280.74,1776.348
161010.SZ,20181101,1.001,0.998,1.001,0.998,1.001,0.0,0.0,5628.0,561.82
161014.SZ,20181101,1.114,1.114,1.114,1.114,1.114,0.0,0.0,490.0,54.586
161017.SZ,20181101,1.669,1.675,1.698,1.675,1.677,0.008,0.4793,5226.3,881.995
161033.SZ,20181101,0.689,0.703,0.71,0.698,0.708,0.019,2.7576,1832.2,129.325
161035.SZ,20181101,0.829,0.836,0.856,0.835,0.835,0.006,0.7238,492.0,41.604
161036.SZ,20181101,0.548,0.529,0.529,0.529,0.529,-0.019,-3.4672,3.0,0.158
161037.SZ,20181101,0.791,0.851,0.851,0.754,0.843,0.052,6.574,162.0,13.043
161039.SZ,20181101,0.858,0.906,0.908,0.859,0.859,0.001,0.1166,295.02,25.682
161116.SZ,20181101,0.703,0.705,0.705,0.7,0.705,0.002,0.2845,1310.0,92.257
161124.SZ,20181101,0.997,1.018,1.018,0.939,1.011,0.014,1.4042,19.0,1.885
161125.SZ,20181101,1.181,1.189,1.2,1.189,1.19,0.009,0.7621,2101.0,251.944
161126.SZ,20181101,1.204,1.209,1.21,1.209,1.21,0.006,0.4983,17.76,2.148
161127.SZ,20181101,1.202,1.191,1.213,1.191,1.202,0.0,0.0,1055.0,126.577
161128.SZ,20181101,1.359,1.372,1.38,1.372,1.375,0.016,1.1773,229.0,31.561
161129.SZ,20181101,1.325,1.288,1.303,1.288,1.296,-0.029,-2.1887,6984.83,904.921
161130.SZ,20181101,1.158,1.195,1.195,1.186,1.186,0.028,2.418,20.0,2.372
161213.SZ,20181101,1.193,1.213,1.25,1.213,1.25,0.057,4.7779,42.0,5.132
161217.SZ,20181101,0.606,0.606,0.61,0.606,0.606,0.0,0.0,53.0,3.215
161219.SZ,20181101,1.105,1.116,1.116,1.116,1.116,0.011,0.9955,2.0,0.223
161224.SZ,20181101,0.796,0.82,0.82,0.79,0.818,0.022,2.7638,140.02,11.093
161225.SZ,20181101,0.953,0.966,0.976,0.96,0.96,0.007,0.7345,797.0,76.539
161226.SZ,20181101,0.757,0.751,0.755,0.75,0.755,-0.002,-0.2642,11190.77,841.766
161227.SZ,20181101,0.742,0.751,0.756,0.742,0.749,0.007,0.9434,3049.2,229.345
161229.SZ,20181101,1.276,1.228,1.247,1.228,1.247,-0.029,-2.2727,2.0,0.247
161232.SZ,20181101,0.532,0.55,0.557,0.545,0.551,0.019,3.5714,3883.28,213.862
161607.SZ,20181101,1.01,1.015,1.036,1.015,1.033,0.023,2.2772,69.0,7.061
161610.SZ,20181101,0.833,0.833,0.849,0.833,0.835,0.002,0.2401,528.0,44.216
161631.SZ,20181101,0.724,0.769,0.795,0.769,0.782,0.058,8.011,126590.46,9889.393
161706.SZ,20181101,1.253,1.261,1.275,1.256,1.256,0.003,0.2394,846.0,107.756
161714.SZ,20181101,0.939,0.94,0.972,0.938,0.959,0.02,2.1299,2381.0,226.951
161715.SZ,20181101,0.75,0.744,0.758,0.744,0.749,-0.001,-0.1333,576.85,43.197
161716.SZ,20181101,1.19,1.182,1.182,1.181,1.181,-0.009,-0.7563,74.0,8.741
161727.SZ,20181101,1.024,0.95,0.954,0.922,0.922,-0.102,-9.9609,82.0,7.609
161810.SZ,20181101,1.076,1.061,1.083,1.061,1.083,0.007,0.6506,49.0,5.235
161815.SZ,20181101,0.508,0.503,0.514,0.503,0.512,0.004,0.7874,766.0,38.785
161820.SZ,20181101,1.117,1.098,1.116,1.098,1.114,-0.003,-0.2686,54.0,6.019
161831.SZ,20181101,0.945,0.955,0.989,0.955,0.96,0.015,1.5873,38.66,3.739
161834.SZ,20181101,0.694,0.695,0.699,0.694,0.697,0.003,0.4323,14714.0,1026.506
161835.SZ,20181101,1.041,1.041,1.041,1.039,1.041,0.0,0.0,13857.0,1441.562
161903.SZ,20181101,0.667,0.673,0.673,0.671,0.671,0.004,0.5997,122.0,8.191
161907.SZ,20181101,1.406,1.41,1.41,1.41,1.41,0.004,0.2845,20.0,2.82
161911.SZ,20181101,1.023,1.022,1.025,1.021,1.025,0.002,0.1955,11238.07,1150.286
162006.SZ,20181101,0.96,0.966,0.973,0.966,0.973,0.013,1.3542,149.74,14.483
162105.SZ,20181101,0.985,0.984,0.984,0.98,0.983,-0.002,-0.203,113.0,11.107
162207.SZ,20181101,1.041,1.046,1.047,1.046,1.047,0.006,0.5764,4.0,0.418
162307.SZ,20181101,1.116,1.126,1.133,1.126,1.127,0.011,0.9857,11.0,1.241
162411.SZ,20181101,0.613,0.62,0.622,0.617,0.617,0.004,0.6525,327025.74,20242.738
162414.SZ,20181101,1.116,1.116,1.116,1.116,1.116,0.0,0.0,4.0,0.446
162415.SZ,20181101,1.378,1.385,1.395,1.385,1.391,0.013,0.9434,4420.0,615.601
162510.SZ,20181101,0.706,0.728,0.728,0.728,0.728,0.022,3.1161,1.0,0.072
162605.SZ,20181101,1.045,1.047,1.082,1.047,1.066,0.021,2.0096,49598.04,5297.531
162607.SZ,20181101,0.391,0.391,0.396,0.391,0.393,0.002,0.5115,3200.0,126.025
162703.SZ,20181101,1.048,1.067,1.069,1.05,1.061,0.013,1.2405,2564.4,271.8
162711.SZ,20181101,0.935,0.949,0.954,0.949,0.949,0.014,1.4973,215.0,20.452
162712.SZ,20181101,1.505,1.505,1.508,1.505,1.508,0.003,0.1993,755.0,113.745
162718.SZ,20181101,0.928,0.926,0.926,0.923,0.923,-0.005,-0.5388,12.0,1.109
162719.SZ,20181101,1.069,1.071,1.086,1.071,1.083,0.014,1.3096,3862.0,417.085
163001.SZ,20181101,0.762,0.773,0.797,0.773,0.79,0.028,3.6745,27.0,2.126
163110.SZ,20181101,1.467,1.412,1.47,1.412,1.466,-0.001,-0.0682,117.0,17.141
163111.SZ,20181101,0.766,0.789,0.792,0.78,0.785,0.019,2.4804,631.83,49.695
163119.SZ,20181101,0.669,0.665,0.698,0.665,0.666,-0.003,-0.4484,108.0,7.191
163208.SZ,20181101,0.892,0.876,0.898,0.875,0.897,0.005,0.5605,4387.52,385.787
163210.SZ,20181101,1.119,1.117,1.119,1.117,1.118,-0.001,-0.0894,3752.0,419.448
163302.SZ,20181101,0.991,0.995,0.995,0.98,0.982,-0.009,-0.9082,111.0,10.969
163402.SZ,20181101,0.592,0.592,0.601,0.592,0.595,0.003,0.5068,70564.11,4211.873
163407.SZ,20181101,1.596,1.6,1.622,1.6,1.608,0.012,0.7519,2247.53,363.15
163409.SZ,20181101,1.226,1.226,1.266,1.226,1.266,0.04,3.2626,690.0,86.033
163412.SZ,20181101,2.791,2.8,2.848,2.8,2.821,0.03,1.0749,13285.58,3758.542
163415.SZ,20181101,1.302,1.306,1.326,1.306,1.31,0.008,0.6144,560.0,73.651
163417.SZ,20181101,0.79,0.792,0.801,0.792,0.796,0.006,0.7595,257014.1,20483.461
163503.SZ,20181101,0.383,0.38,0.383,0.378,0.379,-0.004,-1.0444,2060.76,78.28
163801.SZ,20181101,1.152,1.155,1.162,1.152,1.152,0.0,0.0,170.0,19.701
163821.SZ,20181101,1.126,1.126,1.126,1.126,1.126,0.0,0.0,22.0,2.477
163824.SZ,20181101,1.01,1.01,1.01,1.01,1.01,0.0,0.0,841.0,84.941
164206.SZ,20181101,1.101,1.115,1.115,1.102,1.113,0.012,1.0899,46.24,5.149
164208.SZ,20181101,1.195,1.205,1.205,1.205,1.205,0.01,0.8368,2.0,0.241
164210.SZ,20181101,1.048,1.094,1.094,1.089,1.09,0.042,4.0076,621.99,67.976
164403.SZ,20181101,0.916,0.916,0.926,0.916,0.926,0.01,1.0917,3.0,0.276
164509.SZ,20181101,1.03,0.93,0.93,0.93,0.93,-0.1,-9.7087,410.0,38.13
164701.SZ,20181101,0.593,0.593,0.594,0.59,0.594,0.001,0.1686,1395.0,82.504
164705.SZ,20181101,1.089,1.107,1.115,1.107,1.115,0.026,2.3875,561.0,62.117
164810.SZ,20181101,1.013,0.979,0.979,0.979,0.979,-0.034,-3.3564,498.0,48.754
164824.SZ,20181101,0.868,0.886,0.886,0.856,0.87,0.002,0.2304,281.0,24.589
164902.SZ,20181101,1.346,1.349,1.349,1.349,1.349,0.003,0.2229,2.0,0.269
164906.SZ,20181101,1.075,1.091,1.109,1.091,1.101,0.026,2.4186,5268.96,580.185
165309.SZ,20181101,1.012,1.017,1.019,1.017,1.019,0.007,0.6917,12.0,1.222
165313.SZ,20181101,1.116,1.126,1.149,1.122,1.126,0.01,0.8961,923.0,103.601
165510.SZ,20181101,0.715,0.724,0.787,0.692,0.722,0.007,0.979,4463.9,328.321
165513.SZ,20181101,0.48,0.479,0.479,0.472,0.478,-0.002,-0.4167,5363.0,254.941
165516.SZ,20181101,1.483,1.53,1.562,1.53,1.533,0.05,3.3715,49.0,7.637
165525.SZ,20181101,0.768,0.816,0.817,0.772,0.774,0.006,0.7813,2188.7,170.278
165528.SZ,20181101,0.768,0.779,0.779,0.769,0.769,0.001,0.1302,401.1,31.145
166001.SZ,20181101,0.866,0.879,0.882,0.876,0.876,0.01,1.1547,232.39,20.469
166006.SZ,20181101,0.907,0.912,0.923,0.912,0.916,0.009,0.9923,5437.0,499.125
166008.SZ,20181101,1.09,1.054,1.054,1.054,1.054,-0.036,-3.3028,2.0,0.21
166009.SZ,20181101,1.355,1.352,1.373,1.352,1.367,0.012,0.8856,38.0,5.155
166011.SZ,20181101,1.039,1.059,1.072,1.056,1.056,0.017,1.6362,212.0,22.58
166012.SZ,20181101,1.06,1.059,1.059,1.059,1.059,-0.001,-0.0943,70.1,7.423
166023.SZ,20181101,0.768,0.785,0.785,0.785,0.785,0.017,2.2135,1.0,0.078
166024.SZ,20181101,0.774,0.775,0.786,0.775,0.778,0.004,0.5168,42652.28,3321.821
166902.SZ,20181101,1.019,1.011,1.02,1.011,1.02,0.001,0.0981,3101.0,316.301
167001.SZ,20181101,0.61,0.612,0.614,0.61,0.61,0.0,0.0,599.0,36.73
167003.SZ,20181101,0.997,0.998,1.007,0.997,0.998,0.001,0.1003,920.0,91.767
167501.SZ,20181101,1.206,1.205,1.206,1.205,1.206,0.0,0.0,1088.0,131.157
168002.SZ,20181101,0.922,0.944,0.944,0.944,0.944,0.022,2.3861,5.0,0.472
168101.SZ,20181101,0.747,0.75,0.754,0.749,0.753,0.006,0.8032,15508.85,1164.355
168102.SZ,20181101,0.674,0.678,0.682,0.678,0.682,0.008,1.1869,8878.48,603.52
168103.SZ,20181101,0.634,0.637,0.642,0.634,0.638,0.004,0.6309,69844.0,4462.473
168105.SZ,20181101,0.645,0.651,0.651,0.646,0.646,0.001,0.155,3924.0,254.034
168106.SZ,20181101,0.862,0.859,0.868,0.803,0.868,0.006,0.6961,1002.0,86.214
168301.SZ,20181101,0.826,0.83,0.838,0.83,0.831,0.005,0.6053,411.0,34.141
168401.SZ,20181101,0.962,0.961,0.962,0.961,0.962,0.0,0.0,1500.0,144.288
169101.SZ,20181101,1.184,1.188,1.209,1.185,1.195,0.011,0.9291,35875.8,4302.03
169102.SZ,20181101,1.002,1.015,1.02,1.013,1.015,0.013,1.2974,1217.0,123.642
169103.SZ,20181101,1.112,1.12,1.135,1.111,1.113,0.001,0.0899,1640.81,183.546
169104.SZ,20181101,1.031,1.044,1.05,1.031,1.043,0.012,1.1639,1596.0,165.993
169105.SZ,20181101,1.116,1.118,1.144,1.118,1.126,0.01,0.8961,46710.06,5285.822
169106.SZ,20181101,0.92,0.921,0.922,0.92,0.921,0.001,0.1087,5326.5,490.651
184801.SZ,20181101,90.322,90.16,90.161,90.0,90.0,-0.322,-0.3565,65.0,585.156
501000.SH,20181101,0.941,0.932,0.932,0.932,0.932,-0.009,-0.9564,50.0,4.66
501001.SH,20181101,0.964,0.971,0.974,0.971,0.974,0.01,1.0373,1112.0,108.27
501002.SH,20181101,0.572,0.576,0.581,0.572,0.576,0.004,0.6993,168.0,9.712
501005.SH,20181101,0.702,0.709,0.722,0.708,0.71,0.008,1.1396,2928.71,209.577
501007.SH,20181101,0.775,0.775,0.788,0.775,0.788,0.013,1.6774,77.0,6.065
501008.SH,20181101,0.768,0.83,0.83,0.771,0.772,0.004,0.5208,95.0,7.69
501009.SH,20181101,0.919,0.928,0.929,0.92,0.92,0.001,0.1088,506.67,46.89
501010.SH,20181101,0.862,0.928,0.93,0.928,0.93,0.068,7.8886,21.0,1.951
501011.SH,20181101,0.763,0.755,0.77,0.755,0.768,0.005,0.6553,67.76,5.2
501015.SH,20181101,0.742,0.748,0.76,0.748,0.755,0.013,1.752,1794.86,135.629
501016.SH,20181101,0.766,0.771,0.807,0.77,0.77,0.004,0.5222,13195.56,1033.411
501017.SH,20181101,0.786,0.817,0.817,0.817,0.817,0.031,3.944,100.0,8.17
501018.SH,20181101,1.288,1.282,1.282,1.263,1.271,-0.017,-1.3199,24390.28,3092.341
501019.SH,20181101,0.609,0.613,0.627,0.613,0.616,0.007,1.1494,4455.16,276.037
501021.SH,20181101,1.196,1.209,1.237,1.208,1.226,0.03,2.5084,5831.0,713.01
501022.SH,20181101,0.763,0.762,0.764,0.762,0.762,-0.001,-0.1311,1486.68,113.382
501023.SH,20181101,1.01,1.024,1.035,1.013,1.013,0.003,0.297,57.7,5.9
501025.SH,20181101,1.031,1.06,1.06,1.05,1.056,0.025,2.4248,121.0,12.78
501026.SH,20181101,0.688,0.691,0.691,0.691,0.691,0.003,0.436,98.89,6.833
501028.SH,20181101,0.729,0.731,0.741,0.725,0.736,0.007,0.9602,28292.22,2090.317
501029.SH,20181101,0.853,0.859,0.863,0.853,0.855,0.002,0.2345,75440.58,6480.061
501030.SH,20181101,0.514,0.514,0.519,0.514,0.514,0.0,0.0,25.0,1.29
501035.SH,20181101,0.93,0.935,0.94,0.935,0.94,0.01,1.0753,4720.0,443.235
501036.SH,20181101,0.684,0.699,0.699,0.688,0.688,0.004,0.5848,106.0,7.294
501038.SH,20181101,0.87,0.876,0.887,0.873,0.88,0.01,1.1494,23711.0,2082.394
501039.SH,20181101,0.998,0.998,1.0,0.998,1.0,0.002,0.2004,1198.52,119.738
501040.SH,20181101,0.999,1.0,1.003,1.0,1.0,0.001,0.1001,5193.49,520.107
501043.SH,20181101,0.855,0.866,0.866,0.848,0.848,-0.007,-0.8187,813.65,69.505
501045.SH,20181101,0.867,0.878,0.878,0.878,0.878,0.011,1.2687,33.0,2.897
501046.SH,20181101,0.798,0.798,0.808,0.798,0.808,0.01,1.2531,681.0,54.413
501047.SH,20181101,0.755,0.762,0.762,0.749,0.751,-0.004,-0.5298,234.0,17.615
501048.SH,20181101,0.757,0.757,0.77,0.753,0.753,-0.004,-0.5284,576.07,43.595
501049.SH,20181101,0.804,0.815,0.818,0.81,0.812,0.008,0.995,5785.63,470.379
501050.SH,20181101,1.091,1.093,1.108,1.093,1.097,0.006,0.55,15134.62,1668.748
501051.SH,20181101,0.781,0.794,0.795,0.794,0.795,0.014,1.7926,65.0,5.165
501053.SH,20181101,0.916,0.919,0.919,0.919,0.919,0.003,0.3275,194.0,17.829
501054.SH,20181101,0.771,0.775,0.793,0.775,0.781,0.01,1.297,96435.43,7581.183
501057.SH,20181101,0.748,0.752,0.772,0.752,0.764,0.016,2.139,1396.23,106.177
501058.SH,20181101,0.765,0.765,0.799,0.747,0.789,0.024,3.1373,3556.93,270.454
501060.SH,20181101,0.964,0.975,0.981,0.97,0.971,0.007,0.7261,7988.0,778.188
501061.SH,20181101,0.956,0.974,0.98,0.971,0.971,0.015,1.569,313.0,30.495
501106.SH,20181101,1.046,1.051,1.06,1.047,1.047,0.001,0.0956,53.96,5.708
501300.SH,20181101,1.007,1.005,1.005,1.001,1.002,-0.005,-0.4965,19864.1,1992.861
501301.SH,20181101,1.083,1.109,1.109,1.089,1.096,0.013,1.2004,189.0,20.743
501303.SH,20181101,0.828,0.828,0.828,0.828,0.828,0.0,0.0,40.0,3.312
501305.SH,20181101,0.814,0.818,0.83,0.818,0.825,0.011,1.3514,321.67,26.69
501306.SH,20181101,0.83,0.85,0.85,0.85,0.85,0.02,2.4096,1.0,0.085
501307.SH,20181101,0.808,0.868,0.885,0.868,0.884,0.076,9.4059,13.0,1.142
502000.SH,20181101,0.743,0.757,0.757,0.752,0.752,0.009,1.2113,197.15,14.848
502001.SH,20181101,0.998,0.981,0.997,0.981,0.995,-0.003,-0.3006,6.49,0.646
502003.SH,20181101,1.007,1.007,1.035,1.007,1.025,0.018,1.7875,86811.07,8928.558
502004.SH,20181101,0.949,0.948,0.952,0.947,0.95,0.001,0.1054,6678.15,634.442
502005.SH,20181101,1.06,1.08,1.12,1.064,1.09,0.03,2.8302,9799.37,1080.359
502006.SH,20181101,0.827,0.83,0.838,0.83,0.831,0.004,0.4837,942.66,78.752
502007.SH,20181101,0.963,0.964,0.964,0.963,0.963,0.0,0.0,37.0,3.567
502008.SH,20181101,0.69,0.7,0.719,0.683,0.683,-0.007,-1.0145,462.17,32.502
502010.SH,20181101,0.821,0.825,0.866,0.823,0.825,0.004,0.4872,10392.6,877.723
502011.SH,20181101,0.96,0.959,0.961,0.959,0.961,0.001,0.1042,21460.0,2061.248
502012.SH,20181101,0.686,0.72,0.755,0.686,0.699,0.013,1.895,56837.82,4100.469
502013.SH,20181101,1.0,0.998,1.026,0.998,1.003,0.003,0.3,6559.61,661.581
502014.SH,20181101,0.958,0.957,0.958,0.956,0.957,-0.001,-0.1044,3234.0,309.509
502015.SH,20181101,1.036,1.036,1.068,1.036,1.057,0.021,2.027,3150.71,333.491
502020.SH,20181101,0.88,0.89,0.89,0.88,0.88,0.0,0.0,190.0,16.768
502024.SH,20181101,0.986,0.935,0.935,0.935,0.935,-0.051,-5.1724,1.0,0.094
502025.SH,20181101,0.644,0.608,0.659,0.608,0.659,0.015,2.3292,11.0,0.72
502048.SH,20181101,0.826,0.826,0.84,0.826,0.831,0.005,0.6053,23606.37,1968.43
502049.SH,20181101,0.982,0.981,0.983,0.981,0.982,0.0,0.0,49178.5,4828.931
502050.SH,20181101,0.673,0.679,0.701,0.673,0.678,0.005,0.7429,199029.61,13672.092
502053.SH,20181101,1.069,1.079,1.123,1.079,1.087,0.018,1.6838,850.46,93.968
502054.SH,20181101,0.961,0.962,0.962,0.959,0.961,0.0,0.0,1124.5,107.992
502055.SH,20181101,1.189,1.227,1.288,1.219,1.231,0.042,3.5324,1641.32,203.58
502056.SH,20181101,0.888,0.896,0.899,0.882,0.882,-0.006,-0.6757,1068.55,94.533
502057.SH,20181101,1.012,1.011,1.011,1.011,1.011,-0.001,-0.0988,1000.0,101.1
502058.SH,20181101,0.761,0.779,0.798,0.779,0.78,0.019,2.4967,117.31,9.149
505888.SH,20181101,0.842,0.842,0.859,0.842,0.857,0.015,1.7815,1063027.77,90546.428
510010.SH,20181101,1.017,1.016,1.024,1.004,1.004,-0.013,-1.2783,1510.0,153.266
510020.SH,20181101,2.62,2.498,2.618,2.479,2.615,-0.005,-0.1908,765.44,195.937
510030.SH,20181101,4.719,4.744,4.838,4.744,4.749,0.03,0.6357,444.13,212.143
510050.SH,20181101,2.496,2.52,2.548,2.502,2.507,0.011,0.4407,10972874.85,2772464.245
510060.SH,20181101,1.714,1.69,1.729,1.69,1.72,0.006,0.3501,1800.0,304.894
510070.SH,20181101,1.377,1.38,1.473,1.38,1.46,0.083,6.0276,136.0,18.918
510090.SH,20181101,1.461,1.475,1.475,1.475,1.475,0.014,0.9582,1.0,0.148
510110.SH,20181101,3.189,3.224,3.224,3.216,3.216,0.027,0.8467,46.0,14.81
510120.SH,20181101,2.41,2.41,2.439,2.41,2.439,0.029,1.2033,81.0,19.753
510130.SH,20181101,3.12,3.25,3.25,3.247,3.247,0.127,4.0705,13.0,4.223
510150.SH,20181101,3.818,3.81,3.988,3.81,3.895,0.077,2.0168,3184.0,1253.892
510160.SH,20181101,0.495,0.495,0.503,0.495,0.498,0.003,0.6061,4451.0,222.488
510170.SH,20181101,1.564,1.579,1.579,1.579,1.579,0.015,0.9591,8.0,1.263
510180.SH,20181101,2.904,2.925,2.965,2.914,2.916,0.012,0.4132,353361.5,103859.457
510190.SH,20181101,2.759,2.804,2.808,2.799,2.8,0.041,1.486,1236.4,346.319
510210.SH,20181101,3.179,3.125,3.18,3.125,3.171,-0.008,-0.2517,263.0,82.75
510220.SH,20181101,3.269,3.295,3.399,3.262,3.3,0.031,0.9483,258.0,85.04
510230.SH,20181101,5.739,5.818,6.313,5.726,5.743,0.004,0.0697,97531.0,57316.795
510260.SH,20181101,0.941,0.945,0.956,0.943,0.953,0.012,1.2752,849.0,80.843
510270.SH,20181101,0.959,0.965,0.999,0.965,0.98,0.021,2.1898,255.0,25.232
510280.SH,20181101,1.536,1.549,1.559,1.532,1.532,-0.004,-0.2604,653.0,100.902
510290.SH,20181101,1.156,1.166,1.173,1.162,1.163,0.007,0.6055,561.0,65.484
510300.SH,20181101,3.205,3.241,3.28,3.222,3.228,0.023,0.7176,5178410.18,1684628.651
510310.SH,20181101,1.365,1.37,1.394,1.37,1.375,0.01,0.7326,74242.0,10284.247
510330.SH,20181101,3.469,3.495,3.549,3.49,3.496,0.027,0.7783,408086.19,143919.441
510360.SH,20181101,1.014,1.016,1.038,1.016,1.02,0.006,0.5917,101985.0,10477.114
510380.SH,20181101,0.837,0.806,0.82,0.804,0.805,-0.032,-3.8232,546.0,44.068
510390.SH,20181101,3.208,3.238,3.27,3.222,3.232,0.024,0.7481,57169.32,18615.278
510410.SH,20181101,0.61,0.606,0.627,0.602,0.625,0.015,2.459,17806.09,1089.541
510430.SH,20181101,1.32,1.31,1.31,1.31,1.31,-0.01,-0.7576,66.0,8.646
510440.SH,20181101,1.3,1.3,1.33,1.269,1.269,-0.031,-2.3846,41.0,5.347
510500.SH,20181101,4.549,4.595,4.664,4.577,4.581,0.032,0.7035,3468342.02,1601492.728
510510.SH,20181101,1.206,1.21,1.233,1.21,1.214,0.008,0.6633,76980.0,9388.102
510520.SH,20181101,1.198,1.278,1.278,1.121,1.257,0.059,4.9249,37.0,4.318
510580.SH,20181101,4.235,4.214,4.3,4.2,4.23,-0.005,-0.1181,592.0,250.972
510590.SH,20181101,4.35,4.399,4.445,4.365,4.366,0.016,0.3678,75373.67,33196.478
510600.SH,20181101,2.448,2.455,2.518,2.449,2.454,0.006,0.2451,8967.92,2220.693
510630.SH,20181101,1.819,1.825,1.877,1.821,1.833,0.014,0.7697,3827.0,709.675
510650.SH,20181101,1.677,1.69,1.715,1.68,1.68,0.003,0.1789,121860.0,20765.165
510660.SH,20181101,1.566,1.571,1.608,1.571,1.58,0.014,0.894,11716.0,1870.575
510680.SH,20181101,2.021,2.102,2.102,2.03,2.03,0.009,0.4453,360.0,73.81
510710.SH,20181101,2.656,2.656,2.711,2.656,2.67,0.014,0.5271,16415.0,4416.654
510800.SH,20181101,0.859,0.86,0.876,0.86,0.863,0.004,0.4657,43438.0,3768.899
510810.SH,20181101,0.78,0.783,0.792,0.776,0.79,0.01,1.2821,9015.0,710.924
510880.SH,20181101,2.616,2.621,2.64,2.61,2.613,-0.003,-0.1147,89812.63,23616.97
510900.SH,20181101,1.12,1.132,1.144,1.131,1.134,0.014,1.25,9823950.0,1118625.079
511010.SH,20181101,114.305,114.306,114.394,114.305,114.39,0.085,0.0744,21399.0,244759.101
511220.SH,20181101,93.478,93.398,93.485,93.398,93.41,-0.068,-0.0727,373.0,3485.183
511260.SH,20181101,103.402,103.471,103.7,103.47,103.471,0.069,0.0667,733.0,7584.563
511280.SH,20181101,99.964,99.964,101.8,99.964,100.5,0.536,0.5362,17.0,170.74
511600.SH,20181101,100.001,99.999,99.999,99.992,99.997,-0.004,-0.004,1874.11,18740.216
511620.SH,20181101,99.96,102.8,102.8,99.915,99.961,0.001,0.001,5.02,50.471
511650.SH,20181101,99.996,99.987,99.996,99.987,99.995,-0.001,-0.001,2767.27,27671.008
511660.SH,20181101,100.008,99.998,100.004,99.993,100.002,-0.006,-0.006,108480.0,1084783.199
511670.SH,20181101,99.997,99.994,100.003,99.992,100.001,0.004,0.004,57894.03,578905.601
511690.SH,20181101,99.997,99.992,100.006,99.986,100.0,0.003,0.003,35791.85,357892.417
511700.SH,20181101,99.994,99.995,100.01,99.991,100.004,0.01,0.01,1210.57,12105.456
511770.SH,20181101,99.991,99.96,99.991,99.96,99.991,0.0,0.0,34.84,348.338
511800.SH,20181101,99.995,99.991,99.996,99.989,99.995,0.0,0.0,1183.52,11834.372
511810.SH,20181101,99.999,99.995,100.003,99.9,100.001,0.002,0.002,93614.93,936048.874
511820.SH,20181101,99.997,99.993,99.997,99.98,99.997,0.0,0.0,1540.19,15400.481
511830.SH,20181101,100.001,99.992,100.005,99.992,100.004,0.003,0.003,209.94,2099.379
511850.SH,20181101,100.012,100.01,100.01,99.999,100.005,-0.007,-0.007,20148.73,201493.86
511860.SH,20181101,99.993,99.994,99.998,99.989,99.996,0.003,0.003,474.67,4746.411
511880.SH,20181101,103.167,103.166,103.171,103.16,103.163,-0.004,-0.0039,768635.29,7929610.508
511900.SH,20181101,100.005,99.995,100.005,99.995,100.003,-0.002,-0.002,6513.58,65135.128
511910.SH,20181101,99.993,99.942,99.99,99.942,99.988,-0.005,-0.005,159.12,1590.741
511920.SH,20181101,99.995,99.984,100.004,99.984,99.991,-0.004,-0.004,6.01,60.094
511930.SH,20181101,99.984,99.97,99.97,99.97,99.97,-0.014,-0.014,0.01,0.1
511960.SH,20181101,100.024,99.99,99.991,99.99,99.991,-0.033,-0.033,47.55,475.454
511980.SH,20181101,99.995,99.99,99.994,99.987,99.992,-0.003,-0.003,2913.94,29136.624
511990.SH,20181101,100.008,100.0,100.002,99.988,99.995,-0.013,-0.013,1361724.48,13616423.406
512000.SH,20181101,0.715,0.721,0.764,0.721,0.723,0.008,1.1189,1594012.05,118034.323
512010.SH,20181101,1.48,1.492,1.519,1.487,1.491,0.011,0.7432,138521.0,20853.311
512070.SH,20181101,1.719,1.737,1.798,1.737,1.752,0.033,1.9197,19882.0,3520.059
512090.SH,20181101,0.858,0.864,0.877,0.863,0.864,0.006,0.6993,1437177.0,125054.701
512100.SH,20181101,0.526,0.529,0.538,0.525,0.53,0.004,0.7605,58109.0,3090.848
512120.SH,20181101,1.295,1.306,1.328,1.301,1.304,0.009,0.695,9790.0,1293.013
512160.SH,20181101,0.858,0.859,0.877,0.859,0.864,0.006,0.6993,672118.0,58585.797
512180.SH,20181101,0.842,0.843,0.859,0.843,0.847,0.005,0.5938,1071181.0,91469.639
512200.SH,20181101,0.714,0.722,0.731,0.717,0.719,0.005,0.7003,9553.0,691.738
512220.SH,20181101,0.984,1.011,1.011,1.011,1.011,0.027,2.7439,6.0,0.607
512280.SH,20181101,0.841,0.841,0.858,0.841,0.848,0.007,0.8323,601131.0,51287.186
512300.SH,20181101,0.918,0.92,0.939,0.92,0.923,0.005,0.5447,9835.0,912.232
512310.SH,20181101,0.411,0.412,0.418,0.411,0.411,0.0,0.0,6499.0,269.217
512330.SH,20181101,0.574,0.584,0.599,0.581,0.583,0.009,1.5679,29651.0,1739.437
512340.SH,20181101,0.67,0.673,0.678,0.669,0.669,-0.001,-0.1493,3531.0,237.885
512360.SH,20181101,0.874,0.88,0.89,0.877,0.881,0.007,0.8009,29221.0,2585.229
512390.SH,20181101,0.845,0.853,0.86,0.851,0.852,0.007,0.8284,59556.0,5089.897
512400.SH,20181101,0.602,0.606,0.61,0.592,0.603,0.001,0.1661,34972.0,2103.074
512500.SH,20181101,2.116,2.132,2.168,2.13,2.133,0.017,0.8034,460031.0,98761.301
512510.SH,20181101,0.905,0.909,0.925,0.909,0.91,0.005,0.5525,110453.0,10120.236
512520.SH,20181101,0.843,0.845,0.862,0.845,0.849,0.006,0.7117,124351.05,10648.736
512550.SH,20181101,0.95,0.96,0.97,0.954,0.96,0.01,1.0526,20548.0,1975.498
512560.SH,20181101,0.687,0.687,0.699,0.687,0.694,0.007,1.0189,1366.0,95.299
512570.SH,20181101,0.707,0.719,0.749,0.702,0.711,0.004,0.5658,3827.0,277.05
512580.SH,20181101,0.638,0.642,0.651,0.641,0.641,0.003,0.4702,105550.0,6817.386
512600.SH,20181101,1.847,1.775,1.775,1.707,1.759,-0.088,-4.7645,527.0,91.419
512610.SH,20181101,1.236,1.238,1.3,1.238,1.28,0.044,3.5599,66.0,8.46
512640.SH,20181101,1.671,1.688,1.688,1.687,1.687,0.016,0.9575,12.0,2.025
512660.SH,20181101,0.634,0.636,0.653,0.636,0.642,0.008,1.2618,515575.0,33193.881
512680.SH,20181101,0.621,0.625,0.64,0.625,0.63,0.009,1.4493,66081.93,4184.372
512700.SH,20181101,1.011,1.013,1.019,1.002,1.005,-0.006,-0.5935,6826.0,689.829
512770.SH,20181101,0.842,0.842,0.872,0.842,0.859,0.017,2.019,4037.0,347.31
512780.SH,20181101,0.679,0.689,0.692,0.681,0.682,0.003,0.4418,10143.0,696.895
512800.SH,20181101,0.979,0.983,1.01,0.97,0.974,-0.005,-0.5107,760820.71,74390.557
512810.SH,20181101,0.601,0.603,0.617,0.603,0.61,0.009,1.4975,20107.0,1231.613
512860.SH,20181101,1.001,1.001,1.02,1.001,1.005,0.004,0.3996,455038.1,46184.741
512880.SH,20181101,0.752,0.758,0.799,0.756,0.759,0.007,0.9309,3355664.72,260738.534
512900.SH,20181101,0.722,0.723,0.768,0.723,0.728,0.006,0.831,107883.0,8054.703
512980.SH,20181101,0.647,0.651,0.67,0.651,0.657,0.01,1.5456,83835.0,5527.243
512990.SH,20181101,0.927,0.931,0.945,0.931,0.932,0.005,0.5394,111744.0,10497.235
513030.SH,20181101,1.009,1.011,1.02,1.011,1.014,0.005,0.4955,15747.0,1597.989
513050.SH,20181101,1.094,1.116,1.137,1.115,1.12,0.026,2.3766,576798.48,64926.533
513100.SH,20181101,2.486,2.528,2.535,2.513,2.514,0.028,1.1263,150497.0,38034.532
513500.SH,20181101,1.735,1.754,1.758,1.744,1.745,0.01,0.5764,83321.0,14608.54
513600.SH,20181101,2.322,2.329,2.37,2.322,2.365,0.043,1.8519,3518.0,823.965
513660.SH,20181101,2.314,2.353,2.384,2.353,2.374,0.06,2.5929,4082.0,963.276
513900.SH,20181101,0.867,0.887,0.898,0.887,0.893,0.026,2.9988,1536.0,136.666
518800.SH,20181101,2.706,2.693,2.709,2.693,2.709,0.003,0.1109,300023.01,81025.985
518880.SH,20181101,2.724,2.722,2.731,2.72,2.73,0.006,0.2203,5006173.0,1363595.375
