ts_code,trade_date,pre_close,open,high,low,close,change,pct_chg,vol,amount
501000.SH,20181018,0.999,0.984,0.984,0.984,0.984,-0.015,-1.5015,1.0,0.098
501001.SH,20181018,0.96,0.988,1.016,0.969,0.97,0.01,1.0417,1027.0,104.205
501002.SH,20181018,0.556,0.552,0.552,0.547,0.552,-0.004,-0.7194,12.0,0.662
501005.SH,20181018,0.7,0.692,0.692,0.675,0.676,-0.024,-3.4286,1493.0,101.819
501007.SH,20181018,0.746,0.8,0.8,0.785,0.788,0.042,5.63,65.0,5.128
501008.SH,20181018,0.768,0.761,0.761,0.761,0.761,-0.007,-0.9115,2.0,0.152
501009.SH,20181018,0.942,0.93,0.93,0.9,0.9,-0.042,-4.4586,288.95,26.248
501010.SH,20181018,0.91,0.889,0.936,0.889,0.889,-0.021,-2.3077,259.1,23.14
501011.SH,20181018,0.846,0.772,0.886,0.761,0.847,0.001,0.1182,398.13,30.907
501012.SH,20181018,0.787,0.75,0.769,0.744,0.769,-0.018,-2.2872,20.0,1.515
501015.SH,20181018,0.75,0.735,0.743,0.735,0.735,-0.015,-2.0,1968.39,144.987
501016.SH,20181018,0.665,0.665,0.665,0.648,0.654,-0.011,-1.6541,2436.0,160.164
501018.SH,20181018,1.359,1.34,1.34,1.317,1.318,-0.041,-3.0169,27626.76,3658.237
501019.SH,20181018,0.61,0.601,0.61,0.59,0.59,-0.02,-3.2787,1498.0,89.743
501021.SH,20181018,1.217,1.212,1.216,1.204,1.204,-0.013,-1.0682,6546.0,792.159
501022.SH,20181018,0.753,0.744,0.747,0.744,0.744,-0.009,-1.1952,3286.54,244.919
501023.SH,20181018,1.038,1.012,1.037,1.012,1.037,-0.001,-0.0963,63.5,6.461
501025.SH,20181018,1.039,1.025,1.025,1.025,1.025,-0.014,-1.3474,8.0,0.82
501026.SH,20181018,0.68,0.671,0.671,0.671,0.671,-0.009,-1.3235,353.0,23.686
501028.SH,20181018,0.666,0.666,0.666,0.657,0.658,-0.008,-1.2012,3690.53,243.093
501029.SH,20181018,0.83,0.832,0.832,0.812,0.814,-0.016,-1.9277,128576.1,10506.601
501030.SH,20181018,0.49,0.482,0.487,0.475,0.484,-0.006,-1.2245,143.0,6.825
501031.SH,20181018,0.485,0.487,0.487,0.484,0.484,-0.001,-0.2062,22.0,1.065
501032.SH,20181018,0.68,0.648,0.648,0.645,0.646,-0.034,-5.0,24.0,1.551
501035.SH,20181018,0.928,0.915,0.916,0.901,0.915,-0.013,-1.4009,4445.0,406.677
501036.SH,20181018,0.661,0.646,0.662,0.646,0.652,-0.009,-1.3616,367.0,23.94
501037.SH,20181018,0.653,0.642,0.642,0.642,0.642,-0.011,-1.6845,18.0,1.156
501038.SH,20181018,0.912,0.896,0.905,0.885,0.885,-0.027,-2.9605,13177.65,1173.158
501039.SH,20181018,0.982,0.982,0.982,0.975,0.975,-0.007,-0.7128,740.43,72.197
501040.SH,20181018,0.988,0.982,0.982,0.982,0.982,-0.006,-0.6073,489.0,48.02
501043.SH,20181018,0.861,0.861,0.861,0.844,0.845,-0.016,-1.8583,1636.32,139.033
501045.SH,20181018,0.858,0.83,0.94,0.83,0.84,-0.018,-2.0979,63.0,5.278
501046.SH,20181018,0.75,0.748,0.748,0.739,0.739,-0.011,-1.4667,389.0,28.817
501047.SH,20181018,0.655,0.627,0.627,0.6,0.612,-0.043,-6.5649,59.94,3.671
501049.SH,20181018,0.809,0.8,0.803,0.788,0.791,-0.018,-2.225,5101.63,404.925
501050.SH,20181018,1.096,1.095,1.095,1.078,1.08,-0.016,-1.4599,22686.0,2460.241
501051.SH,20181018,0.8,0.752,0.88,0.752,0.774,-0.026,-3.25,5024.71,381.369
501054.SH,20181018,0.772,0.76,0.762,0.741,0.743,-0.029,-3.7565,124599.82,9336.381
501057.SH,20181018,0.747,0.749,0.756,0.721,0.737,-0.01,-1.3387,221.11,16.07
501058.SH,20181018,0.772,0.72,0.758,0.72,0.726,-0.046,-5.9585,811.0,59.284
501060.SH,20181018,0.97,0.96,0.96,0.953,0.953,-0.017,-1.7526,3937.0,376.744
501061.SH,20181018,0.97,0.956,0.96,0.952,0.952,-0.018,-1.8557,270.0,25.836
501300.SH,20181018,0.999,1.001,1.005,1.001,1.004,0.005,0.5005,8284.0,831.587
501301.SH,20181018,1.099,1.117,1.117,1.09,1.091,-0.008,-0.7279,432.0,47.58
501302.SH,20181018,1.064,1.075,1.076,1.075,1.076,0.012,1.1278,101.0,10.864
501306.SH,20181018,0.867,0.815,0.818,0.815,0.818,-0.049,-5.6517,29.0,2.364
502000.SH,20181018,0.779,0.703,0.703,0.703,0.703,-0.076,-9.7561,2.0,0.141
502003.SH,20181018,0.649,0.647,0.647,0.629,0.629,-0.02,-3.0817,476.0,30.038
502004.SH,20181018,0.974,0.973,0.978,0.973,0.977,0.003,0.308,159945.3,15615.467
502005.SH,20181018,0.305,0.3,0.3,0.275,0.275,-0.03,-9.8361,13533.0,384.534
502006.SH,20181018,0.82,0.82,0.82,0.803,0.803,-0.017,-2.0732,277.0,22.408
502007.SH,20181018,0.953,0.953,0.955,0.953,0.955,0.002,0.2099,539.51,51.496
502008.SH,20181018,0.703,0.69,0.69,0.638,0.666,-0.037,-5.2632,1026.01,66.95
502010.SH,20181018,0.701,0.689,0.698,0.678,0.678,-0.023,-3.281,3041.08,210.542
502011.SH,20181018,0.965,0.971,0.971,0.968,0.968,0.003,0.3109,3020.0,292.834
502012.SH,20181018,0.433,0.412,0.421,0.391,0.391,-0.042,-9.6998,4175.08,168.268
502023.SH,20181018,0.815,0.788,0.805,0.788,0.805,-0.01,-1.227,3.0,0.238
502025.SH,20181018,0.648,0.583,0.583,0.583,0.583,-0.065,-10.0309,10.0,0.583
502031.SH,20181018,0.934,0.979,0.98,0.979,0.98,0.046,4.9251,443.0,43.413
502036.SH,20181018,0.687,0.738,0.738,0.667,0.667,-0.02,-2.9112,32.0,2.142
502037.SH,20181018,1.011,1.01,1.01,1.01,1.01,-0.001,-0.0989,97.0,9.797
502040.SH,20181018,1.037,1.037,1.062,0.934,1.062,0.025,2.4108,353.25,33.057
502048.SH,20181018,0.826,0.821,0.829,0.806,0.807,-0.019,-2.3002,31862.7,2605.031
502049.SH,20181018,0.968,0.968,0.973,0.968,0.972,0.004,0.4132,72957.0,7084.572
502050.SH,20181018,0.685,0.676,0.681,0.634,0.643,-0.042,-6.1314,215702.47,14296.936
502054.SH,20181018,0.951,0.954,0.954,0.954,0.954,0.003,0.3155,249.0,23.755
502055.SH,20181018,0.878,0.87,0.87,0.828,0.861,-0.017,-1.9362,549.86,46.291
502056.SH,20181018,0.909,0.991,0.991,0.85,0.853,-0.056,-6.1606,332.0,28.451
505888.SH,20181018,0.902,0.902,0.902,0.88,0.882,-0.02,-2.2173,339845.0,30280.467
510010.SH,20181018,0.998,1.018,1.018,0.971,0.971,-0.027,-2.7054,149.0,14.752
510020.SH,20181018,2.492,2.48,2.549,2.461,2.542,0.05,2.0064,268.59,67.487
510030.SH,20181018,4.62,4.619,4.62,4.525,4.536,-0.084,-1.8182,1623.0,739.487
510050.SH,20181018,2.477,2.46,2.464,2.417,2.419,-0.058,-2.3415,8560992.87,2089517.335
510060.SH,20181018,1.65,1.638,1.643,1.601,1.611,-0.039,-2.3636,2056.0,331.648
510110.SH,20181018,3.118,3.1,3.1,3.1,3.1,-0.018,-0.5773,1.0,0.31
510120.SH,20181018,2.655,2.412,2.849,2.412,2.849,0.194,7.307,11.0,2.697
510130.SH,20181018,3.105,3.054,3.054,3.027,3.027,-0.078,-2.5121,378.0,114.975
510150.SH,20181018,4.055,4.054,4.054,3.936,3.99,-0.065,-1.603,4811.01,1912.487
510160.SH,20181018,0.487,0.498,0.498,0.474,0.474,-0.013,-2.6694,9921.0,475.346
510170.SH,20181018,1.505,1.507,1.585,1.501,1.501,-0.004,-0.2658,91.2,14.041
510180.SH,20181018,2.862,2.854,2.854,2.794,2.799,-0.063,-2.2013,234884.52,66277.521
510190.SH,20181018,3.073,2.904,2.91,2.766,2.768,-0.305,-9.9252,3408.0,945.221
510210.SH,20181018,3.197,3.185,3.199,3.0,3.18,-0.017,-0.5317,1052.0,323.492
510220.SH,20181018,3.331,3.205,3.36,3.201,3.31,-0.021,-0.6304,79.0,25.933
510230.SH,20181018,5.445,5.434,5.451,5.0,5.346,-0.099,-1.8182,287718.0,154853.645
510260.SH,20181018,1.04,0.942,1.056,0.936,1.025,-0.015,-1.4423,2752.0,263.025
510270.SH,20181018,0.985,0.964,0.964,0.944,0.959,-0.026,-2.6396,1023.0,97.859
510290.SH,20181018,1.131,1.114,1.115,1.1,1.102,-0.029,-2.5641,2670.0,296.604
510300.SH,20181018,3.176,3.155,3.165,3.105,3.106,-0.07,-2.204,5932914.4,1856470.334
510310.SH,20181018,1.355,1.355,1.355,1.322,1.328,-0.027,-1.9926,120530.0,16064.467
510330.SH,20181018,3.434,3.431,3.431,3.357,3.358,-0.076,-2.2132,311771.85,105692.874
510360.SH,20181018,1.003,1.0,1.0,0.98,0.981,-0.022,-2.1934,89905.0,8871.76
510380.SH,20181018,0.864,0.864,0.864,0.864,0.864,0.0,0.0,2.0,0.173
510390.SH,20181018,3.173,3.149,3.15,3.099,3.099,-0.074,-2.3322,25843.1,8074.662
510410.SH,20181018,0.618,0.6,0.61,0.585,0.59,-0.028,-4.5307,2976.0,176.924
510420.SH,20181018,1.129,1.085,1.192,1.083,1.083,-0.046,-4.0744,5.0,0.564
510440.SH,20181018,1.25,1.345,1.345,1.2,1.201,-0.049,-3.92,195.0,24.582
510500.SH,20181018,4.394,4.369,4.369,4.281,4.297,-0.097,-2.2076,1866176.0,805603.805
510510.SH,20181018,1.168,1.163,1.163,1.136,1.139,-0.029,-2.4829,65575.0,7520.903
510520.SH,20181018,1.218,1.13,1.31,1.125,1.295,0.077,6.3218,51.0,5.803
510560.SH,20181018,0.885,0.878,0.878,0.871,0.871,-0.014,-1.5819,32.0,2.792
510580.SH,20181018,5.078,5.08,5.25,4.955,5.25,0.172,3.3872,158.15,79.186
510590.SH,20181018,4.207,4.209,4.209,4.099,4.099,-0.108,-2.5671,52609.12,21757.628
510600.SH,20181018,2.43,2.396,2.439,2.375,2.395,-0.035,-1.4403,7488.54,1792.49
510630.SH,20181018,1.983,1.98,1.986,1.936,1.95,-0.033,-1.6641,3399.0,663.945
510650.SH,20181018,1.583,1.593,1.593,1.593,1.593,0.01,0.6317,1.0,0.159
510660.SH,20181018,1.594,1.58,1.58,1.507,1.531,-0.063,-3.9523,30553.0,4690.424
510680.SH,20181018,2.074,2.05,2.05,2.043,2.043,-0.031,-1.4947,41.0,8.383
510710.SH,20181018,2.643,2.643,2.643,2.58,2.584,-0.059,-2.2323,44703.0,11639.785
510800.SH,20181018,0.859,0.854,0.854,0.833,0.835,-0.024,-2.7939,68318.0,5748.752
510810.SH,20181018,0.755,0.759,0.759,0.738,0.74,-0.015,-1.9868,5517.0,410.029
510880.SH,20181018,2.574,2.565,2.565,2.525,2.53,-0.044,-1.7094,162032.0,41153.358
510900.SH,20181018,1.133,1.129,1.129,1.109,1.11,-0.023,-2.03,8703916.0,972961.626
511010.SH,20181018,114.25,114.255,114.5,114.255,114.48,0.23,0.2013,26884.97,307632.295
511220.SH,20181018,93.258,93.223,93.29,93.222,93.27,0.012,0.0129,1053.0,9821.034
511260.SH,20181018,102.916,102.891,102.986,102.89,102.893,-0.023,-0.0223,1542.0,15866.219
511310.SH,20181018,102.161,102.999,102.999,102.999,102.999,0.838,0.8203,190.0,1956.981
511600.SH,20181018,100.0,99.998,100.0,99.997,99.999,-0.001,-0.001,962.6,9625.838
511620.SH,20181018,99.985,99.98,99.98,99.98,99.98,-0.005,-0.005,2.06,20.596
511650.SH,20181018,99.995,99.993,99.996,99.993,99.993,-0.002,-0.002,1541.5,15414.139
511660.SH,20181018,100.014,100.013,100.017,100.01,100.014,0.0,0.0,94144.0,941565.948
511670.SH,20181018,99.997,99.991,99.993,99.991,99.991,-0.006,-0.006,464.0,4639.64
511690.SH,20181018,99.999,99.998,100.005,99.996,100.004,0.005,0.005,38613.87,386139.919
511700.SH,20181018,100.004,100.0,100.001,99.997,100.001,-0.003,-0.003,1345.18,13451.797
511770.SH,20181018,99.993,99.988,99.993,99.986,99.993,0.0,0.0,13.06,130.588
511800.SH,20181018,99.991,99.986,100.002,99.986,100.001,0.01,0.01,982.76,9827.361
511810.SH,20181018,100.006,100.001,100.007,99.999,100.006,0.0,0.0,67115.65,671166.416
511820.SH,20181018,99.995,99.993,99.997,99.984,99.996,0.001,0.001,1830.99,18308.771
511830.SH,20181018,100.0,99.995,100.0,99.993,99.999,-0.001,-0.001,365.0,3649.909
511850.SH,20181018,100.013,100.007,100.012,100.004,100.011,-0.002,-0.002,22006.85,220087.116
511860.SH,20181018,99.992,99.99,99.993,99.987,99.992,0.0,0.0,298.19,2981.624
511880.SH,20181018,103.066,103.074,103.083,103.071,103.081,0.015,0.0146,717881.34,7399619.132
511900.SH,20181018,100.001,99.999,100.003,99.997,100.002,0.001,0.001,6660.57,66605.806
511910.SH,20181018,99.997,100.0,100.0,99.99,99.99,-0.007,-0.007,60.3,602.994
511920.SH,20181018,99.93,99.93,99.992,99.93,99.992,0.062,0.062,1.01,10.099
511960.SH,20181018,100.003,100.001,100.001,100.0,100.001,-0.002,-0.002,20.32,203.201
511970.SH,20181018,99.991,99.994,99.994,99.985,99.99,-0.001,-0.001,3.0,29.997
511980.SH,20181018,100.005,100.001,100.013,100.001,100.012,0.007,0.007,78.62,786.274
511990.SH,20181018,100.007,100.007,100.014,100.003,100.012,0.005,0.005,995929.3,9960057.122
512000.SH,20181018,0.603,0.601,0.604,0.592,0.592,-0.011,-1.8242,327460.0,19610.317
512010.SH,20181018,1.514,1.505,1.505,1.45,1.454,-0.06,-3.963,139412.0,20481.345
512070.SH,20181018,1.615,1.599,1.604,1.572,1.578,-0.037,-2.291,4003.0,633.307
512090.SH,20181018,0.852,0.85,0.85,0.833,0.834,-0.018,-2.1127,1573421.0,132299.5
512100.SH,20181018,0.515,0.514,0.514,0.499,0.504,-0.011,-2.1359,32953.0,1653.651
512120.SH,20181018,1.292,1.263,1.275,1.244,1.247,-0.045,-3.483,15607.0,1969.533
512160.SH,20181018,0.852,0.847,0.847,0.833,0.833,-0.019,-2.23,430204.0,36108.654
512180.SH,20181018,0.834,0.83,0.83,0.814,0.814,-0.02,-2.3981,1402341.0,115370.801
512200.SH,20181018,0.648,0.641,0.642,0.633,0.633,-0.015,-2.3148,3832.0,244.424
512220.SH,20181018,0.95,0.997,0.997,0.915,0.96,0.01,1.0526,657.0,61.711
512280.SH,20181018,0.835,0.833,0.833,0.816,0.817,-0.018,-2.1557,522271.4,42963.974
512300.SH,20181018,0.881,0.885,0.885,0.855,0.857,-0.024,-2.7242,3556.0,307.923
512310.SH,20181018,0.395,0.393,0.393,0.383,0.383,-0.012,-3.038,3122.0,120.871
512330.SH,20181018,0.554,0.552,0.555,0.542,0.543,-0.011,-1.9856,21915.0,1199.348
512340.SH,20181018,0.655,0.642,0.645,0.635,0.635,-0.02,-3.0534,2127.0,136.401
512360.SH,20181018,0.866,0.853,0.858,0.844,0.845,-0.021,-2.4249,8792.0,746.583
512390.SH,20181018,0.845,0.838,0.838,0.828,0.828,-0.017,-2.0118,39239.0,3274.649
512400.SH,20181018,0.571,0.576,0.576,0.55,0.551,-0.02,-3.5026,12116.0,671.97
512500.SH,20181018,2.048,2.039,2.039,1.998,2.0,-0.048,-2.3438,300960.88,60720.865
512510.SH,20181018,0.876,0.876,0.876,0.856,0.859,-0.017,-1.9406,39856.0,3430.243
512520.SH,20181018,0.837,0.831,0.831,0.818,0.818,-0.019,-2.27,158987.31,13095.18
512550.SH,20181018,0.955,0.943,0.945,0.931,0.932,-0.023,-2.4084,16402.0,1537.144
512560.SH,20181018,0.68,0.662,0.699,0.662,0.678,-0.002,-0.2941,455.0,30.296
512570.SH,20181018,0.603,0.592,0.601,0.58,0.597,-0.006,-0.995,412.0,24.405
512580.SH,20181018,0.618,0.618,0.618,0.602,0.603,-0.015,-2.4272,388111.0,23617.016
512600.SH,20181018,1.99,2.014,2.014,1.92,1.98,-0.01,-0.5025,123.0,24.239
512610.SH,20181018,1.288,1.285,1.285,1.244,1.244,-0.044,-3.4161,3.0,0.381
512640.SH,20181018,1.553,1.547,1.547,1.547,1.547,-0.006,-0.3863,1.0,0.155
512660.SH,20181018,0.622,0.618,0.619,0.605,0.606,-0.016,-2.5723,422526.0,25851.831
512680.SH,20181018,0.613,0.611,0.611,0.595,0.598,-0.015,-2.447,28718.0,1731.012
512700.SH,20181018,0.969,0.965,0.967,0.953,0.953,-0.016,-1.6512,10923.0,1045.555
512770.SH,20181018,0.85,0.84,0.84,0.817,0.826,-0.024,-2.8235,1584.0,130.981
512780.SH,20181018,0.641,0.635,0.636,0.627,0.627,-0.014,-2.1841,8201.0,518.832
512800.SH,20181018,0.94,0.935,0.938,0.922,0.922,-0.018,-1.9149,256826.0,23880.168
512810.SH,20181018,0.59,0.588,0.588,0.574,0.575,-0.015,-2.5424,5522.0,319.732
512880.SH,20181018,0.633,0.632,0.634,0.622,0.623,-0.01,-1.5798,1083057.0,68024.04
512900.SH,20181018,0.607,0.603,0.608,0.596,0.598,-0.009,-1.4827,25653.0,1547.603
512980.SH,20181018,0.623,0.623,0.625,0.612,0.614,-0.009,-1.4446,72176.0,4460.576
512990.SH,20181018,0.919,0.915,0.915,0.898,0.898,-0.021,-2.2851,105843.0,9574.887
513030.SH,20181018,1.053,1.047,1.047,1.032,1.034,-0.019,-1.8044,18982.0,1969.247
513050.SH,20181018,1.174,1.161,1.161,1.145,1.145,-0.029,-2.4702,188684.0,21706.85
513100.SH,20181018,2.647,2.63,2.634,2.617,2.619,-0.028,-1.0578,118551.0,31080.496
513500.SH,20181018,1.802,1.8,1.8,1.79,1.793,-0.009,-0.4994,107098.0,19208.828
513600.SH,20181018,2.391,2.389,2.397,2.37,2.372,-0.019,-0.7946,2065.0,492.376
513660.SH,20181018,2.386,2.377,2.377,2.344,2.345,-0.041,-1.7184,3068.0,726.513
513900.SH,20181018,0.899,0.899,0.902,0.899,0.902,0.003,0.3337,2991.0,269.568
518800.SH,20181018,2.701,2.703,2.709,2.698,2.704,0.003,0.1111,270887.0,73348.314
518880.SH,20181018,2.719,2.724,2.727,2.718,2.722,0.003,0.1103,2984466.32,813159.413
150009.SZ,20181018,0.913,0.901,0.901,0.889,0.889,-0.024,-2.6287,661.0,59.38
150012.SZ,20181018,1.061,1.157,1.157,1.061,1.061,0.0,0.0,954.0,102.98
150013.SZ,20181018,1.285,1.317,1.317,1.317,1.317,0.032,2.4903,2.0,0.263
150016.SZ,20181018,1.001,1.0,1.0,0.999,0.999,-0.002,-0.1998,1193.0,119.202
150017.SZ,20181018,1.087,1.025,1.029,1.0,1.025,-0.062,-5.7038,2438.0,249.947
150018.SZ,20181018,0.976,0.977,0.981,0.977,0.981,0.005,0.5123,615715.67,60256.383
150019.SZ,20181018,0.505,0.498,0.502,0.474,0.48,-0.025,-4.9505,1293196.2,63261.407
150022.SZ,20181018,0.674,0.67,0.67,0.656,0.66,-0.014,-2.0772,89710.0,5949.93
150023.SZ,20181018,0.135,0.133,0.134,0.131,0.132,-0.003,-2.2222,478662.73,6333.258
150028.SZ,20181018,0.971,0.971,0.975,0.971,0.972,0.001,0.103,2211.96,215.274
150029.SZ,20181018,0.82,0.778,0.84,0.778,0.79,-0.03,-3.6585,910.81,71.833
150032.SZ,20181018,0.993,0.989,0.989,0.989,0.989,-0.004,-0.4028,165.0,16.318
150047.SZ,20181018,0.996,0.997,0.997,0.997,0.997,0.001,0.1004,0.31,0.03
150049.SZ,20181018,0.962,0.968,0.975,0.968,0.971,0.009,0.9356,608.77,59.202
150050.SZ,20181018,0.479,0.498,0.498,0.46,0.46,-0.019,-3.9666,2249.96,108.351
150051.SZ,20181018,0.975,0.975,0.977,0.975,0.976,0.001,0.1026,16075.73,1569.783
150052.SZ,20181018,0.508,0.508,0.508,0.481,0.481,-0.027,-5.315,18138.0,893.488
150064.SZ,20181018,0.988,0.988,0.991,0.988,0.989,0.001,0.1012,3.0,0.296
150065.SZ,20181018,0.775,0.698,0.698,0.698,0.698,-0.077,-9.9355,25.81,1.801
150092.SZ,20181018,0.99,0.983,0.991,0.983,0.991,0.001,0.101,2400.0,237.63
150101.SZ,20181018,0.919,0.88,0.881,0.84,0.841,-0.078,-8.4875,385.59,32.953
150106.SZ,20181018,1.004,1.004,1.006,1.004,1.005,0.001,0.0996,22892.86,2300.234
150107.SZ,20181018,0.412,0.402,0.416,0.38,0.393,-0.019,-4.6117,20014.87,791.236
150117.SZ,20181018,0.97,0.972,0.976,0.972,0.976,0.006,0.6186,33381.63,3249.915
150118.SZ,20181018,0.654,0.652,0.652,0.615,0.621,-0.033,-5.0459,53639.3,3355.782
150123.SZ,20181018,1.019,1.018,1.022,1.018,1.021,0.002,0.1963,11220.0,1145.587
150124.SZ,20181018,0.507,0.505,0.505,0.456,0.476,-0.031,-6.1144,16349.86,766.975
150130.SZ,20181018,1.005,1.006,1.009,1.005,1.009,0.004,0.398,933239.9,93974.791
150131.SZ,20181018,0.377,0.36,0.36,0.339,0.339,-0.038,-10.0796,943679.58,32263.051
150135.SZ,20181018,1.022,1.01,1.014,1.01,1.014,-0.008,-0.7828,1601.0,161.995
150139.SZ,20181018,0.576,0.518,0.518,0.518,0.518,-0.058,-10.0694,10.0,0.518
150146.SZ,20181018,0.597,0.537,0.537,0.537,0.537,-0.06,-10.0503,1.0,0.053
150149.SZ,20181018,0.498,0.499,0.499,0.448,0.463,-0.035,-7.0281,3435.0,157.74
150150.SZ,20181018,0.981,0.98,0.982,0.98,0.982,0.001,0.1019,899.0,88.208
150152.SZ,20181018,0.955,0.955,0.96,0.955,0.959,0.004,0.4188,854562.37,81858.873
150153.SZ,20181018,0.726,0.716,0.737,0.701,0.705,-0.021,-2.8926,2765614.41,198586.94
150157.SZ,20181018,0.979,0.978,0.98,0.978,0.98,0.001,0.1021,29582.0,2896.016
150158.SZ,20181018,0.774,0.756,0.766,0.73,0.735,-0.039,-5.0388,3928.5,292.61
150169.SZ,20181018,0.97,0.971,0.974,0.971,0.974,0.004,0.4124,6823.0,663.436
150170.SZ,20181018,1.279,1.256,1.257,1.227,1.235,-0.044,-3.4402,1369.0,169.104
150171.SZ,20181018,1.0,0.939,0.947,0.937,0.946,-0.054,-5.4,1027371.79,96825.737
150172.SZ,20181018,1.022,1.043,1.052,1.005,1.012,-0.01,-0.9785,500671.31,52017.724
150173.SZ,20181018,0.959,0.958,0.959,0.958,0.959,0.0,0.0,3051.0,292.286
150174.SZ,20181018,0.609,0.609,0.609,0.609,0.609,0.0,0.0,2.0,0.121
150175.SZ,20181018,0.977,0.977,0.98,0.976,0.98,0.003,0.3071,126553.61,12381.217
150176.SZ,20181018,0.941,0.94,0.94,0.905,0.905,-0.036,-3.8257,42686.0,3923.514
150177.SZ,20181018,0.973,0.974,0.975,0.974,0.975,0.002,0.2055,2741.43,267.03
150178.SZ,20181018,0.852,0.852,0.852,0.77,0.801,-0.051,-5.9859,685.72,56.322
150180.SZ,20181018,0.639,0.612,0.612,0.61,0.61,-0.029,-4.5383,8.9,0.543
150181.SZ,20181018,0.94,0.939,0.949,0.939,0.948,0.008,0.8511,392897.06,37112.921
150182.SZ,20181018,0.979,0.962,0.965,0.917,0.926,-0.053,-5.4137,402746.7,38121.051
150184.SZ,20181018,0.964,0.964,0.964,0.964,0.964,0.0,0.0,1.0,0.096
150185.SZ,20181018,0.78,0.758,0.776,0.72,0.72,-0.06,-7.6923,4662.35,351.209
150186.SZ,20181018,0.947,0.948,0.953,0.948,0.953,0.006,0.6336,5263.94,500.213
150187.SZ,20181018,0.806,0.736,0.8,0.733,0.737,-0.069,-8.5608,635.44,48.602
150188.SZ,20181018,1.014,1.012,1.014,1.011,1.013,-0.001,-0.0986,998.0,101.002
150189.SZ,20181018,0.595,0.595,0.595,0.595,0.595,0.0,0.0,550.0,32.725
150190.SZ,20181018,0.956,0.956,0.959,0.956,0.958,0.002,0.2092,1468.14,140.573
150191.SZ,20181018,0.97,0.884,0.966,0.884,0.924,-0.046,-4.7423,341.39,31.81
150193.SZ,20181018,0.577,0.533,0.565,0.525,0.526,-0.051,-8.8388,425.04,22.524
150194.SZ,20181018,0.98,0.983,0.984,0.982,0.984,0.004,0.4082,49810.24,4897.299
150195.SZ,20181018,0.471,0.468,0.468,0.442,0.445,-0.026,-5.5202,18466.76,835.272
150196.SZ,20181018,1.0,1.0,1.003,1.0,1.003,0.003,0.3,112943.87,11323.75
150197.SZ,20181018,0.424,0.424,0.424,0.382,0.382,-0.042,-9.9057,178137.04,6959.031
150198.SZ,20181018,1.09,1.11,1.117,1.091,1.103,0.013,1.1927,709.0,78.816
150199.SZ,20181018,1.172,1.172,1.172,1.116,1.118,-0.054,-4.6075,5686.0,644.931
150200.SZ,20181018,0.973,0.974,0.978,0.974,0.978,0.005,0.5139,241868.08,23613.043
150201.SZ,20181018,0.497,0.488,0.492,0.466,0.47,-0.027,-5.4326,1453311.26,70131.837
150203.SZ,20181018,0.953,0.952,0.955,0.952,0.955,0.002,0.2099,9302.91,885.925
150204.SZ,20181018,0.569,0.557,0.578,0.527,0.546,-0.023,-4.0422,977.02,52.142
150205.SZ,20181018,0.99,0.991,0.996,0.991,0.996,0.006,0.6061,241653.0,24023.637
150206.SZ,20181018,0.396,0.386,0.386,0.356,0.356,-0.04,-10.101,550354.72,20164.498
150209.SZ,20181018,0.981,0.981,0.984,0.981,0.984,0.003,0.3058,642238.67,63087.468
150210.SZ,20181018,0.48,0.48,0.48,0.432,0.432,-0.048,-10.0,57025.7,2559.593
150211.SZ,20181018,0.956,0.956,0.959,0.956,0.958,0.002,0.2092,39819.0,3812.816
150212.SZ,20181018,0.687,0.68,0.681,0.641,0.648,-0.039,-5.6769,28299.82,1872.968
150216.SZ,20181018,0.398,0.396,0.398,0.396,0.398,0.0,0.0,160.0,6.367
150217.SZ,20181018,0.952,0.951,0.953,0.951,0.953,0.001,0.105,1081.01,102.95
150218.SZ,20181018,0.685,0.685,0.685,0.658,0.658,-0.027,-3.9416,401.0,26.428
150220.SZ,20181018,0.401,0.399,0.399,0.361,0.361,-0.04,-9.9751,16392.0,602.242
150221.SZ,20181018,1.046,1.045,1.049,1.045,1.049,0.003,0.2868,261594.82,27406.687
150222.SZ,20181018,0.698,0.687,0.687,0.662,0.665,-0.033,-4.7278,32366.31,2177.62
150223.SZ,20181018,0.98,0.98,0.987,0.98,0.987,0.007,0.7143,471827.07,46479.95
150224.SZ,20181018,0.976,0.971,0.974,0.937,0.94,-0.036,-3.6885,636964.7,61088.251
150226.SZ,20181018,0.68,0.68,0.68,0.68,0.68,0.0,0.0,3.0,0.204
150227.SZ,20181018,0.984,0.984,0.989,0.984,0.989,0.005,0.5081,195509.62,19287.468
150228.SZ,20181018,0.766,0.763,0.763,0.725,0.732,-0.034,-4.4386,474708.0,35416.88
150229.SZ,20181018,0.97,0.97,0.971,0.97,0.971,0.001,0.1031,530.61,51.486
150230.SZ,20181018,0.623,0.622,0.637,0.571,0.615,-0.008,-1.2841,239.0,13.804
150232.SZ,20181018,0.413,0.397,0.41,0.381,0.41,-0.003,-0.7264,652.51,25.204
150235.SZ,20181018,0.989,0.988,0.988,0.988,0.988,-0.001,-0.1011,32.0,3.161
150236.SZ,20181018,0.807,0.787,0.796,0.766,0.766,-0.041,-5.0805,3308.78,260.409
150238.SZ,20181018,0.524,0.472,0.472,0.472,0.472,-0.052,-9.9237,10.0,0.472
150242.SZ,20181018,0.951,0.929,0.929,0.929,0.929,-0.022,-2.3134,400.0,37.16
150243.SZ,20181018,0.944,0.944,0.947,0.944,0.946,0.002,0.2119,8721.65,824.895
150244.SZ,20181018,0.765,0.764,0.764,0.73,0.741,-0.024,-3.1373,14156.58,1052.718
150247.SZ,20181018,0.973,0.973,0.977,0.973,0.976,0.003,0.3083,6460.19,629.351
150248.SZ,20181018,0.565,0.55,0.566,0.512,0.556,-0.009,-1.5929,3145.63,166.379
150249.SZ,20181018,0.975,0.974,0.975,0.974,0.975,0.0,0.0,290.0,28.27
150250.SZ,20181018,0.905,0.886,0.886,0.873,0.873,-0.032,-3.5359,68.0,6.016
150251.SZ,20181018,0.969,0.977,0.979,0.976,0.979,0.01,1.032,939.0,91.708
150252.SZ,20181018,0.729,0.673,0.68,0.656,0.657,-0.072,-9.8765,2556.96,169.23
150257.SZ,20181018,0.95,0.95,0.95,0.95,0.95,0.0,0.0,0.12,0.011
150259.SZ,20181018,0.954,0.954,0.955,0.953,0.953,-0.001,-0.1048,1359.03,129.661
150261.SZ,20181018,0.999,1.002,1.002,1.002,1.002,0.003,0.3003,2.0,0.2
150262.SZ,20181018,0.585,0.565,0.565,0.532,0.548,-0.037,-6.3248,1995.8,108.866
150264.SZ,20181018,0.449,0.448,0.448,0.448,0.448,-0.001,-0.2227,20.0,0.896
150265.SZ,20181018,1.048,1.02,1.02,1.002,1.002,-0.046,-4.3893,5.56,0.566
150266.SZ,20181018,0.728,0.73,0.73,0.663,0.718,-0.01,-1.3736,89.96,6.362
150267.SZ,20181018,0.989,0.988,0.988,0.988,0.988,-0.001,-0.1011,6.0,0.592
150268.SZ,20181018,1.048,0.943,0.943,0.943,0.943,-0.105,-10.0191,6.0,0.565
150269.SZ,20181018,0.973,0.972,0.977,0.972,0.977,0.004,0.4111,30841.28,3007.271
150270.SZ,20181018,0.991,0.98,0.98,0.92,0.925,-0.066,-6.6599,44196.52,4161.03
150273.SZ,20181018,0.95,0.95,0.954,0.95,0.954,0.004,0.4211,1927.91,183.745
150275.SZ,20181018,0.951,0.952,0.955,0.951,0.955,0.004,0.4206,4801.64,457.766
150276.SZ,20181018,0.956,0.924,0.924,0.9,0.904,-0.052,-5.4393,2841.0,257.399
150277.SZ,20181018,0.952,0.952,0.952,0.952,0.952,0.0,0.0,293.0,27.893
150278.SZ,20181018,0.61,0.63,0.63,0.595,0.627,0.017,2.7869,512.0,30.861
150281.SZ,20181018,1.001,1.001,1.002,1.001,1.002,0.001,0.0999,995.0,99.657
150282.SZ,20181018,0.503,0.453,0.453,0.453,0.453,-0.05,-9.9404,1.0,0.045
150283.SZ,20181018,0.957,0.957,0.96,0.957,0.959,0.002,0.209,6557.0,628.791
150284.SZ,20181018,0.56,0.504,0.519,0.504,0.504,-0.056,-10.0,377.84,19.191
150287.SZ,20181018,1.004,1.004,1.007,1.004,1.007,0.003,0.2988,65408.0,6574.198
150288.SZ,20181018,0.409,0.404,0.404,0.368,0.368,-0.041,-10.0244,151544.86,5676.348
150289.SZ,20181018,0.975,0.976,0.979,0.976,0.979,0.004,0.4103,103349.47,10103.814
150290.SZ,20181018,0.812,0.801,0.803,0.742,0.745,-0.067,-8.2512,99709.75,7636.509
150291.SZ,20181018,1.002,1.003,1.006,1.003,1.006,0.004,0.3992,11110.0,1116.648
150292.SZ,20181018,0.656,0.668,0.668,0.612,0.661,0.005,0.7622,24.0,1.484
150295.SZ,20181018,0.991,0.992,0.993,0.992,0.992,0.001,0.1009,841.0,83.435
150297.SZ,20181018,0.95,0.96,0.963,0.96,0.963,0.013,1.3684,217.65,20.895
150298.SZ,20181018,1.0,0.9,0.9,0.9,0.9,-0.1,-10.0,3.0,0.27
150299.SZ,20181018,1.002,1.0,1.004,1.0,1.003,0.001,0.0998,34026.0,3414.287
150300.SZ,20181018,0.605,0.604,0.605,0.575,0.579,-0.026,-4.2975,37109.0,2184.585
150301.SZ,20181018,0.956,0.957,0.959,0.956,0.959,0.003,0.3138,5078.49,485.845
150302.SZ,20181018,1.005,0.99,1.008,0.943,0.944,-0.061,-6.0697,968.14,95.014
150303.SZ,20181018,0.966,0.965,0.969,0.965,0.969,0.003,0.3106,10196.03,986.245
150304.SZ,20181018,0.672,0.666,0.673,0.641,0.644,-0.028,-4.1667,56778.91,3730.044
150307.SZ,20181018,0.946,0.946,0.948,0.946,0.948,0.002,0.2114,1416.94,134.278
150309.SZ,20181018,0.944,0.938,0.946,0.938,0.946,0.002,0.2119,100.25,9.412
150310.SZ,20181018,0.855,0.874,0.874,0.779,0.855,0.0,0.0,81.6,6.565
150311.SZ,20181018,0.944,0.944,0.944,0.944,0.944,0.0,0.0,470.62,44.426
150312.SZ,20181018,1.007,0.906,0.906,0.906,0.906,-0.101,-10.0298,1.0,0.09
150315.SZ,20181018,0.994,0.945,0.945,0.945,0.945,-0.049,-4.9296,667.73,63.1
150316.SZ,20181018,0.778,0.772,0.779,0.772,0.779,0.001,0.1285,202.77,15.741
150321.SZ,20181018,1.053,1.054,1.055,1.053,1.055,0.002,0.1899,2174.17,229.0
150322.SZ,20181018,0.769,0.74,0.772,0.702,0.723,-0.046,-5.9818,1961.17,141.589
150323.SZ,20181018,1.002,1.006,1.006,1.005,1.005,0.003,0.2994,1769.0,177.807
150324.SZ,20181018,0.54,0.486,0.486,0.486,0.486,-0.054,-10.0,20.0,0.972
150325.SZ,20181018,1.009,1.008,1.016,1.008,1.013,0.004,0.3964,44313.27,4488.278
150327.SZ,20181018,1.002,1.008,1.008,1.008,1.008,0.006,0.5988,219.0,22.075
150328.SZ,20181018,0.565,0.509,0.509,0.509,0.509,-0.056,-9.9115,10.0,0.509
150329.SZ,20181018,0.972,0.973,0.977,0.973,0.974,0.002,0.2058,3985.68,388.751
150330.SZ,20181018,1.305,1.293,1.294,1.229,1.258,-0.047,-3.6015,4152.0,525.663
150335.SZ,20181018,1.004,1.004,1.005,1.004,1.005,0.001,0.0996,1296.49,130.175
150336.SZ,20181018,0.64,0.576,0.64,0.576,0.577,-0.063,-9.8438,1655.0,95.478
150343.SZ,20181018,0.956,0.955,0.959,0.955,0.958,0.002,0.2092,5428.55,519.073
150344.SZ,20181018,0.999,0.989,0.99,0.97,0.97,-0.029,-2.9029,835.1,82.639
159001.SZ,20181018,100.0,100.0,100.001,99.999,100.0,0.0,0.0,72758.7,727586.635
159003.SZ,20181018,100.0,99.999,100.001,99.999,100.001,0.001,0.001,342403.61,3424036.071
159005.SZ,20181018,100.001,99.999,100.001,99.999,100.0,-0.001,-0.001,5963.29,59632.768
159901.SZ,20181018,3.42,3.401,3.412,3.356,3.357,-0.063,-1.8421,213939.6,72358.424
159902.SZ,20181018,2.393,2.39,2.48,2.352,2.355,-0.038,-1.588,157548.0,37424.259
159903.SZ,20181018,0.801,0.8,0.8,0.783,0.788,-0.013,-1.623,12495.98,986.774
159905.SZ,20181018,1.286,1.279,1.28,1.252,1.261,-0.025,-1.944,31650.0,3988.581
159906.SZ,20181018,0.88,0.86,0.889,0.818,0.821,-0.059,-6.7045,249.0,21.736
159907.SZ,20181018,0.97,0.951,0.961,0.95,0.957,-0.013,-1.3402,1408.0,134.745
159908.SZ,20181018,1.278,1.28,1.28,1.193,1.195,-0.083,-6.4945,39.0,4.67
159909.SZ,20181018,3.274,3.267,3.267,3.226,3.227,-0.047,-1.4356,675.0,218.187
159910.SZ,20181018,1.349,1.349,1.349,1.317,1.318,-0.031,-2.298,4141.0,548.911
159911.SZ,20181018,3.159,2.925,3.139,2.912,3.139,-0.02,-0.6331,15.0,4.424
159912.SZ,20181018,0.97,0.97,0.98,0.957,0.971,0.001,0.1031,952.0,92.018
159913.SZ,20181018,1.36,1.357,1.372,1.328,1.328,-0.032,-2.3529,624.46,85.13
159915.SZ,20181018,1.174,1.163,1.173,1.151,1.153,-0.021,-1.7888,12504528.83,1451090.242
159916.SZ,20181018,2.949,2.949,2.99,2.905,2.95,0.001,0.0339,181.0,52.931
159918.SZ,20181018,1.158,1.109,1.12,1.109,1.11,-0.048,-4.1451,62.0,6.884
159919.SZ,20181018,3.456,3.439,3.439,3.374,3.383,-0.073,-2.1123,179793.0,61202.856
159920.SZ,20181018,1.38,1.378,1.378,1.356,1.359,-0.021,-1.5217,1241984.0,169367.401
159922.SZ,20181018,4.3,4.26,4.32,4.12,4.188,-0.112,-2.6047,15927.87,6685.668
159923.SZ,20181018,1.41,1.398,1.413,1.385,1.393,-0.017,-1.2057,812.0,113.314
159925.SZ,20181018,1.327,1.312,1.313,1.29,1.296,-0.031,-2.3361,5066.67,658.715
159928.SZ,20181018,1.936,1.942,1.944,1.903,1.904,-0.032,-1.6529,11889.0,2278.217
159929.SZ,20181018,1.327,1.318,1.318,1.275,1.287,-0.04,-3.0143,15660.0,2011.569
159930.SZ,20181018,0.783,0.77,0.77,0.712,0.738,-0.045,-5.7471,4007.77,296.459
159931.SZ,20181018,1.428,1.428,1.428,1.428,1.428,0.0,0.0,37.0,5.283
159932.SZ,20181018,1.336,1.296,1.4,1.296,1.38,0.044,3.2934,127.0,17.716
159933.SZ,20181018,1.604,1.609,1.61,1.55,1.61,0.006,0.3741,5.0,0.786
159934.SZ,20181018,2.7,2.705,2.711,2.698,2.702,0.002,0.0741,60099.5,16267.368
159935.SZ,20181018,1.3,1.3,1.3,1.3,1.3,0.0,0.0,117.0,15.21
159936.SZ,20181018,1.091,1.137,1.137,1.066,1.066,-0.025,-2.2915,274.0,29.433
159937.SZ,20181018,2.72,2.724,2.728,2.719,2.722,0.002,0.0735,113054.0,30800.743
159938.SZ,20181018,1.104,1.09,1.091,1.057,1.06,-0.044,-3.9855,288478.97,30682.545
159939.SZ,20181018,0.724,0.718,0.722,0.709,0.71,-0.014,-1.9337,17257.0,1232.463
159940.SZ,20181018,0.783,0.779,0.781,0.773,0.774,-0.009,-1.1494,259.0,20.091
159941.SZ,20181018,1.666,1.648,1.651,1.643,1.646,-0.02,-1.2005,2736.0,450.363
159942.SZ,20181018,1.309,1.295,1.295,1.282,1.283,-0.026,-1.9862,346.54,44.595
159943.SZ,20181018,7.838,7.77,7.775,7.651,7.651,-0.187,-2.3858,111.88,85.973
159944.SZ,20181018,0.636,0.633,0.635,0.612,0.62,-0.016,-2.5157,1037.02,63.559
159945.SZ,20181018,0.67,0.667,0.667,0.647,0.647,-0.023,-3.4328,111.12,7.239
159946.SZ,20181018,1.052,1.005,1.005,1.005,1.005,-0.047,-4.4677,100.0,10.05
159948.SZ,20181018,1.282,1.282,1.282,1.253,1.258,-0.024,-1.8721,81880.74,10352.643
159949.SZ,20181018,0.435,0.432,0.435,0.425,0.427,-0.008,-1.8391,12851717.79,552609.137
159950.SZ,20181018,0.905,0.838,0.915,0.838,0.914,0.009,0.9945,103.0,9.344
159951.SZ,20181018,0.638,0.635,0.635,0.635,0.635,-0.003,-0.4702,31.0,1.968
159952.SZ,20181018,0.708,0.702,0.708,0.694,0.694,-0.014,-1.9774,592933.0,41510.438
159953.SZ,20181018,0.628,0.625,0.625,0.624,0.624,-0.004,-0.6369,160.0,9.994
159954.SZ,20181018,0.934,0.933,0.933,0.914,0.916,-0.018,-1.9272,61869.0,5719.501
159955.SZ,20181018,0.668,0.666,0.666,0.653,0.654,-0.014,-2.0958,10746.0,710.311
159956.SZ,20181018,0.689,0.681,0.7,0.68,0.685,-0.004,-0.5806,584.01,40.259
159957.SZ,20181018,0.726,0.714,0.718,0.705,0.705,-0.021,-2.8926,25798.24,1835.321
159958.SZ,20181018,0.711,0.71,0.71,0.697,0.699,-0.012,-1.6878,96883.0,6792.852
160105.SZ,20181018,0.814,0.815,0.815,0.804,0.806,-0.008,-0.9828,92.0,7.435
160106.SZ,20181018,0.866,0.853,0.86,0.849,0.855,-0.011,-1.2702,1919.0,163.933
160119.SZ,20181018,1.054,1.054,1.054,1.03,1.037,-0.017,-1.6129,5374.25,558.348
160125.SZ,20181018,0.915,0.902,0.908,0.902,0.905,-0.01,-1.0929,156.0,14.117
160128.SZ,20181018,1.0,1.0,1.003,1.0,1.003,0.003,0.3,1930.11,193.127
160130.SZ,20181018,0.923,0.922,0.922,0.922,0.922,-0.001,-0.1083,4.0,0.368
160131.SZ,20181018,1.038,1.04,1.04,1.04,1.04,0.002,0.1927,1.0,0.104
160133.SZ,20181018,1.894,1.881,1.881,1.85,1.85,-0.044,-2.3231,516.48,96.346
160140.SZ,20181018,1.016,1.014,1.014,0.998,1.0,-0.016,-1.5748,2273.0,227.706
160211.SZ,20181018,1.688,1.655,1.684,1.635,1.635,-0.053,-3.1398,1247.0,206.327
160212.SZ,20181018,1.657,1.657,1.657,1.624,1.625,-0.032,-1.9312,1702.0,278.211
160215.SZ,20181018,1.136,1.121,1.135,1.109,1.13,-0.006,-0.5282,78.0,8.721
160216.SZ,20181018,0.593,0.589,0.589,0.576,0.578,-0.015,-2.5295,44098.16,2552.026
160220.SZ,20181018,1.147,1.082,1.082,1.082,1.082,-0.065,-5.667,202.0,21.856
160223.SZ,20181018,0.599,0.573,0.6,0.573,0.583,-0.016,-2.6711,2438.07,142.535
160225.SZ,20181018,0.666,0.666,0.669,0.652,0.656,-0.01,-1.5015,1436.0,94.429
160311.SZ,20181018,1.3,1.28,1.306,1.28,1.281,-0.019,-1.4615,295.51,38.121
160314.SZ,20181018,0.81,0.8,0.8,0.782,0.782,-0.028,-3.4568,600.0,47.729
160322.SZ,20181018,0.993,0.962,0.991,0.95,0.991,-0.002,-0.2014,283.0,26.981
160324.SZ,20181018,0.737,0.753,0.763,0.71,0.727,-0.01,-1.3569,2025.01,149.703
160415.SZ,20181018,0.683,0.68,0.68,0.68,0.68,-0.003,-0.4392,100.0,6.8
160416.SZ,20181018,1.115,1.118,1.12,1.103,1.106,-0.009,-0.8072,7691.09,850.473
160421.SZ,20181018,0.79,0.746,0.773,0.746,0.772,-0.018,-2.2785,1600.11,121.984
160505.SZ,20181018,1.24,1.226,1.237,1.215,1.216,-0.024,-1.9355,18301.0,2241.165
160512.SZ,20181018,1.39,1.359,1.371,1.359,1.371,-0.019,-1.3669,13.0,1.775
160515.SZ,20181018,1.015,1.016,1.016,1.016,1.016,0.001,0.0985,2.0,0.203
160518.SZ,20181018,0.832,0.828,0.828,0.813,0.815,-0.017,-2.0433,3101.86,253.099
160607.SZ,20181018,0.577,0.572,0.572,0.553,0.556,-0.021,-3.6395,3707.04,207.628
160610.SZ,20181018,0.808,0.79,0.828,0.763,0.811,0.003,0.3713,498.0,38.871
160611.SZ,20181018,0.644,0.642,0.642,0.64,0.641,-0.003,-0.4658,78.0,5.0
160613.SZ,20181018,1.037,1.031,1.035,1.031,1.035,-0.002,-0.1929,4.0,0.412
160615.SZ,20181018,1.315,1.301,1.301,1.296,1.299,-0.016,-1.2167,90.0,11.706
160616.SZ,20181018,0.895,0.91,0.911,0.9,0.901,0.006,0.6704,52.0,4.709
160635.SZ,20181018,0.927,0.885,0.912,0.885,0.885,-0.042,-4.5307,631.0,56.318
160642.SZ,20181018,0.81,0.795,0.795,0.795,0.795,-0.015,-1.8519,65.0,5.167
160706.SZ,20181018,0.909,0.906,0.906,0.885,0.885,-0.024,-2.6403,70907.22,6323.108
160716.SZ,20181018,1.42,1.42,1.42,1.396,1.404,-0.016,-1.1268,4481.16,630.849
160717.SZ,20181018,0.784,0.784,0.784,0.771,0.771,-0.013,-1.6582,807.0,62.408
160719.SZ,20181018,0.686,0.687,0.689,0.685,0.686,0.0,0.0,7843.0,538.572
160722.SZ,20181018,0.929,0.851,0.911,0.851,0.911,-0.018,-1.9376,133.13,11.335
160723.SZ,20181018,1.426,1.397,1.4,1.38,1.383,-0.043,-3.0154,35684.32,4945.16
160805.SZ,20181018,0.665,0.664,0.697,0.629,0.63,-0.035,-5.2632,282.48,18.267
160806.SZ,20181018,1.111,1.116,1.116,1.102,1.102,-0.009,-0.8101,15.47,1.713
160807.SZ,20181018,1.045,1.041,1.041,1.036,1.039,-0.006,-0.5742,8.0,0.831
160812.SZ,20181018,1.246,1.223,1.233,1.208,1.218,-0.028,-2.2472,1105.08,133.818
160813.SZ,20181018,0.666,0.666,0.666,0.625,0.64,-0.026,-3.9039,172.89,10.992
160910.SZ,20181018,0.86,0.835,0.836,0.835,0.836,-0.024,-2.7907,45.0,3.758
160916.SZ,20181018,2.351,2.333,2.333,2.31,2.318,-0.033,-1.4037,133.0,30.851
160918.SZ,20181018,1.743,1.729,1.73,1.728,1.728,-0.015,-0.8606,160.0,27.659
160919.SZ,20181018,0.94,0.935,0.935,0.92,0.92,-0.02,-2.1277,679.0,62.999
160921.SZ,20181018,0.795,0.76,0.789,0.76,0.789,-0.006,-0.7547,3380.04,258.613
160922.SZ,20181018,0.952,1.009,1.009,0.938,0.974,0.022,2.3109,263.0,25.603
161005.SZ,20181018,1.574,1.557,1.564,1.531,1.531,-0.043,-2.7319,3551.0,549.414
161010.SZ,20181018,1.019,1.009,1.019,1.008,1.008,-0.011,-1.0795,1361.0,137.342
161014.SZ,20181018,1.086,1.087,1.097,1.087,1.097,0.011,1.0129,5099.0,559.069
161017.SZ,20181018,1.62,1.611,1.619,1.58,1.584,-0.036,-2.2222,5436.44,867.204
161019.SZ,20181018,0.923,0.925,0.927,0.925,0.926,0.003,0.325,1052.0,97.424
161033.SZ,20181018,0.666,0.643,0.66,0.643,0.652,-0.014,-2.1021,150.0,9.834
161035.SZ,20181018,0.82,0.809,0.809,0.8,0.809,-0.011,-1.3415,205.0,16.543
161036.SZ,20181018,0.518,0.514,0.515,0.514,0.515,-0.003,-0.5792,5.02,0.258
161039.SZ,20181018,0.84,0.848,0.848,0.806,0.811,-0.029,-3.4524,437.15,35.913
161116.SZ,20181018,0.713,0.706,0.712,0.7,0.7,-0.013,-1.8233,3594.0,253.979
161117.SZ,20181018,1.025,1.033,1.033,1.033,1.033,0.008,0.7805,4.0,0.413
161124.SZ,20181018,1.014,1.02,1.02,0.984,0.984,-0.03,-2.9586,176.0,17.344
161125.SZ,20181018,1.218,1.218,1.222,1.2,1.222,0.004,0.3284,407.0,49.405
161126.SZ,20181018,1.27,1.27,1.27,1.262,1.268,-0.002,-0.1575,135.0,17.13
161127.SZ,20181018,1.332,1.333,1.333,1.323,1.329,-0.003,-0.2252,960.39,127.431
161128.SZ,20181018,1.418,1.41,1.41,1.407,1.408,-0.01,-0.7052,323.0,45.498
161129.SZ,20181018,1.358,1.338,1.338,1.311,1.323,-0.035,-2.5773,19218.7,2539.966
161130.SZ,20181018,1.224,1.217,1.217,1.217,1.217,-0.007,-0.5719,10.0,1.217
161217.SZ,20181018,0.61,0.601,0.601,0.585,0.585,-0.025,-4.0984,1635.86,95.779
161219.SZ,20181018,1.095,1.073,1.073,1.073,1.073,-0.022,-2.0091,2.0,0.214
161224.SZ,20181018,0.836,0.848,0.848,0.753,0.815,-0.021,-2.512,691.44,53.027
161225.SZ,20181018,0.909,0.875,0.897,0.875,0.886,-0.023,-2.5303,633.0,55.767
161226.SZ,20181018,0.759,0.757,0.76,0.754,0.755,-0.004,-0.527,6669.0,505.23
161227.SZ,20181018,0.752,0.74,0.74,0.728,0.734,-0.018,-2.3936,5951.3,436.159
161232.SZ,20181018,0.518,0.506,0.508,0.505,0.508,-0.01,-1.9305,396.0,20.053
161607.SZ,20181018,1.015,0.998,1.006,0.99,0.999,-0.016,-1.5764,130.0,12.936
161610.SZ,20181018,0.829,0.826,0.826,0.802,0.809,-0.02,-2.4125,1129.0,91.518
161631.SZ,20181018,0.701,0.701,0.701,0.689,0.692,-0.009,-1.2839,11361.56,789.105
161706.SZ,20181018,1.283,1.271,1.305,1.271,1.271,-0.012,-0.9353,927.0,120.395
161714.SZ,20181018,0.96,0.961,0.963,0.961,0.961,0.001,0.1042,202.0,19.412
161715.SZ,20181018,0.736,0.717,0.717,0.717,0.717,-0.019,-2.5815,2.86,0.205
161716.SZ,20181018,1.185,1.177,1.178,1.177,1.177,-0.008,-0.6751,213.0,25.074
161810.SZ,20181018,1.062,1.028,1.028,1.01,1.012,-0.05,-4.7081,72.64,7.373
161815.SZ,20181018,0.513,0.513,0.518,0.507,0.511,-0.002,-0.3899,568.0,29.132
161820.SZ,20181018,1.15,1.088,1.092,1.088,1.092,-0.058,-5.0435,3.0,0.327
161831.SZ,20181018,0.96,0.95,0.95,0.946,0.946,-0.014,-1.4583,3900.36,369.775
161834.SZ,20181018,0.673,0.671,0.671,0.666,0.668,-0.005,-0.7429,28603.05,1913.393
161907.SZ,20181018,1.397,1.401,1.401,1.385,1.385,-0.012,-0.859,13.0,1.804
161911.SZ,20181018,1.01,1.01,1.013,1.01,1.012,0.002,0.198,12884.0,1303.614
162006.SZ,20181018,0.999,0.961,0.978,0.938,0.966,-0.033,-3.3033,319.11,31.008
162108.SZ,20181018,1.159,1.159,1.159,1.159,1.159,0.0,0.0,1.0,0.115
162307.SZ,20181018,1.133,1.111,1.116,1.099,1.116,-0.017,-1.5004,7.0,0.776
162411.SZ,20181018,0.713,0.702,0.702,0.693,0.693,-0.02,-2.805,349180.4,24273.031
162415.SZ,20181018,1.448,1.447,1.447,1.429,1.431,-0.017,-1.174,5605.06,803.335
162416.SZ,20181018,0.94,0.978,0.978,0.912,0.969,0.029,3.0851,102.0,9.957
162510.SZ,20181018,0.708,0.701,0.701,0.701,0.701,-0.007,-0.9887,1.0,0.07
162605.SZ,20181018,1.114,1.109,1.109,1.085,1.09,-0.024,-2.1544,52168.0,5702.559
162607.SZ,20181018,0.379,0.379,0.379,0.367,0.37,-0.009,-2.3747,6585.0,243.503
162703.SZ,20181018,1.034,1.011,1.022,1.0,1.004,-0.03,-2.9014,3178.0,319.683
162711.SZ,20181018,0.917,0.911,0.921,0.9,0.9,-0.017,-1.8539,1288.0,116.888
162712.SZ,20181018,1.51,1.51,1.51,1.501,1.509,-0.001,-0.0662,373.09,56.024
162715.SZ,20181018,1.137,1.14,1.14,1.14,1.14,0.003,0.2639,8.0,0.912
162719.SZ,20181018,1.204,1.18,1.186,1.179,1.179,-0.025,-2.0764,1590.0,187.569
163001.SZ,20181018,0.798,0.751,0.754,0.751,0.754,-0.044,-5.5138,11.0,0.829
163003.SZ,20181018,0.7,0.645,0.645,0.645,0.645,-0.055,-7.8571,2.0,0.129
163110.SZ,20181018,1.449,1.443,1.443,1.398,1.398,-0.051,-3.5197,152.0,21.397
163111.SZ,20181018,0.759,0.758,0.759,0.755,0.755,-0.004,-0.527,784.63,59.432
163119.SZ,20181018,0.662,0.634,0.64,0.634,0.637,-0.025,-3.7764,38.0,2.426
163208.SZ,20181018,0.973,0.964,0.97,0.952,0.954,-0.019,-1.9527,2637.62,252.383
163210.SZ,20181018,1.101,1.101,1.103,1.101,1.103,0.002,0.1817,5701.0,628.145
163302.SZ,20181018,0.99,0.996,1.005,0.975,0.991,0.001,0.101,36.0,3.548
163402.SZ,20181018,0.594,0.59,0.591,0.575,0.58,-0.014,-2.3569,46407.58,2704.285
163407.SZ,20181018,1.597,1.595,1.595,1.555,1.555,-0.042,-2.6299,4896.54,768.349
163409.SZ,20181018,1.205,1.209,1.209,1.209,1.209,0.004,0.332,17.0,2.055
163412.SZ,20181018,2.71,2.7,2.717,2.66,2.66,-0.05,-1.845,6135.33,1643.565
163415.SZ,20181018,1.285,1.276,1.279,1.256,1.266,-0.019,-1.4786,1648.18,208.992
163417.SZ,20181018,0.791,0.787,0.788,0.783,0.783,-0.008,-1.0114,289147.55,22706.303
163503.SZ,20181018,0.404,0.4,0.4,0.382,0.392,-0.012,-2.9703,1213.47,47.19
163801.SZ,20181018,1.161,1.155,1.156,1.135,1.136,-0.025,-2.1533,470.0,53.538
164210.SZ,20181018,1.04,1.041,1.129,1.041,1.055,0.015,1.4423,520.0,54.899
164403.SZ,20181018,0.939,0.94,0.94,0.94,0.94,0.001,0.1065,4.0,0.376
164701.SZ,20181018,0.586,0.588,0.591,0.584,0.588,0.002,0.3413,4148.0,243.85
164705.SZ,20181018,1.122,1.108,1.118,1.102,1.118,-0.004,-0.3565,24.04,2.666
164824.SZ,20181018,0.888,0.889,0.89,0.872,0.884,-0.004,-0.4505,717.0,63.52
164906.SZ,20181018,1.146,1.125,1.128,1.084,1.112,-0.034,-2.9668,3458.41,384.632
165309.SZ,20181018,1.0,0.986,1.005,0.986,0.986,-0.014,-1.4,794.14,78.394
165313.SZ,20181018,1.098,1.093,1.093,1.076,1.08,-0.018,-1.6393,952.01,102.817
165510.SZ,20181018,0.699,0.695,0.717,0.695,0.71,0.011,1.5737,1034.0,73.018
165513.SZ,20181018,0.504,0.504,0.506,0.498,0.5,-0.004,-0.7937,4074.5,204.921
165516.SZ,20181018,1.641,1.483,1.49,1.477,1.479,-0.162,-9.872,108.14,16.003
165525.SZ,20181018,0.763,0.763,0.763,0.741,0.742,-0.021,-2.7523,2195.0,164.422
165528.SZ,20181018,0.754,0.745,0.745,0.743,0.743,-0.011,-1.4589,2236.1,166.385
166001.SZ,20181018,0.85,0.854,0.854,0.846,0.853,0.003,0.3529,23.0,1.961
166006.SZ,20181018,0.913,0.917,0.97,0.89,0.894,-0.019,-2.0811,250.0,23.046
166008.SZ,20181018,1.07,0.995,0.995,0.995,0.995,-0.075,-7.0093,1.0,0.099
166009.SZ,20181018,1.356,1.331,1.331,1.313,1.314,-0.042,-3.0973,18.0,2.378
166011.SZ,20181018,1.009,1.016,1.016,1.013,1.013,0.004,0.3964,3.0,0.304
166012.SZ,20181018,1.059,1.059,1.059,1.059,1.059,0.0,0.0,38.0,4.024
166023.SZ,20181018,0.76,0.81,0.81,0.712,0.756,-0.004,-0.5263,514.0,36.903
166024.SZ,20181018,0.771,0.766,0.766,0.748,0.75,-0.021,-2.7237,20774.02,1566.553
166402.SZ,20181018,0.978,1.057,1.057,1.006,1.006,0.028,2.863,27.0,2.751
166902.SZ,20181018,1.026,1.025,1.028,1.025,1.028,0.002,0.1949,113.0,11.582
167001.SZ,20181018,0.595,0.595,0.595,0.585,0.585,-0.01,-1.6807,1159.0,68.083
167501.SZ,20181018,1.199,1.199,1.199,1.199,1.199,0.0,0.0,57.0,6.834
168101.SZ,20181018,0.746,0.727,0.745,0.727,0.733,-0.013,-1.7426,812.0,60.076
168102.SZ,20181018,0.661,0.66,0.66,0.65,0.657,-0.004,-0.6051,1212.0,79.265
168103.SZ,20181018,0.628,0.628,0.628,0.62,0.622,-0.006,-0.9554,51081.44,3181.193
168104.SZ,20181018,0.935,0.888,0.888,0.888,0.888,-0.047,-5.0267,90.0,7.992
168105.SZ,20181018,0.655,0.636,0.649,0.636,0.64,-0.015,-2.2901,4729.88,302.826
168108.SZ,20181018,1.0,0.905,0.99,0.9,0.99,-0.01,-1.0,198.0,18.165
168401.SZ,20181018,0.95,0.953,0.953,0.953,0.953,0.003,0.3158,1.0,0.095
169101.SZ,20181018,1.175,1.168,1.168,1.15,1.155,-0.02,-1.7021,26082.81,3023.648
169102.SZ,20181018,1.026,1.021,1.021,0.997,1.007,-0.019,-1.8519,852.0,85.634
169103.SZ,20181018,1.09,1.082,1.09,1.072,1.072,-0.018,-1.6514,2350.0,253.379
169104.SZ,20181018,1.033,1.032,1.032,1.01,1.015,-0.018,-1.7425,2345.0,237.693
169105.SZ,20181018,1.115,1.099,1.107,1.09,1.098,-0.017,-1.5247,44377.01,4865.006
169106.SZ,20181018,0.914,0.911,0.913,0.908,0.908,-0.006,-0.6565,3729.07,339.598
184801.SZ,20181018,90.503,90.505,90.505,90.081,90.081,-0.422,-0.4663,17.0,153.46
