ts_code,trade_date,pre_close,open,high,low,close,change,pct_chg,vol,amount
150012.SZ,20180829,1.054,1.064,1.066,1.059,1.059,0.005,0.4744,1475.79,156.744
150013.SZ,20180829,1.278,1.238,1.3,1.238,1.3,0.022,1.7214,1760.23,219.578
150016.SZ,20180829,1.035,1.035,1.035,1.035,1.035,0.0,0.0,22.0,2.277
150017.SZ,20180829,1.232,1.221,1.223,1.221,1.222,-0.01,-0.8117,533.0,65.104
150018.SZ,20180829,0.956,0.956,0.958,0.956,0.957,0.001,0.1046,59345.0,5680.073
150019.SZ,20180829,0.737,0.734,0.738,0.723,0.733,-0.004,-0.5427,430412.36,31392.442
150022.SZ,20180829,0.776,0.776,0.776,0.773,0.773,-0.003,-0.3866,13669.93,1056.998
150023.SZ,20180829,0.175,0.175,0.175,0.173,0.173,-0.002,-1.1429,140610.89,2444.793
150028.SZ,20180829,0.959,0.961,0.961,0.959,0.961,0.002,0.2086,1602.0,153.932
150029.SZ,20180829,1.064,1.041,1.049,1.041,1.049,-0.015,-1.4098,1.18,0.123
150031.SZ,20180829,0.759,0.742,0.755,0.742,0.755,-0.004,-0.527,13.51,1.002
150036.SZ,20180829,0.998,0.99,0.99,0.99,0.99,-0.008,-0.8016,2.0,0.198
150048.SZ,20180829,0.88,0.844,0.879,0.844,0.879,-0.001,-0.1136,109.16,9.219
150049.SZ,20180829,0.951,0.951,0.953,0.951,0.952,0.001,0.1052,1094.65,104.264
150050.SZ,20180829,0.665,0.663,0.663,0.658,0.663,-0.002,-0.3008,496.52,32.812
150051.SZ,20180829,0.962,0.963,0.965,0.963,0.965,0.003,0.3119,4690.24,452.096
150052.SZ,20180829,0.648,0.638,0.645,0.635,0.636,-0.012,-1.8519,4374.0,278.74
150055.SZ,20180829,0.971,0.972,0.972,0.972,0.972,0.001,0.103,0.8,0.077
150056.SZ,20180829,1.01,1.11,1.11,1.11,1.11,0.1,9.901,1.0,0.111
150073.SZ,20180829,0.991,0.975,0.99,0.975,0.99,-0.001,-0.1009,6.58,0.643
150100.SZ,20180829,0.972,0.97,0.97,0.97,0.97,-0.002,-0.2058,362.0,35.114
150101.SZ,20180829,1.05,1.042,1.045,1.042,1.045,-0.005,-0.4762,665.22,69.321
150106.SZ,20180829,1.065,1.065,1.066,1.065,1.066,0.001,0.0939,1740.0,185.454
150107.SZ,20180829,0.707,0.709,0.715,0.702,0.707,0.0,0.0,2626.38,186.013
150117.SZ,20180829,0.96,0.96,0.96,0.958,0.96,0.0,0.0,17618.97,1689.328
150118.SZ,20180829,0.913,0.909,0.934,0.904,0.924,0.011,1.2048,42986.37,3979.182
150121.SZ,20180829,1.006,1.016,1.016,1.007,1.008,0.002,0.1988,5230.0,527.241
150122.SZ,20180829,1.156,1.158,1.158,1.157,1.158,0.002,0.173,46.0,5.322
150123.SZ,20180829,1.01,1.009,1.01,1.008,1.01,0.0,0.0,11270.0,1136.34
150124.SZ,20180829,0.668,0.664,0.667,0.662,0.664,-0.004,-0.5988,708.0,47.031
150130.SZ,20180829,0.991,0.991,0.993,0.989,0.993,0.002,0.2018,34672.21,3437.351
150131.SZ,20180829,0.642,0.639,0.646,0.634,0.637,-0.005,-0.7788,303995.0,19407.438
150136.SZ,20180829,0.806,0.781,0.781,0.781,0.781,-0.025,-3.1017,1.0,0.078
150139.SZ,20180829,0.582,0.637,0.637,0.637,0.637,0.055,9.4502,1.0,0.063
150144.SZ,20180829,0.974,0.915,0.915,0.915,0.915,-0.059,-6.0575,1.0,0.091
150145.SZ,20180829,0.98,0.985,0.986,0.985,0.986,0.006,0.6122,171.0,16.846
150146.SZ,20180829,0.636,0.666,0.666,0.609,0.643,0.007,1.1006,1336.0,82.822
150148.SZ,20180829,1.053,1.045,1.045,1.045,1.045,-0.008,-0.7597,1.0,0.104
150149.SZ,20180829,0.716,0.719,0.719,0.706,0.714,-0.002,-0.2793,1259.0,89.974
150150.SZ,20180829,0.973,0.97,0.97,0.967,0.969,-0.004,-0.4111,6312.22,611.042
150151.SZ,20180829,0.828,0.838,0.838,0.796,0.813,-0.015,-1.8116,300.0,24.513
150152.SZ,20180829,0.942,0.942,0.944,0.942,0.944,0.002,0.2123,69828.11,6586.573
150153.SZ,20180829,1.046,1.043,1.045,1.026,1.03,-0.016,-1.5296,1038850.77,107238.82
150157.SZ,20180829,0.962,0.962,0.963,0.962,0.962,0.0,0.0,2315.0,222.733
150158.SZ,20180829,0.833,0.821,0.835,0.821,0.824,-0.009,-1.0804,1261.25,104.252
150164.SZ,20180829,0.978,0.979,0.979,0.979,0.979,0.001,0.1022,334.0,32.698
150165.SZ,20180829,0.957,0.905,0.958,0.905,0.958,0.001,0.1045,36.0,3.284
150167.SZ,20180829,0.983,0.958,0.983,0.958,0.983,0.0,0.0,11.0,1.056
150169.SZ,20180829,0.958,0.956,0.957,0.955,0.957,-0.001,-0.1044,20052.0,1916.976
150170.SZ,20180829,1.443,1.438,1.45,1.438,1.45,0.007,0.4851,106.0,15.244
150171.SZ,20180829,0.959,0.96,0.96,0.958,0.959,0.0,0.0,24134.07,2316.504
150172.SZ,20180829,0.489,0.486,0.487,0.478,0.481,-0.008,-1.636,389864.92,18796.22
150175.SZ,20180829,0.962,0.961,0.962,0.961,0.962,0.0,0.0,55980.0,5384.788
150176.SZ,20180829,1.04,1.04,1.047,1.035,1.038,-0.002,-0.1923,27245.0,2839.007
150177.SZ,20180829,0.956,0.956,0.957,0.956,0.957,0.001,0.1046,1679.24,160.577
150178.SZ,20180829,1.038,1.021,1.021,1.001,1.01,-0.028,-2.6975,151.42,15.435
150179.SZ,20180829,0.997,1.047,1.047,1.047,1.047,0.05,5.015,1.0,0.104
150180.SZ,20180829,1.063,1.06,1.07,1.051,1.051,-0.012,-1.1289,123.52,13.095
150181.SZ,20180829,0.979,0.979,0.98,0.979,0.98,0.001,0.1021,195167.89,19124.311
150182.SZ,20180829,0.397,0.396,0.402,0.387,0.398,0.001,0.2519,1212998.74,47791.978
150184.SZ,20180829,0.98,0.986,0.986,0.98,0.982,0.002,0.2041,1568.0,153.715
150185.SZ,20180829,0.316,0.314,0.316,0.308,0.309,-0.007,-2.2152,6294.0,195.668
150186.SZ,20180829,0.936,0.934,0.934,0.934,0.934,-0.002,-0.2137,132.0,12.328
150187.SZ,20180829,0.986,0.993,0.998,0.963,0.985,-0.001,-0.1014,412.74,40.094
150188.SZ,20180829,1.005,1.003,1.005,1.003,1.005,0.0,0.0,347.45,34.891
150189.SZ,20180829,0.652,0.605,0.651,0.605,0.648,-0.004,-0.6135,32.04,2.023
150190.SZ,20180829,0.987,0.985,0.986,0.985,0.986,-0.001,-0.1013,5385.0,530.461
150191.SZ,20180829,0.51,0.471,0.506,0.471,0.504,-0.006,-1.1765,3.75,0.183
150192.SZ,20180829,0.977,1.007,1.007,1.007,1.007,0.03,3.0706,38.25,3.851
150193.SZ,20180829,0.797,0.798,0.819,0.795,0.811,0.014,1.7566,1486.0,120.399
150194.SZ,20180829,0.958,0.958,0.959,0.957,0.959,0.001,0.1044,7561.24,724.299
150195.SZ,20180829,0.807,0.802,0.802,0.787,0.794,-0.013,-1.6109,14247.26,1129.084
150196.SZ,20180829,0.982,0.983,0.983,0.983,0.983,0.001,0.1018,6998.79,687.981
150197.SZ,20180829,0.656,0.651,0.654,0.642,0.645,-0.011,-1.6768,41902.03,2713.251
150198.SZ,20180829,1.085,1.088,1.089,1.078,1.089,0.004,0.3687,4.0,0.434
150199.SZ,20180829,1.338,1.33,1.33,1.312,1.323,-0.015,-1.1211,9733.0,1282.024
150200.SZ,20180829,0.952,0.951,0.953,0.951,0.953,0.001,0.105,16234.51,1546.644
150201.SZ,20180829,0.718,0.717,0.718,0.705,0.711,-0.007,-0.9749,270141.29,19195.49
150203.SZ,20180829,0.932,0.934,0.937,0.934,0.935,0.003,0.3219,1070.01,100.173
150204.SZ,20180829,0.92,0.9,0.901,0.892,0.9,-0.02,-2.1739,747.44,67.152
150205.SZ,20180829,0.967,0.968,0.968,0.966,0.967,0.0,0.0,66613.24,6442.085
150206.SZ,20180829,0.544,0.536,0.549,0.531,0.548,0.004,0.7353,167688.77,9079.261
150207.SZ,20180829,0.959,0.966,0.97,0.965,0.97,0.011,1.147,431.2,41.68
150208.SZ,20180829,1.051,1.081,1.081,1.073,1.076,0.025,2.3787,112.0,12.08
150209.SZ,20180829,0.958,0.958,0.959,0.958,0.959,0.001,0.1044,42571.71,4078.465
150210.SZ,20180829,0.671,0.666,0.666,0.66,0.665,-0.006,-0.8942,27049.51,1792.809
150211.SZ,20180829,0.943,0.944,0.944,0.943,0.944,0.001,0.106,20160.35,1902.813
150212.SZ,20180829,1.055,1.046,1.046,1.027,1.031,-0.024,-2.2749,48698.23,5018.468
150213.SZ,20180829,0.973,0.971,0.971,0.969,0.97,-0.003,-0.3083,1947.04,188.974
150214.SZ,20180829,0.616,0.6,0.614,0.598,0.612,-0.004,-0.6494,99.12,6.048
150215.SZ,20180829,1.087,1.196,1.196,1.031,1.196,0.109,10.0276,5336.0,586.843
150216.SZ,20180829,0.831,0.8,0.8,0.75,0.768,-0.063,-7.5812,327.09,25.852
150217.SZ,20180829,0.943,0.941,0.941,0.941,0.941,-0.002,-0.2121,302.0,28.418
150218.SZ,20180829,0.895,0.882,0.892,0.871,0.892,-0.003,-0.3352,466.42,40.917
150220.SZ,20180829,0.631,0.627,0.629,0.625,0.629,-0.002,-0.317,708.0,44.381
150221.SZ,20180829,1.037,1.037,1.038,1.035,1.036,-0.001,-0.0964,43780.9,4536.828
150222.SZ,20180829,0.85,0.85,0.855,0.839,0.852,0.002,0.2353,48744.57,4126.626
150223.SZ,20180829,1.012,1.012,1.012,1.011,1.012,0.0,0.0,13076.0,1322.426
150224.SZ,20180829,0.362,0.36,0.362,0.353,0.356,-0.006,-1.6575,1482358.66,52854.768
150225.SZ,20180829,1.038,1.0,1.0,1.0,1.0,-0.038,-3.6609,300.0,30.0
150226.SZ,20180829,0.948,0.853,0.854,0.853,0.854,-0.094,-9.9156,1.38,0.117
150227.SZ,20180829,0.964,0.964,0.965,0.963,0.964,0.0,0.0,54962.0,5300.258
150228.SZ,20180829,0.778,0.778,0.781,0.768,0.774,-0.004,-0.5141,316318.0,24488.734
150229.SZ,20180829,0.942,0.946,0.948,0.943,0.943,0.001,0.1062,333.06,31.463
150230.SZ,20180829,0.733,0.689,0.719,0.689,0.718,-0.015,-2.0464,1087.05,75.835
150232.SZ,20180829,0.785,0.777,0.8,0.745,0.8,0.015,1.9108,188.44,14.149
150235.SZ,20180829,0.959,0.957,0.957,0.957,0.957,-0.002,-0.2086,3601.0,344.615
150236.SZ,20180829,1.075,1.074,1.074,1.064,1.068,-0.007,-0.6512,2166.0,231.36
150237.SZ,20180829,0.965,0.966,0.968,0.965,0.965,0.0,0.0,1416.53,136.869
150238.SZ,20180829,0.798,0.718,0.718,0.718,0.718,-0.08,-10.0251,7.0,0.502
150241.SZ,20180829,0.958,0.958,0.962,0.958,0.959,0.001,0.1044,12.0,1.153
150242.SZ,20180829,0.953,0.948,0.949,0.936,0.939,-0.014,-1.469,437.0,41.049
150243.SZ,20180829,0.928,0.928,0.93,0.928,0.929,0.001,0.1078,23888.94,2218.643
150244.SZ,20180829,1.109,1.107,1.108,1.088,1.099,-0.01,-0.9017,16628.82,1823.65
150245.SZ,20180829,0.938,0.96,0.972,0.96,0.968,0.03,3.1983,3677.0,356.015
150246.SZ,20180829,0.806,0.772,0.799,0.772,0.799,-0.007,-0.8685,12.0,0.931
150248.SZ,20180829,0.888,0.893,0.894,0.863,0.894,0.006,0.6757,5.0,0.443
150250.SZ,20180829,0.917,0.927,0.927,0.927,0.927,0.01,1.0905,1.0,0.092
150252.SZ,20180829,0.887,0.886,0.886,0.886,0.886,-0.001,-0.1127,8.0,0.708
150255.SZ,20180829,0.949,0.947,0.947,0.943,0.943,-0.006,-0.6322,1345.0,127.033
150256.SZ,20180829,0.761,0.785,0.785,0.785,0.785,0.024,3.1537,0.78,0.061
150257.SZ,20180829,0.939,0.943,0.943,0.932,0.932,-0.007,-0.7455,2309.07,217.735
150258.SZ,20180829,1.179,1.296,1.296,1.296,1.296,0.117,9.9237,1.0,0.129
150259.SZ,20180829,0.94,0.94,0.94,0.94,0.94,0.0,0.0,90.0,8.46
150260.SZ,20180829,0.886,0.898,0.898,0.887,0.887,0.001,0.1129,61.81,5.548
150261.SZ,20180829,0.984,0.985,0.995,0.985,0.986,0.002,0.2033,11.46,1.129
150262.SZ,20180829,0.849,0.838,0.849,0.836,0.836,-0.013,-1.5312,517.46,43.488
150265.SZ,20180829,1.035,1.001,1.03,1.001,1.03,-0.005,-0.4831,6.33,0.651
150266.SZ,20180829,0.894,0.888,0.894,0.864,0.894,0.0,0.0,59.85,5.273
150268.SZ,20180829,0.939,0.939,0.939,0.939,0.939,0.0,0.0,1.0,0.093
150269.SZ,20180829,0.958,0.957,0.959,0.957,0.959,0.001,0.1044,3834.0,367.525
150270.SZ,20180829,1.176,1.17,1.186,1.16,1.18,0.004,0.3401,13882.46,1629.692
150272.SZ,20180829,1.081,1.081,1.084,1.081,1.084,0.003,0.2775,196.21,21.24
150273.SZ,20180829,0.927,0.941,0.95,0.941,0.942,0.015,1.6181,516.0,48.606
150274.SZ,20180829,1.118,1.1,1.117,1.1,1.1,-0.018,-1.61,600.58,66.913
150275.SZ,20180829,0.942,0.94,0.94,0.937,0.94,-0.002,-0.2123,1297.04,121.921
150276.SZ,20180829,1.117,1.096,1.124,1.096,1.122,0.005,0.4476,1618.13,180.637
150277.SZ,20180829,0.96,0.96,0.963,0.96,0.963,0.003,0.3125,1512.9,145.472
150278.SZ,20180829,0.79,0.796,0.796,0.761,0.79,0.0,0.0,675.89,53.203
150281.SZ,20180829,0.983,0.985,0.985,0.985,0.985,0.002,0.2035,100.0,9.85
150283.SZ,20180829,0.937,0.936,0.936,0.936,0.936,-0.001,-0.1067,5000.0,468.0
150284.SZ,20180829,0.82,0.82,0.822,0.82,0.822,0.002,0.2439,2.0,0.164
150287.SZ,20180829,0.986,0.986,0.986,0.985,0.986,0.0,0.0,12240.0,1206.846
150288.SZ,20180829,0.593,0.59,0.591,0.576,0.578,-0.015,-2.5295,77194.87,4498.932
150289.SZ,20180829,0.961,0.961,0.961,0.961,0.961,0.0,0.0,20081.0,1929.784
150290.SZ,20180829,0.894,0.89,0.896,0.878,0.882,-0.012,-1.3423,59039.64,5233.749
150291.SZ,20180829,0.989,0.987,0.989,0.987,0.989,0.0,0.0,5001.0,493.598
150292.SZ,20180829,0.638,0.655,0.655,0.655,0.655,0.017,2.6646,3.0,0.196
150295.SZ,20180829,0.983,0.98,0.98,0.979,0.979,-0.004,-0.4069,597.0,58.478
150297.SZ,20180829,0.959,0.957,0.959,0.957,0.959,0.0,0.0,257.9,24.708
150298.SZ,20180829,0.931,1.024,1.024,1.024,1.024,0.093,9.9893,311.27,31.874
150299.SZ,20180829,0.987,0.986,0.987,0.986,0.987,0.0,0.0,4276.0,422.021
150300.SZ,20180829,0.618,0.618,0.621,0.609,0.612,-0.006,-0.9709,5768.0,353.379
150301.SZ,20180829,0.993,0.99,0.992,0.99,0.992,-0.001,-0.1007,220.0,21.82
150302.SZ,20180829,0.443,0.443,0.443,0.401,0.435,-0.008,-1.8059,201.98,8.942
150303.SZ,20180829,0.955,0.954,0.956,0.954,0.956,0.001,0.1047,11950.92,1141.717
150304.SZ,20180829,1.101,1.094,1.096,1.08,1.09,-0.011,-0.9991,28933.2,3143.705
150306.SZ,20180829,1.18,1.172,1.172,1.12,1.172,-0.008,-0.678,30.0,3.469
150307.SZ,20180829,0.98,0.98,0.983,0.98,0.983,0.003,0.3061,5180.0,507.693
150308.SZ,20180829,0.423,0.385,0.414,0.385,0.4,-0.023,-5.4374,47.65,1.878
150310.SZ,20180829,0.501,0.495,0.495,0.451,0.492,-0.009,-1.7964,569.0,26.767
150311.SZ,20180829,0.991,0.99,0.99,0.99,0.99,-0.001,-0.1009,299.0,29.601
150312.SZ,20180829,0.345,0.319,0.378,0.319,0.378,0.033,9.5652,158.65,5.65
150315.SZ,20180829,0.985,0.979,0.979,0.979,0.979,-0.006,-0.6091,6.34,0.62
150316.SZ,20180829,0.384,0.362,0.383,0.362,0.38,-0.004,-1.0417,225.87,8.18
150321.SZ,20180829,1.043,1.041,1.043,1.041,1.043,0.0,0.0,5095.0,530.408
150322.SZ,20180829,0.848,0.854,0.854,0.831,0.835,-0.013,-1.533,86.0,7.201
150324.SZ,20180829,0.517,0.562,0.562,0.562,0.562,0.045,8.7041,1.0,0.056
150325.SZ,20180829,0.991,0.989,0.989,0.989,0.989,-0.002,-0.2018,1598.0,158.042
150327.SZ,20180829,0.965,0.968,0.985,0.968,0.982,0.017,1.7617,5100.34,495.92
150329.SZ,20180829,0.959,0.96,0.96,0.96,0.96,0.001,0.1043,300.0,28.8
150330.SZ,20180829,1.319,1.303,1.321,1.302,1.306,-0.013,-0.9856,1241.0,162.444
150335.SZ,20180829,0.988,0.986,0.99,0.986,0.99,0.002,0.2024,2857.0,282.031
150336.SZ,20180829,0.621,0.613,0.629,0.601,0.627,0.006,0.9662,543.0,32.796
159001.SZ,20180829,100.001,99.999,100.001,99.999,99.999,-0.002,-0.002,715177.17,7151771.433
159003.SZ,20180829,100.0,99.999,100.0,99.999,100.0,0.0,0.0,49630.87,496306.281
159005.SZ,20180829,100.001,99.999,100.001,99.999,100.0,-0.001,-0.001,458820.81,4588207.806
159901.SZ,20180829,3.973,3.96,3.968,3.937,3.944,-0.029,-0.7299,85364.0,33713.698
159902.SZ,20180829,2.89,2.889,2.889,2.86,2.875,-0.015,-0.519,45889.45,13163.467
159903.SZ,20180829,0.938,0.938,0.938,0.931,0.936,-0.002,-0.2132,6761.78,631.584
159905.SZ,20180829,1.401,1.395,1.403,1.391,1.393,-0.008,-0.571,8837.0,1234.065
159906.SZ,20180829,0.841,0.831,0.84,0.831,0.84,-0.001,-0.1189,9.0,0.755
159907.SZ,20180829,1.174,1.174,1.174,1.151,1.16,-0.014,-1.1925,1762.0,204.065
159908.SZ,20180829,1.4,1.478,1.498,1.478,1.488,0.088,6.2857,2.0,0.297
159909.SZ,20180829,4.21,4.183,4.183,4.159,4.159,-0.051,-1.2114,33.0,13.776
159910.SZ,20180829,1.506,1.506,1.506,1.497,1.501,-0.005,-0.332,1511.04,226.744
159911.SZ,20180829,3.498,3.445,3.45,3.445,3.45,-0.048,-1.3722,22.0,7.579
159912.SZ,20180829,1.131,1.131,1.137,1.118,1.131,0.0,0.0,1574.0,177.633
159913.SZ,20180829,1.524,1.523,1.54,1.518,1.518,-0.006,-0.3937,596.0,91.693
159915.SZ,20180829,1.423,1.42,1.421,1.405,1.411,-0.012,-0.8433,3866062.71,545976.663
159916.SZ,20180829,3.197,3.191,3.192,3.118,3.191,-0.006,-0.1877,185.0,58.604
159918.SZ,20180829,1.38,1.379,1.379,1.379,1.379,-0.001,-0.0725,90.0,12.411
159919.SZ,20180829,3.766,3.769,3.769,3.734,3.754,-0.012,-0.3186,53858.0,20209.04
159920.SZ,20180829,1.492,1.493,1.502,1.489,1.496,0.004,0.2681,1216415.0,181945.114
159922.SZ,20180829,5.155,5.152,5.153,5.118,5.131,-0.024,-0.4656,1490.0,765.427
159923.SZ,20180829,1.455,1.445,1.456,1.443,1.445,-0.01,-0.6873,896.0,129.852
159925.SZ,20180829,1.442,1.437,1.437,1.437,1.437,-0.005,-0.3467,575.0,82.627
159928.SZ,20180829,2.061,2.058,2.058,2.037,2.058,-0.003,-0.1456,7895.0,1617.503
159929.SZ,20180829,1.536,1.536,1.538,1.524,1.527,-0.009,-0.5859,7689.0,1175.828
159930.SZ,20180829,0.743,0.742,0.75,0.741,0.742,-0.001,-0.1346,794.0,59.09
159931.SZ,20180829,1.47,1.466,1.466,1.447,1.46,-0.01,-0.6803,1076.0,155.843
159932.SZ,20180829,1.389,1.389,1.414,1.377,1.378,-0.011,-0.7919,288.0,40.065
159933.SZ,20180829,1.69,1.675,1.675,1.674,1.674,-0.016,-0.9467,37.0,6.195
159934.SZ,20180829,2.635,2.62,2.624,2.618,2.621,-0.014,-0.5313,61549.0,16134.946
159935.SZ,20180829,1.354,1.337,1.35,1.29,1.348,-0.006,-0.4431,209.0,27.719
159936.SZ,20180829,1.264,1.253,1.263,1.253,1.254,-0.01,-0.7911,162.0,20.321
159937.SZ,20180829,2.652,2.64,2.641,2.636,2.64,-0.012,-0.4525,67692.0,17861.235
159938.SZ,20180829,1.295,1.291,1.296,1.287,1.291,-0.004,-0.3089,30716.0,3964.125
159939.SZ,20180829,0.91,0.908,0.911,0.901,0.905,-0.005,-0.5495,30440.0,2751.451
159940.SZ,20180829,0.822,0.824,0.833,0.82,0.833,0.011,1.3382,359.0,29.618
159941.SZ,20180829,1.703,1.7,1.712,1.7,1.709,0.006,0.3523,2812.15,480.582
159942.SZ,20180829,1.577,1.558,1.572,1.53,1.564,-0.013,-0.8244,314.0,48.34
159943.SZ,20180829,9.21,9.2,9.2,9.19,9.19,-0.02,-0.2172,56.0,51.498
159945.SZ,20180829,0.674,0.672,0.676,0.672,0.676,0.002,0.2967,273.09,18.368
159946.SZ,20180829,1.103,1.1,1.1,1.095,1.095,-0.008,-0.7253,385.0,42.301
159948.SZ,20180829,1.56,1.548,1.555,1.541,1.545,-0.015,-0.9615,11530.0,1781.541
159949.SZ,20180829,0.55,0.549,0.551,0.544,0.546,-0.004,-0.7273,5158054.03,281941.483
159950.SZ,20180829,0.928,0.892,0.907,0.892,0.9,-0.028,-3.0172,70.0,6.271
159952.SZ,20180829,0.856,0.855,0.855,0.847,0.849,-0.007,-0.8178,267114.13,22703.051
159953.SZ,20180829,0.716,0.715,0.715,0.715,0.715,-0.001,-0.1397,8.0,0.572
159954.SZ,20180829,0.985,0.984,0.988,0.983,0.984,-0.001,-0.1015,16666.15,1643.281
159955.SZ,20180829,0.811,0.81,0.81,0.801,0.804,-0.007,-0.8631,6688.0,539.366
159956.SZ,20180829,0.841,0.849,0.849,0.833,0.833,-0.008,-0.9512,1265.05,105.967
159957.SZ,20180829,0.868,0.869,0.869,0.862,0.864,-0.004,-0.4608,8184.0,709.473
159958.SZ,20180829,0.861,0.862,0.862,0.851,0.855,-0.006,-0.6969,17449.0,1492.794
160106.SZ,20180829,1.056,1.046,1.047,1.046,1.046,-0.01,-0.947,10.0,1.046
160119.SZ,20180829,1.252,1.251,1.251,1.241,1.248,-0.004,-0.3195,1014.0,126.319
160125.SZ,20180829,1.025,1.032,1.032,1.025,1.025,0.0,0.0,17.0,1.743
160133.SZ,20180829,2.121,2.131,2.131,2.098,2.099,-0.022,-1.0372,165.0,34.828
160140.SZ,20180829,1.07,1.074,1.074,1.068,1.072,0.002,0.1869,2144.53,229.725
160211.SZ,20180829,2.017,2.017,2.017,1.987,1.995,-0.022,-1.0907,999.25,199.736
160212.SZ,20180829,1.992,1.988,1.988,1.967,1.975,-0.017,-0.8534,1768.33,349.144
160215.SZ,20180829,1.343,1.336,1.336,1.326,1.329,-0.014,-1.0424,463.0,61.531
160216.SZ,20180829,0.554,0.553,0.553,0.547,0.547,-0.007,-1.2635,30555.0,1680.627
160223.SZ,20180829,0.705,0.707,0.708,0.701,0.704,-0.001,-0.1418,394.0,27.744
160225.SZ,20180829,0.808,0.808,0.808,0.804,0.806,-0.002,-0.2475,225.98,18.188
160311.SZ,20180829,1.367,1.384,1.384,1.361,1.361,-0.006,-0.4389,540.63,73.622
160314.SZ,20180829,0.9,0.891,0.891,0.886,0.887,-0.013,-1.4444,2247.0,199.701
160322.SZ,20180829,1.095,1.11,1.11,1.071,1.103,0.008,0.7306,25.0,2.762
160324.SZ,20180829,0.84,0.837,0.84,0.831,0.84,0.0,0.0,567.01,47.28
160415.SZ,20180829,0.85,0.821,0.821,0.817,0.817,-0.033,-3.8824,6.0,0.491
160416.SZ,20180829,1.099,1.094,1.105,1.094,1.102,0.003,0.273,1561.0,171.96
160421.SZ,20180829,0.863,0.866,0.866,0.863,0.863,0.0,0.0,1949.0,168.452
160505.SZ,20180829,1.444,1.444,1.444,1.425,1.427,-0.017,-1.1773,20322.27,2907.594
160512.SZ,20180829,1.528,1.523,1.523,1.516,1.516,-0.012,-0.7853,98.18,14.917
160515.SZ,20180829,1.006,1.007,1.007,1.007,1.007,0.001,0.0994,1.0,0.1
160518.SZ,20180829,0.924,0.924,0.924,0.924,0.924,0.0,0.0,399.0,36.867
160519.SZ,20180829,0.827,0.827,0.827,0.827,0.827,0.0,0.0,100.0,8.27
160520.SZ,20180829,0.925,0.921,0.921,0.919,0.919,-0.006,-0.6486,20.0,1.84
160522.SZ,20180829,0.873,0.859,0.859,0.859,0.859,-0.014,-1.6037,2.0,0.171
160607.SZ,20180829,0.663,0.659,0.659,0.656,0.656,-0.007,-1.0558,2073.0,136.203
160610.SZ,20180829,0.872,0.841,0.87,0.841,0.868,-0.004,-0.4587,159.0,13.828
160611.SZ,20180829,0.69,0.698,0.698,0.698,0.698,0.008,1.1594,1.0,0.069
160615.SZ,20180829,1.415,1.407,1.407,1.407,1.407,-0.008,-0.5654,2.0,0.281
160616.SZ,20180829,1.079,1.087,1.087,1.07,1.07,-0.009,-0.8341,31.0,3.352
160635.SZ,20180829,1.043,1.037,1.043,1.037,1.043,0.0,0.0,378.56,39.35
160643.SZ,20180829,0.779,0.781,0.781,0.778,0.778,-0.001,-0.1284,59.0,4.605
160706.SZ,20180829,0.973,0.974,0.974,0.966,0.969,-0.004,-0.4111,11421.99,1106.204
160716.SZ,20180829,1.44,1.437,1.438,1.432,1.435,-0.005,-0.3472,1236.28,177.367
160717.SZ,20180829,0.822,0.822,0.824,0.816,0.818,-0.004,-0.4866,2027.0,166.088
160719.SZ,20180829,0.677,0.676,0.678,0.675,0.677,0.0,0.0,2513.0,169.974
160720.SZ,20180829,1.124,1.088,1.088,1.062,1.062,-0.062,-5.516,167.0,17.74
160722.SZ,20180829,0.947,0.945,0.945,0.945,0.945,-0.002,-0.2112,200.0,18.9
160723.SZ,20180829,1.323,1.337,1.337,1.33,1.333,0.01,0.7559,743.0,98.913
160805.SZ,20180829,0.725,0.72,0.727,0.72,0.727,0.002,0.2759,74.0,5.361
160806.SZ,20180829,1.233,1.234,1.234,1.234,1.234,0.001,0.0811,0.73,0.09
160812.SZ,20180829,1.355,1.351,1.351,1.346,1.351,-0.004,-0.2952,1026.0,138.122
160813.SZ,20180829,0.723,0.722,0.722,0.72,0.722,-0.001,-0.1383,447.71,32.323
160916.SZ,20180829,2.576,2.566,2.566,2.556,2.565,-0.011,-0.427,89.35,22.896
160918.SZ,20180829,1.991,1.991,1.991,1.96,1.96,-0.031,-1.557,48.0,9.46
160919.SZ,20180829,1.058,1.048,1.06,1.043,1.05,-0.008,-0.7561,1257.0,131.505
160922.SZ,20180829,1.055,1.139,1.139,1.042,1.045,-0.01,-0.9479,444.0,47.976
161005.SZ,20180829,1.831,1.83,1.83,1.804,1.816,-0.015,-0.8192,7024.0,1275.213
161010.SZ,20180829,1.048,1.054,1.056,1.05,1.054,0.006,0.5725,3163.0,333.268
161015.SZ,20180829,0.936,0.96,0.96,0.96,0.96,0.024,2.5641,943.51,90.576
161017.SZ,20180829,1.907,1.907,1.921,1.9,1.907,0.0,0.0,1943.0,369.959
161019.SZ,20180829,0.936,0.937,0.937,0.937,0.937,0.001,0.1068,100.0,9.37
161033.SZ,20180829,0.804,0.809,0.809,0.802,0.806,0.002,0.2488,670.43,54.013
161037.SZ,20180829,0.926,0.917,0.917,0.917,0.917,-0.009,-0.9719,10.0,0.917
161039.SZ,20180829,0.968,0.965,0.967,0.965,0.967,-0.001,-0.1033,530.01,51.192
161116.SZ,20180829,0.694,0.692,0.695,0.691,0.693,-0.001,-0.1441,744.61,51.554
161125.SZ,20180829,1.244,1.24,1.245,1.24,1.242,-0.002,-0.1608,1460.0,181.4
161126.SZ,20180829,1.285,1.28,1.289,1.28,1.283,-0.002,-0.1556,236.46,30.303
161127.SZ,20180829,1.446,1.451,1.459,1.45,1.457,0.011,0.7607,3868.91,562.838
161128.SZ,20180829,1.471,1.479,1.479,1.467,1.475,0.004,0.2719,325.0,47.883
161129.SZ,20180829,1.277,1.278,1.278,1.267,1.271,-0.006,-0.4699,1648.58,209.542
161130.SZ,20180829,1.268,1.268,1.272,1.268,1.27,0.002,0.1577,150.0,19.032
161210.SZ,20180829,1.049,1.039,1.039,1.039,1.039,-0.01,-0.9533,1.0,0.103
161217.SZ,20180829,0.636,0.635,0.635,0.635,0.635,-0.001,-0.1572,70.0,4.445
161219.SZ,20180829,1.195,1.175,1.175,1.175,1.175,-0.02,-1.6736,5.0,0.587
161222.SZ,20180829,1.096,1.095,1.095,1.095,1.095,-0.001,-0.0912,1.0,0.109
161225.SZ,20180829,1.051,1.02,1.025,1.02,1.024,-0.027,-2.569,71.0,7.261
161226.SZ,20180829,0.761,0.758,0.76,0.757,0.759,-0.002,-0.2628,8973.0,680.253
161227.SZ,20180829,0.845,0.841,0.845,0.839,0.842,-0.003,-0.355,1139.44,95.791
161232.SZ,20180829,0.617,0.616,0.616,0.616,0.616,-0.001,-0.1621,550.03,33.881
161607.SZ,20180829,1.071,1.063,1.063,1.063,1.063,-0.008,-0.747,50.0,5.315
161610.SZ,20180829,0.953,0.946,0.959,0.945,0.952,-0.001,-0.1049,1115.69,105.564
161614.SZ,20180829,1.043,1.037,1.037,1.037,1.037,-0.006,-0.5753,10.0,1.037
161631.SZ,20180829,0.884,0.884,0.886,0.877,0.884,0.0,0.0,10422.18,918.19
161706.SZ,20180829,1.397,1.398,1.458,1.384,1.393,-0.004,-0.2863,1021.0,148.586
161713.SZ,20180829,1.026,1.026,1.026,1.026,1.026,0.0,0.0,2.0,0.205
161714.SZ,20180829,1.007,1.005,1.01,1.004,1.006,-0.001,-0.0993,60.0,6.036
161715.SZ,20180829,0.846,0.84,0.84,0.84,0.84,-0.006,-0.7092,872.0,73.248
161810.SZ,20180829,1.278,1.27,1.293,1.27,1.289,0.011,0.8607,81.0,10.47
161815.SZ,20180829,0.498,0.498,0.498,0.494,0.496,-0.002,-0.4016,2218.0,109.871
161831.SZ,20180829,1.001,0.998,0.998,0.998,0.998,-0.003,-0.2997,123.0,12.275
161834.SZ,20180829,0.717,0.717,0.717,0.715,0.716,-0.001,-0.1395,26418.0,1892.1
161903.SZ,20180829,0.71,0.709,0.709,0.707,0.707,-0.003,-0.4225,26.0,1.838
161907.SZ,20180829,1.516,1.521,1.521,1.521,1.521,0.005,0.3298,8.0,1.216
161911.SZ,20180829,1.009,1.009,1.011,1.008,1.011,0.002,0.1982,7373.3,744.863
162006.SZ,20180829,1.067,1.088,1.088,1.066,1.066,-0.001,-0.0937,123.0,13.228
162105.SZ,20180829,1.032,1.032,1.032,1.032,1.032,0.0,0.0,22.0,2.27
162108.SZ,20180829,1.152,1.148,1.148,1.148,1.148,-0.004,-0.3472,413.0,47.412
162207.SZ,20180829,1.19,1.186,1.186,1.186,1.186,-0.004,-0.3361,1.0,0.118
162215.SZ,20180829,0.971,0.967,0.967,0.967,0.967,-0.004,-0.4119,300.0,29.01
162307.SZ,20180829,1.16,1.163,1.163,1.163,1.163,0.003,0.2586,2.0,0.232
162411.SZ,20180829,0.703,0.7,0.7,0.697,0.698,-0.005,-0.7112,109349.6,7631.852
162415.SZ,20180829,1.508,1.504,1.508,1.504,1.507,-0.001,-0.0663,2027.0,305.317
162416.SZ,20180829,1.012,1.007,1.013,1.006,1.013,0.001,0.0988,285.0,28.731
162510.SZ,20180829,0.838,0.837,0.837,0.833,0.833,-0.005,-0.5967,8.0,0.668
162605.SZ,20180829,1.197,1.191,1.193,1.183,1.189,-0.008,-0.6683,14222.22,1688.398
162607.SZ,20180829,0.442,0.442,0.444,0.441,0.442,0.0,0.0,4582.94,202.557
162703.SZ,20180829,1.263,1.26,1.26,1.258,1.258,-0.005,-0.3959,325.0,40.909
162711.SZ,20180829,1.084,1.076,1.079,1.073,1.073,-0.011,-1.0148,92.0,9.89
162718.SZ,20180829,0.936,0.94,0.94,0.936,0.936,0.0,0.0,841.0,78.785
162719.SZ,20180829,1.201,1.21,1.21,1.21,1.21,0.009,0.7494,6.0,0.726
163001.SZ,20180829,0.934,0.934,0.934,0.923,0.923,-0.011,-1.1777,24.0,2.222
163111.SZ,20180829,0.914,0.915,0.915,0.909,0.91,-0.004,-0.4376,631.3,57.422
163210.SZ,20180829,1.088,1.087,1.089,1.087,1.089,0.001,0.0919,5238.0,569.752
163302.SZ,20180829,1.115,1.111,1.117,1.111,1.116,0.001,0.0897,26.0,2.897
163402.SZ,20180829,0.838,0.836,0.839,0.831,0.835,-0.003,-0.358,21517.87,1794.472
163407.SZ,20180829,1.663,1.663,1.667,1.652,1.653,-0.01,-0.6013,2053.0,339.614
163412.SZ,20180829,2.963,2.963,2.969,2.95,2.95,-0.013,-0.4387,2155.9,637.977
163415.SZ,20180829,1.44,1.443,1.444,1.433,1.435,-0.005,-0.3472,1514.0,218.187
163417.SZ,20180829,0.843,0.842,0.843,0.837,0.839,-0.004,-0.4745,132299.71,11109.897
163503.SZ,20180829,0.433,0.426,0.43,0.425,0.425,-0.008,-1.8476,2148.4,91.389
163801.SZ,20180829,1.258,1.248,1.256,1.233,1.243,-0.015,-1.1924,193.0,23.993
163824.SZ,20180829,1.038,1.039,1.039,1.039,1.039,0.001,0.0963,101.0,10.493
163827.SZ,20180829,1.03,1.018,1.018,1.018,1.018,-0.012,-1.165,1.0,0.101
164206.SZ,20180829,1.036,1.092,1.092,1.092,1.092,0.056,5.4054,4.0,0.436
164208.SZ,20180829,1.18,1.182,1.182,1.182,1.182,0.002,0.1695,107.0,12.647
164210.SZ,20180829,1.035,1.031,1.031,1.031,1.031,-0.004,-0.3865,36.0,3.711
164701.SZ,20180829,0.582,0.583,0.583,0.579,0.583,0.001,0.1718,987.0,57.339
164703.SZ,20180829,0.838,0.837,0.837,0.837,0.837,-0.001,-0.1193,17.0,1.422
164705.SZ,20180829,1.203,1.204,1.204,1.184,1.184,-0.019,-1.5794,2.0,0.238
164824.SZ,20180829,1.0,1.001,1.001,0.997,0.999,-0.001,-0.1,478.03,47.74
164906.SZ,20180829,1.321,1.313,1.32,1.313,1.317,-0.004,-0.3028,4335.47,570.879
165309.SZ,20180829,1.076,1.082,1.085,1.071,1.071,-0.005,-0.4647,15.15,1.638
165311.SZ,20180829,1.295,1.283,1.283,1.283,1.283,-0.012,-0.9266,1.0,0.128
165313.SZ,20180829,1.223,1.223,1.226,1.22,1.223,0.0,0.0,1137.1,138.779
165508.SZ,20180829,1.454,1.453,1.453,1.451,1.451,-0.003,-0.2063,9.0,1.306
165513.SZ,20180829,0.48,0.482,0.482,0.475,0.477,-0.003,-0.625,948.0,45.144
165525.SZ,20180829,0.847,0.85,0.85,0.838,0.841,-0.006,-0.7084,641.0,54.247
165807.SZ,20180829,1.005,1.015,1.015,1.015,1.015,0.01,0.995,28.0,2.842
166001.SZ,20180829,0.993,0.989,0.989,0.983,0.985,-0.008,-0.8056,238.0,23.419
166006.SZ,20180829,1.016,1.006,1.008,1.006,1.008,-0.008,-0.7874,2.0,0.201
166009.SZ,20180829,1.49,1.482,1.482,1.473,1.473,-0.017,-1.1409,3.0,0.442
166011.SZ,20180829,1.171,1.174,1.174,1.163,1.165,-0.006,-0.5124,9.0,1.05
166023.SZ,20180829,0.848,0.86,0.86,0.86,0.86,0.012,1.4151,8.0,0.688
166024.SZ,20180829,0.902,0.898,0.905,0.898,0.903,0.001,0.1109,16975.0,1532.879
167001.SZ,20180829,0.667,0.665,0.666,0.665,0.665,-0.002,-0.2999,3065.61,203.865
168101.SZ,20180829,0.829,0.827,0.828,0.825,0.828,-0.001,-0.1206,30524.8,2521.448
168102.SZ,20180829,0.741,0.735,0.736,0.733,0.736,-0.005,-0.6748,2651.07,194.841
168103.SZ,20180829,0.698,0.7,0.7,0.693,0.695,-0.003,-0.4298,17856.09,1239.727
168105.SZ,20180829,0.72,0.72,0.72,0.717,0.717,-0.003,-0.4167,3890.0,279.778
169101.SZ,20180829,1.356,1.354,1.354,1.344,1.347,-0.009,-0.6637,36262.79,4884.05
169102.SZ,20180829,1.227,1.22,1.225,1.215,1.221,-0.006,-0.489,325.0,39.633
169103.SZ,20180829,1.244,1.235,1.244,1.224,1.238,-0.006,-0.4823,943.0,116.731
169104.SZ,20180829,1.235,1.23,1.232,1.23,1.23,-0.005,-0.4049,526.0,64.703
169105.SZ,20180829,1.308,1.305,1.305,1.294,1.3,-0.008,-0.6116,64977.0,8432.378
169106.SZ,20180829,0.934,0.933,0.933,0.925,0.93,-0.004,-0.4283,7505.98,697.625
184801.SZ,20180829,88.567,88.587,88.69,88.2,88.21,-0.357,-0.4031,483.0,4262.645
501001.SH,20180829,1.043,1.059,1.059,1.04,1.048,0.005,0.4794,1376.0,145.183
501002.SH,20180829,0.628,0.629,0.629,0.629,0.629,0.001,0.1592,21.0,1.321
501005.SH,20180829,0.859,0.861,0.861,0.85,0.854,-0.005,-0.5821,1002.52,85.533
501007.SH,20180829,0.919,0.911,0.912,0.906,0.91,-0.009,-0.9793,5.0,0.455
501008.SH,20180829,0.917,0.939,0.94,0.939,0.939,0.022,2.3991,3.0,0.282
501009.SH,20180829,1.137,1.096,1.126,1.096,1.126,-0.011,-0.9675,33.0,3.647
501010.SH,20180829,1.115,1.112,1.112,1.105,1.105,-0.01,-0.8969,9.0,0.997
501011.SH,20180829,0.907,0.898,0.899,0.898,0.899,-0.008,-0.882,14.0,1.258
501012.SH,20180829,0.899,0.896,0.902,0.895,0.902,0.003,0.3337,237.07,21.257
501015.SH,20180829,0.839,0.838,0.84,0.833,0.836,-0.003,-0.3576,18681.25,1563.957
501016.SH,20180829,0.74,0.735,0.743,0.735,0.743,0.003,0.4054,299.0,22.088
501017.SH,20180829,0.816,0.816,0.816,0.816,0.816,0.0,0.0,478.63,39.056
501018.SH,20180829,1.258,1.257,1.257,1.25,1.25,-0.008,-0.6359,10516.0,1316.804
501019.SH,20180829,0.687,0.687,0.687,0.683,0.686,-0.001,-0.1456,847.0,57.963
501021.SH,20180829,1.402,1.403,1.403,1.39,1.4,-0.002,-0.1427,592.0,82.873
501022.SH,20180829,0.764,0.764,0.767,0.764,0.767,0.003,0.3927,33395.97,2552.694
501023.SH,20180829,1.113,1.092,1.14,1.092,1.135,0.022,1.9766,113.0,12.816
501025.SH,20180829,1.115,1.125,1.125,1.065,1.092,-0.023,-2.0628,105.0,11.654
501026.SH,20180829,0.767,0.77,0.77,0.761,0.762,-0.005,-0.6519,1291.6,98.598
501027.SH,20180829,0.995,0.995,0.995,0.992,0.992,-0.003,-0.3015,5013.0,498.29
501028.SH,20180829,0.75,0.735,0.735,0.731,0.731,-0.019,-2.5333,694.0,51.007
501029.SH,20180829,0.923,0.924,0.924,0.916,0.918,-0.005,-0.5417,39050.0,3585.144
501030.SH,20180829,0.6,0.608,0.608,0.594,0.605,0.005,0.8333,15.0,0.91
501031.SH,20180829,0.611,0.618,0.618,0.615,0.615,0.004,0.6547,16.0,0.987
501035.SH,20180829,0.94,0.955,0.955,0.944,0.944,0.004,0.4255,190.0,17.937
501036.SH,20180829,0.793,0.793,0.793,0.79,0.79,-0.003,-0.3783,336.0,26.632
501037.SH,20180829,0.783,0.789,0.789,0.787,0.787,0.004,0.5109,4.0,0.315
501038.SH,20180829,0.96,0.959,0.959,0.946,0.954,-0.006,-0.625,4970.8,473.438
501040.SH,20180829,0.974,0.976,0.976,0.974,0.975,0.001,0.1027,938.0,91.466
501043.SH,20180829,0.909,0.909,0.909,0.902,0.903,-0.006,-0.6601,434.0,39.229
501045.SH,20180829,0.909,0.903,0.903,0.903,0.903,-0.006,-0.6601,1.0,0.09
501046.SH,20180829,0.822,0.826,0.826,0.823,0.823,0.001,0.1217,4998.31,412.201
501047.SH,20180829,0.732,0.728,0.733,0.727,0.733,0.001,0.1366,118.0,8.583
501048.SH,20180829,0.748,0.734,0.734,0.733,0.733,-0.015,-2.0053,41.81,3.066
501049.SH,20180829,0.941,0.936,0.94,0.935,0.939,-0.002,-0.2125,2972.41,278.563
501050.SH,20180829,1.136,1.136,1.136,1.128,1.132,-0.004,-0.3521,8558.73,967.729
501051.SH,20180829,0.898,0.866,0.884,0.866,0.874,-0.024,-2.6726,421.06,36.53
501053.SH,20180829,0.96,0.979,0.979,0.979,0.979,0.019,1.9792,8.9,0.871
501057.SH,20180829,0.866,0.895,0.895,0.866,0.867,0.001,0.1155,170.02,14.829
501058.SH,20180829,0.87,0.862,0.862,0.862,0.862,-0.008,-0.9195,10.0,0.862
501300.SH,20180829,0.975,0.978,0.98,0.974,0.98,0.005,0.5128,5661.0,553.705
501301.SH,20180829,1.171,1.195,1.195,1.166,1.174,0.003,0.2562,989.81,115.524
501305.SH,20180829,0.956,0.941,0.95,0.941,0.95,-0.006,-0.6276,2.46,0.233
502001.SH,20180829,0.985,0.99,0.99,0.99,0.99,0.005,0.5076,1.0,0.099
502003.SH,20180829,0.71,0.714,0.715,0.708,0.713,0.003,0.4225,3466.28,246.425
502004.SH,20180829,0.945,0.946,0.946,0.945,0.945,0.0,0.0,2072.86,195.96
502005.SH,20180829,0.479,0.479,0.479,0.467,0.478,-0.001,-0.2088,2764.9,131.572
502006.SH,20180829,0.921,0.914,0.919,0.912,0.919,-0.002,-0.2172,83.35,7.62
502007.SH,20180829,0.938,0.938,0.939,0.936,0.939,0.001,0.1066,372.07,34.924
502008.SH,20180829,0.9,0.9,0.99,0.893,0.893,-0.007,-0.7778,965.46,87.932
502010.SH,20180829,0.801,0.786,0.798,0.786,0.794,-0.007,-0.8739,150.11,11.973
502011.SH,20180829,0.935,0.933,0.933,0.933,0.933,-0.002,-0.2139,2.0,0.187
502012.SH,20180829,0.679,0.65,0.675,0.648,0.66,-0.019,-2.7982,1313.22,85.895
502013.SH,20180829,0.7,0.703,0.703,0.693,0.698,-0.002,-0.2857,2681.25,187.322
502014.SH,20180829,0.986,0.987,0.987,0.986,0.986,0.0,0.0,1574.0,155.249
502015.SH,20180829,0.414,0.408,0.413,0.408,0.413,-0.001,-0.2415,6652.36,273.845
502020.SH,20180829,0.901,0.881,0.881,0.881,0.881,-0.02,-2.2198,5.0,0.441
502021.SH,20180829,0.984,0.991,0.991,0.991,0.991,0.007,0.7114,81.0,8.027
502023.SH,20180829,0.908,0.911,0.911,0.911,0.911,0.003,0.3304,1.0,0.091
502031.SH,20180829,0.933,0.961,0.97,0.961,0.97,0.037,3.9657,51.0,4.938
502040.SH,20180829,1.137,1.129,1.129,1.129,1.129,-0.008,-0.7036,1.0,0.113
502048.SH,20180829,0.842,0.842,0.842,0.84,0.841,-0.001,-0.1188,6222.65,523.85
502049.SH,20180829,0.955,0.954,0.955,0.954,0.955,0.0,0.0,15927.5,1520.845
502050.SH,20180829,0.735,0.733,0.734,0.726,0.728,-0.007,-0.9524,15859.27,1153.949
502053.SH,20180829,0.67,0.665,0.665,0.665,0.665,-0.005,-0.7463,513.0,34.115
502054.SH,20180829,0.996,0.996,0.997,0.996,0.997,0.001,0.1004,13957.0,1391.488
502055.SH,20180829,0.346,0.346,0.346,0.331,0.339,-0.007,-2.0231,1051.0,35.595
502056.SH,20180829,1.015,1.015,1.017,1.007,1.017,0.002,0.197,1746.78,177.646
502058.SH,20180829,0.99,0.976,0.976,0.976,0.976,-0.014,-1.4141,20.0,1.952
505888.SH,20180829,0.965,0.962,0.966,0.962,0.964,-0.001,-0.1036,94893.34,9144.966
510010.SH,20180829,1.048,1.042,1.042,1.038,1.038,-0.01,-0.9542,113.0,11.734
510020.SH,20180829,2.54,2.55,2.568,2.523,2.523,-0.017,-0.6693,201.2,51.234
510030.SH,20180829,4.686,4.679,4.7,4.594,4.634,-0.052,-1.1097,159.23,74.027
510050.SH,20180829,2.56,2.557,2.564,2.549,2.553,-0.007,-0.2734,2354116.96,601329.629
510060.SH,20180829,1.715,1.714,1.714,1.704,1.704,-0.011,-0.6414,891.0,152.247
510090.SH,20180829,1.499,1.484,1.511,1.467,1.511,0.012,0.8005,281.01,41.626
510110.SH,20180829,3.153,3.152,3.155,3.152,3.155,0.002,0.0634,9.0,2.839
510150.SH,20180829,4.66,4.62,4.695,4.558,4.571,-0.089,-1.9099,4774.0,2188.263
510160.SH,20180829,0.531,0.531,0.531,0.528,0.528,-0.003,-0.565,3090.0,163.581
510170.SH,20180829,1.694,1.663,1.663,1.66,1.662,-0.032,-1.889,18.3,3.043
510180.SH,20180829,3.044,3.048,3.048,3.027,3.034,-0.01,-0.3285,92693.28,28119.36
510190.SH,20180829,3.09,3.07,3.07,3.06,3.06,-0.03,-0.9709,3.0,0.919
510210.SH,20180829,3.347,3.344,3.347,3.344,3.347,0.0,0.0,400.0,133.879
510220.SH,20180829,3.727,3.749,3.749,3.662,3.749,0.022,0.5903,59.0,22.05
510230.SH,20180829,5.57,5.558,5.57,5.415,5.536,-0.034,-0.6104,41522.0,22991.68
510260.SH,20180829,1.061,1.062,1.062,1.062,1.062,0.001,0.0943,99.0,10.514
510270.SH,20180829,1.019,1.008,1.016,0.998,1.016,-0.003,-0.2944,151.0,15.161
510280.SH,20180829,1.624,1.614,1.635,1.612,1.635,0.011,0.6773,221.0,35.863
510290.SH,20180829,1.338,1.333,1.333,1.333,1.333,-0.005,-0.3737,58.0,7.731
510300.SH,20180829,3.463,3.459,3.463,3.441,3.45,-0.013,-0.3754,1323573.16,456314.437
510310.SH,20180829,1.47,1.462,1.472,1.458,1.465,-0.005,-0.3401,131567.0,19234.052
510330.SH,20180829,3.746,3.74,3.742,3.72,3.731,-0.015,-0.4004,50488.0,18821.991
510360.SH,20180829,1.091,1.088,1.09,1.082,1.086,-0.005,-0.4583,92387.0,10043.827
510390.SH,20180829,3.448,3.439,3.45,3.434,3.437,-0.011,-0.319,32528.32,11197.41
510410.SH,20180829,0.65,0.648,0.653,0.639,0.649,-0.001,-0.1538,1150.0,74.595
510420.SH,20180829,1.237,1.217,1.229,1.217,1.229,-0.008,-0.6467,2.0,0.245
510430.SH,20180829,1.31,1.31,1.31,1.31,1.31,0.0,0.0,1.0,0.131
510440.SH,20180829,1.438,1.432,1.438,1.432,1.438,0.0,0.0,14.0,2.011
510500.SH,20180829,5.286,5.27,5.283,5.232,5.259,-0.027,-0.5108,829121.67,435329.537
510510.SH,20180829,1.397,1.397,1.397,1.384,1.389,-0.008,-0.5727,82945.0,11514.064
510580.SH,20180829,5.16,5.15,5.23,5.15,5.15,-0.01,-0.1938,56.0,29.216
510590.SH,20180829,5.05,5.033,5.034,5.004,5.027,-0.023,-0.4554,12928.23,6489.867
510630.SH,20180829,2.166,2.17,2.17,2.152,2.156,-0.01,-0.4617,1002.0,216.155
510650.SH,20180829,1.632,1.62,1.629,1.62,1.626,-0.006,-0.3676,58.0,9.423
510660.SH,20180829,1.87,1.869,1.87,1.854,1.862,-0.008,-0.4278,1306.0,242.866
510680.SH,20180829,2.155,2.188,2.283,2.139,2.139,-0.016,-0.7425,32.0,6.895
510710.SH,20180829,2.725,2.714,2.725,2.71,2.714,-0.011,-0.4037,1790.0,486.02
510800.SH,20180829,0.878,0.878,0.88,0.873,0.877,-0.001,-0.1139,7464.0,654.205
510810.SH,20180829,0.826,0.827,0.827,0.815,0.816,-0.01,-1.2107,3317.0,271.161
510880.SH,20180829,2.707,2.705,2.709,2.687,2.704,-0.003,-0.1108,65725.33,17716.777
510900.SH,20180829,1.192,1.192,1.198,1.188,1.191,-0.001,-0.0839,14225889.04,1696260.395
511010.SH,20180829,113.136,113.379,113.379,113.013,113.29,0.154,0.1361,4190.0,47477.939
511220.SH,20180829,93.393,93.4,93.69,93.4,93.678,0.285,0.3052,205.0,1916.341
511260.SH,20180829,102.218,102.5,103.25,102.296,102.333,0.115,0.1125,1404.8,14377.897
511280.SH,20180829,99.5,99.5,99.5,99.5,99.5,0.0,0.0,0.1,0.995
511290.SH,20180829,101.3,101.3,101.3,101.3,101.3,0.0,0.0,0.8,8.104
511310.SH,20180829,102.101,102.101,102.58,102.101,102.58,0.479,0.4691,1.2,12.301
511600.SH,20180829,99.997,99.995,99.997,99.994,99.996,-0.001,-0.001,2428.21,24280.924
511620.SH,20180829,99.98,99.972,99.972,99.961,99.961,-0.019,-0.019,1.02,10.197
511650.SH,20180829,99.995,99.995,99.998,99.994,99.997,0.002,0.002,5286.47,52862.844
511660.SH,20180829,100.013,100.005,100.015,100.004,100.015,0.002,0.002,79912.96,799218.262
511670.SH,20180829,99.995,99.994,99.996,99.993,99.996,0.001,0.001,1149.35,11492.906
511690.SH,20180829,99.996,99.994,99.999,99.993,99.996,0.0,0.0,49947.07,499449.797
511700.SH,20180829,99.997,99.995,99.996,99.992,99.996,-0.001,-0.001,3004.66,30044.949
511770.SH,20180829,99.996,99.996,100.014,99.996,100.002,0.006,0.006,28.0,280.028
511800.SH,20180829,99.995,99.997,99.997,99.992,99.997,0.002,0.002,945.3,9452.347
511810.SH,20180829,99.999,99.996,100.008,99.996,100.005,0.006,0.006,99473.31,994735.509
511820.SH,20180829,99.998,99.996,100.001,99.994,100.001,0.003,0.003,62561.72,625598.155
511830.SH,20180829,99.999,99.993,99.997,99.993,99.996,-0.003,-0.003,1115.42,11153.533
511850.SH,20180829,100.019,100.015,100.023,100.013,100.021,0.002,0.002,26110.87,261156.126
511860.SH,20180829,99.995,99.994,99.996,99.992,99.995,0.0,0.0,969.69,9696.267
511880.SH,20180829,102.675,102.68,102.705,102.678,102.7,0.025,0.0243,957544.84,9833237.96
511900.SH,20180829,100.019,100.014,100.03,100.014,100.03,0.011,0.011,9453.6,94555.745
511910.SH,20180829,99.988,99.986,99.993,99.985,99.99,0.002,0.002,21.0,209.98
511920.SH,20180829,99.991,99.993,100.028,99.972,100.028,0.037,0.037,50.0,499.923
511960.SH,20180829,100.029,99.993,99.993,99.993,99.993,-0.036,-0.036,0.01,0.1
511970.SH,20180829,100.116,100.131,100.78,100.022,100.174,0.058,0.0579,635.26,6365.425
511980.SH,20180829,99.993,99.991,99.995,99.991,99.993,0.0,0.0,109.3,1092.927
511990.SH,20180829,100.007,100.0,100.011,99.999,100.01,0.003,0.003,629325.89,6293565.596
512000.SH,20180829,0.696,0.695,0.695,0.689,0.69,-0.006,-0.8621,249614.0,17261.271
512010.SH,20180829,1.768,1.758,1.766,1.753,1.759,-0.009,-0.509,23278.0,4094.943
512070.SH,20180829,1.692,1.685,1.689,1.685,1.689,-0.003,-0.1773,1660.0,279.901
512090.SH,20180829,0.918,0.918,0.918,0.913,0.916,-0.002,-0.2179,1206533.6,110429.636
512100.SH,20180829,0.625,0.624,0.624,0.619,0.622,-0.003,-0.48,8266.0,513.209
512120.SH,20180829,1.552,1.549,1.55,1.542,1.543,-0.009,-0.5799,7031.0,1087.733
512160.SH,20180829,0.92,0.919,0.92,0.915,0.919,-0.001,-0.1087,223981.0,20561.646
512180.SH,20180829,0.899,0.899,0.899,0.893,0.895,-0.004,-0.4449,958127.0,85843.326
512200.SH,20180829,0.757,0.755,0.76,0.754,0.756,-0.001,-0.1321,2848.0,216.077
512220.SH,20180829,1.168,1.145,1.167,1.14,1.167,-0.001,-0.0856,72.0,8.362
512280.SH,20180829,0.899,0.897,0.898,0.892,0.895,-0.004,-0.4449,171375.0,15344.141
512300.SH,20180829,1.086,1.084,1.085,1.076,1.081,-0.005,-0.4604,6844.0,740.854
512310.SH,20180829,0.464,0.464,0.464,0.46,0.46,-0.004,-0.8621,3699.0,170.375
512330.SH,20180829,0.706,0.707,0.707,0.696,0.7,-0.006,-0.8499,24134.0,1686.027
512340.SH,20180829,0.782,0.778,0.778,0.775,0.775,-0.007,-0.8951,626.0,48.632
512360.SH,20180829,0.946,0.944,0.944,0.937,0.939,-0.007,-0.74,12614.0,1187.358
512390.SH,20180829,0.908,0.903,0.903,0.902,0.902,-0.006,-0.6608,20.0,1.805
512400.SH,20180829,0.68,0.68,0.68,0.671,0.674,-0.006,-0.8824,11122.0,749.334
512500.SH,20180829,2.458,2.461,2.461,2.439,2.444,-0.014,-0.5696,78970.94,19334.043
512510.SH,20180829,1.05,1.051,1.051,1.041,1.044,-0.006,-0.5714,11525.0,1202.24
512520.SH,20180829,0.903,0.904,0.904,0.894,0.898,-0.005,-0.5537,34673.49,3116.392
512550.SH,20180829,0.985,0.985,0.986,0.981,0.984,-0.001,-0.1015,20169.0,1982.015
512560.SH,20180829,0.764,0.756,0.756,0.75,0.751,-0.013,-1.7016,237.0,17.851
512570.SH,20180829,0.697,0.67,0.7,0.67,0.7,0.003,0.4304,459.0,31.504
512580.SH,20180829,0.736,0.735,0.735,0.728,0.73,-0.006,-0.8152,76034.0,5552.37
512600.SH,20180829,2.159,2.245,2.245,2.107,2.114,-0.045,-2.0843,61.0,12.955
512610.SH,20180829,1.529,1.525,1.525,1.5,1.504,-0.025,-1.6351,206.0,31.043
512640.SH,20180829,1.65,1.635,1.635,1.635,1.635,-0.015,-0.9091,1.0,0.164
512660.SH,20180829,0.7,0.7,0.704,0.695,0.701,0.001,0.1429,226967.0,15899.16
512680.SH,20180829,0.686,0.688,0.689,0.68,0.683,-0.003,-0.4373,26331.0,1805.451
512700.SH,20180829,0.97,0.97,0.97,0.965,0.966,-0.004,-0.4124,4595.0,444.142
512770.SH,20180829,1.03,1.022,1.025,1.016,1.018,-0.012,-1.165,57365.76,5853.342
512780.SH,20180829,0.776,0.776,0.781,0.776,0.778,0.002,0.2577,12783.0,995.59
512800.SH,20180829,0.94,0.939,0.943,0.936,0.937,-0.003,-0.3191,397286.71,37309.084
512810.SH,20180829,0.662,0.67,0.67,0.659,0.661,-0.001,-0.1511,2462.0,162.604
512880.SH,20180829,0.732,0.73,0.731,0.724,0.726,-0.006,-0.8197,589365.0,42840.036
512900.SH,20180829,0.702,0.699,0.7,0.695,0.697,-0.005,-0.7123,6725.0,468.497
512980.SH,20180829,0.758,0.758,0.758,0.749,0.754,-0.004,-0.5277,24234.0,1822.857
512990.SH,20180829,0.995,0.995,0.995,0.987,0.99,-0.005,-0.5025,184709.6,18288.042
513030.SH,20180829,1.111,1.111,1.111,1.104,1.107,-0.004,-0.36,12551.0,1391.414
513050.SH,20180829,1.383,1.376,1.379,1.369,1.37,-0.013,-0.94,733860.0,100971.194
513100.SH,20180829,2.705,2.707,2.711,2.701,2.708,0.003,0.1109,125515.0,33977.297
513500.SH,20180829,1.837,1.838,1.842,1.837,1.842,0.005,0.2722,242219.0,44557.19
513600.SH,20180829,2.584,2.588,2.597,2.58,2.58,-0.004,-0.1548,3332.05,862.568
513660.SH,20180829,2.579,2.581,2.598,2.58,2.583,0.004,0.1551,6076.0,1571.31
513900.SH,20180829,0.977,0.981,0.982,0.979,0.981,0.004,0.4094,206.0,20.199
518800.SH,20180829,2.632,2.622,2.623,2.613,2.622,-0.01,-0.3799,254054.0,66547.568
518880.SH,20180829,2.65,2.636,2.64,2.635,2.638,-0.012,-0.4528,3944161.0,1040526.899
