ts_code,trade_date,pre_close,open,high,low,close,change,pct_chg,vol,amount
150009.SZ,20181121,0.945,0.932,0.932,0.932,0.932,-0.013,-1.3757,100.0,9.32
150012.SZ,20181121,1.074,1.074,1.076,1.074,1.074,0.0,0.0,3036.0,326.125
150013.SZ,20181121,1.209,1.154,1.243,1.154,1.217,0.008,0.6617,111.62,13.094
150017.SZ,20181121,1.131,1.121,1.132,1.121,1.131,0.0,0.0,419.0,47.105
150018.SZ,20181121,0.988,0.988,0.989,0.987,0.988,0.0,0.0,417055.28,41194.196
150019.SZ,20181121,0.58,0.567,0.589,0.564,0.587,0.007,1.2069,1679784.75,97358.552
150022.SZ,20181121,0.698,0.696,0.699,0.689,0.698,0.0,0.0,295792.91,20504.279
150023.SZ,20181121,0.166,0.164,0.17,0.163,0.169,0.003,1.8072,716456.7,11978.854
150028.SZ,20181121,0.983,0.985,0.985,0.984,0.984,0.001,0.1017,694.0,68.299
150029.SZ,20181121,0.936,0.901,0.936,0.876,0.936,0.0,0.0,1633.61,148.376
150032.SZ,20181121,1.006,1.005,1.005,1.005,1.005,-0.001,-0.0994,50.0,5.025
150047.SZ,20181121,1.012,1.014,1.014,1.014,1.014,0.002,0.1976,540.0,54.756
150048.SZ,20181121,0.78,0.741,0.779,0.741,0.779,-0.001,-0.1282,2630.84,195.056
150049.SZ,20181121,0.992,0.992,0.992,0.992,0.992,0.0,0.0,500.0,49.6
150050.SZ,20181121,0.379,0.343,0.389,0.343,0.36,-0.019,-5.0132,565.12,20.891
150051.SZ,20181121,0.984,0.984,0.986,0.984,0.986,0.002,0.2033,48606.58,4787.217
150052.SZ,20181121,0.549,0.534,0.555,0.534,0.55,0.001,0.1821,70547.11,3858.007
150055.SZ,20181121,1.058,1.0,1.0,1.0,1.0,-0.058,-5.482,179.0,17.9
150060.SZ,20181121,0.84,0.82,0.854,0.82,0.821,-0.019,-2.2619,263.01,21.629
150093.SZ,20181121,0.534,0.513,0.513,0.5,0.5,-0.034,-6.367,176.14,8.846
150094.SZ,20181121,0.973,0.972,0.972,0.972,0.972,-0.001,-0.1028,5.09,0.494
150095.SZ,20181121,1.02,0.918,1.121,0.918,1.121,0.101,9.902,289.34,26.581
150101.SZ,20181121,0.92,0.9,0.913,0.9,0.913,-0.007,-0.7609,570.0,51.316
150106.SZ,20181121,1.016,1.016,1.017,1.016,1.017,0.001,0.0984,15875.7,1613.641
150107.SZ,20181121,0.497,0.491,0.499,0.482,0.496,-0.001,-0.2012,77847.86,3819.95
150117.SZ,20181121,0.986,0.985,0.987,0.985,0.987,0.001,0.1014,4882.75,481.498
150118.SZ,20181121,0.96,0.933,1.045,0.916,0.996,0.036,3.75,112583.49,11245.428
150123.SZ,20181121,1.039,1.038,1.039,1.038,1.039,0.0,0.0,25099.0,2607.256
150124.SZ,20181121,0.505,0.501,0.516,0.501,0.51,0.005,0.9901,2755.0,140.659
150130.SZ,20181121,1.017,1.017,1.018,1.017,1.017,0.0,0.0,65425.32,6654.523
150131.SZ,20181121,0.417,0.408,0.446,0.406,0.445,0.028,6.7146,1142872.5,49444.122
150143.SZ,20181121,0.998,0.985,0.995,0.985,0.995,-0.003,-0.3006,1220.2,120.459
150146.SZ,20181121,0.542,0.579,0.579,0.518,0.559,0.017,3.1365,143.0,7.637
150149.SZ,20181121,0.538,0.528,0.553,0.523,0.553,0.015,2.7881,8058.0,439.192
150150.SZ,20181121,0.992,0.993,0.994,0.993,0.993,0.001,0.1008,471.0,46.77
150151.SZ,20181121,0.662,0.651,0.666,0.642,0.666,0.004,0.6042,403.49,26.426
150152.SZ,20181121,0.971,0.97,0.974,0.97,0.973,0.002,0.206,231100.4,22472.077
150153.SZ,20181121,0.844,0.829,0.852,0.826,0.852,0.008,0.9479,2776375.24,233263.779
150157.SZ,20181121,0.992,0.993,0.993,0.992,0.993,0.001,0.1008,9680.55,960.579
150158.SZ,20181121,0.85,0.84,0.849,0.836,0.848,-0.002,-0.2353,10340.08,871.971
150164.SZ,20181121,1.02,0.97,1.008,0.97,1.008,-0.012,-1.1765,4.57,0.447
150165.SZ,20181121,1.009,0.91,0.953,0.91,0.953,-0.056,-5.55,573.0,54.58
150167.SZ,20181121,1.0,0.996,1.004,0.992,1.004,0.004,0.4,4236.0,421.685
150168.SZ,20181121,0.68,0.67,0.68,0.66,0.66,-0.02,-2.9412,156.0,10.392
150169.SZ,20181121,0.984,0.985,0.985,0.985,0.985,0.001,0.1016,0.05,0.004
150170.SZ,20181121,1.281,1.275,1.285,1.275,1.285,0.004,0.3123,154.0,19.739
150171.SZ,20181121,0.964,0.963,0.964,0.961,0.964,0.0,0.0,44490.9,4286.852
150172.SZ,20181121,1.519,1.497,1.542,1.491,1.526,0.007,0.4608,148466.33,22485.55
150173.SZ,20181121,0.964,0.963,0.966,0.963,0.963,-0.001,-0.1037,13.35,1.285
150174.SZ,20181121,0.82,0.82,0.82,0.787,0.798,-0.022,-2.6829,101.29,8.221
150175.SZ,20181121,0.998,0.998,0.999,0.997,0.999,0.001,0.1002,84010.85,8387.383
150176.SZ,20181121,0.954,0.94,0.954,0.935,0.953,-0.001,-0.1048,29224.0,2762.103
150177.SZ,20181121,0.984,0.984,0.985,0.984,0.985,0.001,0.1016,24792.0,2439.932
150178.SZ,20181121,1.098,1.096,1.096,1.086,1.086,-0.012,-1.0929,1690.0,184.44
150180.SZ,20181121,0.819,0.78,0.78,0.76,0.78,-0.039,-4.7619,464.0,35.588
150181.SZ,20181121,0.956,0.955,0.957,0.955,0.955,-0.001,-0.1046,67808.99,6480.28
150182.SZ,20181121,1.122,1.101,1.126,1.08,1.121,-0.001,-0.0891,224357.14,24800.773
150184.SZ,20181121,0.966,0.97,0.97,0.969,0.969,0.003,0.3106,1.73,0.167
150185.SZ,20181121,0.945,0.92,0.962,0.919,0.96,0.015,1.5873,6898.74,644.099
150186.SZ,20181121,0.959,0.958,0.959,0.958,0.959,0.0,0.0,606.0,58.104
150187.SZ,20181121,0.9,0.88,0.9,0.863,0.883,-0.017,-1.8889,822.97,73.502
150188.SZ,20181121,1.024,1.025,1.025,1.025,1.025,0.001,0.0977,700.0,71.75
150189.SZ,20181121,0.602,0.595,0.638,0.591,0.638,0.036,5.9801,45.74,2.795
150190.SZ,20181121,0.971,0.969,0.969,0.969,0.969,-0.002,-0.206,0.21,0.02
150193.SZ,20181121,0.84,0.839,0.86,0.839,0.84,0.0,0.0,2484.55,210.03
150194.SZ,20181121,0.991,0.991,0.992,0.99,0.991,0.0,0.0,21446.0,2125.187
150195.SZ,20181121,0.56,0.544,0.566,0.544,0.565,0.005,0.8929,95085.29,5297.918
150196.SZ,20181121,1.014,1.014,1.015,1.013,1.015,0.001,0.0986,120941.84,12263.58
150197.SZ,20181121,0.5,0.483,0.498,0.48,0.496,-0.004,-0.8,170713.81,8355.972
150198.SZ,20181121,1.048,1.049,1.052,1.047,1.051,0.003,0.2863,3018.42,316.894
150199.SZ,20181121,1.043,1.023,1.07,1.013,1.06,0.017,1.6299,11059.28,1161.04
150200.SZ,20181121,0.984,0.985,0.985,0.982,0.983,-0.001,-0.1016,264464.0,26011.937
150201.SZ,20181121,0.815,0.803,0.84,0.796,0.834,0.019,2.3313,2311831.22,190111.968
150203.SZ,20181121,0.961,0.96,0.962,0.96,0.962,0.001,0.1041,541.0,52.038
150204.SZ,20181121,0.765,0.76,0.781,0.751,0.781,0.016,2.0915,492.64,37.892
150205.SZ,20181121,0.997,0.998,0.999,0.998,0.998,0.001,0.1003,130906.79,13075.699
150206.SZ,20181121,0.472,0.46,0.48,0.442,0.466,-0.006,-1.2712,704436.14,32591.979
150207.SZ,20181121,0.989,0.985,0.985,0.985,0.985,-0.004,-0.4044,300.0,29.55
150208.SZ,20181121,1.22,1.125,1.298,1.125,1.298,0.078,6.3934,304.72,34.3
150209.SZ,20181121,0.991,0.992,0.992,0.991,0.992,0.001,0.1009,196065.06,19447.054
150210.SZ,20181121,0.508,0.501,0.511,0.493,0.509,0.001,0.1969,45963.74,2325.332
150211.SZ,20181121,0.969,0.968,0.971,0.968,0.971,0.002,0.2064,11030.0,1069.995
150212.SZ,20181121,0.835,0.83,0.841,0.815,0.836,0.001,0.1198,12283.91,1016.878
150213.SZ,20181121,0.962,0.96,0.96,0.96,0.96,-0.002,-0.2079,56.24,5.399
150214.SZ,20181121,1.144,1.041,1.189,1.041,1.142,-0.002,-0.1748,157.69,16.878
150216.SZ,20181121,0.557,0.52,0.555,0.52,0.55,-0.007,-1.2567,331.47,17.987
150217.SZ,20181121,0.963,0.963,0.963,0.963,0.963,0.0,0.0,13.0,1.251
150218.SZ,20181121,0.824,0.8,0.836,0.8,0.836,0.012,1.4563,648.38,52.764
150220.SZ,20181121,0.461,0.459,0.469,0.458,0.467,0.006,1.3015,8916.0,412.798
150221.SZ,20181121,1.068,1.07,1.07,1.066,1.068,0.0,0.0,11911.0,1271.034
150222.SZ,20181121,0.76,0.75,0.758,0.73,0.755,-0.005,-0.6579,58590.78,4367.7
150223.SZ,20181121,1.038,1.038,1.04,1.035,1.039,0.001,0.0963,34396.38,3573.228
150224.SZ,20181121,1.415,1.407,1.443,1.393,1.425,0.01,0.7067,177351.97,25169.673
150227.SZ,20181121,0.95,0.95,0.952,0.949,0.95,0.0,0.0,466983.88,44390.94
150228.SZ,20181121,0.784,0.777,0.783,0.77,0.78,-0.004,-0.5102,749341.93,58193.35
150229.SZ,20181121,0.947,0.948,0.948,0.948,0.948,0.001,0.1056,384.29,36.43
150230.SZ,20181121,1.169,1.226,1.226,1.14,1.156,-0.013,-1.1121,767.0,88.309
150231.SZ,20181121,1.04,1.01,1.014,0.99,1.014,-0.026,-2.5,301.0,30.101
150232.SZ,20181121,0.537,0.535,0.535,0.515,0.532,-0.005,-0.9311,445.0,23.344
150236.SZ,20181121,1.203,1.161,1.231,1.159,1.216,0.013,1.0806,2400.09,290.455
150238.SZ,20181121,0.516,0.464,0.48,0.464,0.48,-0.036,-6.9767,1125.0,52.201
150241.SZ,20181121,0.983,0.985,0.986,0.985,0.986,0.003,0.3052,200.0,19.715
150243.SZ,20181121,0.958,0.957,0.958,0.956,0.957,-0.001,-0.1044,11740.0,1123.471
150244.SZ,20181121,0.904,0.89,0.913,0.872,0.908,0.004,0.4425,22987.71,2074.25
150245.SZ,20181121,0.955,0.94,0.94,0.94,0.94,-0.015,-1.5707,3.0,0.282
150246.SZ,20181121,0.63,0.593,0.663,0.593,0.663,0.033,5.2381,41.38,2.46
150247.SZ,20181121,0.985,0.985,0.988,0.985,0.986,0.001,0.1015,1306.07,128.724
150248.SZ,20181121,0.764,0.787,0.79,0.75,0.758,-0.006,-0.7853,3835.81,295.216
150250.SZ,20181121,0.945,0.866,0.941,0.866,0.941,-0.004,-0.4233,25.0,2.197
150252.SZ,20181121,0.76,0.74,0.76,0.731,0.76,0.0,0.0,119.0,8.793
150255.SZ,20181121,0.96,0.974,0.974,0.974,0.974,0.014,1.4583,194.0,18.895
150257.SZ,20181121,0.966,0.967,0.967,0.967,0.967,0.001,0.1035,398.0,38.486
150258.SZ,20181121,0.797,0.844,0.844,0.798,0.798,0.001,0.1255,25.0,2.087
150259.SZ,20181121,0.963,0.963,0.964,0.963,0.964,0.001,0.1038,159.56,15.367
150260.SZ,20181121,0.738,0.673,0.715,0.673,0.715,-0.023,-3.1165,190.0,13.165
150261.SZ,20181121,1.012,1.012,1.012,1.012,1.012,0.0,0.0,0.51,0.051
150262.SZ,20181121,0.692,0.688,0.692,0.685,0.692,0.0,0.0,724.85,50.133
150266.SZ,20181121,0.85,0.799,0.866,0.799,0.86,0.01,1.1765,926.3,76.669
150267.SZ,20181121,0.997,1.002,1.002,1.002,1.002,0.005,0.5015,10.0,1.002
150268.SZ,20181121,1.079,1.079,1.079,1.079,1.079,0.0,0.0,1.0,0.107
150269.SZ,20181121,0.987,0.987,0.988,0.987,0.987,0.0,0.0,53182.09,5249.493
150270.SZ,20181121,0.751,0.731,0.774,0.728,0.764,0.013,1.731,121252.49,9230.991
150272.SZ,20181121,0.94,0.92,0.961,0.92,0.961,0.021,2.234,250.79,23.785
150273.SZ,20181121,0.964,0.964,0.965,0.964,0.964,0.0,0.0,48.0,4.629
150274.SZ,20181121,1.0,1.0,1.0,1.0,1.0,0.0,0.0,24.44,2.444
150275.SZ,20181121,0.964,0.965,0.965,0.961,0.965,0.001,0.1037,5258.46,507.221
150276.SZ,20181121,0.995,0.918,1.005,0.918,0.997,0.002,0.201,380.89,36.053
150277.SZ,20181121,0.961,0.962,0.962,0.962,0.962,0.001,0.1041,60.0,5.772
150278.SZ,20181121,0.74,0.74,0.76,0.74,0.76,0.02,2.7027,287.16,21.685
150282.SZ,20181121,0.643,0.579,0.579,0.579,0.579,-0.064,-9.9533,213.0,12.332
150283.SZ,20181121,0.964,0.965,0.967,0.965,0.965,0.001,0.1037,631.01,60.902
150284.SZ,20181121,0.6,0.58,0.6,0.58,0.6,0.0,0.0,100.02,5.901
150289.SZ,20181121,0.991,0.991,0.992,0.99,0.992,0.001,0.1009,14617.31,1448.294
150290.SZ,20181121,0.814,0.803,0.811,0.788,0.805,-0.009,-1.1057,75391.65,6042.502
150291.SZ,20181121,1.015,1.016,1.016,1.016,1.016,0.001,0.0985,1068.0,108.508
150293.SZ,20181121,1.023,1.024,1.024,1.021,1.021,-0.002,-0.1955,331.0,33.879
150294.SZ,20181121,0.484,0.5,0.5,0.5,0.5,0.016,3.3058,49.31,2.465
150295.SZ,20181121,1.004,1.0,1.004,1.0,1.004,0.0,0.0,810.0,81.285
150296.SZ,20181121,0.639,0.595,0.69,0.595,0.685,0.046,7.1987,846.28,57.285
150299.SZ,20181121,1.015,1.016,1.016,1.015,1.016,0.001,0.0985,13466.99,1367.999
150300.SZ,20181121,0.619,0.612,0.62,0.612,0.618,-0.001,-0.1616,21585.0,1328.431
150302.SZ,20181121,1.542,1.417,1.538,1.416,1.505,-0.037,-2.3995,206.04,30.47
150303.SZ,20181121,0.98,0.981,0.982,0.981,0.982,0.002,0.2041,3878.48,380.481
150304.SZ,20181121,0.836,0.762,0.85,0.762,0.845,0.009,1.0766,60962.71,5053.099
150306.SZ,20181121,0.96,0.986,0.986,0.986,0.986,0.026,2.7083,22.0,2.169
150309.SZ,20181121,0.96,0.956,0.987,0.956,0.968,0.008,0.8333,406.05,38.826
150310.SZ,20181121,1.39,1.251,1.251,1.251,1.251,-0.139,-10.0,53.0,6.63
150312.SZ,20181121,0.943,0.921,0.981,0.921,0.981,0.038,4.0297,138.23,13.302
150316.SZ,20181121,0.931,0.937,0.946,0.933,0.946,0.015,1.6112,230.0,21.512
150318.SZ,20181121,1.248,1.153,1.153,1.153,1.153,-0.095,-7.6122,0.07,0.008
150321.SZ,20181121,1.07,1.07,1.07,1.069,1.07,0.0,0.0,827.9,88.572
150322.SZ,20181121,0.777,0.761,0.77,0.76,0.77,-0.007,-0.9009,874.09,67.002
150323.SZ,20181121,1.007,1.016,1.016,1.007,1.007,0.0,0.0,670.0,67.586
150325.SZ,20181121,0.968,0.969,0.969,0.968,0.968,0.0,0.0,539.0,52.203
150326.SZ,20181121,1.17,1.286,1.286,1.139,1.139,-0.031,-2.6496,10.15,1.303
150329.SZ,20181121,0.986,0.986,0.987,0.986,0.987,0.001,0.1014,2013.0,198.681
150330.SZ,20181121,1.282,1.244,1.287,1.244,1.285,0.003,0.234,6023.0,766.401
150335.SZ,20181121,1.017,1.018,1.018,1.016,1.017,0.0,0.0,333.53,33.89
150336.SZ,20181121,0.521,0.513,0.539,0.513,0.536,0.015,2.8791,144.43,7.72
150344.SZ,20181121,1.539,1.466,1.537,1.466,1.537,-0.002,-0.13,2.0,0.3
159001.SZ,20181121,100.0,100.0,100.001,99.999,100.001,0.001,0.001,1158139.97,11581402.592
159003.SZ,20181121,100.003,99.999,100.001,99.999,100.001,-0.002,-0.002,8290.14,82901.184
159005.SZ,20181121,100.003,100.0,100.001,99.999,100.001,-0.002,-0.002,358002.88,3580028.644
159901.SZ,20181121,3.591,3.56,3.606,3.545,3.599,0.008,0.2228,188381.0,67494.017
159902.SZ,20181121,2.524,2.498,2.53,2.488,2.529,0.005,0.1981,94391.8,23657.465
159903.SZ,20181121,0.855,0.852,0.858,0.843,0.856,0.001,0.117,10741.0,914.286
159905.SZ,20181121,1.34,1.33,1.351,1.328,1.344,0.004,0.2985,6456.0,866.524
159906.SZ,20181121,0.726,0.718,0.737,0.718,0.733,0.007,0.9642,49.0,3.545
159907.SZ,20181121,1.056,1.049,1.058,1.045,1.057,0.001,0.0947,946.0,99.407
159908.SZ,20181121,1.298,1.285,1.293,1.231,1.293,-0.005,-0.3852,74.0,9.328
159909.SZ,20181121,3.533,3.514,3.599,3.495,3.599,0.066,1.8681,566.0,199.327
159910.SZ,20181121,1.442,1.44,1.463,1.427,1.446,0.004,0.2774,11059.0,1596.345
159911.SZ,20181121,3.093,3.074,3.137,3.055,3.106,0.013,0.4203,89.45,27.935
159912.SZ,20181121,1.041,1.041,1.041,1.013,1.035,-0.006,-0.5764,788.0,81.245
159913.SZ,20181121,1.417,1.403,1.413,1.4,1.41,-0.007,-0.494,738.0,104.05
159915.SZ,20181121,1.291,1.285,1.296,1.274,1.294,0.003,0.2324,8239440.96,1059126.762
159916.SZ,20181121,3.102,3.096,3.119,3.068,3.093,-0.009,-0.2901,186.0,57.321
159918.SZ,20181121,1.226,1.22,1.224,1.203,1.223,-0.003,-0.2447,678.0,82.486
159919.SZ,20181121,3.558,3.539,3.574,3.528,3.567,0.009,0.253,191296.36,68072.689
159920.SZ,20181121,1.389,1.378,1.395,1.373,1.395,0.006,0.432,3695984.52,512120.866
159922.SZ,20181121,4.743,4.7,4.755,4.661,4.755,0.012,0.253,7223.0,3414.974
159923.SZ,20181121,1.393,1.39,1.401,1.39,1.4,0.007,0.5025,1245.0,174.079
159925.SZ,20181121,1.365,1.339,1.379,1.339,1.369,0.004,0.293,5535.54,746.89
159926.SZ,20181121,109.88,109.85,109.85,109.85,109.85,-0.03,-0.0273,2.0,21.97
159928.SZ,20181121,1.792,1.768,1.818,1.761,1.811,0.019,1.0603,28614.34,5171.595
159929.SZ,20181121,1.346,1.339,1.366,1.33,1.364,0.018,1.3373,11944.01,1613.837
159930.SZ,20181121,0.732,0.732,0.732,0.718,0.721,-0.011,-1.5027,2922.0,211.06
159931.SZ,20181121,1.479,1.477,1.483,1.47,1.478,-0.001,-0.0676,47.0,6.925
159932.SZ,20181121,1.239,1.239,1.239,1.219,1.219,-0.02,-1.6142,14.0,1.73
159934.SZ,20181121,2.707,2.705,2.706,2.702,2.704,-0.003,-0.1108,74131.0,20046.025
159935.SZ,20181121,1.244,1.235,1.24,1.235,1.24,-0.004,-0.3215,23.0,2.845
159936.SZ,20181121,1.155,1.153,1.156,1.131,1.153,-0.002,-0.1732,205.0,23.628
159937.SZ,20181121,2.725,2.725,2.725,2.721,2.722,-0.003,-0.1101,73660.0,20058.417
159938.SZ,20181121,1.152,1.143,1.17,1.14,1.168,0.016,1.3889,152134.0,17625.959
159939.SZ,20181121,0.805,0.796,0.804,0.79,0.803,-0.002,-0.2484,85904.0,6865.499
159940.SZ,20181121,0.852,0.84,0.858,0.831,0.853,0.001,0.1174,214.0,18.208
159941.SZ,20181121,1.5,1.47,1.497,1.47,1.487,-0.013,-0.8667,9495.48,1406.758
159943.SZ,20181121,8.422,8.36,8.558,8.297,8.417,-0.005,-0.0594,128.0,107.32
159944.SZ,20181121,0.668,0.667,0.668,0.655,0.668,0.0,0.0,73.0,4.798
159945.SZ,20181121,0.672,0.661,0.676,0.65,0.661,-0.011,-1.6369,571.0,37.269
159946.SZ,20181121,0.977,0.979,0.996,0.975,0.996,0.019,1.9447,235.0,22.917
159948.SZ,20181121,1.411,1.401,1.42,1.398,1.416,0.005,0.3544,15276.0,2155.06
159949.SZ,20181121,0.484,0.48,0.488,0.479,0.487,0.003,0.6198,14101605.33,683097.851
159950.SZ,20181121,0.804,0.77,0.808,0.77,0.807,0.003,0.3731,396.0,31.089
159951.SZ,20181121,0.712,0.7,0.713,0.672,0.713,0.001,0.1404,1149.04,81.27
159952.SZ,20181121,0.779,0.773,0.785,0.77,0.784,0.005,0.6418,475092.66,36996.065
159953.SZ,20181121,0.674,0.651,0.674,0.651,0.672,-0.002,-0.2967,50.0,3.287
159954.SZ,20181121,0.952,0.947,0.953,0.94,0.953,0.001,0.105,22619.03,2147.343
159955.SZ,20181121,0.73,0.73,0.738,0.723,0.736,0.006,0.8219,9502.0,693.17
159956.SZ,20181121,0.765,0.755,0.77,0.755,0.768,0.003,0.3922,1189.0,90.345
159957.SZ,20181121,0.795,0.783,0.799,0.783,0.799,0.004,0.5031,31350.0,2494.278
159958.SZ,20181121,0.781,0.781,0.788,0.776,0.786,0.005,0.6402,53370.0,4181.086
159960.SZ,20181121,0.968,0.958,0.973,0.958,0.973,0.005,0.5165,25032.0,2425.512
160105.SZ,20181121,0.811,0.812,0.818,0.812,0.818,0.007,0.8631,153.0,12.514
160106.SZ,20181121,0.913,0.901,0.913,0.898,0.903,-0.01,-1.0953,728.75,65.901
160119.SZ,20181121,1.153,1.145,1.158,1.134,1.151,-0.002,-0.1735,7085.45,814.314
160128.SZ,20181121,1.028,1.026,1.039,1.026,1.034,0.006,0.5837,596.0,61.559
160130.SZ,20181121,0.935,0.955,0.955,0.952,0.952,0.017,1.8182,6.0,0.571
160131.SZ,20181121,1.05,1.05,1.05,1.05,1.05,0.0,0.0,33.0,3.465
160133.SZ,20181121,1.921,1.902,1.924,1.902,1.924,0.003,0.1562,987.54,189.806
160140.SZ,20181121,1.048,1.038,1.044,1.032,1.041,-0.007,-0.6679,1027.0,106.628
160211.SZ,20181121,1.706,1.71,1.716,1.695,1.716,0.01,0.5862,819.69,139.719
160212.SZ,20181121,1.714,1.707,1.722,1.702,1.722,0.008,0.4667,1150.21,196.197
160215.SZ,20181121,1.2,1.198,1.203,1.196,1.203,0.003,0.25,223.0,26.733
160216.SZ,20181121,0.483,0.466,0.467,0.462,0.464,-0.019,-3.9337,97465.65,4526.807
160223.SZ,20181121,0.658,0.645,0.663,0.645,0.663,0.005,0.7599,4260.04,279.582
160225.SZ,20181121,0.723,0.714,0.725,0.714,0.725,0.002,0.2766,2834.0,204.22
160311.SZ,20181121,1.325,1.302,1.332,1.302,1.324,-0.001,-0.0755,218.51,28.706
160314.SZ,20181121,0.852,0.834,0.851,0.833,0.845,-0.007,-0.8216,1427.0,120.277
160322.SZ,20181121,0.993,0.952,0.985,0.952,0.983,-0.01,-1.007,147.0,14.086
160324.SZ,20181121,0.823,0.812,0.816,0.812,0.815,-0.008,-0.9721,419.0,34.085
160415.SZ,20181121,0.717,0.706,0.706,0.706,0.706,-0.011,-1.5342,6.0,0.423
160416.SZ,20181121,1.024,1.005,1.011,1.0,1.004,-0.02,-1.9531,5448.0,546.478
160421.SZ,20181121,0.792,0.795,0.798,0.795,0.797,0.005,0.6313,630.0,50.23
160505.SZ,20181121,1.344,1.337,1.346,1.332,1.342,-0.002,-0.1488,18648.72,2497.405
160512.SZ,20181121,1.483,1.483,1.486,1.483,1.486,0.003,0.2023,10.0,1.483
160515.SZ,20181121,1.041,1.042,1.044,1.042,1.044,0.003,0.2882,20359.29,2123.187
160518.SZ,20181121,0.88,0.88,0.896,0.876,0.89,0.01,1.1364,129.02,11.343
160522.SZ,20181121,0.802,0.802,0.802,0.802,0.802,0.0,0.0,10.0,0.802
160607.SZ,20181121,0.597,0.589,0.6,0.588,0.596,-0.001,-0.1675,492.4,29.36
160610.SZ,20181121,0.818,0.814,0.818,0.812,0.815,-0.003,-0.3667,208.61,16.954
160615.SZ,20181121,1.34,1.339,1.339,1.335,1.337,-0.003,-0.2239,46.0,6.152
160618.SZ,20181121,1.244,1.246,1.262,1.246,1.262,0.018,1.4469,424.0,52.862
160621.SZ,20181121,1.08,1.061,1.078,1.061,1.078,-0.002,-0.1852,307.0,33.009
160635.SZ,20181121,0.92,0.921,0.932,0.921,0.931,0.011,1.1957,255.0,23.68
160643.SZ,20181121,0.757,0.735,0.736,0.735,0.736,-0.021,-2.7741,162.0,11.915
160644.SZ,20181121,0.796,0.796,0.796,0.76,0.779,-0.017,-2.1357,359.0,27.339
160706.SZ,20181121,0.927,0.92,0.928,0.919,0.926,-0.001,-0.1079,19084.37,1764.548
160716.SZ,20181121,1.429,1.426,1.434,1.42,1.429,0.0,0.0,3136.84,447.094
160717.SZ,20181121,0.796,0.795,0.798,0.791,0.797,0.001,0.1256,368.46,29.289
160719.SZ,20181121,0.686,0.686,0.688,0.685,0.686,0.0,0.0,2572.0,176.587
160722.SZ,20181121,0.928,0.919,0.928,0.919,0.928,0.0,0.0,435.01,40.11
160723.SZ,20181121,1.184,1.127,1.141,1.127,1.136,-0.048,-4.0541,21127.8,2400.717
160805.SZ,20181121,0.674,0.659,0.659,0.659,0.659,-0.015,-2.2255,38.21,2.518
160806.SZ,20181121,1.181,1.18,1.181,1.177,1.177,-0.004,-0.3387,6.0,0.707
160807.SZ,20181121,1.091,1.085,1.085,1.085,1.085,-0.006,-0.55,2.0,0.217
160812.SZ,20181121,1.277,1.261,1.274,1.256,1.274,-0.003,-0.2349,1313.09,165.458
160813.SZ,20181121,0.684,0.679,0.684,0.679,0.684,0.0,0.0,765.53,52.327
160916.SZ,20181121,2.426,2.426,2.426,2.415,2.425,-0.001,-0.0412,96.54,23.399
160918.SZ,20181121,1.804,1.791,1.829,1.791,1.829,0.025,1.3858,102.0,18.275
160919.SZ,20181121,0.979,0.946,0.988,0.946,0.981,0.002,0.2043,129.0,12.33
160921.SZ,20181121,0.812,0.812,0.812,0.812,0.812,0.0,0.0,491.0,39.869
161005.SZ,20181121,1.597,1.586,1.6,1.584,1.597,0.0,0.0,5159.94,819.638
161010.SZ,20181121,1.024,1.019,1.025,1.019,1.023,-0.001,-0.0977,2362.0,241.578
161014.SZ,20181121,1.133,1.138,1.138,1.137,1.138,0.005,0.4413,1419.89,161.581
161017.SZ,20181121,1.578,1.556,1.584,1.55,1.577,-0.001,-0.0634,5046.43,792.67
161019.SZ,20181121,0.95,0.95,0.951,0.95,0.951,0.001,0.1053,1187.8,112.841
161033.SZ,20181121,0.726,0.714,0.723,0.714,0.721,-0.005,-0.6887,365.0,26.144
161035.SZ,20181121,0.886,0.891,0.891,0.891,0.891,0.005,0.5643,36.0,3.207
161036.SZ,20181121,0.597,0.601,0.601,0.601,0.601,0.004,0.67,91.0,5.469
161037.SZ,20181121,0.869,0.861,0.861,0.836,0.836,-0.033,-3.7975,8.0,0.678
161039.SZ,20181121,0.917,0.915,0.916,0.896,0.916,-0.001,-0.1091,245.0,22.055
161116.SZ,20181121,0.692,0.69,0.692,0.69,0.692,0.0,0.0,649.0,44.879
161117.SZ,20181121,1.068,1.059,1.059,1.059,1.059,-0.009,-0.8427,240.0,25.416
161124.SZ,20181121,1.031,1.031,1.031,1.031,1.031,0.0,0.0,1.0,0.103
161125.SZ,20181121,1.174,1.152,1.164,1.152,1.163,-0.011,-0.937,2331.0,269.283
161126.SZ,20181121,1.232,1.228,1.228,1.228,1.228,-0.004,-0.3247,1.0,0.122
161127.SZ,20181121,1.157,1.154,1.168,1.152,1.168,0.011,0.9507,1261.0,146.115
161128.SZ,20181121,1.32,1.315,1.315,1.292,1.296,-0.024,-1.8182,214.0,27.989
161129.SZ,20181121,1.119,1.065,1.097,1.065,1.077,-0.042,-3.7534,22939.53,2470.201
161130.SZ,20181121,1.178,1.174,1.175,1.128,1.129,-0.049,-4.1596,1086.0,124.383
161213.SZ,20181121,1.268,1.268,1.268,1.268,1.268,0.0,0.0,2.0,0.253
161217.SZ,20181121,0.605,0.597,0.605,0.597,0.597,-0.008,-1.3223,101.0,6.105
161219.SZ,20181121,1.154,1.146,1.146,1.146,1.146,-0.008,-0.6932,2.0,0.229
161222.SZ,20181121,1.089,1.037,1.037,1.037,1.037,-0.052,-4.775,400.0,41.48
161225.SZ,20181121,1.001,1.04,1.04,1.04,1.04,0.039,3.8961,1.0,0.104
161226.SZ,20181121,0.75,0.748,0.749,0.746,0.749,-0.001,-0.1333,6491.0,484.877
161227.SZ,20181121,0.773,0.77,0.789,0.768,0.775,0.002,0.2587,1689.64,130.596
161232.SZ,20181121,0.576,0.572,0.59,0.572,0.588,0.012,2.0833,146.04,8.426
161505.SZ,20181121,1.119,1.11,1.138,1.11,1.119,0.0,0.0,11.39,1.276
161607.SZ,20181121,1.004,1.011,1.011,1.01,1.01,0.006,0.5976,46.0,4.65
161610.SZ,20181121,0.85,0.865,0.865,0.839,0.844,-0.006,-0.7059,336.0,28.333
161631.SZ,20181121,0.794,0.787,0.791,0.778,0.788,-0.006,-0.7557,25165.04,1974.243
161706.SZ,20181121,1.309,1.285,1.297,1.285,1.297,-0.012,-0.9167,999.0,129.567
161713.SZ,20181121,1.029,1.036,1.036,1.036,1.036,0.007,0.6803,2.0,0.207
161715.SZ,20181121,0.788,0.771,0.771,0.769,0.769,-0.019,-2.4112,499.0,38.422
161716.SZ,20181121,1.209,1.203,1.203,1.2,1.2,-0.009,-0.7444,45.0,5.401
161810.SZ,20181121,1.198,1.17,1.175,1.17,1.175,-0.023,-1.9199,251.0,29.492
161815.SZ,20181121,0.477,0.477,0.477,0.452,0.466,-0.011,-2.3061,7297.0,340.578
161820.SZ,20181121,1.116,1.112,1.119,1.112,1.119,0.003,0.2688,300.0,33.53
161831.SZ,20181121,0.973,0.97,0.98,0.97,0.98,0.007,0.7194,232.34,22.563
161834.SZ,20181121,0.721,0.718,0.727,0.717,0.724,0.003,0.4161,11880.07,856.592
161903.SZ,20181121,0.693,0.691,0.691,0.691,0.691,-0.002,-0.2886,22.0,1.52
161907.SZ,20181121,1.473,1.456,1.456,1.456,1.456,-0.017,-1.1541,6.0,0.873
161911.SZ,20181121,1.035,1.035,1.038,1.035,1.038,0.003,0.2899,12303.24,1276.031
162006.SZ,20181121,0.983,0.98,0.983,0.98,0.983,0.0,0.0,534.54,52.388
162207.SZ,20181121,1.068,1.049,1.049,1.047,1.048,-0.02,-1.8727,114.0,11.952
162411.SZ,20181121,0.595,0.571,0.578,0.571,0.577,-0.018,-3.0252,778233.35,44779.11
162415.SZ,20181121,1.375,1.351,1.36,1.341,1.346,-0.029,-2.1091,3496.0,470.843
162416.SZ,20181121,0.941,0.951,0.951,0.951,0.951,0.01,1.0627,1.0,0.095
162605.SZ,20181121,1.085,1.079,1.095,1.076,1.092,0.007,0.6452,6432.75,700.678
162607.SZ,20181121,0.411,0.41,0.42,0.41,0.414,0.003,0.7299,2569.0,105.522
162703.SZ,20181121,1.113,1.093,1.132,1.09,1.127,0.014,1.2579,3280.0,365.578
162711.SZ,20181121,0.998,0.989,1.001,0.988,1.001,0.003,0.3006,149.24,14.77
162712.SZ,20181121,1.528,1.521,1.526,1.521,1.526,-0.002,-0.1309,73.0,11.138
162715.SZ,20181121,1.115,1.125,1.125,1.123,1.123,0.008,0.7175,158.0,17.766
162717.SZ,20181121,0.809,0.809,0.816,0.809,0.816,0.007,0.8653,19.0,1.548
162718.SZ,20181121,0.969,0.942,0.942,0.942,0.942,-0.027,-2.7864,333.38,31.404
162719.SZ,20181121,1.028,1.018,1.018,0.996,1.002,-0.026,-2.5292,5789.58,581.03
163001.SZ,20181121,0.82,0.805,0.812,0.793,0.812,-0.008,-0.9756,99.0,7.89
163003.SZ,20181121,0.66,0.66,0.66,0.66,0.66,0.0,0.0,201.0,13.266
163110.SZ,20181121,1.481,1.475,1.482,1.465,1.482,0.001,0.0675,409.0,60.45
163111.SZ,20181121,0.808,0.802,0.809,0.802,0.809,0.001,0.1238,109.5,8.824
163208.SZ,20181121,0.898,0.851,0.851,0.851,0.851,-0.047,-5.2339,68.0,5.786
163210.SZ,20181121,1.133,1.133,1.137,1.133,1.137,0.004,0.353,14886.0,1690.655
163302.SZ,20181121,1.051,1.028,1.028,1.015,1.028,-0.023,-2.1884,14.0,1.431
163402.SZ,20181121,0.616,0.613,0.618,0.611,0.618,0.002,0.3247,30834.41,1899.729
163407.SZ,20181121,1.608,1.6,1.621,1.59,1.615,0.007,0.4353,1180.0,189.91
163409.SZ,20181121,1.313,1.307,1.307,1.307,1.307,-0.006,-0.457,2.0,0.261
163412.SZ,20181121,2.867,2.851,2.884,2.837,2.881,0.014,0.4883,5205.12,1493.935
163415.SZ,20181121,1.368,1.356,1.366,1.356,1.364,-0.004,-0.2924,322.0,43.787
163417.SZ,20181121,0.8,0.797,0.802,0.795,0.801,0.001,0.125,146389.21,11685.719
163503.SZ,20181121,0.377,0.376,0.38,0.371,0.377,0.0,0.0,5098.4,191.069
163801.SZ,20181121,1.13,1.126,1.166,1.126,1.13,0.0,0.0,390.55,44.448
164206.SZ,20181121,1.112,1.114,1.114,1.114,1.114,0.002,0.1799,111.0,12.365
164403.SZ,20181121,0.964,0.968,0.968,0.968,0.968,0.004,0.4149,1.0,0.096
164606.SZ,20181121,1.157,1.103,1.103,1.103,1.103,-0.054,-4.6672,2.0,0.22
164701.SZ,20181121,0.587,0.585,0.588,0.582,0.587,0.0,0.0,2208.0,129.135
164702.SZ,20181121,1.007,0.993,1.007,0.993,1.002,-0.005,-0.4965,232.0,23.149
164808.SZ,20181121,1.041,1.047,1.047,1.047,1.047,0.006,0.5764,293.0,30.677
164824.SZ,20181121,0.921,0.921,0.921,0.917,0.921,0.0,0.0,602.33,55.39
164906.SZ,20181121,1.123,1.105,1.12,1.105,1.114,-0.009,-0.8014,6301.76,700.973
165309.SZ,20181121,1.028,1.023,1.026,1.023,1.026,-0.002,-0.1946,502.0,51.504
165313.SZ,20181121,1.186,1.164,1.171,1.16,1.171,-0.015,-1.2648,1091.0,126.568
165508.SZ,20181121,1.371,1.35,1.35,1.35,1.35,-0.021,-1.5317,12.0,1.62
165510.SZ,20181121,0.721,0.733,0.733,0.733,0.733,0.012,1.6644,1.0,0.073
165512.SZ,20181121,1.925,1.9,1.9,1.9,1.9,-0.025,-1.2987,1.0,0.19
165513.SZ,20181121,0.421,0.414,0.414,0.409,0.411,-0.01,-2.3753,27434.83,1128.015
165516.SZ,20181121,1.593,1.572,1.575,1.572,1.575,-0.018,-1.1299,6.0,0.943
165525.SZ,20181121,0.803,0.804,0.804,0.801,0.804,0.001,0.1245,413.0,33.175
165528.SZ,20181121,0.783,0.82,0.82,0.795,0.795,0.012,1.5326,34.0,2.763
165807.SZ,20181121,0.937,0.95,0.95,0.95,0.95,0.013,1.3874,884.59,84.036
166001.SZ,20181121,0.91,0.903,0.913,0.903,0.913,0.003,0.3297,1391.0,126.418
166006.SZ,20181121,0.93,0.928,0.928,0.923,0.927,-0.003,-0.3226,173.0,15.995
166008.SZ,20181121,1.101,1.12,1.12,1.068,1.068,-0.033,-2.9973,3.0,0.325
166009.SZ,20181121,1.419,1.403,1.403,1.403,1.403,-0.016,-1.1276,1.0,0.14
166011.SZ,20181121,1.098,1.094,1.126,1.08,1.126,0.028,2.5501,1401.0,152.724
166023.SZ,20181121,0.782,0.767,0.767,0.767,0.767,-0.015,-1.9182,9.0,0.69
166024.SZ,20181121,0.819,0.813,0.823,0.813,0.823,0.004,0.4884,10559.15,864.429
166401.SZ,20181121,1.072,1.088,1.088,1.088,1.088,0.016,1.4925,50.0,5.44
166402.SZ,20181121,1.067,1.03,1.076,1.03,1.076,0.009,0.8435,56.01,6.026
166902.SZ,20181121,0.97,1.027,1.03,1.027,1.03,0.06,6.1856,497.0,51.075
167001.SZ,20181121,0.616,0.617,0.617,0.617,0.617,0.001,0.1623,100.0,6.17
167002.SZ,20181121,0.822,0.822,0.822,0.822,0.822,0.0,0.0,1.0,0.082
167003.SZ,20181121,1.008,1.003,1.003,1.003,1.003,-0.005,-0.496,5.0,0.501
167501.SZ,20181121,1.216,1.218,1.218,1.215,1.218,0.002,0.1645,3722.6,453.342
168101.SZ,20181121,0.782,0.778,0.782,0.778,0.781,-0.001,-0.1279,2175.0,169.656
168102.SZ,20181121,0.704,0.703,0.706,0.703,0.706,0.002,0.2841,5824.68,409.649
168103.SZ,20181121,0.659,0.656,0.661,0.655,0.66,0.001,0.1517,15455.07,1016.555
168105.SZ,20181121,0.671,0.67,0.676,0.667,0.676,0.005,0.7452,142.0,9.498
168106.SZ,20181121,0.883,0.799,0.878,0.799,0.878,-0.005,-0.5663,29.0,2.34
168301.SZ,20181121,0.847,0.847,0.847,0.847,0.847,0.0,0.0,1.0,0.084
168401.SZ,20181121,0.968,0.962,0.966,0.962,0.965,-0.003,-0.3099,720.0,69.297
169101.SZ,20181121,1.217,1.207,1.218,1.202,1.216,-0.001,-0.0822,22321.47,2704.362
169102.SZ,20181121,1.05,1.035,1.048,1.035,1.048,-0.002,-0.1905,476.0,49.563
169103.SZ,20181121,1.155,1.15,1.172,1.15,1.172,0.017,1.4719,103.0,11.895
169104.SZ,20181121,1.08,1.066,1.094,1.066,1.09,0.01,0.9259,328.0,35.36
169105.SZ,20181121,1.157,1.15,1.154,1.146,1.15,-0.007,-0.605,12924.12,1485.565
169106.SZ,20181121,0.935,0.935,0.94,0.935,0.94,0.005,0.5348,4570.09,428.858
169201.SZ,20181121,0.996,0.917,0.917,0.917,0.917,-0.079,-7.9317,9.0,0.825
184801.SZ,20181121,92.488,92.4,92.41,92.389,92.4,-0.088,-0.0951,25.4,234.695
501000.SH,20181121,0.952,1.0,1.0,1.0,1.0,0.048,5.042,53.88,5.388
501001.SH,20181121,0.975,0.966,0.974,0.966,0.967,-0.008,-0.8205,1226.0,119.204
501002.SH,20181121,0.626,0.625,0.679,0.625,0.638,0.012,1.9169,427.0,28.836
501005.SH,20181121,0.749,0.739,0.765,0.739,0.764,0.015,2.0027,1107.87,84.136
501008.SH,20181121,0.825,0.814,0.814,0.814,0.814,-0.011,-1.3333,1.0,0.081
501009.SH,20181121,0.976,1.0,1.009,0.966,1.007,0.031,3.1762,689.62,69.269
501010.SH,20181121,0.982,0.982,1.021,0.976,1.02,0.038,3.8697,370.47,36.733
501011.SH,20181121,0.8,0.792,0.829,0.792,0.8,0.0,0.0,163.0,13.033
501012.SH,20181121,0.81,0.787,0.887,0.787,0.882,0.072,8.8889,137.0,11.463
501015.SH,20181121,0.767,0.757,0.773,0.757,0.772,0.005,0.6519,3089.69,237.21
501016.SH,20181121,0.802,0.789,0.816,0.789,0.81,0.008,0.9975,6626.62,531.118
501017.SH,20181121,0.781,0.78,0.791,0.777,0.791,0.01,1.2804,32.0,2.497
501018.SH,20181121,1.124,1.081,1.09,1.067,1.086,-0.038,-3.3808,65684.28,7093.933
501019.SH,20181121,0.658,0.643,0.657,0.643,0.655,-0.003,-0.4559,1661.36,108.224
501021.SH,20181121,1.27,1.269,1.278,1.266,1.277,0.007,0.5512,389.0,49.575
501022.SH,20181121,0.781,0.781,0.794,0.781,0.794,0.013,1.6645,4378.93,344.458
501023.SH,20181121,1.061,1.045,1.045,1.045,1.045,-0.016,-1.508,12.0,1.254
501026.SH,20181121,0.719,0.791,0.791,0.697,0.715,-0.004,-0.5563,830.77,58.97
501028.SH,20181121,0.757,0.794,0.794,0.738,0.774,0.017,2.2457,8052.04,622.256
501029.SH,20181121,0.883,0.878,0.885,0.874,0.885,0.002,0.2265,70609.83,6220.709
501030.SH,20181121,0.563,0.561,0.566,0.561,0.565,0.002,0.3552,434.0,24.429
501035.SH,20181121,0.951,0.949,0.951,0.949,0.949,-0.002,-0.2103,510.0,48.401
501036.SH,20181121,0.716,0.716,0.748,0.716,0.719,0.003,0.419,143.95,10.482
501037.SH,20181121,0.72,0.72,0.72,0.72,0.72,0.0,0.0,900.0,64.8
501038.SH,20181121,0.869,0.869,0.875,0.862,0.874,0.005,0.5754,6615.3,576.249
501039.SH,20181121,1.016,1.017,1.018,1.013,1.018,0.002,0.1969,3920.19,398.14
501040.SH,20181121,1.016,1.016,1.018,1.016,1.018,0.002,0.1969,1714.04,174.479
501043.SH,20181121,0.874,0.873,0.873,0.854,0.87,-0.004,-0.4577,141.45,12.275
501045.SH,20181121,0.868,0.866,0.866,0.861,0.861,-0.007,-0.8065,206.05,17.744
501046.SH,20181121,0.83,0.83,0.83,0.825,0.825,-0.005,-0.6024,643.0,53.179
501047.SH,20181121,0.8,0.791,0.791,0.785,0.789,-0.011,-1.375,86.0,6.768
501048.SH,20181121,0.798,0.795,0.796,0.79,0.792,-0.006,-0.7519,248.06,19.656
501049.SH,20181121,0.817,0.812,0.823,0.81,0.82,0.003,0.3672,2287.25,186.427
501050.SH,20181121,1.116,1.112,1.118,1.109,1.118,0.002,0.1792,8457.27,942.639
501051.SH,20181121,0.82,0.817,0.818,0.817,0.818,-0.002,-0.2439,27.0,2.208
501053.SH,20181121,0.95,1.02,1.02,0.948,0.949,-0.001,-0.1053,534.81,52.33
501054.SH,20181121,0.776,0.77,0.776,0.77,0.774,-0.002,-0.2577,65466.29,5059.525
501057.SH,20181121,0.8,0.8,0.808,0.793,0.808,0.008,1.0,3187.77,253.472
501058.SH,20181121,0.816,0.813,0.813,0.813,0.813,-0.003,-0.3676,1.0,0.081
501060.SH,20181121,0.98,0.979,0.984,0.977,0.984,0.004,0.4082,2258.22,220.856
501061.SH,20181121,0.983,0.983,0.983,0.981,0.981,-0.002,-0.2035,675.0,66.318
501106.SH,20181121,1.082,1.126,1.126,1.121,1.122,0.04,3.6969,180.0,20.199
501300.SH,20181121,0.983,0.983,0.986,0.983,0.983,0.0,0.0,8499.75,837.241
501301.SH,20181121,1.112,1.091,1.116,1.091,1.111,-0.001,-0.0899,231.3,25.364
501305.SH,20181121,0.851,0.845,0.871,0.845,0.871,0.02,2.3502,18.0,1.524
501306.SH,20181121,0.932,0.86,0.931,0.86,0.931,-0.001,-0.1073,101.03,8.696
502000.SH,20181121,0.802,0.802,0.802,0.801,0.801,-0.001,-0.1247,3.1,0.248
502001.SH,20181121,0.998,0.998,0.998,0.998,0.998,0.0,0.0,2.0,0.2
502003.SH,20181121,1.075,1.07,1.141,1.064,1.141,0.066,6.1395,387.0,41.4
502004.SH,20181121,0.948,0.948,0.951,0.948,0.95,0.002,0.211,2338.0,222.108
502005.SH,20181121,1.218,1.177,1.209,1.141,1.199,-0.019,-1.5599,2387.22,277.9
502006.SH,20181121,0.849,0.845,0.86,0.845,0.855,0.006,0.7067,1559.41,133.238
502008.SH,20181121,0.746,0.73,0.73,0.724,0.725,-0.021,-2.815,68.41,4.977
502010.SH,20181121,0.88,0.862,0.892,0.849,0.885,0.005,0.5682,5406.13,475.623
502011.SH,20181121,0.962,0.963,0.963,0.961,0.962,0.0,0.0,15904.5,1530.794
502012.SH,20181121,0.792,0.768,0.828,0.763,0.813,0.021,2.6515,36136.5,2888.766
502013.SH,20181121,1.035,1.029,1.035,1.02,1.033,-0.002,-0.1932,3293.72,339.569
502014.SH,20181121,0.958,0.96,0.96,0.958,0.958,0.0,0.0,957.92,91.789
502015.SH,20181121,1.121,1.183,1.183,1.062,1.101,-0.02,-1.7841,1086.83,120.499
502020.SH,20181121,0.881,0.861,0.878,0.861,0.878,-0.003,-0.3405,21.83,1.888
502021.SH,20181121,1.005,0.995,1.008,0.995,1.008,0.003,0.2985,666.14,67.146
502023.SH,20181121,0.829,0.82,0.82,0.802,0.815,-0.014,-1.6888,27.0,2.192
502036.SH,20181121,0.779,0.757,0.757,0.756,0.756,-0.023,-2.9525,36.0,2.725
502037.SH,20181121,1.012,1.013,1.015,1.013,1.015,0.003,0.2964,205.0,20.807
502040.SH,20181121,1.045,1.045,1.097,1.045,1.062,0.017,1.6268,400.88,42.239
502042.SH,20181121,1.017,1.117,1.117,1.117,1.117,0.1,9.8328,690.13,77.088
502048.SH,20181121,0.826,0.823,0.828,0.823,0.828,0.002,0.2421,16860.42,1391.966
502049.SH,20181121,0.983,0.983,0.984,0.983,0.984,0.001,0.1017,29729.5,2924.182
502050.SH,20181121,0.67,0.662,0.675,0.657,0.67,0.0,0.0,114574.64,7648.468
502053.SH,20181121,1.15,1.15,1.15,1.15,1.15,0.0,0.0,144.1,16.572
502054.SH,20181121,0.962,0.963,0.964,0.963,0.964,0.002,0.2079,361.58,34.831
502055.SH,20181121,1.445,1.435,1.435,1.338,1.409,-0.036,-2.4913,2056.13,291.008
502056.SH,20181121,0.965,0.941,1.015,0.94,0.942,-0.023,-2.3834,111.0,10.555
502058.SH,20181121,0.88,0.86,0.86,0.86,0.86,-0.02,-2.2727,34.29,2.949
505888.SH,20181121,0.908,0.903,0.914,0.901,0.912,0.004,0.4405,183091.0,16622.77
510010.SH,20181121,1.012,1.0,1.018,0.995,1.003,-0.009,-0.8893,659.0,65.932
510020.SH,20181121,2.488,2.344,2.482,2.344,2.473,-0.015,-0.6029,70.0,17.286
510030.SH,20181121,4.749,4.665,4.748,4.646,4.744,-0.005,-0.1053,255.0,119.136
510050.SH,20181121,2.498,2.48,2.503,2.476,2.497,-0.001,-0.04,6759450.54,1684666.465
510060.SH,20181121,1.697,1.673,1.71,1.673,1.705,0.008,0.4714,641.01,108.349
510070.SH,20181121,1.433,1.429,1.429,1.429,1.429,-0.004,-0.2791,50.0,7.145
510090.SH,20181121,1.475,1.512,1.512,1.459,1.463,-0.012,-0.8136,276.0,40.942
510120.SH,20181121,2.412,2.417,2.42,2.417,2.42,0.008,0.3317,50.0,12.1
510130.SH,20181121,3.333,3.287,3.316,3.287,3.31,-0.023,-0.6901,112.0,37.08
510150.SH,20181121,3.995,3.902,4.035,3.902,4.022,0.027,0.6758,1890.0,759.105
510160.SH,20181121,0.505,0.505,0.505,0.5,0.505,0.0,0.0,1479.39,74.513
510170.SH,20181121,1.567,1.547,1.547,1.53,1.53,-0.037,-2.3612,6.2,0.95
510180.SH,20181121,2.947,2.934,2.95,2.919,2.948,0.001,0.0339,134640.0,39517.851
510190.SH,20181121,2.884,2.827,2.88,2.827,2.879,-0.005,-0.1734,546.0,154.829
510210.SH,20181121,3.104,3.073,3.14,3.073,3.14,0.036,1.1598,11.0,3.447
510220.SH,20181121,3.416,3.36,3.391,3.343,3.39,-0.026,-0.7611,226.0,76.201
510230.SH,20181121,5.703,5.635,5.706,5.635,5.695,-0.008,-0.1403,49069.0,27893.041
510280.SH,20181121,1.568,1.548,1.56,1.541,1.558,-0.01,-0.6378,130.17,20.136
510290.SH,20181121,1.222,1.219,1.223,1.206,1.223,0.001,0.0818,8518.0,1027.653
510300.SH,20181121,3.275,3.245,3.286,3.243,3.278,0.003,0.0916,2891170.4,945423.662
510310.SH,20181121,1.4,1.388,1.403,1.386,1.4,0.0,0.0,43741.0,6100.621
510330.SH,20181121,3.385,3.336,3.397,3.336,3.396,0.011,0.325,1368359.43,463499.567
510360.SH,20181121,1.033,1.03,1.037,1.025,1.035,0.002,0.1936,49370.0,5094.733
510390.SH,20181121,3.277,3.276,3.285,3.247,3.285,0.008,0.2441,43914.0,14356.334
510410.SH,20181121,0.607,0.598,0.611,0.598,0.609,0.002,0.3295,3425.0,206.984
510430.SH,20181121,1.37,1.36,1.36,1.36,1.36,-0.01,-0.7299,2.0,0.272
510440.SH,20181121,1.36,1.32,1.356,1.32,1.324,-0.036,-2.6471,398.0,52.572
510500.SH,20181121,4.842,4.778,4.878,4.77,4.853,0.011,0.2272,2822254.72,1360725.581
510510.SH,20181121,1.285,1.27,1.294,1.251,1.29,0.005,0.3891,98406.19,12620.197
510580.SH,20181121,4.54,4.243,4.53,4.243,4.491,-0.049,-1.0793,140.0,62.349
510590.SH,20181121,4.64,4.593,4.674,4.581,4.649,0.009,0.194,47913.46,22055.699
510600.SH,20181121,2.444,2.479,2.479,2.423,2.437,-0.007,-0.2864,3137.34,765.474
510630.SH,20181121,1.9,1.895,1.917,1.872,1.915,0.015,0.7895,2717.26,517.894
510650.SH,20181121,1.661,1.657,1.664,1.657,1.664,0.003,0.1806,270.0,44.752
510660.SH,20181121,1.685,1.633,1.657,1.615,1.647,-0.038,-2.2552,6190.0,1011.291
510680.SH,20181121,2.07,1.978,2.06,1.978,2.052,-0.018,-0.8696,308.01,61.065
510710.SH,20181121,2.671,2.651,2.666,2.645,2.659,-0.012,-0.4493,3219.0,854.719
510800.SH,20181121,0.862,0.858,0.862,0.847,0.86,-0.002,-0.232,24142.0,2072.312
510810.SH,20181121,0.828,0.837,0.838,0.816,0.83,0.002,0.2415,66417.0,5472.078
510880.SH,20181121,2.629,2.618,2.633,2.607,2.629,0.0,0.0,47236.0,12384.648
510900.SH,20181121,1.152,1.142,1.154,1.14,1.153,0.001,0.0868,12236011.0,1404672.825
511010.SH,20181121,115.265,115.215,115.426,115.212,115.329,0.064,0.0555,13886.0,160210.165
511220.SH,20181121,94.38,94.388,94.392,94.37,94.38,0.0,0.0,271.0,2557.749
511260.SH,20181121,104.736,104.9,104.9,104.697,104.743,0.007,0.0067,16187.0,169584.091
511280.SH,20181121,100.901,101.001,101.001,101.001,101.001,0.1,0.0991,3.0,30.3
511600.SH,20181121,99.995,99.993,99.997,99.993,99.997,0.002,0.002,1025.0,10249.507
511620.SH,20181121,99.988,99.988,99.988,99.914,99.985,-0.003,-0.003,4.08,40.79
511650.SH,20181121,99.994,99.99,99.995,99.99,99.995,0.001,0.001,2077.78,20776.487
511660.SH,20181121,99.997,99.997,100.003,99.996,100.002,0.005,0.005,118868.9,1188689.225
511670.SH,20181121,99.994,99.988,100.0,99.988,100.0,0.006,0.006,3541.26,35411.172
511690.SH,20181121,99.999,99.996,100.0,99.99,99.998,-0.001,-0.001,38958.27,389566.74
511700.SH,20181121,99.997,99.993,99.998,99.991,99.997,0.0,0.0,897.01,8969.647
511770.SH,20181121,99.988,99.965,99.994,99.965,99.994,0.006,0.006,10.02,100.192
511800.SH,20181121,99.992,99.99,99.998,99.989,99.995,0.003,0.003,1020.97,10209.062
511810.SH,20181121,99.998,99.994,99.999,99.992,99.999,0.001,0.001,73175.76,731716.937
511820.SH,20181121,99.994,99.991,99.997,99.99,99.996,0.002,0.002,826.1,8260.555
511830.SH,20181121,99.993,99.993,99.996,99.992,99.995,0.002,0.002,216.64,2166.275
511850.SH,20181121,100.002,99.999,100.006,99.998,100.004,0.002,0.002,14061.61,140620.446
511860.SH,20181121,99.989,99.993,99.997,99.988,99.992,0.003,0.003,333.02,3329.915
511880.SH,20181121,103.303,103.305,103.329,103.305,103.326,0.023,0.0223,643742.67,6650694.422
511900.SH,20181121,99.995,99.993,99.997,99.991,99.994,-0.001,-0.001,10719.5,107188.884
511910.SH,20181121,99.99,99.985,99.994,99.985,99.993,0.003,0.003,8.01,80.092
511920.SH,20181121,100.0,99.998,100.42,99.998,100.012,0.012,0.012,139.84,1399.298
511930.SH,20181121,100.0,100.0,100.0,100.0,100.0,0.0,0.0,1.0,10.0
511960.SH,20181121,99.992,99.986,99.996,99.986,99.994,0.002,0.002,117.69,1176.811
511970.SH,20181121,99.98,100.222,100.222,100.222,100.222,0.242,0.242,1.0,10.022
511980.SH,20181121,99.996,99.99,99.999,99.99,99.996,0.0,0.0,568.89,5688.606
511990.SH,20181121,100.003,100.0,100.009,99.998,100.009,0.006,0.006,870342.34,8703713.829
512000.SH,20181121,0.76,0.749,0.767,0.745,0.761,0.001,0.1316,1030387.0,78100.726
512010.SH,20181121,1.532,1.482,1.563,1.482,1.558,0.026,1.6971,143764.0,22221.752
512070.SH,20181121,1.772,1.768,1.778,1.755,1.768,-0.004,-0.2257,7569.0,1335.869
512090.SH,20181121,0.876,0.87,0.878,0.867,0.876,0.0,0.0,1191224.0,104047.225
512100.SH,20181121,0.576,0.572,0.583,0.566,0.58,0.004,0.6944,158849.0,9143.754
512120.SH,20181121,1.341,1.329,1.37,1.328,1.365,0.024,1.7897,22150.0,2988.939
512160.SH,20181121,0.876,0.871,0.878,0.867,0.876,0.0,0.0,464555.0,40596.249
512180.SH,20181121,0.858,0.852,0.861,0.849,0.859,0.001,0.1166,1327278.0,113669.191
512200.SH,20181121,0.773,0.756,0.799,0.756,0.791,0.018,2.3286,37441.0,2924.623
512220.SH,20181121,1.025,1.027,1.027,1.027,1.027,0.002,0.1951,22.0,2.259
512280.SH,20181121,0.857,0.852,0.859,0.849,0.857,0.0,0.0,769139.0,65711.675
512300.SH,20181121,0.967,0.955,0.979,0.955,0.972,0.005,0.5171,14093.0,1359.759
512310.SH,20181121,0.438,0.437,0.442,0.434,0.442,0.004,0.9132,1419.0,62.022
512330.SH,20181121,0.614,0.613,0.616,0.605,0.614,0.0,0.0,32812.0,2002.864
512340.SH,20181121,0.689,0.683,0.689,0.677,0.687,-0.002,-0.2903,1975.0,134.417
512360.SH,20181121,0.895,0.889,0.9,0.888,0.894,-0.001,-0.1117,13810.0,1235.247
512390.SH,20181121,0.853,0.848,0.859,0.848,0.855,0.002,0.2345,50546.0,4312.776
512400.SH,20181121,0.615,0.612,0.614,0.606,0.613,-0.002,-0.3252,15643.0,952.623
512500.SH,20181121,2.259,2.23,2.271,2.225,2.259,0.0,0.0,714635.0,160823.021
512510.SH,20181121,0.964,0.957,0.968,0.951,0.967,0.003,0.3112,43253.0,4155.067
512520.SH,20181121,0.86,0.858,0.863,0.854,0.862,0.002,0.2326,87236.74,7502.651
512550.SH,20181121,0.952,0.946,0.955,0.944,0.952,0.0,0.0,7398.0,703.451
512560.SH,20181121,0.734,0.734,0.747,0.705,0.74,0.006,0.8174,854.0,62.416
512570.SH,20181121,0.751,0.729,0.762,0.729,0.753,0.002,0.2663,2314.15,172.982
512580.SH,20181121,0.689,0.685,0.696,0.681,0.695,0.006,0.8708,94933.0,6552.982
512600.SH,20181121,1.766,1.724,1.772,1.724,1.767,0.001,0.0566,381.0,67.106
512610.SH,20181121,1.328,1.325,1.344,1.325,1.344,0.016,1.2048,116.0,15.418
512660.SH,20181121,0.673,0.669,0.674,0.66,0.672,-0.001,-0.1486,369344.1,24676.599
512680.SH,20181121,0.662,0.661,0.661,0.652,0.66,-0.002,-0.3021,9886.0,649.224
512700.SH,20181121,0.982,0.982,0.984,0.978,0.983,0.001,0.1018,5712.0,560.084
512770.SH,20181121,0.89,0.885,0.89,0.885,0.889,-0.001,-0.1124,617.0,54.746
512780.SH,20181121,0.752,0.75,0.756,0.733,0.754,0.002,0.266,20482.0,1533.054
512800.SH,20181121,0.951,0.947,0.952,0.945,0.95,-0.001,-0.1052,337852.04,32063.81
512810.SH,20181121,0.639,0.637,0.637,0.63,0.637,-0.002,-0.313,1183.0,74.766
512850.SH,20181121,0.992,0.992,1.0,0.983,0.998,0.006,0.6048,5084.3,505.797
512860.SH,20181121,1.019,1.003,1.021,1.003,1.02,0.001,0.0981,6843.0,696.794
512880.SH,20181121,0.795,0.788,0.805,0.782,0.798,0.003,0.3774,4912274.13,390558.501
512900.SH,20181121,0.766,0.764,0.775,0.755,0.767,0.001,0.1305,69514.0,5316.732
512980.SH,20181121,0.702,0.7,0.705,0.695,0.704,0.002,0.2849,73988.0,5184.417
512990.SH,20181121,0.942,0.93,0.946,0.93,0.943,0.001,0.1062,113369.0,10658.364
513030.SH,20181121,0.996,0.985,0.995,0.984,0.993,-0.003,-0.3012,13964.0,1381.988
513050.SH,20181121,1.123,1.11,1.128,1.102,1.126,0.003,0.2671,583989.5,65168.709
513100.SH,20181121,2.396,2.36,2.38,2.36,2.379,-0.017,-0.7095,213411.0,50540.135
513500.SH,20181121,1.729,1.7,1.71,1.686,1.704,-0.025,-1.4459,310732.0,52770.057
513600.SH,20181121,2.423,2.401,2.422,2.386,2.422,-0.001,-0.0413,80.0,19.267
513660.SH,20181121,2.401,2.389,2.407,2.375,2.407,0.006,0.2499,382.0,90.813
513900.SH,20181121,0.913,0.905,0.915,0.903,0.913,0.0,0.0,2284.0,206.756
518800.SH,20181121,2.704,2.705,2.705,2.699,2.701,-0.003,-0.1109,340420.0,91970.957
518880.SH,20181121,2.724,2.723,2.723,2.72,2.723,-0.001,-0.0367,2564732.0,698119.847
