ts_code,trade_date,pre_close,open,high,low,close,change,pct_chg,vol,amount
150008.SZ,20181012,0.9,0.969,0.969,0.969,0.969,0.069,7.6667,1.0,0.096
150009.SZ,20181012,0.77,0.798,0.798,0.771,0.788,0.018,2.3377,3266.9,255.255
150012.SZ,20181012,1.058,1.06,1.063,1.058,1.06,0.002,0.189,470.79,49.884
150013.SZ,20181012,1.186,1.151,1.218,1.151,1.216,0.03,2.5295,2102.07,248.584
150016.SZ,20181012,1.002,1.003,1.003,1.003,1.003,0.001,0.0998,321.0,32.196
150017.SZ,20181012,1.07,1.104,1.104,1.053,1.102,0.032,2.9907,3267.76,345.676
150018.SZ,20181012,0.969,0.969,0.971,0.968,0.971,0.002,0.2064,790530.53,76680.341
150019.SZ,20181012,0.56,0.548,0.567,0.532,0.556,-0.004,-0.7143,1480536.69,81470.485
150022.SZ,20181012,0.691,0.692,0.695,0.687,0.693,0.002,0.2894,163888.97,11320.046
150023.SZ,20181012,0.139,0.141,0.141,0.136,0.14,0.001,0.7194,1033141.21,14268.275
150028.SZ,20181012,0.966,0.965,0.967,0.965,0.966,0.0,0.0,4549.08,439.436
150029.SZ,20181012,0.892,0.827,0.9,0.823,0.899,0.007,0.7848,2652.27,222.844
150047.SZ,20181012,0.99,0.995,0.995,0.995,0.995,0.005,0.5051,105.0,10.447
150048.SZ,20181012,0.72,0.713,0.719,0.683,0.718,-0.002,-0.2778,646.88,44.478
150050.SZ,20181012,0.537,0.536,0.541,0.536,0.541,0.004,0.7449,549.11,29.615
150051.SZ,20181012,0.967,0.965,0.968,0.965,0.967,0.0,0.0,13847.37,1338.536
150052.SZ,20181012,0.545,0.545,0.565,0.538,0.553,0.008,1.4679,30793.24,1684.3
150056.SZ,20181012,0.926,0.895,0.895,0.895,0.895,-0.031,-3.3477,1.0,0.089
150060.SZ,20181012,0.92,0.9,0.9,0.9,0.9,-0.02,-2.1739,50.0,4.5
150064.SZ,20181012,0.974,0.989,0.989,0.989,0.989,0.015,1.54,1.0,0.098
150100.SZ,20181012,0.971,0.979,0.984,0.979,0.984,0.013,1.3388,443.0,43.56
150101.SZ,20181012,0.971,0.95,0.96,0.901,0.96,-0.011,-1.1329,1321.52,124.142
150106.SZ,20181012,1.005,1.004,1.005,1.004,1.005,0.0,0.0,13062.69,1311.682
150107.SZ,20181012,0.506,0.475,0.486,0.455,0.465,-0.041,-8.1028,34646.79,1615.162
150117.SZ,20181012,0.967,0.966,0.968,0.966,0.968,0.001,0.1034,11984.44,1158.847
150118.SZ,20181012,0.738,0.71,0.729,0.691,0.722,-0.016,-2.168,56486.31,4024.711
150123.SZ,20181012,1.017,1.016,1.017,1.015,1.016,-0.001,-0.0983,2814.0,285.855
150124.SZ,20181012,0.544,0.544,0.548,0.495,0.542,-0.002,-0.3676,10719.94,562.916
150130.SZ,20181012,1.0,0.999,1.001,0.997,1.0,0.0,0.0,249169.55,24907.907
150131.SZ,20181012,0.452,0.446,0.466,0.429,0.453,0.001,0.2212,897828.82,40177.495
150135.SZ,20181012,1.01,1.022,1.022,1.022,1.022,0.012,1.1881,5.0,0.511
150144.SZ,20181012,0.853,0.914,0.914,0.914,0.914,0.061,7.1512,1.0,0.091
150146.SZ,20181012,0.523,0.568,0.571,0.568,0.569,0.046,8.7954,20.0,1.137
150149.SZ,20181012,0.545,0.523,0.549,0.51,0.537,-0.008,-1.4679,1091.0,57.593
150150.SZ,20181012,0.979,0.979,0.979,0.974,0.979,0.0,0.0,4796.0,469.503
150152.SZ,20181012,0.954,0.953,0.955,0.951,0.954,0.0,0.0,845513.85,80582.301
150153.SZ,20181012,0.781,0.77,0.79,0.743,0.771,-0.01,-1.2804,3011066.12,230896.218
150157.SZ,20181012,0.974,0.974,0.975,0.974,0.975,0.001,0.1027,4282.5,417.164
150158.SZ,20181012,0.769,0.747,0.786,0.747,0.785,0.016,2.0806,9898.5,763.384
150164.SZ,20181012,0.999,0.998,0.998,0.998,0.998,-0.001,-0.1001,20.0,1.996
150167.SZ,20181012,0.996,1.073,1.095,1.004,1.004,0.008,0.8032,176.0,18.88
150169.SZ,20181012,0.965,0.964,0.967,0.964,0.966,0.001,0.1036,11901.0,1149.598
150170.SZ,20181012,1.24,1.24,1.286,1.24,1.285,0.045,3.629,1942.0,244.326
150171.SZ,20181012,0.983,0.985,0.986,0.98,0.982,-0.001,-0.1017,2018657.4,198415.164
150172.SZ,20181012,0.389,0.35,0.35,0.35,0.35,-0.039,-10.0257,100740.0,3525.9
150173.SZ,20181012,0.968,0.949,0.961,0.949,0.96,-0.008,-0.8264,428.54,40.959
150174.SZ,20181012,0.73,0.73,0.73,0.657,0.66,-0.07,-9.589,1298.03,88.243
150175.SZ,20181012,0.975,0.975,0.977,0.974,0.976,0.001,0.1026,117835.36,11493.814
150176.SZ,20181012,0.901,0.892,0.945,0.892,0.941,0.04,4.4395,72556.0,6719.903
150177.SZ,20181012,0.967,0.965,0.968,0.965,0.967,0.0,0.0,18703.0,1808.435
150178.SZ,20181012,0.912,0.866,0.911,0.866,0.904,-0.008,-0.8772,1788.35,161.863
150180.SZ,20181012,0.855,0.77,0.77,0.77,0.77,-0.085,-9.9415,370.0,28.49
150181.SZ,20181012,1.0,1.0,1.001,0.997,0.999,-0.001,-0.1,2395689.59,239250.488
150182.SZ,20181012,0.329,0.296,0.296,0.296,0.296,-0.033,-10.0304,112596.0,3332.841
150184.SZ,20181012,0.96,0.95,0.955,0.95,0.951,-0.009,-0.9375,267.14,25.413
150185.SZ,20181012,0.87,0.831,0.849,0.784,0.822,-0.048,-5.5172,6029.54,492.249
150186.SZ,20181012,0.94,0.94,0.943,0.94,0.94,0.0,0.0,1978.12,186.275
150187.SZ,20181012,0.848,0.802,0.84,0.78,0.84,-0.008,-0.9434,2144.69,176.772
150188.SZ,20181012,1.012,1.011,1.013,1.011,1.013,0.001,0.0988,1951.5,197.529
150189.SZ,20181012,0.599,0.58,0.605,0.58,0.605,0.006,1.0017,634.82,38.053
150190.SZ,20181012,1.008,1.011,1.013,1.011,1.013,0.005,0.496,92499.65,9360.718
150193.SZ,20181012,0.64,0.64,0.64,0.592,0.638,-0.002,-0.3125,317.78,20.261
150194.SZ,20181012,0.972,0.972,0.976,0.971,0.973,0.001,0.1029,35334.66,3437.548
150195.SZ,20181012,0.571,0.541,0.56,0.515,0.532,-0.039,-6.8301,31678.9,1712.302
150196.SZ,20181012,0.994,0.994,0.995,0.992,0.995,0.001,0.1006,83400.75,8289.417
150197.SZ,20181012,0.552,0.513,0.536,0.503,0.504,-0.048,-8.6957,223437.41,11598.061
150198.SZ,20181012,1.03,1.092,1.109,0.96,0.96,-0.07,-6.7961,772.99,85.31
150199.SZ,20181012,1.205,1.195,1.24,1.195,1.239,0.034,2.8216,35502.09,4336.982
150200.SZ,20181012,0.966,0.965,0.969,0.964,0.967,0.001,0.1035,124487.37,12035.297
150201.SZ,20181012,0.587,0.564,0.573,0.534,0.549,-0.038,-6.4736,1012029.47,56397.239
150203.SZ,20181012,0.944,0.943,0.947,0.943,0.944,0.0,0.0,5911.34,558.485
150204.SZ,20181012,0.671,0.644,0.648,0.604,0.634,-0.037,-5.5142,1046.95,66.936
150205.SZ,20181012,0.985,0.984,0.991,0.982,0.985,0.0,0.0,202387.62,19937.482
150206.SZ,20181012,0.489,0.44,0.44,0.44,0.44,-0.049,-10.0204,141909.0,6243.996
150208.SZ,20181012,1.088,1.197,1.197,1.197,1.197,0.109,10.0184,1.0,0.119
150209.SZ,20181012,0.973,0.973,0.975,0.972,0.974,0.001,0.1028,59334.81,5776.749
150210.SZ,20181012,0.527,0.501,0.535,0.492,0.523,-0.004,-0.759,78723.01,3984.363
150211.SZ,20181012,0.952,0.951,0.952,0.95,0.952,0.0,0.0,36025.38,3427.905
150212.SZ,20181012,0.82,0.79,0.79,0.738,0.767,-0.053,-6.4634,74947.97,5634.824
150213.SZ,20181012,0.99,0.993,0.995,0.991,0.991,0.001,0.101,10242.33,1016.766
150214.SZ,20181012,0.426,0.383,0.4,0.383,0.384,-0.042,-9.8592,2202.0,84.396
150215.SZ,20181012,1.097,1.02,1.099,1.02,1.02,-0.077,-7.0191,1499.0,153.333
150216.SZ,20181012,0.488,0.44,0.464,0.439,0.444,-0.044,-9.0164,6541.99,292.721
150217.SZ,20181012,0.943,0.943,0.946,0.943,0.946,0.003,0.3181,818.71,77.39
150218.SZ,20181012,0.787,0.76,0.78,0.708,0.78,-0.007,-0.8895,160.15,12.276
150220.SZ,20181012,0.499,0.465,0.487,0.449,0.457,-0.042,-8.4168,30709.0,1392.22
150221.SZ,20181012,1.045,1.045,1.046,1.044,1.046,0.001,0.0957,37814.16,3950.36
150222.SZ,20181012,0.75,0.744,0.747,0.712,0.745,-0.005,-0.6667,23008.74,1684.918
150223.SZ,20181012,1.026,1.026,1.026,1.021,1.025,-0.001,-0.0975,4574511.58,467566.424
150224.SZ,20181012,0.278,0.25,0.25,0.25,0.25,-0.028,-10.0719,15326.0,383.15
150225.SZ,20181012,1.015,1.059,1.059,1.059,1.059,0.044,4.335,506.0,53.585
150226.SZ,20181012,0.65,0.715,0.715,0.715,0.715,0.065,10.0,1.0,0.071
150227.SZ,20181012,0.976,0.976,0.98,0.975,0.979,0.003,0.3074,183419.51,17942.46
150228.SZ,20181012,0.747,0.752,0.778,0.741,0.775,0.028,3.7483,660988.05,50198.057
150230.SZ,20181012,0.62,0.679,0.679,0.6,0.627,0.007,1.129,1369.33,84.766
150232.SZ,20181012,0.447,0.405,0.447,0.405,0.447,0.0,0.0,14.74,0.617
150236.SZ,20181012,0.901,0.871,0.9,0.839,0.861,-0.04,-4.4395,5417.0,473.1
150241.SZ,20181012,0.965,0.97,0.977,0.967,0.975,0.01,1.0363,912.0,88.853
150242.SZ,20181012,0.9,0.884,0.94,0.884,0.94,0.04,4.4444,413.0,37.151
150243.SZ,20181012,0.938,0.937,0.94,0.937,0.94,0.002,0.2132,36565.64,3430.064
150244.SZ,20181012,0.844,0.829,0.839,0.781,0.825,-0.019,-2.2512,17042.37,1377.89
150247.SZ,20181012,0.968,0.966,0.973,0.966,0.967,-0.001,-0.1033,2799.57,271.117
150248.SZ,20181012,0.678,0.63,0.688,0.613,0.63,-0.048,-7.0796,3496.49,217.896
150249.SZ,20181012,0.966,0.968,0.968,0.968,0.968,0.002,0.207,96.0,9.292
150250.SZ,20181012,0.91,1.0,1.0,0.831,0.93,0.02,2.1978,6.0,0.552
150252.SZ,20181012,0.828,0.798,0.809,0.746,0.809,-0.019,-2.2947,833.0,64.972
150257.SZ,20181012,0.95,0.949,0.95,0.949,0.95,0.0,0.0,4501.69,427.655
150258.SZ,20181012,1.1,0.99,1.2,0.99,1.2,0.1,9.0909,136.0,13.555
150259.SZ,20181012,0.944,0.954,0.954,0.954,0.954,0.01,1.0593,1.0,0.095
150260.SZ,20181012,0.736,0.738,0.738,0.738,0.738,0.002,0.2717,6.0,0.442
150261.SZ,20181012,0.995,0.995,0.996,0.995,0.996,0.001,0.1005,412.52,41.045
150262.SZ,20181012,0.679,0.613,0.678,0.611,0.676,-0.003,-0.4418,800.34,49.702
150265.SZ,20181012,1.022,1.044,1.044,1.044,1.044,0.022,2.1526,2.0,0.208
150266.SZ,20181012,0.79,0.744,0.869,0.711,0.83,0.04,5.0633,369.42,27.377
150267.SZ,20181012,0.98,0.988,0.989,0.988,0.989,0.009,0.9184,841.0,83.174
150268.SZ,20181012,0.947,1.038,1.038,0.858,0.955,0.008,0.8448,6.0,0.555
150269.SZ,20181012,0.968,0.966,0.969,0.966,0.969,0.001,0.1033,60969.45,5900.158
150270.SZ,20181012,1.037,1.0,1.092,1.0,1.089,0.052,5.0145,80960.1,8448.937
150271.SZ,20181012,0.962,0.964,0.964,0.963,0.963,0.001,0.104,3.0,0.289
150272.SZ,20181012,0.888,0.807,0.807,0.807,0.807,-0.081,-9.1216,18.47,1.49
150273.SZ,20181012,0.948,0.947,0.947,0.94,0.944,-0.004,-0.4219,11701.68,1102.976
150274.SZ,20181012,1.042,0.944,1.041,0.944,1.041,-0.001,-0.096,26.36,2.593
150275.SZ,20181012,0.946,0.945,0.947,0.945,0.947,0.001,0.1057,34687.59,3279.142
150276.SZ,20181012,0.99,0.891,1.019,0.891,1.019,0.029,2.9293,1499.59,144.477
150278.SZ,20181012,0.696,0.696,0.7,0.695,0.7,0.004,0.5747,599.0,41.777
150282.SZ,20181012,0.69,0.621,0.621,0.621,0.621,-0.069,-10.0,1.0,0.062
150283.SZ,20181012,0.947,0.946,0.947,0.946,0.947,0.0,0.0,1494.24,141.502
150284.SZ,20181012,0.648,0.679,0.679,0.679,0.679,0.031,4.784,44.0,2.987
150287.SZ,20181012,0.999,0.998,0.999,0.998,0.998,-0.001,-0.1001,33810.36,3375.04
150288.SZ,20181012,0.448,0.406,0.465,0.405,0.459,0.011,2.4554,172314.46,7314.552
150289.SZ,20181012,0.973,0.971,0.973,0.97,0.973,0.0,0.0,38626.0,3753.541
150290.SZ,20181012,0.844,0.835,0.881,0.812,0.878,0.034,4.0284,160106.39,13578.479
150291.SZ,20181012,0.997,0.997,0.998,0.996,0.996,-0.001,-0.1003,5849.0,583.06
150292.SZ,20181012,0.694,0.658,0.658,0.631,0.631,-0.063,-9.0778,299.0,19.605
150299.SZ,20181012,0.997,0.998,0.999,0.997,0.998,0.001,0.1003,59185.33,5902.749
150300.SZ,20181012,0.588,0.573,0.613,0.573,0.61,0.022,3.7415,44829.0,2669.486
150301.SZ,20181012,1.015,1.015,1.016,1.012,1.015,0.0,0.0,56624.85,5734.061
150302.SZ,20181012,0.34,0.306,0.306,0.306,0.306,-0.034,-10.0,550.0,16.83
150303.SZ,20181012,0.961,0.961,0.963,0.961,0.963,0.002,0.2081,56770.23,5457.921
150304.SZ,20181012,0.764,0.726,0.745,0.688,0.724,-0.04,-5.2356,99262.38,7044.941
150308.SZ,20181012,0.92,1.008,1.008,0.83,0.93,0.01,1.087,417.0,34.638
150309.SZ,20181012,0.936,0.935,0.935,0.935,0.935,-0.001,-0.1068,832.0,77.792
150310.SZ,20181012,1.05,0.945,0.945,0.945,0.945,-0.105,-10.0,827.0,78.151
150311.SZ,20181012,0.934,0.955,0.955,0.936,0.936,0.002,0.2141,262.5,24.701
150312.SZ,20181012,1.381,1.243,1.38,1.243,1.243,-0.138,-9.9928,438.0,54.457
150315.SZ,20181012,0.936,0.933,0.935,0.933,0.935,-0.001,-0.1068,235.88,22.027
150316.SZ,20181012,0.955,0.867,0.893,0.865,0.892,-0.063,-6.5969,502.21,44.115
150318.SZ,20181012,0.609,0.548,0.548,0.548,0.548,-0.061,-10.0164,1.0,0.054
150321.SZ,20181012,1.053,1.051,1.053,1.051,1.053,0.0,0.0,10158.0,1067.858
150322.SZ,20181012,0.789,0.78,0.82,0.762,0.82,0.031,3.929,693.0,55.258
150325.SZ,20181012,1.0,1.001,1.001,0.999,0.999,-0.001,-0.1,7477.52,747.701
150326.SZ,20181012,0.419,0.448,0.448,0.448,0.448,0.029,6.9212,298.0,13.35
150329.SZ,20181012,0.968,0.968,0.969,0.968,0.969,0.001,0.1033,3292.0,318.761
150330.SZ,20181012,1.242,1.234,1.308,1.233,1.3,0.058,4.6699,8419.94,1081.224
150335.SZ,20181012,0.999,0.998,1.0,0.998,1.0,0.001,0.1001,1049.37,104.727
150336.SZ,20181012,0.64,0.576,0.658,0.576,0.64,0.0,0.0,372.38,22.135
150343.SZ,20181012,1.014,1.014,1.014,1.011,1.014,0.0,0.0,52684.11,5328.863
150344.SZ,20181012,0.41,0.369,0.369,0.369,0.369,-0.041,-10.0,461.0,17.01
159001.SZ,20181012,100.0,99.999,100.001,99.999,100.0,0.0,0.0,151431.27,1514312.551
159003.SZ,20181012,99.999,99.998,100.001,99.996,100.0,0.001,0.001,62885.37,628842.619
159005.SZ,20181012,99.999,99.999,100.001,99.999,99.999,0.0,0.0,22343.1,223430.639
159901.SZ,20181012,3.443,3.435,3.515,3.405,3.493,0.05,1.4522,382905.17,132350.204
159902.SZ,20181012,2.43,2.421,2.469,2.375,2.457,0.027,1.1111,123965.9,30062.621
159903.SZ,20181012,0.836,0.821,0.831,0.812,0.818,-0.018,-2.1531,36639.37,3007.894
159905.SZ,20181012,1.283,1.285,1.307,1.275,1.303,0.02,1.5588,29634.0,3837.255
159906.SZ,20181012,0.855,0.775,0.878,0.775,0.875,0.02,2.3392,260.0,22.202
159907.SZ,20181012,1.0,1.015,1.015,0.967,1.003,0.003,0.3,1655.84,164.614
159908.SZ,20181012,1.33,1.34,1.34,1.25,1.321,-0.009,-0.6767,856.0,109.731
159909.SZ,20181012,3.332,3.3,3.39,3.238,3.375,0.043,1.2905,212.0,69.943
159910.SZ,20181012,1.357,1.36,1.385,1.34,1.38,0.023,1.6949,4528.0,614.958
159912.SZ,20181012,1.01,1.008,1.009,0.966,0.998,-0.012,-1.1881,1351.0,133.811
159913.SZ,20181012,1.409,1.372,1.439,1.37,1.435,0.026,1.8453,502.0,71.819
159915.SZ,20181012,1.196,1.192,1.215,1.173,1.206,0.01,0.8361,9926606.04,1185754.49
159916.SZ,20181012,2.997,2.996,3.02,2.808,3.011,0.014,0.4671,554.0,164.337
159918.SZ,20181012,1.168,1.141,1.165,1.118,1.165,-0.003,-0.2568,257.0,29.484
159919.SZ,20181012,3.454,3.453,3.517,3.434,3.506,0.052,1.5055,463494.0,160734.293
159920.SZ,20181012,1.352,1.356,1.38,1.354,1.378,0.026,1.9231,1985420.08,271096.057
159922.SZ,20181012,4.488,4.488,4.488,4.303,4.452,-0.036,-0.8021,9684.0,4268.925
159923.SZ,20181012,1.4,1.374,1.422,1.369,1.405,0.005,0.3571,1585.0,221.318
159925.SZ,20181012,1.317,1.33,1.349,1.315,1.349,0.032,2.4298,4799.42,635.923
159928.SZ,20181012,1.933,1.938,1.995,1.935,1.991,0.058,3.0005,15521.0,3043.414
159929.SZ,20181012,1.404,1.406,1.416,1.351,1.41,0.006,0.4274,12013.39,1663.171
159930.SZ,20181012,0.774,0.765,0.788,0.75,0.779,0.005,0.646,2001.77,152.607
159931.SZ,20181012,1.38,1.424,1.424,1.36,1.406,0.026,1.8841,522.0,72.951
159932.SZ,20181012,1.3,1.296,1.35,1.237,1.35,0.05,3.8462,686.0,87.093
159933.SZ,20181012,1.63,1.669,1.67,1.63,1.63,0.0,0.0,26.0,4.336
159934.SZ,20181012,2.647,2.677,2.692,2.677,2.686,0.039,1.4734,125110.0,33582.596
159935.SZ,20181012,1.3,1.211,1.211,1.211,1.211,-0.089,-6.8462,1.0,0.121
159936.SZ,20181012,1.12,1.152,1.152,1.094,1.121,0.001,0.0893,399.0,44.23
159937.SZ,20181012,2.665,2.696,2.72,2.696,2.701,0.036,1.3508,151147.0,40848.558
159938.SZ,20181012,1.121,1.126,1.136,1.104,1.13,0.009,0.8029,166885.0,18694.643
159939.SZ,20181012,0.742,0.745,0.745,0.711,0.737,-0.005,-0.6739,56899.01,4143.008
159940.SZ,20181012,0.785,0.788,0.803,0.774,0.801,0.016,2.0382,1050.0,82.706
159941.SZ,20181012,1.578,1.578,1.611,1.561,1.609,0.031,1.9645,8138.31,1293.391
159942.SZ,20181012,1.34,1.32,1.345,1.308,1.345,0.005,0.3731,1369.07,180.764
159943.SZ,20181012,8.067,7.921,8.064,7.893,8.064,-0.003,-0.0372,895.71,714.262
159944.SZ,20181012,0.71,0.66,0.726,0.66,0.67,-0.04,-5.6338,4266.0,285.878
159945.SZ,20181012,0.673,0.673,0.704,0.67,0.684,0.011,1.6345,2533.01,173.775
159946.SZ,20181012,1.036,1.052,1.064,1.037,1.064,0.028,2.7027,4.0,0.421
159948.SZ,20181012,1.312,1.316,1.332,1.281,1.323,0.011,0.8384,42731.0,5600.654
159949.SZ,20181012,0.444,0.443,0.453,0.434,0.447,0.003,0.6757,11545908.03,512644.327
159950.SZ,20181012,0.983,0.934,0.98,0.887,0.98,-0.003,-0.3052,150.0,13.83
159951.SZ,20181012,0.662,0.656,0.656,0.628,0.656,-0.006,-0.9063,36.0,2.332
159952.SZ,20181012,0.726,0.724,0.734,0.708,0.729,0.003,0.4132,700499.14,50641.709
159953.SZ,20181012,0.669,0.635,0.659,0.635,0.645,-0.024,-3.5874,182.0,11.619
159954.SZ,20181012,0.912,0.919,0.936,0.919,0.932,0.02,2.193,50441.21,4680.937
159955.SZ,20181012,0.68,0.684,0.692,0.666,0.686,0.006,0.8824,10591.0,721.828
159956.SZ,20181012,0.704,0.696,0.715,0.696,0.713,0.009,1.2784,2690.03,189.757
159957.SZ,20181012,0.736,0.731,0.776,0.721,0.745,0.009,1.2228,28512.02,2100.731
159958.SZ,20181012,0.724,0.727,0.736,0.707,0.732,0.008,1.105,92472.06,6679.02
160105.SZ,20181012,0.832,0.826,0.826,0.809,0.813,-0.019,-2.2837,49.0,3.983
160106.SZ,20181012,0.901,0.902,0.902,0.881,0.901,0.0,0.0,1901.1,170.058
160119.SZ,20181012,1.13,1.125,1.156,1.108,1.145,0.015,1.3274,4848.94,544.851
160125.SZ,20181012,0.932,0.893,0.931,0.893,0.931,-0.001,-0.1073,372.0,34.345
160128.SZ,20181012,0.983,0.994,0.994,0.985,0.993,0.01,1.0173,23.0,2.285
160131.SZ,20181012,1.033,1.033,1.033,1.033,1.033,0.0,0.0,763.0,78.817
160133.SZ,20181012,1.901,1.906,1.944,1.893,1.944,0.043,2.262,698.95,134.157
160140.SZ,20181012,1.004,0.976,1.022,0.976,1.018,0.014,1.3944,838.92,83.512
160211.SZ,20181012,1.718,1.718,1.744,1.7,1.743,0.025,1.4552,2609.94,448.62
160212.SZ,20181012,1.7,1.694,1.719,1.67,1.71,0.01,0.5882,9830.92,1658.054
160215.SZ,20181012,1.217,1.229,1.229,1.184,1.211,-0.006,-0.493,1468.24,175.144
160216.SZ,20181012,0.586,0.569,0.587,0.568,0.585,-0.001,-0.1706,56008.59,3255.446
160220.SZ,20181012,1.115,1.123,1.22,1.118,1.118,0.003,0.2691,873.09,99.636
160223.SZ,20181012,0.61,0.601,0.618,0.595,0.612,0.002,0.3279,936.0,56.876
160225.SZ,20181012,0.701,0.702,0.702,0.675,0.699,-0.002,-0.2853,4368.1,299.928
160311.SZ,20181012,1.29,1.299,1.324,1.282,1.32,0.03,2.3256,1448.0,189.192
160314.SZ,20181012,0.81,0.81,0.847,0.81,0.83,0.02,2.4691,2168.0,178.265
160322.SZ,20181012,0.971,0.971,0.977,0.971,0.977,0.006,0.6179,497.66,48.467
160323.SZ,20181012,1.0,0.928,0.998,0.928,0.998,-0.002,-0.2,3.0,0.285
160324.SZ,20181012,0.751,0.731,0.757,0.731,0.757,0.006,0.7989,611.0,45.233
160415.SZ,20181012,0.716,0.695,0.695,0.692,0.692,-0.024,-3.352,5.0,0.346
160416.SZ,20181012,1.108,1.091,1.115,1.091,1.109,0.001,0.0903,18035.0,1982.297
160421.SZ,20181012,0.8,0.799,0.809,0.783,0.809,0.009,1.125,3230.24,257.348
160422.SZ,20181012,0.754,0.679,0.679,0.679,0.679,-0.075,-9.9469,50.0,3.395
160505.SZ,20181012,1.283,1.283,1.299,1.273,1.299,0.016,1.2471,28276.06,3636.443
160512.SZ,20181012,1.405,1.399,1.399,1.366,1.399,-0.006,-0.427,202.08,27.94
160515.SZ,20181012,1.01,1.006,1.009,1.006,1.009,-0.001,-0.099,101.0,10.179
160518.SZ,20181012,0.836,0.83,0.858,0.826,0.842,0.006,0.7177,2322.12,194.301
160520.SZ,20181012,0.91,0.917,0.917,0.903,0.903,-0.007,-0.7692,104.0,9.396
160607.SZ,20181012,0.576,0.576,0.592,0.576,0.588,0.012,2.0833,1281.0,74.685
160610.SZ,20181012,0.789,0.789,0.819,0.771,0.802,0.013,1.6477,695.0,55.172
160611.SZ,20181012,0.643,0.643,0.656,0.643,0.656,0.013,2.0218,129.0,8.431
160613.SZ,20181012,1.041,1.028,1.041,1.028,1.041,0.0,0.0,9.0,0.934
160615.SZ,20181012,1.331,1.304,1.337,1.304,1.337,0.006,0.4508,85.0,11.288
160616.SZ,20181012,0.973,0.939,1.009,0.939,0.97,-0.003,-0.3083,351.51,34.704
160617.SZ,20181012,1.051,1.052,1.052,1.051,1.051,0.0,0.0,29.0,3.048
160635.SZ,20181012,0.92,0.924,0.935,0.92,0.926,0.006,0.6522,138.0,12.737
160643.SZ,20181012,0.718,0.701,0.777,0.689,0.701,-0.017,-2.3677,536.0,37.558
160706.SZ,20181012,0.918,0.918,0.934,0.915,0.933,0.015,1.634,31450.01,2910.58
160716.SZ,20181012,1.425,1.41,1.457,1.41,1.45,0.025,1.7544,3035.98,433.986
160717.SZ,20181012,0.769,0.773,0.786,0.768,0.785,0.016,2.0806,3384.0,262.4
160719.SZ,20181012,0.676,0.681,0.685,0.681,0.682,0.006,0.8876,25189.67,1720.955
160722.SZ,20181012,0.959,0.907,0.946,0.907,0.946,-0.013,-1.3556,561.02,51.026
160723.SZ,20181012,1.985,1.787,1.787,1.787,1.787,-0.198,-9.9748,1507.0,269.3
160805.SZ,20181012,0.685,0.7,0.7,0.663,0.663,-0.022,-3.2117,3.0,0.206
160806.SZ,20181012,1.136,1.132,1.149,1.117,1.149,0.013,1.1444,747.76,84.369
160812.SZ,20181012,1.254,1.25,1.256,1.24,1.256,0.002,0.1595,1517.02,188.883
160813.SZ,20181012,0.66,0.653,0.68,0.653,0.655,-0.005,-0.7576,258.73,17.22
160910.SZ,20181012,0.856,0.919,0.919,0.85,0.896,0.04,4.6729,199.0,17.476
160916.SZ,20181012,2.366,2.353,2.394,2.353,2.394,0.028,1.1834,864.23,204.626
160918.SZ,20181012,1.717,1.723,1.777,1.723,1.777,0.06,3.4945,2040.92,356.837
160919.SZ,20181012,0.95,0.95,0.96,0.936,0.96,0.01,1.0526,913.0,86.8
160921.SZ,20181012,0.811,0.802,0.802,0.795,0.795,-0.016,-1.9729,2.0,0.159
160922.SZ,20181012,0.941,1.027,1.027,0.923,0.978,0.037,3.932,7486.0,721.789
161005.SZ,20181012,1.594,1.599,1.617,1.57,1.61,0.016,1.0038,6165.35,985.879
161010.SZ,20181012,1.032,1.022,1.029,1.022,1.024,-0.008,-0.7752,1309.0,134.103
161014.SZ,20181012,1.08,1.081,1.081,1.081,1.081,0.001,0.0926,51.02,5.515
161015.SZ,20181012,0.962,0.962,0.962,0.962,0.962,0.0,0.0,10.0,0.962
161017.SZ,20181012,1.683,1.684,1.685,1.64,1.674,-0.009,-0.5348,3773.22,630.321
161019.SZ,20181012,0.924,0.924,0.926,0.924,0.926,0.002,0.2165,883.0,81.609
161033.SZ,20181012,0.685,0.661,0.733,0.658,0.681,-0.004,-0.5839,386.12,26.077
161035.SZ,20181012,0.986,0.887,0.985,0.887,0.97,-0.016,-1.6227,254.47,23.917
161036.SZ,20181012,0.548,0.536,0.544,0.533,0.544,-0.004,-0.7299,97.0,5.177
161037.SZ,20181012,0.819,0.818,0.818,0.818,0.818,-0.001,-0.1221,6.0,0.49
161038.SZ,20181012,0.845,0.845,0.845,0.845,0.845,0.0,0.0,180.0,15.21
161039.SZ,20181012,0.85,0.887,0.887,0.835,0.844,-0.006,-0.7059,5498.19,460.203
161116.SZ,20181012,0.7,0.71,0.725,0.705,0.71,0.01,1.4286,6037.03,431.379
161124.SZ,20181012,0.99,0.99,0.99,0.979,0.98,-0.01,-1.0101,437.75,42.872
161125.SZ,20181012,1.173,1.189,1.189,1.172,1.186,0.013,1.1083,1558.61,184.064
161126.SZ,20181012,1.227,1.227,1.252,1.226,1.252,0.025,2.0375,2305.52,284.675
161127.SZ,20181012,1.254,1.278,1.287,1.261,1.277,0.023,1.8341,1021.88,130.318
161128.SZ,20181012,1.339,1.351,1.365,1.328,1.364,0.025,1.8671,3324.06,447.916
161129.SZ,20181012,1.715,1.544,1.544,1.544,1.544,-0.171,-9.9708,1662.0,256.612
161130.SZ,20181012,1.181,1.18,1.205,1.18,1.205,0.024,2.0322,856.78,101.624
161217.SZ,20181012,0.611,0.606,0.615,0.6,0.615,0.004,0.6547,515.13,31.58
161219.SZ,20181012,1.097,1.073,1.073,1.071,1.071,-0.026,-2.3701,4.0,0.428
161222.SZ,20181012,1.022,1.014,1.014,1.014,1.014,-0.008,-0.7828,172.0,17.44
161224.SZ,20181012,0.864,0.78,0.862,0.778,0.79,-0.074,-8.5648,618.98,48.666
161225.SZ,20181012,0.994,0.985,0.985,0.899,0.934,-0.06,-6.0362,800.0,72.713
161226.SZ,20181012,0.747,0.754,0.756,0.753,0.755,0.008,1.071,17385.2,1311.721
161227.SZ,20181012,0.75,0.744,0.77,0.744,0.769,0.019,2.5333,2190.13,164.744
161229.SZ,20181012,1.222,1.222,1.226,1.221,1.226,0.004,0.3273,235.0,28.717
161232.SZ,20181012,0.569,0.528,0.545,0.512,0.538,-0.031,-5.4482,10680.44,557.886
161607.SZ,20181012,1.028,1.017,1.126,1.017,1.043,0.015,1.4591,60.0,6.216
161610.SZ,20181012,0.846,0.856,0.875,0.839,0.873,0.027,3.1915,2326.0,199.245
161631.SZ,20181012,0.743,0.738,0.738,0.701,0.725,-0.018,-2.4226,28255.44,2033.56
161706.SZ,20181012,1.267,1.271,1.318,1.27,1.297,0.03,2.3678,1329.21,172.496
161713.SZ,20181012,1.013,1.01,1.013,1.01,1.013,0.0,0.0,5.0,0.506
161714.SZ,20181012,0.963,0.908,0.968,0.908,0.955,-0.008,-0.8307,289.0,26.838
161715.SZ,20181012,0.761,0.761,0.765,0.742,0.765,0.004,0.5256,512.85,38.897
161716.SZ,20181012,1.171,1.172,1.173,1.172,1.173,0.002,0.1708,236.0,27.674
161810.SZ,20181012,1.1,1.09,1.092,1.09,1.091,-0.009,-0.8182,55.0,6.002
161815.SZ,20181012,0.503,0.507,0.515,0.507,0.515,0.012,2.3857,2637.68,134.855
161820.SZ,20181012,1.1,1.1,1.1,1.1,1.1,0.0,0.0,2.0,0.22
161831.SZ,20181012,0.931,0.947,0.954,0.947,0.954,0.023,2.4705,530.0,50.262
161834.SZ,20181012,0.683,0.68,0.684,0.678,0.679,-0.004,-0.5857,138320.38,9397.528
161835.SZ,20181012,1.037,1.038,1.038,1.038,1.038,0.001,0.0964,1010.0,104.838
161903.SZ,20181012,0.666,0.655,0.666,0.655,0.655,-0.011,-1.6517,21.0,1.381
161907.SZ,20181012,1.444,1.413,1.413,1.413,1.413,-0.031,-2.1468,1.0,0.141
161911.SZ,20181012,1.006,1.006,1.007,1.006,1.007,0.001,0.0994,28607.0,2878.13
162006.SZ,20181012,1.009,1.009,1.055,0.99,1.055,0.046,4.559,309.58,31.016
162105.SZ,20181012,0.999,0.999,1.083,0.999,1.083,0.084,8.4084,224.0,22.386
162207.SZ,20181012,1.083,1.079,1.085,1.079,1.085,0.002,0.1847,103.38,11.155
162307.SZ,20181012,1.116,1.12,1.122,1.12,1.122,0.006,0.5376,10.0,1.121
162411.SZ,20181012,0.7,0.687,0.707,0.687,0.704,0.004,0.5714,339762.52,23685.299
162415.SZ,20181012,1.379,1.384,1.398,1.381,1.398,0.019,1.3778,13924.36,1935.08
162416.SZ,20181012,0.961,0.949,0.961,0.949,0.961,0.0,0.0,155.0,14.829
162510.SZ,20181012,0.756,0.719,0.766,0.719,0.747,-0.009,-1.1905,46.0,3.351
162605.SZ,20181012,1.117,1.121,1.169,1.119,1.147,0.03,2.6858,23092.39,2617.478
162607.SZ,20181012,0.394,0.394,0.396,0.39,0.396,0.002,0.5076,3713.05,146.074
162703.SZ,20181012,1.032,1.035,1.051,1.015,1.05,0.018,1.7442,2718.44,281.102
162711.SZ,20181012,0.97,0.951,0.967,0.949,0.967,-0.003,-0.3093,496.0,47.344
162712.SZ,20181012,1.494,1.496,1.496,1.496,1.496,0.002,0.1339,1865.0,279.004
162717.SZ,20181012,0.948,1.043,1.043,0.989,0.989,0.041,4.3249,4.0,0.401
162718.SZ,20181012,0.906,0.917,0.918,0.915,0.918,0.012,1.3245,1800.89,165.067
162719.SZ,20181012,1.28,1.254,1.254,1.181,1.206,-0.074,-5.7813,4693.86,558.644
163001.SZ,20181012,0.8,0.791,0.8,0.787,0.789,-0.011,-1.375,32.0,2.542
163110.SZ,20181012,1.475,1.474,1.54,1.45,1.498,0.023,1.5593,152.0,22.595
163111.SZ,20181012,0.788,0.779,0.81,0.778,0.79,0.002,0.2538,515.0,40.151
163119.SZ,20181012,0.689,0.664,0.667,0.664,0.667,-0.022,-3.193,4.0,0.266
163208.SZ,20181012,1.118,1.045,1.078,1.015,1.038,-0.08,-7.1556,3068.12,317.664
163210.SZ,20181012,1.094,1.095,1.098,1.095,1.098,0.004,0.3656,19402.06,2128.276
163302.SZ,20181012,1.018,1.005,1.019,1.005,1.019,0.001,0.0982,7.0,0.708
163402.SZ,20181012,0.598,0.595,0.608,0.595,0.605,0.007,1.1706,69605.86,4191.037
163407.SZ,20181012,1.632,1.635,1.65,1.607,1.65,0.018,1.1029,5086.63,825.986
163409.SZ,20181012,1.222,1.217,1.235,1.216,1.235,0.013,1.0638,64.0,7.894
163412.SZ,20181012,2.733,2.734,2.791,2.721,2.785,0.052,1.9027,7854.55,2163.435
163415.SZ,20181012,1.277,1.283,1.307,1.262,1.307,0.03,2.3493,1441.44,186.007
163417.SZ,20181012,0.772,0.773,0.791,0.773,0.789,0.017,2.2021,337155.43,26304.086
163503.SZ,20181012,0.413,0.413,0.416,0.406,0.416,0.003,0.7264,704.62,28.952
163801.SZ,20181012,1.164,1.153,1.177,1.153,1.173,0.009,0.7732,539.0,62.954
163819.SZ,20181012,1.014,0.997,0.997,0.997,0.997,-0.017,-1.6765,1.0,0.099
163821.SZ,20181012,1.234,1.124,1.124,1.124,1.124,-0.11,-8.9141,1.0,0.112
163824.SZ,20181012,1.02,1.013,1.029,1.013,1.029,0.009,0.8824,22.0,2.25
164206.SZ,20181012,1.106,1.098,1.098,1.098,1.098,-0.008,-0.7233,13.0,1.427
164208.SZ,20181012,1.198,1.199,1.199,1.192,1.193,-0.005,-0.4174,606.58,72.307
164210.SZ,20181012,1.04,1.04,1.04,1.038,1.038,-0.002,-0.1923,16.0,1.663
164403.SZ,20181012,0.976,0.936,0.936,0.936,0.936,-0.04,-4.0984,3.0,0.28
164701.SZ,20181012,0.578,0.582,0.588,0.582,0.584,0.006,1.0381,10104.36,590.916
164702.SZ,20181012,1.016,0.993,0.993,0.993,0.993,-0.023,-2.2638,9.0,0.893
164703.SZ,20181012,0.84,0.841,0.842,0.841,0.842,0.002,0.2381,204.79,17.229
164705.SZ,20181012,1.085,1.08,1.125,1.032,1.032,-0.053,-4.8848,786.51,87.588
164808.SZ,20181012,1.033,1.134,1.134,1.033,1.033,0.0,0.0,124.0,14.051
164810.SZ,20181012,1.0,0.915,1.014,0.915,1.014,0.014,1.4,6.0,0.558
164824.SZ,20181012,0.834,0.83,0.859,0.83,0.859,0.025,2.9976,1464.15,123.032
164902.SZ,20181012,1.39,1.382,1.382,1.381,1.382,-0.008,-0.5755,4.0,0.552
164906.SZ,20181012,1.095,1.099,1.155,1.099,1.134,0.039,3.5616,8833.17,984.712
165309.SZ,20181012,1.011,1.011,1.026,1.01,1.019,0.008,0.7913,532.96,53.928
165313.SZ,20181012,1.102,1.099,1.118,1.099,1.118,0.016,1.4519,688.0,75.613
165510.SZ,20181012,0.703,0.703,0.703,0.703,0.703,0.0,0.0,1.0,0.07
165513.SZ,20181012,0.511,0.511,0.515,0.497,0.507,-0.004,-0.7828,5059.0,255.277
165516.SZ,20181012,1.611,1.549,1.596,1.546,1.595,-0.016,-0.9932,42.0,6.655
165525.SZ,20181012,0.781,0.804,0.804,0.75,0.787,0.006,0.7682,2118.0,164.145
165528.SZ,20181012,0.764,0.735,0.761,0.735,0.754,-0.01,-1.3089,304.0,22.768
166001.SZ,20181012,0.871,0.87,0.871,0.856,0.871,0.0,0.0,161.0,13.923
166006.SZ,20181012,0.9,0.896,0.92,0.896,0.92,0.02,2.2222,1011.0,91.848
166008.SZ,20181012,1.067,1.07,1.07,1.07,1.07,0.003,0.2812,10.0,1.07
166009.SZ,20181012,1.375,1.361,1.361,1.361,1.361,-0.014,-1.0182,2.0,0.272
166011.SZ,20181012,1.063,1.034,1.055,1.034,1.055,-0.008,-0.7526,62.0,6.459
166023.SZ,20181012,0.764,0.778,0.781,0.771,0.781,0.017,2.2251,23.0,1.781
166024.SZ,20181012,0.8,0.799,0.808,0.78,0.805,0.005,0.625,31662.18,2517.121
166904.SZ,20181012,1.06,1.059,1.059,1.056,1.056,-0.004,-0.3774,51.0,5.4
167001.SZ,20181012,0.606,0.606,0.618,0.599,0.615,0.009,1.4851,6367.05,389.196
168101.SZ,20181012,0.762,0.753,0.771,0.753,0.756,-0.006,-0.7874,457.0,34.509
168102.SZ,20181012,0.673,0.67,0.67,0.66,0.67,-0.003,-0.4458,4543.79,303.451
168103.SZ,20181012,0.645,0.644,0.647,0.639,0.642,-0.003,-0.4651,119463.47,7667.378
168104.SZ,20181012,0.949,0.861,0.861,0.861,0.861,-0.088,-9.2729,5.01,0.431
168105.SZ,20181012,0.67,0.663,0.673,0.662,0.673,0.003,0.4478,2481.59,165.087
168106.SZ,20181012,0.888,0.9,0.9,0.874,0.874,-0.014,-1.5766,1200.0,107.48
168301.SZ,20181012,0.821,0.825,0.826,0.814,0.82,-0.001,-0.1218,5800.45,477.346
168401.SZ,20181012,0.947,0.94,0.949,0.94,0.94,-0.007,-0.7392,4672.0,439.19
169101.SZ,20181012,1.191,1.188,1.214,1.182,1.209,0.018,1.5113,79787.79,9563.537
169102.SZ,20181012,1.065,1.055,1.079,1.041,1.066,0.001,0.0939,4427.0,470.31
169103.SZ,20181012,1.093,1.1,1.1,1.073,1.092,-0.001,-0.0915,3329.0,362.978
169104.SZ,20181012,1.071,1.05,1.15,1.05,1.092,0.021,1.9608,19011.86,2015.443
169105.SZ,20181012,1.131,1.132,1.159,1.116,1.152,0.021,1.8568,109945.11,12397.851
169106.SZ,20181012,0.914,0.914,0.919,0.913,0.918,0.004,0.4376,5224.07,478.118
184801.SZ,20181012,90.0,89.5,90.009,89.304,90.0,0.0,0.0,168.86,1518.799
501001.SH,20181012,0.961,1.004,1.004,0.942,0.955,-0.006,-0.6243,1093.4,109.064
501002.SH,20181012,0.576,0.573,0.574,0.563,0.572,-0.004,-0.6944,27.0,1.546
501005.SH,20181012,0.724,0.716,0.723,0.714,0.722,-0.002,-0.2762,4436.0,319.287
501007.SH,20181012,0.876,0.964,0.964,0.788,0.85,-0.026,-2.968,72.69,5.842
501008.SH,20181012,0.789,0.797,0.842,0.775,0.842,0.053,6.7174,6.0,0.476
501009.SH,20181012,0.996,0.995,0.996,0.994,0.996,0.0,0.0,32.0,3.185
501010.SH,20181012,0.95,0.954,1.002,0.937,0.984,0.034,3.5789,529.47,51.74
501011.SH,20181012,0.809,0.848,0.848,0.796,0.806,-0.003,-0.3708,95.0,7.754
501012.SH,20181012,0.854,0.797,0.797,0.797,0.797,-0.057,-6.6745,3.0,0.239
501015.SH,20181012,0.733,0.747,0.763,0.735,0.761,0.028,3.8199,2633.81,197.973
501016.SH,20181012,0.68,0.708,0.708,0.665,0.671,-0.009,-1.3235,4109.48,276.113
501018.SH,20181012,1.399,1.322,1.372,1.322,1.351,-0.048,-3.431,95060.12,12725.851
501019.SH,20181012,0.62,0.621,0.638,0.62,0.623,0.003,0.4839,3580.47,223.201
501021.SH,20181012,1.211,1.212,1.236,1.212,1.227,0.016,1.3212,4565.0,559.47
501022.SH,20181012,0.747,0.74,0.756,0.74,0.756,0.009,1.2048,49666.72,3743.702
501023.SH,20181012,1.009,1.017,1.038,1.011,1.038,0.029,2.8741,664.0,67.705
501025.SH,20181012,1.05,1.05,1.069,1.05,1.069,0.019,1.8095,182.0,19.418
501026.SH,20181012,0.694,0.69,0.7,0.679,0.692,-0.002,-0.2882,4955.24,340.791
501028.SH,20181012,0.7,0.757,0.757,0.668,0.7,0.0,0.0,11763.12,795.06
501029.SH,20181012,0.847,0.848,0.856,0.836,0.853,0.006,0.7084,112852.24,9535.572
501030.SH,20181012,0.524,0.501,0.524,0.501,0.512,-0.012,-2.2901,283.0,14.353
501031.SH,20181012,0.505,0.504,0.505,0.5,0.505,0.0,0.0,52.0,2.616
501032.SH,20181012,0.64,0.619,0.621,0.619,0.621,-0.019,-2.9688,138.53,8.594
501035.SH,20181012,0.94,0.91,0.929,0.91,0.929,-0.011,-1.1702,92.0,8.376
501036.SH,20181012,0.669,0.669,0.683,0.637,0.683,0.014,2.0927,861.0,56.617
501037.SH,20181012,0.672,0.674,0.69,0.662,0.69,0.018,2.6786,700.0,47.471
501038.SH,20181012,0.887,0.89,0.915,0.89,0.914,0.027,3.044,47593.88,4306.575
501039.SH,20181012,0.972,0.974,0.974,0.974,0.974,0.002,0.2058,735.26,71.614
501040.SH,20181012,0.98,0.98,0.98,0.98,0.98,0.0,0.0,50.0,4.9
501043.SH,20181012,0.868,0.859,0.92,0.859,0.9,0.032,3.6866,480.14,42.633
501045.SH,20181012,0.848,0.848,0.868,0.848,0.867,0.019,2.2406,36.0,3.078
501046.SH,20181012,0.75,0.731,0.735,0.731,0.735,-0.015,-2.0,397.71,29.153
501047.SH,20181012,0.678,0.654,0.654,0.654,0.654,-0.024,-3.5398,2.0,0.131
501048.SH,20181012,0.723,0.677,0.678,0.676,0.676,-0.047,-6.5007,232.0,15.71
501049.SH,20181012,0.826,0.82,0.839,0.82,0.834,0.008,0.9685,5399.51,446.825
501050.SH,20181012,1.092,1.088,1.108,1.077,1.102,0.01,0.9158,32984.01,3602.236
501051.SH,20181012,0.797,0.799,0.8,0.795,0.8,0.003,0.3764,1703.25,135.686
501053.SH,20181012,0.91,0.95,0.95,0.95,0.95,0.04,4.3956,29.0,2.755
501057.SH,20181012,0.78,0.781,0.781,0.753,0.77,-0.01,-1.2821,686.09,52.306
501058.SH,20181012,0.826,0.793,0.891,0.757,0.888,0.062,7.5061,4429.59,339.896
501060.SH,20181012,0.978,0.97,0.987,0.969,0.986,0.008,0.818,6596.92,647.946
501061.SH,20181012,0.975,0.969,0.986,0.969,0.986,0.011,1.1282,6936.14,678.131
501300.SH,20181012,1.005,1.0,1.002,0.992,0.999,-0.006,-0.597,16095.48,1603.501
501301.SH,20181012,1.085,1.107,1.107,1.07,1.103,0.018,1.659,300.0,32.526
501302.SH,20181012,1.079,0.971,0.971,0.971,0.971,-0.108,-10.0093,30.0,2.913
501303.SH,20181012,0.79,0.792,0.818,0.792,0.811,0.021,2.6582,8008.0,635.499
501305.SH,20181012,0.821,0.821,0.821,0.807,0.821,0.0,0.0,89.07,7.279
501306.SH,20181012,0.868,0.802,0.867,0.802,0.867,-0.001,-0.1152,2.0,0.167
502000.SH,20181012,0.896,0.806,0.806,0.806,0.806,-0.09,-10.0446,17.0,1.37
502003.SH,20181012,0.659,0.72,0.721,0.659,0.659,0.0,0.0,983.76,66.071
502004.SH,20181012,0.968,0.967,0.972,0.965,0.966,-0.002,-0.2066,26165.0,2533.906
502005.SH,20181012,0.397,0.397,0.397,0.357,0.37,-0.027,-6.801,15641.58,572.833
502006.SH,20181012,0.838,0.84,0.84,0.831,0.836,-0.002,-0.2387,1943.54,162.907
502007.SH,20181012,0.945,0.946,0.947,0.944,0.946,0.001,0.1058,1758.58,166.456
502008.SH,20181012,0.755,0.703,0.75,0.703,0.729,-0.026,-3.4437,649.65,47.216
502010.SH,20181012,0.728,0.748,0.748,0.711,0.732,0.004,0.5495,825.0,61.031
502011.SH,20181012,0.95,0.951,0.952,0.949,0.952,0.002,0.2105,17197.28,1634.133
502012.SH,20181012,0.569,0.57,0.57,0.512,0.512,-0.057,-10.0176,5829.45,301.431
502013.SH,20181012,0.669,0.646,0.67,0.646,0.661,-0.008,-1.1958,8801.79,582.315
502014.SH,20181012,1.004,1.004,1.005,1.0,1.001,-0.003,-0.2988,37163.59,3726.838
502015.SH,20181012,0.356,0.344,0.346,0.32,0.32,-0.036,-10.1124,27722.7,892.739
502020.SH,20181012,0.926,0.969,0.969,0.969,0.969,0.043,4.6436,39.0,3.779
502031.SH,20181012,0.97,0.945,0.97,0.945,0.97,0.0,0.0,9.0,0.866
502040.SH,20181012,1.112,1.005,1.153,1.005,1.096,-0.016,-1.4388,157.0,16.293
502048.SH,20181012,0.806,0.801,0.833,0.801,0.826,0.02,2.4814,69968.86,5752.284
502049.SH,20181012,0.962,0.963,0.966,0.962,0.965,0.003,0.3119,282766.74,27273.916
502050.SH,20181012,0.66,0.654,0.704,0.654,0.69,0.03,4.5455,227918.39,15473.238
502053.SH,20181012,0.956,0.926,0.938,0.904,0.906,-0.05,-5.2301,7187.58,651.027
502054.SH,20181012,0.952,0.955,0.955,0.948,0.948,-0.004,-0.4202,911.34,86.584
502055.SH,20181012,0.979,0.962,0.963,0.881,0.911,-0.068,-6.9459,1310.52,118.155
502056.SH,20181012,0.943,0.994,0.994,0.908,0.908,-0.035,-3.7116,23.0,2.106
502058.SH,20181012,0.9,0.898,0.898,0.898,0.898,-0.002,-0.2222,50.0,4.49
505888.SH,20181012,0.91,0.909,0.913,0.906,0.913,0.003,0.3297,279198.31,25402.648
510010.SH,20181012,1.02,1.002,1.028,0.997,1.023,0.003,0.2941,384.0,38.636
510020.SH,20181012,2.528,2.521,2.521,2.479,2.519,-0.009,-0.356,107.01,26.699
510030.SH,20181012,4.6,4.483,4.636,4.482,4.635,0.035,0.7609,815.01,373.775
510050.SH,20181012,2.439,2.446,2.505,2.442,2.494,0.055,2.255,11914450.9,2944757.011
510060.SH,20181012,1.642,1.642,1.71,1.639,1.656,0.014,0.8526,2562.66,424.831
510090.SH,20181012,1.431,1.44,1.468,1.42,1.466,0.035,2.4458,300.01,42.844
510120.SH,20181012,2.739,2.48,2.863,2.48,2.651,-0.088,-3.2129,12.21,3.172
510130.SH,20181012,3.199,3.129,3.141,3.129,3.141,-0.058,-1.8131,19.0,5.955
510150.SH,20181012,4.142,4.244,4.251,4.143,4.239,0.097,2.3419,1263.0,531.031
510160.SH,20181012,0.49,0.474,0.501,0.474,0.501,0.011,2.2449,6467.0,319.682
510170.SH,20181012,1.541,1.542,1.58,1.503,1.58,0.039,2.5308,52.74,8.203
510180.SH,20181012,2.853,2.853,2.92,2.842,2.909,0.056,1.9628,204797.0,58947.666
510190.SH,20181012,2.96,2.98,3.212,2.98,3.148,0.188,6.3514,245.0,77.344
510210.SH,20181012,3.329,3.37,3.37,3.2,3.21,-0.119,-3.5746,221.0,71.589
510220.SH,20181012,3.389,3.28,3.389,3.28,3.313,-0.076,-2.2425,974.0,321.092
510230.SH,20181012,5.361,5.3,5.469,5.3,5.458,0.097,1.8094,8883.0,4792.828
510260.SH,20181012,0.984,0.985,0.985,0.976,0.978,-0.006,-0.6098,25.0,2.441
510270.SH,20181012,1.028,0.95,1.018,0.95,1.017,-0.011,-1.07,131.0,13.186
510280.SH,20181012,1.518,1.519,1.639,1.519,1.639,0.121,7.971,370.0,58.087
510290.SH,20181012,1.181,1.177,1.182,1.15,1.18,-0.001,-0.0847,1352.0,156.363
510300.SH,20181012,3.174,3.178,3.249,3.161,3.233,0.059,1.8589,5007325.47,1602829.892
510310.SH,20181012,1.349,1.355,1.383,1.343,1.377,0.028,2.0756,81490.0,11078.222
510330.SH,20181012,3.443,3.442,3.514,3.418,3.507,0.064,1.8588,3071545.0,1060094.214
510360.SH,20181012,1.001,1.001,1.022,0.96,1.02,0.019,1.8981,92591.0,9359.862
510380.SH,20181012,0.787,0.796,0.809,0.791,0.809,0.022,2.7954,553.0,43.969
510390.SH,20181012,3.264,3.192,3.245,3.157,3.231,-0.033,-1.011,47821.59,15392.256
510410.SH,20181012,0.641,0.641,0.641,0.616,0.635,-0.006,-0.936,2287.26,142.744
510420.SH,20181012,1.236,1.237,1.237,1.112,1.216,-0.02,-1.6181,166.0,19.176
510430.SH,20181012,1.35,1.4,1.4,1.4,1.4,0.05,3.7037,2.0,0.28
510440.SH,20181012,1.277,1.317,1.317,1.26,1.28,0.003,0.2349,167.0,21.475
510500.SH,20181012,4.554,4.547,4.571,4.407,4.536,-0.018,-0.3953,1855875.0,836080.812
510510.SH,20181012,1.215,1.214,1.214,1.168,1.206,-0.009,-0.7407,141896.0,16973.502
510520.SH,20181012,1.338,1.349,1.349,1.34,1.349,0.011,0.8221,4.0,0.539
510560.SH,20181012,0.959,0.94,0.94,0.909,0.919,-0.04,-4.171,552.63,50.988
510580.SH,20181012,5.21,5.21,5.28,4.721,5.28,0.07,1.3436,108.0,55.45
510590.SH,20181012,4.351,4.348,4.379,4.21,4.34,-0.011,-0.2528,51195.76,22063.085
510600.SH,20181012,2.384,2.371,2.45,2.37,2.435,0.051,2.1393,10414.97,2511.151
510630.SH,20181012,2.012,2.012,2.067,2.002,2.067,0.055,2.7336,3798.45,771.7
510650.SH,20181012,1.587,1.59,1.614,1.59,1.612,0.025,1.5753,105.0,16.773
510660.SH,20181012,1.633,1.638,1.662,1.615,1.661,0.028,1.7146,9983.0,1634.487
510680.SH,20181012,2.035,2.05,2.078,2.021,2.076,0.041,2.0147,91.0,18.619
510710.SH,20181012,2.626,2.59,2.668,2.59,2.663,0.037,1.409,33827.0,8915.527
510800.SH,20181012,0.848,0.838,0.862,0.838,0.86,0.012,1.4151,58561.0,4989.548
510810.SH,20181012,0.768,0.768,0.774,0.76,0.771,0.003,0.3906,33530.0,2556.095
510880.SH,20181012,2.598,2.597,2.624,2.561,2.614,0.016,0.6159,179055.0,46367.576
510900.SH,20181012,1.103,1.113,1.134,1.109,1.129,0.026,2.3572,9610737.0,1077579.725
511010.SH,20181012,113.938,113.781,114.199,113.781,114.067,0.129,0.1132,43672.1,498485.089
511220.SH,20181012,93.15,93.152,93.22,93.152,93.21,0.06,0.0644,272.0,2534.587
511260.SH,20181012,102.639,102.82,102.824,102.685,102.814,0.175,0.1705,819.0,8420.699
511310.SH,20181012,102.081,102.081,102.081,102.081,102.081,0.0,0.0,0.1,1.021
511600.SH,20181012,100.001,100.005,100.011,100.001,100.01,0.009,0.009,1662.28,16623.858
511620.SH,20181012,99.97,99.922,99.988,99.922,99.985,0.015,0.015,8.41,84.082
511650.SH,20181012,100.002,99.982,100.015,99.98,100.013,0.011,0.011,6214.1,62146.093
511660.SH,20181012,100.031,100.014,100.046,100.014,100.033,0.002,0.002,88856.38,888835.745
511670.SH,20181012,99.996,99.996,100.005,99.996,100.003,0.007,0.007,1733.59,17336.352
511690.SH,20181012,99.998,100.0,100.01,99.993,100.009,0.011,0.011,52585.98,525883.375
511700.SH,20181012,99.998,100.006,100.018,99.976,100.015,0.017,0.017,1607.85,16079.625
511770.SH,20181012,99.995,100.0,100.16,99.996,100.003,0.008,0.008,463.56,4638.871
511800.SH,20181012,99.999,99.999,100.01,99.998,100.009,0.01,0.01,1571.17,15712.239
511810.SH,20181012,100.003,100.0,100.018,99.999,100.017,0.014,0.014,98365.61,983768.151
511820.SH,20181012,99.997,100.0,100.01,100.0,100.008,0.011,0.011,843.15,8432.134
511830.SH,20181012,99.999,99.989,100.013,99.989,100.011,0.012,0.012,846.57,8466.238
511850.SH,20181012,100.015,100.015,100.031,100.015,100.03,0.015,0.015,21492.71,214977.799
511860.SH,20181012,99.996,99.999,100.01,99.997,100.0,0.004,0.004,654.78,6548.036
511880.SH,20181012,103.024,103.029,103.051,103.026,103.051,0.027,0.0262,820902.07,8458481.819
511900.SH,20181012,100.004,100.003,100.03,100.003,100.017,0.013,0.013,10799.88,108012.251
511910.SH,20181012,99.988,99.996,100.007,99.994,100.007,0.019,0.019,279.9,2798.958
511920.SH,20181012,100.038,99.984,100.18,99.984,100.18,0.142,0.1419,20.01,200.307
511930.SH,20181012,100.008,103.5,103.5,103.5,103.5,3.492,3.4917,7.0,72.45
511960.SH,20181012,100.018,100.098,103.923,100.018,100.11,0.092,0.092,1372.23,13878.072
511970.SH,20181012,99.998,99.999,100.008,99.9,100.007,0.009,0.009,265.24,2651.191
511980.SH,20181012,100.012,99.991,100.008,99.991,100.007,-0.005,-0.005,630.69,6307.051
511990.SH,20181012,100.008,100.005,100.032,100.005,100.031,0.023,0.023,1212030.53,12122716.983
512000.SH,20181012,0.619,0.618,0.62,0.6,0.611,-0.008,-1.2924,663703.0,40529.749
512010.SH,20181012,1.538,1.539,1.573,1.534,1.564,0.026,1.6905,61414.0,9524.05
512070.SH,20181012,1.601,1.605,1.631,1.591,1.628,0.027,1.6864,4998.0,807.379
512090.SH,20181012,0.85,0.851,0.871,0.846,0.867,0.017,2.0,1446614.0,123880.42
512100.SH,20181012,0.533,0.533,0.586,0.509,0.53,-0.003,-0.5629,25786.0,1352.965
512120.SH,20181012,1.33,1.334,1.356,1.326,1.347,0.017,1.2782,3918.0,523.298
512160.SH,20181012,0.854,0.855,0.871,0.846,0.866,0.012,1.4052,606965.0,52114.646
512180.SH,20181012,0.831,0.83,0.853,0.828,0.85,0.019,2.2864,1576952.0,132087.152
512200.SH,20181012,0.667,0.665,0.67,0.647,0.67,0.003,0.4498,20423.0,1355.585
512220.SH,20181012,1.042,1.01,1.019,0.97,0.97,-0.072,-6.9098,463.0,46.772
512280.SH,20181012,0.836,0.837,0.852,0.829,0.85,0.014,1.6746,302267.09,25367.881
512300.SH,20181012,0.99,0.99,0.99,0.901,0.919,-0.071,-7.1717,11628.0,1066.557
512310.SH,20181012,0.411,0.409,0.409,0.393,0.407,-0.004,-0.9732,3452.0,138.717
512330.SH,20181012,0.569,0.568,0.571,0.547,0.568,-0.001,-0.1757,33617.0,1887.986
512340.SH,20181012,0.683,0.683,0.688,0.663,0.688,0.005,0.7321,873.0,59.74
512360.SH,20181012,0.867,0.867,0.883,0.859,0.882,0.015,1.7301,26415.0,2306.368
512390.SH,20181012,0.845,0.844,0.863,0.844,0.863,0.018,2.1302,41008.0,3506.729
512400.SH,20181012,0.596,0.6,0.605,0.583,0.601,0.005,0.8389,20769.0,1240.167
512500.SH,20181012,2.135,2.12,2.131,2.055,2.123,-0.012,-0.5621,380049.33,79674.283
512510.SH,20181012,0.91,0.91,0.91,0.876,0.904,-0.006,-0.6593,71134.0,6359.128
512520.SH,20181012,0.833,0.833,0.857,0.829,0.848,0.015,1.8007,539000.0,45679.682
512550.SH,20181012,0.933,0.939,0.959,0.935,0.958,0.025,2.6795,20831.0,1974.498
512560.SH,20181012,0.704,0.705,0.705,0.649,0.7,-0.004,-0.5682,361.0,25.187
512570.SH,20181012,0.661,0.636,0.665,0.602,0.63,-0.031,-4.6899,2343.0,146.303
512580.SH,20181012,0.638,0.64,0.64,0.61,0.631,-0.007,-1.0972,102551.0,6427.055
512600.SH,20181012,1.967,1.967,2.045,1.967,2.044,0.077,3.9146,75.0,15.211
512610.SH,20181012,1.33,1.327,1.341,1.308,1.337,0.007,0.5263,609.0,81.083
512640.SH,20181012,1.564,1.553,1.553,1.553,1.553,-0.011,-0.7033,10.0,1.553
512660.SH,20181012,0.624,0.62,0.64,0.606,0.636,0.012,1.9231,755507.1,47186.241
512680.SH,20181012,0.616,0.615,0.629,0.597,0.628,0.012,1.9481,53044.0,3263.03
512700.SH,20181012,0.949,0.948,0.97,0.948,0.968,0.019,2.0021,13608.0,1304.105
512770.SH,20181012,0.862,0.863,0.871,0.85,0.87,0.008,0.9281,8430.0,727.571
512780.SH,20181012,0.673,0.674,0.674,0.64,0.668,-0.005,-0.7429,22546.0,1481.321
512800.SH,20181012,0.919,0.921,0.943,0.919,0.939,0.02,2.1763,594359.0,55369.381
512810.SH,20181012,0.594,0.59,0.605,0.575,0.603,0.009,1.5152,14599.0,861.781
512880.SH,20181012,0.649,0.649,0.65,0.631,0.64,-0.009,-1.3867,2023005.0,129711.009
512900.SH,20181012,0.624,0.625,0.625,0.605,0.616,-0.008,-1.2821,45848.0,2829.919
512980.SH,20181012,0.635,0.638,0.638,0.616,0.634,-0.001,-0.1575,69764.0,4388.919
512990.SH,20181012,0.918,0.919,0.937,0.912,0.935,0.017,1.8519,155122.0,14321.12
513030.SH,20181012,1.023,1.023,1.034,1.018,1.033,0.01,0.9775,32151.0,3295.344
513050.SH,20181012,1.138,1.15,1.174,1.144,1.17,0.032,2.812,343015.5,39643.006
513100.SH,20181012,2.51,2.51,2.566,2.506,2.564,0.054,2.1514,271644.0,68851.531
513500.SH,20181012,1.763,1.738,1.778,1.738,1.775,0.012,0.6807,166438.0,29302.009
513600.SH,20181012,2.372,2.372,2.405,2.37,2.405,0.033,1.3912,2242.92,532.87
513660.SH,20181012,2.333,2.326,2.389,2.326,2.384,0.051,2.186,2047.0,483.302
518800.SH,20181012,2.646,2.692,2.692,2.68,2.683,0.037,1.3983,349107.0,93672.666
518880.SH,20181012,2.665,2.7,2.708,2.698,2.702,0.037,1.3884,4063493.0,1097859.446
