ts_code,trade_date,pre_close,open,high,low,close,change,pct_chg,vol,amount
150008.SZ,20180530,1.102,0.992,1.089,0.992,0.992,-0.11,-9.9819,8.15,0.856
150009.SZ,20180530,0.9,0.873,0.885,0.873,0.874,-0.026,-2.8889,2508.67,219.852
150012.SZ,20180530,1.048,1.049,1.049,1.049,1.049,0.001,0.0954,20.0,2.098
150013.SZ,20180530,1.425,1.325,1.401,1.325,1.358,-0.067,-4.7018,302.0,40.81
150016.SZ,20180530,1.103,1.11,1.11,1.09,1.091,-0.012,-1.0879,1131.32,124.606
150017.SZ,20180530,1.487,1.458,1.458,1.435,1.455,-0.032,-2.152,828.0,120.385
150018.SZ,20180530,0.954,0.953,0.956,0.953,0.956,0.002,0.2096,216867.0,20694.629
150019.SZ,20180530,1.025,1.009,1.009,0.989,0.99,-0.035,-3.4146,347768.76,34672.406
150022.SZ,20180530,0.89,0.888,0.888,0.871,0.873,-0.017,-1.9101,265260.31,23270.037
150023.SZ,20180530,0.216,0.216,0.216,0.206,0.208,-0.008,-3.7037,460352.45,9793.422
150028.SZ,20180530,0.951,0.95,0.952,0.949,0.952,0.001,0.1052,844.75,80.288
150029.SZ,20180530,1.329,1.321,1.33,1.3,1.3,-0.029,-2.1821,1557.0,204.867
150030.SZ,20180530,1.027,1.028,1.028,1.028,1.028,0.001,0.0974,2.0,0.205
150031.SZ,20180530,1.0,0.919,1.0,0.919,1.0,0.0,0.0,15.86,1.579
150032.SZ,20180530,0.975,0.986,0.986,0.986,0.986,0.011,1.1282,60.0,5.916
150036.SZ,20180530,1.1,0.99,0.99,0.99,0.99,-0.11,-10.0,0.02,0.001
150048.SZ,20180530,1.155,1.125,1.139,1.1,1.139,-0.016,-1.3853,989.96,109.052
150049.SZ,20180530,0.942,0.942,0.944,0.942,0.944,0.002,0.2123,266.0,25.09
150050.SZ,20180530,0.935,0.889,0.987,0.887,0.93,-0.005,-0.5348,5088.82,454.219
150051.SZ,20180530,0.954,0.95,0.959,0.95,0.953,-0.001,-0.1048,5750.77,548.956
150052.SZ,20180530,0.785,0.772,0.772,0.747,0.747,-0.038,-4.8408,11744.6,885.203
150053.SZ,20180530,0.975,0.969,0.969,0.969,0.969,-0.006,-0.6154,30.0,2.907
150054.SZ,20180530,0.921,0.922,0.922,0.922,0.922,0.001,0.1086,45.0,4.149
150056.SZ,20180530,1.328,1.339,1.34,1.197,1.197,-0.131,-9.8645,4.36,0.57
150059.SZ,20180530,0.97,0.96,0.96,0.96,0.96,-0.01,-1.0309,100.0,9.6
150060.SZ,20180530,1.181,1.18,1.197,1.16,1.197,0.016,1.3548,51.0,5.959
150066.SZ,20180530,0.929,0.927,0.927,0.927,0.927,-0.002,-0.2153,100.0,9.27
150073.SZ,20180530,0.958,0.953,0.953,0.953,0.953,-0.005,-0.5219,3.72,0.354
150090.SZ,20180530,0.971,0.967,0.967,0.967,0.967,-0.004,-0.4119,6.0,0.58
150094.SZ,20180530,0.974,0.97,0.97,0.97,0.97,-0.004,-0.4107,1199.0,116.303
150095.SZ,20180530,0.469,0.424,0.424,0.423,0.424,-0.045,-9.5949,15.0,0.635
150101.SZ,20180530,1.332,1.3,1.3,1.263,1.263,-0.069,-5.1802,2061.0,264.026
150106.SZ,20180530,1.059,1.058,1.058,1.058,1.058,-0.001,-0.0944,500.0,52.9
150107.SZ,20180530,1.051,1.04,1.04,1.0,1.0,-0.051,-4.8525,5358.61,541.263
150117.SZ,20180530,0.979,0.978,0.982,0.976,0.981,0.002,0.2043,80573.6,7892.223
150118.SZ,20180530,0.408,0.4,0.4,0.367,0.367,-0.041,-10.049,354299.38,13583.023
150123.SZ,20180530,1.009,1.007,1.009,1.003,1.007,-0.002,-0.1982,3056.05,307.255
150124.SZ,20180530,0.829,0.82,0.82,0.796,0.813,-0.016,-1.93,1721.08,139.213
150130.SZ,20180530,1.044,0.993,1.051,0.993,1.04,-0.004,-0.3831,142752.49,14909.649
150131.SZ,20180530,0.864,0.846,0.886,0.822,0.863,-0.001,-0.1157,617713.31,52999.803
150135.SZ,20180530,1.015,1.015,1.015,1.015,1.015,0.0,0.0,19.0,1.928
150136.SZ,20180530,0.95,0.88,0.88,0.88,0.88,-0.07,-7.3684,19.0,1.672
150139.SZ,20180530,0.716,0.711,0.711,0.711,0.711,-0.005,-0.6983,2.0,0.142
150144.SZ,20180530,1.11,1.05,1.101,1.05,1.101,-0.009,-0.8108,2.0,0.215
150146.SZ,20180530,0.988,1.043,1.043,0.91,0.966,-0.022,-2.2267,65.0,5.977
150148.SZ,20180530,1.0,1.058,1.061,1.021,1.021,0.021,2.1,12.02,1.27
150149.SZ,20180530,1.019,1.01,1.014,0.974,0.997,-0.022,-2.159,7817.01,782.757
150150.SZ,20180530,0.959,0.96,0.961,0.957,0.958,-0.001,-0.1043,983.0,94.123
150151.SZ,20180530,1.179,1.15,1.157,1.15,1.152,-0.027,-2.2901,508.0,58.532
150152.SZ,20180530,0.972,0.971,0.981,0.968,0.981,0.009,0.9259,375069.14,36518.992
150153.SZ,20180530,0.542,0.525,0.525,0.488,0.489,-0.053,-9.7786,5482453.39,281040.255
150157.SZ,20180530,0.957,0.958,0.958,0.955,0.958,0.001,0.1045,17466.0,1670.02
150158.SZ,20180530,0.9,0.887,0.899,0.861,0.863,-0.037,-4.1111,7070.0,619.745
150164.SZ,20180530,0.961,0.945,0.957,0.945,0.951,-0.01,-1.0406,737.94,69.855
150165.SZ,20180530,1.116,1.119,1.119,1.119,1.119,0.003,0.2688,1.0,0.111
150167.SZ,20180530,0.965,0.964,0.964,0.963,0.964,-0.001,-0.1036,1031.0,99.338
150169.SZ,20180530,0.953,0.953,0.955,0.951,0.955,0.002,0.2099,11846.0,1127.787
150170.SZ,20180530,1.46,1.455,1.455,1.423,1.427,-0.033,-2.2603,5735.0,820.273
150171.SZ,20180530,0.946,0.945,0.948,0.944,0.948,0.002,0.2114,254566.56,24095.697
150172.SZ,20180530,0.721,0.705,0.705,0.651,0.654,-0.067,-9.2926,678987.8,46130.731
150173.SZ,20180530,0.96,0.956,0.961,0.956,0.96,0.0,0.0,10810.14,1035.895
150174.SZ,20180530,0.494,0.458,0.469,0.445,0.445,-0.049,-9.919,18518.0,842.813
150175.SZ,20180530,0.957,0.957,0.958,0.956,0.958,0.001,0.1045,53112.09,5084.098
150176.SZ,20180530,1.032,1.03,1.03,1.001,1.004,-0.028,-2.7132,57100.0,5749.852
150177.SZ,20180530,0.954,0.951,0.954,0.951,0.954,0.0,0.0,4756.0,453.575
150178.SZ,20180530,1.2,1.187,1.198,1.16,1.17,-0.03,-2.5,1227.7,145.067
150179.SZ,20180530,1.03,1.025,1.025,1.01,1.01,-0.02,-1.9417,1.17,0.119
150180.SZ,20180530,1.288,1.28,1.28,1.223,1.223,-0.065,-5.0466,1150.46,143.614
150181.SZ,20180530,0.956,0.956,0.96,0.956,0.958,0.002,0.2092,132038.36,12652.427
150182.SZ,20180530,0.558,0.544,0.55,0.515,0.515,-0.043,-7.7061,445233.4,23879.885
150184.SZ,20180530,0.994,0.985,0.988,0.985,0.988,-0.006,-0.6036,222.0,21.883
150185.SZ,20180530,0.638,0.618,0.628,0.605,0.605,-0.033,-5.1724,19174.98,1167.505
150186.SZ,20180530,0.948,0.948,0.95,0.948,0.949,0.001,0.1055,1180.0,111.911
150187.SZ,20180530,1.2,1.18,1.2,1.084,1.15,-0.05,-4.1667,2095.99,242.55
150188.SZ,20180530,0.995,0.994,0.996,0.994,0.996,0.001,0.1005,241.23,24.008
150189.SZ,20180530,0.65,0.629,0.68,0.615,0.619,-0.031,-4.7692,407.37,25.893
150190.SZ,20180530,0.972,0.967,0.972,0.967,0.972,0.0,0.0,2071.7,201.214
150191.SZ,20180530,0.969,0.95,0.95,0.872,0.943,-0.026,-2.6832,54.0,4.831
150193.SZ,20180530,1.039,1.022,1.03,0.991,0.999,-0.04,-3.8499,586.0,58.641
150194.SZ,20180530,0.955,0.954,0.956,0.953,0.955,0.0,0.0,52387.13,5003.062
150195.SZ,20180530,1.077,1.069,1.07,1.023,1.025,-0.052,-4.8282,13422.17,1395.986
150196.SZ,20180530,0.972,0.972,0.974,0.97,0.974,0.002,0.2058,11600.5,1128.091
150197.SZ,20180530,1.012,0.999,1.004,0.949,0.959,-0.053,-5.2372,48076.15,4717.014
150198.SZ,20180530,1.07,1.06,1.09,1.06,1.061,-0.009,-0.8411,402.0,43.812
150199.SZ,20180530,1.637,1.62,1.663,1.582,1.648,0.011,0.672,19931.64,3257.453
150200.SZ,20180530,0.952,0.954,0.96,0.951,0.96,0.008,0.8403,117641.55,11235.704
150201.SZ,20180530,0.963,0.935,0.949,0.88,0.89,-0.073,-7.5805,592211.02,54314.558
150203.SZ,20180530,0.958,0.958,0.96,0.956,0.959,0.001,0.1044,2790.91,267.464
150204.SZ,20180530,0.541,0.54,0.54,0.501,0.501,-0.04,-7.3937,7881.5,404.08
150205.SZ,20180530,0.956,0.956,0.959,0.956,0.959,0.003,0.3138,26326.71,2521.431
150206.SZ,20180530,0.692,0.691,0.692,0.64,0.643,-0.049,-7.0809,70876.51,4703.114
150208.SZ,20180530,0.43,0.435,0.435,0.388,0.388,-0.042,-9.7674,551.0,21.831
150209.SZ,20180530,0.957,0.956,0.959,0.956,0.959,0.002,0.209,65290.34,6249.339
150210.SZ,20180530,0.791,0.787,0.787,0.746,0.747,-0.044,-5.5626,49973.54,3846.688
150211.SZ,20180530,0.962,0.962,0.963,0.96,0.963,0.001,0.104,76506.36,7353.992
150212.SZ,20180530,0.587,0.578,0.578,0.54,0.54,-0.047,-8.0068,110421.0,6138.885
150214.SZ,20180530,1.021,1.02,1.02,0.96,0.96,-0.061,-5.9745,1559.16,154.097
150215.SZ,20180530,1.117,1.179,1.179,1.005,1.005,-0.112,-10.0269,5002.0,502.735
150216.SZ,20180530,1.071,1.067,1.161,1.0,1.1,0.029,2.7077,90.07,10.08
150217.SZ,20180530,0.954,0.955,0.959,0.954,0.959,0.005,0.5241,19819.31,1898.031
150218.SZ,20180530,0.475,0.451,0.478,0.451,0.468,-0.007,-1.4737,5767.93,266.233
150219.SZ,20180530,1.111,1.08,1.087,1.08,1.087,-0.024,-2.1602,172.0,18.695
150220.SZ,20180530,0.878,0.858,0.876,0.84,0.851,-0.027,-3.0752,16190.0,1377.515
150221.SZ,20180530,1.031,1.029,1.031,1.028,1.029,-0.002,-0.194,18048.0,1857.354
150222.SZ,20180530,1.109,1.105,1.105,1.043,1.045,-0.064,-5.771,27058.35,2908.676
150223.SZ,20180530,1.007,1.006,1.009,1.004,1.008,0.001,0.0993,462791.08,46547.836
150224.SZ,20180530,0.569,0.557,0.557,0.512,0.513,-0.056,-9.8418,1913313.01,101871.112
150225.SZ,20180530,1.032,1.0,1.0,1.0,1.0,-0.032,-3.1008,91.0,9.1
150226.SZ,20180530,1.004,1.009,1.095,0.99,1.095,0.091,9.0637,363.15,35.985
150227.SZ,20180530,0.966,0.966,0.97,0.962,0.967,0.001,0.1035,197006.0,19028.187
150228.SZ,20180530,0.809,0.797,0.799,0.778,0.778,-0.031,-3.8319,472419.7,37269.822
150229.SZ,20180530,1.036,1.02,1.03,1.02,1.03,-0.006,-0.5792,1340.0,138.009
150230.SZ,20180530,1.944,1.904,1.941,1.816,1.941,-0.003,-0.1543,3885.5,732.18
150232.SZ,20180530,1.032,1.007,1.027,0.93,1.027,-0.005,-0.4845,228.81,22.147
150233.SZ,20180530,0.956,1.008,1.008,0.96,0.964,0.008,0.8368,246.13,24.399
150234.SZ,20180530,0.81,0.733,0.733,0.733,0.733,-0.077,-9.5062,198.52,14.551
150235.SZ,20180530,0.96,0.963,0.966,0.962,0.965,0.005,0.5208,3486.27,336.025
150236.SZ,20180530,0.53,0.52,0.52,0.478,0.485,-0.045,-8.4906,20839.67,1036.79
150238.SZ,20180530,1.027,1.088,1.088,1.088,1.088,0.061,5.9396,1.0,0.108
150241.SZ,20180530,0.955,0.955,0.957,0.954,0.957,0.002,0.2094,3748.88,358.013
150242.SZ,20180530,0.989,0.963,0.97,0.951,0.958,-0.031,-3.1345,4786.0,458.592
150243.SZ,20180530,0.956,0.951,0.954,0.951,0.954,-0.002,-0.2092,69.76,6.653
150244.SZ,20180530,0.594,0.581,0.593,0.562,0.568,-0.026,-4.3771,29716.17,1711.281
150246.SZ,20180530,1.0,1.01,1.01,1.01,1.01,0.01,1.0,2.0,0.202
150247.SZ,20180530,0.974,0.973,0.974,0.972,0.973,-0.001,-0.1027,8090.19,787.167
150248.SZ,20180530,0.525,0.538,0.54,0.49,0.49,-0.035,-6.6667,11562.36,592.806
150249.SZ,20180530,0.954,0.954,0.954,0.954,0.954,0.0,0.0,217.0,20.701
150252.SZ,20180530,1.018,0.98,0.98,0.949,0.949,-0.069,-6.778,812.0,78.805
150255.SZ,20180530,0.979,0.979,0.979,0.975,0.976,-0.003,-0.3064,25685.01,2508.027
150257.SZ,20180530,1.024,1.119,1.119,0.971,1.07,0.046,4.4922,421.54,41.442
150258.SZ,20180530,1.53,1.378,1.479,1.378,1.479,-0.051,-3.3333,200.0,28.57
150259.SZ,20180530,0.98,0.98,0.985,0.98,0.985,0.005,0.5102,32505.55,3199.237
150260.SZ,20180530,0.424,0.424,0.424,0.402,0.402,-0.022,-5.1887,5815.59,240.715
150261.SZ,20180530,1.058,1.05,1.057,1.038,1.056,-0.002,-0.189,1671.64,174.096
150262.SZ,20180530,1.089,1.07,1.07,1.0,1.053,-0.036,-3.3058,9610.89,998.888
150266.SZ,20180530,1.109,1.099,1.099,1.044,1.077,-0.032,-2.8855,610.78,65.134
150267.SZ,20180530,0.968,0.966,0.966,0.96,0.963,-0.005,-0.5165,2160.0,208.475
150268.SZ,20180530,0.96,0.892,0.958,0.892,0.958,-0.002,-0.2083,52.0,4.645
150269.SZ,20180530,0.956,0.953,0.957,0.953,0.957,0.001,0.1046,27970.77,2674.397
150270.SZ,20180530,1.447,1.441,1.54,1.405,1.495,0.048,3.3172,86325.01,12782.806
150272.SZ,20180530,1.426,1.39,1.39,1.39,1.39,-0.036,-2.5245,27.0,3.753
150273.SZ,20180530,0.973,0.971,0.972,0.971,0.971,-0.002,-0.2055,2023.0,196.509
150274.SZ,20180530,0.495,0.481,0.494,0.469,0.481,-0.014,-2.8283,509.0,24.016
150275.SZ,20180530,0.961,0.962,0.966,0.959,0.965,0.004,0.4162,44190.2,4257.889
150276.SZ,20180530,0.425,0.416,0.416,0.391,0.391,-0.034,-8.0,28021.37,1114.405
150277.SZ,20180530,0.949,0.955,0.955,0.948,0.949,0.0,0.0,1859.1,176.481
150278.SZ,20180530,0.941,0.92,0.92,0.904,0.905,-0.036,-3.8257,1330.41,121.562
150279.SZ,20180530,0.875,0.96,0.96,0.96,0.96,0.085,9.7143,1090.0,104.64
150281.SZ,20180530,0.969,0.964,0.966,0.964,0.966,-0.003,-0.3096,589.0,56.891
150283.SZ,20180530,0.985,0.975,0.985,0.975,0.98,-0.005,-0.5076,2881.07,281.554
150284.SZ,20180530,1.23,1.13,1.197,1.107,1.165,-0.065,-5.2846,2911.45,336.111
150287.SZ,20180530,0.975,0.973,0.975,0.972,0.975,0.0,0.0,44896.35,4369.408
150288.SZ,20180530,0.586,0.556,0.569,0.527,0.527,-0.059,-10.0683,100007.81,5453.543
150289.SZ,20180530,0.987,0.986,1.0,0.986,1.0,0.013,1.3171,445610.7,44333.874
150290.SZ,20180530,0.325,0.312,0.312,0.293,0.293,-0.032,-9.8462,1392164.28,41237.546
150291.SZ,20180530,0.976,0.975,0.976,0.974,0.975,-0.001,-0.1025,12969.0,1263.632
150292.SZ,20180530,0.69,0.663,0.668,0.663,0.667,-0.023,-3.3333,1920.0,127.383
150293.SZ,20180530,0.989,0.97,0.97,0.97,0.97,-0.019,-1.9211,14.0,1.358
150294.SZ,20180530,0.681,0.68,0.68,0.68,0.68,-0.001,-0.1468,10.0,0.68
150295.SZ,20180530,0.965,0.965,0.965,0.963,0.965,0.0,0.0,2123.0,204.749
150296.SZ,20180530,0.884,0.865,0.866,0.845,0.851,-0.033,-3.733,2108.13,181.472
150298.SZ,20180530,0.5,0.488,0.488,0.46,0.46,-0.04,-8.0,362.0,17.264
150299.SZ,20180530,0.976,0.974,0.976,0.973,0.975,-0.001,-0.1025,28139.0,2742.921
150300.SZ,20180530,0.656,0.642,0.647,0.626,0.632,-0.024,-3.6585,47960.32,3041.391
150301.SZ,20180530,0.973,0.96,0.971,0.96,0.971,-0.002,-0.2055,170.0,16.494
150302.SZ,20180530,0.669,0.669,0.669,0.608,0.612,-0.057,-8.5202,907.0,58.634
150303.SZ,20180530,0.977,0.975,0.978,0.973,0.974,-0.003,-0.3071,26353.7,2569.374
150304.SZ,20180530,0.527,0.52,0.52,0.485,0.487,-0.04,-7.5901,166650.03,8387.828
150306.SZ,20180530,0.628,0.6,0.611,0.59,0.592,-0.036,-5.7325,182.0,11.0
150307.SZ,20180530,0.955,0.956,0.956,0.955,0.956,0.001,0.1047,4203.25,401.447
150308.SZ,20180530,0.815,0.799,0.799,0.799,0.799,-0.016,-1.9632,1.0,0.079
150309.SZ,20180530,1.019,1.018,1.018,1.018,1.018,-0.001,-0.0981,1.0,0.101
150310.SZ,20180530,0.584,0.526,0.638,0.526,0.526,-0.058,-9.9315,3.0,0.169
150311.SZ,20180530,0.957,0.965,0.979,0.956,0.979,0.022,2.2989,1299.85,125.623
150312.SZ,20180530,0.691,0.622,0.626,0.622,0.626,-0.065,-9.4067,360.85,22.471
150315.SZ,20180530,0.959,0.951,0.952,0.951,0.952,-0.007,-0.7299,99.04,9.423
150316.SZ,20180530,0.65,0.62,0.625,0.594,0.594,-0.056,-8.6154,340.0,20.604
150317.SZ,20180530,0.963,0.969,0.97,0.969,0.97,0.007,0.7269,4262.0,413.387
150321.SZ,20180530,1.04,1.035,1.035,1.035,1.035,-0.005,-0.4808,60.0,6.21
150322.SZ,20180530,1.007,0.98,0.98,0.931,0.931,-0.076,-7.5472,882.0,85.583
150323.SZ,20180530,0.99,0.962,0.962,0.962,0.962,-0.028,-2.8283,7.0,0.673
150324.SZ,20180530,1.05,1.03,1.03,1.015,1.015,-0.035,-3.3333,221.0,22.591
150326.SZ,20180530,0.577,0.558,0.63,0.521,0.521,-0.056,-9.7054,16.0,0.906
150328.SZ,20180530,1.144,1.033,1.112,1.033,1.112,-0.032,-2.7972,25.0,2.59
150329.SZ,20180530,0.956,0.956,0.957,0.954,0.956,0.0,0.0,4112.0,393.145
150330.SZ,20180530,1.303,1.267,1.297,1.25,1.258,-0.045,-3.4536,9371.0,1184.758
150331.SZ,20180530,1.003,1.0,1.0,0.961,0.999,-0.004,-0.3988,14640.32,1450.18
150332.SZ,20180530,1.077,1.06,1.06,1.013,1.018,-0.059,-5.4782,715.53,73.439
150335.SZ,20180530,0.976,0.973,0.973,0.973,0.973,-0.003,-0.3074,2.62,0.254
150336.SZ,20180530,0.9,0.88,0.919,0.861,0.861,-0.039,-4.3333,349.0,30.454
150343.SZ,20180530,0.99,0.967,0.99,0.967,0.99,0.0,0.0,177.0,17.191
150344.SZ,20180530,0.653,0.661,0.661,0.594,0.6,-0.053,-8.1164,1252.19,76.163
159001.SZ,20180530,100.0,100.0,100.001,99.999,100.0,0.0,0.0,2089657.57,20896576.166
159003.SZ,20180530,100.0,99.999,100.0,99.992,99.999,-0.001,-0.001,10103.23,101028.62
159005.SZ,20180530,100.003,100.0,100.001,99.999,100.001,-0.002,-0.002,9057.94,90579.384
159901.SZ,20180530,4.65,4.63,4.639,4.541,4.56,-0.09,-1.9355,53733.42,24552.968
159902.SZ,20180530,3.436,3.412,3.415,3.362,3.363,-0.073,-2.1246,92293.0,31224.897
159903.SZ,20180530,1.119,1.119,1.119,1.1,1.1,-0.019,-1.6979,12848.58,1416.261
159905.SZ,20180530,1.614,1.605,1.611,1.584,1.598,-0.016,-0.9913,9039.0,1438.199
159906.SZ,20180530,0.993,0.977,0.977,0.947,0.975,-0.018,-1.8127,18.0,1.712
159907.SZ,20180530,1.412,1.408,1.408,1.377,1.378,-0.034,-2.4079,941.0,130.288
159908.SZ,20180530,1.498,1.525,1.525,1.525,1.525,0.027,1.8024,1.0,0.152
159909.SZ,20180530,5.045,5.025,5.025,4.9,4.91,-0.135,-2.6759,157.0,77.561
159910.SZ,20180530,1.712,1.712,1.74,1.67,1.671,-0.041,-2.3949,6835.0,1150.183
159911.SZ,20180530,4.182,4.13,4.13,4.093,4.093,-0.089,-2.1282,12.0,4.915
159912.SZ,20180530,1.353,1.333,1.376,1.333,1.367,0.014,1.0347,120.0,16.158
159913.SZ,20180530,1.763,1.713,1.734,1.704,1.734,-0.029,-1.6449,708.0,120.838
159915.SZ,20180530,1.678,1.659,1.662,1.626,1.633,-0.045,-2.6818,5973139.16,983604.703
159916.SZ,20180530,3.659,3.66,3.68,3.52,3.639,-0.02,-0.5466,455.0,165.594
159918.SZ,20180530,1.663,1.621,1.638,1.61,1.628,-0.035,-2.1046,448.0,72.547
159919.SZ,20180530,4.132,4.11,4.11,4.049,4.053,-0.079,-1.9119,152810.91,62241.429
159920.SZ,20180530,1.588,1.572,1.574,1.56,1.56,-0.028,-1.7632,4439813.0,694612.634
159922.SZ,20180530,6.266,6.1,6.17,5.885,6.164,-0.102,-1.6278,780.0,471.407
159923.SZ,20180530,1.57,1.56,1.56,1.539,1.541,-0.029,-1.8471,1413.0,218.001
159925.SZ,20180530,1.584,1.579,1.579,1.555,1.556,-0.028,-1.7677,1434.13,224.047
159928.SZ,20180530,2.338,2.292,2.397,2.288,2.36,0.022,0.941,26471.18,6201.105
159929.SZ,20180530,1.815,1.762,1.819,1.742,1.776,-0.039,-2.1488,34263.53,6096.781
159930.SZ,20180530,0.805,0.795,0.804,0.783,0.788,-0.017,-2.1118,2739.0,215.766
159931.SZ,20180530,1.58,1.58,1.58,1.544,1.547,-0.033,-2.0886,428.0,66.456
159932.SZ,20180530,1.648,1.619,1.619,1.543,1.601,-0.047,-2.8519,1100.0,172.782
159933.SZ,20180530,1.754,1.755,1.755,1.738,1.738,-0.016,-0.9122,237.13,41.436
159934.SZ,20180530,2.662,2.672,2.673,2.664,2.666,0.004,0.1503,120516.0,32163.817
159935.SZ,20180530,1.592,1.556,1.562,1.556,1.559,-0.033,-2.0729,76.0,11.857
159936.SZ,20180530,1.517,1.508,1.566,1.46,1.55,0.033,2.1753,480.0,71.046
159937.SZ,20180530,2.677,2.686,2.687,2.681,2.683,0.006,0.2241,371208.0,99654.6
159938.SZ,20180530,1.557,1.517,1.551,1.506,1.523,-0.034,-2.1837,142006.83,21720.534
159939.SZ,20180530,1.055,1.05,1.05,1.021,1.021,-0.034,-3.2227,31644.0,3264.415
159940.SZ,20180530,0.89,0.872,0.882,0.852,0.856,-0.034,-3.8202,535.01,46.165
159941.SZ,20180530,1.472,1.493,1.493,1.462,1.462,-0.01,-0.6793,44.0,6.506
159942.SZ,20180530,1.881,1.846,1.846,1.807,1.83,-0.051,-2.7113,17.0,3.11
159943.SZ,20180530,10.935,10.897,10.997,10.713,10.799,-0.136,-1.2437,288.19,310.171
159944.SZ,20180530,0.861,0.855,0.855,0.844,0.853,-0.008,-0.9292,65.0,5.499
159945.SZ,20180530,0.72,0.718,0.718,0.7,0.7,-0.02,-2.7778,642.0,45.278
159946.SZ,20180530,1.289,1.274,1.32,1.25,1.32,0.031,2.405,1729.45,219.802
159948.SZ,20180530,1.841,1.835,1.835,1.785,1.788,-0.053,-2.8789,25063.42,4522.284
159949.SZ,20180530,0.652,0.645,0.645,0.629,0.631,-0.021,-3.2209,8224683.02,525255.737
159950.SZ,20180530,1.029,1.019,1.019,1.008,1.018,-0.011,-1.069,103.27,10.48
159951.SZ,20180530,0.902,0.9,0.901,0.886,0.886,-0.016,-1.7738,273.0,24.268
159952.SZ,20180530,1.006,1.003,1.003,0.979,0.981,-0.025,-2.4851,420468.0,41619.921
159953.SZ,20180530,0.848,0.834,0.844,0.814,0.844,-0.004,-0.4717,386.0,31.557
159954.SZ,20180530,0.987,0.975,0.977,0.967,0.968,-0.019,-1.925,13820.43,1342.648
159955.SZ,20180530,0.97,0.957,0.96,0.93,0.932,-0.038,-3.9175,23631.0,2227.622
159956.SZ,20180530,1.009,1.002,1.012,0.981,0.981,-0.028,-2.775,24103.14,2392.516
159957.SZ,20180530,1.019,1.003,1.017,1.0,1.0,-0.019,-1.8646,31566.49,3170.166
159958.SZ,20180530,1.015,1.004,1.006,0.986,0.988,-0.027,-2.6601,51754.37,5150.655
160105.SZ,20180530,1.06,1.047,1.047,1.036,1.039,-0.021,-1.9811,150.3,15.616
160106.SZ,20180530,1.209,1.2,1.201,1.194,1.194,-0.015,-1.2407,1141.0,136.798
160119.SZ,20180530,1.45,1.45,1.45,1.411,1.411,-0.039,-2.6897,6342.0,910.403
160125.SZ,20180530,1.086,1.061,1.069,1.051,1.055,-0.031,-2.8545,3263.0,345.666
160128.SZ,20180530,1.006,1.0,1.006,1.0,1.0,-0.006,-0.5964,370.0,37.011
160131.SZ,20180530,0.997,0.997,0.999,0.997,0.999,0.002,0.2006,500.0,49.949
160133.SZ,20180530,2.207,2.193,2.193,2.172,2.172,-0.035,-1.5859,1895.89,413.097
160138.SZ,20180530,1.085,1.094,1.094,1.094,1.094,0.009,0.8295,1.0,0.109
160140.SZ,20180530,0.923,0.928,0.936,0.928,0.936,0.013,1.4085,269.12,25.029
160211.SZ,20180530,2.458,2.446,2.446,2.39,2.39,-0.068,-2.7665,4107.73,989.165
160212.SZ,20180530,2.439,2.422,2.422,2.37,2.376,-0.063,-2.583,18150.84,4340.761
160215.SZ,20180530,1.676,1.652,1.663,1.648,1.653,-0.023,-1.3723,1318.0,218.02
160216.SZ,20180530,0.497,0.5,0.502,0.497,0.5,0.003,0.6036,25985.48,1296.362
160223.SZ,20180530,0.83,0.811,0.822,0.807,0.807,-0.023,-2.7711,1379.0,112.773
160225.SZ,20180530,1.002,0.995,1.005,0.972,0.979,-0.023,-2.2954,3324.8,326.681
160311.SZ,20180530,1.484,1.487,1.487,1.465,1.465,-0.019,-1.2803,1477.0,217.116
160314.SZ,20180530,1.061,1.039,1.048,1.018,1.03,-0.031,-2.9218,817.63,84.439
160322.SZ,20180530,1.223,1.2,1.2,1.17,1.172,-0.051,-4.1701,283.76,33.375
160324.SZ,20180530,0.906,0.875,0.903,0.875,0.895,-0.011,-1.2141,735.01,65.68
160415.SZ,20180530,0.983,0.97,0.97,0.969,0.969,-0.014,-1.4242,21.0,2.035
160416.SZ,20180530,0.993,0.995,1.004,0.995,0.997,0.004,0.4028,11917.0,1188.494
160421.SZ,20180530,0.908,0.901,0.907,0.886,0.896,-0.012,-1.3216,6363.58,569.781
160422.SZ,20180530,0.993,0.986,0.986,0.986,0.986,-0.007,-0.7049,20.0,1.972
160505.SZ,20180530,1.592,1.58,1.58,1.562,1.564,-0.028,-1.7588,43907.35,6890.403
160512.SZ,20180530,1.759,1.739,1.739,1.739,1.739,-0.02,-1.137,50.0,8.695
160515.SZ,20180530,0.972,0.971,0.977,0.968,0.977,0.005,0.5144,2758.0,267.766
160518.SZ,20180530,0.964,0.95,0.968,0.948,0.968,0.004,0.4149,1426.13,135.783
160519.SZ,20180530,0.927,0.933,0.933,0.91,0.91,-0.017,-1.8339,1039.0,94.695
160607.SZ,20180530,0.755,0.739,0.748,0.737,0.742,-0.013,-1.7219,2651.73,196.29
160610.SZ,20180530,0.916,0.9,0.916,0.9,0.91,-0.006,-0.655,545.0,49.38
160611.SZ,20180530,0.734,0.726,0.731,0.721,0.729,-0.005,-0.6812,119.61,8.664
160613.SZ,20180530,1.239,1.23,1.23,1.206,1.206,-0.033,-2.6634,6.0,0.727
160615.SZ,20180530,1.549,1.553,1.553,1.533,1.533,-0.016,-1.0329,28.0,4.325
160616.SZ,20180530,1.277,1.26,1.26,1.26,1.26,-0.017,-1.3312,7.0,0.882
160635.SZ,20180530,1.255,1.25,1.25,1.234,1.245,-0.01,-0.7968,595.18,73.728
160643.SZ,20180530,0.892,0.886,0.886,0.886,0.886,-0.006,-0.6726,5.0,0.443
160706.SZ,20180530,1.07,1.069,1.069,1.057,1.058,-0.012,-1.1215,19739.0,2097.04
160716.SZ,20180530,1.47,1.466,1.468,1.44,1.452,-0.018,-1.2245,4919.0,714.815
160717.SZ,20180530,0.815,0.815,0.815,0.798,0.8,-0.015,-1.8405,4580.0,368.11
160719.SZ,20180530,0.679,0.679,0.684,0.676,0.681,0.002,0.2946,5531.13,376.453
160722.SZ,20180530,0.991,0.99,0.99,0.978,0.982,-0.009,-0.9082,2579.1,254.059
160723.SZ,20180530,1.201,1.201,1.211,1.201,1.21,0.009,0.7494,1470.71,177.608
160805.SZ,20180530,0.801,0.801,0.801,0.784,0.8,-0.001,-0.1248,150.89,11.877
160806.SZ,20180530,1.37,1.359,1.359,1.351,1.353,-0.017,-1.2409,10.0,1.353
160807.SZ,20180530,1.243,1.241,1.241,1.241,1.241,-0.002,-0.1609,8.0,0.992
160812.SZ,20180530,1.471,1.453,1.482,1.42,1.465,-0.006,-0.4079,907.0,129.297
160813.SZ,20180530,0.806,0.795,0.797,0.789,0.789,-0.017,-2.1092,448.0,35.579
160915.SZ,20180530,1.12,1.11,1.11,1.11,1.11,-0.01,-0.8929,4.0,0.444
160916.SZ,20180530,2.845,2.813,2.814,2.8,2.811,-0.034,-1.1951,1016.46,285.364
160918.SZ,20180530,2.011,1.99,2.048,1.944,1.984,-0.027,-1.3426,1264.0,252.145
160919.SZ,20180530,1.253,1.218,1.238,1.21,1.21,-0.043,-3.4318,1023.0,124.726
160922.SZ,20180530,1.112,1.11,1.11,1.11,1.11,-0.002,-0.1799,9.0,0.999
161005.SZ,20180530,2.085,2.063,2.064,2.028,2.028,-0.057,-2.7338,30971.79,6319.235
161010.SZ,20180530,1.043,1.04,1.04,1.03,1.038,-0.005,-0.4794,3358.1,347.675
161017.SZ,20180530,2.16,2.141,2.147,2.12,2.127,-0.033,-1.5278,3788.0,808.546
161019.SZ,20180530,1.0,0.999,1.0,0.999,0.999,-0.001,-0.1,12003.09,1199.171
161033.SZ,20180530,0.915,0.907,0.907,0.894,0.895,-0.02,-2.1858,882.8,79.4
161035.SZ,20180530,1.155,1.123,1.147,1.088,1.137,-0.018,-1.5584,1683.95,190.417
161037.SZ,20180530,1.127,1.055,1.109,1.055,1.078,-0.049,-4.3478,297.0,31.964
161115.SZ,20180530,1.322,1.322,1.322,1.313,1.313,-0.009,-0.6808,107.0,14.109
161116.SZ,20180530,0.679,0.68,0.682,0.679,0.68,0.001,0.1473,7230.0,492.317
161117.SZ,20180530,1.028,1.027,1.027,1.027,1.027,-0.001,-0.0973,260.0,26.702
161119.SZ,20180530,1.265,1.267,1.267,1.265,1.267,0.002,0.1581,15.0,1.9
161124.SZ,20180530,1.2,1.17,1.175,1.17,1.175,-0.025,-2.0833,32.0,3.759
161125.SZ,20180530,1.094,1.08,1.088,1.077,1.079,-0.015,-1.3711,721.0,77.88
161127.SZ,20180530,1.289,1.284,1.287,1.271,1.281,-0.008,-0.6206,360.0,46.099
161128.SZ,20180530,1.281,1.28,1.283,1.28,1.283,0.002,0.1561,124.0,15.891
161129.SZ,20180530,1.148,1.149,1.166,1.143,1.148,0.0,0.0,6369.0,734.36
161130.SZ,20180530,1.09,1.095,1.095,1.076,1.083,-0.007,-0.6422,442.0,48.339
161210.SZ,20180530,1.066,1.066,1.07,1.054,1.055,-0.011,-1.0319,5.0,0.53
161213.SZ,20180530,1.644,1.641,1.641,1.641,1.641,-0.003,-0.1825,9.0,1.476
161217.SZ,20180530,0.718,0.706,0.706,0.705,0.705,-0.013,-1.8106,123.0,8.681
161219.SZ,20180530,1.311,1.287,1.287,1.286,1.286,-0.025,-1.9069,20.0,2.572
161224.SZ,20180530,0.97,0.962,0.974,0.962,0.962,-0.008,-0.8247,3306.85,318.359
161225.SZ,20180530,1.184,1.154,1.188,1.154,1.17,-0.014,-1.1824,103.0,12.033
161226.SZ,20180530,0.796,0.796,0.797,0.794,0.795,-0.001,-0.1256,22799.2,1812.86
161227.SZ,20180530,0.984,0.978,0.982,0.966,0.976,-0.008,-0.813,2544.45,246.773
161232.SZ,20180530,0.76,0.75,0.75,0.741,0.741,-0.019,-2.5,1282.0,95.191
161233.SZ,20180530,0.945,0.944,0.944,0.91,0.91,-0.035,-3.7037,509.88,48.099
161607.SZ,20180530,1.115,1.108,1.125,1.108,1.117,0.002,0.1794,21.0,2.358
161610.SZ,20180530,1.01,0.99,1.008,0.988,0.991,-0.019,-1.8812,2311.0,228.708
161631.SZ,20180530,1.018,1.019,1.019,0.997,0.999,-0.019,-1.8664,21120.71,2118.049
161706.SZ,20180530,1.508,1.496,1.53,1.485,1.488,-0.02,-1.3263,1131.0,172.108
161713.SZ,20180530,1.016,1.013,1.013,1.013,1.013,-0.003,-0.2953,130.0,13.169
161714.SZ,20180530,1.016,1.017,1.017,1.0,1.008,-0.008,-0.7874,165.0,16.569
161715.SZ,20180530,0.999,0.969,0.988,0.968,0.968,-0.031,-3.1031,535.97,51.979
161810.SZ,20180530,1.507,1.491,1.497,1.491,1.492,-0.015,-0.9954,110.89,16.558
161813.SZ,20180530,1.3,1.292,1.292,1.292,1.292,-0.008,-0.6154,100.0,12.92
161815.SZ,20180530,0.481,0.482,0.483,0.481,0.482,0.001,0.2079,2496.0,120.182
161820.SZ,20180530,1.118,1.119,1.119,1.119,1.119,0.001,0.0894,91.0,10.182
161831.SZ,20180530,1.005,0.936,0.986,0.936,0.981,-0.024,-2.3881,371.73,36.46
161834.SZ,20180530,0.787,0.782,0.782,0.779,0.779,-0.008,-1.0165,3457.0,270.317
161835.SZ,20180530,0.996,0.993,0.993,0.993,0.993,-0.003,-0.3012,1000.0,99.3
161903.SZ,20180530,0.786,0.776,0.776,0.773,0.773,-0.013,-1.6539,10.55,0.816
161907.SZ,20180530,1.623,1.611,1.611,1.603,1.603,-0.02,-1.2323,40.0,6.417
161911.SZ,20180530,0.963,0.963,0.963,0.961,0.963,0.0,0.0,16065.0,1546.86
162006.SZ,20180530,1.18,1.171,1.171,1.156,1.157,-0.023,-1.9492,213.23,24.653
162207.SZ,20180530,1.339,1.306,1.306,1.298,1.305,-0.034,-2.5392,53.0,6.918
162307.SZ,20180530,1.237,1.223,1.233,1.197,1.233,-0.004,-0.3234,43.0,5.229
162411.SZ,20180530,0.631,0.639,0.644,0.638,0.643,0.012,1.9017,599753.97,38371.775
162415.SZ,20180530,1.319,1.276,1.319,1.276,1.287,-0.032,-2.4261,39.0,5.08
162416.SZ,20180530,1.008,1.004,1.005,1.001,1.003,-0.005,-0.496,4759.33,477.314
162510.SZ,20180530,0.985,0.973,0.973,0.963,0.963,-0.022,-2.2335,3.0,0.289
162605.SZ,20180530,1.4,1.39,1.412,1.376,1.399,-0.001,-0.0714,36459.65,5085.282
162607.SZ,20180530,0.518,0.515,0.517,0.508,0.508,-0.01,-1.9305,11597.67,591.216
162703.SZ,20180530,1.441,1.431,1.438,1.403,1.409,-0.032,-2.2207,4232.37,597.97
162711.SZ,20180530,1.242,1.229,1.229,1.221,1.222,-0.02,-1.6103,221.0,27.011
162712.SZ,20180530,1.455,1.454,1.454,1.454,1.454,-0.001,-0.0687,500.0,72.7
162718.SZ,20180530,0.973,0.973,0.974,0.973,0.974,0.001,0.1028,4943.0,481.323
162719.SZ,20180530,1.089,1.095,1.12,1.095,1.099,0.01,0.9183,690.36,76.527
163001.SZ,20180530,1.055,1.044,1.046,1.044,1.046,-0.009,-0.8531,17.0,1.777
163110.SZ,20180530,2.174,2.14,2.16,2.101,2.12,-0.054,-2.4839,906.45,192.155
163111.SZ,20180530,1.052,1.05,1.063,1.05,1.05,-0.002,-0.1901,710.52,74.888
163119.SZ,20180530,0.989,0.928,0.96,0.928,0.96,-0.029,-2.9323,642.0,60.526
163208.SZ,20180530,0.887,0.898,0.903,0.896,0.896,0.009,1.0147,911.0,82.015
163210.SZ,20180530,1.045,1.045,1.045,1.042,1.044,-0.001,-0.0957,8813.9,919.862
163302.SZ,20180530,1.329,1.316,1.316,1.3,1.308,-0.021,-1.5801,204.96,26.65
163402.SZ,20180530,0.9,0.892,0.894,0.886,0.886,-0.014,-1.5556,81603.2,7256.893
163407.SZ,20180530,1.756,1.752,1.752,1.734,1.734,-0.022,-1.2528,3697.0,642.357
163409.SZ,20180530,1.535,1.515,1.515,1.513,1.513,-0.022,-1.4332,62.0,9.382
163412.SZ,20180530,3.151,3.148,3.148,3.114,3.12,-0.031,-0.9838,10623.43,3321.585
163415.SZ,20180530,1.531,1.513,1.528,1.503,1.508,-0.023,-1.5023,1389.01,210.768
163417.SZ,20180530,0.897,0.891,0.892,0.882,0.886,-0.011,-1.2263,399602.45,35493.668
163503.SZ,20180530,0.47,0.463,0.463,0.441,0.45,-0.02,-4.2553,2108.25,95.932
163801.SZ,20180530,1.363,1.343,1.355,1.322,1.34,-0.023,-1.6875,2023.33,272.255
163819.SZ,20180530,1.05,1.05,1.05,1.012,1.018,-0.032,-3.0476,389.0,39.674
163821.SZ,20180530,1.418,1.406,1.406,1.406,1.406,-0.012,-0.8463,12.0,1.687
164105.SZ,20180530,1.255,1.343,1.343,1.343,1.343,0.088,7.012,1.0,0.134
164206.SZ,20180530,1.074,1.074,1.074,1.074,1.074,0.0,0.0,12.47,1.339
164403.SZ,20180530,1.018,1.016,1.03,1.003,1.03,0.012,1.1788,56.0,5.745
164509.SZ,20180530,1.083,1.046,1.046,1.046,1.046,-0.037,-3.4164,20.0,2.092
164606.SZ,20180530,1.102,1.071,1.071,1.02,1.07,-0.032,-2.9038,25.0,2.67
164701.SZ,20180530,0.58,0.58,0.583,0.58,0.583,0.003,0.5172,6282.65,366.107
164702.SZ,20180530,0.991,0.997,0.997,0.992,0.992,0.001,0.1009,517.0,51.294
164705.SZ,20180530,1.209,1.19,1.197,1.19,1.193,-0.016,-1.3234,259.01,30.921
164808.SZ,20180530,1.012,1.011,1.011,1.011,1.011,-0.001,-0.0988,70.0,7.077
164810.SZ,20180530,1.002,1.002,1.004,1.002,1.004,0.002,0.1996,1269.0,127.353
164812.SZ,20180530,0.948,0.95,0.95,0.95,0.95,0.002,0.211,5.0,0.475
164906.SZ,20180530,1.406,1.4,1.41,1.396,1.404,-0.002,-0.1422,7911.34,1110.666
165309.SZ,20180530,1.195,1.176,1.176,1.161,1.176,-0.019,-1.59,137.01,15.95
165313.SZ,20180530,1.364,1.353,1.394,1.323,1.333,-0.031,-2.2727,1849.56,250.303
165317.SZ,20180530,0.928,0.902,0.902,0.902,0.902,-0.026,-2.8017,10.0,0.902
165508.SZ,20180530,1.751,1.72,1.72,1.683,1.683,-0.068,-3.8835,11.0,1.884
165510.SZ,20180530,0.8,0.799,0.799,0.775,0.791,-0.009,-1.125,1313.0,103.87
165512.SZ,20180530,2.516,2.503,2.508,2.42,2.508,-0.008,-0.318,61.0,14.878
165513.SZ,20180530,0.461,0.461,0.465,0.458,0.459,-0.002,-0.4338,3285.0,151.222
165525.SZ,20180530,0.939,0.931,0.931,0.918,0.918,-0.021,-2.2364,537.0,49.756
165528.SZ,20180530,0.965,0.95,0.955,0.943,0.955,-0.01,-1.0363,1575.27,149.786
165705.SZ,20180530,1.018,1.063,1.063,1.063,1.063,0.045,4.4204,1.0,0.106
166001.SZ,20180530,1.075,1.073,1.073,1.061,1.063,-0.012,-1.1163,1003.0,106.491
166006.SZ,20180530,1.208,1.196,1.208,1.179,1.197,-0.011,-0.9106,127.0,15.116
166007.SZ,20180530,1.338,1.337,1.337,1.331,1.331,-0.007,-0.5232,2.0,0.266
166009.SZ,20180530,1.773,1.741,1.741,1.693,1.716,-0.057,-3.2149,36.0,6.135
166011.SZ,20180530,1.266,1.256,1.276,1.256,1.27,0.004,0.316,14.0,1.782
166012.SZ,20180530,1.072,1.071,1.071,1.071,1.071,-0.001,-0.0933,50.0,5.355
166023.SZ,20180530,0.915,0.922,0.922,0.892,0.918,0.003,0.3279,82.0,7.541
166024.SZ,20180530,0.99,0.98,0.989,0.97,0.98,-0.01,-1.0101,40950.17,4028.534
166105.SZ,20180530,0.95,0.956,0.956,0.943,0.95,0.0,0.0,24.0,2.285
166402.SZ,20180530,1.083,1.061,1.061,1.051,1.051,-0.032,-2.9548,17.0,1.802
167001.SZ,20180530,0.738,0.72,0.724,0.72,0.721,-0.017,-2.3035,3624.0,261.585
167002.SZ,20180530,0.905,0.98,0.98,0.926,0.926,0.021,2.3204,1028.0,100.592
167003.SZ,20180530,0.987,0.985,0.985,0.985,0.985,-0.002,-0.2026,1500.0,147.75
168002.SZ,20180530,0.948,0.98,0.98,0.93,0.93,-0.018,-1.8987,115.0,11.149
168101.SZ,20180530,0.992,0.971,0.99,0.9,0.984,-0.008,-0.8065,3652.12,350.748
168102.SZ,20180530,0.804,0.791,0.8,0.78,0.796,-0.008,-0.995,19685.01,1567.856
168103.SZ,20180530,0.751,0.748,0.748,0.741,0.745,-0.006,-0.7989,49401.44,3681.085
168105.SZ,20180530,0.749,0.749,0.749,0.735,0.737,-0.012,-1.6021,1350.0,100.305
168108.SZ,20180530,0.97,0.96,0.96,0.96,0.96,-0.01,-1.0309,200.0,19.2
168301.SZ,20180530,0.895,0.894,0.894,0.887,0.89,-0.005,-0.5587,6257.0,556.828
168401.SZ,20180530,0.95,0.947,0.95,0.947,0.95,0.0,0.0,213.0,20.172
169101.SZ,20180530,1.515,1.503,1.507,1.491,1.498,-0.017,-1.1221,106739.31,16005.66
169102.SZ,20180530,1.433,1.42,1.42,1.402,1.405,-0.028,-1.9539,5575.21,783.472
169103.SZ,20180530,1.408,1.391,1.398,1.382,1.386,-0.022,-1.5625,712.0,98.839
169104.SZ,20180530,1.455,1.433,1.45,1.43,1.44,-0.015,-1.0309,1521.0,219.173
169105.SZ,20180530,1.482,1.47,1.471,1.458,1.463,-0.019,-1.2821,58012.36,8492.391
169201.SZ,20180530,1.016,1.014,1.018,1.013,1.017,0.001,0.0984,2622.85,266.583
184801.SZ,20180530,90.301,90.278,90.278,90.0,90.0,-0.301,-0.3333,83.0,748.55
501000.SH,20180530,1.165,1.165,1.165,1.144,1.144,-0.021,-1.8026,55.0,6.374
501001.SH,20180530,1.17,1.167,1.189,1.142,1.16,-0.01,-0.8547,2467.0,285.782
501002.SH,20180530,0.848,0.814,0.836,0.813,0.835,-0.013,-1.533,875.0,73.021
501003.SH,20180530,0.964,0.901,0.954,0.901,0.954,-0.01,-1.0373,156.0,14.061
501005.SH,20180530,1.055,1.043,1.061,1.026,1.047,-0.008,-0.7583,3580.0,373.796
501007.SH,20180530,1.07,1.046,1.047,1.046,1.047,-0.023,-2.1495,6.0,0.628
501008.SH,20180530,1.08,1.03,1.055,1.03,1.033,-0.047,-4.3519,14.0,1.448
501009.SH,20180530,1.339,1.3,1.333,1.272,1.297,-0.042,-3.1367,1228.0,160.001
501010.SH,20180530,1.362,1.29,1.352,1.29,1.302,-0.06,-4.4053,2048.93,268.575
501011.SH,20180530,1.054,1.058,1.112,1.058,1.102,0.048,4.5541,32.41,3.575
501012.SH,20180530,1.13,1.1,1.1,1.1,1.1,-0.03,-2.6549,10.0,1.1
501015.SH,20180530,0.946,0.941,0.941,0.922,0.922,-0.024,-2.537,23164.15,2158.301
501016.SH,20180530,0.864,0.858,0.858,0.837,0.841,-0.023,-2.662,2561.0,216.589
501017.SH,20180530,0.884,0.866,0.868,0.864,0.864,-0.02,-2.2624,1607.07,139.035
501018.SH,20180530,1.149,1.153,1.155,1.138,1.149,0.0,0.0,2295.0,263.472
501019.SH,20180530,0.751,0.748,0.754,0.73,0.742,-0.009,-1.1984,4270.9,315.986
501021.SH,20180530,1.515,1.501,1.501,1.479,1.489,-0.026,-1.7162,5002.0,742.438
501022.SH,20180530,0.795,0.79,0.79,0.781,0.781,-0.014,-1.761,2894.71,226.718
501023.SH,20180530,1.203,1.18,1.181,1.176,1.181,-0.022,-1.8288,1000.43,118.083
501025.SH,20180530,1.136,1.132,1.132,1.11,1.11,-0.026,-2.2887,11.0,1.223
501026.SH,20180530,0.846,0.835,0.835,0.835,0.835,-0.011,-1.3002,263.21,21.978
501027.SH,20180530,0.977,0.975,0.977,0.975,0.977,0.0,0.0,4246.0,414.83
501028.SH,20180530,0.825,0.801,0.818,0.801,0.805,-0.02,-2.4242,2571.44,206.736
501029.SH,20180530,1.043,1.038,1.038,1.024,1.025,-0.018,-1.7258,132487.22,13662.022
501030.SH,20180530,0.778,0.774,0.799,0.756,0.756,-0.022,-2.8278,172.0,13.12
501031.SH,20180530,0.797,0.752,0.752,0.752,0.752,-0.045,-5.6462,2.0,0.15
501032.SH,20180530,0.885,0.868,0.868,0.867,0.867,-0.018,-2.0339,200.0,17.35
501035.SH,20180530,0.949,0.951,0.951,0.94,0.941,-0.008,-0.843,434.61,40.899
501036.SH,20180530,0.91,0.869,0.891,0.869,0.891,-0.019,-2.0879,110.0,9.581
501037.SH,20180530,0.89,0.88,0.9,0.87,0.88,-0.01,-1.1236,3050.23,268.821
501038.SH,20180530,1.028,1.02,1.026,1.014,1.017,-0.011,-1.07,28465.67,2904.289
501039.SH,20180530,0.95,0.933,0.968,0.933,0.968,0.018,1.8947,11.0,1.03
501040.SH,20180530,0.955,0.961,0.961,0.961,0.961,0.006,0.6283,31.0,2.979
501043.SH,20180530,0.988,0.98,0.985,0.969,0.969,-0.019,-1.9231,1954.46,189.679
501045.SH,20180530,0.997,0.97,0.983,0.97,0.97,-0.027,-2.7081,634.02,61.51
501046.SH,20180530,0.896,0.894,0.894,0.878,0.878,-0.018,-2.0089,1375.0,121.649
501047.SH,20180530,0.852,0.843,0.843,0.83,0.831,-0.021,-2.4648,2132.12,177.035
501048.SH,20180530,0.865,0.83,0.83,0.83,0.83,-0.035,-4.0462,3.0,0.249
501050.SH,20180530,1.166,1.165,1.165,1.149,1.152,-0.014,-1.2007,29824.27,3438.63
501051.SH,20180530,0.98,0.935,0.999,0.906,0.949,-0.031,-3.1633,2738.12,256.776
501106.SH,20180530,1.017,1.017,1.017,1.017,1.017,0.0,0.0,9.96,1.013
501300.SH,20180530,0.922,0.923,0.924,0.923,0.924,0.002,0.2169,374.0,34.52
501301.SH,20180530,1.172,1.17,1.17,1.15,1.156,-0.016,-1.3652,133.0,15.342
501302.SH,20180530,1.061,1.056,1.077,1.047,1.077,0.016,1.508,222.0,23.247
501303.SH,20180530,0.957,0.955,0.955,0.928,0.938,-0.019,-1.9854,221.0,20.712
501305.SH,20180530,0.997,0.97,0.992,0.97,0.971,-0.026,-2.6078,201.84,19.606
501306.SH,20180530,1.007,0.98,0.98,0.98,0.98,-0.027,-2.6812,200.0,19.6
501307.SH,20180530,0.995,0.98,0.98,0.98,0.98,-0.015,-1.5075,20.0,1.96
502000.SH,20180530,0.967,0.939,0.939,0.939,0.939,-0.028,-2.8956,1.0,0.094
502001.SH,20180530,0.961,0.96,0.96,0.96,0.96,-0.001,-0.1041,100.0,9.6
502003.SH,20180530,0.815,0.824,0.824,0.805,0.805,-0.01,-1.227,443.43,35.744
502004.SH,20180530,0.974,0.974,0.974,0.972,0.974,0.0,0.0,3313.0,322.446
502005.SH,20180530,0.661,0.661,0.661,0.626,0.626,-0.035,-5.295,3075.0,198.221
502006.SH,20180530,1.002,1.0,1.0,0.985,0.985,-0.017,-1.6966,738.17,73.23
502007.SH,20180530,0.977,0.977,0.978,0.974,0.978,0.001,0.1024,557.74,54.389
502008.SH,20180530,1.038,1.0,1.018,0.991,1.015,-0.023,-2.2158,664.93,66.065
502010.SH,20180530,0.95,0.95,0.95,0.922,0.931,-0.019,-2.0,4342.27,404.327
502011.SH,20180530,0.973,0.973,0.975,0.972,0.975,0.002,0.2055,6749.54,656.548
502012.SH,20180530,0.929,0.917,0.918,0.844,0.844,-0.085,-9.1496,4926.66,439.766
502013.SH,20180530,0.769,0.768,0.768,0.747,0.751,-0.018,-2.3407,8950.48,672.632
502014.SH,20180530,0.966,0.964,0.966,0.961,0.966,0.0,0.0,8344.0,805.066
502015.SH,20180530,0.569,0.561,0.561,0.532,0.532,-0.037,-6.5026,4508.0,245.658
502023.SH,20180530,0.901,0.9,0.9,0.9,0.9,-0.001,-0.111,51.0,4.59
502024.SH,20180530,0.965,0.964,0.964,0.963,0.964,-0.001,-0.1036,404.0,38.921
502025.SH,20180530,0.808,0.808,0.857,0.808,0.857,0.049,6.0644,111.0,8.974
502031.SH,20180530,0.98,0.98,0.98,0.98,0.98,0.0,0.0,300.0,29.4
502032.SH,20180530,0.696,0.658,0.658,0.658,0.658,-0.038,-5.4598,10.0,0.658
502038.SH,20180530,0.951,0.856,0.856,0.856,0.856,-0.095,-9.9895,190.9,16.341
502040.SH,20180530,1.093,1.093,1.093,1.093,1.093,0.0,0.0,1.0,0.109
502048.SH,20180530,0.869,0.866,0.866,0.854,0.854,-0.015,-1.7261,21654.11,1860.681
502049.SH,20180530,0.957,0.953,0.958,0.952,0.955,-0.002,-0.209,28633.38,2734.448
502050.SH,20180530,0.786,0.774,0.78,0.753,0.753,-0.033,-4.1985,48629.9,3714.706
502053.SH,20180530,0.788,0.78,0.78,0.757,0.757,-0.031,-3.934,741.0,57.0
502054.SH,20180530,0.965,0.965,0.965,0.963,0.965,0.0,0.0,6634.0,640.141
502055.SH,20180530,0.612,0.598,0.598,0.56,0.56,-0.052,-8.4967,6244.0,355.28
502056.SH,20180530,1.139,1.111,1.167,1.111,1.154,0.015,1.3169,553.88,62.854
502057.SH,20180530,1.051,0.95,1.049,0.95,1.04,-0.011,-1.0466,5.59,0.552
502058.SH,20180530,1.309,1.287,1.287,1.287,1.287,-0.022,-1.6807,2.0,0.257
505888.SH,20180530,1.04,1.038,1.04,1.036,1.038,-0.002,-0.1923,352329.07,36568.735
510010.SH,20180530,1.097,1.095,1.097,1.08,1.097,0.0,0.0,465.0,50.399
510020.SH,20180530,2.636,2.626,2.63,2.596,2.63,-0.006,-0.2276,60.6,15.793
510030.SH,20180530,4.818,4.77,4.77,4.724,4.725,-0.093,-1.9303,462.29,218.943
510050.SH,20180530,2.655,2.631,2.632,2.6,2.601,-0.054,-2.0339,6091947.36,1595058.091
510060.SH,20180530,1.76,1.738,1.739,1.718,1.719,-0.041,-2.3295,2995.82,518.027
510070.SH,20180530,1.82,1.792,1.792,1.784,1.784,-0.036,-1.978,1551.0,277.323
510090.SH,20180530,1.545,1.552,1.578,1.54,1.555,0.01,0.6472,139.0,21.615
510110.SH,20180530,3.433,3.433,3.433,3.382,3.4,-0.033,-0.9613,9.0,3.069
510120.SH,20180530,2.956,2.919,2.956,2.919,2.956,0.0,0.0,2.0,0.588
510130.SH,20180530,3.88,3.854,3.854,3.812,3.815,-0.065,-1.6753,40.0,15.256
510150.SH,20180530,5.309,5.21,5.346,5.21,5.319,0.01,0.1884,18066.55,9595.155
510160.SH,20180530,0.565,0.563,0.563,0.552,0.552,-0.013,-2.3009,3379.0,187.706
510170.SH,20180530,1.894,1.83,1.893,1.8,1.8,-0.094,-4.963,424.0,79.238
510180.SH,20180530,3.258,3.22,3.23,3.192,3.192,-0.066,-2.0258,117103.0,37558.881
510190.SH,20180530,3.581,3.512,3.534,3.5,3.511,-0.07,-1.9548,238.0,83.543
510210.SH,20180530,3.551,3.54,3.574,3.483,3.574,0.023,0.6477,112.0,39.467
510220.SH,20180530,4.083,4.062,4.062,4.001,4.002,-0.081,-1.9838,32.0,12.824
510230.SH,20180530,5.812,5.75,5.75,5.68,5.682,-0.13,-2.2368,10013.0,5708.283
510260.SH,20180530,1.177,1.148,1.155,1.13,1.13,-0.047,-3.9932,2243.0,255.355
510270.SH,20180530,1.08,1.067,1.067,1.053,1.053,-0.027,-2.5,117.0,12.349
510280.SH,20180530,1.68,1.68,1.68,1.658,1.677,-0.003,-0.1786,57.0,9.499
510290.SH,20180530,1.554,1.549,1.549,1.514,1.514,-0.04,-2.574,792.0,120.743
510300.SH,20180530,3.799,3.762,3.767,3.726,3.727,-0.072,-1.8952,1440322.81,539595.347
510310.SH,20180530,1.615,1.61,1.61,1.585,1.593,-0.022,-1.3622,22201.0,3539.635
510330.SH,20180530,4.125,4.079,4.083,4.046,4.068,-0.057,-1.3818,30995.0,12570.843
510360.SH,20180530,1.197,1.181,1.184,1.17,1.17,-0.027,-2.2556,51110.0,6027.757
510380.SH,20180530,0.942,0.925,0.938,0.909,0.938,-0.004,-0.4246,3359.0,308.444
510390.SH,20180530,3.805,3.76,3.767,3.722,3.731,-0.074,-1.9448,59870.51,22447.108
510410.SH,20180530,0.724,0.717,0.72,0.711,0.713,-0.011,-1.5193,1584.0,113.26
510420.SH,20180530,1.415,1.387,1.42,1.358,1.358,-0.057,-4.0283,3983.0,552.43
510430.SH,20180530,1.41,1.408,1.408,1.408,1.408,-0.002,-0.1418,1.0,0.141
510440.SH,20180530,1.698,1.67,1.67,1.67,1.67,-0.028,-1.649,11.0,1.837
510500.SH,20180530,6.148,6.085,6.098,6.0,6.007,-0.141,-2.2934,750825.17,454294.38
510510.SH,20180530,1.628,1.63,1.63,1.584,1.586,-0.042,-2.5799,21835.0,3490.285
510560.SH,20180530,1.229,1.218,1.218,1.218,1.218,-0.011,-0.895,1.0,0.122
510580.SH,20180530,5.826,5.76,6.099,5.612,6.047,0.221,3.7933,291.0,165.644
510590.SH,20180530,5.862,5.82,5.82,5.726,5.727,-0.135,-2.303,117104.38,67501.539
510630.SH,20180530,2.493,2.45,2.49,2.375,2.478,-0.015,-0.6017,4803.0,1175.899
510650.SH,20180530,1.671,1.685,1.685,1.652,1.652,-0.019,-1.137,259.0,43.089
510660.SH,20180530,2.209,2.196,2.222,2.124,2.18,-0.029,-1.3128,26548.0,5803.024
510680.SH,20180530,2.216,2.155,2.18,2.155,2.173,-0.043,-1.9404,18.0,3.893
510710.SH,20180530,2.823,2.798,2.816,2.766,2.768,-0.055,-1.9483,8079.0,2249.485
510800.SH,20180530,0.904,0.901,0.901,0.886,0.892,-0.012,-1.3274,30186.0,2697.234
510810.SH,20180530,0.917,0.915,0.915,0.897,0.898,-0.019,-2.072,13837.0,1246.035
510880.SH,20180530,2.873,2.864,2.864,2.828,2.834,-0.039,-1.3575,76433.0,21719.872
510900.SH,20180530,1.24,1.228,1.232,1.217,1.221,-0.019,-1.5323,9558738.94,1168873.467
511010.SH,20180530,112.172,112.172,112.491,112.091,112.138,-0.034,-0.0303,3546.98,39837.579
511220.SH,20180530,93.33,93.328,93.33,93.201,93.277,-0.053,-0.0568,1107.2,10328.766
511260.SH,20180530,101.634,101.65,110.901,101.65,101.8,0.166,0.1633,207.4,2112.286
511290.SH,20180530,99.9,99.9,99.9,99.9,99.9,0.0,0.0,0.8,7.992
511310.SH,20180530,100.306,100.8,100.8,100.31,100.321,0.015,0.015,132.1,1330.235
511600.SH,20180530,99.986,99.983,99.983,99.964,99.969,-0.017,-0.017,2074.51,20739.585
511620.SH,20180530,100.993,110.373,110.373,100.511,103.678,2.685,2.6586,17.0,174.61
511650.SH,20180530,99.985,99.985,99.999,99.975,99.994,0.009,0.009,2945.58,29453.583
511660.SH,20180530,99.991,99.971,99.984,99.964,99.976,-0.015,-0.015,115409.7,1153836.141
511670.SH,20180530,99.984,99.974,99.988,99.974,99.981,-0.003,-0.003,1341.67,13413.906
511690.SH,20180530,99.988,99.97,99.979,99.961,99.969,-0.019,-0.019,42979.28,429675.49
511700.SH,20180530,99.991,99.965,99.985,99.955,99.968,-0.023,-0.023,5384.26,53827.698
511770.SH,20180530,99.99,99.98,99.985,99.965,99.965,-0.025,-0.025,148.65,1486.142
511800.SH,20180530,99.984,99.981,99.984,99.971,99.982,-0.002,-0.002,2279.7,22792.003
511810.SH,20180530,99.985,99.975,99.984,99.965,99.975,-0.01,-0.01,81395.2,813763.297
511820.SH,20180530,99.986,99.985,99.985,99.82,99.974,-0.012,-0.012,62730.58,627143.19
511830.SH,20180530,99.991,99.988,99.988,99.966,99.966,-0.025,-0.025,1828.03,18275.378
511850.SH,20180530,99.99,99.97,99.979,99.96,99.968,-0.022,-0.022,21399.84,213940.656
511860.SH,20180530,99.989,99.969,99.981,99.943,99.97,-0.019,-0.019,734.58,7343.799
511880.SH,20180530,101.74,101.734,101.741,101.726,101.739,-0.001,-0.001,1005526.59,10229862.187
511900.SH,20180530,99.989,99.975,99.98,99.965,99.966,-0.023,-0.023,16462.0,164579.971
511910.SH,20180530,99.977,99.965,99.982,99.937,99.982,0.005,0.005,114.16,1141.2
511920.SH,20180530,99.98,99.98,100.081,99.932,99.949,-0.031,-0.031,27.19,271.839
511930.SH,20180530,99.976,99.944,99.944,99.944,99.944,-0.032,-0.032,0.1,0.999
511960.SH,20180530,99.985,99.956,99.974,99.956,99.963,-0.022,-0.022,20.0,199.935
511970.SH,20180530,99.983,99.979,99.98,99.942,99.979,-0.004,-0.004,32.71,326.993
511980.SH,20180530,99.977,99.971,99.984,99.965,99.975,-0.002,-0.002,337.12,3370.304
511990.SH,20180530,99.994,99.972,100.0,99.965,99.982,-0.012,-0.012,1018467.16,10182651.769
512000.SH,20180530,0.806,0.8,0.8,0.774,0.776,-0.03,-3.7221,413722.0,32588.126
512010.SH,20180530,2.038,1.966,2.079,1.966,2.032,-0.006,-0.2944,72904.0,14751.218
512070.SH,20180530,1.801,1.781,1.781,1.742,1.746,-0.055,-3.0539,6150.0,1083.369
512100.SH,20180530,0.761,0.756,0.76,0.737,0.738,-0.023,-3.0223,11842.0,882.11
512120.SH,20180530,1.827,1.795,1.835,1.77,1.806,-0.021,-1.1494,54402.0,9871.696
512160.SH,20180530,1.008,1.001,1.002,0.987,0.988,-0.02,-1.9841,706230.0,70103.72
512180.SH,20180530,0.98,0.975,0.975,0.961,0.963,-0.017,-1.7347,788304.0,76238.145
512200.SH,20180530,0.87,0.863,0.863,0.847,0.848,-0.022,-2.5287,14673.0,1252.561
512220.SH,20180530,1.317,1.308,1.308,1.281,1.289,-0.028,-2.126,187.0,24.087
512280.SH,20180530,0.981,0.97,0.974,0.962,0.962,-0.019,-1.9368,688926.73,66704.618
512300.SH,20180530,1.308,1.298,1.327,1.273,1.28,-0.028,-2.1407,38691.0,5010.849
512310.SH,20180530,0.563,0.561,0.561,0.544,0.544,-0.019,-3.3748,5976.0,329.556
512330.SH,20180530,0.783,0.781,0.781,0.757,0.759,-0.024,-3.0651,20766.0,1599.59
512340.SH,20180530,0.882,0.879,0.879,0.856,0.858,-0.024,-2.7211,3808.0,327.277
512400.SH,20180530,0.841,0.829,0.832,0.817,0.817,-0.024,-2.8537,25858.0,2135.718
512500.SH,20180530,2.94,2.93,2.954,2.835,2.89,-0.05,-1.7007,13496.77,3867.033
512510.SH,20180530,1.219,1.219,1.219,1.187,1.187,-0.032,-2.6251,28013.72,3354.583
512520.SH,20180530,0.988,0.984,0.984,0.968,0.97,-0.018,-1.8219,196169.9,19093.568
512550.SH,20180530,1.032,1.03,1.03,1.014,1.015,-0.017,-1.6473,6156.0,627.774
512560.SH,20180530,0.88,0.88,0.88,0.837,0.878,-0.002,-0.2273,64.0,5.567
512570.SH,20180530,0.81,0.781,0.815,0.777,0.777,-0.033,-4.0741,4743.0,371.447
512580.SH,20180530,0.883,0.88,0.88,0.858,0.86,-0.023,-2.6048,285174.0,24691.764
512600.SH,20180530,2.33,2.315,2.342,2.233,2.342,0.012,0.515,967.0,223.862
512610.SH,20180530,1.809,1.783,1.806,1.733,1.775,-0.034,-1.8795,1409.0,250.825
512640.SH,20180530,1.72,1.728,1.728,1.705,1.705,-0.015,-0.8721,24.0,4.12
512660.SH,20180530,0.781,0.775,0.784,0.76,0.761,-0.02,-2.5608,235616.51,18198.113
512680.SH,20180530,0.762,0.76,0.76,0.739,0.741,-0.021,-2.7559,13688.0,1022.528
512700.SH,20180530,0.986,0.984,0.984,0.964,0.967,-0.019,-1.927,11073.0,1071.737
512780.SH,20180530,0.95,0.948,0.948,0.901,0.913,-0.037,-3.8947,116370.0,10779.946
512800.SH,20180530,0.96,0.953,0.953,0.942,0.943,-0.017,-1.7708,263269.0,24938.361
512810.SH,20180530,0.74,0.74,0.74,0.721,0.722,-0.018,-2.4324,11914.0,867.379
512880.SH,20180530,0.848,0.841,0.843,0.817,0.819,-0.029,-3.4198,1264363.0,105060.562
512900.SH,20180530,0.814,0.812,0.812,0.781,0.783,-0.031,-3.8084,92909.0,7378.798
512980.SH,20180530,0.935,0.932,0.932,0.904,0.904,-0.031,-3.3155,191974.0,17549.568
512990.SH,20180530,1.109,1.09,1.1,1.085,1.097,-0.012,-1.0821,127438.0,13924.497
513030.SH,20180530,1.084,1.08,1.08,1.065,1.067,-0.017,-1.5683,15370.0,1642.468
513050.SH,20180530,1.458,1.45,1.458,1.442,1.443,-0.015,-1.0288,150641.0,21829.238
513100.SH,20180530,2.335,2.32,2.324,2.312,2.319,-0.016,-0.6852,21209.0,4917.897
513500.SH,20180530,1.618,1.614,1.614,1.558,1.597,-0.021,-1.2979,23546.0,3731.553
513600.SH,20180530,2.606,2.589,2.589,2.563,2.57,-0.036,-1.3814,3071.0,789.923
513660.SH,20180530,2.583,2.553,2.56,2.541,2.541,-0.042,-1.626,4362.0,1114.951
513900.SH,20180530,0.988,0.98,0.988,0.972,0.973,-0.015,-1.5182,21787.0,2123.195
518800.SH,20180530,2.657,2.667,2.667,2.661,2.665,0.008,0.3011,260403.0,69375.1
518880.SH,20180530,2.676,2.688,2.688,2.68,2.683,0.007,0.2616,2004174.32,538060.18
