ts_code,trade_date,pre_close,open,high,low,close,change,pct_chg,vol,amount
150012.SZ,20180815,1.05,1.054,1.054,1.054,1.054,0.004,0.381,180.0,18.972
150013.SZ,20180815,1.28,1.208,1.277,1.208,1.277,-0.003,-0.2344,2.0,0.248
150016.SZ,20180815,1.04,1.04,1.04,1.04,1.04,0.0,0.0,1001.0,104.104
150017.SZ,20180815,1.276,1.275,1.276,1.23,1.23,-0.046,-3.605,1942.0,240.413
150018.SZ,20180815,0.962,0.961,0.964,0.96,0.963,0.001,0.104,278333.65,26792.221
150019.SZ,20180815,0.741,0.739,0.743,0.709,0.709,-0.032,-4.3185,524602.19,37960.967
150022.SZ,20180815,0.785,0.785,0.785,0.777,0.778,-0.007,-0.8917,231318.31,18018.583
150023.SZ,20180815,0.171,0.17,0.171,0.163,0.163,-0.008,-4.6784,419660.5,6973.494
150028.SZ,20180815,0.959,0.959,0.959,0.959,0.959,0.0,0.0,100.0,9.59
150030.SZ,20180815,1.003,1.055,1.055,1.055,1.055,0.052,5.1844,8.0,0.844
150031.SZ,20180815,0.838,0.806,0.806,0.806,0.806,-0.032,-3.8186,127.0,10.236
150032.SZ,20180815,0.967,0.967,0.967,0.967,0.967,0.0,0.0,1841.01,178.025
150048.SZ,20180815,0.92,0.88,0.9,0.88,0.899,-0.021,-2.2826,117.0,10.426
150049.SZ,20180815,0.954,0.953,0.956,0.953,0.956,0.002,0.2096,1415.8,135.192
150050.SZ,20180815,0.709,0.69,0.691,0.688,0.688,-0.021,-2.9619,1200.0,82.61
150051.SZ,20180815,0.961,0.959,0.964,0.959,0.963,0.002,0.2081,9452.45,910.012
150052.SZ,20180815,0.654,0.662,0.662,0.621,0.621,-0.033,-5.0459,13696.26,868.604
150053.SZ,20180815,0.969,0.971,0.973,0.971,0.973,0.004,0.4128,570.56,55.473
150054.SZ,20180815,0.871,0.784,0.784,0.784,0.784,-0.087,-9.9885,1.0,0.078
150060.SZ,20180815,0.988,0.98,0.98,0.94,0.96,-0.028,-2.834,174.0,16.67
150075.SZ,20180815,0.636,0.648,0.648,0.648,0.648,0.012,1.8868,0.3,0.019
150083.SZ,20180815,0.974,0.975,0.979,0.975,0.979,0.005,0.5133,786.0,76.755
150100.SZ,20180815,0.964,0.962,0.966,0.962,0.966,0.002,0.2075,2799.65,269.871
150101.SZ,20180815,1.067,1.06,1.06,1.024,1.059,-0.008,-0.7498,163.0,17.059
150106.SZ,20180815,1.063,1.064,1.065,1.064,1.065,0.002,0.1881,1483.05,157.797
150107.SZ,20180815,0.736,0.734,0.736,0.705,0.711,-0.025,-3.3967,4734.94,341.765
150117.SZ,20180815,0.958,0.958,0.96,0.958,0.96,0.002,0.2088,63242.16,6060.774
150118.SZ,20180815,0.869,0.869,0.873,0.83,0.839,-0.03,-3.4522,37541.27,3172.869
150121.SZ,20180815,0.999,1.0,1.0,1.0,1.0,0.001,0.1001,200.0,20.0
150123.SZ,20180815,1.008,1.008,1.008,1.007,1.007,-0.001,-0.0992,8488.0,854.941
150124.SZ,20180815,0.658,0.653,0.658,0.63,0.632,-0.026,-3.9514,7744.34,502.875
150130.SZ,20180815,0.985,0.985,0.988,0.985,0.986,0.001,0.1015,72336.95,7136.067
150131.SZ,20180815,0.687,0.682,0.686,0.637,0.637,-0.05,-7.278,335258.24,21962.425
150144.SZ,20180815,0.938,0.939,0.939,0.893,0.935,-0.003,-0.3198,270.55,24.236
150146.SZ,20180815,0.679,0.71,0.716,0.616,0.716,0.037,5.4492,1236.5,79.003
150149.SZ,20180815,0.775,0.767,0.767,0.719,0.738,-0.037,-4.7742,1761.0,128.349
150150.SZ,20180815,0.967,0.966,0.969,0.965,0.969,0.002,0.2068,3083.25,298.12
150151.SZ,20180815,0.995,0.896,0.936,0.896,0.926,-0.069,-6.9347,3220.0,288.552
150152.SZ,20180815,0.944,0.944,0.947,0.944,0.947,0.003,0.3178,732546.17,69230.146
150153.SZ,20180815,1.087,1.081,1.084,1.023,1.035,-0.052,-4.7838,1978209.31,208107.864
150157.SZ,20180815,0.966,0.964,0.966,0.964,0.965,-0.001,-0.1035,8841.0,853.686
150158.SZ,20180815,0.78,0.78,0.78,0.743,0.749,-0.031,-3.9744,8447.0,641.525
150165.SZ,20180815,0.982,0.945,0.945,0.94,0.94,-0.042,-4.277,70.0,6.6
150169.SZ,20180815,0.959,0.959,0.961,0.958,0.961,0.002,0.2086,10707.0,1028.294
150170.SZ,20180815,1.42,1.405,1.419,1.38,1.381,-0.039,-2.7465,2784.25,387.095
150171.SZ,20180815,0.962,0.962,0.964,0.961,0.963,0.001,0.104,384354.64,36990.49
150172.SZ,20180815,0.473,0.473,0.475,0.448,0.452,-0.021,-4.4397,668510.57,30671.099
150173.SZ,20180815,0.943,0.943,0.946,0.943,0.946,0.003,0.3181,1310.0,123.745
150174.SZ,20180815,1.014,1.0,1.0,1.0,1.0,-0.014,-1.3807,75.0,7.5
150175.SZ,20180815,0.963,0.963,0.965,0.963,0.965,0.002,0.2077,383435.99,36958.039
150176.SZ,20180815,1.003,0.999,0.999,0.972,0.979,-0.024,-2.3928,31284.51,3077.365
150177.SZ,20180815,0.959,0.959,0.961,0.959,0.96,0.001,0.1043,17541.0,1684.147
150178.SZ,20180815,0.996,0.962,0.963,0.922,0.948,-0.048,-4.8193,1195.47,112.502
150180.SZ,20180815,1.06,1.042,1.042,0.971,1.02,-0.04,-3.7736,592.57,61.465
150181.SZ,20180815,0.981,0.98,0.982,0.98,0.981,0.0,0.0,295203.37,28951.215
150182.SZ,20180815,0.382,0.382,0.399,0.357,0.37,-0.012,-3.1414,1532896.78,58077.536
150184.SZ,20180815,0.979,0.962,0.962,0.962,0.962,-0.017,-1.7365,11.0,1.058
150185.SZ,20180815,0.367,0.364,0.37,0.352,0.352,-0.015,-4.0872,9265.8,331.217
150186.SZ,20180815,0.936,0.933,0.938,0.933,0.937,0.001,0.1068,5537.0,517.765
150187.SZ,20180815,0.966,0.96,0.96,0.93,0.957,-0.009,-0.9317,1022.04,95.641
150188.SZ,20180815,0.999,0.999,1.001,0.999,1.001,0.002,0.2002,1570.26,157.089
150189.SZ,20180815,0.642,0.602,0.64,0.591,0.638,-0.004,-0.6231,50.54,3.031
150190.SZ,20180815,0.984,0.984,0.987,0.984,0.987,0.003,0.3049,6630.26,653.399
150191.SZ,20180815,0.7,0.63,0.63,0.63,0.63,-0.07,-10.0,149.0,9.387
150193.SZ,20180815,0.722,0.73,0.75,0.721,0.749,0.027,3.7396,214.0,15.578
150194.SZ,20180815,0.962,0.961,0.964,0.961,0.964,0.002,0.2079,7013.0,675.433
150195.SZ,20180815,0.804,0.804,0.807,0.754,0.758,-0.046,-5.7214,41510.46,3183.814
150196.SZ,20180815,0.985,0.984,0.987,0.984,0.986,0.001,0.1015,54497.59,5374.181
150197.SZ,20180815,0.663,0.659,0.662,0.625,0.626,-0.037,-5.5807,98236.65,6335.989
150198.SZ,20180815,1.058,1.025,1.025,1.025,1.025,-0.033,-3.1191,1.0,0.102
150199.SZ,20180815,1.37,1.36,1.368,1.31,1.321,-0.049,-3.5766,3418.0,455.357
150200.SZ,20180815,0.955,0.955,0.958,0.954,0.957,0.002,0.2094,90816.0,8683.473
150201.SZ,20180815,0.703,0.703,0.709,0.678,0.68,-0.023,-3.2717,464513.51,32033.915
150203.SZ,20180815,0.934,0.937,0.937,0.937,0.937,0.003,0.3212,25.0,2.342
150204.SZ,20180815,0.946,0.942,0.942,0.903,0.918,-0.028,-2.9598,1320.62,122.966
150205.SZ,20180815,0.971,0.972,0.973,0.97,0.972,0.001,0.103,121241.62,11782.36
150206.SZ,20180815,0.516,0.515,0.527,0.495,0.495,-0.021,-4.0698,196145.14,10009.657
150207.SZ,20180815,0.942,0.942,0.947,0.942,0.947,0.005,0.5308,1092.14,103.409
150209.SZ,20180815,0.963,0.961,0.965,0.961,0.965,0.002,0.2077,98818.72,9518.82
150210.SZ,20180815,0.657,0.657,0.685,0.636,0.637,-0.02,-3.0441,50099.5,3323.589
150211.SZ,20180815,0.945,0.945,0.947,0.945,0.947,0.002,0.2116,40365.0,3817.917
150212.SZ,20180815,1.084,1.083,1.091,1.011,1.029,-0.055,-5.0738,69294.42,7288.736
150213.SZ,20180815,0.968,0.969,0.972,0.969,0.972,0.004,0.4132,923.81,89.704
150214.SZ,20180815,0.67,0.64,0.649,0.619,0.622,-0.048,-7.1642,3827.0,239.819
150215.SZ,20180815,1.105,1.114,1.114,1.114,1.114,0.009,0.8145,1.0,0.111
150216.SZ,20180815,0.773,0.767,0.767,0.742,0.742,-0.031,-4.0103,275.21,20.82
150217.SZ,20180815,0.94,0.939,0.939,0.939,0.939,-0.001,-0.1064,9.0,0.845
150218.SZ,20180815,0.956,0.924,0.956,0.901,0.937,-0.019,-1.9874,403.0,36.867
150220.SZ,20180815,0.662,0.663,0.663,0.641,0.649,-0.013,-1.9637,6031.0,391.282
150221.SZ,20180815,1.037,1.037,1.037,1.035,1.035,-0.002,-0.1929,4071.49,421.658
150222.SZ,20180815,0.833,0.832,0.845,0.813,0.815,-0.018,-2.1609,30973.04,2561.382
150223.SZ,20180815,1.008,1.008,1.009,1.007,1.009,0.001,0.0992,676892.81,68251.164
150224.SZ,20180815,0.35,0.35,0.352,0.315,0.317,-0.033,-9.4286,2287204.37,76254.194
150226.SZ,20180815,0.881,0.95,0.95,0.85,0.947,0.066,7.4915,132.0,11.239
150227.SZ,20180815,0.967,0.967,0.969,0.967,0.969,0.002,0.2068,97237.57,9411.804
150228.SZ,20180815,0.744,0.743,0.744,0.713,0.714,-0.03,-4.0323,469444.02,34051.301
150229.SZ,20180815,0.958,0.94,0.945,0.94,0.942,-0.016,-1.6701,1292.5,121.909
150230.SZ,20180815,0.777,0.714,0.777,0.713,0.743,-0.034,-4.3758,361.0,26.232
150232.SZ,20180815,0.775,0.737,0.74,0.73,0.74,-0.035,-4.5161,1061.55,77.663
150233.SZ,20180815,0.989,0.988,0.99,0.988,0.99,0.001,0.1011,2479.78,245.423
150234.SZ,20180815,0.407,0.396,0.396,0.386,0.386,-0.021,-5.1597,412.9,16.231
150235.SZ,20180815,0.939,0.939,0.944,0.939,0.944,0.005,0.5325,406.64,38.186
150236.SZ,20180815,1.068,1.063,1.071,1.026,1.031,-0.037,-3.4644,4741.05,493.964
150237.SZ,20180815,0.963,0.963,0.975,0.963,0.975,0.012,1.2461,1363.23,132.758
150238.SZ,20180815,0.873,0.92,0.92,0.92,0.92,0.047,5.3837,1.0,0.092
150241.SZ,20180815,0.96,0.962,0.963,0.961,0.961,0.001,0.1042,2264.0,217.818
150242.SZ,20180815,0.9,0.88,0.88,0.86,0.86,-0.04,-4.4444,100.0,8.7
150243.SZ,20180815,0.984,0.983,0.987,0.983,0.987,0.003,0.3049,79276.74,7815.619
150244.SZ,20180815,0.382,0.378,0.384,0.354,0.357,-0.025,-6.5445,163740.61,6004.321
150246.SZ,20180815,0.768,0.783,0.783,0.783,0.783,0.015,1.9531,2.0,0.156
150247.SZ,20180815,0.959,0.96,0.96,0.96,0.96,0.001,0.1043,2749.0,263.904
150248.SZ,20180815,0.942,0.926,0.934,0.902,0.923,-0.019,-2.017,2543.58,234.402
150250.SZ,20180815,0.899,0.939,0.939,0.841,0.899,0.0,0.0,103.0,8.682
150252.SZ,20180815,0.914,0.901,0.901,0.88,0.88,-0.034,-3.7199,810.0,72.26
150255.SZ,20180815,0.939,0.946,0.946,0.946,0.946,0.007,0.7455,7221.0,683.106
150256.SZ,20180815,0.731,0.733,0.733,0.717,0.717,-0.014,-1.9152,141.93,10.323
150257.SZ,20180815,0.941,0.938,0.943,0.938,0.941,0.0,0.0,834.04,78.493
150259.SZ,20180815,0.937,0.941,0.941,0.941,0.941,0.004,0.4269,177.0,16.655
150260.SZ,20180815,0.918,0.916,0.916,0.88,0.88,-0.038,-4.1394,327.23,29.973
150261.SZ,20180815,1.04,0.985,1.02,0.985,1.02,-0.02,-1.9231,6.0,0.594
150262.SZ,20180815,0.828,0.804,0.814,0.79,0.814,-0.014,-1.6908,962.0,76.77
150265.SZ,20180815,1.043,1.031,1.031,1.031,1.031,-0.012,-1.1505,525.0,54.127
150266.SZ,20180815,0.929,0.905,0.91,0.878,0.896,-0.033,-3.5522,158.84,14.284
150268.SZ,20180815,0.87,0.94,0.94,0.806,0.844,-0.026,-2.9885,74.0,5.997
150269.SZ,20180815,0.961,0.961,0.964,0.96,0.964,0.003,0.3122,8545.82,821.633
150270.SZ,20180815,1.234,1.236,1.236,1.171,1.172,-0.062,-5.0243,22270.17,2657.748
150272.SZ,20180815,1.1,1.1,1.1,1.1,1.1,0.0,0.0,45.0,4.95
150273.SZ,20180815,0.947,0.948,0.948,0.948,0.948,0.001,0.1056,2.7,0.255
150274.SZ,20180815,1.121,1.106,1.115,1.083,1.115,-0.006,-0.5352,51.28,5.66
150275.SZ,20180815,0.912,0.943,0.943,0.938,0.94,0.028,3.0702,777.0,73.088
150276.SZ,20180815,1.124,1.116,1.137,1.083,1.094,-0.03,-2.669,2460.04,273.053
150277.SZ,20180815,0.957,0.959,0.96,0.959,0.96,0.003,0.3135,5618.0,539.266
150278.SZ,20180815,0.81,0.81,0.82,0.78,0.78,-0.03,-3.7037,475.14,37.877
150281.SZ,20180815,0.981,0.985,0.985,0.985,0.985,0.004,0.4077,10.0,0.985
150283.SZ,20180815,0.939,0.936,0.94,0.936,0.94,0.001,0.1065,298.02,27.975
150284.SZ,20180815,1.068,0.961,0.961,0.961,0.961,-0.107,-10.0187,151.0,14.511
150287.SZ,20180815,0.987,0.987,0.989,0.987,0.989,0.002,0.2026,62932.76,6217.431
150288.SZ,20180815,0.66,0.657,0.662,0.616,0.622,-0.038,-5.7576,110857.15,7074.02
150289.SZ,20180815,0.962,0.963,0.963,0.962,0.963,0.001,0.104,146697.0,14126.89
150290.SZ,20180815,0.918,0.914,0.918,0.869,0.871,-0.047,-5.1198,102283.76,9069.066
150291.SZ,20180815,0.987,0.987,0.989,0.987,0.988,0.001,0.1013,2057.0,203.21
150292.SZ,20180815,0.652,0.645,0.645,0.608,0.61,-0.042,-6.4417,238.0,15.219
150295.SZ,20180815,0.98,0.981,0.981,0.981,0.981,0.001,0.102,4062.0,398.482
150296.SZ,20180815,0.736,0.756,0.756,0.736,0.736,0.0,0.0,104.0,7.744
150297.SZ,20180815,0.953,0.951,0.954,0.951,0.954,0.001,0.1049,1313.66,125.231
150299.SZ,20180815,0.988,0.988,0.989,0.987,0.989,0.001,0.1012,73824.0,7298.912
150300.SZ,20180815,0.589,0.591,0.591,0.56,0.56,-0.029,-4.9236,15976.0,916.074
150301.SZ,20180815,0.986,0.987,0.994,0.987,0.994,0.008,0.8114,20646.21,2044.273
150302.SZ,20180815,0.417,0.385,0.385,0.375,0.378,-0.039,-9.3525,2780.81,105.141
150303.SZ,20180815,0.956,0.956,0.958,0.956,0.956,0.0,0.0,37913.91,3628.062
150304.SZ,20180815,1.12,1.124,1.125,1.045,1.058,-0.062,-5.5357,124315.29,13421.762
150306.SZ,20180815,0.356,0.328,0.34,0.32,0.34,-0.016,-4.4944,765.0,24.961
150307.SZ,20180815,0.976,0.976,0.976,0.976,0.976,0.0,0.0,169.0,16.494
150308.SZ,20180815,0.46,0.423,0.423,0.423,0.423,-0.037,-8.0435,39.0,1.649
150310.SZ,20180815,0.459,0.446,0.446,0.415,0.439,-0.02,-4.3573,949.0,40.902
150311.SZ,20180815,0.985,0.983,0.987,0.983,0.986,0.001,0.1015,648.0,63.849
150312.SZ,20180815,0.421,0.459,0.459,0.448,0.448,0.027,6.4133,12.0,0.538
150316.SZ,20180815,0.4,0.382,0.382,0.365,0.371,-0.029,-7.25,3012.03,112.37
150321.SZ,20180815,1.043,1.042,1.042,1.041,1.041,-0.002,-0.1918,1039.58,108.322
150322.SZ,20180815,0.88,0.876,0.876,0.84,0.84,-0.04,-4.5455,140.0,11.984
150325.SZ,20180815,0.986,0.985,0.99,0.985,0.989,0.003,0.3043,5354.59,529.57
150326.SZ,20180815,0.399,0.417,0.417,0.417,0.417,0.018,4.5113,60.13,2.507
150329.SZ,20180815,0.961,0.961,0.962,0.96,0.962,0.001,0.1041,617.0,59.298
150330.SZ,20180815,1.241,1.233,1.233,1.187,1.188,-0.053,-4.2707,3824.45,462.162
150335.SZ,20180815,0.988,0.989,0.989,0.989,0.989,0.001,0.1012,1027.32,101.601
150336.SZ,20180815,0.677,0.679,0.679,0.609,0.66,-0.017,-2.5111,2406.49,148.585
150343.SZ,20180815,0.99,0.993,0.993,0.993,0.993,0.003,0.303,723.0,71.793
150344.SZ,20180815,0.411,0.371,0.371,0.371,0.371,-0.04,-9.7324,8.0,0.296
159001.SZ,20180815,100.0,100.0,100.001,99.999,100.0,0.0,0.0,136147.49,1361474.16
159003.SZ,20180815,100.0,100.0,100.001,99.999,100.001,0.001,0.001,6591.4,65913.85
159005.SZ,20180815,100.001,100.0,100.001,99.999,100.0,-0.001,-0.001,367524.0,3675240.169
159901.SZ,20180815,3.969,3.965,3.966,3.865,3.876,-0.093,-2.3432,174426.45,67866.038
159902.SZ,20180815,2.922,2.922,2.925,2.853,2.858,-0.064,-2.1903,46091.08,13273.178
159903.SZ,20180815,0.95,0.94,0.946,0.923,0.925,-0.025,-2.6316,12167.36,1132.649
159905.SZ,20180815,1.38,1.38,1.38,1.355,1.357,-0.023,-1.6667,17119.0,2341.858
159907.SZ,20180815,1.189,1.18,1.183,1.15,1.165,-0.024,-2.0185,2835.0,329.022
159908.SZ,20180815,1.548,1.54,1.61,1.54,1.61,0.062,4.0052,63.01,10.055
159909.SZ,20180815,4.198,4.151,4.151,4.107,4.107,-0.091,-2.1677,122.0,50.362
159910.SZ,20180815,1.495,1.492,1.493,1.463,1.464,-0.031,-2.0736,3376.0,497.43
159912.SZ,20180815,1.163,1.176,1.176,1.121,1.15,-0.013,-1.1178,778.0,88.982
159913.SZ,20180815,1.539,1.53,1.53,1.52,1.52,-0.019,-1.2346,2.0,0.305
159915.SZ,20180815,1.446,1.445,1.446,1.403,1.409,-0.037,-2.5588,7090614.17,1007923.53
159916.SZ,20180815,3.198,3.198,3.22,3.16,3.19,-0.008,-0.2502,239.0,76.361
159918.SZ,20180815,1.402,1.384,1.402,1.384,1.385,-0.017,-1.2126,119.0,16.608
159919.SZ,20180815,3.735,3.734,3.735,3.64,3.643,-0.092,-2.4632,131347.79,48324.95
159920.SZ,20180815,1.471,1.471,1.472,1.45,1.454,-0.017,-1.1557,1458517.77,212676.647
159922.SZ,20180815,5.22,5.131,5.219,5.12,5.208,-0.012,-0.2299,4271.0,2193.558
159923.SZ,20180815,1.431,1.43,1.435,1.409,1.43,-0.001,-0.0699,5164.0,738.53
159925.SZ,20180815,1.436,1.42,1.434,1.4,1.408,-0.028,-1.9499,1523.35,213.9
159928.SZ,20180815,2.078,2.08,2.081,2.013,2.02,-0.058,-2.7911,21697.0,4405.537
159929.SZ,20180815,1.56,1.55,1.557,1.505,1.513,-0.047,-3.0128,21382.0,3268.628
159930.SZ,20180815,0.745,0.748,0.748,0.73,0.732,-0.013,-1.745,987.0,72.778
159931.SZ,20180815,1.499,1.508,1.508,1.452,1.454,-0.045,-3.002,391.0,57.194
159932.SZ,20180815,1.413,1.383,1.385,1.383,1.385,-0.028,-1.9816,14.0,1.938
159933.SZ,20180815,1.668,1.668,1.668,1.668,1.668,0.0,0.0,38.0,6.338
159934.SZ,20180815,2.625,2.627,2.627,2.622,2.623,-0.002,-0.0762,69350.96,18199.626
159935.SZ,20180815,1.349,1.342,1.359,1.329,1.333,-0.016,-1.1861,190.0,25.717
159936.SZ,20180815,1.271,1.263,1.291,1.256,1.291,0.02,1.5736,31.01,3.913
159937.SZ,20180815,2.645,2.645,2.649,2.639,2.64,-0.005,-0.189,262090.0,69210.411
159938.SZ,20180815,1.309,1.313,1.313,1.269,1.271,-0.038,-2.903,96173.0,12307.503
159939.SZ,20180815,0.91,0.914,0.914,0.891,0.896,-0.014,-1.5385,21781.0,1961.537
159940.SZ,20180815,0.8,0.798,0.801,0.792,0.799,-0.001,-0.125,432.0,34.411
159941.SZ,20180815,1.675,1.69,1.703,1.683,1.692,0.017,1.0149,11266.0,1911.731
159943.SZ,20180815,9.317,9.305,9.305,9.2,9.2,-0.117,-1.2558,138.0,127.931
159944.SZ,20180815,0.774,0.761,0.778,0.761,0.775,0.001,0.1292,120.0,9.236
159945.SZ,20180815,0.686,0.686,0.686,0.675,0.675,-0.011,-1.6035,1007.0,68.204
159946.SZ,20180815,1.133,1.144,1.144,1.083,1.135,0.002,0.1765,44.0,5.005
159948.SZ,20180815,1.584,1.588,1.588,1.536,1.541,-0.043,-2.7146,18051.0,2809.418
159949.SZ,20180815,0.556,0.557,0.557,0.536,0.539,-0.017,-3.0576,10187526.78,554699.948
159950.SZ,20180815,0.956,0.895,1.052,0.895,0.9,-0.056,-5.8577,40.0,3.754
159951.SZ,20180815,0.806,0.796,0.796,0.793,0.793,-0.013,-1.6129,11.0,0.872
159952.SZ,20180815,0.871,0.871,0.876,0.846,0.85,-0.021,-2.411,413099.15,35374.06
159953.SZ,20180815,0.731,0.719,0.72,0.705,0.719,-0.012,-1.6416,159.0,11.305
159954.SZ,20180815,0.967,0.967,0.967,0.952,0.953,-0.014,-1.4478,21317.08,2042.349
159955.SZ,20180815,0.825,0.816,0.83,0.798,0.803,-0.022,-2.6667,10109.0,819.748
159956.SZ,20180815,0.848,0.853,0.853,0.826,0.834,-0.014,-1.6509,2279.0,190.516
159957.SZ,20180815,0.884,0.886,0.886,0.856,0.868,-0.016,-1.81,24081.0,2086.761
159958.SZ,20180815,0.878,0.876,0.876,0.851,0.854,-0.024,-2.7335,25977.0,2234.763
160105.SZ,20180815,0.956,0.955,0.959,0.955,0.955,-0.001,-0.1046,331.6,31.668
160106.SZ,20180815,1.059,1.053,1.053,1.03,1.049,-0.01,-0.9443,886.83,92.538
160119.SZ,20180815,1.26,1.26,1.26,1.241,1.245,-0.015,-1.1905,6547.0,815.976
160125.SZ,20180815,1.029,1.012,1.045,1.001,1.015,-0.014,-1.3605,152.0,15.385
160128.SZ,20180815,0.99,0.99,0.99,0.99,0.99,0.0,0.0,139.0,13.761
160133.SZ,20180815,2.136,2.1,2.1,2.093,2.093,-0.043,-2.0131,96.0,20.106
160140.SZ,20180815,1.058,1.058,1.088,1.052,1.08,0.022,2.0794,1075.6,115.742
160211.SZ,20180815,2.039,2.015,2.015,1.978,1.981,-0.058,-2.8445,1911.0,380.899
160212.SZ,20180815,2.027,2.023,2.024,1.963,1.968,-0.059,-2.9107,4025.0,797.65
160215.SZ,20180815,1.36,1.349,1.353,1.33,1.33,-0.03,-2.2059,737.0,99.001
160216.SZ,20180815,0.545,0.544,0.545,0.541,0.542,-0.003,-0.5505,41436.0,2247.637
160223.SZ,20180815,0.72,0.715,0.715,0.703,0.706,-0.014,-1.9444,818.0,57.803
160225.SZ,20180815,0.821,0.825,0.825,0.807,0.811,-0.01,-1.218,1238.0,100.642
160311.SZ,20180815,1.389,1.362,1.382,1.36,1.38,-0.009,-0.6479,1109.96,151.239
160314.SZ,20180815,0.916,0.906,0.909,0.886,0.886,-0.03,-3.2751,1041.0,93.14
160322.SZ,20180815,1.15,1.112,1.12,1.106,1.106,-0.044,-3.8261,447.0,49.567
160416.SZ,20180815,1.094,1.095,1.095,1.09,1.091,-0.003,-0.2742,2628.78,287.293
160421.SZ,20180815,0.862,0.839,0.856,0.834,0.834,-0.028,-3.2483,3703.0,311.376
160505.SZ,20180815,1.471,1.471,1.471,1.44,1.441,-0.03,-2.0394,21648.0,3142.948
160512.SZ,20180815,1.526,1.535,1.535,1.505,1.505,-0.021,-1.3761,23.21,3.532
160515.SZ,20180815,1.01,1.009,1.011,1.008,1.01,0.0,0.0,470.0,47.416
160518.SZ,20180815,0.92,0.924,0.924,0.91,0.911,-0.009,-0.9783,3320.1,304.398
160519.SZ,20180815,0.841,0.83,0.83,0.83,0.83,-0.011,-1.308,17.0,1.411
160520.SZ,20180815,0.932,0.928,0.928,0.928,0.928,-0.004,-0.4292,1.0,0.092
160607.SZ,20180815,0.677,0.673,0.676,0.663,0.666,-0.011,-1.6248,3393.87,227.368
160610.SZ,20180815,0.879,0.879,0.879,0.866,0.879,0.0,0.0,116.0,10.07
160611.SZ,20180815,0.702,0.691,0.691,0.686,0.686,-0.016,-2.2792,40.0,2.745
160613.SZ,20180815,1.13,1.126,1.126,1.126,1.126,-0.004,-0.354,1.0,0.112
160615.SZ,20180815,1.396,1.386,1.386,1.376,1.38,-0.016,-1.1461,22.01,3.042
160616.SZ,20180815,1.105,1.085,1.085,1.08,1.08,-0.025,-2.2624,163.33,17.651
160635.SZ,20180815,1.058,1.056,1.057,1.041,1.043,-0.015,-1.4178,477.0,50.354
160643.SZ,20180815,0.756,0.759,0.759,0.745,0.745,-0.011,-1.455,801.16,59.687
160706.SZ,20180815,0.971,0.97,0.972,0.956,0.957,-0.014,-1.4418,25136.07,2420.022
160716.SZ,20180815,1.431,1.429,1.432,1.408,1.417,-0.014,-0.9783,1356.02,191.861
160717.SZ,20180815,0.802,0.807,0.807,0.79,0.792,-0.01,-1.2469,3349.0,266.255
160719.SZ,20180815,0.678,0.678,0.678,0.676,0.677,-0.001,-0.1475,704.0,47.659
160722.SZ,20180815,0.942,0.973,0.973,0.943,0.943,0.001,0.1062,295.06,27.827
160723.SZ,20180815,1.326,1.29,1.328,1.29,1.304,-0.022,-1.6591,229.0,30.048
160805.SZ,20180815,0.728,0.726,0.726,0.725,0.725,-0.003,-0.4121,165.82,12.022
160806.SZ,20180815,1.226,1.223,1.223,1.205,1.205,-0.021,-1.7129,50.76,6.155
160807.SZ,20180815,1.108,1.113,1.113,1.113,1.113,0.005,0.4513,1.0,0.111
160812.SZ,20180815,1.362,1.354,1.363,1.354,1.363,0.001,0.0734,4285.31,582.865
160813.SZ,20180815,0.725,0.721,0.724,0.72,0.72,-0.005,-0.6897,136.0,9.812
160910.SZ,20180815,0.931,0.93,0.935,0.93,0.935,0.004,0.4296,4.0,0.373
160916.SZ,20180815,2.575,2.549,2.56,2.53,2.539,-0.036,-1.3981,655.62,166.781
160918.SZ,20180815,1.912,1.871,1.871,1.871,1.871,-0.041,-2.1444,1.0,0.187
160919.SZ,20180815,1.095,1.079,1.079,1.07,1.07,-0.025,-2.2831,118.09,12.64
160921.SZ,20180815,0.826,0.822,0.825,0.818,0.818,-0.008,-0.9685,2659.03,218.387
160922.SZ,20180815,1.051,1.109,1.109,1.04,1.04,-0.011,-1.0466,308.0,32.094
161005.SZ,20180815,1.849,1.849,1.849,1.816,1.826,-0.023,-1.2439,6769.0,1239.636
161010.SZ,20180815,1.045,1.048,1.048,1.047,1.047,0.002,0.1914,810.0,84.837
161014.SZ,20180815,1.09,1.08,1.08,1.08,1.08,-0.01,-0.9174,50.0,5.4
161017.SZ,20180815,1.936,1.943,1.953,1.9,1.906,-0.03,-1.5496,2690.24,516.319
161019.SZ,20180815,0.945,0.94,0.94,0.938,0.939,-0.006,-0.6349,1537.0,144.339
161033.SZ,20180815,0.799,0.804,0.804,0.78,0.781,-0.018,-2.2528,627.0,49.118
161035.SZ,20180815,1.009,1.008,1.008,0.98,0.98,-0.029,-2.8741,169.0,16.619
161037.SZ,20180815,0.931,0.945,0.945,0.921,0.924,-0.007,-0.7519,122.0,11.287
161038.SZ,20180815,0.848,0.853,0.853,0.852,0.852,0.004,0.4717,8.0,0.681
161039.SZ,20180815,0.976,0.973,0.985,0.973,0.973,-0.003,-0.3074,647.17,63.243
161116.SZ,20180815,0.691,0.685,0.696,0.685,0.689,-0.002,-0.2894,2394.0,164.648
161124.SZ,20180815,1.146,1.13,1.141,1.1,1.1,-0.046,-4.014,806.0,89.926
161125.SZ,20180815,1.225,1.239,1.24,1.227,1.238,0.013,1.0612,3735.77,461.125
161126.SZ,20180815,1.264,1.251,1.274,1.251,1.269,0.005,0.3956,991.88,125.587
161127.SZ,20180815,1.417,1.412,1.427,1.41,1.423,0.006,0.4234,8873.6,1259.102
161128.SZ,20180815,1.449,1.46,1.47,1.454,1.468,0.019,1.3112,1850.01,270.581
161129.SZ,20180815,1.246,1.245,1.245,1.235,1.241,-0.005,-0.4013,859.0,106.393
161130.SZ,20180815,1.262,1.264,1.269,1.26,1.268,0.006,0.4754,1861.0,235.27
161210.SZ,20180815,1.051,1.043,1.044,1.033,1.04,-0.011,-1.0466,179.0,18.602
161213.SZ,20180815,1.423,1.416,1.416,1.393,1.393,-0.03,-2.1082,9.0,1.261
161219.SZ,20180815,1.236,1.18,1.18,1.18,1.18,-0.056,-4.5307,11.0,1.298
161222.SZ,20180815,1.091,1.084,1.084,1.084,1.084,-0.007,-0.6416,1.0,0.108
161224.SZ,20180815,0.878,0.887,0.887,0.887,0.887,0.009,1.0251,1.0,0.088
161225.SZ,20180815,1.048,1.045,1.06,1.007,1.045,-0.003,-0.2863,414.0,43.376
161226.SZ,20180815,0.786,0.784,0.784,0.779,0.779,-0.007,-0.8906,19252.0,1502.089
161227.SZ,20180815,0.848,0.848,0.848,0.828,0.831,-0.017,-2.0047,1986.88,165.392
1612301.SZ,20180815,0.991,0.99,1.019,0.99,1.017,0.026,2.6236,708.0,71.192
161232.SZ,20180815,0.628,0.623,0.623,0.616,0.616,-0.012,-1.9108,1176.75,72.846
161607.SZ,20180815,1.046,1.039,1.039,1.031,1.031,-0.015,-1.434,70.0,7.251
161610.SZ,20180815,0.96,0.96,0.974,0.937,0.938,-0.022,-2.2917,741.55,69.962
161631.SZ,20180815,0.891,0.89,0.89,0.87,0.874,-0.017,-1.908,13800.16,1212.611
161706.SZ,20180815,1.39,1.393,1.409,1.375,1.376,-0.014,-1.0072,1158.45,162.382
161714.SZ,20180815,1.018,1.019,1.019,1.011,1.012,-0.006,-0.5894,81.0,8.197
161715.SZ,20180815,0.855,0.854,0.854,0.846,0.846,-0.009,-1.0526,248.0,21.063
161810.SZ,20180815,1.295,1.296,1.296,1.268,1.294,-0.001,-0.0772,48.02,6.132
161815.SZ,20180815,0.498,0.498,0.5,0.493,0.5,0.002,0.4016,388.0,19.255
161820.SZ,20180815,1.084,1.1,1.1,1.1,1.1,0.016,1.476,9.0,0.99
161831.SZ,20180815,0.978,0.969,0.97,0.964,0.964,-0.014,-1.4315,4425.72,427.955
161834.SZ,20180815,0.717,0.717,0.719,0.714,0.714,-0.003,-0.4184,51250.0,3675.347
161903.SZ,20180815,0.716,0.71,0.71,0.705,0.705,-0.011,-1.5363,7.0,0.495
161907.SZ,20180815,1.497,1.49,1.49,1.477,1.478,-0.019,-1.2692,11.0,1.635
161911.SZ,20180815,1.006,1.007,1.01,1.005,1.007,0.001,0.0994,10199.98,1027.137
162006.SZ,20180815,1.08,1.07,1.07,1.066,1.068,-0.012,-1.1111,111.0,11.858
162207.SZ,20180815,1.186,1.177,1.196,1.175,1.185,-0.001,-0.0843,225.0,26.486
162215.SZ,20180815,0.963,0.97,0.97,0.97,0.97,0.007,0.7269,1.0,0.097
162307.SZ,20180815,1.134,1.14,1.14,1.139,1.139,0.005,0.4409,3.0,0.341
162411.SZ,20180815,0.69,0.69,0.691,0.689,0.69,0.0,0.0,121482.78,8380.15
162415.SZ,20180815,1.47,1.478,1.489,1.44,1.488,0.018,1.2245,14930.32,2209.295
162416.SZ,20180815,1.01,1.001,1.034,1.001,1.008,-0.002,-0.198,60.0,6.063
162510.SZ,20180815,0.852,0.867,0.867,0.851,0.851,-0.001,-0.1174,6.0,0.512
162605.SZ,20180815,1.221,1.219,1.219,1.185,1.189,-0.032,-2.6208,16959.0,2030.76
162607.SZ,20180815,0.449,0.453,0.455,0.444,0.444,-0.005,-1.1136,4021.22,179.184
162703.SZ,20180815,1.292,1.283,1.292,1.266,1.266,-0.026,-2.0124,2069.0,263.085
162711.SZ,20180815,1.09,1.089,1.089,1.07,1.07,-0.02,-1.8349,99.0,10.66
162712.SZ,20180815,1.49,1.48,1.48,1.48,1.48,-0.01,-0.6711,30.0,4.44
162718.SZ,20180815,0.949,0.948,0.948,0.946,0.947,-0.002,-0.2107,3273.76,310.309
162719.SZ,20180815,1.246,1.2,1.232,1.2,1.22,-0.026,-2.0867,158.98,19.192
163001.SZ,20180815,0.928,0.928,0.928,0.906,0.906,-0.022,-2.3707,31.0,2.826
163110.SZ,20180815,1.715,1.697,1.709,1.661,1.671,-0.044,-2.5656,1004.69,168.573
163111.SZ,20180815,0.924,0.922,0.922,0.922,0.922,-0.002,-0.2165,484.91,44.708
163119.SZ,20180815,0.804,0.84,0.84,0.84,0.84,0.036,4.4776,1.0,0.084
163208.SZ,20180815,0.979,0.97,0.97,0.97,0.97,-0.009,-0.9193,100.0,9.7
163210.SZ,20180815,1.083,1.082,1.085,1.082,1.085,0.002,0.1847,5759.54,623.824
163302.SZ,20180815,1.122,1.102,1.117,1.096,1.096,-0.026,-2.3173,262.0,28.872
163402.SZ,20180815,0.843,0.843,0.844,0.828,0.83,-0.013,-1.5421,39855.41,3320.763
163407.SZ,20180815,1.642,1.637,1.643,1.611,1.624,-0.018,-1.0962,715.0,116.218
163409.SZ,20180815,1.337,1.326,1.326,1.303,1.303,-0.034,-2.543,87.0,11.401
163412.SZ,20180815,2.978,2.961,2.976,2.906,2.91,-0.068,-2.2834,7002.0,2056.435
163415.SZ,20180815,1.478,1.471,1.476,1.449,1.449,-0.029,-1.9621,1763.0,257.836
163417.SZ,20180815,0.841,0.841,0.841,0.83,0.831,-0.01,-1.1891,206600.8,17276.865
163503.SZ,20180815,0.435,0.435,0.439,0.432,0.432,-0.003,-0.6897,1588.0,68.861
163801.SZ,20180815,1.27,1.27,1.27,1.256,1.256,-0.014,-1.1024,104.0,13.065
163824.SZ,20180815,1.039,1.038,1.039,1.037,1.039,0.0,0.0,11230.71,1165.758
163827.SZ,20180815,0.996,0.968,0.968,0.968,0.968,-0.028,-2.8112,1.0,0.096
164210.SZ,20180815,1.035,1.031,1.031,1.031,1.031,-0.004,-0.3865,1.0,0.103
164302.SZ,20180815,0.962,0.97,0.97,0.97,0.97,0.008,0.8316,1.0,0.097
164701.SZ,20180815,0.579,0.583,0.583,0.578,0.581,0.002,0.3454,35.0,2.033
164703.SZ,20180815,0.85,0.84,0.865,0.84,0.841,-0.009,-1.0588,31.32,2.651
164705.SZ,20180815,1.197,1.173,1.174,1.172,1.172,-0.025,-2.0886,153.0,17.943
164808.SZ,20180815,1.029,1.028,1.028,1.028,1.028,-0.001,-0.0972,30.0,3.084
164824.SZ,20180815,0.99,0.99,0.99,0.975,0.981,-0.009,-0.9091,10520.38,1031.468
164906.SZ,20180815,1.344,1.319,1.319,1.302,1.305,-0.039,-2.9018,7284.0,952.798
165309.SZ,20180815,1.075,1.055,1.059,1.042,1.059,-0.016,-1.4884,223.0,23.243
165313.SZ,20180815,1.22,1.217,1.219,1.206,1.206,-0.014,-1.1475,1006.0,122.616
165510.SZ,20180815,0.766,0.766,0.778,0.747,0.767,0.001,0.1305,2589.0,196.905
165513.SZ,20180815,0.474,0.473,0.474,0.472,0.472,-0.002,-0.4219,1818.0,85.984
165517.SZ,20180815,0.783,0.783,0.783,0.783,0.783,0.0,0.0,4.0,0.313
165525.SZ,20180815,0.87,0.878,0.88,0.866,0.866,-0.004,-0.4598,4375.84,382.842
165528.SZ,20180815,0.848,0.848,0.848,0.848,0.848,0.0,0.0,373.0,31.63
166001.SZ,20180815,0.982,0.98,0.98,0.955,0.958,-0.024,-2.444,3234.0,310.594
166006.SZ,20180815,1.011,1.006,1.006,0.993,0.993,-0.018,-1.7804,622.0,62.232
166007.SZ,20180815,1.238,1.223,1.223,1.222,1.222,-0.016,-1.2924,3.0,0.366
166009.SZ,20180815,1.451,1.446,1.446,1.438,1.438,-0.013,-0.8959,85.0,12.228
166012.SZ,20180815,1.052,1.057,1.057,1.057,1.057,0.005,0.4753,1.0,0.105
166023.SZ,20180815,0.83,0.826,0.826,0.826,0.826,-0.004,-0.4819,2.0,0.165
166024.SZ,20180815,0.91,0.91,0.91,0.901,0.904,-0.006,-0.6593,9407.32,851.27
166105.SZ,20180815,0.952,0.946,0.946,0.946,0.946,-0.006,-0.6303,10.0,0.946
166402.SZ,20180815,1.049,1.006,1.006,1.006,1.006,-0.043,-4.0991,400.03,40.243
166902.SZ,20180815,1.02,1.011,1.011,1.011,1.011,-0.009,-0.8824,20.0,2.022
166904.SZ,20180815,1.12,1.045,1.095,1.042,1.043,-0.077,-6.875,183.99,19.296
167001.SZ,20180815,0.666,0.656,0.665,0.656,0.665,-0.001,-0.1502,130.0,8.635
167501.SZ,20180815,1.178,1.178,1.178,1.178,1.178,0.0,0.0,838.55,98.781
168101.SZ,20180815,0.848,0.848,0.848,0.833,0.834,-0.014,-1.6509,16879.0,1413.929
168102.SZ,20180815,0.742,0.737,0.737,0.733,0.734,-0.008,-1.0782,16295.0,1198.947
168103.SZ,20180815,0.701,0.7,0.701,0.691,0.692,-0.009,-1.2839,28881.44,2007.483
168105.SZ,20180815,0.716,0.716,0.716,0.71,0.71,-0.006,-0.838,10298.0,733.504
168401.SZ,20180815,0.946,0.946,0.946,0.946,0.946,0.0,0.0,21.0,1.986
169101.SZ,20180815,1.374,1.371,1.373,1.344,1.345,-0.029,-2.1106,51231.98,6933.351
169102.SZ,20180815,1.251,1.235,1.243,1.228,1.237,-0.014,-1.1191,754.0,93.06
169103.SZ,20180815,1.27,1.256,1.276,1.24,1.24,-0.03,-2.3622,2774.0,347.506
169104.SZ,20180815,1.265,1.269,1.269,1.23,1.243,-0.022,-1.7391,608.0,76.028
169105.SZ,20180815,1.323,1.323,1.323,1.296,1.296,-0.027,-2.0408,27431.0,3581.939
169106.SZ,20180815,0.934,0.933,0.933,0.927,0.928,-0.006,-0.6424,3558.31,330.79
184801.SZ,20180815,88.278,88.283,88.596,88.281,88.282,0.004,0.0045,456.0,4025.826
501000.SH,20180815,1.038,1.038,1.038,0.953,0.985,-0.053,-5.106,188.0,19.074
501001.SH,20180815,1.031,1.051,1.051,1.025,1.027,-0.004,-0.388,1489.0,155.154
501002.SH,20180815,0.661,0.637,0.638,0.616,0.623,-0.038,-5.7489,230.0,14.311
501005.SH,20180815,0.873,0.87,0.87,0.85,0.854,-0.019,-2.1764,4147.35,354.419
501007.SH,20180815,0.931,0.912,0.931,0.912,0.931,0.0,0.0,106.0,9.669
501008.SH,20180815,0.953,0.895,0.895,0.895,0.895,-0.058,-6.086,1.0,0.09
501009.SH,20180815,1.124,1.101,1.117,1.072,1.072,-0.052,-4.6263,627.0,68.034
501010.SH,20180815,1.104,1.11,1.11,1.08,1.08,-0.024,-2.1739,524.0,56.619
501011.SH,20180815,0.935,0.95,0.95,0.936,0.945,0.01,1.0695,263.0,24.901
501012.SH,20180815,0.92,0.914,0.919,0.908,0.908,-0.012,-1.3043,23.0,2.109
501015.SH,20180815,0.831,0.826,0.826,0.81,0.813,-0.018,-2.1661,1701.0,138.707
501016.SH,20180815,0.738,0.728,0.728,0.724,0.724,-0.014,-1.897,395.0,28.721
501017.SH,20180815,0.815,0.812,0.814,0.808,0.808,-0.007,-0.8589,556.0,45.149
501018.SH,20180815,1.237,1.232,1.25,1.224,1.227,-0.01,-0.8084,6372.0,783.721
501019.SH,20180815,0.68,0.683,0.683,0.67,0.67,-0.01,-1.4706,5475.82,370.14
501021.SH,20180815,1.389,1.394,1.395,1.346,1.35,-0.039,-2.8078,13648.0,1863.542
501022.SH,20180815,0.765,0.778,0.778,0.758,0.761,-0.004,-0.5229,2946.0,223.982
501023.SH,20180815,1.122,1.101,1.106,1.074,1.106,-0.016,-1.426,85.0,9.396
501025.SH,20180815,1.123,1.11,1.125,1.11,1.125,0.002,0.1781,6.0,0.674
501026.SH,20180815,0.762,0.758,0.758,0.743,0.756,-0.006,-0.7874,1502.13,112.091
501027.SH,20180815,0.995,0.995,0.995,0.992,0.994,-0.001,-0.1005,882.0,87.709
501028.SH,20180815,0.745,0.719,0.755,0.719,0.73,-0.015,-2.0134,327.49,23.654
501029.SH,20180815,0.937,0.938,0.938,0.921,0.923,-0.014,-1.4941,120713.57,11217.381
501030.SH,20180815,0.632,0.63,0.63,0.63,0.63,-0.002,-0.3165,1.0,0.063
501035.SH,20180815,0.937,0.93,0.935,0.93,0.93,-0.007,-0.7471,380.0,35.342
501036.SH,20180815,0.799,0.784,0.796,0.781,0.782,-0.017,-2.1277,116.0,9.079
501037.SH,20180815,0.789,0.785,0.785,0.773,0.773,-0.016,-2.0279,665.0,51.488
501038.SH,20180815,0.96,0.956,0.956,0.931,0.945,-0.015,-1.5625,36149.89,3427.185
501039.SH,20180815,0.979,0.973,0.973,0.973,0.973,-0.006,-0.6129,895.22,87.105
501040.SH,20180815,0.978,0.977,0.977,0.973,0.973,-0.005,-0.5112,921.0,89.701
501043.SH,20180815,0.918,0.903,0.915,0.903,0.904,-0.014,-1.5251,530.86,47.993
501045.SH,20180815,0.925,0.885,0.896,0.884,0.885,-0.04,-4.3243,178.0,15.774
501046.SH,20180815,0.822,0.827,0.827,0.81,0.81,-0.012,-1.4599,758.72,61.521
501047.SH,20180815,0.716,0.717,0.717,0.711,0.711,-0.005,-0.6983,414.0,29.6
501048.SH,20180815,0.797,0.792,0.792,0.717,0.717,-0.08,-10.0376,38.0,2.86
501049.SH,20180815,0.953,0.943,0.952,0.942,0.946,-0.007,-0.7345,4056.69,383.483
501050.SH,20180815,1.121,1.128,1.128,1.101,1.103,-0.018,-1.6057,24262.1,2688.134
501051.SH,20180815,0.859,0.859,0.859,0.853,0.855,-0.004,-0.4657,452.0,38.754
501057.SH,20180815,0.889,0.882,0.898,0.881,0.898,0.009,1.0124,710.0,62.576
501058.SH,20180815,0.887,0.883,0.896,0.883,0.885,-0.002,-0.2255,53.0,4.711
501106.SH,20180815,1.036,1.03,1.045,1.03,1.045,0.009,0.8687,12.96,1.351
501300.SH,20180815,0.994,0.997,1.011,0.996,1.003,0.009,0.9054,26541.0,2665.183
501301.SH,20180815,1.146,1.142,1.142,1.129,1.13,-0.016,-1.3962,250.0,28.377
501302.SH,20180815,1.044,1.087,1.087,1.087,1.087,0.043,4.1188,1.0,0.109
501305.SH,20180815,0.938,0.923,0.923,0.919,0.919,-0.019,-2.0256,211.0,19.411
501306.SH,20180815,0.93,0.911,0.911,0.893,0.893,-0.037,-3.9785,10.0,0.909
501307.SH,20180815,0.908,0.926,0.926,0.926,0.926,0.018,1.9824,5.0,0.463
502000.SH,20180815,0.839,0.826,0.826,0.826,0.826,-0.013,-1.5495,1.08,0.089
502001.SH,20180815,0.975,0.985,0.985,0.985,0.985,0.01,1.0256,3.0,0.296
502002.SH,20180815,0.713,0.67,0.67,0.67,0.67,-0.043,-6.0309,20.0,1.34
502003.SH,20180815,0.706,0.709,0.709,0.694,0.694,-0.012,-1.6997,2851.8,198.61
502004.SH,20180815,0.949,0.948,0.948,0.948,0.948,-0.001,-0.1054,3334.5,316.111
502005.SH,20180815,0.457,0.465,0.465,0.441,0.445,-0.012,-2.6258,9771.0,438.865
502006.SH,20180815,0.913,0.92,0.92,0.9,0.9,-0.013,-1.4239,1001.43,90.819
502007.SH,20180815,0.939,0.94,0.941,0.94,0.94,0.001,0.1065,605.0,56.925
502008.SH,20180815,0.886,0.878,0.88,0.845,0.874,-0.012,-1.3544,386.56,33.546
502010.SH,20180815,0.793,0.779,0.779,0.774,0.778,-0.015,-1.8916,123.46,9.587
502011.SH,20180815,0.938,0.937,0.938,0.937,0.938,0.0,0.0,983.0,92.183
502012.SH,20180815,0.635,0.617,0.627,0.609,0.623,-0.012,-1.8898,889.69,54.692
502013.SH,20180815,0.705,0.705,0.705,0.694,0.7,-0.005,-0.7092,2381.94,165.97
502014.SH,20180815,0.986,0.986,0.987,0.986,0.987,0.001,0.1014,14900.59,1469.602
502015.SH,20180815,0.424,0.416,0.424,0.387,0.411,-0.013,-3.066,5217.0,212.748
502020.SH,20180815,0.93,0.901,0.901,0.87,0.9,-0.03,-3.2258,35.66,3.133
502023.SH,20180815,0.961,0.94,0.96,0.93,0.933,-0.028,-2.9136,71.15,6.68
502024.SH,20180815,0.977,0.977,0.977,0.976,0.976,-0.001,-0.1024,397.0,38.787
502025.SH,20180815,0.817,0.899,0.899,0.84,0.851,0.034,4.1616,230.0,20.283
502031.SH,20180815,0.955,0.955,0.957,0.955,0.957,0.002,0.2094,270.0,25.785
502036.SH,20180815,0.799,0.764,0.764,0.764,0.764,-0.035,-4.3805,1.5,0.115
502040.SH,20180815,1.036,1.038,1.038,1.038,1.038,0.002,0.1931,0.64,0.066
502041.SH,20180815,1.011,0.975,1.036,0.975,1.036,0.025,2.4728,3.0,0.304
502042.SH,20180815,1.088,1.06,1.06,0.993,1.0,-0.088,-8.0882,3.0,0.305
502048.SH,20180815,0.831,0.827,0.831,0.819,0.819,-0.012,-1.444,4162.91,341.924
502049.SH,20180815,0.958,0.957,0.96,0.957,0.959,0.001,0.1044,17377.0,1665.498
502050.SH,20180815,0.711,0.708,0.709,0.668,0.668,-0.043,-6.0478,21083.82,1452.707
502053.SH,20180815,0.656,0.658,0.658,0.647,0.647,-0.009,-1.372,646.17,42.165
502054.SH,20180815,0.995,0.995,0.999,0.995,0.999,0.004,0.402,21895.5,2182.669
502055.SH,20180815,0.325,0.325,0.325,0.293,0.293,-0.032,-9.8462,6352.0,190.488
502056.SH,20180815,1.011,0.996,1.046,0.973,0.973,-0.038,-3.7587,286.01,28.477
502057.SH,20180815,1.028,1.0,1.0,1.0,1.0,-0.028,-2.7237,5.0,0.5
502058.SH,20180815,0.982,0.966,0.966,0.96,0.96,-0.022,-2.2403,150.0,14.455
505888.SH,20180815,0.96,0.96,0.96,0.949,0.952,-0.008,-0.8333,387033.06,36892.665
510010.SH,20180815,1.025,1.025,1.028,1.02,1.02,-0.005,-0.4878,72.0,7.391
510020.SH,20180815,2.516,2.505,2.505,2.5,2.5,-0.016,-0.6359,22.0,5.51
510030.SH,20180815,4.564,4.51,4.511,4.51,4.51,-0.054,-1.1832,105.0,47.357
510050.SH,20180815,2.518,2.516,2.516,2.449,2.454,-0.064,-2.5417,5204053.87,1289373.593
510060.SH,20180815,1.687,1.684,1.685,1.652,1.653,-0.034,-2.0154,1739.0,289.123
510090.SH,20180815,1.466,1.461,1.461,1.439,1.442,-0.024,-1.6371,108.0,15.612
510110.SH,20180815,3.141,3.06,3.062,3.06,3.062,-0.079,-2.5151,11.0,3.367
510120.SH,20180815,2.76,2.743,2.743,2.743,2.743,-0.017,-0.6159,1.0,0.274
510130.SH,20180815,3.461,3.467,3.687,3.447,3.447,-0.014,-0.4045,134.95,46.628
510150.SH,20180815,4.655,4.552,4.623,4.499,4.499,-0.156,-3.3512,369.0,167.006
510160.SH,20180815,0.529,0.528,0.528,0.518,0.519,-0.01,-1.8904,5469.0,285.608
510170.SH,20180815,1.668,1.658,1.658,1.658,1.658,-0.01,-0.5995,1.0,0.166
510180.SH,20180815,3.011,3.011,3.023,2.941,2.946,-0.065,-2.1588,97018.0,28824.32
510190.SH,20180815,3.09,3.09,3.09,3.09,3.09,0.0,0.0,51.0,15.759
510210.SH,20180815,3.486,3.481,3.482,3.3,3.32,-0.166,-4.7619,600.0,199.495
510220.SH,20180815,3.702,3.7,3.7,3.7,3.7,-0.002,-0.054,40.77,15.085
510230.SH,20180815,5.412,5.399,5.399,5.287,5.299,-0.113,-2.088,10809.0,5784.12
510260.SH,20180815,1.109,1.098,1.098,1.031,1.096,-0.013,-1.1722,1255.0,129.534
510270.SH,20180815,0.991,0.991,0.993,0.976,0.991,0.0,0.0,276.0,27.341
510280.SH,20180815,1.63,1.585,1.63,1.575,1.627,-0.003,-0.184,259.0,41.278
510290.SH,20180815,1.361,1.359,1.359,1.333,1.333,-0.028,-2.0573,640.0,86.164
510300.SH,20180815,3.434,3.432,3.434,3.345,3.352,-0.082,-2.3879,1514897.0,511733.358
510310.SH,20180815,1.461,1.461,1.461,1.423,1.425,-0.036,-2.4641,144215.0,20739.541
510330.SH,20180815,3.706,3.706,3.709,3.622,3.628,-0.078,-2.1047,101489.0,37140.482
510360.SH,20180815,1.079,1.079,1.079,1.054,1.055,-0.024,-2.2243,101051.0,10779.911
510380.SH,20180815,0.842,0.842,0.842,0.842,0.842,0.0,0.0,10.0,0.842
510390.SH,20180815,3.423,3.421,3.421,3.339,3.344,-0.079,-2.3079,32456.44,10906.004
510410.SH,20180815,0.642,0.642,0.642,0.629,0.635,-0.007,-1.0903,928.0,58.746
510420.SH,20180815,1.272,1.24,1.249,1.2,1.249,-0.023,-1.8082,102.0,12.324
510430.SH,20180815,1.332,1.3,1.3,1.3,1.3,-0.032,-2.4024,1.0,0.13
510440.SH,20180815,1.46,1.456,1.456,1.442,1.453,-0.007,-0.4795,53.0,7.653
510500.SH,20180815,5.344,5.34,5.341,5.226,5.238,-0.106,-1.9835,883912.31,465547.607
510510.SH,20180815,1.415,1.412,1.417,1.387,1.388,-0.027,-1.9081,158757.0,22246.629
510520.SH,20180815,1.329,1.309,1.385,1.309,1.373,0.044,3.3108,337.0,44.129
510560.SH,20180815,1.087,1.065,1.095,1.065,1.095,0.008,0.736,103.0,10.979
510580.SH,20180815,5.11,5.105,5.105,5.03,5.042,-0.068,-1.3307,28.0,14.175
510590.SH,20180815,5.126,5.116,5.117,5.001,5.027,-0.099,-1.9313,58596.98,29639.896
510630.SH,20180815,2.189,2.18,2.18,2.12,2.13,-0.059,-2.6953,2554.0,547.642
510650.SH,20180815,1.578,1.58,1.58,1.545,1.545,-0.033,-2.0913,32.0,4.963
510660.SH,20180815,1.906,1.906,1.906,1.834,1.837,-0.069,-3.6201,7707.0,1425.685
510710.SH,20180815,2.674,2.674,2.674,2.607,2.613,-0.061,-2.2812,7917.0,2078.91
510800.SH,20180815,0.864,0.864,0.864,0.842,0.845,-0.019,-2.1991,31633.0,2693.479
510810.SH,20180815,0.839,0.837,0.837,0.823,0.824,-0.015,-1.7878,635.0,52.675
510880.SH,20180815,2.678,2.68,2.684,2.631,2.632,-0.046,-1.7177,94808.48,25112.794
510900.SH,20180815,1.166,1.166,1.166,1.145,1.147,-0.019,-1.6295,8770384.36,1010828.398
511010.SH,20180815,113.76,113.901,113.901,113.402,113.421,-0.339,-0.298,11542.0,131109.201
511220.SH,20180815,92.7,92.75,93.1,92.623,93.01,0.31,0.3344,2339.0,21736.082
511260.SH,20180815,102.541,102.7,102.887,102.7,102.885,0.344,0.3355,18.1,186.036
511280.SH,20180815,100.0,100.001,100.001,100.0,100.0,0.0,0.0,9.1,91.0
511290.SH,20180815,101.3,101.3,101.3,101.3,101.3,0.0,0.0,0.1,1.013
511310.SH,20180815,102.77,103.06,103.06,102.84,102.881,0.111,0.108,10.0,102.935
511600.SH,20180815,99.998,99.998,99.999,99.997,99.999,0.001,0.001,2083.88,20838.378
511620.SH,20180815,99.993,99.98,99.988,99.98,99.988,-0.005,-0.005,2.02,20.197
511650.SH,20180815,100.004,100.002,100.01,100.0,100.005,0.001,0.001,2504.56,25046.513
511660.SH,20180815,100.013,100.013,100.022,100.011,100.018,0.005,0.005,100363.19,1003782.654
511670.SH,20180815,99.996,99.996,99.997,99.996,99.996,0.0,0.0,958.91,9588.738
511690.SH,20180815,99.999,99.998,100.001,99.997,99.999,0.0,0.0,37773.96,377733.488
511700.SH,20180815,99.998,99.996,100.003,99.996,100.003,0.005,0.005,3100.11,31001.106
511770.SH,20180815,100.005,100.004,100.025,99.991,100.006,0.001,0.001,79.04,790.414
511800.SH,20180815,100.001,99.998,99.999,99.99,99.994,-0.007,-0.007,518.51,5184.907
511810.SH,20180815,100.007,100.007,100.007,100.004,100.006,-0.001,-0.001,76788.46,767925.091
511820.SH,20180815,100.002,100.001,100.002,99.999,100.001,-0.001,-0.001,69819.06,698194.24
511830.SH,20180815,99.995,99.993,99.997,99.993,99.997,0.002,0.002,1094.09,10940.316
511850.SH,20180815,100.021,100.017,100.026,100.016,100.025,0.004,0.004,21954.67,219592.752
511860.SH,20180815,99.997,99.994,100.001,99.994,100.0,0.003,0.003,247.65,2476.466
511880.SH,20180815,102.547,102.558,102.568,102.554,102.565,0.018,0.0176,706676.34,7247731.791
511900.SH,20180815,100.01,100.012,100.019,100.009,100.018,0.008,0.008,9175.33,91764.189
511910.SH,20180815,99.994,99.991,99.999,99.99,99.996,0.002,0.002,54.01,540.075
511920.SH,20180815,100.007,99.996,99.996,99.996,99.996,-0.011,-0.011,0.01,0.1
511960.SH,20180815,100.028,99.991,100.027,99.991,100.0,-0.028,-0.028,29.25,292.505
511980.SH,20180815,99.961,99.992,99.996,99.992,99.996,0.035,0.035,221.02,2210.073
511990.SH,20180815,100.01,100.011,100.014,100.01,100.012,0.002,0.002,932165.78,9322773.747
512000.SH,20180815,0.682,0.683,0.684,0.67,0.671,-0.011,-1.6129,240034.0,16225.698
512010.SH,20180815,1.789,1.785,1.785,1.717,1.721,-0.068,-3.801,204242.0,35671.702
512070.SH,20180815,1.646,1.633,1.645,1.612,1.637,-0.009,-0.5468,1474.0,239.148
512090.SH,20180815,0.913,0.912,0.912,0.891,0.893,-0.02,-2.1906,1124744.0,101433.721
512100.SH,20180815,0.639,0.64,0.64,0.624,0.626,-0.013,-2.0344,13828.0,870.484
512120.SH,20180815,1.565,1.544,1.546,1.513,1.515,-0.05,-3.1949,2992.0,459.442
512160.SH,20180815,0.914,0.915,0.915,0.892,0.894,-0.02,-2.1882,285129.0,25696.576
512180.SH,20180815,0.892,0.892,0.893,0.871,0.873,-0.019,-2.13,1170975.0,103207.302
512200.SH,20180815,0.736,0.736,0.736,0.73,0.732,-0.004,-0.5435,12825.0,941.022
512220.SH,20180815,1.165,1.143,1.164,1.136,1.154,-0.011,-0.9442,96.0,10.921
512280.SH,20180815,0.894,0.894,0.894,0.872,0.874,-0.02,-2.2371,337536.0,29748.23
512300.SH,20180815,1.086,1.088,1.088,1.061,1.062,-0.024,-2.2099,7690.0,821.439
512310.SH,20180815,0.47,0.471,0.472,0.463,0.463,-0.007,-1.4894,493.0,22.952
512330.SH,20180815,0.703,0.701,0.703,0.685,0.688,-0.015,-2.1337,24069.0,1670.397
512340.SH,20180815,0.8,0.798,0.798,0.782,0.782,-0.018,-2.25,2553.0,201.819
512360.SH,20180815,0.94,0.936,0.936,0.919,0.921,-0.019,-2.0213,7110.0,658.349
512390.SH,20180815,0.904,0.903,0.903,0.885,0.885,-0.019,-2.1018,1134.0,100.856
512400.SH,20180815,0.688,0.687,0.687,0.669,0.669,-0.019,-2.7616,11771.0,792.583
512500.SH,20180815,2.492,2.496,2.496,2.436,2.44,-0.052,-2.0867,30253.0,7418.631
512510.SH,20180815,1.061,1.06,1.062,1.039,1.041,-0.02,-1.885,15502.72,1620.331
512520.SH,20180815,0.897,0.899,0.899,0.875,0.878,-0.019,-2.1182,115317.0,10170.171
512550.SH,20180815,0.966,0.969,0.969,0.942,0.946,-0.02,-2.0704,46131.0,4359.955
512560.SH,20180815,0.734,0.735,0.735,0.725,0.725,-0.009,-1.2262,663.0,48.221
512570.SH,20180815,0.684,0.674,0.674,0.666,0.666,-0.018,-2.6316,343.0,22.89
512580.SH,20180815,0.757,0.758,0.758,0.741,0.742,-0.015,-1.9815,89123.0,6658.468
512600.SH,20180815,2.07,2.07,2.092,2.07,2.07,0.0,0.0,187.0,38.733
512610.SH,20180815,1.547,1.52,1.52,1.491,1.491,-0.056,-3.6199,251.0,37.666
512660.SH,20180815,0.687,0.688,0.695,0.675,0.677,-0.01,-1.4556,340790.0,23418.992
512680.SH,20180815,0.672,0.675,0.68,0.651,0.663,-0.009,-1.3393,48836.0,3288.343
512700.SH,20180815,0.941,0.936,0.937,0.924,0.924,-0.017,-1.8066,2086.0,193.739
512780.SH,20180815,0.797,0.797,0.8,0.785,0.785,-0.012,-1.5056,33800.0,2664.362
512800.SH,20180815,0.914,0.913,0.913,0.898,0.898,-0.016,-1.7505,181453.0,16411.258
512810.SH,20180815,0.651,0.651,0.657,0.641,0.643,-0.008,-1.2289,14923.0,972.003
512880.SH,20180815,0.716,0.717,0.718,0.703,0.703,-0.013,-1.8156,709332.0,50335.322
512900.SH,20180815,0.689,0.687,0.688,0.675,0.677,-0.012,-1.7417,17400.0,1183.444
512980.SH,20180815,0.772,0.773,0.773,0.754,0.756,-0.016,-2.0725,37695.0,2861.415
512990.SH,20180815,0.992,0.991,0.991,0.971,0.971,-0.021,-2.1169,60271.0,5899.39
513030.SH,20180815,1.104,1.103,1.104,1.091,1.094,-0.01,-0.9058,19132.0,2095.76
513050.SH,20180815,1.38,1.351,1.356,1.335,1.34,-0.04,-2.8986,281684.0,37874.996
513100.SH,20180815,2.679,2.698,2.72,2.694,2.71,0.031,1.1571,263227.25,71270.326
513500.SH,20180815,1.804,1.811,1.825,1.811,1.825,0.021,1.1641,88580.0,16125.451
513600.SH,20180815,2.547,2.547,2.555,2.542,2.542,-0.005,-0.1963,1802.0,458.282
513660.SH,20180815,2.535,2.528,2.53,2.501,2.509,-0.026,-1.0256,2999.0,753.135
513900.SH,20180815,0.988,0.96,0.961,0.955,0.955,-0.033,-3.3401,5830.0,559.658
518800.SH,20180815,2.623,2.623,2.624,2.618,2.619,-0.004,-0.1525,276038.0,72327.833
518880.SH,20180815,2.641,2.64,2.642,2.636,2.637,-0.004,-0.1515,3896087.0,1028119.148
