ts_code,trade_date,pre_close,open,high,low,close,change,pct_chg,vol,amount
150008.SZ,20181011,0.95,0.978,0.978,0.9,0.9,-0.05,-5.2632,16.0,1.447
150009.SZ,20181011,0.808,0.792,0.792,0.77,0.77,-0.038,-4.703,725.0,56.507
150012.SZ,20181011,1.061,1.058,1.058,1.058,1.058,-0.003,-0.2828,80.0,8.464
150013.SZ,20181011,1.258,1.222,1.222,1.15,1.186,-0.072,-5.7234,676.0,78.457
150016.SZ,20181011,1.016,1.002,1.002,1.002,1.002,-0.014,-1.378,105.0,10.521
150017.SZ,20181011,1.176,1.144,1.144,1.07,1.07,-0.106,-9.0136,900.0,96.62
150018.SZ,20181011,0.964,0.964,0.97,0.964,0.969,0.005,0.5187,802589.01,77585.714
150019.SZ,20181011,0.622,0.574,0.588,0.56,0.56,-0.062,-9.9678,1579674.0,90353.48
150022.SZ,20181011,0.727,0.72,0.72,0.69,0.691,-0.036,-4.9519,760902.66,53395.999
150023.SZ,20181011,0.154,0.149,0.15,0.139,0.139,-0.015,-9.7403,1015639.23,14708.569
150028.SZ,20181011,0.964,0.963,0.966,0.963,0.966,0.002,0.2075,6253.48,603.804
150029.SZ,20181011,0.955,0.893,1.051,0.892,0.892,-0.063,-6.5969,478.05,42.828
150030.SZ,20181011,1.001,1.002,1.002,1.002,1.002,0.001,0.0999,8.22,0.823
150031.SZ,20181011,0.728,0.725,0.733,0.703,0.733,0.005,0.6868,550.33,39.524
150032.SZ,20181011,0.988,0.987,0.988,0.986,0.988,0.0,0.0,201.0,19.833
150047.SZ,20181011,1.014,0.99,0.99,0.99,0.99,-0.024,-2.3669,288.0,28.512
150048.SZ,20181011,0.765,0.701,0.756,0.689,0.72,-0.045,-5.8824,883.0,61.124
150050.SZ,20181011,0.597,0.6,0.6,0.537,0.537,-0.06,-10.0503,940.0,50.819
150051.SZ,20181011,0.964,0.964,0.967,0.963,0.967,0.003,0.3112,16895.34,1629.829
150052.SZ,20181011,0.606,0.57,0.581,0.545,0.545,-0.061,-10.066,67193.25,3757.557
150060.SZ,20181011,0.98,0.94,0.94,0.882,0.92,-0.06,-6.1224,115.0,10.749
150064.SZ,20181011,0.973,0.974,0.974,0.974,0.974,0.001,0.1028,5033.43,490.256
150100.SZ,20181011,0.97,0.971,0.971,0.971,0.971,0.001,0.1031,59.0,5.728
150101.SZ,20181011,1.079,1.04,1.04,0.971,0.971,-0.108,-10.0093,572.0,56.365
150106.SZ,20181011,1.004,1.004,1.005,1.003,1.005,0.001,0.0996,17601.06,1767.365
150107.SZ,20181011,0.562,0.525,0.525,0.506,0.506,-0.056,-9.9644,14769.5,759.161
150117.SZ,20181011,0.966,0.965,0.968,0.965,0.967,0.001,0.1035,26184.2,2530.549
150118.SZ,20181011,0.82,0.802,0.802,0.738,0.738,-0.082,-10.0,26853.11,2041.841
150123.SZ,20181011,1.016,1.016,1.017,1.015,1.017,0.001,0.0984,9369.1,951.914
150124.SZ,20181011,0.604,0.558,0.58,0.544,0.544,-0.06,-9.9338,14256.06,795.956
150130.SZ,20181011,0.996,0.996,1.001,0.996,1.0,0.004,0.4016,314983.39,31467.186
150131.SZ,20181011,0.502,0.459,0.473,0.452,0.452,-0.05,-9.9602,694533.7,31981.789
150135.SZ,20181011,1.02,1.01,1.01,1.01,1.01,-0.01,-0.9804,967.0,97.667
150144.SZ,20181011,0.944,0.852,0.916,0.852,0.853,-0.091,-9.6398,424.34,36.251
150146.SZ,20181011,0.581,0.523,0.523,0.523,0.523,-0.058,-9.9828,100.0,5.23
150149.SZ,20181011,0.605,0.58,0.58,0.545,0.545,-0.06,-9.9174,6007.0,334.199
150150.SZ,20181011,0.982,0.973,0.981,0.973,0.979,-0.003,-0.3055,701.0,68.596
150152.SZ,20181011,0.95,0.949,0.955,0.949,0.954,0.004,0.4211,397726.45,37880.669
150153.SZ,20181011,0.868,0.806,0.82,0.781,0.781,-0.087,-10.023,2380393.48,190576.904
150157.SZ,20181011,0.971,0.97,0.974,0.97,0.974,0.003,0.309,15765.5,1533.954
150158.SZ,20181011,0.832,0.827,0.827,0.756,0.769,-0.063,-7.5721,25225.79,1961.861
150164.SZ,20181011,0.996,0.999,0.999,0.999,0.999,0.003,0.3012,15.0,1.498
150167.SZ,20181011,0.997,0.98,0.996,0.972,0.996,-0.001,-0.1003,423.0,41.456
150169.SZ,20181011,0.962,0.964,0.965,0.963,0.965,0.003,0.3119,7050.94,679.697
150170.SZ,20181011,1.359,1.329,1.329,1.232,1.24,-0.119,-8.7564,1415.53,178.439
150171.SZ,20181011,0.972,0.974,0.983,0.973,0.983,0.011,1.1317,713813.04,69942.624
150172.SZ,20181011,0.432,0.392,0.403,0.389,0.389,-0.043,-9.9537,1085077.23,42675.073
150173.SZ,20181011,0.977,0.95,0.968,0.946,0.968,-0.009,-0.9212,715.0,68.739
150174.SZ,20181011,0.811,0.77,0.77,0.73,0.73,-0.081,-9.9877,741.0,54.361
150175.SZ,20181011,0.974,0.973,0.976,0.973,0.975,0.001,0.1027,258885.71,25235.861
150176.SZ,20181011,0.977,0.928,0.929,0.888,0.901,-0.076,-7.7789,116053.0,10550.064
150177.SZ,20181011,0.963,0.964,0.967,0.964,0.967,0.004,0.4154,9114.09,880.251
150178.SZ,20181011,1.013,0.98,0.989,0.912,0.912,-0.101,-9.9704,1049.0,99.511
150180.SZ,20181011,0.95,0.855,0.855,0.855,0.855,-0.095,-10.0,194.0,16.587
150181.SZ,20181011,0.988,0.992,1.001,0.991,1.0,0.012,1.2146,4522867.47,451804.769
150182.SZ,20181011,0.366,0.329,0.334,0.329,0.329,-0.037,-10.1093,1046701.12,34464.491
150184.SZ,20181011,0.956,0.96,0.96,0.96,0.96,0.004,0.4184,100.0,9.6
150185.SZ,20181011,0.967,0.956,0.956,0.87,0.87,-0.097,-10.031,8677.63,770.091
150186.SZ,20181011,0.938,0.938,0.94,0.938,0.94,0.002,0.2132,10319.66,969.08
150187.SZ,20181011,0.942,0.94,0.94,0.848,0.848,-0.094,-9.9788,3079.27,272.204
150188.SZ,20181011,1.012,1.01,1.012,1.01,1.012,0.0,0.0,10796.55,1091.633
150189.SZ,20181011,0.612,0.595,0.599,0.58,0.599,-0.013,-2.1242,3011.34,176.133
150190.SZ,20181011,0.998,1.002,1.009,1.002,1.008,0.01,1.002,21159.55,2129.611
150193.SZ,20181011,0.703,0.702,0.702,0.633,0.64,-0.063,-8.9616,430.86,28.195
150194.SZ,20181011,0.966,0.966,0.973,0.966,0.972,0.006,0.6211,34830.15,3377.751
150195.SZ,20181011,0.634,0.596,0.596,0.571,0.571,-0.063,-9.9369,31653.78,1820.309
150196.SZ,20181011,0.992,0.991,0.995,0.991,0.994,0.002,0.2016,153608.5,15262.311
150197.SZ,20181011,0.613,0.579,0.58,0.552,0.552,-0.061,-9.9511,124435.0,6976.079
150198.SZ,20181011,1.106,1.074,1.082,1.03,1.03,-0.076,-6.8716,13.0,1.4
150199.SZ,20181011,1.286,1.24,1.26,1.189,1.205,-0.081,-6.2986,8790.0,1069.392
150200.SZ,20181011,0.963,0.962,0.967,0.962,0.966,0.003,0.3115,158302.22,15267.699
150201.SZ,20181011,0.652,0.595,0.615,0.587,0.587,-0.065,-9.9693,739858.46,44278.928
150203.SZ,20181011,0.939,0.94,0.945,0.938,0.944,0.005,0.5325,8138.98,767.843
150204.SZ,20181011,0.745,0.74,0.74,0.671,0.671,-0.074,-9.9329,1116.0,77.053
150205.SZ,20181011,0.974,0.974,0.985,0.974,0.985,0.011,1.1294,310310.14,30347.054
150206.SZ,20181011,0.543,0.504,0.504,0.489,0.489,-0.054,-9.9448,225082.87,11067.402
150209.SZ,20181011,0.967,0.968,0.973,0.968,0.973,0.006,0.6205,66239.18,6428.434
150210.SZ,20181011,0.585,0.561,0.592,0.527,0.527,-0.058,-9.9145,66799.87,3653.651
150211.SZ,20181011,0.949,0.948,0.953,0.948,0.952,0.003,0.3161,90234.03,8568.776
150212.SZ,20181011,0.911,0.846,0.85,0.82,0.82,-0.091,-9.989,29454.85,2457.864
150213.SZ,20181011,0.982,0.988,0.99,0.985,0.99,0.008,0.8147,7528.52,744.766
150214.SZ,20181011,0.473,0.44,0.479,0.426,0.426,-0.047,-9.9366,9271.0,397.546
150215.SZ,20181011,1.053,1.099,1.099,1.02,1.097,0.044,4.1785,976.05,99.92
150216.SZ,20181011,0.542,0.501,0.526,0.488,0.488,-0.054,-9.9631,1688.03,83.397
150217.SZ,20181011,0.943,0.942,0.955,0.941,0.943,0.0,0.0,1375.66,129.602
150218.SZ,20181011,0.874,0.84,0.84,0.787,0.787,-0.087,-9.9542,2117.0,168.761
150220.SZ,20181011,0.542,0.52,0.52,0.488,0.499,-0.043,-7.9336,6113.0,303.403
150221.SZ,20181011,1.045,1.044,1.046,1.044,1.045,0.0,0.0,66392.48,6934.931
150222.SZ,20181011,0.833,0.8,0.805,0.75,0.75,-0.083,-9.964,52906.97,4144.263
150223.SZ,20181011,1.023,1.025,1.029,1.025,1.026,0.003,0.2933,1199244.99,123117.688
150224.SZ,20181011,0.309,0.278,0.278,0.278,0.278,-0.031,-10.0324,148445.0,4126.771
150226.SZ,20181011,0.721,0.65,0.65,0.65,0.65,-0.071,-9.8474,11.0,0.715
150227.SZ,20181011,0.973,0.972,0.978,0.972,0.976,0.003,0.3083,186674.66,18209.328
150228.SZ,20181011,0.815,0.764,0.79,0.739,0.747,-0.068,-8.3436,848839.83,65210.939
150229.SZ,20181011,0.977,0.972,0.975,0.972,0.973,-0.004,-0.4094,218.0,21.219
150230.SZ,20181011,0.654,0.699,0.699,0.62,0.62,-0.034,-5.1988,75.0,4.805
150232.SZ,20181011,0.497,0.45,0.468,0.447,0.447,-0.05,-10.0604,530.0,23.952
150236.SZ,20181011,1.001,0.98,0.98,0.901,0.901,-0.1,-9.99,4264.0,390.07
150242.SZ,20181011,0.979,0.96,0.96,0.9,0.9,-0.079,-8.0695,368.0,35.034
150243.SZ,20181011,0.936,0.934,0.938,0.934,0.938,0.002,0.2137,18575.03,1740.562
150244.SZ,20181011,0.938,0.879,0.893,0.844,0.844,-0.094,-10.0213,17775.03,1526.605
150247.SZ,20181011,0.964,0.964,0.974,0.964,0.968,0.004,0.4149,1877.0,181.631
150248.SZ,20181011,0.753,0.72,0.72,0.678,0.678,-0.075,-9.9602,1437.0,98.673
150249.SZ,20181011,0.966,0.966,0.966,0.966,0.966,0.0,0.0,43.0,4.153
150250.SZ,20181011,0.97,0.91,0.91,0.91,0.91,-0.06,-6.1856,1.0,0.091
150252.SZ,20181011,0.856,0.826,0.857,0.77,0.828,-0.028,-3.271,763.37,59.868
150258.SZ,20181011,1.1,0.99,1.1,0.99,1.1,0.0,0.0,3.0,0.308
150259.SZ,20181011,0.94,0.94,0.944,0.94,0.944,0.004,0.4255,576.32,54.404
150260.SZ,20181011,0.816,0.736,0.736,0.736,0.736,-0.08,-9.8039,48.0,3.532
150261.SZ,20181011,0.993,0.993,0.995,0.993,0.995,0.002,0.2014,2053.82,204.205
150262.SZ,20181011,0.739,0.725,0.725,0.665,0.679,-0.06,-8.1191,2199.0,152.084
150264.SZ,20181011,0.554,0.499,0.499,0.499,0.499,-0.055,-9.9278,1.0,0.049
150265.SZ,20181011,1.039,1.066,1.066,1.0,1.022,-0.017,-1.6362,10.07,1.046
150266.SZ,20181011,0.878,0.858,0.878,0.79,0.79,-0.088,-10.0228,875.62,70.834
150269.SZ,20181011,0.964,0.964,0.968,0.964,0.968,0.004,0.4149,41388.34,3995.815
150270.SZ,20181011,1.123,1.026,1.111,1.02,1.037,-0.086,-7.6581,66435.47,7011.439
150272.SZ,20181011,0.966,0.98,0.98,0.888,0.888,-0.078,-8.0745,70.0,6.676
150274.SZ,20181011,1.125,1.039,1.043,1.039,1.042,-0.083,-7.3778,280.72,29.236
150275.SZ,20181011,0.944,0.943,0.946,0.943,0.946,0.002,0.2119,26877.92,2537.733
150276.SZ,20181011,1.1,1.097,1.098,0.99,0.99,-0.11,-10.0,1456.56,146.399
150277.SZ,20181011,0.95,0.904,0.95,0.904,0.949,-0.001,-0.1053,103.26,9.798
150278.SZ,20181011,0.761,0.78,0.78,0.696,0.696,-0.065,-8.5414,356.12,25.858
150281.SZ,20181011,0.983,0.99,0.991,0.99,0.991,0.008,0.8138,510.0,50.536
150283.SZ,20181011,0.943,0.941,0.947,0.941,0.947,0.004,0.4242,4399.52,415.957
150284.SZ,20181011,0.72,0.66,0.66,0.648,0.648,-0.072,-10.0,1092.0,70.847
150287.SZ,20181011,0.995,0.995,0.999,0.995,0.999,0.004,0.402,42352.33,4222.84
150288.SZ,20181011,0.498,0.469,0.469,0.448,0.448,-0.05,-10.0402,89362.0,4053.0
150289.SZ,20181011,0.97,0.97,0.973,0.969,0.973,0.003,0.3093,29332.65,2849.138
150290.SZ,20181011,0.921,0.88,0.9,0.833,0.844,-0.077,-8.3605,196333.82,17012.842
150291.SZ,20181011,0.995,0.996,0.997,0.996,0.997,0.002,0.201,3414.0,340.29
150292.SZ,20181011,0.697,0.708,0.708,0.627,0.694,-0.003,-0.4304,119.0,7.563
150295.SZ,20181011,0.989,0.989,0.99,0.989,0.99,0.001,0.1011,1.0,0.098
150299.SZ,20181011,0.995,0.995,0.998,0.995,0.997,0.002,0.201,79699.0,7944.573
150300.SZ,20181011,0.652,0.62,0.631,0.587,0.588,-0.064,-9.816,67310.6,4071.349
150301.SZ,20181011,1.006,1.006,1.015,1.006,1.015,0.009,0.8946,12998.39,1316.825
150302.SZ,20181011,0.378,0.34,0.34,0.34,0.34,-0.038,-10.0529,1317.0,44.778
150303.SZ,20181011,0.959,0.96,0.961,0.96,0.961,0.002,0.2086,58496.0,5621.223
150304.SZ,20181011,0.849,0.799,0.804,0.764,0.764,-0.085,-10.0118,30902.18,2404.117
150306.SZ,20181011,0.971,0.9,0.939,0.874,0.939,-0.032,-3.2956,113.75,10.136
150308.SZ,20181011,1.022,0.92,0.92,0.92,0.92,-0.102,-9.9804,222.0,20.424
150309.SZ,20181011,1.0,0.933,0.936,0.932,0.936,-0.064,-6.4,2460.48,229.831
150310.SZ,20181011,0.998,0.931,1.05,0.931,1.05,0.052,5.2104,741.68,70.467
150311.SZ,20181011,0.947,0.937,0.937,0.933,0.934,-0.013,-1.3728,292.07,27.299
150312.SZ,20181011,1.26,1.134,1.381,1.134,1.381,0.121,9.6032,231.36,26.644
150315.SZ,20181011,0.934,0.934,0.936,0.934,0.936,0.002,0.2141,1523.33,142.453
150316.SZ,20181011,0.99,0.98,0.98,0.895,0.955,-0.035,-3.5354,259.14,24.006
150318.SZ,20181011,0.677,0.609,0.609,0.609,0.609,-0.068,-10.0443,1.0,0.06
150321.SZ,20181011,1.052,1.052,1.053,1.052,1.053,0.001,0.0951,379.0,39.891
150322.SZ,20181011,0.876,0.856,0.856,0.789,0.789,-0.087,-9.9315,849.0,70.163
150325.SZ,20181011,0.997,0.999,1.001,0.999,1.0,0.003,0.3009,10426.52,1042.299
150327.SZ,20181011,0.991,0.997,0.997,0.997,0.997,0.006,0.6054,328.0,32.701
150329.SZ,20181011,0.965,0.966,0.968,0.966,0.968,0.003,0.3109,271.4,26.239
150330.SZ,20181011,1.348,1.299,1.365,1.242,1.242,-0.106,-7.8635,6855.94,882.358
150335.SZ,20181011,0.998,0.997,0.999,0.995,0.999,0.001,0.1002,1082.27,107.959
150336.SZ,20181011,0.66,0.62,0.64,0.6,0.64,-0.02,-3.0303,900.87,55.316
150343.SZ,20181011,1.004,1.008,1.014,1.008,1.014,0.01,0.996,12967.59,1313.658
159001.SZ,20181011,100.0,99.999,100.001,99.999,100.0,0.0,0.0,20244.04,202439.626
159003.SZ,20181011,100.001,99.999,100.0,99.994,99.999,-0.002,-0.002,46428.3,464273.599
159005.SZ,20181011,100.0,99.999,100.0,99.995,99.999,-0.001,-0.001,18003.2,180029.831
159901.SZ,20181011,3.664,3.574,3.574,3.435,3.443,-0.221,-6.0317,400766.8,140933.758
159902.SZ,20181011,2.608,2.512,2.539,2.41,2.43,-0.178,-6.8252,161889.75,40172.393
159903.SZ,20181011,0.878,0.866,0.866,0.823,0.836,-0.042,-4.7836,35094.85,2949.292
159905.SZ,20181011,1.33,1.307,1.31,1.28,1.283,-0.047,-3.5338,28098.0,3637.148
159906.SZ,20181011,0.848,0.855,0.855,0.855,0.855,0.007,0.8255,6.0,0.513
159907.SZ,20181011,1.064,1.048,1.048,0.991,1.0,-0.064,-6.015,3802.0,385.931
159908.SZ,20181011,1.414,1.3,1.518,1.3,1.33,-0.084,-5.9406,123.0,16.131
159909.SZ,20181011,3.592,3.5,3.5,3.332,3.332,-0.26,-7.2383,769.0,262.08
159910.SZ,20181011,1.437,1.419,1.419,1.35,1.357,-0.08,-5.5672,12224.0,1681.197
159911.SZ,20181011,3.173,3.12,3.12,3.058,3.119,-0.054,-1.7019,4.0,1.235
159912.SZ,20181011,1.053,1.055,1.055,0.955,1.01,-0.043,-4.0836,3858.0,384.72
159913.SZ,20181011,1.429,1.427,1.465,1.409,1.409,-0.02,-1.3996,477.0,69.564
159915.SZ,20181011,1.282,1.243,1.249,1.19,1.196,-0.086,-6.7083,11133686.53,1363904.671
159916.SZ,20181011,3.115,3.169,3.17,2.997,2.997,-0.118,-3.7881,1021.0,310.748
159918.SZ,20181011,1.294,1.23,1.23,1.165,1.168,-0.126,-9.7372,1568.0,184.664
159919.SZ,20181011,3.64,3.535,3.555,3.429,3.454,-0.186,-5.1099,378086.0,132520.218
159920.SZ,20181011,1.41,1.367,1.367,1.349,1.352,-0.058,-4.1135,1918250.44,260677.363
159922.SZ,20181011,4.814,4.772,4.772,4.45,4.488,-0.326,-6.7719,8224.0,3744.269
159923.SZ,20181011,1.45,1.42,1.439,1.39,1.4,-0.05,-3.4483,4557.0,642.248
159925.SZ,20181011,1.397,1.363,1.364,1.313,1.317,-0.08,-5.7266,4802.0,645.645
159926.SZ,20181011,110.001,109.002,109.22,109.001,109.22,-0.781,-0.71,6.0,65.444
159928.SZ,20181011,2.014,1.957,1.995,1.92,1.933,-0.081,-4.0218,23530.0,4606.266
159929.SZ,20181011,1.434,1.401,1.42,1.376,1.404,-0.03,-2.0921,23275.0,3245.527
159930.SZ,20181011,0.804,0.799,0.799,0.77,0.774,-0.03,-3.7313,3718.0,288.232
159931.SZ,20181011,1.457,1.41,1.45,1.37,1.38,-0.077,-5.2848,2287.0,319.936
159932.SZ,20181011,1.352,1.3,1.35,1.3,1.3,-0.052,-3.8462,357.0,46.716
159933.SZ,20181011,1.678,1.66,1.752,1.63,1.63,-0.048,-2.8605,42.0,7.041
159934.SZ,20181011,2.645,2.655,2.655,2.643,2.647,0.002,0.0756,103549.0,27414.404
159935.SZ,20181011,1.4,1.3,1.3,1.3,1.3,-0.1,-7.1429,14.0,1.82
159936.SZ,20181011,1.189,1.173,1.173,1.117,1.12,-0.069,-5.8032,1674.0,190.174
159937.SZ,20181011,2.653,2.66,2.666,2.66,2.665,0.012,0.4523,99150.0,26408.311
159938.SZ,20181011,1.184,1.16,1.164,1.115,1.121,-0.063,-5.3209,374389.0,42537.255
159939.SZ,20181011,0.801,0.781,0.785,0.738,0.742,-0.059,-7.3658,59032.0,4484.01
159940.SZ,20181011,0.826,0.812,0.821,0.78,0.785,-0.041,-4.9637,2265.0,179.832
159941.SZ,20181011,1.682,1.637,1.637,1.56,1.578,-0.104,-6.1831,21259.0,3360.615
159942.SZ,20181011,1.426,1.398,1.398,1.34,1.34,-0.086,-6.0309,5439.69,734.635
159943.SZ,20181011,8.525,8.419,8.419,7.947,8.067,-0.458,-5.3724,730.35,596.167
159944.SZ,20181011,0.718,0.71,0.71,0.709,0.71,-0.008,-1.1142,2.0,0.141
159945.SZ,20181011,0.713,0.71,0.71,0.673,0.673,-0.04,-5.6101,1483.0,100.117
159946.SZ,20181011,1.098,1.075,1.075,1.036,1.036,-0.062,-5.6466,171.0,18.117
159948.SZ,20181011,1.404,1.389,1.389,1.302,1.312,-0.092,-6.5527,89160.91,11857.781
159949.SZ,20181011,0.48,0.463,0.466,0.44,0.444,-0.036,-7.5,12625308.18,575647.666
159950.SZ,20181011,0.962,0.914,1.053,0.868,0.983,0.021,2.183,764.0,71.494
159951.SZ,20181011,0.7,0.678,0.678,0.634,0.662,-0.038,-5.4286,578.0,38.174
159952.SZ,20181011,0.775,0.75,0.756,0.723,0.726,-0.049,-6.3226,875630.0,64824.275
159953.SZ,20181011,0.683,0.669,0.669,0.634,0.669,-0.014,-2.0498,244.0,15.665
159954.SZ,20181011,0.95,0.92,0.923,0.91,0.912,-0.038,-4.0,51437.01,4713.389
159955.SZ,20181011,0.73,0.711,0.715,0.677,0.68,-0.05,-6.8493,16952.0,1175.35
159956.SZ,20181011,0.759,0.75,0.751,0.704,0.704,-0.055,-7.2464,4125.12,302.903
159957.SZ,20181011,0.792,0.769,0.769,0.733,0.736,-0.056,-7.0707,26700.34,2010.428
159958.SZ,20181011,0.776,0.745,0.757,0.722,0.724,-0.052,-6.701,92812.0,6870.924
160105.SZ,20181011,0.869,0.85,0.85,0.832,0.832,-0.037,-4.2578,86.0,7.173
160106.SZ,20181011,0.94,0.913,0.927,0.89,0.901,-0.039,-4.1489,2104.56,190.105
160119.SZ,20181011,1.178,1.165,1.165,1.129,1.13,-0.048,-4.0747,10956.96,1253.987
160125.SZ,20181011,0.955,0.906,0.933,0.906,0.932,-0.023,-2.4084,249.0,22.973
160130.SZ,20181011,0.906,0.912,0.912,0.911,0.912,0.006,0.6623,5.0,0.455
160131.SZ,20181011,1.033,1.034,1.034,1.033,1.033,0.0,0.0,608.0,62.806
160133.SZ,20181011,1.989,1.95,1.966,1.9,1.901,-0.088,-4.4243,1639.72,315.3
160140.SZ,20181011,1.033,1.008,1.019,1.0,1.004,-0.029,-2.8074,2810.17,282.598
160211.SZ,20181011,1.811,1.8,1.8,1.711,1.718,-0.093,-5.1353,1689.0,293.278
160212.SZ,20181011,1.79,1.773,1.773,1.685,1.7,-0.09,-5.0279,6500.0,1120.78
160215.SZ,20181011,1.266,1.235,1.244,1.203,1.217,-0.049,-3.8705,775.0,95.155
160216.SZ,20181011,0.612,0.591,0.591,0.581,0.586,-0.026,-4.2484,78167.31,4567.536
160220.SZ,20181011,1.168,1.119,1.119,1.115,1.115,-0.053,-4.5377,193.0,21.527
160223.SZ,20181011,0.646,0.619,0.633,0.609,0.61,-0.036,-5.5728,2509.0,154.941
160225.SZ,20181011,0.754,0.75,0.75,0.699,0.701,-0.053,-7.0292,9066.99,657.683
160311.SZ,20181011,1.346,1.311,1.32,1.28,1.29,-0.056,-4.1605,2701.0,351.57
160314.SZ,20181011,0.862,0.84,0.853,0.803,0.81,-0.052,-6.0325,897.76,74.441
160322.SZ,20181011,1.009,1.0,1.0,0.971,0.971,-0.038,-3.7661,505.0,49.379
160323.SZ,20181011,1.01,1.089,1.089,1.0,1.0,-0.01,-0.9901,5.0,0.522
160324.SZ,20181011,0.785,0.78,0.78,0.732,0.751,-0.034,-4.3312,3601.21,265.143
160415.SZ,20181011,0.739,0.716,0.716,0.716,0.716,-0.023,-3.1123,2.0,0.143
160416.SZ,20181011,1.179,1.148,1.148,1.101,1.108,-0.071,-6.0221,14205.0,1586.477
160421.SZ,20181011,0.824,0.8,0.82,0.8,0.8,-0.024,-2.9126,8665.24,698.784
160505.SZ,20181011,1.352,1.34,1.34,1.283,1.283,-0.069,-5.1036,52237.74,6828.151
160512.SZ,20181011,1.446,1.401,1.41,1.338,1.405,-0.041,-2.8354,154.0,20.994
160515.SZ,20181011,1.008,1.008,1.011,1.007,1.01,0.002,0.1984,4896.4,493.46
160518.SZ,20181011,0.872,0.848,0.896,0.826,0.836,-0.036,-4.1284,5893.3,495.979
160519.SZ,20181011,0.782,0.755,0.755,0.738,0.738,-0.044,-5.6266,333.0,25.036
160607.SZ,20181011,0.612,0.601,0.601,0.576,0.576,-0.036,-5.8824,3883.64,230.202
160610.SZ,20181011,0.825,0.801,0.838,0.789,0.789,-0.036,-4.3636,1928.61,154.246
160611.SZ,20181011,0.676,0.674,0.674,0.64,0.643,-0.033,-4.8817,195.08,12.938
160613.SZ,20181011,1.076,1.063,1.063,1.041,1.041,-0.035,-3.2528,167.0,17.46
160615.SZ,20181011,1.383,1.336,1.367,1.299,1.331,-0.052,-3.7599,208.0,27.638
160616.SZ,20181011,1.028,1.002,1.002,0.963,0.973,-0.055,-5.3502,325.78,32.083
160621.SZ,20181011,1.066,1.075,1.075,1.075,1.075,0.009,0.8443,3.0,0.322
160635.SZ,20181011,0.965,0.948,0.948,0.92,0.92,-0.045,-4.6632,407.0,37.93
160642.SZ,20181011,0.86,0.828,0.828,0.828,0.828,-0.032,-3.7209,100.0,8.28
160643.SZ,20181011,0.749,0.81,0.81,0.703,0.718,-0.031,-4.1389,78.89,5.71
160644.SZ,20181011,0.908,0.85,0.85,0.85,0.85,-0.058,-6.3877,1.0,0.085
160706.SZ,20181011,0.948,0.93,0.934,0.915,0.918,-0.03,-3.1646,79201.07,7327.558
160716.SZ,20181011,1.457,1.45,1.45,1.404,1.425,-0.032,-2.1963,3585.54,514.875
160717.SZ,20181011,0.797,0.78,0.785,0.75,0.769,-0.028,-3.5132,2708.0,208.245
160719.SZ,20181011,0.673,0.675,0.677,0.673,0.676,0.003,0.4458,9087.0,613.784
160723.SZ,20181011,2.206,1.985,2.206,1.985,1.985,-0.221,-10.0181,9092.49,1859.231
160805.SZ,20181011,0.682,0.686,0.7,0.663,0.685,0.003,0.4399,674.94,46.236
160806.SZ,20181011,1.198,1.169,1.195,1.134,1.136,-0.062,-5.1753,68.0,7.873
160807.SZ,20181011,1.108,1.089,1.089,1.047,1.05,-0.058,-5.2347,17.0,1.804
160812.SZ,20181011,1.308,1.307,1.335,1.248,1.254,-0.054,-4.1284,1347.01,175.387
160813.SZ,20181011,0.686,0.675,0.676,0.65,0.66,-0.026,-3.7901,1332.28,88.764
160910.SZ,20181011,0.892,0.87,0.87,0.851,0.856,-0.036,-4.0359,111.0,9.526
160916.SZ,20181011,2.473,2.409,2.446,2.353,2.366,-0.107,-4.3267,1475.0,353.363
160918.SZ,20181011,1.821,1.765,1.765,1.662,1.717,-0.104,-5.7111,1815.0,313.662
160919.SZ,20181011,0.999,0.996,1.06,0.95,0.95,-0.049,-4.9049,1398.0,135.092
160921.SZ,20181011,0.818,0.795,0.811,0.761,0.811,-0.007,-0.8557,657.0,50.914
160922.SZ,20181011,0.988,0.97,0.97,0.94,0.941,-0.047,-4.7571,290.0,27.382
161005.SZ,20181011,1.684,1.667,1.667,1.593,1.594,-0.09,-5.3444,18255.71,2957.514
161010.SZ,20181011,1.036,1.036,1.036,1.03,1.032,-0.004,-0.3861,1111.0,114.593
161014.SZ,20181011,1.089,1.08,1.08,1.08,1.08,-0.009,-0.8264,0.99,0.106
161015.SZ,20181011,0.961,0.962,0.962,0.962,0.962,0.001,0.1041,32.0,3.078
161017.SZ,20181011,1.788,1.77,1.77,1.609,1.683,-0.105,-5.8725,9464.87,1615.419
161019.SZ,20181011,0.928,0.922,0.925,0.922,0.924,-0.004,-0.431,2249.0,207.713
161033.SZ,20181011,0.728,0.691,0.711,0.668,0.685,-0.043,-5.9066,1816.0,125.404
161035.SZ,20181011,0.986,0.891,0.986,0.887,0.986,0.0,0.0,966.86,86.275
161036.SZ,20181011,0.581,0.568,0.568,0.547,0.548,-0.033,-5.6799,592.2,33.366
161037.SZ,20181011,0.853,0.83,0.83,0.81,0.819,-0.034,-3.9859,36.0,2.943
161039.SZ,20181011,0.92,0.899,0.899,0.841,0.85,-0.07,-7.6087,3211.01,276.258
161116.SZ,20181011,0.698,0.707,0.707,0.699,0.7,0.002,0.2865,5764.0,404.354
161124.SZ,20181011,1.037,1.053,1.053,0.99,0.99,-0.047,-4.5323,152.0,15.567
161125.SZ,20181011,1.251,1.18,1.21,1.172,1.173,-0.078,-6.235,11777.47,1392.946
161126.SZ,20181011,1.315,1.247,1.277,1.227,1.227,-0.088,-6.692,11346.0,1406.423
161127.SZ,20181011,1.342,1.29,1.305,1.25,1.254,-0.088,-6.5574,9619.0,1220.572
161128.SZ,20181011,1.44,1.398,1.398,1.338,1.339,-0.101,-7.0139,13017.28,1754.808
161129.SZ,20181011,1.906,1.715,1.715,1.715,1.715,-0.191,-10.021,4865.0,834.347
161130.SZ,20181011,1.243,1.181,1.2,1.181,1.181,-0.062,-4.9879,1056.98,125.085
161217.SZ,20181011,0.644,0.617,0.626,0.61,0.611,-0.033,-5.1242,332.0,20.447
161219.SZ,20181011,1.143,1.142,1.142,1.085,1.097,-0.046,-4.0245,12.0,1.315
161222.SZ,20181011,1.065,1.01,1.023,1.01,1.022,-0.043,-4.0376,536.0,54.817
161224.SZ,20181011,0.862,0.864,0.864,0.864,0.864,0.002,0.232,2.0,0.172
161225.SZ,20181011,1.032,0.95,1.031,0.929,0.994,-0.038,-3.6822,956.01,93.93
161226.SZ,20181011,0.748,0.75,0.751,0.746,0.747,-0.001,-0.1337,14663.13,1096.164
161227.SZ,20181011,0.793,0.785,0.785,0.75,0.75,-0.043,-5.4224,7467.23,569.922
161229.SZ,20181011,1.296,1.246,1.283,1.222,1.222,-0.074,-5.7099,25.0,3.15
161232.SZ,20181011,0.598,0.54,0.58,0.54,0.569,-0.029,-4.8495,1706.03,92.242
161607.SZ,20181011,1.083,1.044,1.085,1.028,1.028,-0.055,-5.0785,514.0,52.969
161610.SZ,20181011,0.893,0.856,0.895,0.846,0.846,-0.047,-5.2632,2202.17,188.55
161631.SZ,20181011,0.804,0.781,0.787,0.743,0.743,-0.061,-7.5871,24417.84,1868.871
161706.SZ,20181011,1.332,1.32,1.328,1.253,1.267,-0.065,-4.8799,1569.0,198.685
161713.SZ,20181011,1.013,1.01,1.013,1.009,1.013,0.0,0.0,31.0,3.128
161714.SZ,20181011,0.987,0.98,0.98,0.96,0.963,-0.024,-2.4316,145.0,14.042
161715.SZ,20181011,0.813,0.789,0.789,0.761,0.761,-0.052,-6.3961,715.99,55.47
161716.SZ,20181011,1.182,1.179,1.179,1.171,1.171,-0.011,-0.9306,82.0,9.625
161722.SZ,20181011,1.038,1.001,1.001,1.001,1.001,-0.037,-3.5645,7.0,0.7
161810.SZ,20181011,1.173,1.144,1.146,1.1,1.1,-0.073,-6.2234,82.0,9.151
161815.SZ,20181011,0.524,0.517,0.522,0.503,0.503,-0.021,-4.0076,7208.0,367.652
161820.SZ,20181011,1.086,1.086,1.1,1.086,1.1,0.014,1.2891,211.0,22.918
161831.SZ,20181011,0.971,0.95,0.95,0.931,0.931,-0.04,-4.1195,2774.4,259.849
161834.SZ,20181011,0.707,0.699,0.699,0.68,0.683,-0.024,-3.3946,27818.0,1924.887
161835.SZ,20181011,1.037,1.037,1.037,1.037,1.037,0.0,0.0,100.0,10.37
161903.SZ,20181011,0.711,0.683,0.684,0.666,0.666,-0.045,-6.3291,71.0,4.776
161907.SZ,20181011,1.444,1.45,1.45,1.396,1.444,0.0,0.0,18.0,2.558
161911.SZ,20181011,1.004,1.004,1.007,1.004,1.006,0.002,0.1992,26383.0,2653.92
162006.SZ,20181011,1.02,1.018,1.018,1.009,1.009,-0.011,-1.0784,279.54,28.212
162105.SZ,20181011,1.004,0.999,0.999,0.999,0.999,-0.005,-0.498,2.0,0.199
162207.SZ,20181011,1.127,1.091,1.091,1.083,1.083,-0.044,-3.9042,105.0,11.387
162215.SZ,20181011,0.972,0.968,0.968,0.96,0.963,-0.009,-0.9259,1052.0,101.432
162307.SZ,20181011,1.142,1.116,1.116,1.116,1.116,-0.026,-2.2767,2.0,0.223
162411.SZ,20181011,0.745,0.711,0.712,0.7,0.7,-0.045,-6.0403,482176.88,33919.232
162415.SZ,20181011,1.477,1.415,1.423,1.361,1.379,-0.098,-6.6351,34232.94,4777.549
162416.SZ,20181011,1.017,0.964,0.964,0.961,0.961,-0.056,-5.5064,1216.0,117.143
162510.SZ,20181011,0.781,0.757,0.757,0.756,0.756,-0.025,-3.201,20.0,1.512
162605.SZ,20181011,1.167,1.14,1.153,1.116,1.117,-0.05,-4.2845,28523.2,3230.853
162607.SZ,20181011,0.408,0.404,0.404,0.393,0.394,-0.014,-3.4314,12822.0,508.682
162703.SZ,20181011,1.1,1.099,1.099,1.02,1.032,-0.068,-6.1818,4457.63,467.353
162711.SZ,20181011,1.016,1.006,1.01,0.948,0.97,-0.046,-4.5276,2082.94,204.353
162712.SZ,20181011,1.499,1.498,1.498,1.494,1.494,-0.005,-0.3336,118.0,17.636
162718.SZ,20181011,0.934,0.916,0.916,0.906,0.906,-0.028,-2.9979,2135.05,194.004
162719.SZ,20181011,1.39,1.354,1.377,1.251,1.28,-0.11,-7.9137,2301.64,293.493
163001.SZ,20181011,0.842,0.815,0.839,0.8,0.8,-0.042,-4.9881,7.0,0.576
163003.SZ,20181011,0.642,0.645,0.645,0.645,0.645,0.003,0.4673,5.0,0.322
163110.SZ,20181011,1.549,1.535,1.548,1.475,1.475,-0.074,-4.7773,1355.0,205.747
163111.SZ,20181011,0.83,0.805,0.811,0.786,0.788,-0.042,-5.0602,460.94,36.746
163119.SZ,20181011,0.712,0.689,0.696,0.67,0.689,-0.023,-3.2303,401.0,27.58
163208.SZ,20181011,1.219,1.25,1.25,1.099,1.118,-0.101,-8.2855,3499.58,407.038
163210.SZ,20181011,1.093,1.094,1.095,1.093,1.094,0.001,0.0915,11164.0,1221.441
163302.SZ,20181011,1.065,1.034,1.049,1.017,1.018,-0.047,-4.4131,127.0,13.048
163402.SZ,20181011,0.634,0.618,0.623,0.598,0.598,-0.036,-5.6782,134833.93,8272.734
163407.SZ,20181011,1.662,1.649,1.649,1.609,1.632,-0.03,-1.8051,4106.87,669.607
163409.SZ,20181011,1.263,1.223,1.223,1.222,1.222,-0.041,-3.2462,39.0,4.768
163412.SZ,20181011,2.861,2.805,2.826,2.694,2.733,-0.128,-4.474,10366.81,2872.997
163415.SZ,20181011,1.342,1.309,1.337,1.27,1.277,-0.065,-4.8435,1014.0,130.18
163417.SZ,20181011,0.812,0.8,0.801,0.767,0.772,-0.04,-4.9261,953985.27,75057.918
163503.SZ,20181011,0.416,0.409,0.414,0.4,0.413,-0.003,-0.7212,2423.0,98.408
163801.SZ,20181011,1.195,1.172,1.176,1.153,1.164,-0.031,-2.5941,927.0,108.198
164105.SZ,20181011,1.261,1.258,1.258,1.258,1.258,-0.003,-0.2379,2.0,0.251
164206.SZ,20181011,1.097,1.106,1.106,1.106,1.106,0.009,0.8204,9.0,0.995
164210.SZ,20181011,1.04,1.036,1.04,1.036,1.04,0.0,0.0,6.0,0.622
164403.SZ,20181011,1.004,0.981,0.996,0.976,0.976,-0.028,-2.7888,18.0,1.765
164606.SZ,20181011,1.091,1.095,1.095,1.095,1.095,0.004,0.3666,2.0,0.219
164701.SZ,20181011,0.579,0.58,0.58,0.578,0.578,-0.001,-0.1727,1628.0,94.298
164705.SZ,20181011,1.146,1.12,1.12,1.084,1.085,-0.061,-5.3229,59.14,6.434
164808.SZ,20181011,1.032,1.032,1.033,1.032,1.033,0.001,0.0969,30.0,3.097
164824.SZ,20181011,0.879,0.879,0.879,0.83,0.834,-0.045,-5.1195,4645.66,397.999
164906.SZ,20181011,1.164,1.099,1.119,1.091,1.095,-0.069,-5.9278,7085.0,779.767
165309.SZ,20181011,1.058,1.019,1.043,1.011,1.011,-0.047,-4.4423,467.0,48.057
165313.SZ,20181011,1.168,1.167,1.197,1.102,1.102,-0.066,-5.6507,970.0,115.033
165510.SZ,20181011,0.727,0.706,0.706,0.698,0.703,-0.024,-3.3012,230.0,16.215
165513.SZ,20181011,0.525,0.513,0.525,0.5,0.511,-0.014,-2.6667,5968.0,304.858
165525.SZ,20181011,0.822,0.797,0.819,0.77,0.781,-0.041,-4.9878,3460.0,273.934
165528.SZ,20181011,0.799,0.792,0.792,0.764,0.764,-0.035,-4.3805,1356.0,104.336
166001.SZ,20181011,0.917,0.906,0.906,0.87,0.871,-0.046,-5.0164,798.0,70.019
166006.SZ,20181011,0.953,0.937,0.937,0.9,0.9,-0.053,-5.5614,569.0,51.997
166008.SZ,20181011,1.067,1.1,1.1,1.067,1.067,0.0,0.0,202.0,21.56
166009.SZ,20181011,1.423,1.381,1.381,1.375,1.375,-0.048,-3.3732,3.0,0.413
166011.SZ,20181011,1.106,1.086,1.086,1.026,1.063,-0.043,-3.8879,54.0,5.75
166012.SZ,20181011,1.062,1.059,1.059,1.059,1.059,-0.003,-0.2825,45.0,4.765
166023.SZ,20181011,0.849,0.781,0.845,0.764,0.764,-0.085,-10.0118,2164.0,168.109
166024.SZ,20181011,0.851,0.845,0.845,0.798,0.8,-0.051,-5.9929,46866.04,3819.287
166105.SZ,20181011,0.946,0.96,0.96,0.959,0.959,0.013,1.3742,17.34,1.664
166902.SZ,20181011,1.021,1.021,1.023,0.965,1.023,0.002,0.1959,2031.47,205.191
166904.SZ,20181011,1.06,1.056,1.06,1.056,1.06,0.0,0.0,501.0,52.906
167001.SZ,20181011,0.653,0.631,0.631,0.605,0.606,-0.047,-7.1975,3445.04,210.863
167002.SZ,20181011,0.866,0.866,0.866,0.866,0.866,0.0,0.0,3.0,0.259
167003.SZ,20181011,1.003,1.001,1.001,1.001,1.001,-0.002,-0.1994,2600.0,260.26
167501.SZ,20181011,1.198,1.199,1.199,1.199,1.199,0.001,0.0835,114.0,13.668
168101.SZ,20181011,0.799,0.783,0.785,0.761,0.762,-0.037,-4.6308,3558.0,275.656
168102.SZ,20181011,0.701,0.697,0.697,0.67,0.673,-0.028,-3.9943,29869.05,2022.73
168103.SZ,20181011,0.678,0.674,0.674,0.643,0.645,-0.033,-4.8673,50453.23,3311.125
168105.SZ,20181011,0.702,0.695,0.695,0.668,0.67,-0.032,-4.5584,5797.6,392.187
168108.SZ,20181011,0.913,0.949,1.004,0.949,1.004,0.091,9.9671,5933.87,563.151
168301.SZ,20181011,0.847,0.843,0.843,0.817,0.821,-0.026,-3.0697,18181.03,1491.151
168401.SZ,20181011,0.951,0.949,0.949,0.941,0.947,-0.004,-0.4206,11148.0,1057.196
169101.SZ,20181011,1.246,1.223,1.223,1.185,1.191,-0.055,-4.4141,92588.11,11152.663
169102.SZ,20181011,1.135,1.099,1.122,1.06,1.065,-0.07,-6.1674,3359.0,361.91
169103.SZ,20181011,1.147,1.125,1.125,1.092,1.093,-0.054,-4.7079,1959.0,216.275
169104.SZ,20181011,1.15,1.13,1.13,1.071,1.071,-0.079,-6.8696,2263.08,245.652
169105.SZ,20181011,1.188,1.163,1.163,1.13,1.131,-0.057,-4.798,37119.04,4250.626
169106.SZ,20181011,0.927,0.916,0.923,0.913,0.914,-0.013,-1.4024,5663.24,519.155
169201.SZ,20181011,0.97,0.966,0.966,0.966,0.966,-0.004,-0.4124,100.0,9.66
184801.SZ,20181011,90.088,89.33,90.086,89.013,90.0,-0.088,-0.0977,215.85,1936.364
501000.SH,20181011,1.009,0.955,0.957,0.955,0.957,-0.052,-5.1536,10.0,0.956
501001.SH,20181011,1.005,0.952,1.001,0.952,0.961,-0.044,-4.3781,2122.88,204.752
501002.SH,20181011,0.611,0.596,0.596,0.576,0.576,-0.035,-5.7283,692.0,40.614
501005.SH,20181011,0.758,0.739,0.743,0.7,0.724,-0.034,-4.4855,4482.69,324.993
501007.SH,20181011,0.893,0.982,0.982,0.808,0.876,-0.017,-1.9037,344.58,27.971
501008.SH,20181011,0.864,0.81,0.81,0.789,0.789,-0.075,-8.6806,358.44,28.378
501009.SH,20181011,1.014,0.998,0.998,0.963,0.996,-0.018,-1.7751,679.95,66.873
501010.SH,20181011,1.005,0.99,0.99,0.95,0.95,-0.055,-5.4726,222.0,21.276
501011.SH,20181011,0.896,0.847,0.9,0.808,0.809,-0.087,-9.7098,152.0,12.883
501012.SH,20181011,0.859,0.868,0.868,0.854,0.854,-0.005,-0.5821,4.0,0.344
501015.SH,20181011,0.791,0.77,0.777,0.732,0.733,-0.058,-7.3325,8300.98,625.521
501016.SH,20181011,0.726,0.716,0.716,0.68,0.68,-0.046,-6.3361,7851.16,548.801
501017.SH,20181011,0.794,0.782,0.782,0.782,0.782,-0.012,-1.5113,5.0,0.391
501018.SH,20181011,1.554,1.399,1.399,1.399,1.399,-0.155,-9.9743,20229.0,2830.037
501019.SH,20181011,0.665,0.659,0.659,0.62,0.62,-0.045,-6.7669,3811.15,241.511
501021.SH,20181011,1.28,1.28,1.28,1.204,1.211,-0.069,-5.3906,6539.0,797.754
501022.SH,20181011,0.765,0.76,0.761,0.747,0.747,-0.018,-2.3529,86570.24,6548.277
501023.SH,20181011,1.074,1.005,1.009,1.003,1.009,-0.065,-6.0521,334.0,33.545
501025.SH,20181011,1.071,1.054,1.054,1.05,1.05,-0.021,-1.9608,40.0,4.207
501026.SH,20181011,0.747,0.722,0.722,0.694,0.694,-0.053,-7.095,46933.32,3318.109
501028.SH,20181011,0.707,0.7,0.712,0.7,0.7,-0.007,-0.9901,22290.32,1560.508
501029.SH,20181011,0.892,0.879,0.879,0.841,0.847,-0.045,-5.0448,234667.26,20174.883
501030.SH,20181011,0.568,0.559,0.559,0.513,0.524,-0.044,-7.7465,940.0,48.658
501031.SH,20181011,0.553,0.535,0.535,0.501,0.505,-0.048,-8.6799,421.82,22.358
501032.SH,20181011,0.68,0.64,0.64,0.64,0.64,-0.04,-5.8824,3.0,0.192
501035.SH,20181011,0.95,0.947,0.947,0.94,0.94,-0.01,-1.0526,2800.0,265.09
501036.SH,20181011,0.724,0.705,0.705,0.669,0.669,-0.055,-7.5967,2234.69,153.327
501037.SH,20181011,0.727,0.727,0.762,0.672,0.672,-0.055,-7.5653,428.0,29.653
501038.SH,20181011,0.928,0.925,0.925,0.882,0.887,-0.041,-4.4181,84680.6,7565.775
501039.SH,20181011,0.973,0.971,0.973,0.97,0.972,-0.001,-0.1028,5695.93,553.571
501040.SH,20181011,0.984,0.98,0.98,0.977,0.98,-0.004,-0.4065,3005.4,294.475
501043.SH,20181011,0.892,0.88,0.884,0.852,0.868,-0.024,-2.6906,4061.15,351.041
501045.SH,20181011,0.886,0.86,0.88,0.848,0.848,-0.038,-4.2889,1116.0,95.778
501046.SH,20181011,0.777,0.752,0.756,0.75,0.75,-0.027,-3.4749,3864.77,290.577
501047.SH,20181011,0.705,0.705,0.705,0.678,0.678,-0.027,-3.8298,22.0,1.546
501048.SH,20181011,0.728,0.723,0.723,0.723,0.723,-0.005,-0.6868,4.0,0.289
501049.SH,20181011,0.887,0.872,0.881,0.82,0.826,-0.061,-6.8771,13327.27,1139.248
501050.SH,20181011,1.12,1.07,1.119,1.07,1.092,-0.028,-2.5,47910.48,5206.938
501051.SH,20181011,0.826,0.765,0.824,0.765,0.797,-0.029,-3.5109,716.11,56.619
501053.SH,20181011,0.961,0.91,0.91,0.91,0.91,-0.051,-5.307,82.0,7.462
501057.SH,20181011,0.828,0.81,0.81,0.78,0.78,-0.048,-5.7971,1876.09,148.561
501058.SH,20181011,0.859,0.775,0.858,0.775,0.826,-0.033,-3.8417,251.57,19.844
501060.SH,20181011,1.012,0.986,0.994,0.976,0.978,-0.034,-3.3597,8669.12,854.198
501061.SH,20181011,1.014,0.982,0.99,0.975,0.975,-0.039,-3.8462,917.16,90.393
501300.SH,20181011,0.999,0.999,1.006,0.999,1.005,0.006,0.6006,15847.0,1591.945
501301.SH,20181011,1.126,1.11,1.12,1.08,1.085,-0.041,-3.6412,1280.0,139.617
501302.SH,20181011,1.07,1.079,1.079,1.079,1.079,0.009,0.8411,1.0,0.108
501303.SH,20181011,0.85,0.83,0.83,0.79,0.79,-0.06,-7.0588,503.1,39.769
501305.SH,20181011,0.867,0.842,0.842,0.812,0.821,-0.046,-5.3057,1621.6,132.216
501307.SH,20181011,0.935,0.871,0.871,0.87,0.87,-0.065,-6.9519,9.92,0.863
502000.SH,20181011,0.9,0.81,0.896,0.81,0.896,-0.004,-0.4444,342.15,27.802
502003.SH,20181011,0.702,0.702,0.702,0.643,0.659,-0.043,-6.1254,1779.86,120.261
502004.SH,20181011,0.954,0.956,0.97,0.956,0.968,0.014,1.4675,44871.5,4310.727
502005.SH,20181011,0.441,0.421,0.421,0.397,0.397,-0.044,-9.9773,14114.04,565.025
502006.SH,20181011,0.872,0.87,0.87,0.838,0.838,-0.034,-3.8991,973.0,83.053
502007.SH,20181011,0.943,0.943,0.945,0.943,0.945,0.002,0.2121,3121.13,294.529
502008.SH,20181011,0.801,0.8,0.8,0.746,0.755,-0.046,-5.7428,1575.91,119.798
502010.SH,20181011,0.768,0.75,0.751,0.72,0.728,-0.04,-5.2083,367.0,27.452
502011.SH,20181011,0.948,0.94,0.95,0.94,0.95,0.002,0.211,2472.0,234.068
502012.SH,20181011,0.611,0.57,0.594,0.55,0.569,-0.042,-6.874,1845.0,103.896
502013.SH,20181011,0.704,0.689,0.702,0.668,0.669,-0.035,-4.9716,6320.9,428.352
502014.SH,20181011,0.996,0.997,1.005,0.997,1.004,0.008,0.8032,43622.05,4363.118
502015.SH,20181011,0.396,0.391,0.391,0.356,0.356,-0.04,-10.101,8395.0,306.191
502023.SH,20181011,0.868,0.786,0.86,0.786,0.825,-0.043,-4.9539,581.31,49.609
502025.SH,20181011,0.719,0.648,0.648,0.648,0.648,-0.071,-9.8748,3.0,0.194
502048.SH,20181011,0.846,0.816,0.828,0.794,0.806,-0.04,-4.7281,108088.21,8825.406
502049.SH,20181011,0.96,0.96,0.963,0.96,0.962,0.002,0.2083,180508.74,17370.684
502050.SH,20181011,0.733,0.671,0.696,0.66,0.66,-0.073,-9.9591,279667.34,18833.0
502053.SH,20181011,1.003,0.99,0.99,0.956,0.956,-0.047,-4.6859,29.76,2.903
502054.SH,20181011,0.952,0.952,0.952,0.947,0.952,0.0,0.0,1327.74,126.122
502055.SH,20181011,1.074,1.04,1.04,0.967,0.979,-0.095,-8.8454,346.69,34.395
502056.SH,20181011,0.948,0.944,0.944,0.918,0.943,-0.005,-0.5274,165.0,15.29
502058.SH,20181011,0.92,0.9,0.9,0.9,0.9,-0.02,-2.1739,50.0,4.5
505888.SH,20181011,0.928,0.923,0.926,0.909,0.91,-0.018,-1.9397,592608.1,54383.179
510010.SH,20181011,1.04,1.033,1.033,1.002,1.02,-0.02,-1.9231,81.0,8.22
510020.SH,20181011,2.6,2.565,2.565,2.48,2.528,-0.072,-2.7692,639.27,159.363
510030.SH,20181011,4.73,4.654,4.709,4.54,4.6,-0.13,-2.7484,1444.0,671.187
510050.SH,20181011,2.545,2.465,2.497,2.415,2.439,-0.106,-4.165,17201447.97,4237190.646
510060.SH,20181011,1.693,1.684,1.684,1.641,1.642,-0.051,-3.0124,5546.0,917.817
510090.SH,20181011,1.46,1.46,1.46,1.431,1.431,-0.029,-1.9863,215.0,30.802
510110.SH,20181011,3.252,3.12,3.12,3.12,3.12,-0.132,-4.059,55.0,17.16
510130.SH,20181011,3.379,3.275,3.275,3.199,3.199,-0.18,-5.327,443.0,142.35
510150.SH,20181011,4.441,4.361,4.398,4.13,4.142,-0.299,-6.7327,3887.0,1638.432
510160.SH,20181011,0.517,0.515,0.515,0.489,0.49,-0.027,-5.2224,12539.0,621.59
510170.SH,20181011,1.682,1.65,1.65,1.526,1.541,-0.141,-8.3829,205.74,32.748
510180.SH,20181011,2.998,2.937,2.937,2.835,2.853,-0.145,-4.8366,352328.71,102152.992
510190.SH,20181011,3.1,2.95,2.961,2.92,2.96,-0.14,-4.5161,143.0,42.276
510210.SH,20181011,3.36,3.21,3.36,3.21,3.329,-0.031,-0.9226,1408.0,471.749
510220.SH,20181011,3.545,3.531,3.531,3.385,3.389,-0.156,-4.4006,883.0,305.073
510230.SH,20181011,5.598,5.524,5.524,5.315,5.361,-0.237,-4.2337,18623.0,10105.503
510260.SH,20181011,1.01,0.987,0.987,0.97,0.984,-0.026,-2.5743,345.0,33.885
510270.SH,20181011,1.024,0.986,1.028,0.969,1.028,0.004,0.3906,296.0,29.097
510280.SH,20181011,1.65,1.59,1.638,1.495,1.518,-0.132,-8.0,259.0,40.165
510290.SH,20181011,1.261,1.175,1.283,1.175,1.181,-0.08,-6.3442,6050.0,725.106
510300.SH,20181011,3.346,3.25,3.272,3.15,3.174,-0.172,-5.1405,6675568.37,2150656.828
510310.SH,20181011,1.424,1.39,1.397,1.347,1.349,-0.075,-5.2669,211179.0,29056.569
510330.SH,20181011,3.619,3.524,3.543,3.42,3.443,-0.176,-4.8632,868004.0,301893.762
510360.SH,20181011,1.053,1.039,1.046,0.994,1.001,-0.052,-4.9383,114396.0,11631.799
510380.SH,20181011,0.838,0.922,0.922,0.787,0.787,-0.051,-6.0859,648.0,51.258
510390.SH,20181011,3.34,3.3,3.3,3.157,3.264,-0.076,-2.2754,36990.8,11934.752
510410.SH,20181011,0.664,0.662,0.662,0.614,0.641,-0.023,-3.4639,5365.27,338.814
510440.SH,20181011,1.382,1.355,1.355,1.277,1.277,-0.105,-7.5977,230.0,29.802
510500.SH,20181011,4.926,4.795,4.796,4.526,4.554,-0.372,-7.5518,2444322.47,1140331.443
510510.SH,20181011,1.304,1.289,1.289,1.204,1.215,-0.089,-6.8252,228180.0,28345.327
510520.SH,20181011,1.37,1.252,1.345,1.252,1.338,-0.032,-2.3358,9.0,1.196
510560.SH,20181011,0.994,0.98,0.98,0.956,0.959,-0.035,-3.5211,131.0,12.774
510580.SH,20181011,5.115,5.112,5.25,5.012,5.21,0.095,1.8573,155.0,80.542
510590.SH,20181011,4.707,4.669,4.669,4.316,4.351,-0.356,-7.5632,44949.98,20220.401
510600.SH,20181011,2.497,2.46,2.46,2.35,2.384,-0.113,-4.5254,10071.27,2426.916
510630.SH,20181011,2.118,2.1,2.108,1.991,2.012,-0.106,-5.0047,12813.0,2612.646
510650.SH,20181011,1.642,1.647,1.664,1.587,1.587,-0.055,-3.3496,222.4,35.842
510660.SH,20181011,1.729,1.724,1.724,1.627,1.633,-0.096,-5.5523,16549.0,2740.591
510680.SH,20181011,2.101,2.087,2.087,2.015,2.035,-0.066,-3.1414,15.0,3.055
510710.SH,20181011,2.712,2.68,2.68,2.59,2.626,-0.086,-3.1711,53487.0,14062.237
510800.SH,20181011,0.879,0.87,0.87,0.835,0.848,-0.031,-3.5267,79000.0,6727.834
510810.SH,20181011,0.82,0.8,0.801,0.76,0.768,-0.052,-6.3415,42401.0,3327.212
510880.SH,20181011,2.709,2.645,2.675,2.571,2.598,-0.111,-4.0975,354911.0,92807.351
510900.SH,20181011,1.151,1.118,1.12,1.099,1.103,-0.048,-4.1703,9371172.0,1039848.627
511010.SH,20181011,113.546,113.546,114.02,113.546,113.938,0.392,0.3452,44017.0,500715.013
511220.SH,20181011,93.152,93.22,93.25,93.15,93.15,-0.002,-0.0021,179.0,1667.971
511260.SH,20181011,102.47,102.5,102.639,102.5,102.639,0.169,0.1649,523.7,5370.948
511280.SH,20181011,99.5,100.0,100.0,99.502,99.502,0.002,0.002,1.2,11.99
511290.SH,20181011,101.3,101.3,101.3,101.3,101.3,0.0,0.0,0.3,3.039
511310.SH,20181011,102.08,102.061,102.081,102.061,102.081,0.001,0.001,0.2,2.041
511600.SH,20181011,100.002,99.998,100.001,99.998,100.001,-0.001,-0.001,546.34,5463.396
511620.SH,20181011,99.983,99.822,99.998,99.822,99.97,-0.013,-0.013,24.3,242.948
511650.SH,20181011,100.003,100.0,100.003,99.985,100.002,-0.001,-0.001,3277.58,32775.363
511660.SH,20181011,100.024,100.016,100.2,100.006,100.031,0.007,0.007,127931.76,1279551.928
511670.SH,20181011,99.997,99.994,99.996,99.993,99.996,-0.001,-0.001,765.08,7650.425
511690.SH,20181011,100.0,100.0,100.001,99.98,99.998,-0.002,-0.002,43449.75,434480.825
511700.SH,20181011,100.003,99.998,100.0,99.995,99.998,-0.005,-0.005,2121.06,21210.166
511770.SH,20181011,99.994,99.999,100.0,99.967,99.995,0.001,0.001,299.96,2999.518
511800.SH,20181011,100.004,99.999,100.005,99.992,99.999,-0.005,-0.005,1461.51,14614.717
511810.SH,20181011,100.003,100.0,100.005,99.995,100.003,0.0,0.0,77836.3,778352.088
511820.SH,20181011,100.003,99.988,99.999,99.988,99.997,-0.006,-0.006,725.3,7252.724
511830.SH,20181011,100.0,99.99,100.003,99.982,99.999,-0.001,-0.001,649.81,6498.02
511850.SH,20181011,100.023,100.016,100.023,100.011,100.015,-0.008,-0.008,19123.03,191259.623
511860.SH,20181011,99.999,99.999,99.999,99.992,99.996,-0.003,-0.003,512.8,5127.761
511880.SH,20181011,103.032,103.032,103.034,103.018,103.024,-0.008,-0.0078,813543.38,8381543.607
511900.SH,20181011,100.01,100.007,100.011,99.997,100.004,-0.006,-0.006,5983.75,59839.013
511910.SH,20181011,99.997,99.997,100.017,99.988,99.988,-0.009,-0.009,62.42,624.201
511920.SH,20181011,99.987,99.916,100.039,99.916,100.038,0.051,0.051,17.01,170.106
511930.SH,20181011,99.962,103.0,103.0,100.008,100.008,0.046,0.046,4.0,40.602
511950.SH,20181011,100.012,100.0,102.012,100.0,102.012,2.0,1.9998,5.2,52.803
511960.SH,20181011,100.04,100.001,100.04,100.001,100.018,-0.022,-0.022,155.46,1554.859
511980.SH,20181011,100.0,99.989,100.018,99.989,100.012,0.012,0.012,294.23,2942.403
511990.SH,20181011,100.047,100.019,100.024,100.002,100.008,-0.039,-0.039,1242417.91,12425535.885
512000.SH,20181011,0.668,0.656,0.656,0.615,0.619,-0.049,-7.3353,587721.0,37443.161
512010.SH,20181011,1.598,1.541,1.568,1.526,1.538,-0.06,-3.7547,102318.0,15823.138
512070.SH,20181011,1.694,1.671,1.671,1.59,1.601,-0.093,-5.49,45067.0,7289.312
512090.SH,20181011,0.895,0.869,0.875,0.845,0.85,-0.045,-5.0279,1680096.0,145370.604
512100.SH,20181011,0.575,0.57,0.572,0.53,0.533,-0.042,-7.3043,67098.0,3642.057
512120.SH,20181011,1.398,1.348,1.367,1.329,1.33,-0.068,-4.8641,9072.0,1227.587
512160.SH,20181011,0.895,0.873,0.877,0.847,0.854,-0.041,-4.581,637475.0,55074.872
512180.SH,20181011,0.874,0.852,0.856,0.827,0.831,-0.043,-4.9199,2069633.0,174334.381
512200.SH,20181011,0.709,0.68,0.694,0.66,0.667,-0.042,-5.9238,11997.0,812.003
512220.SH,20181011,1.058,1.049,1.049,1.0,1.042,-0.016,-1.5123,364.0,37.026
512280.SH,20181011,0.875,0.862,0.863,0.827,0.836,-0.039,-4.4571,551595.0,46344.416
512300.SH,20181011,0.997,0.997,0.999,0.928,0.99,-0.007,-0.7021,7865.0,747.211
512310.SH,20181011,0.443,0.44,0.44,0.409,0.411,-0.032,-7.2235,7443.0,312.847
512330.SH,20181011,0.618,0.606,0.606,0.566,0.569,-0.049,-7.9288,44030.0,2566.649
512340.SH,20181011,0.735,0.733,0.733,0.68,0.683,-0.052,-7.0748,2134.0,147.313
512360.SH,20181011,0.915,0.884,0.9,0.86,0.867,-0.048,-5.2459,33400.86,2945.507
512390.SH,20181011,0.885,0.875,0.875,0.839,0.845,-0.04,-4.5198,29021.0,2484.582
512400.SH,20181011,0.65,0.63,0.639,0.589,0.596,-0.054,-8.3077,16934.0,1039.581
512500.SH,20181011,2.291,2.234,2.234,2.117,2.135,-0.156,-6.8093,277166.0,60421.775
512510.SH,20181011,0.979,0.971,0.971,0.903,0.91,-0.069,-7.048,117917.0,10996.271
512520.SH,20181011,0.879,0.858,0.862,0.832,0.833,-0.046,-5.2332,325268.68,27556.548
512550.SH,20181011,0.971,0.95,0.954,0.926,0.933,-0.038,-3.9135,21798.0,2051.358
512560.SH,20181011,0.721,0.758,0.758,0.703,0.704,-0.017,-2.3578,1775.0,125.233
512570.SH,20181011,0.668,0.643,0.666,0.637,0.661,-0.007,-1.0479,3862.48,246.528
512580.SH,20181011,0.687,0.679,0.679,0.634,0.638,-0.049,-7.1325,186627.0,12160.287
512600.SH,20181011,2.031,2.053,2.076,1.966,1.967,-0.064,-3.1512,269.0,53.881
512610.SH,20181011,1.377,1.365,1.365,1.313,1.33,-0.047,-3.4132,1902.4,253.68
512640.SH,20181011,1.638,1.564,1.564,1.564,1.564,-0.074,-4.5177,7.0,1.095
512660.SH,20181011,0.678,0.659,0.662,0.622,0.624,-0.054,-7.9646,1688366.9,107697.214
512680.SH,20181011,0.664,0.645,0.65,0.611,0.616,-0.048,-7.2289,111235.0,7069.307
512700.SH,20181011,0.986,0.979,0.979,0.942,0.949,-0.037,-3.7525,15964.0,1523.225
512770.SH,20181011,0.914,0.91,0.91,0.858,0.862,-0.052,-5.6893,4822.0,422.769
512780.SH,20181011,0.732,0.73,0.73,0.673,0.673,-0.059,-8.0601,41280.0,2853.413
512800.SH,20181011,0.956,0.935,0.94,0.913,0.919,-0.037,-3.8703,567407.0,52691.599
512810.SH,20181011,0.638,0.638,0.638,0.59,0.594,-0.044,-6.8966,35113.0,2112.706
512880.SH,20181011,0.702,0.687,0.687,0.644,0.649,-0.053,-7.5499,2158282.31,144103.388
512900.SH,20181011,0.674,0.648,0.676,0.62,0.624,-0.05,-7.4184,59409.0,3821.4
512980.SH,20181011,0.679,0.666,0.666,0.633,0.635,-0.044,-6.4801,153694.0,9962.546
512990.SH,20181011,0.963,0.931,0.944,0.911,0.918,-0.045,-4.6729,277209.0,25771.862
513030.SH,20181011,1.07,1.052,1.052,1.006,1.023,-0.047,-4.3925,41076.0,4224.511
513050.SH,20181011,1.198,1.15,1.15,1.123,1.138,-0.06,-5.0083,507396.03,57490.438
513100.SH,20181011,2.685,2.55,2.55,2.503,2.51,-0.175,-6.5177,527984.12,132898.463
513500.SH,20181011,1.853,1.78,1.793,1.748,1.763,-0.09,-4.857,388419.0,68493.676
513600.SH,20181011,2.47,2.418,2.418,2.35,2.372,-0.098,-3.9676,7780.0,1848.725
513660.SH,20181011,2.43,2.412,2.412,2.333,2.333,-0.097,-3.9918,241.0,56.425
513900.SH,20181011,0.928,0.888,0.894,0.884,0.886,-0.042,-4.5259,1321.0,117.698
518800.SH,20181011,2.635,2.641,2.65,2.641,2.646,0.011,0.4175,317058.0,83882.345
518880.SH,20181011,2.652,2.663,2.666,2.661,2.665,0.013,0.4902,3806571.55,1013868.068
