ts_code,trade_date,pre_close,open,high,low,close,change,pct_chg,vol,amount
150008.SZ,20180103,1.166,1.166,1.166,1.166,1.166,0.0,0.0,15.8,1.842
150009.SZ,20180103,0.962,0.962,0.969,0.946,0.962,0.0,0.0,15.24,1.467
150012.SZ,20180103,1.016,1.012,1.012,1.011,1.011,-0.005,-0.4921,134.42,13.603
150013.SZ,20180103,1.595,1.575,1.609,1.575,1.609,0.014,0.8777,812.2,129.886
150017.SZ,20180103,1.533,1.538,1.548,1.536,1.544,0.011,0.7175,1468.52,226.402
150019.SZ,20180103,1.292,1.292,1.328,1.292,1.319,0.027,2.0898,745810.39,97936.621
150023.SZ,20180103,0.415,0.415,0.42,0.414,0.417,0.002,0.4819,297271.35,12400.347
150028.SZ,20180103,1.043,1.058,1.097,1.058,1.074,0.031,2.9722,70.49,7.54
150029.SZ,20180103,1.425,1.429,1.445,1.429,1.444,0.019,1.3333,2532.48,364.989
150031.SZ,20180103,1.295,1.3,1.331,1.293,1.316,0.021,1.6216,1288.87,167.858
150033.SZ,20180103,0.951,0.976,0.977,0.976,0.977,0.026,2.734,2.0,0.195
150048.SZ,20180103,1.318,1.293,1.318,1.293,1.318,0.0,0.0,625.8,82.061
150049.SZ,20180103,0.964,0.964,0.966,0.964,0.966,0.002,0.2075,201.0,19.376
150050.SZ,20180103,1.555,1.57,1.6,1.556,1.556,0.001,0.0643,585.0,92.559
150051.SZ,20180103,0.898,0.897,0.899,0.897,0.898,0.0,0.0,319.09,28.639
150052.SZ,20180103,1.945,1.945,1.977,1.945,1.96,0.015,0.7712,15431.67,3026.489
150054.SZ,20180103,1.115,1.115,1.12,1.115,1.12,0.005,0.4484,50.6,5.642
150056.SZ,20180103,1.534,1.549,1.549,1.536,1.539,0.005,0.3259,915.0,140.818
150058.SZ,20180103,0.948,1.039,1.039,1.039,1.039,0.091,9.5992,0.05,0.005
150060.SZ,20180103,1.347,1.348,1.4,1.348,1.4,0.053,3.9347,283.06,39.006
150067.SZ,20180103,1.44,1.44,1.44,1.44,1.44,0.0,0.0,15.0,2.16
150075.SZ,20180103,1.11,1.11,1.11,1.11,1.11,0.0,0.0,195.0,21.645
150084.SZ,20180103,1.436,1.489,1.495,1.47,1.471,0.035,2.4373,741.0,110.165
150091.SZ,20180103,0.988,0.988,0.988,0.988,0.988,0.0,0.0,123.0,12.152
150095.SZ,20180103,0.547,0.52,0.552,0.52,0.552,0.005,0.9141,101.0,5.289
150101.SZ,20180103,1.65,1.65,1.68,1.64,1.669,0.019,1.1515,5006.0,835.366
150106.SZ,20180103,1.024,1.024,1.025,1.023,1.025,0.001,0.0977,4605.09,471.691
150107.SZ,20180103,1.228,1.22,1.258,1.22,1.253,0.025,2.0358,4638.67,577.222
150118.SZ,20180103,0.627,0.628,0.651,0.616,0.625,-0.002,-0.319,178480.57,11335.718
150124.SZ,20180103,0.929,0.93,0.958,0.93,0.947,0.018,1.9376,10673.82,1010.249
150131.SZ,20180103,0.685,0.682,0.695,0.681,0.684,-0.001,-0.146,282636.87,19429.814
150136.SZ,20180103,1.105,1.18,1.18,1.11,1.11,0.005,0.4525,1001.09,111.822
150144.SZ,20180103,1.12,1.12,1.145,1.08,1.145,0.025,2.2321,870.67,98.225
150145.SZ,20180103,0.935,0.945,0.945,0.945,0.945,0.01,1.0695,259.0,24.475
150146.SZ,20180103,0.446,0.457,0.457,0.429,0.453,0.007,1.5695,478.87,21.609
150148.SZ,20180103,1.125,1.015,1.089,1.015,1.089,-0.036,-3.2,417.0,42.342
150149.SZ,20180103,0.867,0.866,0.884,0.866,0.879,0.012,1.3841,3985.0,348.114
150150.SZ,20180103,0.902,0.907,0.907,0.907,0.907,0.005,0.5543,50.0,4.535
150151.SZ,20180103,1.591,1.588,1.625,1.579,1.589,-0.002,-0.1257,716.29,115.205
150153.SZ,20180103,0.594,0.594,0.607,0.59,0.603,0.009,1.5152,1649622.22,98777.039
150157.SZ,20180103,0.944,0.944,0.944,0.925,0.941,-0.003,-0.3178,9542.0,899.04
150158.SZ,20180103,1.114,1.117,1.143,1.117,1.118,0.004,0.3591,20467.0,2314.131
150164.SZ,20180103,0.947,0.917,0.958,0.917,0.958,0.011,1.1616,1571.06,149.807
150165.SZ,20180103,1.105,1.104,1.129,1.104,1.116,0.011,0.9955,1698.93,189.757
150168.SZ,20180103,0.998,0.998,0.998,0.998,0.998,0.0,0.0,121.02,12.077
150170.SZ,20180103,1.547,1.555,1.575,1.547,1.549,0.002,0.1293,26790.0,4193.521
150171.SZ,20180103,0.914,0.913,0.914,0.911,0.913,-0.001,-0.1094,121276.05,11069.401
150172.SZ,20180103,1.027,1.028,1.058,1.026,1.05,0.023,2.2395,360762.81,37656.231
150173.SZ,20180103,0.901,0.901,0.91,0.901,0.903,0.002,0.222,6130.31,553.817
150174.SZ,20180103,0.58,0.58,0.6,0.58,0.6,0.02,3.4483,3822.57,226.569
150175.SZ,20180103,0.909,0.909,0.912,0.907,0.909,0.0,0.0,51130.0,4650.882
150176.SZ,20180103,1.161,1.164,1.177,1.16,1.161,0.0,0.0,132916.03,15522.423
150178.SZ,20180103,1.558,1.55,1.579,1.55,1.564,0.006,0.3851,5140.71,803.314
150180.SZ,20180103,1.559,1.5,1.546,1.46,1.516,-0.043,-2.7582,686.75,101.14
150181.SZ,20180103,0.885,0.885,0.885,0.883,0.885,0.0,0.0,53524.89,4732.078
150182.SZ,20180103,0.784,0.781,0.799,0.781,0.798,0.014,1.7857,170154.77,13454.705
150185.SZ,20180103,0.877,0.877,0.902,0.877,0.899,0.022,2.5086,31123.57,2782.626
150186.SZ,20180103,0.924,0.923,0.925,0.921,0.924,0.0,0.0,22902.0,2113.723
150187.SZ,20180103,0.57,0.576,0.585,0.564,0.58,0.01,1.7544,8089.3,466.064
150188.SZ,20180103,0.974,0.973,0.975,0.973,0.975,0.001,0.1027,1887.34,183.808
150189.SZ,20180103,0.71,0.695,0.739,0.695,0.722,0.012,1.6901,504.95,36.694
150191.SZ,20180103,1.139,1.129,1.151,1.129,1.151,0.012,1.0536,247.23,28.14
150193.SZ,20180103,1.239,1.23,1.288,1.23,1.25,0.011,0.8878,3314.63,416.588
150194.SZ,20180103,0.881,0.881,0.881,0.879,0.879,-0.002,-0.227,10666.72,938.017
150195.SZ,20180103,1.313,1.311,1.35,1.311,1.341,0.028,2.1325,22528.8,3006.617
150197.SZ,20180103,1.417,1.4,1.476,1.4,1.43,0.013,0.9174,157712.57,22744.578
150199.SZ,20180103,1.536,1.537,1.555,1.526,1.552,0.016,1.0417,23446.0,3618.06
150200.SZ,20180103,0.937,0.937,0.937,0.93,0.933,-0.004,-0.4269,501336.75,46773.665
150201.SZ,20180103,0.356,0.356,0.388,0.352,0.376,0.02,5.618,5544158.09,206090.657
150203.SZ,20180103,0.9,0.9,0.9,0.898,0.899,-0.001,-0.1111,2519.45,226.449
150204.SZ,20180103,0.711,0.704,0.724,0.704,0.717,0.006,0.8439,4803.21,344.354
150205.SZ,20180103,0.882,0.882,0.883,0.881,0.882,0.0,0.0,18311.81,1615.082
150206.SZ,20180103,0.914,0.914,0.929,0.909,0.922,0.008,0.8753,51433.67,4730.359
150207.SZ,20180103,1.333,1.2,1.2,1.2,1.2,-0.133,-9.9775,1.0,0.12
150208.SZ,20180103,0.586,0.58,0.61,0.58,0.604,0.018,3.0717,6432.0,386.991
150209.SZ,20180103,0.899,0.9,0.903,0.899,0.902,0.003,0.3337,51939.04,4685.705
150210.SZ,20180103,1.027,1.027,1.039,1.025,1.034,0.007,0.6816,97504.4,10085.433
150211.SZ,20180103,0.912,0.911,0.912,0.911,0.912,0.0,0.0,31444.95,2864.711
150212.SZ,20180103,0.777,0.773,0.812,0.766,0.801,0.024,3.0888,136498.84,10869.64
150214.SZ,20180103,0.423,0.424,0.443,0.421,0.434,0.011,2.6005,27008.0,1162.353
150216.SZ,20180103,1.266,1.243,1.301,1.243,1.3,0.034,2.6856,55.49,7.213
150218.SZ,20180103,0.67,0.653,0.695,0.653,0.688,0.018,2.6866,18114.92,1225.886
150220.SZ,20180103,0.899,0.892,0.909,0.892,0.905,0.006,0.6674,6947.0,628.195
150222.SZ,20180103,0.377,0.377,0.39,0.375,0.39,0.013,3.4483,712025.7,27324.944
150223.SZ,20180103,0.998,0.997,0.998,0.996,0.998,0.0,0.0,34055.71,3396.58
150224.SZ,20180103,0.798,0.798,0.82,0.796,0.814,0.016,2.005,419993.6,34006.757
150225.SZ,20180103,0.973,1.0,1.001,1.0,1.001,0.028,2.8777,19.0,1.9
150226.SZ,20180103,1.522,1.52,1.52,1.371,1.425,-0.097,-6.3732,53.46,7.519
150227.SZ,20180103,0.886,0.885,0.886,0.884,0.885,-0.001,-0.1129,68257.6,6043.95
150228.SZ,20180103,1.034,1.034,1.052,1.033,1.042,0.008,0.7737,323838.51,33760.114
150229.SZ,20180103,0.961,0.942,1.0,0.942,0.96,-0.001,-0.1041,1198.37,112.892
150230.SZ,20180103,1.654,1.625,1.664,1.625,1.647,-0.007,-0.4232,2500.0,408.457
150232.SZ,20180103,1.392,1.367,1.41,1.367,1.398,0.006,0.431,1278.74,178.047
150234.SZ,20180103,1.015,0.93,0.93,0.93,0.93,-0.085,-8.3744,0.19,0.017
150235.SZ,20180103,0.966,0.912,0.926,0.911,0.926,-0.04,-4.1408,288.59,26.335
150236.SZ,20180103,0.795,0.788,0.81,0.785,0.809,0.014,1.761,17393.61,1388.027
150238.SZ,20180103,1.2,1.19,1.19,1.19,1.19,-0.01,-0.8333,163.08,19.406
150242.SZ,20180103,1.135,1.088,1.142,1.088,1.139,0.004,0.3524,1239.0,141.123
150243.SZ,20180103,0.894,0.891,0.893,0.891,0.893,-0.001,-0.1119,9946.41,887.419
150244.SZ,20180103,0.658,0.651,0.679,0.651,0.676,0.018,2.7356,18080.36,1208.278
150246.SZ,20180103,1.135,1.123,1.134,1.121,1.134,-0.001,-0.0881,624.0,69.991
150248.SZ,20180103,0.666,0.666,0.68,0.661,0.675,0.009,1.3514,4247.22,285.338
150249.SZ,20180103,0.903,0.95,0.993,0.95,0.993,0.09,9.9668,3.0,0.289
150250.SZ,20180103,1.082,1.085,1.088,1.085,1.088,0.006,0.5545,1317.0,143.184
150251.SZ,20180103,0.9,0.898,0.964,0.898,0.899,-0.001,-0.1111,101.55,9.51
150252.SZ,20180103,1.447,1.447,1.452,1.422,1.442,-0.005,-0.3455,4988.78,717.003
150255.SZ,20180103,0.902,0.902,0.903,0.901,0.903,0.001,0.1109,28413.02,2560.293
150256.SZ,20180103,1.032,1.038,1.042,1.038,1.042,0.01,0.969,750.08,78.058
150258.SZ,20180103,1.131,1.131,1.131,1.131,1.131,0.0,0.0,1.0,0.113
150259.SZ,20180103,0.914,0.911,0.913,0.911,0.912,-0.002,-0.2188,625.0,56.967
150260.SZ,20180103,0.669,0.676,0.69,0.676,0.684,0.015,2.2422,424.05,28.843
150261.SZ,20180103,0.959,0.956,0.962,0.956,0.962,0.003,0.3128,3441.0,329.276
150262.SZ,20180103,0.795,0.795,0.81,0.791,0.805,0.01,1.2579,4923.87,393.712
150264.SZ,20180103,0.389,0.423,0.423,0.423,0.423,0.034,8.7404,1.0,0.042
150265.SZ,20180103,1.055,1.073,1.079,1.073,1.079,0.024,2.2749,80.0,8.605
150266.SZ,20180103,1.309,1.296,1.308,1.291,1.305,-0.004,-0.3056,1348.28,175.87
150268.SZ,20180103,1.069,1.076,1.09,1.076,1.09,0.021,1.9645,1111.11,119.651
150269.SZ,20180103,0.884,0.883,0.886,0.88,0.883,-0.001,-0.1131,2875.0,253.642
150270.SZ,20180103,1.404,1.4,1.419,1.377,1.408,0.004,0.2849,75961.11,10633.581
150271.SZ,20180103,0.871,0.957,0.957,0.903,0.903,0.032,3.6739,450.97,42.778
150272.SZ,20180103,1.19,1.17,1.209,1.165,1.209,0.019,1.5966,278.64,32.649
150273.SZ,20180103,0.997,0.997,1.007,0.997,1.001,0.004,0.4012,2037.85,204.254
150274.SZ,20180103,0.622,0.634,0.658,0.623,0.658,0.036,5.7878,2453.28,158.123
150275.SZ,20180103,0.898,0.897,0.899,0.893,0.898,0.0,0.0,18680.66,1675.781
150276.SZ,20180103,0.666,0.666,0.685,0.666,0.672,0.006,0.9009,63197.36,4268.136
150277.SZ,20180103,0.928,0.927,0.927,0.923,0.924,-0.004,-0.431,22422.0,2074.288
150278.SZ,20180103,0.558,0.558,0.57,0.55,0.565,0.007,1.2545,24667.96,1387.982
150279.SZ,20180103,0.959,0.958,0.959,0.956,0.959,0.0,0.0,600.16,57.501
150280.SZ,20180103,0.889,0.849,0.88,0.849,0.866,-0.023,-2.5872,955.66,81.925
150282.SZ,20180103,0.693,0.651,0.738,0.651,0.738,0.045,6.4935,51.01,3.755
150283.SZ,20180103,0.902,0.9,0.901,0.9,0.901,-0.001,-0.1109,6227.05,560.703
150284.SZ,20180103,0.981,0.986,1.003,0.986,1.0,0.019,1.9368,1548.41,154.8
150287.SZ,20180103,0.96,0.96,0.967,0.96,0.962,0.002,0.2083,39789.74,3833.407
150288.SZ,20180103,0.847,0.849,0.873,0.842,0.852,0.005,0.5903,117131.84,10033.851
150289.SZ,20180103,0.976,0.978,0.986,0.973,0.979,0.003,0.3074,65997.67,6485.885
150290.SZ,20180103,0.595,0.592,0.606,0.584,0.597,0.002,0.3361,531533.15,31748.621
150291.SZ,20180103,0.98,0.983,0.983,0.982,0.982,0.002,0.2041,1593.0,156.472
150292.SZ,20180103,0.82,0.82,0.834,0.82,0.827,0.007,0.8537,3113.0,257.946
150295.SZ,20180103,0.912,0.913,0.914,0.911,0.913,0.001,0.1096,2101.15,191.786
150296.SZ,20180103,1.127,1.128,1.14,1.128,1.137,0.01,0.8873,2535.69,288.51
150298.SZ,20180103,0.595,0.583,0.607,0.583,0.607,0.012,2.0168,1805.43,107.186
150299.SZ,20180103,0.975,0.976,0.977,0.974,0.976,0.001,0.1026,15590.0,1519.878
150300.SZ,20180103,0.78,0.78,0.79,0.776,0.78,0.0,0.0,128583.31,10053.344
150301.SZ,20180103,0.955,0.96,0.96,0.96,0.96,0.005,0.5236,326.0,31.296
150302.SZ,20180103,0.955,0.954,0.979,0.925,0.973,0.018,1.8848,2484.71,236.923
150303.SZ,20180103,0.956,0.959,0.961,0.957,0.961,0.005,0.523,5832.58,560.129
150304.SZ,20180103,0.605,0.603,0.632,0.603,0.624,0.019,3.1405,29835.91,1842.822
150305.SZ,20180103,0.97,0.952,0.974,0.952,0.974,0.004,0.4124,522.0,50.802
150306.SZ,20180103,0.59,0.6,0.601,0.592,0.6,0.01,1.6949,1253.0,74.683
150307.SZ,20180103,0.88,0.87,0.884,0.869,0.884,0.004,0.4545,622.0,54.905
150308.SZ,20180103,0.864,0.87,0.89,0.87,0.89,0.026,3.0093,158.05,13.822
150309.SZ,20180103,1.01,1.009,1.009,0.909,0.991,-0.019,-1.8812,156.22,15.546
150310.SZ,20180103,0.647,0.711,0.711,0.584,0.707,0.06,9.2736,879.0,57.34
150312.SZ,20180103,0.799,0.801,0.826,0.801,0.806,0.007,0.8761,167.0,13.414
150316.SZ,20180103,0.819,0.81,0.824,0.81,0.824,0.005,0.6105,266.29,21.823
150318.SZ,20180103,0.74,0.814,0.814,0.814,0.814,0.074,10.0,5.26,0.428
150321.SZ,20180103,1.123,1.125,1.128,1.11,1.11,-0.013,-1.1576,10697.77,1199.57
150322.SZ,20180103,1.339,1.332,1.347,1.331,1.341,0.002,0.1494,15800.8,2113.34
150324.SZ,20180103,0.44,0.46,0.464,0.45,0.457,0.017,3.8636,1885.0,85.585
150326.SZ,20180103,0.991,0.996,0.996,0.996,0.996,0.005,0.5045,2.0,0.199
150328.SZ,20180103,1.3,1.3,1.3,1.3,1.3,0.0,0.0,20.0,2.6
150329.SZ,20180103,0.879,0.878,0.88,0.877,0.879,0.0,0.0,6820.05,599.002
150330.SZ,20180103,1.879,1.888,1.895,1.825,1.841,-0.038,-2.0224,25704.41,4795.965
150331.SZ,20180103,0.987,0.987,0.988,0.986,0.988,0.001,0.1013,8658.49,854.664
150332.SZ,20180103,0.367,0.364,0.377,0.363,0.376,0.009,2.4523,20685.73,768.79
150335.SZ,20180103,0.958,0.96,0.96,0.958,0.96,0.002,0.2088,3236.25,310.67
150336.SZ,20180103,1.026,1.026,1.048,1.021,1.044,0.018,1.7544,2521.84,261.463
150343.SZ,20180103,0.955,0.97,0.97,0.97,0.97,0.015,1.5707,54.0,5.238
150344.SZ,20180103,0.97,0.97,0.976,0.896,0.975,0.005,0.5155,553.0,52.808
159001.SZ,20180103,99.993,99.996,100.001,99.994,100.001,0.008,0.008,4043.8,40437.088
159003.SZ,20180103,99.998,99.999,100.001,99.99,100.0,0.002,0.002,11436.54,114364.058
159005.SZ,20180103,100.001,99.999,100.003,99.999,100.003,0.002,0.002,14200.07,142000.727
159901.SZ,20180103,5.067,5.07,5.144,5.061,5.109,0.042,0.8289,326111.74,166590.192
159902.SZ,20180103,3.684,3.676,3.748,3.676,3.729,0.045,1.2215,196806.93,73158.837
159903.SZ,20180103,1.199,1.198,1.213,1.196,1.208,0.009,0.7506,13992.45,1688.447
159905.SZ,20180103,1.775,1.775,1.797,1.773,1.775,0.0,0.0,65702.59,11714.837
159906.SZ,20180103,1.023,1.022,1.036,1.004,1.032,0.009,0.8798,147.99,15.25
159907.SZ,20180103,1.509,1.51,1.528,1.501,1.528,0.019,1.2591,747.44,113.595
159908.SZ,20180103,1.514,1.538,1.538,1.538,1.538,0.024,1.5852,7.0,1.076
159909.SZ,20180103,5.481,5.548,5.548,5.425,5.535,0.054,0.9852,42.15,23.15
159910.SZ,20180103,1.827,1.839,1.857,1.827,1.841,0.014,0.7663,1088.0,200.204
159911.SZ,20180103,4.49,4.5,4.553,4.432,4.553,0.063,1.4031,38.0,17.105
159912.SZ,20180103,1.459,1.448,1.46,1.448,1.453,-0.006,-0.4112,352.0,51.353
159913.SZ,20180103,1.874,1.897,1.897,1.873,1.881,0.007,0.3735,991.0,187.483
159915.SZ,20180103,1.665,1.666,1.693,1.663,1.689,0.024,1.4414,1912283.43,321261.914
159916.SZ,20180103,4.441,4.498,4.498,4.313,4.35,-0.091,-2.0491,387.0,170.812
159918.SZ,20180103,1.738,1.748,1.748,1.743,1.747,0.009,0.5178,234.0,40.836
159919.SZ,20180103,4.465,4.461,4.504,4.45,4.475,0.01,0.224,117695.71,52692.008
159920.SZ,20180103,1.603,1.61,1.617,1.605,1.607,0.004,0.2495,1779798.0,286761.377
159922.SZ,20180103,6.66,6.49,6.6,6.49,6.6,-0.06,-0.9009,1224.0,800.151
159923.SZ,20180103,1.712,1.712,1.726,1.712,1.719,0.007,0.4089,2413.0,415.473
159924.SZ,20180103,1.439,1.442,1.455,1.438,1.438,-0.001,-0.0695,2789.0,403.242
159925.SZ,20180103,1.701,1.703,1.722,1.7,1.717,0.016,0.9406,2367.01,406.062
159927.SZ,20180103,4.044,4.049,4.078,4.049,4.058,0.014,0.3462,52.0,21.106
159928.SZ,20180103,2.349,2.341,2.38,2.341,2.373,0.024,1.0217,10372.0,2453.46
159929.SZ,20180103,1.606,1.613,1.619,1.605,1.612,0.006,0.3736,8222.4,1325.034
159930.SZ,20180103,0.868,0.87,0.87,0.855,0.864,-0.004,-0.4608,4773.0,413.64
159931.SZ,20180103,1.729,1.719,1.744,1.715,1.744,0.015,0.8676,159.0,27.369
159932.SZ,20180103,1.73,1.723,1.734,1.723,1.73,0.0,0.0,97.0,16.795
159933.SZ,20180103,1.941,1.941,1.959,1.941,1.959,0.018,0.9274,69.0,13.395
159934.SZ,20180103,2.731,2.749,2.75,2.74,2.742,0.011,0.4028,78393.09,21510.793
159935.SZ,20180103,1.676,1.672,1.7,1.67,1.7,0.024,1.432,69.0,11.578
159936.SZ,20180103,1.582,1.594,1.602,1.592,1.602,0.02,1.2642,569.0,90.795
159937.SZ,20180103,2.746,2.763,2.766,2.757,2.757,0.011,0.4006,187191.0,51669.019
159938.SZ,20180103,1.376,1.376,1.386,1.375,1.382,0.006,0.436,39740.01,5482.962
159939.SZ,20180103,1.102,1.101,1.118,1.101,1.114,0.012,1.0889,10085.0,1123.372
159940.SZ,20180103,0.97,0.978,0.985,0.974,0.978,0.008,0.8247,3445.0,338.161
159941.SZ,20180103,1.397,1.4,1.405,1.393,1.398,0.001,0.0716,2005.0,280.382
159942.SZ,20180103,1.99,1.955,1.997,1.935,1.983,-0.007,-0.3518,178.68,34.732
159943.SZ,20180103,11.757,11.757,11.85,11.66,11.768,0.011,0.0936,268.23,315.564
159944.SZ,20180103,0.97,0.969,0.99,0.969,0.977,0.007,0.7216,552.0,53.816
159945.SZ,20180103,0.788,0.788,0.798,0.787,0.79,0.002,0.2538,20840.0,1655.415
159946.SZ,20180103,1.268,1.282,1.292,1.28,1.288,0.02,1.5773,120410.85,15520.707
159948.SZ,20180103,1.827,1.829,1.854,1.803,1.853,0.026,1.4231,42946.64,7800.988
159949.SZ,20180103,0.677,0.677,0.687,0.671,0.686,0.009,1.3294,176273.03,11978.458
159950.SZ,20180103,1.115,1.131,1.142,1.115,1.137,0.022,1.9731,337.0,38.366
159951.SZ,20180103,0.972,0.973,0.98,0.972,0.98,0.008,0.823,402.01,39.245
159952.SZ,20180103,0.996,0.996,1.013,0.994,1.01,0.014,1.4056,144310.49,14496.861
159953.SZ,20180103,0.956,0.943,0.966,0.943,0.96,0.004,0.4184,599.04,57.569
159955.SZ,20180103,0.961,0.962,0.976,0.957,0.973,0.012,1.2487,13809.0,1335.625
160105.SZ,20180103,1.135,1.121,1.135,1.121,1.134,-0.001,-0.0881,309.25,34.824
160106.SZ,20180103,1.356,1.365,1.385,1.365,1.382,0.026,1.9174,1291.34,177.165
160119.SZ,20180103,1.55,1.55,1.569,1.55,1.563,0.013,0.8387,4590.46,717.393
160125.SZ,20180103,1.041,1.042,1.051,1.042,1.046,0.005,0.4803,4816.0,504.613
160128.SZ,20180103,0.968,0.97,0.97,0.968,0.968,0.0,0.0,1414.0,136.876
160131.SZ,20180103,1.0,1.0,1.0,1.0,1.0,0.0,0.0,12904.0,1290.4
160133.SZ,20180103,2.279,2.289,2.31,2.277,2.297,0.018,0.7898,2253.38,518.054
160138.SZ,20180103,1.095,1.11,1.113,1.11,1.113,0.018,1.6438,100.0,11.12
160140.SZ,20180103,0.982,0.982,0.985,0.982,0.985,0.003,0.3055,699.23,68.714
160211.SZ,20180103,2.912,2.912,2.965,2.909,2.951,0.039,1.3393,11735.94,3455.5
160212.SZ,20180103,2.853,2.853,2.906,2.852,2.885,0.032,1.1216,39083.35,11258.74
160215.SZ,20180103,1.593,1.599,1.626,1.598,1.624,0.031,1.946,8642.53,1398.574
160216.SZ,20180103,0.454,0.454,0.455,0.451,0.452,-0.002,-0.4405,78184.74,3538.042
160220.SZ,20180103,1.323,1.328,1.328,1.327,1.327,0.004,0.3023,106.0,14.066
160223.SZ,20180103,0.831,0.83,0.841,0.829,0.839,0.008,0.9627,450.18,37.652
160225.SZ,20180103,1.085,1.086,1.109,1.085,1.099,0.014,1.2903,4046.95,446.197
160311.SZ,20180103,1.598,1.6,1.613,1.6,1.605,0.007,0.438,2318.07,372.907
160314.SZ,20180103,1.141,1.133,1.145,1.133,1.145,0.004,0.3506,1646.17,187.672
160322.SZ,20180103,1.299,1.302,1.315,1.302,1.314,0.015,1.1547,5019.35,658.855
160323.SZ,20180103,0.957,0.958,0.958,0.957,0.958,0.001,0.1045,23641.39,2264.835
160324.SZ,20180103,0.853,0.865,0.868,0.861,0.868,0.015,1.7585,2416.0,209.415
160415.SZ,20180103,1.057,1.056,1.066,1.056,1.066,0.009,0.8515,144.0,15.294
160416.SZ,20180103,0.975,0.983,0.984,0.979,0.983,0.008,0.8205,8652.31,849.219
160421.SZ,20180103,0.926,0.931,0.947,0.931,0.943,0.017,1.8359,57189.45,5391.798
160422.SZ,20180103,1.079,1.09,1.099,1.09,1.099,0.02,1.8536,71.95,7.9
160505.SZ,20180103,2.12,2.108,2.126,2.103,2.12,0.0,0.0,70831.06,14993.4
160512.SZ,20180103,2.086,2.087,2.107,2.081,2.104,0.018,0.8629,428.0,89.691
160513.SZ,20180103,1.344,1.344,1.344,1.344,1.344,0.0,0.0,4.0,0.537
160515.SZ,20180103,0.983,0.984,0.985,0.984,0.985,0.002,0.2035,4236.0,417.221
160518.SZ,20180103,0.975,0.977,0.985,0.977,0.984,0.009,0.9231,20154.0,1977.169
160519.SZ,20180103,1.003,1.007,1.007,1.0,1.006,0.003,0.2991,19096.12,1916.765
160520.SZ,20180103,0.992,0.994,0.994,0.993,0.994,0.002,0.2016,6.0,0.596
160522.SZ,20180103,0.974,0.971,0.982,0.971,0.982,0.008,0.8214,5370.18,525.226
160607.SZ,20180103,0.862,0.862,0.87,0.862,0.869,0.007,0.8121,2181.0,189.102
160610.SZ,20180103,1.107,1.111,1.123,1.111,1.119,0.012,1.084,3622.89,405.766
160611.SZ,20180103,0.812,0.812,0.83,0.812,0.83,0.018,2.2167,1124.25,92.521
160613.SZ,20180103,1.543,1.566,1.566,1.566,1.566,0.023,1.4906,1.0,0.156
160615.SZ,20180103,1.632,1.639,1.684,1.639,1.673,0.041,2.5123,192.94,32.249
160616.SZ,20180103,1.365,1.364,1.372,1.364,1.371,0.006,0.4396,9.0,1.229
160617.SZ,20180103,1.0,1.002,1.002,1.002,1.002,0.002,0.2,5440.0,545.088
160618.SZ,20180103,1.146,1.148,1.148,1.148,1.148,0.002,0.1745,4.0,0.459
160621.SZ,20180103,1.083,1.085,1.087,1.085,1.087,0.004,0.3693,31.0,3.368
160622.SZ,20180103,0.972,0.974,0.974,0.974,0.974,0.002,0.2058,4.0,0.389
160635.SZ,20180103,1.087,1.087,1.098,1.083,1.098,0.011,1.012,778.08,84.582
160642.SZ,20180103,0.942,0.95,0.95,0.95,0.95,0.008,0.8493,51.02,4.846
160643.SZ,20180103,0.948,0.948,0.952,0.948,0.952,0.004,0.4219,177.0,16.845
160644.SZ,20180103,0.985,0.985,1.0,0.983,0.999,0.014,1.4213,637.02,63.14
160706.SZ,20180103,1.163,1.163,1.176,1.163,1.17,0.007,0.6019,43470.62,5090.77
160716.SZ,20180103,1.578,1.573,1.593,1.573,1.586,0.008,0.507,2057.0,326.394
160717.SZ,20180103,0.85,0.852,0.855,0.85,0.853,0.003,0.3529,8796.96,750.121
160719.SZ,20180103,0.698,0.703,0.704,0.701,0.702,0.004,0.5731,8161.0,573.637
160720.SZ,20180103,1.052,1.059,1.059,1.052,1.052,0.0,0.0,43.0,4.526
160722.SZ,20180103,0.988,0.988,0.993,0.988,0.992,0.004,0.4049,126078.05,12505.319
160723.SZ,20180103,1.082,1.088,1.088,1.086,1.087,0.005,0.4621,2460.21,267.398
160805.SZ,20180103,0.86,0.865,0.883,0.862,0.868,0.008,0.9302,238.64,20.706
160806.SZ,20180103,1.451,1.462,1.471,1.462,1.468,0.017,1.1716,1241.21,182.531
160807.SZ,20180103,1.319,1.337,1.338,1.336,1.336,0.017,1.2889,3.0,0.401
160809.SZ,20180103,1.115,1.116,1.13,1.116,1.128,0.013,1.1659,6410.2,722.58
160810.SZ,20180103,1.189,1.19,1.19,1.19,1.19,0.001,0.0841,84.45,10.049
160812.SZ,20180103,1.545,1.55,1.562,1.549,1.561,0.016,1.0356,3188.25,496.671
160813.SZ,20180103,0.84,0.849,0.849,0.837,0.843,0.003,0.3571,3553.12,299.701
160910.SZ,20180103,1.201,1.201,1.208,1.2,1.2,-0.001,-0.0833,943.97,113.602
160915.SZ,20180103,1.126,1.127,1.127,1.127,1.127,0.001,0.0888,6.73,0.758
160916.SZ,20180103,2.814,2.814,2.814,2.791,2.81,-0.004,-0.1421,4156.49,1167.129
160918.SZ,20180103,2.007,2.018,2.045,2.018,2.038,0.031,1.5446,3403.0,691.626
160919.SZ,20180103,1.243,1.249,1.252,1.249,1.25,0.007,0.5632,1118.0,139.768
160921.SZ,20180103,0.924,0.935,0.935,0.935,0.935,0.011,1.1905,100.0,9.35
160924.SZ,20180103,1.059,1.052,1.06,1.052,1.059,0.0,0.0,440.01,46.302
161005.SZ,20180103,2.151,2.151,2.184,2.151,2.179,0.028,1.3017,15416.1,3350.127
161010.SZ,20180103,1.022,1.024,1.034,1.024,1.034,0.012,1.1742,2780.0,285.893
161014.SZ,20180103,1.027,1.009,1.009,1.007,1.009,-0.018,-1.7527,904.82,91.252
161015.SZ,20180103,0.928,0.928,0.928,0.928,0.928,0.0,0.0,451.0,41.852
161017.SZ,20180103,2.264,2.274,2.302,2.262,2.29,0.026,1.1484,2300.03,525.663
161019.SZ,20180103,0.971,0.975,0.975,0.97,0.972,0.001,0.103,20652.0,2006.618
161033.SZ,20180103,1.058,1.058,1.08,1.056,1.079,0.021,1.9849,2173.57,232.216
161035.SZ,20180103,0.972,0.979,0.979,0.978,0.978,0.006,0.6173,63.0,6.166
161036.SZ,20180103,0.843,0.843,0.856,0.84,0.856,0.013,1.5421,730.13,61.671
161037.SZ,20180103,1.157,1.169,1.18,1.169,1.179,0.022,1.9015,197.0,23.238
161038.SZ,20180103,1.027,1.059,1.059,1.029,1.037,0.01,0.9737,468.0,48.456
161116.SZ,20180103,0.711,0.714,0.715,0.711,0.711,0.0,0.0,7957.26,567.524
161117.SZ,20180103,0.987,0.994,0.998,0.993,0.993,0.006,0.6079,5324.0,529.362
161124.SZ,20180103,1.099,1.1,1.115,1.1,1.11,0.011,1.0009,165.0,18.288
161125.SZ,20180103,1.101,1.108,1.108,1.106,1.106,0.005,0.4541,23.0,2.545
161126.SZ,20180103,1.138,1.14,1.153,1.137,1.153,0.015,1.3181,423.02,48.141
161127.SZ,20180103,1.252,1.285,1.285,1.258,1.27,0.018,1.4377,365.0,46.252
161128.SZ,20180103,1.268,1.25,1.25,1.225,1.226,-0.042,-3.3123,1730.0,212.275
161129.SZ,20180103,1.038,1.04,1.04,1.038,1.039,0.001,0.0963,256.0,26.579
161130.SZ,20180103,1.05,1.05,1.065,1.05,1.065,0.015,1.4286,19.0,1.999
161210.SZ,20180103,1.076,1.078,1.091,1.072,1.087,0.011,1.0223,1250.0,135.28
161213.SZ,20180103,1.61,1.618,1.629,1.618,1.625,0.015,0.9317,318.0,51.639
161216.SZ,20180103,0.997,1.047,1.054,1.047,1.054,0.057,5.7172,3116.0,326.254
161217.SZ,20180103,0.784,0.787,0.799,0.787,0.79,0.006,0.7653,533.23,42.409
161219.SZ,20180103,1.326,1.326,1.34,1.326,1.34,0.014,1.0558,37.0,4.949
161222.SZ,20180103,1.212,1.211,1.225,1.201,1.221,0.009,0.7426,1575.0,192.118
161224.SZ,20180103,0.997,0.99,1.001,0.99,1.001,0.004,0.4012,1454.9,145.028
161225.SZ,20180103,1.24,1.244,1.264,1.244,1.262,0.022,1.7742,1437.07,180.418
161226.SZ,20180103,0.852,0.856,0.857,0.853,0.853,0.001,0.1174,32923.0,2816.257
161227.SZ,20180103,1.063,1.068,1.078,1.065,1.072,0.009,0.8467,10498.58,1126.227
161229.SZ,20180103,1.364,1.368,1.38,1.368,1.377,0.013,0.9531,113.25,15.602
161232.SZ,20180103,0.841,0.841,0.848,0.841,0.848,0.007,0.8323,10296.13,870.932
161233.SZ,20180103,0.96,0.949,0.965,0.933,0.949,-0.011,-1.1458,640.0,61.674
161607.SZ,20180103,1.271,1.284,1.292,1.284,1.292,0.021,1.6522,302.04,39.008
161610.SZ,20180103,1.017,1.019,1.031,1.019,1.03,0.013,1.2783,6647.35,682.484
161630.SZ,20180103,0.939,0.939,0.948,0.932,0.948,0.009,0.9585,77.0,7.251
161631.SZ,20180103,1.044,1.044,1.06,1.041,1.058,0.014,1.341,25034.36,2636.903
161706.SZ,20180103,1.712,1.709,1.727,1.709,1.713,0.001,0.0584,1171.0,201.817
161714.SZ,20180103,1.032,1.038,1.045,1.036,1.045,0.013,1.2597,2394.2,249.232
161715.SZ,20180103,1.146,1.152,1.166,1.152,1.156,0.01,0.8726,1266.72,146.588
161727.SZ,20180103,1.026,1.031,1.057,1.031,1.057,0.031,3.0214,15.0,1.573
161810.SZ,20180103,1.644,1.655,1.673,1.645,1.667,0.023,1.399,233.0,38.751
161813.SZ,20180103,1.272,1.273,1.283,1.273,1.276,0.004,0.3145,4118.0,524.337
161815.SZ,20180103,0.464,0.467,0.468,0.465,0.467,0.003,0.6466,12997.0,605.592
161820.SZ,20180103,1.083,1.083,1.083,1.083,1.083,0.0,0.0,4.0,0.433
161831.SZ,20180103,1.03,1.035,1.044,1.031,1.032,0.002,0.1942,4778.0,496.434
161834.SZ,20180103,0.82,0.823,0.825,0.819,0.824,0.004,0.4878,13147.87,1083.18
161903.SZ,20180103,0.823,0.826,0.838,0.824,0.832,0.009,1.0936,321.0,26.59
161907.SZ,20180103,1.721,1.729,1.744,1.728,1.74,0.019,1.104,32.0,5.566
161908.SZ,20180103,0.96,0.949,1.046,0.898,0.958,-0.002,-0.2083,822.46,82.416
161911.SZ,20180103,0.951,0.951,0.951,0.95,0.95,-0.001,-0.1052,10051.0,954.989
162006.SZ,20180103,1.222,1.229,1.248,1.229,1.235,0.013,1.0638,567.0,69.887
162105.SZ,20180103,1.055,1.066,1.066,1.052,1.055,0.0,0.0,213.1,22.624
162108.SZ,20180103,1.084,1.082,1.082,1.081,1.081,-0.003,-0.2768,246.77,26.679
162207.SZ,20180103,1.396,1.4,1.433,1.4,1.417,0.021,1.5043,506.1,71.84
162215.SZ,20180103,1.033,1.04,1.041,1.04,1.041,0.008,0.7744,0.98,0.101
162307.SZ,20180103,1.314,1.319,1.333,1.319,1.324,0.01,0.761,194.0,25.654
162411.SZ,20180103,0.604,0.611,0.613,0.61,0.612,0.008,1.3245,557765.4,34084.902
162414.SZ,20180103,1.174,1.178,1.178,1.178,1.178,0.004,0.3407,4.0,0.471
162415.SZ,20180103,1.266,1.274,1.289,1.265,1.266,0.0,0.0,342.91,43.677
162510.SZ,20180103,1.046,1.065,1.069,1.065,1.069,0.023,2.1989,5.04,0.538
162605.SZ,20180103,1.367,1.367,1.38,1.367,1.374,0.007,0.5121,49004.19,6734.423
162607.SZ,20180103,0.58,0.58,0.584,0.578,0.582,0.002,0.3448,11199.94,650.789
162703.SZ,20180103,1.428,1.428,1.44,1.419,1.432,0.004,0.2801,2908.64,415.843
162711.SZ,20180103,1.33,1.336,1.345,1.336,1.345,0.015,1.1278,178.0,23.919
162712.SZ,20180103,1.423,1.423,1.423,1.423,1.423,0.0,0.0,729.12,103.753
162715.SZ,20180103,1.099,1.095,1.095,1.095,1.095,-0.004,-0.364,11.0,1.204
162717.SZ,20180103,0.977,0.991,0.991,0.969,0.971,-0.006,-0.6141,518.49,50.304
162718.SZ,20180103,0.95,0.95,0.95,0.943,0.95,0.0,0.0,6718.85,638.01
162719.SZ,20180103,1.022,1.031,1.032,1.028,1.03,0.008,0.7828,18844.28,1940.433
163001.SZ,20180103,0.914,0.912,0.918,0.912,0.918,0.004,0.4376,32.0,2.936
163003.SZ,20180103,0.622,0.624,0.624,0.624,0.624,0.002,0.3215,0.7,0.043
163005.SZ,20180103,0.822,0.824,0.824,0.824,0.824,0.002,0.2433,0.35,0.028
163110.SZ,20180103,2.249,2.25,2.277,2.25,2.273,0.024,1.0671,3825.81,867.84
163111.SZ,20180103,1.138,1.141,1.157,1.141,1.153,0.015,1.3181,4493.14,517.93
163119.SZ,20180103,0.895,0.909,0.909,0.874,0.895,0.0,0.0,438.88,39.126
163208.SZ,20180103,0.884,0.898,0.921,0.898,0.901,0.017,1.9231,4117.0,373.918
163210.SZ,20180103,1.01,1.01,1.011,1.01,1.01,0.0,0.0,2120.0,214.238
163302.SZ,20180103,1.488,1.49,1.516,1.486,1.516,0.028,1.8817,501.0,74.797
163402.SZ,20180103,0.931,0.934,0.943,0.934,0.937,0.006,0.6445,258928.66,24314.704
163407.SZ,20180103,1.889,1.882,1.939,1.882,1.915,0.026,1.3764,4307.52,823.391
163409.SZ,20180103,1.604,1.61,1.619,1.61,1.614,0.01,0.6234,47.0,7.584
163412.SZ,20180103,3.296,3.3,3.349,3.3,3.318,0.022,0.6675,20973.32,6978.247
163415.SZ,20180103,1.385,1.396,1.404,1.392,1.402,0.017,1.2274,2429.03,340.302
163503.SZ,20180103,0.503,0.502,0.508,0.502,0.506,0.003,0.5964,1293.5,65.389
163801.SZ,20180103,1.297,1.308,1.308,1.298,1.298,0.001,0.0771,1066.0,138.98
163819.SZ,20180103,1.084,1.083,1.088,1.083,1.084,0.0,0.0,70.0,7.586
163821.SZ,20180103,1.497,1.54,1.54,1.508,1.513,0.016,1.0688,55.0,8.461
163824.SZ,20180103,0.996,0.997,0.997,0.994,0.994,-0.002,-0.2008,225.0,22.432
163827.SZ,20180103,0.994,0.97,0.97,0.97,0.97,-0.024,-2.4145,20.0,1.94
164206.SZ,20180103,1.053,1.055,1.055,1.055,1.055,0.002,0.1899,288.0,30.384
164208.SZ,20180103,1.152,1.147,1.19,1.146,1.154,0.002,0.1736,85.55,9.82
164210.SZ,20180103,1.0,1.001,1.003,1.001,1.002,0.002,0.2,539.92,54.1
164302.SZ,20180103,1.031,1.037,1.037,1.037,1.037,0.006,0.582,0.8,0.082
164403.SZ,20180103,1.037,1.043,1.043,1.039,1.043,0.006,0.5786,64.0,6.674
164606.SZ,20180103,1.062,1.047,1.047,1.047,1.047,-0.015,-1.4124,1.0,0.104
164701.SZ,20180103,0.603,0.605,0.606,0.603,0.603,0.0,0.0,3719.0,224.79
164702.SZ,20180103,0.97,0.972,0.972,0.97,0.97,0.0,0.0,3711.0,360.067
164808.SZ,20180103,0.986,0.987,0.992,0.986,0.992,0.006,0.6085,151.0,14.904
164810.SZ,20180103,0.956,0.953,0.956,0.953,0.954,-0.002,-0.2092,1772.0,169.251
164812.SZ,20180103,0.93,0.925,0.925,0.925,0.925,-0.005,-0.5376,0.2,0.018
164814.SZ,20180103,0.988,0.996,0.997,0.996,0.997,0.009,0.9109,101.0,10.069
164823.SZ,20180103,0.983,0.996,0.996,0.966,0.979,-0.004,-0.4069,237.04,23.028
164902.SZ,20180103,1.377,1.379,1.379,1.379,1.379,0.002,0.1452,10829.0,1493.319
164906.SZ,20180103,1.392,1.434,1.436,1.425,1.436,0.044,3.1609,54643.2,7827.92
165309.SZ,20180103,1.242,1.253,1.253,1.251,1.251,0.009,0.7246,53.0,6.63
165311.SZ,20180103,1.281,1.282,1.287,1.282,1.287,0.006,0.4684,9.0,1.157
165313.SZ,20180103,1.438,1.439,1.44,1.432,1.433,-0.005,-0.3477,728.0,104.757
165317.SZ,20180103,0.963,0.96,0.967,0.92,0.965,0.002,0.2077,488.0,45.802
165508.SZ,20180103,1.955,1.959,1.998,1.959,1.998,0.043,2.1995,47.0,9.215
165510.SZ,20180103,0.841,0.869,0.869,0.855,0.863,0.022,2.6159,4420.0,380.989
165512.SZ,20180103,2.572,2.607,2.61,2.595,2.61,0.038,1.4774,276.0,71.955
165513.SZ,20180103,0.452,0.453,0.453,0.446,0.448,-0.004,-0.885,6735.0,301.481
165516.SZ,20180103,2.107,2.118,2.138,2.118,2.138,0.031,1.4713,9.0,1.91
165517.SZ,20180103,0.756,0.758,0.758,0.758,0.758,0.002,0.2646,0.89,0.067
165525.SZ,20180103,1.108,1.11,1.12,1.108,1.12,0.012,1.083,401.0,44.756
165528.SZ,20180103,1.012,1.014,1.024,1.014,1.023,0.011,1.087,70872.52,7228.75
166001.SZ,20180103,1.294,1.284,1.297,1.284,1.292,-0.002,-0.1546,821.61,105.799
166006.SZ,20180103,1.184,1.184,1.208,1.184,1.195,0.011,0.9291,5127.71,613.646
166007.SZ,20180103,1.429,1.442,1.447,1.442,1.447,0.018,1.2596,4.0,0.577
166008.SZ,20180103,1.036,1.038,1.038,1.038,1.038,0.002,0.1931,1.0,0.103
166009.SZ,20180103,1.845,1.854,1.904,1.854,1.881,0.036,1.9512,8.0,1.501
166011.SZ,20180103,1.419,1.417,1.425,1.417,1.422,0.003,0.2114,51.0,7.252
166023.SZ,20180103,1.054,1.07,1.095,1.07,1.085,0.031,2.9412,468.0,51.065
166024.SZ,20180103,1.005,1.006,1.02,1.006,1.013,0.008,0.796,31688.2,3203.416
166401.SZ,20180103,1.034,1.037,1.04,1.037,1.04,0.006,0.5803,937.72,97.242
166402.SZ,20180103,1.086,1.092,1.095,1.092,1.095,0.009,0.8287,43.03,4.699
166902.SZ,20180103,1.01,1.01,1.011,1.01,1.011,0.001,0.099,2078.0,209.898
166904.SZ,20180103,1.049,1.0,1.048,1.0,1.048,-0.001,-0.0953,11.0,1.143
167001.SZ,20180103,0.785,0.785,0.79,0.784,0.79,0.005,0.6369,32061.77,2524.413
167002.SZ,20180103,0.908,0.909,0.914,0.83,0.83,-0.078,-8.5903,89.0,8.039
167003.SZ,20180103,0.939,0.941,0.954,0.941,0.954,0.015,1.5974,310.0,29.561
167501.SZ,20180103,1.107,1.108,1.109,1.108,1.109,0.002,0.1807,30.0,3.325
168002.SZ,20180103,0.964,0.944,0.965,0.943,0.963,-0.001,-0.1037,151.0,14.358
168101.SZ,20180103,0.995,0.997,1.005,0.992,1.005,0.01,1.005,31423.0,3142.974
168102.SZ,20180103,0.84,0.84,0.853,0.84,0.845,0.005,0.5952,28736.18,2425.496
168103.SZ,20180103,0.795,0.796,0.804,0.796,0.804,0.009,1.1321,58856.71,4715.589
168104.SZ,20180103,0.931,0.936,0.936,0.93,0.935,0.004,0.4296,1507.0,140.299
168105.SZ,20180103,0.805,0.807,0.813,0.807,0.813,0.008,0.9938,4498.13,364.73
168106.SZ,20180103,0.853,0.854,0.87,0.852,0.852,-0.001,-0.1172,72.1,6.167
168108.SZ,20180103,0.9,0.908,0.928,0.908,0.915,0.015,1.6667,8.0,0.729
168301.SZ,20180103,0.904,0.902,0.907,0.902,0.905,0.001,0.1106,25176.0,2276.783
168401.SZ,20180103,0.929,0.93,0.931,0.93,0.931,0.002,0.2153,318.89,29.676
169101.SZ,20180103,1.684,1.685,1.704,1.673,1.694,0.01,0.5938,56689.51,9582.913
169102.SZ,20180103,1.888,1.9,1.926,1.9,1.918,0.03,1.589,7783.42,1486.868
169103.SZ,20180103,1.81,1.829,1.839,1.821,1.839,0.029,1.6022,4360.01,798.453
169104.SZ,20180103,1.797,1.797,1.82,1.797,1.819,0.022,1.2243,4385.0,796.361
169105.SZ,20180103,1.896,1.882,1.911,1.878,1.904,0.008,0.4219,118426.59,22467.359
169201.SZ,20180103,0.92,0.93,0.93,0.913,0.913,-0.007,-0.7609,474.55,43.906
184801.SZ,20180103,96.14,96.6,96.6,95.868,96.139,-0.001,-0.001,106.0,1016.813
501000.SH,20180103,1.225,1.238,1.238,1.238,1.238,0.013,1.0612,1.0,0.124
501001.SH,20180103,1.117,1.117,1.13,1.111,1.13,0.013,1.1638,9178.43,1031.669
501002.SH,20180103,0.998,0.998,1.0,0.997,0.997,-0.001,-0.1002,11.0,1.098
501003.SH,20180103,0.979,0.986,0.989,0.986,0.989,0.01,1.0215,73.0,7.209
501005.SH,20180103,0.958,0.956,0.967,0.956,0.964,0.006,0.6263,348.0,33.448
501007.SH,20180103,0.92,0.92,0.929,0.919,0.929,0.009,0.9783,118.82,10.929
501008.SH,20180103,0.949,0.927,0.927,0.92,0.927,-0.022,-2.3182,117.0,10.832
501009.SH,20180103,1.168,1.155,1.173,1.154,1.169,0.001,0.0856,1268.97,146.705
501010.SH,20180103,1.157,1.157,1.175,1.154,1.17,0.013,1.1236,1984.0,229.547
501011.SH,20180103,1.04,1.037,1.037,1.013,1.03,-0.01,-0.9615,345.49,35.217
501012.SH,20180103,1.013,1.013,1.018,0.989,1.013,0.0,0.0,1017.9,102.707
501015.SH,20180103,0.945,0.946,0.955,0.945,0.952,0.007,0.7407,57774.25,5492.313
501016.SH,20180103,0.972,0.978,0.994,0.972,0.984,0.012,1.2346,5623.74,553.104
501017.SH,20180103,0.937,0.936,0.941,0.936,0.941,0.004,0.4269,3769.25,353.496
501018.SH,20180103,1.036,1.036,1.036,1.031,1.035,-0.001,-0.0965,4540.46,468.964
501019.SH,20180103,0.813,0.82,0.826,0.811,0.823,0.01,1.23,1701.86,139.159
501020.SH,20180103,1.085,1.085,1.089,1.085,1.085,0.0,0.0,993.0,107.741
501021.SH,20180103,1.441,1.444,1.462,1.444,1.453,0.012,0.8328,50604.15,7375.789
501022.SH,20180103,0.83,0.831,0.856,0.831,0.838,0.008,0.9639,4185.26,350.43
501023.SH,20180103,1.192,1.199,1.205,1.185,1.194,0.002,0.1678,12783.43,1517.627
501025.SH,20180103,1.158,1.16,1.16,1.158,1.16,0.002,0.1727,1126.0,130.557
501026.SH,20180103,0.886,0.888,0.901,0.888,0.901,0.015,1.693,85710.06,7662.445
501027.SH,20180103,0.98,0.984,0.997,0.984,0.993,0.013,1.3265,4367.0,432.945
501028.SH,20180103,0.919,0.917,0.931,0.917,0.927,0.008,0.8705,20932.78,1935.505
501029.SH,20180103,1.103,1.104,1.114,1.104,1.11,0.007,0.6346,45044.09,4997.683
501030.SH,20180103,0.935,0.934,0.95,0.931,0.95,0.015,1.6043,911.01,86.191
501031.SH,20180103,0.932,0.939,0.949,0.939,0.949,0.017,1.824,36.0,3.414
501032.SH,20180103,0.92,0.916,0.93,0.916,0.916,-0.004,-0.4348,1095.9,101.224
501035.SH,20180103,0.929,0.93,0.935,0.93,0.932,0.003,0.3229,7868.83,732.446
501036.SH,20180103,0.963,0.992,0.992,0.98,0.98,0.017,1.7653,446.07,44.06
501037.SH,20180103,0.954,0.99,0.99,0.966,0.967,0.013,1.3627,4349.26,421.018
501038.SH,20180103,1.083,1.084,1.091,1.084,1.088,0.005,0.4617,39947.77,4339.994
501043.SH,20180103,1.042,1.05,1.056,1.047,1.05,0.008,0.7678,4008.91,421.835
501045.SH,20180103,1.045,1.047,1.053,1.046,1.052,0.007,0.6699,2195.76,230.568
501046.SH,20180103,0.906,0.907,0.915,0.907,0.914,0.008,0.883,2835.34,258.222
501050.SH,20180103,1.228,1.23,1.242,1.23,1.239,0.011,0.8958,16561.39,2049.331
501106.SH,20180103,0.996,0.996,0.996,0.993,0.996,0.0,0.0,148.45,14.779
501300.SH,20180103,0.958,0.959,0.961,0.958,0.961,0.003,0.3132,587.64,56.384
501301.SH,20180103,1.189,1.2,1.207,1.2,1.201,0.012,1.0093,898.0,107.922
501302.SH,20180103,1.086,1.095,1.095,1.094,1.095,0.009,0.8287,1731.0,189.372
501303.SH,20180103,1.01,1.012,1.018,1.01,1.016,0.006,0.5941,8920.87,904.968
502003.SH,20180103,0.902,0.89,0.895,0.89,0.895,-0.007,-0.7761,601.0,53.719
502004.SH,20180103,0.9,0.899,0.901,0.899,0.901,0.001,0.1111,23782.5,2138.959
502005.SH,20180103,0.877,0.876,0.894,0.872,0.893,0.016,1.8244,7266.85,644.96
502006.SH,20180103,1.095,1.096,1.105,1.094,1.099,0.004,0.3653,1460.67,160.729
502007.SH,20180103,1.02,1.021,1.021,1.009,1.018,-0.002,-0.1961,306.54,31.295
502008.SH,20180103,1.166,1.16,1.194,1.16,1.194,0.028,2.4014,1820.02,215.645
502010.SH,20180103,1.101,1.101,1.107,1.071,1.1,-0.001,-0.0908,869.01,94.782
502011.SH,20180103,0.898,0.9,0.905,0.899,0.899,0.001,0.1114,2896.08,260.514
502012.SH,20180103,1.241,1.241,1.269,1.241,1.269,0.028,2.2562,4297.74,542.457
502013.SH,20180103,0.883,0.883,0.891,0.88,0.889,0.006,0.6795,11563.76,1025.481
502014.SH,20180103,0.959,0.946,0.969,0.946,0.965,0.006,0.6257,4526.01,437.138
502015.SH,20180103,0.807,0.807,0.816,0.801,0.815,0.008,0.9913,10026.23,811.112
502016.SH,20180103,1.041,1.052,1.059,1.052,1.059,0.018,1.7291,37.72,3.97
502018.SH,20180103,1.064,1.064,1.16,0.958,0.958,-0.106,-9.9624,249.61,26.57
502020.SH,20180103,1.001,1.016,1.016,1.012,1.012,0.011,1.0989,77.08,7.814
502022.SH,20180103,1.01,1.111,1.111,1.111,1.111,0.101,10.0,120.0,13.332
502023.SH,20180103,1.044,1.056,1.058,1.043,1.045,0.001,0.0958,1967.25,205.768
502025.SH,20180103,0.95,1.045,1.045,1.045,1.045,0.095,10.0,346.0,36.157
502026.SH,20180103,0.794,0.793,0.803,0.793,0.803,0.009,1.1335,178.0,14.247
502028.SH,20180103,0.557,0.556,0.613,0.556,0.613,0.056,10.0539,150.0,8.925
502031.SH,20180103,0.924,0.993,0.993,0.993,0.993,0.069,7.4675,4.0,0.397
502036.SH,20180103,0.924,0.924,0.927,0.924,0.927,0.003,0.3247,378.26,35.02
502037.SH,20180103,0.963,0.944,0.944,0.944,0.944,-0.019,-1.973,58.06,5.481
502038.SH,20180103,0.88,0.862,0.876,0.862,0.876,-0.004,-0.4545,58.14,5.093
502048.SH,20180103,1.449,1.45,1.45,1.438,1.442,-0.007,-0.4831,771.16,111.47
502049.SH,20180103,0.945,0.933,0.965,0.932,0.933,-0.012,-1.2698,3503.63,329.821
502050.SH,20180103,1.951,1.955,1.973,1.946,1.952,0.001,0.0513,6725.8,1316.523
502053.SH,20180103,0.884,0.89,0.91,0.89,0.91,0.026,2.9412,286.57,25.941
502054.SH,20180103,1.009,0.97,1.006,0.97,1.003,-0.006,-0.5946,63.0,6.216
502055.SH,20180103,0.799,0.799,0.83,0.788,0.825,0.026,3.2541,11897.71,980.826
502056.SH,20180103,0.962,0.958,0.962,0.958,0.962,0.0,0.0,30.63,2.943
502057.SH,20180103,0.961,0.928,0.987,0.928,0.987,0.026,2.7055,520.0,51.241
502058.SH,20180103,0.964,0.978,0.978,0.978,0.978,0.014,1.4523,2.0,0.196
505888.SH,20180103,1.07,1.069,1.071,1.069,1.07,0.0,0.0,353033.03,37774.675
510010.SH,20180103,1.219,1.21,1.218,1.208,1.217,-0.002,-0.1641,393.0,47.637
510020.SH,20180103,2.888,2.854,2.88,2.853,2.877,-0.011,-0.3809,97.0,27.836
510030.SH,20180103,5.185,5.171,5.223,5.171,5.182,-0.003,-0.0579,419.35,218.22
510050.SH,20180103,2.907,2.909,2.945,2.906,2.912,0.005,0.172,5708742.97,1668821.383
510060.SH,20180103,1.915,1.918,1.936,1.918,1.927,0.012,0.6266,2025.82,390.725
510070.SH,20180103,1.885,1.911,1.92,1.911,1.92,0.035,1.8568,60.0,11.517
510090.SH,20180103,1.758,1.74,1.768,1.721,1.739,-0.019,-1.0808,36.0,6.266
510110.SH,20180103,3.9,3.822,3.91,3.82,3.867,-0.033,-0.8462,94.13,36.201
510120.SH,20180103,3.056,3.069,3.069,3.069,3.069,0.013,0.4254,3.0,0.921
510130.SH,20180103,4.052,4.088,4.096,4.032,4.032,-0.02,-0.4936,515.28,209.538
510150.SH,20180103,5.079,5.079,5.188,5.005,5.099,0.02,0.3938,451.28,228.722
510160.SH,20180103,0.628,0.629,0.637,0.629,0.633,0.005,0.7962,58525.5,3718.01
510170.SH,20180103,2.046,2.046,2.076,2.024,2.075,0.029,1.4174,1584.66,325.258
510180.SH,20180103,3.506,3.509,3.549,3.506,3.518,0.012,0.3423,83239.57,29356.745
510190.SH,20180103,3.706,3.706,3.721,3.702,3.708,0.002,0.054,172.24,63.951
510210.SH,20180103,3.887,3.887,3.949,3.776,3.949,0.062,1.5951,382.0,147.732
510220.SH,20180103,4.187,4.199,4.293,4.199,4.249,0.062,1.4808,319.0,135.903
510230.SH,20180103,6.411,6.43,6.491,6.405,6.425,0.014,0.2184,13171.0,8470.592
510260.SH,20180103,1.21,1.206,1.224,1.206,1.223,0.013,1.0744,224.0,27.375
510270.SH,20180103,1.169,1.169,1.178,1.162,1.162,-0.007,-0.5988,508.0,59.725
510280.SH,20180103,1.8,1.804,1.82,1.804,1.819,0.019,1.0556,102.0,18.486
510290.SH,20180103,1.633,1.635,1.645,1.635,1.643,0.01,0.6124,456.0,74.719
510300.SH,20180103,4.136,4.136,4.186,4.132,4.158,0.022,0.5319,1267933.28,527466.33
510310.SH,20180103,1.732,1.733,1.755,1.731,1.741,0.009,0.5196,47497.37,8295.846
510330.SH,20180103,4.421,4.421,4.482,4.421,4.445,0.024,0.5429,15408.0,6853.676
510360.SH,20180103,1.28,1.283,1.296,1.282,1.291,0.011,0.8594,33201.0,4281.542
510410.SH,20180103,0.828,0.829,0.84,0.829,0.837,0.009,1.087,11297.0,944.537
510420.SH,20180103,1.499,1.492,1.509,1.49,1.506,0.007,0.467,385.05,57.694
510430.SH,20180103,1.54,1.53,1.542,1.508,1.542,0.002,0.1299,126.0,19.274
510440.SH,20180103,1.84,1.807,1.827,1.807,1.824,-0.016,-0.8696,270.32,49.254
510500.SH,20180103,6.677,6.679,6.735,6.667,6.72,0.043,0.644,351533.71,235694.054
510510.SH,20180103,1.757,1.759,1.776,1.742,1.773,0.016,0.9106,11110.58,1966.223
510520.SH,20180103,1.612,1.612,1.629,1.612,1.628,0.016,0.9926,187.6,30.275
510560.SH,20180103,1.324,1.335,1.339,1.335,1.339,0.015,1.1329,37.15,4.969
510580.SH,20180103,6.36,6.33,6.395,6.33,6.373,0.013,0.2044,122.81,78.084
510630.SH,20180103,2.37,2.371,2.396,2.371,2.392,0.022,0.9283,9875.16,2356.003
510650.SH,20180103,1.861,1.865,1.894,1.862,1.868,0.007,0.3761,610.0,114.411
510660.SH,20180103,1.895,1.894,1.916,1.894,1.903,0.008,0.4222,7893.0,1502.787
510680.SH,20180103,2.461,2.412,2.482,2.412,2.482,0.021,0.8533,65.0,15.802
510710.SH,20180103,3.066,3.09,3.107,3.063,3.063,-0.003,-0.0978,6949.63,2147.117
510810.SH,20180103,0.976,0.975,0.988,0.975,0.983,0.007,0.7172,67804.66,6667.435
510880.SH,20180103,3.147,3.148,3.177,3.14,3.162,0.015,0.4766,57403.0,18154.962
510900.SH,20180103,1.27,1.274,1.282,1.272,1.276,0.006,0.4724,13891551.99,1773926.588
511010.SH,20180103,109.52,109.52,109.661,109.456,109.564,0.044,0.0402,1733.0,18992.881
511220.SH,20180103,92.502,92.42,92.9,92.42,92.72,0.218,0.2357,400.1,3711.833
511260.SH,20180103,98.2,98.203,98.203,98.101,98.16,-0.04,-0.0407,754.4,7405.183
511600.SH,20180103,99.983,99.986,99.996,99.986,99.995,0.012,0.012,13625.48,136242.567
511620.SH,20180103,99.981,99.958,99.989,99.958,99.979,-0.002,-0.002,1915.28,19146.555
511650.SH,20180103,99.995,99.986,100.003,99.986,100.003,0.008,0.008,6563.43,65633.335
511660.SH,20180103,99.991,99.991,100.005,99.991,100.004,0.013,0.013,133294.56,1332879.658
511670.SH,20180103,99.998,99.997,100.006,99.995,100.006,0.008,0.008,4690.63,46905.102
511680.SH,20180103,100.021,100.021,100.105,100.001,100.047,0.026,0.026,219.64,2197.821
511690.SH,20180103,99.993,99.993,100.0,99.989,99.999,0.006,0.006,48277.24,482746.699
511700.SH,20180103,99.997,99.998,100.044,99.997,100.011,0.014,0.014,2666.99,26673.58
511770.SH,20180103,99.99,99.99,100.07,99.99,99.993,0.003,0.003,600.93,6010.149
511800.SH,20180103,99.996,99.998,100.005,99.99,100.004,0.008,0.008,2861.28,28611.475
511810.SH,20180103,99.998,99.994,100.001,99.991,99.999,0.001,0.001,61404.42,614026.144
511820.SH,20180103,99.99,99.989,100.0,99.989,99.999,0.009,0.009,44133.5,441309.825
511830.SH,20180103,99.987,99.99,100.04,99.981,100.022,0.035,0.035,5565.94,55661.578
511850.SH,20180103,99.989,99.993,100.0,99.988,99.997,0.008,0.008,33003.12,330005.022
511860.SH,20180103,99.987,99.99,99.998,99.987,99.997,0.01,0.01,12157.36,121562.12
511880.SH,20180103,100.18,100.2,100.202,100.175,100.196,0.016,0.016,722537.65,7238401.312
511900.SH,20180103,99.991,99.99,100.0,99.988,99.999,0.008,0.008,59579.85,595753.612
511910.SH,20180103,99.983,99.988,99.997,99.988,99.996,0.013,0.013,7778.64,77778.702
511920.SH,20180103,99.988,99.954,100.099,99.954,99.99,0.002,0.002,167.74,1677.236
511930.SH,20180103,100.986,100.58,100.825,99.953,99.994,-0.992,-0.9823,91.48,917.208
511960.SH,20180103,99.962,99.995,100.04,99.984,99.998,0.036,0.036,256.35,2563.401
511970.SH,20180103,99.994,99.99,99.996,99.99,99.996,0.002,0.002,1312.01,13119.401
511980.SH,20180103,99.989,99.989,99.998,99.982,99.997,0.008,0.008,2601.3,26010.681
511990.SH,20180103,99.998,99.995,100.0,99.991,99.999,0.001,0.001,1076956.78,10768886.794
512000.SH,20180103,0.916,0.917,0.935,0.915,0.93,0.014,1.5284,167346.16,15521.908
512010.SH,20180103,1.643,1.642,1.66,1.642,1.655,0.012,0.7304,8021.0,1326.148
512070.SH,20180103,2.094,2.09,2.13,2.085,2.085,-0.009,-0.4298,17774.0,3725.939
512100.SH,20180103,0.831,0.831,0.838,0.831,0.838,0.007,0.8424,34866.0,2912.102
512120.SH,20180103,1.602,1.606,1.619,1.603,1.612,0.01,0.6242,12267.12,1976.672
512200.SH,20180103,0.994,0.994,1.008,0.99,1.004,0.01,1.006,108675.0,10907.648
512210.SH,20180103,2.23,2.214,2.229,2.203,2.229,-0.001,-0.0448,1808.0,401.006
512220.SH,20180103,1.424,1.418,1.47,1.402,1.47,0.046,3.2303,353.0,49.733
512230.SH,20180103,1.429,1.431,1.441,1.431,1.441,0.012,0.8397,3083.06,441.19
512300.SH,20180103,1.264,1.266,1.278,1.247,1.274,0.01,0.7911,2586.0,328.355
512310.SH,20180103,0.661,0.662,0.669,0.661,0.667,0.006,0.9077,4208.0,279.954
512330.SH,20180103,0.823,0.821,0.833,0.821,0.833,0.01,1.2151,3441.0,285.035
512340.SH,20180103,0.978,0.981,0.988,0.98,0.983,0.005,0.5112,3791.0,373.005
512400.SH,20180103,0.948,0.948,0.968,0.943,0.958,0.01,1.0549,90867.0,8723.792
512500.SH,20180103,3.086,3.091,3.18,3.051,3.132,0.046,1.4906,4890.59,1522.356
512510.SH,20180103,1.312,1.313,1.325,1.312,1.322,0.01,0.7622,24229.0,3194.601
512550.SH,20180103,1.129,1.13,1.143,1.127,1.127,-0.002,-0.1771,9561.0,1087.97
512560.SH,20180103,0.955,0.954,0.954,0.942,0.954,-0.001,-0.1047,2360.0,224.764
512570.SH,20180103,0.915,0.916,0.93,0.916,0.929,0.014,1.5301,7302.0,675.567
512580.SH,20180103,1.008,1.007,1.023,1.003,1.021,0.013,1.2897,55537.0,5646.612
512600.SH,20180103,2.35,2.35,2.43,2.349,2.388,0.038,1.617,232.0,55.042
512610.SH,20180103,1.57,1.579,1.595,1.579,1.587,0.017,1.0828,187.0,29.704
512640.SH,20180103,1.961,1.961,1.975,1.96,1.96,-0.001,-0.051,872.16,172.01
512660.SH,20180103,0.849,0.849,0.857,0.846,0.857,0.008,0.9423,142240.0,12138.16
512680.SH,20180103,0.826,0.826,0.837,0.826,0.836,0.01,1.2107,12605.0,1048.496
512700.SH,20180103,1.048,1.048,1.058,1.048,1.051,0.003,0.2863,4029.0,424.49
512800.SH,20180103,1.029,1.029,1.039,1.027,1.031,0.002,0.1944,98268.09,10160.981
512810.SH,20180103,0.818,0.83,0.83,0.818,0.827,0.009,1.1002,4369.0,359.871
512880.SH,20180103,0.966,0.967,0.986,0.965,0.981,0.015,1.5528,590232.1,57747.307
512900.SH,20180103,0.923,0.923,0.942,0.923,0.938,0.015,1.6251,65713.0,6147.93
512990.SH,20180103,1.195,1.195,1.206,1.19,1.2,0.005,0.4184,36075.0,4323.21
513030.SH,20180103,1.158,1.16,1.166,1.157,1.165,0.007,0.6045,11100.0,1288.922
513050.SH,20180103,1.507,1.554,1.556,1.536,1.539,0.032,2.1234,232032.0,35855.412
513100.SH,20180103,2.218,2.243,2.251,2.24,2.248,0.03,1.3526,35036.0,7863.53
513500.SH,20180103,1.627,1.637,1.639,1.632,1.635,0.008,0.4917,24193.0,3954.843
513600.SH,20180103,2.636,2.634,2.655,2.634,2.643,0.007,0.2656,9591.0,2536.075
513660.SH,20180103,2.622,2.637,2.641,2.625,2.625,0.003,0.1144,1186.0,312.365
518800.SH,20180103,2.73,2.743,2.748,2.733,2.735,0.005,0.1832,330054.0,90482.065
518880.SH,20180103,2.723,2.74,2.744,2.731,2.733,0.01,0.3672,3542791.82,969424.736
