ts_code,trade_date,pre_close,open,high,low,close,change,pct_chg,vol,amount
501000.SH,20190221,0.97,0.969,0.969,0.937,0.967,-0.003,-0.3093,44.0,4.254
501001.SH,20190221,1.019,1.021,1.025,1.012,1.018,-0.001,-0.0981,1533.69,156.818
501002.SH,20190221,0.673,0.673,0.689,0.673,0.677,0.004,0.5944,42.0,2.855
501005.SH,20190221,0.73,0.73,0.738,0.73,0.73,0.0,0.0,7108.69,519.444
501007.SH,20190221,0.806,0.809,0.809,0.805,0.805,-0.001,-0.1241,369.0,29.705
501008.SH,20190221,0.821,0.792,0.829,0.792,0.819,-0.002,-0.2436,2127.81,170.339
501009.SH,20190221,0.938,0.944,0.944,0.925,0.926,-0.012,-1.2793,755.22,70.377
501010.SH,20190221,0.95,0.955,0.955,0.93,0.934,-0.016,-1.6842,125.0,11.677
501011.SH,20190221,0.77,0.769,0.788,0.769,0.775,0.005,0.6494,472.99,36.582
501012.SH,20190221,0.762,0.772,0.772,0.769,0.769,0.007,0.9186,118.0,9.092
501015.SH,20190221,0.812,0.812,0.819,0.807,0.81,-0.002,-0.2463,5521.28,448.117
501016.SH,20190221,0.951,0.947,0.997,0.925,0.975,0.024,2.5237,18754.93,1815.076
501017.SH,20190221,0.788,0.789,0.795,0.757,0.794,0.006,0.7614,1938.08,153.11
501018.SH,20190221,1.06,1.069,1.072,1.058,1.061,0.001,0.0943,47861.0,5100.847
501019.SH,20190221,0.688,0.696,0.703,0.683,0.691,0.003,0.436,9510.36,660.239
501021.SH,20190221,1.317,1.324,1.333,1.323,1.323,0.006,0.4556,1802.0,239.289
501022.SH,20190221,0.849,0.849,0.857,0.849,0.857,0.008,0.9423,1796.13,152.626
501023.SH,20190221,1.106,1.106,1.117,1.106,1.116,0.01,0.9042,22.0,2.451
501025.SH,20190221,1.082,1.081,1.082,1.074,1.082,0.0,0.0,210.0,22.701
501026.SH,20190221,0.768,0.767,0.77,0.767,0.77,0.002,0.2604,3171.0,243.89
501028.SH,20190221,0.81,0.806,0.821,0.803,0.81,0.0,0.0,897.0,72.667
501029.SH,20190221,0.919,0.919,0.925,0.911,0.913,-0.006,-0.6529,120535.0,11075.567
501030.SH,20190221,0.565,0.557,0.565,0.557,0.56,-0.005,-0.885,336.99,18.915
501031.SH,20190221,0.565,0.618,0.618,0.567,0.613,0.048,8.4956,213.0,13.061
501032.SH,20190221,0.73,0.725,0.729,0.725,0.729,-0.001,-0.137,133.0,9.643
501035.SH,20190221,0.908,0.951,0.989,0.95,0.951,0.043,4.7357,1096.74,104.311
501036.SH,20190221,0.748,0.734,0.763,0.734,0.748,0.0,0.0,2146.64,159.915
501037.SH,20190221,0.753,0.746,0.752,0.735,0.743,-0.01,-1.328,457.0,34.022
501038.SH,20190221,0.954,0.96,0.974,0.958,0.962,0.008,0.8386,28653.48,2761.295
501039.SH,20190221,1.043,1.042,1.044,1.042,1.044,0.001,0.0959,410.11,42.792
501040.SH,20190221,1.044,1.044,1.045,1.041,1.044,0.0,0.0,3920.03,409.269
501043.SH,20190221,0.925,0.92,0.939,0.92,0.922,-0.003,-0.3243,6390.13,593.672
501045.SH,20190221,0.919,0.92,0.932,0.916,0.92,0.001,0.1088,637.21,58.874
501046.SH,20190221,0.986,0.972,1.02,0.972,0.995,0.009,0.9128,27040.97,2721.262
501047.SH,20190221,0.87,0.888,0.908,0.87,0.87,0.0,0.0,261.87,22.906
501048.SH,20190221,0.879,0.886,0.908,0.859,0.859,-0.02,-2.2753,875.03,77.766
501049.SH,20190221,0.86,0.857,0.872,0.857,0.863,0.003,0.3488,16979.58,1466.255
501050.SH,20190221,1.177,1.18,1.185,1.173,1.177,0.0,0.0,18901.1,2230.585
501051.SH,20190221,0.907,0.907,0.917,0.901,0.901,-0.006,-0.6615,3073.42,278.618
501053.SH,20190221,1.003,1.004,1.004,1.004,1.004,0.001,0.0997,26.0,2.61
501054.SH,20190221,0.853,0.853,0.863,0.846,0.849,-0.004,-0.4689,94394.34,8071.806
501057.SH,20190221,0.857,0.868,0.868,0.839,0.842,-0.015,-1.7503,4374.0,371.633
501058.SH,20190221,0.849,0.849,0.861,0.84,0.84,-0.009,-1.0601,580.02,48.881
501059.SH,20190221,1.065,1.051,1.061,1.051,1.06,-0.005,-0.4695,1095.32,115.694
501060.SH,20190221,1.038,1.042,1.042,1.034,1.034,-0.004,-0.3854,169.92,17.589
501061.SH,20190221,1.038,1.042,1.047,1.042,1.047,0.009,0.8671,65.0,6.788
501062.SH,20190221,0.917,0.916,0.92,0.911,0.912,-0.005,-0.5453,46266.72,4238.54
501067.SH,20190221,1.085,1.071,1.085,1.071,1.085,0.0,0.0,113.0,12.248
501068.SH,20190221,1.061,1.057,1.073,1.057,1.073,0.012,1.131,184.45,19.497
501300.SH,20190221,0.98,0.979,0.98,0.974,0.977,-0.003,-0.3061,10307.0,1006.057
501301.SH,20190221,1.16,1.163,1.163,1.15,1.156,-0.004,-0.3448,1170.0,135.279
501303.SH,20190221,0.881,0.897,0.899,0.897,0.899,0.018,2.0431,402.0,36.119
501305.SH,20190221,0.944,0.942,0.954,0.936,0.944,0.0,0.0,829.18,78.247
501306.SH,20190221,0.922,0.954,0.954,0.954,0.954,0.032,3.4707,1.0,0.095
501309.SH,20190221,1.03,1.05,1.05,1.042,1.042,0.012,1.165,67.0,7.031
501310.SH,20190221,1.052,1.052,1.052,1.042,1.044,-0.008,-0.7605,1735.0,181.61
501311.SH,20190221,1.008,1.01,1.01,1.01,1.01,0.002,0.1984,149.0,15.049
502000.SH,20190221,0.803,0.803,0.811,0.803,0.803,0.0,0.0,247.0,19.845
502003.SH,20190221,1.13,1.13,1.145,1.112,1.124,-0.006,-0.531,1460.8,166.089
502004.SH,20190221,0.974,0.978,0.978,0.975,0.978,0.004,0.4107,1085.33,106.024
502005.SH,20190221,1.29,1.296,1.336,1.26,1.303,0.013,1.0078,7074.25,925.492
502006.SH,20190221,0.91,0.903,0.92,0.9,0.91,0.0,0.0,1576.61,143.688
502007.SH,20190221,0.993,0.993,0.994,0.983,0.993,0.0,0.0,1280.5,127.143
502008.SH,20190221,0.812,0.811,0.85,0.811,0.816,0.004,0.4926,890.64,74.068
502010.SH,20190221,0.966,0.965,1.015,0.948,0.973,0.007,0.7246,13229.07,1298.856
502011.SH,20190221,0.988,0.988,0.991,0.988,0.99,0.002,0.2024,56004.5,5543.441
502012.SH,20190221,0.932,0.924,1.025,0.913,0.959,0.027,2.897,102147.11,9860.554
502013.SH,20190221,1.084,1.083,1.099,1.078,1.081,-0.003,-0.2768,4682.61,507.423
502014.SH,20190221,0.99,0.988,1.0,0.988,1.0,0.01,1.0101,944.0,93.834
502015.SH,20190221,1.18,1.161,1.199,1.148,1.148,-0.032,-2.7119,1753.9,204.806
502020.SH,20190221,0.874,0.879,0.888,0.879,0.884,0.01,1.1442,170.0,14.981
502021.SH,20190221,0.98,0.98,0.981,0.98,0.981,0.001,0.102,626.0,61.383
502022.SH,20190221,0.81,0.89,0.89,0.753,0.81,0.0,0.0,18.3,1.411
502023.SH,20190221,0.824,0.81,0.833,0.81,0.829,0.005,0.6068,487.62,39.639
502025.SH,20190221,0.698,0.693,0.71,0.63,0.685,-0.013,-1.8625,622.11,40.687
502036.SH,20190221,0.773,0.767,0.779,0.767,0.775,0.002,0.2587,1103.48,85.089
502037.SH,20190221,0.987,0.987,0.988,0.981,0.981,-0.006,-0.6079,6266.5,618.805
502038.SH,20190221,0.614,0.553,0.61,0.553,0.61,-0.004,-0.6515,4313.5,242.655
502040.SH,20190221,1.041,1.05,1.05,1.05,1.05,0.009,0.8646,100.0,10.5
502048.SH,20190221,0.862,0.859,0.87,0.858,0.86,-0.002,-0.232,14152.11,1222.433
502049.SH,20190221,1.011,1.011,1.014,1.011,1.013,0.002,0.1978,46106.0,4667.805
502050.SH,20190221,0.714,0.713,0.729,0.701,0.706,-0.008,-1.1204,119406.17,8524.238
502053.SH,20190221,1.226,1.21,1.259,1.21,1.25,0.024,1.9576,641.66,79.434
502054.SH,20190221,0.986,0.985,0.985,0.981,0.982,-0.004,-0.4057,3425.5,336.613
502055.SH,20190221,1.468,1.453,1.6,1.452,1.497,0.029,1.9755,8909.51,1361.533
502056.SH,20190221,0.921,0.918,0.94,0.918,0.939,0.018,1.9544,502.09,47.124
502057.SH,20190221,1.075,1.182,1.182,0.984,1.173,0.098,9.1163,256.0,25.271
502058.SH,20190221,0.8,0.818,0.84,0.8,0.8,0.0,0.0,373.36,30.311
505888.SH,20190221,0.999,0.998,1.0,0.997,0.998,-0.001,-0.1001,313695.0,31324.733
510010.SH,20190221,1.081,1.069,1.08,1.05,1.061,-0.02,-1.8501,3938.13,420.358
510020.SH,20190221,2.624,2.614,2.652,2.61,2.61,-0.014,-0.5335,262.0,69.172
510030.SH,20190221,4.829,4.845,4.847,4.802,4.83,0.001,0.0207,138.0,66.648
510050.SH,20190221,2.577,2.575,2.604,2.558,2.566,-0.011,-0.4269,10241011.32,2639159.388
510060.SH,20190221,1.778,1.804,1.804,1.757,1.768,-0.01,-0.5624,2209.96,392.618
510070.SH,20190221,1.531,1.531,1.568,1.531,1.54,0.009,0.5879,10558.0,1628.673
510090.SH,20190221,1.552,1.555,1.562,1.555,1.557,0.005,0.3222,329.0,51.231
510110.SH,20190221,3.345,3.345,3.366,3.345,3.366,0.021,0.6278,9.0,3.013
510120.SH,20190221,2.663,2.666,2.695,2.604,2.65,-0.013,-0.4882,8.0,2.132
510130.SH,20190221,3.498,3.451,3.569,3.451,3.527,0.029,0.829,78.0,27.616
510150.SH,20190221,4.328,4.333,4.39,4.315,4.32,-0.008,-0.1848,2689.0,1169.864
510160.SH,20190221,0.526,0.522,0.532,0.522,0.524,-0.002,-0.3802,6369.0,335.501
510170.SH,20190221,1.639,1.647,1.657,1.6,1.648,0.009,0.5491,1350.84,219.501
510180.SH,20190221,3.115,3.114,3.16,3.1,3.114,-0.001,-0.0321,272386.5,85114.337
510190.SH,20190221,3.133,3.13,3.188,3.13,3.133,0.0,0.0,1366.83,429.745
510210.SH,20190221,3.299,3.291,3.335,3.281,3.289,-0.01,-0.3031,1498.0,495.416
510220.SH,20190221,3.59,3.59,3.656,3.588,3.61,0.02,0.5571,944.0,340.495
510230.SH,20190221,5.336,5.33,5.414,5.3,5.325,-0.011,-0.2061,21797.0,11656.931
510260.SH,20190221,1.016,1.005,1.047,1.005,1.045,0.029,2.8543,1565.0,162.504
510270.SH,20190221,1.026,1.03,1.035,1.015,1.028,0.002,0.1949,441.0,45.333
510290.SH,20190221,1.268,1.272,1.286,1.265,1.265,-0.003,-0.2366,6393.0,819.076
510300.SH,20190221,3.438,3.439,3.488,3.418,3.434,-0.004,-0.1163,6352929.22,2191410.162
510310.SH,20190221,1.492,1.49,1.514,1.484,1.49,-0.002,-0.134,171924.0,25737.121
510330.SH,20190221,3.442,3.447,3.492,3.421,3.439,-0.003,-0.0872,2712494.14,935651.022
510360.SH,20190221,1.106,1.106,1.123,1.1,1.103,-0.003,-0.2712,275418.0,30516.373
510380.SH,20190221,0.863,0.866,0.88,0.866,0.872,0.009,1.0429,444.0,38.765
510390.SH,20190221,3.499,3.496,3.55,3.482,3.494,-0.005,-0.1429,65922.96,23121.41
510410.SH,20190221,0.614,0.614,0.619,0.608,0.612,-0.002,-0.3257,16745.0,1027.018
510440.SH,20190221,1.394,1.394,1.446,1.39,1.445,0.051,3.6585,3041.0,427.779
510500.SH,20190221,4.974,4.979,5.089,4.958,4.979,0.005,0.1005,3095152.29,1550593.331
510510.SH,20190221,1.322,1.324,1.345,1.314,1.319,-0.003,-0.2269,292627.0,38838.388
510520.SH,20190221,1.223,1.227,1.236,1.221,1.231,0.008,0.6541,387.0,47.658
510550.SH,20190221,1.081,1.077,1.098,1.073,1.075,-0.006,-0.555,22803.38,2469.937
510560.SH,20190221,0.992,0.993,1.007,0.99,1.0,0.008,0.8065,1483.0,147.814
510580.SH,20190221,4.68,4.74,4.74,4.66,4.698,0.018,0.3846,1608.0,754.715
510590.SH,20190221,4.744,4.748,4.84,4.731,4.747,0.003,0.0632,72685.7,34836.348
510600.SH,20190221,2.563,2.56,2.587,2.54,2.56,-0.003,-0.1171,5971.96,1534.641
510630.SH,20190221,2.249,2.249,2.265,2.22,2.232,-0.017,-0.7559,2983.0,669.402
510650.SH,20190221,1.726,1.72,1.75,1.72,1.728,0.002,0.1159,285.0,49.396
510660.SH,20190221,1.555,1.545,1.577,1.543,1.543,-0.012,-0.7717,7178.0,1120.714
510710.SH,20190221,2.804,2.8,2.834,2.788,2.794,-0.01,-0.3566,167097.0,46838.616
510800.SH,20190221,0.907,0.907,0.917,0.901,0.905,-0.002,-0.2205,48290.0,4389.029
510810.SH,20190221,0.845,0.844,0.857,0.839,0.844,-0.001,-0.1183,161615.0,13702.591
510880.SH,20190221,2.697,2.697,2.711,2.675,2.679,-0.018,-0.6674,113983.76,30726.652
510900.SH,20190221,1.196,1.196,1.206,1.192,1.2,0.004,0.3344,10021171.31,1202538.26
511010.SH,20190221,116.923,116.923,116.928,116.86,116.881,-0.042,-0.0359,25024.0,292532.715
511220.SH,20190221,96.023,96.023,96.096,96.022,96.095,0.072,0.075,218.88,2103.214
511260.SH,20190221,106.475,106.47,106.472,106.354,106.401,-0.074,-0.0695,4360.0,46412.275
511270.SH,20190221,102.735,102.74,102.741,102.5,102.6,-0.135,-0.1314,3496.1,35863.243
511280.SH,20190221,103.999,103.998,103.998,103.998,103.998,-0.001,-0.001,1.0,10.4
511290.SH,20190221,100.561,100.561,100.83,100.561,100.83,0.269,0.2675,0.6,6.047
511310.SH,20190221,105.47,105.55,105.55,105.55,105.55,0.08,0.0759,0.1,1.056
511600.SH,20190221,100.002,100.002,100.006,99.995,99.998,-0.004,-0.004,2947.83,29478.396
511620.SH,20190221,99.978,99.971,99.995,99.971,99.995,0.017,0.017,4.55,45.494
511650.SH,20190221,100.0,100.0,100.003,99.998,99.999,-0.001,-0.001,1640.65,16406.457
511660.SH,20190221,100.008,100.002,100.005,99.998,100.003,-0.005,-0.005,258938.71,2589443.453
511670.SH,20190221,100.005,100.001,100.003,100.0,100.003,-0.002,-0.002,1951.23,19512.661
511690.SH,20190221,100.003,99.998,100.002,99.995,99.999,-0.004,-0.004,25012.56,250120.46
511700.SH,20190221,100.001,100.0,100.0,99.995,100.0,-0.001,-0.001,502.84,5028.275
511770.SH,20190221,99.998,99.998,100.046,99.992,99.996,-0.002,-0.002,234.12,2341.879
511800.SH,20190221,99.997,99.995,100.0,99.995,99.999,0.002,0.002,1095.17,10951.446
511810.SH,20190221,100.0,99.996,100.002,99.995,100.0,0.0,0.0,60754.31,607524.462
511820.SH,20190221,100.006,100.0,100.005,99.997,100.005,-0.001,-0.001,64.2,641.998
511830.SH,20190221,99.997,99.993,99.998,99.993,99.996,-0.001,-0.001,1355.08,13550.187
511850.SH,20190221,100.009,100.006,100.009,100.001,100.008,-0.001,-0.001,20463.78,204647.279
511860.SH,20190221,99.996,99.994,99.999,99.993,99.997,0.001,0.001,1346.9,13468.506
511880.SH,20190221,100.515,100.518,100.523,100.514,100.521,0.006,0.006,524077.22,5267976.857
511900.SH,20190221,100.001,99.995,100.001,99.992,100.0,-0.001,-0.001,5182.2,51820.051
511910.SH,20190221,99.988,99.993,100.0,99.993,100.0,0.012,0.012,17.67,176.698
511920.SH,20190221,99.998,99.998,99.998,99.998,99.998,0.0,0.0,1.02,10.2
511930.SH,20190221,99.981,99.981,99.997,99.981,99.997,0.016,0.016,2.0,19.998
511950.SH,20190221,100.005,99.972,99.972,99.972,99.972,-0.033,-0.033,0.1,1.0
511960.SH,20190221,99.995,99.999,100.05,99.982,99.998,0.003,0.003,341.64,3416.692
511970.SH,20190221,99.999,100.01,100.01,100.01,100.01,0.011,0.011,3.2,32.003
511980.SH,20190221,100.0,99.995,99.998,99.995,99.997,-0.003,-0.003,364.84,3648.253
511990.SH,20190221,100.008,100.003,100.014,100.001,100.012,0.004,0.004,596665.18,5967027.984
512000.SH,20190221,0.836,0.835,0.875,0.827,0.843,0.007,0.8373,2485239.72,210157.899
512010.SH,20190221,1.467,1.465,1.477,1.451,1.455,-0.012,-0.818,223568.0,32791.244
512040.SH,20190221,1.047,1.048,1.061,1.04,1.042,-0.005,-0.4776,385166.26,40455.062
512070.SH,20190221,1.89,1.89,1.95,1.86,1.889,-0.001,-0.0529,18238.0,3489.043
512090.SH,20190221,0.944,0.944,0.956,0.938,0.941,-0.003,-0.3178,1103435.2,104340.895
512100.SH,20190221,0.594,0.592,0.606,0.591,0.593,-0.001,-0.1684,171793.0,10270.89
512120.SH,20190221,1.292,1.292,1.308,1.283,1.285,-0.007,-0.5418,25735.0,3336.93
512150.SH,20190221,1.068,1.06,1.078,1.059,1.063,-0.005,-0.4682,29466.44,3142.773
512160.SH,20190221,0.946,0.946,0.958,0.94,0.943,-0.003,-0.3171,675909.0,64163.262
512180.SH,20190221,0.925,0.923,0.937,0.919,0.921,-0.004,-0.4324,1179561.0,109361.408
512200.SH,20190221,0.793,0.79,0.797,0.78,0.78,-0.013,-1.6393,21740.0,1721.283
512220.SH,20190221,1.12,1.117,1.199,1.116,1.16,0.04,3.5714,975.0,112.316
512260.SH,20190221,1.07,1.07,1.088,1.067,1.07,0.0,0.0,74588.16,8008.998
512280.SH,20190221,0.925,0.923,0.936,0.919,0.922,-0.003,-0.3243,1863805.36,172663.93
512300.SH,20190221,0.922,0.922,0.933,0.916,0.925,0.003,0.3254,11551.0,1066.954
512310.SH,20190221,0.461,0.46,0.468,0.457,0.458,-0.003,-0.6508,10039.0,466.751
512330.SH,20190221,0.654,0.655,0.676,0.653,0.656,0.002,0.3058,29288.0,1933.734
512340.SH,20190221,0.715,0.715,0.722,0.711,0.711,-0.004,-0.5594,11357.0,813.334
512360.SH,20190221,0.957,0.965,0.971,0.955,0.959,0.002,0.209,28532.88,2753.556
512390.SH,20190221,0.911,0.909,0.914,0.909,0.909,-0.002,-0.2195,2251.0,204.701
512400.SH,20190221,0.63,0.63,0.636,0.624,0.629,-0.001,-0.1587,78419.0,4934.743
512500.SH,20190221,2.313,2.313,2.364,2.304,2.319,0.006,0.2594,1116569.61,259738.693
512510.SH,20190221,0.99,0.99,1.01,0.985,0.99,0.0,0.0,113290.0,11277.866
512520.SH,20190221,0.927,0.929,0.94,0.921,0.923,-0.004,-0.4315,136936.73,12745.45
512550.SH,20190221,1.02,1.019,1.028,1.011,1.014,-0.006,-0.5882,26158.0,2662.513
512560.SH,20190221,0.788,0.796,0.797,0.775,0.775,-0.013,-1.6497,7110.0,557.082
512570.SH,20190221,0.83,0.825,0.855,0.811,0.848,0.018,2.1687,6695.0,565.475
512580.SH,20190221,0.726,0.722,0.734,0.716,0.719,-0.007,-0.9642,127201.0,9224.751
512600.SH,20190221,2.158,2.182,2.182,2.106,2.157,-0.001,-0.0463,439.0,93.625
512610.SH,20190221,1.261,1.258,1.27,1.258,1.269,0.008,0.6344,983.0,123.76
512640.SH,20190221,1.76,1.752,1.766,1.752,1.766,0.006,0.3409,3.0,0.527
512660.SH,20190221,0.711,0.711,0.725,0.701,0.703,-0.008,-1.1252,1037100.0,74071.631
512680.SH,20190221,0.699,0.7,0.714,0.69,0.692,-0.007,-1.0014,43534.0,3059.579
512700.SH,20190221,1.01,1.01,1.016,1.004,1.005,-0.005,-0.495,2362.0,238.207
512770.SH,20190221,0.945,0.948,0.988,0.943,0.965,0.02,2.1164,14939.0,1424.642
512780.SH,20190221,0.752,0.748,0.76,0.745,0.746,-0.006,-0.7979,13534.0,1017.618
512800.SH,20190221,0.979,0.977,0.985,0.97,0.972,-0.007,-0.715,573736.0,56074.051
512810.SH,20190221,0.672,0.673,0.686,0.662,0.666,-0.006,-0.8929,32720.0,2212.673
512820.SH,20190221,1.016,1.01,1.021,0.96,1.012,-0.004,-0.3937,102370.25,10414.725
512850.SH,20190221,1.029,1.029,1.043,1.021,1.021,-0.008,-0.7775,21450.58,2219.428
512860.SH,20190221,1.099,1.058,1.111,1.058,1.092,-0.007,-0.6369,9928.0,1094.37
512880.SH,20190221,0.878,0.873,0.917,0.866,0.883,0.005,0.5695,7054901.18,628323.358
512890.SH,20190221,1.054,1.054,1.061,1.045,1.046,-0.008,-0.759,110962.12,11662.248
512900.SH,20190221,0.846,0.845,0.885,0.835,0.853,0.007,0.8274,133352.0,11401.155
512920.SH,20190221,1.063,1.064,1.075,1.056,1.063,0.0,0.0,14767.0,1572.851
512950.SH,20190221,0.993,0.993,1.003,0.985,0.989,-0.004,-0.4028,333113.33,33108.962
512960.SH,20190221,0.985,0.983,0.993,0.978,0.98,-0.005,-0.5076,1501857.84,148301.666
512980.SH,20190221,0.718,0.717,0.742,0.713,0.725,0.007,0.9749,195868.0,14288.334
512990.SH,20190221,1.016,1.016,1.027,1.009,1.012,-0.004,-0.3937,223855.0,22766.836
513030.SH,20190221,0.966,0.968,0.972,0.968,0.971,0.005,0.5176,10148.0,984.509
513050.SH,20190221,1.198,1.2,1.213,1.198,1.203,0.005,0.4174,546264.24,65810.102
513100.SH,20190221,2.475,2.465,2.479,2.465,2.476,0.001,0.0404,99655.0,24654.051
513500.SH,20190221,1.737,1.739,1.745,1.738,1.744,0.007,0.403,426842.0,74367.505
513600.SH,20190221,2.591,2.587,2.598,2.569,2.583,-0.008,-0.3088,479.0,123.979
513660.SH,20190221,2.555,2.554,2.57,2.554,2.56,0.005,0.1957,12434.0,3185.682
513680.SH,20190221,1.017,1.018,1.044,1.018,1.019,0.002,0.1967,307.0,31.467
513900.SH,20190221,0.973,0.984,0.991,0.983,0.983,0.01,1.0277,976.0,96.3
518800.SH,20190221,2.878,2.878,2.878,2.861,2.862,-0.016,-0.5559,355180.0,101812.743
518880.SH,20190221,2.898,2.889,2.891,2.88,2.88,-0.018,-0.6211,2763728.0,797769.388
150008.SZ,20190221,1.139,1.039,1.14,1.039,1.139,0.0,0.0,424.99,47.496
150009.SZ,20190221,1.022,1.057,1.058,1.04,1.04,0.018,1.7613,1144.0,120.136
150012.SZ,20190221,1.113,1.11,1.113,1.11,1.113,0.0,0.0,620.0,68.826
150013.SZ,20190221,1.328,1.302,1.33,1.251,1.33,0.002,0.1506,2033.5,265.386
150016.SZ,20190221,1.055,1.015,1.056,1.015,1.04,-0.015,-1.4218,1960.0,205.619
150017.SZ,20190221,1.34,1.347,1.366,1.347,1.35,0.01,0.7463,1732.02,234.432
150018.SZ,20190221,0.97,0.971,0.973,0.969,0.973,0.003,0.3093,1016114.14,98698.625
150019.SZ,20190221,0.713,0.709,0.766,0.697,0.713,0.0,0.0,5161268.27,374349.289
150022.SZ,20190221,0.743,0.743,0.754,0.74,0.743,0.0,0.0,409959.42,30631.925
150023.SZ,20190221,0.183,0.182,0.188,0.18,0.182,-0.001,-0.5464,1440034.4,26461.043
150028.SZ,20190221,0.967,0.965,0.97,0.965,0.967,0.0,0.0,4874.96,471.6
150029.SZ,20190221,1.0,0.96,1.018,0.955,0.978,-0.022,-2.2,3620.02,359.7
150030.SZ,20190221,0.987,1.002,1.002,0.985,0.985,-0.002,-0.2026,8.83,0.876
150031.SZ,20190221,0.829,0.804,0.843,0.801,0.833,0.004,0.4825,398.06,32.566
150032.SZ,20190221,1.032,1.013,1.033,1.013,1.033,0.001,0.0969,37.68,3.877
150033.SZ,20190221,0.969,0.872,0.872,0.872,0.872,-0.097,-10.0103,1.0,0.087
150048.SZ,20190221,0.9,0.881,0.919,0.881,0.89,-0.01,-1.1111,299.0,26.695
150049.SZ,20190221,1.009,1.011,1.011,1.011,1.011,0.002,0.1982,4224.7,427.117
150050.SZ,20190221,0.578,0.584,0.584,0.558,0.558,-0.02,-3.4602,3697.47,210.647
150051.SZ,20190221,0.972,0.972,0.975,0.972,0.973,0.001,0.1029,9643.0,938.224
150052.SZ,20190221,0.607,0.607,0.627,0.594,0.595,-0.012,-1.9769,102402.58,6243.541
150054.SZ,20190221,0.805,0.885,0.885,0.885,0.885,0.08,9.9379,1.0,0.088
150056.SZ,20190221,0.978,0.936,0.967,0.936,0.94,-0.038,-3.8855,173.0,16.605
150060.SZ,20190221,0.82,0.824,0.857,0.823,0.823,0.003,0.3659,399.0,33.698
150064.SZ,20190221,0.982,0.985,0.985,0.985,0.985,0.003,0.3055,11.0,1.083
150065.SZ,20190221,0.666,0.628,0.68,0.601,0.601,-0.065,-9.7598,82.96,5.167
150067.SZ,20190221,1.685,1.748,1.748,1.748,1.748,0.063,3.7389,1.0,0.174
150075.SZ,20190221,0.454,0.454,0.454,0.454,0.454,0.0,0.0,61.0,2.769
150084.SZ,20190221,0.935,0.987,0.987,0.859,0.986,0.051,5.4545,54.0,5.201
150092.SZ,20190221,0.973,0.978,0.978,0.978,0.978,0.005,0.5139,1137.0,111.198
150093.SZ,20190221,0.48,0.488,0.509,0.488,0.488,0.008,1.6667,1147.0,57.266
150094.SZ,20190221,0.981,0.98,0.981,0.98,0.98,-0.001,-0.1019,366.92,35.967
150095.SZ,20190221,0.899,0.846,0.848,0.846,0.848,-0.051,-5.673,367.34,31.142
150101.SZ,20190221,0.881,0.88,0.94,0.866,0.882,0.001,0.1135,2375.0,215.893
150105.SZ,20190221,1.162,1.278,1.278,1.278,1.278,0.116,9.9828,1.0,0.127
150106.SZ,20190221,1.027,1.027,1.028,1.025,1.026,-0.001,-0.0974,759122.71,77909.905
150107.SZ,20190221,0.617,0.586,0.639,0.573,0.584,-0.033,-5.3485,1699675.18,101877.687
150117.SZ,20190221,0.988,0.988,0.989,0.987,0.988,0.0,0.0,15553.0,1536.593
150118.SZ,20190221,0.942,0.935,0.955,0.914,0.917,-0.025,-2.6539,93967.52,8751.015
150123.SZ,20190221,1.014,1.015,1.016,1.015,1.016,0.002,0.1972,5474.0,555.758
150124.SZ,20190221,0.6,0.595,0.614,0.58,0.593,-0.007,-1.1667,15010.0,896.322
150130.SZ,20190221,0.988,0.989,0.991,0.988,0.991,0.003,0.3036,169382.31,16760.31
150131.SZ,20190221,1.164,1.158,1.197,1.139,1.152,-0.012,-1.0309,443859.12,52154.062
150135.SZ,20190221,0.994,0.993,0.993,0.992,0.992,-0.002,-0.2012,852.0,84.567
150136.SZ,20190221,0.819,0.835,0.835,0.835,0.835,0.016,1.9536,83.0,6.93
150139.SZ,20190221,0.484,0.488,0.488,0.439,0.487,0.003,0.6198,99.0,4.535
150143.SZ,20190221,0.97,0.97,0.977,0.97,0.977,0.007,0.7216,4647.26,451.805
150144.SZ,20190221,1.042,1.042,1.085,1.042,1.045,0.003,0.2879,59.02,6.154
150146.SZ,20190221,0.65,0.658,0.676,0.618,0.669,0.019,2.9231,1898.0,123.29
150149.SZ,20190221,0.502,0.485,0.514,0.485,0.5,-0.002,-0.3984,15304.0,776.011
150150.SZ,20190221,0.975,0.97,0.977,0.97,0.976,0.001,0.1026,410.31,40.053
150151.SZ,20190221,0.683,0.684,0.727,0.672,0.678,-0.005,-0.7321,3191.01,216.692
150152.SZ,20190221,0.982,0.982,0.987,0.982,0.985,0.003,0.3055,925169.18,91043.496
150153.SZ,20190221,0.88,0.872,0.935,0.863,0.882,0.002,0.2273,4761887.13,426839.844
150157.SZ,20190221,0.976,0.973,0.976,0.973,0.976,0.0,0.0,17644.0,1719.992
150158.SZ,20190221,0.888,0.883,0.918,0.876,0.884,-0.004,-0.4505,18511.14,1654.942
150165.SZ,20190221,1.019,1.019,1.035,0.98,0.992,-0.027,-2.6497,382.6,38.202
150169.SZ,20190221,0.977,0.977,0.978,0.977,0.977,0.0,0.0,3812.0,372.458
150170.SZ,20190221,1.366,1.377,1.38,1.367,1.37,0.004,0.2928,1178.77,162.205
150171.SZ,20190221,0.977,0.977,0.98,0.977,0.98,0.003,0.3071,144226.08,14101.759
150172.SZ,20190221,1.765,1.748,1.915,1.738,1.801,0.036,2.0397,368560.07,66823.963
150173.SZ,20190221,0.985,0.991,0.991,0.99,0.99,0.005,0.5076,1631.0,161.485
150174.SZ,20190221,0.883,0.851,0.94,0.851,0.902,0.019,2.1518,2205.02,202.355
150175.SZ,20190221,0.974,0.974,0.977,0.973,0.976,0.002,0.2053,222233.55,21682.542
150176.SZ,20190221,0.994,0.99,1.004,0.989,0.991,-0.003,-0.3018,75745.0,7558.397
150177.SZ,20190221,0.97,0.969,0.97,0.969,0.97,0.0,0.0,6189.0,600.304
150178.SZ,20190221,1.187,1.18,1.276,1.18,1.197,0.01,0.8425,7101.75,866.076
150179.SZ,20190221,0.966,0.966,0.969,0.966,0.969,0.003,0.3106,1685.73,163.158
150180.SZ,20190221,1.068,1.04,1.12,0.972,1.098,0.03,2.809,3588.51,375.441
150181.SZ,20190221,0.97,0.971,0.973,0.97,0.972,0.002,0.2062,94865.65,9213.579
150182.SZ,20190221,1.195,1.191,1.237,1.166,1.172,-0.023,-1.9247,591146.6,71433.293
150184.SZ,20190221,1.039,1.039,1.039,1.03,1.03,-0.009,-0.8662,392.68,40.631
150185.SZ,20190221,0.979,0.979,1.0,0.965,0.978,-0.001,-0.1021,22865.24,2249.36
150186.SZ,20190221,0.986,0.986,0.989,0.986,0.987,0.001,0.1014,2682.77,264.802
150187.SZ,20190221,0.975,0.967,1.0,0.967,0.972,-0.003,-0.3077,6202.57,610.876
150188.SZ,20190221,0.998,0.998,0.998,0.997,0.998,0.0,0.0,7203.45,718.634
150189.SZ,20190221,0.651,0.638,0.689,0.638,0.689,0.038,5.8372,585.44,39.78
150190.SZ,20190221,0.978,0.987,0.987,0.987,0.987,0.009,0.9202,127.0,12.534
150191.SZ,20190221,1.299,1.228,1.409,1.228,1.274,-0.025,-1.9246,415.66,53.055
150192.SZ,20190221,1.034,1.004,1.004,1.004,1.004,-0.03,-2.9014,611.0,61.344
150193.SZ,20190221,0.888,0.871,0.887,0.844,0.866,-0.022,-2.4775,8489.08,736.543
150194.SZ,20190221,0.97,0.969,0.972,0.969,0.971,0.001,0.1031,92295.32,8967.716
150195.SZ,20190221,0.634,0.628,0.693,0.621,0.641,0.007,1.1041,321158.76,21001.702
150196.SZ,20190221,0.985,0.984,0.987,0.984,0.986,0.001,0.1015,350574.4,34545.468
150197.SZ,20190221,0.52,0.52,0.539,0.502,0.518,-0.002,-0.3846,1269491.87,65895.98
150198.SZ,20190221,1.049,1.025,1.025,1.025,1.025,-0.024,-2.2879,45.77,4.691
150199.SZ,20190221,1.36,1.36,1.377,1.349,1.35,-0.01,-0.7353,6872.92,935.403
150200.SZ,20190221,0.97,0.97,0.973,0.969,0.971,0.001,0.1031,549282.5,53372.777
150201.SZ,20190221,0.977,0.968,1.075,0.953,0.998,0.021,2.1494,4445026.25,447593.812
150203.SZ,20190221,0.973,0.973,0.974,0.971,0.972,-0.001,-0.1028,2019.86,196.63
150204.SZ,20190221,0.8,0.782,0.84,0.782,0.82,0.02,2.5,5356.5,436.846
150205.SZ,20190221,0.974,0.974,0.977,0.973,0.975,0.001,0.1027,352159.46,34345.289
150206.SZ,20190221,0.496,0.506,0.529,0.481,0.488,-0.008,-1.6129,1619223.38,82397.546
150208.SZ,20190221,1.201,1.136,1.136,1.13,1.136,-0.065,-5.4122,416.07,47.265
150209.SZ,20190221,0.972,0.97,0.975,0.97,0.973,0.001,0.1029,40975.0,3988.188
150210.SZ,20190221,0.578,0.567,0.597,0.564,0.572,-0.006,-1.0381,143279.51,8306.498
150211.SZ,20190221,0.979,0.977,0.981,0.977,0.981,0.002,0.2043,86864.0,8509.146
150212.SZ,20190221,0.924,0.918,0.946,0.9,0.911,-0.013,-1.4069,50878.39,4671.197
150213.SZ,20190221,0.978,0.977,0.977,0.977,0.977,-0.001,-0.1022,2552.52,249.381
150214.SZ,20190221,1.098,1.098,1.142,1.097,1.125,0.027,2.459,1201.02,134.361
150215.SZ,20190221,1.001,0.983,0.992,0.965,0.983,-0.018,-1.7982,4759.18,464.336
150216.SZ,20190221,0.747,0.723,0.822,0.722,0.768,0.021,2.8112,16459.05,1270.268
150217.SZ,20190221,0.968,0.967,0.97,0.967,0.969,0.001,0.1033,1889.47,182.89
150218.SZ,20190221,0.98,0.94,0.978,0.94,0.97,-0.01,-1.0204,3317.8,320.148
150219.SZ,20190221,1.019,1.025,1.03,1.025,1.03,0.011,1.0795,10398.0,1066.959
150220.SZ,20190221,0.533,0.54,0.56,0.533,0.54,0.007,1.3133,83427.0,4550.641
150221.SZ,20190221,1.033,1.033,1.098,1.033,1.037,0.004,0.3872,62894.25,6521.216
150222.SZ,20190221,0.839,0.839,0.863,0.81,0.82,-0.019,-2.2646,259878.66,21924.894
150223.SZ,20190221,1.029,1.028,1.033,1.027,1.033,0.004,0.3887,40034.0,4130.228
150224.SZ,20190221,1.662,1.659,1.78,1.636,1.683,0.021,1.2635,177925.35,30285.365
150225.SZ,20190221,1.0,1.0,1.0,1.0,1.0,0.0,0.0,5.0,0.5
150226.SZ,20190221,1.09,1.09,1.15,0.997,1.15,0.06,5.5046,587.15,62.221
150227.SZ,20190221,0.978,0.977,0.98,0.976,0.979,0.001,0.1022,343088.2,33575.652
150228.SZ,20190221,0.791,0.791,0.815,0.783,0.786,-0.005,-0.6321,1120667.66,89346.287
150229.SZ,20190221,0.978,0.982,0.985,0.972,0.973,-0.005,-0.5112,459.0,44.841
150230.SZ,20190221,1.481,1.474,1.565,1.474,1.482,0.001,0.0675,124.0,18.418
150231.SZ,20190221,0.971,0.971,1.0,0.909,1.0,0.029,2.9866,2374.88,233.685
150232.SZ,20190221,0.861,0.775,0.947,0.775,0.946,0.085,9.8722,11484.76,1021.311
150236.SZ,20190221,1.383,1.387,1.488,1.38,1.418,0.035,2.5307,6187.89,887.659
150238.SZ,20190221,0.524,0.524,0.524,0.496,0.496,-0.028,-5.3435,1912.0,98.402
150241.SZ,20190221,0.976,0.968,0.969,0.968,0.969,-0.007,-0.7172,17.0,1.645
150242.SZ,20190221,0.978,0.971,0.978,0.971,0.973,-0.005,-0.5112,640.0,62.319
150243.SZ,20190221,0.973,0.975,0.983,0.974,0.975,0.002,0.2055,28601.18,2790.331
150244.SZ,20190221,0.946,0.945,1.002,0.939,0.949,0.003,0.3171,78594.8,7574.054
150245.SZ,20190221,0.98,0.999,1.0,0.969,0.969,-0.011,-1.1224,299.13,29.863
150246.SZ,20190221,0.681,0.631,0.713,0.631,0.69,0.009,1.3216,4846.72,332.167
150247.SZ,20190221,0.983,0.987,0.987,0.984,0.987,0.004,0.4069,4105.85,405.241
150248.SZ,20190221,0.769,0.778,0.824,0.775,0.8,0.031,4.0312,10832.15,861.942
150249.SZ,20190221,0.97,0.972,0.972,0.97,0.97,0.0,0.0,2263.0,219.846
150250.SZ,20190221,0.97,0.945,0.97,0.945,0.946,-0.024,-2.4742,17.0,1.61
150251.SZ,20190221,0.964,0.971,0.971,0.971,0.971,0.007,0.7261,70.0,6.797
150252.SZ,20190221,0.727,0.708,0.726,0.705,0.726,-0.001,-0.1376,7897.21,567.954
150257.SZ,20190221,0.993,0.991,0.992,0.991,0.992,-0.001,-0.1007,61.0,6.049
150258.SZ,20190221,0.763,0.768,0.77,0.701,0.77,0.007,0.9174,181.39,13.821
150259.SZ,20190221,0.992,0.992,0.992,0.992,0.992,0.0,0.0,400.0,39.68
150260.SZ,20190221,0.78,0.746,0.78,0.746,0.75,-0.03,-3.8462,1557.63,119.443
150262.SZ,20190221,0.636,0.637,0.655,0.635,0.645,0.009,1.4151,5943.73,385.853
150264.SZ,20190221,0.493,0.501,0.501,0.501,0.501,0.008,1.6227,10.49,0.525
150265.SZ,20190221,0.997,0.999,0.999,0.999,0.999,0.002,0.2006,554.0,55.344
150266.SZ,20190221,0.879,0.886,0.902,0.863,0.875,-0.004,-0.4551,2201.8,193.95
150268.SZ,20190221,0.94,0.92,0.938,0.9,0.938,-0.002,-0.2128,141.81,12.982
150269.SZ,20190221,0.97,0.97,0.973,0.969,0.973,0.003,0.3093,15354.73,1490.918
150270.SZ,20190221,1.094,1.092,1.106,1.06,1.068,-0.026,-2.3766,137631.0,14922.714
150272.SZ,20190221,0.78,0.76,0.8,0.751,0.8,0.02,2.5641,276.48,21.264
150273.SZ,20190221,1.006,1.01,1.011,1.004,1.011,0.005,0.497,551.96,55.635
150274.SZ,20190221,1.107,1.023,1.172,1.023,1.041,-0.066,-5.9621,583.05,61.579
150275.SZ,20190221,0.971,0.973,0.975,0.973,0.974,0.003,0.309,630.0,61.376
150276.SZ,20190221,1.098,1.053,1.119,1.053,1.099,0.001,0.0911,2055.3,221.786
150277.SZ,20190221,0.982,0.984,0.985,0.982,0.982,0.0,0.0,546.0,53.647
150278.SZ,20190221,0.74,0.735,0.8,0.735,0.74,0.0,0.0,2837.79,212.852
150280.SZ,20190221,1.101,1.1,1.102,1.1,1.102,0.001,0.0908,1.9,0.209
150282.SZ,20190221,0.543,0.513,0.568,0.513,0.568,0.025,4.6041,240.0,12.317
150283.SZ,20190221,0.993,0.994,0.995,0.994,0.994,0.001,0.1007,5114.0,508.521
150284.SZ,20190221,0.54,0.511,0.539,0.511,0.522,-0.018,-3.3333,2117.84,113.253
150287.SZ,20190221,0.987,0.987,0.989,0.987,0.989,0.002,0.2026,7405.21,731.402
150288.SZ,20190221,0.938,0.938,0.949,0.911,0.914,-0.024,-2.5586,52327.73,4864.383
150289.SZ,20190221,0.988,0.987,0.99,0.987,0.99,0.002,0.2024,19910.51,1968.497
150290.SZ,20190221,0.775,0.78,0.795,0.754,0.764,-0.011,-1.4194,205483.1,15946.333
150291.SZ,20190221,0.987,0.988,0.991,0.988,0.991,0.004,0.4053,4536.0,448.934
150292.SZ,20190221,0.66,0.658,0.66,0.65,0.65,-0.01,-1.5152,1453.0,95.596
150294.SZ,20190221,0.554,0.589,0.589,0.502,0.502,-0.052,-9.3863,171.12,8.851
150295.SZ,20190221,0.986,0.986,0.988,0.976,0.976,-0.01,-1.0142,1045.47,103.06
150296.SZ,20190221,0.675,0.697,0.72,0.676,0.717,0.042,6.2222,1229.71,86.546
150297.SZ,20190221,1.009,1.006,1.009,1.006,1.009,0.0,0.0,365.0,36.768
150298.SZ,20190221,1.018,1.07,1.07,1.05,1.068,0.05,4.9116,361.0,38.235
150299.SZ,20190221,0.989,0.989,0.991,0.988,0.99,0.001,0.1011,67188.45,6650.363
150300.SZ,20190221,0.623,0.623,0.637,0.618,0.618,-0.005,-0.8026,32559.02,2036.239
150301.SZ,20190221,0.986,0.988,0.989,0.988,0.989,0.003,0.3043,1248.19,123.443
150302.SZ,20190221,1.755,1.679,1.827,1.679,1.827,0.072,4.1026,217.77,38.996
150303.SZ,20190221,0.987,0.988,0.991,0.988,0.99,0.003,0.304,41778.26,4133.604
150304.SZ,20190221,0.822,0.82,0.875,0.812,0.829,0.007,0.8516,106997.58,9000.828
150305.SZ,20190221,0.977,0.977,1.009,0.977,1.008,0.031,3.173,105.98,10.668
150306.SZ,20190221,0.902,0.9,0.992,0.862,0.915,0.013,1.4412,580.07,54.496
150308.SZ,20190221,1.124,1.22,1.22,1.22,1.22,0.096,8.5409,1.62,0.197
150309.SZ,20190221,0.985,1.0,1.0,0.989,0.992,0.007,0.7107,1503.92,149.104
150310.SZ,20190221,1.142,1.142,1.191,1.104,1.146,0.004,0.3503,2184.23,256.587
150311.SZ,20190221,0.986,0.96,0.96,0.96,0.96,-0.026,-2.6369,0.91,0.087
150312.SZ,20190221,1.154,1.184,1.184,1.069,1.069,-0.085,-7.3657,227.0,25.823
150315.SZ,20190221,0.974,0.974,0.974,0.968,0.968,-0.006,-0.616,300.99,29.302
150316.SZ,20190221,1.093,1.093,1.139,1.09,1.124,0.031,2.8362,726.08,80.986
150321.SZ,20190221,1.033,1.034,1.036,1.034,1.034,0.001,0.0968,10694.98,1105.946
150322.SZ,20190221,0.716,0.707,0.726,0.683,0.708,-0.008,-1.1173,6977.0,497.972
150323.SZ,20190221,0.981,0.985,0.985,0.985,0.985,0.004,0.4077,1640.0,161.54
150324.SZ,20190221,0.508,0.495,0.505,0.492,0.505,-0.003,-0.5906,101.0,4.97
150325.SZ,20190221,0.983,0.987,0.987,0.987,0.987,0.004,0.4069,134.0,13.225
150326.SZ,20190221,1.129,1.132,1.137,1.132,1.136,0.007,0.62,175.75,19.907
150327.SZ,20190221,0.982,0.986,0.986,0.984,0.984,0.002,0.2037,169.0,16.659
150328.SZ,20190221,0.698,0.697,0.708,0.668,0.708,0.01,1.4327,310.0,21.463
150329.SZ,20190221,0.97,0.969,0.972,0.969,0.972,0.002,0.2062,3810.85,369.298
150330.SZ,20190221,1.324,1.315,1.351,1.286,1.297,-0.027,-2.0393,21368.24,2802.616
150335.SZ,20190221,0.991,0.991,0.991,0.988,0.99,-0.001,-0.1009,10530.0,1040.732
150336.SZ,20190221,0.591,0.598,0.61,0.58,0.583,-0.008,-1.3536,3151.37,186.62
150343.SZ,20190221,0.985,0.987,0.99,0.986,0.988,0.003,0.3046,16210.0,1598.912
150344.SZ,20190221,1.709,1.69,1.829,1.69,1.739,0.03,1.7554,244.3,42.888
159001.SZ,20190221,100.001,100.0,100.001,99.999,100.0,-0.001,-0.001,8503.87,85038.659
159003.SZ,20190221,100.0,100.0,100.001,99.999,100.0,0.0,0.0,7008.19,70082.0
159005.SZ,20190221,100.0,100.0,100.001,99.999,100.0,0.0,0.0,6578.08,65780.869
159901.SZ,20190221,3.991,3.993,4.064,3.961,3.983,-0.008,-0.2005,727005.13,291668.549
159902.SZ,20190221,2.718,2.715,2.773,2.698,2.71,-0.008,-0.2943,282155.37,77032.806
159903.SZ,20190221,0.922,0.921,0.935,0.915,0.924,0.002,0.2169,23287.12,2156.549
159905.SZ,20190221,1.561,1.562,1.581,1.548,1.554,-0.007,-0.4484,61690.0,9635.625
159906.SZ,20190221,0.738,0.74,0.756,0.73,0.748,0.01,1.355,2136.0,159.754
159907.SZ,20190221,1.119,1.116,1.143,1.11,1.12,0.001,0.0894,4656.0,526.18
159908.SZ,20190221,1.209,1.205,1.248,1.205,1.213,0.004,0.3309,14865.0,1825.571
159909.SZ,20190221,3.963,3.963,4.12,3.92,3.992,0.029,0.7318,4967.3,1995.671
159910.SZ,20190221,1.595,1.595,1.62,1.587,1.593,-0.002,-0.1254,5586.01,893.97
159911.SZ,20190221,3.297,3.329,3.384,3.327,3.327,0.03,0.9099,2397.0,806.198
159912.SZ,20190221,1.117,1.117,1.13,1.117,1.123,0.006,0.5372,6971.0,782.938
159913.SZ,20190221,1.61,1.603,1.625,1.595,1.624,0.014,0.8696,433.03,69.77
159915.SZ,20190221,1.348,1.344,1.391,1.34,1.355,0.007,0.5193,11258114.9,1533617.413
159916.SZ,20190221,3.47,3.441,3.505,3.441,3.47,0.0,0.0,1078.0,374.611
159918.SZ,20190221,1.262,1.25,1.292,1.25,1.266,0.004,0.317,3953.0,504.033
159919.SZ,20190221,3.435,3.435,3.486,3.418,3.432,-0.003,-0.0873,829794.3,286244.059
159920.SZ,20190221,1.483,1.481,1.496,1.479,1.493,0.01,0.6743,2972746.0,442737.412
159922.SZ,20190221,4.859,4.864,4.96,4.836,4.864,0.005,0.1029,81399.0,39833.414
159923.SZ,20190221,1.492,1.472,1.5,1.472,1.487,-0.005,-0.3351,2607.0,388.896
159925.SZ,20190221,1.466,1.467,1.488,1.458,1.477,0.011,0.7503,5574.87,819.012
159926.SZ,20190221,111.001,111.007,112.8,111.007,112.499,1.498,1.3495,50.0,559.084
159928.SZ,20190221,2.175,2.173,2.19,2.15,2.163,-0.012,-0.5517,48889.0,10622.301
159929.SZ,20190221,1.291,1.287,1.311,1.274,1.289,-0.002,-0.1549,30534.0,3951.202
159930.SZ,20190221,0.704,0.7,0.711,0.7,0.705,0.001,0.142,5073.0,359.287
159931.SZ,20190221,1.55,1.549,1.55,1.52,1.549,-0.001,-0.0645,538.01,82.863
159932.SZ,20190221,1.294,1.299,1.303,1.287,1.29,-0.004,-0.3091,282.0,36.482
159933.SZ,20190221,1.844,1.843,1.866,1.82,1.84,-0.004,-0.2169,774.0,142.736
159934.SZ,20190221,2.884,2.877,2.877,2.863,2.864,-0.02,-0.6935,162132.0,46487.913
159935.SZ,20190221,1.34,1.33,1.355,1.295,1.346,0.006,0.4478,559.0,75.018
159936.SZ,20190221,1.209,1.209,1.242,1.181,1.199,-0.01,-0.8271,2255.0,271.939
159937.SZ,20190221,2.898,2.894,2.894,2.883,2.883,-0.015,-0.5176,265513.0,76669.65
159938.SZ,20190221,1.104,1.1,1.119,1.091,1.097,-0.007,-0.6341,180603.0,20001.628
159939.SZ,20190221,0.897,0.888,0.908,0.876,0.882,-0.015,-1.6722,212779.28,18936.097
159940.SZ,20190221,0.885,0.885,0.899,0.881,0.886,0.001,0.113,1042.0,92.308
159941.SZ,20190221,1.544,1.544,1.544,1.539,1.542,-0.002,-0.1295,1454.0,224.18
159943.SZ,20190221,9.09,8.99,9.18,8.95,9.0,-0.09,-0.9901,1554.73,1417.788
159944.SZ,20190221,0.684,0.677,0.693,0.673,0.689,0.005,0.731,1384.0,93.727
159945.SZ,20190221,0.634,0.635,0.636,0.63,0.63,-0.004,-0.6309,543.09,34.44
159948.SZ,20190221,1.468,1.465,1.515,1.46,1.471,0.003,0.2044,65777.0,9782.761
159949.SZ,20190221,0.491,0.491,0.508,0.488,0.493,0.002,0.4073,14146898.63,704502.85
159950.SZ,20190221,0.857,0.867,0.885,0.857,0.861,0.004,0.4667,243.0,21.108
159951.SZ,20190221,0.713,0.714,0.725,0.714,0.718,0.005,0.7013,910.0,65.336
159952.SZ,20190221,0.811,0.811,0.84,0.807,0.817,0.006,0.7398,1000572.22,82061.961
159953.SZ,20190221,0.707,0.699,0.717,0.691,0.711,0.004,0.5658,1936.19,137.367
159954.SZ,20190221,0.985,0.986,0.994,0.985,0.989,0.004,0.4061,4364.0,431.323
159955.SZ,20190221,0.758,0.76,0.783,0.757,0.761,0.003,0.3958,23363.0,1801.423
159956.SZ,20190221,0.79,0.782,0.81,0.782,0.793,0.003,0.3797,7164.6,574.056
159957.SZ,20190221,0.824,0.824,0.85,0.823,0.825,0.001,0.1214,23339.0,1964.722
159958.SZ,20190221,0.815,0.813,0.84,0.811,0.818,0.003,0.3681,66330.0,5481.28
159959.SZ,20190221,1.03,1.03,1.038,1.02,1.022,-0.008,-0.7767,476297.5,48968.614
159960.SZ,20190221,1.018,1.018,1.043,1.018,1.043,0.025,2.4558,26546.0,2749.336
159961.SZ,20190221,1.149,1.146,1.17,1.139,1.15,0.001,0.087,13564.68,1561.082
160105.SZ,20190221,0.847,0.849,0.857,0.849,0.853,0.006,0.7084,1188.07,101.308
160106.SZ,20190221,0.932,0.93,0.957,0.93,0.936,0.004,0.4292,3557.3,334.067
160119.SZ,20190221,1.186,1.187,1.21,1.18,1.185,-0.001,-0.0843,22918.33,2727.076
160125.SZ,20190221,1.032,1.042,1.043,1.022,1.033,0.001,0.0969,642.0,66.551
160128.SZ,20190221,1.062,1.062,1.069,1.062,1.068,0.006,0.565,1191.0,127.067
160130.SZ,20190221,0.985,0.985,0.996,0.985,0.996,0.011,1.1168,9.0,0.892
160131.SZ,20190221,1.061,1.062,1.062,1.062,1.062,0.001,0.0943,501.0,53.206
160133.SZ,20190221,2.105,2.1,2.12,2.093,2.097,-0.008,-0.38,2052.52,432.697
160140.SZ,20190221,1.066,1.066,1.068,1.061,1.066,0.0,0.0,674.0,71.826
160211.SZ,20190221,1.747,1.744,1.775,1.74,1.762,0.015,0.8586,5598.62,989.594
160212.SZ,20190221,1.754,1.756,1.79,1.751,1.761,0.007,0.3991,7457.07,1322.962
160215.SZ,20190221,1.277,1.279,1.285,1.279,1.279,0.002,0.1566,44.0,5.642
160216.SZ,20190221,0.459,0.459,0.467,0.459,0.464,0.005,1.0893,33232.8,1542.446
160220.SZ,20190221,1.16,1.142,1.158,1.142,1.158,-0.002,-0.1724,16.0,1.851
160223.SZ,20190221,0.674,0.674,0.685,0.665,0.667,-0.007,-1.0386,6220.22,421.054
160225.SZ,20190221,0.768,0.761,0.78,0.761,0.766,-0.002,-0.2604,2587.48,199.968
160311.SZ,20190221,1.356,1.344,1.37,1.344,1.351,-0.005,-0.3687,3122.93,424.863
160314.SZ,20190221,0.897,0.897,0.91,0.891,0.891,-0.006,-0.6689,1015.01,91.382
160322.SZ,20190221,1.001,1.009,1.022,1.009,1.02,0.019,1.8981,402.0,40.997
160324.SZ,20190221,0.864,0.863,0.864,0.843,0.843,-0.021,-2.4306,234.06,20.196
160415.SZ,20190221,1.038,1.052,1.077,1.051,1.051,0.013,1.2524,589.0,62.669
160416.SZ,20190221,1.003,1.005,1.01,1.005,1.008,0.005,0.4985,2002.0,201.679
160421.SZ,20190221,0.896,0.887,0.899,0.882,0.886,-0.01,-1.1161,7983.93,708.846
160505.SZ,20190221,1.467,1.47,1.493,1.467,1.473,0.006,0.409,61610.12,9107.622
160512.SZ,20190221,1.546,1.559,1.559,1.546,1.546,0.0,0.0,351.0,54.681
160515.SZ,20190221,1.067,1.065,1.067,1.065,1.067,0.0,0.0,2450.0,261.159
160518.SZ,20190221,0.974,0.968,0.985,0.968,0.969,-0.005,-0.5133,9545.92,934.306
160519.SZ,20190221,0.879,0.89,0.895,0.89,0.89,0.011,1.2514,780.0,69.45
160520.SZ,20190221,1.003,1.003,1.013,1.003,1.013,0.01,0.997,3.0,0.301
160522.SZ,20190221,0.875,0.848,0.867,0.848,0.866,-0.009,-1.0286,43.0,3.686
160607.SZ,20190221,0.63,0.633,0.637,0.627,0.635,0.005,0.7937,1820.61,115.092
160610.SZ,20190221,0.855,0.865,0.865,0.85,0.85,-0.005,-0.5848,3162.0,271.338
160611.SZ,20190221,0.707,0.698,0.707,0.698,0.706,-0.001,-0.1414,508.25,35.883
160613.SZ,20190221,1.151,1.163,1.163,1.163,1.163,0.012,1.0426,2.0,0.232
160615.SZ,20190221,1.41,1.432,1.433,1.417,1.417,0.007,0.4965,15.0,2.146
160616.SZ,20190221,1.013,1.013,1.028,1.013,1.026,0.013,1.2833,112.01,11.453
160617.SZ,20190221,1.111,1.083,1.108,1.083,1.107,-0.004,-0.36,457.26,50.595
160618.SZ,20190221,1.284,1.285,1.285,1.283,1.284,0.0,0.0,5093.84,653.962
160635.SZ,20190221,0.911,0.915,0.918,0.894,0.903,-0.008,-0.8782,1043.63,94.978
160642.SZ,20190221,0.895,0.889,0.896,0.889,0.896,0.001,0.1117,104.0,9.248
160643.SZ,20190221,0.779,0.793,0.796,0.776,0.796,0.017,2.1823,518.0,40.964
160706.SZ,20190221,0.985,0.984,0.998,0.98,0.984,-0.001,-0.1015,84934.1,8398.656
160716.SZ,20190221,1.477,1.475,1.488,1.47,1.478,0.001,0.0677,4244.61,627.999
160717.SZ,20190221,0.822,0.826,0.83,0.821,0.825,0.003,0.365,12471.01,1030.987
160719.SZ,20190221,0.724,0.725,0.728,0.72,0.721,-0.003,-0.4144,2856.0,206.266
160720.SZ,20190221,1.15,1.123,1.144,1.123,1.144,-0.006,-0.5217,24.0,2.703
160722.SZ,20190221,0.956,0.964,0.972,0.964,0.971,0.015,1.569,1925.06,186.613
160723.SZ,20190221,1.116,1.12,1.13,1.12,1.128,0.012,1.0753,4812.64,543.138
160805.SZ,20190221,0.686,0.677,0.694,0.677,0.683,-0.003,-0.4373,104.34,7.121
160806.SZ,20190221,1.241,1.251,1.256,1.244,1.246,0.005,0.4029,23.75,2.971
160807.SZ,20190221,1.137,1.155,1.155,1.137,1.138,0.001,0.088,110.15,12.718
160812.SZ,20190221,1.287,1.292,1.297,1.286,1.286,-0.001,-0.0777,1858.77,240.136
160813.SZ,20190221,0.696,0.699,0.701,0.697,0.697,0.001,0.1437,936.28,65.337
160910.SZ,20190221,0.93,0.93,0.957,0.93,0.933,0.003,0.3226,452.64,42.39
160916.SZ,20190221,2.466,2.467,2.49,2.467,2.476,0.01,0.4055,582.05,144.165
160918.SZ,20190221,1.705,1.72,1.723,1.71,1.71,0.005,0.2933,1761.0,302.705
160919.SZ,20190221,1.078,1.08,1.088,1.076,1.076,-0.002,-0.1855,1922.46,208.432
160921.SZ,20190221,0.836,0.824,0.824,0.82,0.822,-0.014,-1.6746,2.0,0.164
160924.SZ,20190221,1.007,1.01,1.01,1.01,1.01,0.003,0.2979,300.0,30.3
161005.SZ,20190221,1.688,1.689,1.717,1.67,1.68,-0.008,-0.4739,9753.88,1652.794
161010.SZ,20190221,1.045,1.046,1.051,1.046,1.047,0.002,0.1914,2211.02,231.566
161014.SZ,20190221,1.181,1.183,1.184,1.18,1.181,0.0,0.0,2613.53,309.101
161017.SZ,20190221,1.616,1.62,1.645,1.608,1.617,0.001,0.0619,30970.96,5019.948
161019.SZ,20190221,1.025,1.025,1.028,1.025,1.028,0.003,0.2927,468.04,47.992
161033.SZ,20190221,0.814,0.836,0.847,0.801,0.818,0.004,0.4914,7502.02,621.689
161035.SZ,20190221,0.849,0.858,0.858,0.844,0.844,-0.005,-0.5889,429.0,36.399
161036.SZ,20190221,0.595,0.603,0.603,0.591,0.591,-0.004,-0.6723,315.0,18.694
161037.SZ,20190221,0.907,0.901,0.998,0.891,0.929,0.022,2.4256,3502.0,331.928
161038.SZ,20190221,0.86,0.812,0.946,0.812,0.946,0.086,10.0,285.14,24.124
161039.SZ,20190221,0.941,0.941,0.96,0.941,0.949,0.008,0.8502,12117.83,1152.233
161115.SZ,20190221,1.398,1.39,1.39,1.39,1.39,-0.008,-0.5722,9.0,1.251
161116.SZ,20190221,0.72,0.72,0.721,0.713,0.72,0.0,0.0,1072.0,76.784
161117.SZ,20190221,1.08,1.022,1.091,1.022,1.09,0.01,0.9259,384.0,41.715
161119.SZ,20190221,1.348,1.352,1.354,1.352,1.354,0.006,0.4451,210.0,28.394
161124.SZ,20190221,1.086,1.095,1.095,1.083,1.095,0.009,0.8287,280.0,30.656
161125.SZ,20190221,1.189,1.19,1.191,1.183,1.191,0.002,0.1682,198.0,23.575
161126.SZ,20190221,1.245,1.246,1.246,1.246,1.246,0.001,0.0803,1.0,0.124
161127.SZ,20190221,1.266,1.258,1.264,1.248,1.255,-0.011,-0.8689,807.0,101.477
161128.SZ,20190221,1.367,1.374,1.374,1.345,1.36,-0.007,-0.5121,161.0,21.775
161129.SZ,20190221,1.058,1.07,1.07,1.061,1.065,0.007,0.6616,5502.74,586.947
161130.SZ,20190221,1.166,1.16,1.16,1.16,1.16,-0.006,-0.5146,3.0,0.348
161132.SZ,20190221,0.951,0.949,0.952,0.949,0.951,0.0,0.0,3109.08,295.594
161216.SZ,20190221,1.133,1.135,1.135,1.135,1.135,0.002,0.1765,313.0,35.525
161217.SZ,20190221,0.61,0.611,0.612,0.608,0.609,-0.001,-0.1639,8.0,0.488
161219.SZ,20190221,1.208,1.209,1.209,1.206,1.206,-0.002,-0.1656,10.0,1.208
161222.SZ,20190221,1.1,1.093,1.111,1.093,1.111,0.011,1.0,100.25,11.137
161224.SZ,20190221,0.867,0.858,0.872,0.858,0.87,0.003,0.346,860.13,74.365
161225.SZ,20190221,1.019,1.014,1.014,1.014,1.014,-0.005,-0.4907,25.0,2.535
161226.SZ,20190221,0.799,0.799,0.799,0.795,0.797,-0.002,-0.2503,20596.0,1641.014
161227.SZ,20190221,0.847,0.845,0.863,0.843,0.847,0.0,0.0,13655.0,1162.123
161229.SZ,20190221,1.183,1.173,1.207,1.151,1.206,0.023,1.9442,43.0,5.121
161232.SZ,20190221,0.605,0.586,0.602,0.563,0.6,-0.005,-0.8264,2032.78,119.913
161607.SZ,20190221,1.071,1.076,1.095,1.076,1.08,0.009,0.8403,642.0,69.719
161610.SZ,20190221,0.878,0.881,0.891,0.88,0.88,0.002,0.2278,1407.0,124.657
161631.SZ,20190221,0.848,0.848,0.87,0.842,0.85,0.002,0.2358,71316.84,6125.462
161706.SZ,20190221,1.434,1.439,1.468,1.439,1.445,0.011,0.7671,1353.53,195.495
161713.SZ,20190221,1.028,1.03,1.032,1.03,1.03,0.002,0.1946,1103.0,113.691
161714.SZ,20190221,0.995,1.004,1.009,0.995,1.002,0.007,0.7035,85.0,8.53
161715.SZ,20190221,0.816,0.815,0.829,0.815,0.82,0.004,0.4902,517.91,42.597
161716.SZ,20190221,1.237,1.236,1.237,1.234,1.236,-0.001,-0.0808,1956.09,241.537
161810.SZ,20190221,1.44,1.435,1.486,1.435,1.476,0.036,2.5,3213.99,470.013
161815.SZ,20190221,0.455,0.457,0.459,0.456,0.459,0.004,0.8791,2394.0,109.64
161820.SZ,20190221,1.113,1.112,1.112,1.106,1.111,-0.002,-0.1797,2283.51,253.429
161831.SZ,20190221,0.987,0.986,0.99,0.981,0.984,-0.003,-0.304,767.14,75.909
161834.SZ,20190221,0.757,0.756,0.765,0.755,0.756,-0.001,-0.1321,57449.0,4367.57
161903.SZ,20190221,0.765,0.771,0.784,0.768,0.777,0.012,1.5686,1369.08,106.241
161907.SZ,20190221,1.55,1.537,1.562,1.537,1.55,0.0,0.0,139.0,21.617
161908.SZ,20190221,0.963,0.96,0.96,0.96,0.96,-0.003,-0.3115,36.0,3.456
161911.SZ,20190221,1.06,1.06,1.061,1.059,1.061,0.001,0.0943,40899.0,4335.131
162006.SZ,20190221,1.02,1.023,1.025,1.019,1.02,0.0,0.0,580.0,59.151
162108.SZ,20190221,1.196,1.177,1.188,1.177,1.188,-0.008,-0.6689,1.57,0.185
162207.SZ,20190221,1.103,1.106,1.107,1.106,1.107,0.004,0.3626,3.0,0.332
162215.SZ,20190221,1.02,1.019,1.022,1.019,1.02,0.0,0.0,35387.0,3616.467
162307.SZ,20190221,1.208,1.2,1.211,1.2,1.211,0.003,0.2483,73.0,8.762
162411.SZ,20190221,0.515,0.519,0.523,0.518,0.52,0.005,0.9709,989050.81,51455.793
162414.SZ,20190221,1.157,1.161,1.161,1.161,1.161,0.004,0.3457,2.0,0.232
162415.SZ,20190221,1.416,1.413,1.419,1.412,1.413,-0.003,-0.2119,1794.7,253.739
162416.SZ,20190221,1.028,1.022,1.035,1.022,1.035,0.007,0.6809,1021.09,105.336
162510.SZ,20190221,0.778,0.777,0.789,0.777,0.779,0.001,0.1285,217.0,16.927
162605.SZ,20190221,1.318,1.318,1.344,1.308,1.319,0.001,0.0759,32609.26,4326.517
162607.SZ,20190221,0.418,0.417,0.426,0.416,0.418,0.0,0.0,10218.96,427.296
162703.SZ,20190221,1.161,1.158,1.18,1.154,1.171,0.01,0.8613,10375.0,1203.038
162711.SZ,20190221,1.017,1.022,1.03,1.017,1.018,0.001,0.0983,879.55,89.879
162712.SZ,20190221,1.441,1.44,1.5,1.44,1.443,0.002,0.1388,23340.08,3365.937
162717.SZ,20190221,0.814,0.818,0.82,0.818,0.82,0.006,0.7371,3481.0,284.842
162718.SZ,20190221,0.947,0.947,0.947,0.947,0.947,0.0,0.0,1000.32,94.73
162719.SZ,20190221,0.984,0.985,0.989,0.983,0.986,0.002,0.2033,759.0,74.87
163001.SZ,20190221,0.775,0.78,0.78,0.77,0.77,-0.005,-0.6452,9.0,0.695
163110.SZ,20190221,1.55,1.556,1.57,1.541,1.541,-0.009,-0.5806,1278.0,199.398
163111.SZ,20190221,0.864,0.861,0.877,0.86,0.86,-0.004,-0.463,1831.99,159.657
163119.SZ,20190221,0.7,0.712,0.714,0.704,0.705,0.005,0.7143,99.0,7.052
163208.SZ,20190221,0.834,0.83,0.837,0.83,0.837,0.003,0.3597,205.0,17.096
163210.SZ,20190221,1.167,1.167,1.167,1.166,1.167,0.0,0.0,29149.0,3401.184
163302.SZ,20190221,1.065,1.065,1.073,1.06,1.072,0.007,0.6573,200.0,21.275
163402.SZ,20190221,0.673,0.674,0.687,0.67,0.676,0.003,0.4458,138586.63,9417.861
163407.SZ,20190221,1.715,1.717,1.728,1.707,1.713,-0.002,-0.1166,8240.86,1417.914
163409.SZ,20190221,1.412,1.421,1.428,1.413,1.413,0.001,0.0708,92.0,13.079
163412.SZ,20190221,3.001,3.012,3.02,2.96,2.974,-0.027,-0.8997,14660.97,4392.986
163415.SZ,20190221,1.56,1.545,1.578,1.545,1.547,-0.013,-0.8333,2179.0,340.26
163417.SZ,20190221,0.871,0.871,0.88,0.867,0.87,-0.001,-0.1148,360142.19,31431.382
163503.SZ,20190221,0.386,0.389,0.391,0.386,0.389,0.003,0.7772,4743.45,184.456
163801.SZ,20190221,1.128,1.11,1.137,1.11,1.126,-0.002,-0.1773,569.0,64.293
163819.SZ,20190221,1.045,1.02,1.04,1.02,1.04,-0.005,-0.4785,146.31,14.927
163821.SZ,20190221,1.216,1.216,1.241,1.216,1.241,0.025,2.0559,110.0,13.401
163824.SZ,20190221,1.05,1.055,1.062,1.055,1.057,0.007,0.6667,4.0,0.422
164105.SZ,20190221,1.348,1.315,1.315,1.315,1.315,-0.033,-2.4481,1.0,0.131
164206.SZ,20190221,1.114,1.115,1.117,1.115,1.117,0.003,0.2693,1000.0,111.632
164210.SZ,20190221,1.074,1.074,1.076,1.074,1.076,0.002,0.1862,30.0,3.227
164403.SZ,20190221,1.051,1.049,1.078,1.049,1.077,0.026,2.4738,1074.05,113.612
164701.SZ,20190221,0.617,0.617,0.617,0.613,0.616,-0.001,-0.1621,7578.86,466.077
164702.SZ,20190221,1.048,1.048,1.059,1.048,1.059,0.011,1.0496,5.0,0.527
164703.SZ,20190221,0.859,0.876,0.877,0.876,0.877,0.018,2.0955,27.0,2.366
164705.SZ,20190221,1.176,1.174,1.179,1.172,1.179,0.003,0.2551,686.0,80.782
164808.SZ,20190221,1.065,1.068,1.068,1.068,1.068,0.003,0.2817,98.0,10.466
164810.SZ,20190221,0.996,1.0,1.0,1.0,1.0,0.004,0.4016,6.0,0.6
164814.SZ,20190221,0.98,1.002,1.003,1.002,1.003,0.023,2.3469,65.0,6.514
164824.SZ,20190221,0.904,0.902,0.905,0.901,0.901,-0.003,-0.3319,2035.06,183.577
164906.SZ,20190221,1.184,1.189,1.193,1.183,1.19,0.006,0.5068,4666.92,554.47
165309.SZ,20190221,1.092,1.092,1.11,1.082,1.084,-0.008,-0.7326,193.0,21.198
165313.SZ,20190221,1.203,1.205,1.215,1.2,1.212,0.009,0.7481,1308.44,157.276
165508.SZ,20190221,1.421,1.426,1.428,1.398,1.398,-0.023,-1.6186,168.0,23.604
165510.SZ,20190221,0.729,0.728,0.732,0.728,0.73,0.001,0.1372,4.0,0.291
165512.SZ,20190221,1.747,1.741,1.822,1.74,1.821,0.074,4.2358,19.0,3.363
165513.SZ,20190221,0.395,0.397,0.398,0.396,0.398,0.003,0.7595,3031.0,120.288
165525.SZ,20190221,0.798,0.808,0.808,0.798,0.798,0.0,0.0,3070.1,246.214
165528.SZ,20190221,0.811,0.817,0.827,0.817,0.827,0.016,1.9729,5031.03,413.045
165807.SZ,20190221,0.923,0.968,0.968,0.967,0.967,0.044,4.7671,6.0,0.58
166001.SZ,20190221,0.969,0.98,0.989,0.978,0.978,0.009,0.9288,295.0,28.958
166006.SZ,20190221,0.969,0.965,0.976,0.965,0.976,0.007,0.7224,368.0,35.802
166009.SZ,20190221,1.54,1.568,1.568,1.554,1.554,0.014,0.9091,217.0,33.767
166011.SZ,20190221,1.123,1.135,1.139,1.135,1.139,0.016,1.4248,5.0,0.568
166023.SZ,20190221,0.88,0.882,0.896,0.881,0.896,0.016,1.8182,130.03,11.464
166024.SZ,20190221,0.85,0.85,0.858,0.846,0.846,-0.004,-0.4706,31349.03,2665.418
166401.SZ,20190221,1.098,1.107,1.107,1.107,1.107,0.009,0.8197,5.0,0.553
166402.SZ,20190221,1.062,1.058,1.058,1.058,1.058,-0.004,-0.3766,100.0,10.58
166902.SZ,20190221,1.047,1.036,1.036,1.035,1.035,-0.012,-1.1461,30.0,3.106
166904.SZ,20190221,1.031,1.032,1.032,1.032,1.032,0.001,0.097,30.0,3.096
167001.SZ,20190221,0.654,0.652,0.673,0.649,0.65,-0.004,-0.6116,3983.18,259.568
167002.SZ,20190221,0.867,0.89,0.89,0.87,0.87,0.003,0.346,15.0,1.309
167501.SZ,20190221,1.235,1.235,1.241,1.234,1.236,0.001,0.081,40881.48,5056.485
168002.SZ,20190221,1.008,1.01,1.01,1.008,1.008,0.0,0.0,11.0,1.11
168101.SZ,20190221,0.854,0.85,0.865,0.85,0.854,0.0,0.0,6126.0,524.775
168102.SZ,20190221,0.801,0.797,0.809,0.797,0.802,0.001,0.1248,28931.88,2326.172
168103.SZ,20190221,0.726,0.726,0.737,0.722,0.728,0.002,0.2755,190950.0,13934.788
168105.SZ,20190221,0.746,0.745,0.756,0.745,0.746,0.0,0.0,24241.87,1820.245
168106.SZ,20190221,0.879,0.889,0.919,0.82,0.91,0.031,3.5267,290.0,25.916
168301.SZ,20190221,0.853,0.858,0.858,0.853,0.858,0.005,0.5862,4785.0,409.025
168401.SZ,20190221,1.024,1.018,1.031,1.018,1.03,0.006,0.5859,2807.05,288.344
169101.SZ,20190221,1.334,1.335,1.359,1.331,1.34,0.006,0.4498,61305.24,8251.749
169102.SZ,20190221,1.049,1.054,1.065,1.049,1.057,0.008,0.7626,11626.38,1228.203
169103.SZ,20190221,1.178,1.181,1.198,1.18,1.191,0.013,1.1036,1043.0,123.898
169104.SZ,20190221,1.153,1.147,1.168,1.145,1.157,0.004,0.3469,3524.96,407.745
169105.SZ,20190221,1.152,1.153,1.178,1.146,1.153,0.001,0.0868,99141.59,11522.58
169106.SZ,20190221,1.007,1.007,1.009,1.003,1.006,-0.001,-0.0993,20531.84,2068.16
184801.SZ,20190221,94.6,94.52,94.55,94.0,94.5,-0.1,-0.1057,57.3,541.302
