ts_code,trade_date,pre_close,open,high,low,close,change,pct_chg,vol,amount
159937.SZ,20190614,2.977,2.986,3.02,2.986,3.02,0.043,1.4444,710040.0,212902.215
150190.SZ,20190614,1.011,1.011,1.011,1.011,1.011,0.0,0.0,238.0,24.061
150191.SZ,20190614,1.23,1.218,1.259,1.218,1.259,0.029,2.3577,263.55,32.104
163827.SZ,20190614,1.031,1.031,1.031,1.031,1.031,0.0,0.0,1.0,0.103
150194.SZ,20190614,0.989,0.989,0.99,0.988,0.989,0.0,0.0,175537.02,17360.508
150195.SZ,20190614,0.697,0.696,0.705,0.67,0.672,-0.025,-3.5868,115877.08,7960.392
150193.SZ,20190614,0.982,0.986,0.986,0.979,0.979,-0.003,-0.3055,974.0,95.719
169101.SZ,20190614,1.347,1.345,1.353,1.33,1.33,-0.017,-1.2621,7674.0,1029.172
150198.SZ,20190614,0.988,0.99,0.991,0.99,0.99,0.002,0.2024,3906.3,386.88
150199.SZ,20190614,0.99,0.989,1.041,0.972,0.99,0.0,0.0,16634.8,1670.917
505888.SH,20190614,0.977,0.976,0.979,0.975,0.978,0.001,0.1024,644630.0,62999.106
512300.SH,20190614,0.973,0.975,0.976,0.958,0.961,-0.012,-1.2333,3356.0,323.635
511220.SH,20190614,96.43,96.45,96.47,96.448,96.458,0.028,0.029,309.0,2980.575
150200.SZ,20190614,0.99,0.99,0.99,0.99,0.99,0.0,0.0,204322.03,20227.88
150201.SZ,20190614,1.106,1.108,1.117,1.058,1.07,-0.036,-3.255,1914662.43,208514.482
150205.SZ,20190614,0.993,0.993,0.994,0.992,0.994,0.001,0.1007,68940.07,6845.958
150206.SZ,20190614,0.505,0.504,0.529,0.491,0.495,-0.01,-1.9802,1002430.9,51381.479
159938.SZ,20190614,1.162,1.162,1.171,1.148,1.153,-0.009,-0.7745,87945.0,10213.968
150207.SZ,20190614,0.999,0.975,0.975,0.975,0.975,-0.024,-2.4024,1.0,0.097
150208.SZ,20190614,1.397,1.394,1.394,1.394,1.394,-0.003,-0.2147,0.23,0.032
160813.SZ,20190614,0.714,0.708,0.713,0.704,0.713,-0.001,-0.1401,91.92,6.494
150173.SZ,20190614,0.989,0.99,0.99,0.99,0.99,0.001,0.1011,11.0,1.089
511810.SH,20190614,100.0,100.006,100.011,100.005,100.009,0.009,0.009,60740.83,607459.002
511860.SH,20190614,99.996,99.997,100.005,99.997,100.005,0.009,0.009,579.16,5791.675
150204.SZ,20190614,0.813,0.857,0.857,0.805,0.808,-0.005,-0.615,437.97,35.477
150203.SZ,20190614,0.991,0.991,0.991,0.991,0.991,0.0,0.0,11.0,1.09
511800.SH,20190614,99.994,99.999,100.004,99.998,100.003,0.009,0.009,2058.45,20584.682
150209.SZ,20190614,0.99,0.989,0.99,0.989,0.99,0.0,0.0,154188.57,15264.558
150210.SZ,20190614,0.643,0.643,0.653,0.623,0.624,-0.019,-2.9549,20451.08,1303.871
160618.SZ,20190614,1.299,1.297,1.299,1.297,1.299,0.0,0.0,6388.42,829.218
513660.SH,20190614,2.519,2.529,2.529,2.523,2.524,0.005,0.1985,187.0,47.207
513600.SH,20190614,2.534,2.534,2.599,2.53,2.53,-0.004,-0.1579,2274.0,576.627
159005.SZ,20190614,99.999,99.999,100.001,99.999,100.0,0.001,0.001,948.4,9484.025
159939.SZ,20190614,0.912,0.913,0.918,0.892,0.894,-0.018,-1.9737,421971.99,38133.622
169102.SZ,20190614,0.94,0.94,0.94,0.929,0.935,-0.005,-0.5319,2291.0,213.167
160919.SZ,20190614,1.2,1.173,1.192,1.173,1.192,-0.008,-0.6667,738.0,86.629
161222.SZ,20190614,1.131,1.225,1.225,1.121,1.122,-0.009,-0.7958,101.0,11.341
512990.SH,20190614,1.082,1.082,1.089,1.073,1.075,-0.007,-0.647,65353.0,7078.726
159940.SZ,20190614,0.966,0.973,0.973,0.959,0.959,-0.007,-0.7246,263.0,25.449
150213.SZ,20190614,0.993,0.99,0.991,0.99,0.991,-0.002,-0.2014,7933.0,785.367
150214.SZ,20190614,1.076,1.011,1.071,1.011,1.069,-0.007,-0.6506,61.6,6.262
150216.SZ,20190614,0.682,0.655,0.704,0.655,0.665,-0.017,-2.4927,3208.53,221.063
160314.SZ,20190614,0.933,0.926,0.927,0.916,0.925,-0.008,-0.8574,296.0,27.295
160613.SZ,20190614,1.261,1.264,1.264,1.261,1.261,0.0,0.0,92.73,11.711
161010.SZ,20190614,1.073,1.071,1.073,1.071,1.072,-0.001,-0.0932,641.0,68.724
160615.SZ,20190614,1.52,1.519,1.519,1.512,1.516,-0.004,-0.2632,3.0,0.454
161810.SZ,20190614,1.535,1.542,1.542,1.503,1.504,-0.031,-2.0195,4362.9,660.78
510060.SH,20190614,1.823,1.805,1.825,1.8,1.802,-0.021,-1.1519,129.0,23.339
160119.SZ,20190614,1.24,1.245,1.247,1.221,1.222,-0.018,-1.4516,13060.19,1606.632
510010.SH,20190614,1.128,1.119,1.129,1.115,1.116,-0.012,-1.0638,870.65,97.397
162307.SZ,20190614,1.308,1.313,1.313,1.312,1.312,0.004,0.3058,49.0,6.428
165309.SZ,20190614,1.181,1.174,1.174,1.168,1.171,-0.01,-0.8467,47.64,5.59
160211.SZ,20190614,1.843,1.858,1.858,1.818,1.82,-0.023,-1.248,685.0,125.171
162711.SZ,20190614,1.065,1.076,1.076,1.059,1.059,-0.006,-0.5634,711.0,75.486
150008.SZ,20190614,1.185,1.18,1.18,1.18,1.18,-0.005,-0.4219,100.0,11.8
150009.SZ,20190614,1.132,1.148,1.148,1.148,1.148,0.016,1.4134,100.0,11.48
159903.SZ,20190614,0.98,0.983,0.984,0.967,0.967,-0.013,-1.3265,10005.0,975.841
510020.SH,20190614,2.71,2.703,2.703,2.698,2.699,-0.011,-0.4059,125.0,33.75
160716.SZ,20190614,1.554,1.545,1.559,1.543,1.547,-0.007,-0.4505,1226.0,190.176
160616.SZ,20190614,1.078,1.078,1.078,1.063,1.071,-0.007,-0.6494,324.0,34.703
163001.SZ,20190614,0.906,0.908,0.908,0.907,0.907,0.001,0.1104,2.0,0.181
510030.SH,20190614,5.111,5.136,5.136,5.079,5.091,-0.02,-0.3913,454.0,231.459
510090.SH,20190614,1.669,1.694,1.694,1.659,1.659,-0.01,-0.5992,43.58,7.243
150016.SZ,20190614,0.945,0.946,0.946,0.945,0.945,0.0,0.0,812.2,76.814
150017.SZ,20190614,0.981,0.982,0.988,0.964,0.964,-0.017,-1.7329,2002.14,195.609
150012.SZ,20190614,0.978,0.978,0.978,0.978,0.978,0.0,0.0,2017.0,197.262
150013.SZ,20190614,0.949,0.925,0.948,0.925,0.948,-0.001,-0.1054,31.0,2.869
150018.SZ,20190614,0.988,0.988,0.989,0.987,0.988,0.0,0.0,104207.17,10295.276
150019.SZ,20190614,0.896,0.895,0.903,0.858,0.86,-0.036,-4.0179,2488972.86,219454.61
161713.SZ,20190614,1.029,1.03,1.03,1.03,1.03,0.001,0.0972,110.0,11.33
165508.SZ,20190614,1.656,1.533,1.57,1.533,1.57,-0.086,-5.1932,16.0,2.472
160807.SZ,20190614,1.217,1.216,1.216,1.211,1.212,-0.005,-0.4108,3.0,0.364
510070.SH,20190614,1.607,1.598,1.598,1.598,1.598,-0.009,-0.56,1.0,0.16
160215.SZ,20190614,1.268,1.299,1.299,1.278,1.278,0.01,0.7886,2.0,0.257
510160.SH,20190614,0.541,0.542,0.542,0.536,0.538,-0.003,-0.5545,2705.0,145.535
510110.SH,20190614,3.609,3.602,3.608,3.602,3.608,-0.001,-0.0277,14.0,5.049
160717.SZ,20190614,0.796,0.799,0.8,0.795,0.797,0.001,0.1256,840.0,66.963
164105.SZ,20190614,1.448,1.35,1.449,1.35,1.449,0.001,0.0691,6.0,0.819
163407.SZ,20190614,1.879,1.877,1.883,1.87,1.87,-0.009,-0.479,9316.66,1743.847
159905.SZ,20190614,1.77,1.766,1.784,1.75,1.752,-0.018,-1.0169,56184.0,9915.197
510190.SH,20190614,3.175,3.111,3.179,3.111,3.158,-0.017,-0.5354,90.0,28.293
150022.SZ,20190614,0.769,0.767,0.769,0.758,0.76,-0.009,-1.1704,180718.72,13807.618
150023.SZ,20190614,0.222,0.222,0.224,0.215,0.215,-0.007,-3.1532,675338.59,14824.845
510170.SH,20190614,1.626,1.62,1.641,1.62,1.62,-0.006,-0.369,195.0,31.653
166008.SZ,20190614,1.107,1.077,1.077,1.075,1.075,-0.032,-2.8907,65.89,7.085
161815.SZ,20190614,0.453,0.453,0.455,0.453,0.454,0.001,0.2208,74.0,3.359
160617.SZ,20190614,1.1,1.099,1.127,1.099,1.127,0.027,2.4545,10.0,1.101
510150.SH,20190614,4.736,4.732,4.788,4.706,4.706,-0.03,-0.6334,5101.0,2423.3
159906.SZ,20190614,0.736,0.734,0.74,0.725,0.725,-0.011,-1.4946,1050.0,76.381
510220.SH,20190614,3.83,3.857,3.857,3.725,3.825,-0.005,-0.1305,225.0,85.014
510210.SH,20190614,3.524,3.506,3.54,3.486,3.489,-0.035,-0.9932,11811.0,4135.042
161714.SZ,20190614,1.008,1.001,1.001,1.0,1.0,-0.008,-0.7937,55.0,5.504
166009.SZ,20190614,1.599,1.58,1.58,1.58,1.58,-0.019,-1.1882,100.0,15.8
150029.SZ,20190614,1.049,1.048,1.067,1.018,1.052,0.003,0.286,2954.0,306.674
164808.SZ,20190614,1.066,1.063,1.065,1.039,1.065,-0.001,-0.0938,29.0,3.084
161907.SZ,20190614,1.649,1.628,1.628,1.616,1.616,-0.033,-2.0012,64.0,10.347
161216.SZ,20190614,1.131,1.13,1.13,1.13,1.13,-0.001,-0.0884,7.0,0.791
510230.SH,20190614,5.797,5.81,5.82,5.748,5.764,-0.033,-0.5693,39500.4,22820.838
510260.SH,20190614,1.02,1.017,1.019,1.0,1.01,-0.01,-0.9804,411.0,41.707
161116.SZ,20190614,0.713,0.718,0.723,0.716,0.718,0.005,0.7013,4121.0,296.459
510120.SH,20190614,2.84,2.785,2.83,2.785,2.83,-0.01,-0.3521,65.0,18.138
163409.SZ,20190614,1.552,1.527,1.531,1.527,1.531,-0.021,-1.3531,56.39,8.613
160512.SZ,20190614,1.648,1.6,1.696,1.6,1.607,-0.041,-2.4879,153.0,24.538
159908.SZ,20190614,1.275,1.281,1.281,1.256,1.256,-0.019,-1.4902,390.0,49.811
159907.SZ,20190614,1.131,1.129,1.129,1.113,1.113,-0.018,-1.5915,747.0,83.353
163110.SZ,20190614,1.561,1.549,1.55,1.545,1.545,-0.016,-1.025,94.0,14.567
159909.SZ,20190614,3.964,3.964,3.964,3.86,3.863,-0.101,-2.5479,1125.0,439.386
510270.SH,20190614,1.072,1.073,1.082,1.067,1.067,-0.005,-0.4664,706.24,75.715
161217.SZ,20190614,0.626,0.619,0.626,0.618,0.618,-0.008,-1.278,54.0,3.349
159910.SZ,20190614,1.754,1.751,1.762,1.728,1.734,-0.02,-1.1403,4184.0,728.175
162712.SZ,20190614,1.433,1.431,1.433,1.431,1.433,0.0,0.0,627.0,89.847
160719.SZ,20190614,0.737,0.742,0.745,0.737,0.745,0.008,1.0855,8509.17,631.692
159911.SZ,20190614,3.473,3.453,3.453,3.453,3.453,-0.02,-0.5759,20.0,6.906
164701.SZ,20190614,0.626,0.63,0.634,0.628,0.632,0.006,0.9585,3742.0,236.036
159915.SZ,20190614,1.422,1.421,1.428,1.395,1.397,-0.025,-1.7581,6190399.7,875068.996
159916.SZ,20190614,3.9,3.9,3.917,3.864,3.864,-0.036,-0.9231,323.9,126.221
159912.SZ,20190614,1.173,1.173,1.18,1.152,1.156,-0.017,-1.4493,6779.0,791.867
510290.SH,20190614,1.35,1.348,1.35,1.327,1.331,-0.019,-1.4074,17089.0,2279.953
160125.SZ,20190614,1.008,1.007,1.01,0.994,1.01,0.002,0.1984,43.0,4.331
159913.SZ,20190614,1.784,1.783,1.785,1.749,1.752,-0.032,-1.7937,308.0,54.219
163208.SZ,20190614,0.815,0.8,0.827,0.8,0.827,0.012,1.4724,218.0,18.012
161017.SZ,20190614,1.698,1.696,1.703,1.671,1.677,-0.021,-1.2367,5416.0,910.871
162411.SZ,20190614,0.448,0.446,0.447,0.445,0.445,-0.003,-0.6696,1438202.57,64195.615
150048.SZ,20190614,1.228,1.221,1.235,1.202,1.22,-0.008,-0.6515,380.0,46.404
150053.SZ,20190614,0.993,0.995,0.995,0.995,0.995,0.002,0.2014,5.0,0.497
150054.SZ,20190614,0.75,0.75,0.75,0.75,0.75,0.0,0.0,7.9,0.592
165513.SZ,20190614,0.395,0.393,0.393,0.389,0.39,-0.005,-1.2658,546.42,21.404
150051.SZ,20190614,0.991,0.99,0.991,0.99,0.991,0.0,0.0,508.48,50.341
150052.SZ,20190614,1.258,1.258,1.29,1.23,1.238,-0.02,-1.5898,94135.4,11858.536
161614.SZ,20190614,1.062,1.049,1.049,1.049,1.049,-0.013,-1.2241,50.0,5.245
160130.SZ,20190614,0.997,0.999,1.003,0.999,1.0,0.003,0.3009,11.0,1.1
161911.SZ,20190614,1.03,1.03,1.03,1.024,1.026,-0.004,-0.3883,17962.24,1843.723
162715.SZ,20190614,1.113,1.113,1.113,1.113,1.113,0.0,0.0,7.0,0.779
513100.SH,20190614,2.667,2.682,2.687,2.676,2.679,0.012,0.4499,156461.0,41984.513
159926.SZ,20190614,115.001,114.321,114.321,114.321,114.321,-0.68,-0.5913,1.0,11.432
159003.SZ,20190614,100.0,100.0,100.001,99.999,100.0,0.0,0.0,3725.8,37258.13
518880.SH,20190614,2.977,2.986,3.024,2.986,3.022,0.045,1.5116,3180999.39,955212.332
518800.SH,20190614,2.955,2.961,3.0,2.961,3.0,0.045,1.5228,393037.31,117112.327
166904.SZ,20190614,1.046,1.038,1.038,1.038,1.038,-0.008,-0.7648,200.0,20.76
150144.SZ,20190614,1.05,0.984,0.996,0.984,0.996,-0.054,-5.1429,62.0,6.139
159929.SZ,20190614,1.331,1.329,1.343,1.324,1.325,-0.006,-0.4508,16721.0,2232.847
159928.SZ,20190614,2.786,2.781,2.808,2.752,2.753,-0.033,-1.1845,110617.05,30721.113
159930.SZ,20190614,0.726,0.726,0.726,0.724,0.724,-0.002,-0.2755,884.0,64.116
159931.SZ,20190614,1.663,1.663,1.673,1.652,1.666,0.003,0.1804,1521.54,251.783
150149.SZ,20190614,0.503,0.501,0.51,0.497,0.505,0.002,0.3976,5588.0,282.127
160515.SZ,20190614,1.059,1.058,1.058,1.058,1.058,-0.001,-0.0944,2000.0,211.6
150130.SZ,20190614,1.015,1.016,1.017,1.014,1.015,0.0,0.0,19239.56,1952.934
150131.SZ,20190614,1.248,1.251,1.27,1.224,1.236,-0.012,-0.9615,113747.71,14221.147
150150.SZ,20190614,0.994,0.995,0.995,0.995,0.995,0.001,0.1006,42.0,4.179
150151.SZ,20190614,0.75,0.741,0.741,0.741,0.741,-0.009,-1.2,42.33,3.136
150152.SZ,20190614,0.997,0.996,0.997,0.995,0.997,0.0,0.0,492785.59,49085.081
150153.SZ,20190614,1.014,1.011,1.018,0.98,0.981,-0.033,-3.2544,1427985.85,142753.056
159932.SZ,20190614,1.325,1.315,1.321,1.3,1.321,-0.004,-0.3019,1047.0,137.43
512010.SH,20190614,1.533,1.533,1.553,1.528,1.53,-0.003,-0.1957,107171.0,16534.05
159933.SZ,20190614,2.007,1.985,1.985,1.985,1.985,-0.022,-1.0962,1.0,0.198
510680.SH,20190614,2.358,2.3,2.343,2.295,2.343,-0.015,-0.6361,34.0,7.91
159934.SZ,20190614,2.954,2.966,2.999,2.964,2.997,0.043,1.4557,1148414.65,342142.663
513500.SH,20190614,1.847,1.855,1.862,1.854,1.856,0.009,0.4873,888685.0,165252.001
512120.SH,20190614,1.32,1.325,1.332,1.312,1.312,-0.008,-0.6061,2105.0,278.349
150157.SZ,20190614,0.994,0.995,0.995,0.993,0.994,0.0,0.0,22030.0,2189.647
150158.SZ,20190614,1.033,1.033,1.035,1.018,1.018,-0.015,-1.4521,5367.0,550.705
159935.SZ,20190614,1.343,1.352,1.352,1.35,1.35,0.007,0.5212,58.0,7.841
160220.SZ,20190614,1.211,1.211,1.211,1.15,1.151,-0.06,-4.9546,177.19,20.583
510520.SH,20190614,1.212,1.221,1.221,1.191,1.191,-0.021,-1.7327,325.0,38.99
150170.SZ,20190614,1.299,1.299,1.299,1.297,1.297,-0.002,-0.154,1140.0,147.968
150172.SZ,20190614,1.367,1.371,1.389,1.315,1.326,-0.041,-2.9993,310790.16,42012.289
150175.SZ,20190614,0.998,0.998,0.999,0.997,0.998,0.0,0.0,87583.52,8746.457
150176.SZ,20190614,0.904,0.901,0.908,0.898,0.898,-0.006,-0.6637,18659.0,1683.841
150181.SZ,20190614,0.989,0.989,0.99,0.989,0.99,0.001,0.1011,168140.4,16644.644
150182.SZ,20190614,1.239,1.235,1.31,1.231,1.231,-0.008,-0.6457,281511.79,35735.738
150178.SZ,20190614,1.325,1.301,1.34,1.295,1.316,-0.009,-0.6792,1627.0,214.379
150180.SZ,20190614,0.946,0.946,0.947,0.934,0.934,-0.012,-1.2685,322.8,30.437
160812.SZ,20190614,1.319,1.294,1.309,1.269,1.272,-0.047,-3.5633,3040.01,396.98
160918.SZ,20190614,1.787,1.793,1.793,1.787,1.787,0.0,0.0,154.33,27.615
150184.SZ,20190614,0.975,0.976,0.977,0.976,0.977,0.002,0.2051,2007.3,196.112
150185.SZ,20190614,0.995,0.994,0.994,0.963,0.974,-0.021,-2.1106,3327.2,325.752
159936.SZ,20190614,1.239,1.234,1.245,1.227,1.227,-0.012,-0.9685,935.0,115.685
150050.SZ,20190614,1.206,1.18,1.197,1.171,1.19,-0.016,-1.3267,210.0,24.74
159918.SZ,20190614,1.32,1.344,1.344,1.285,1.292,-0.028,-2.1212,511.0,66.615
160416.SZ,20190614,0.987,0.973,0.987,0.973,0.984,-0.003,-0.304,77.0,7.577
163412.SZ,20190614,3.202,3.214,3.214,3.158,3.161,-0.041,-1.2804,1694.0,538.91
510410.SH,20190614,0.624,0.624,0.627,0.613,0.614,-0.01,-1.6026,31974.0,1990.387
160216.SZ,20190614,0.441,0.439,0.44,0.437,0.437,-0.004,-0.907,44503.59,1951.008
159919.SZ,20190614,3.687,3.69,3.708,3.651,3.661,-0.026,-0.7052,584086.29,215120.204
510300.SH,20190614,3.692,3.694,3.717,3.658,3.67,-0.022,-0.5959,3445139.47,1270771.66
163821.SZ,20190614,1.283,1.283,1.283,1.277,1.277,-0.006,-0.4677,41.0,5.236
164810.SZ,20190614,1.0,0.938,1.0,0.938,1.0,0.0,0.0,18.0,1.793
161117.SZ,20190614,1.065,1.066,1.066,1.066,1.066,0.001,0.0939,7.0,0.746
159920.SZ,20190614,1.462,1.465,1.472,1.461,1.461,-0.001,-0.0684,2585221.67,379015.768
510900.SH,20190614,1.157,1.159,1.163,1.153,1.154,-0.003,-0.2593,6139243.32,710730.803
161820.SZ,20190614,1.119,1.118,1.118,1.117,1.117,-0.002,-0.1787,5.0,0.558
160916.SZ,20190614,2.733,2.73,2.73,2.707,2.71,-0.023,-0.8416,284.55,77.23
510440.SH,20190614,1.488,1.481,1.485,1.481,1.484,-0.004,-0.2688,5.0,0.742
150106.SZ,20190614,1.05,1.05,1.051,1.05,1.05,0.0,0.0,76916.64,8076.257
150107.SZ,20190614,0.603,0.605,0.612,0.574,0.58,-0.023,-3.8143,211151.34,12586.492
150101.SZ,20190614,1.04,1.02,1.02,1.01,1.02,-0.02,-1.9231,31.0,3.161
161119.SZ,20190614,1.364,1.365,1.365,1.36,1.36,-0.004,-0.2933,6.0,0.817
166902.SZ,20190614,1.069,1.116,1.116,1.05,1.096,0.027,2.5257,3.0,0.326
163415.SZ,20190614,1.744,1.743,1.744,1.728,1.731,-0.013,-0.7454,1622.0,281.805
510330.SH,20190614,3.695,3.696,3.72,3.666,3.672,-0.023,-0.6225,964059.0,356545.537
511990.SH,20190614,100.007,100.012,100.016,100.01,100.016,0.009,0.009,624431.64,6245154.846
159922.SZ,20190614,5.104,5.104,5.118,5.004,5.017,-0.087,-1.7045,76216.0,38527.064
510500.SH,20190614,5.241,5.241,5.259,5.15,5.162,-0.079,-1.5073,1997274.32,1040010.129
150117.SZ,20190614,1.009,1.008,1.01,1.008,1.01,0.001,0.0991,15776.4,1591.557
150118.SZ,20190614,1.058,1.067,1.086,1.053,1.056,-0.002,-0.189,55961.0,5997.107
159923.SZ,20190614,1.627,1.627,1.635,1.613,1.618,-0.009,-0.5532,697.0,113.174
510310.SH,20190614,1.608,1.606,1.617,1.594,1.598,-0.01,-0.6219,518468.0,83287.493
511010.SH,20190614,116.794,116.822,116.999,116.811,116.944,0.15,0.1284,10775.0,125952.901
160212.SZ,20190614,1.854,1.854,1.864,1.827,1.829,-0.025,-1.3484,1451.96,267.57
510660.SH,20190614,1.555,1.571,1.577,1.545,1.552,-0.003,-0.1929,1863.0,291.208
510650.SH,20190614,1.875,1.873,1.876,1.863,1.863,-0.012,-0.64,2081.0,388.992
510630.SH,20190614,2.771,2.772,2.79,2.74,2.747,-0.024,-0.8661,1807.0,498.675
159925.SZ,20190614,1.581,1.583,1.584,1.564,1.578,-0.003,-0.1898,436.0,68.577
150124.SZ,20190614,0.67,0.67,0.67,0.634,0.658,-0.012,-1.791,2572.0,166.778
163210.SZ,20190614,1.012,1.011,1.018,1.011,1.014,0.002,0.1976,3635.68,368.202
510510.SH,20190614,1.389,1.392,1.398,1.368,1.371,-0.018,-1.2959,255387.0,35360.431
511880.SH,20190614,101.311,101.325,101.338,101.322,101.333,0.022,0.0217,560559.43,5680025.689
165313.SZ,20190614,1.342,1.335,1.336,1.335,1.336,-0.006,-0.4471,2908.0,388.358
159001.SZ,20190614,100.0,100.0,100.001,99.999,100.0,0.0,0.0,354033.73,3540337.426
162006.SZ,20190614,1.028,1.015,1.02,1.013,1.013,-0.015,-1.4591,135.58,13.77
160910.SZ,20190614,0.991,0.992,0.992,0.992,0.992,0.001,0.1009,16.0,1.587
160311.SZ,20190614,1.515,1.501,1.514,1.492,1.492,-0.023,-1.5182,1035.19,155.684
161610.SZ,20190614,1.003,1.005,1.006,0.996,0.996,-0.007,-0.6979,807.05,80.824
159961.SZ,20190614,1.247,1.246,1.246,1.236,1.236,-0.011,-0.8821,8320.0,1032.399
512260.SH,20190614,1.153,1.146,1.156,1.135,1.137,-0.016,-1.3877,74177.0,8507.966
501067.SH,20190614,1.157,1.157,1.157,1.157,1.157,0.0,0.0,37.0,4.281
501068.SH,20190614,1.16,1.159,1.163,1.159,1.161,0.001,0.0862,197.0,22.859
512870.SH,20190614,1.082,1.084,1.087,1.064,1.065,-0.017,-1.5712,47769.0,5122.69
510850.SH,20190614,2.792,2.795,2.813,2.78,2.783,-0.009,-0.3223,2018926.01,564225.554
510550.SH,20190614,1.128,1.128,1.133,1.11,1.112,-0.016,-1.4184,3074.0,345.97
501069.SH,20190614,0.988,0.984,0.986,0.975,0.978,-0.01,-1.0121,4195.0,412.437
513680.SH,20190614,0.933,0.934,0.934,0.934,0.934,0.001,0.1072,1.0,0.093
512150.SH,20190614,1.157,1.145,1.18,1.145,1.148,-0.009,-0.7779,2685.0,311.145
512890.SH,20190614,1.112,1.112,1.112,1.102,1.103,-0.009,-0.8094,10004.0,1109.132
159962.SZ,20190614,0.993,0.951,0.999,0.951,0.975,-0.018,-1.8127,3206.0,314.754
501311.SH,20190614,0.934,0.928,0.928,0.916,0.927,-0.007,-0.7495,114.0,10.564
501064.SH,20190614,1.009,0.96,0.96,0.96,0.96,-0.049,-4.8563,9.88,0.948
159963.SZ,20190614,0.94,0.948,0.948,0.94,0.941,0.001,0.1064,13768.05,1296.979
511020.SH,20190614,100.1,100.3,100.31,100.3,100.31,0.21,0.2098,26.3,263.807
512270.SH,20190614,0.964,0.965,0.965,0.955,0.956,-0.008,-0.8299,27425.0,2637.331
511030.SH,20190614,99.9,100.376,100.5,100.376,100.376,0.476,0.4765,22.1,221.843
159965.SZ,20190614,0.955,0.955,0.96,0.944,0.947,-0.008,-0.8377,12874.0,1223.635
512380.SH,20190614,0.919,0.92,0.925,0.913,0.916,-0.003,-0.3264,947259.49,87001.159
512590.SH,20190614,0.987,0.978,0.992,0.97,0.97,-0.017,-1.7224,6998.0,689.97
159964.SZ,20190614,0.883,0.883,0.886,0.867,0.867,-0.016,-1.812,980.0,86.317
161912.SZ,20190614,0.927,0.936,0.936,0.847,0.894,-0.033,-3.5599,3129.03,273.501
512690.SH,20190614,0.966,0.96,0.98,0.952,0.955,-0.011,-1.1387,159794.0,15424.44
512290.SH,20190614,0.938,0.942,0.946,0.931,0.933,-0.005,-0.533,138065.0,12977.667
166025.SZ,20190614,0.916,0.914,0.915,0.911,0.911,-0.005,-0.5459,3689.0,337.116
512760.SH,20190614,1.023,1.027,1.027,0.986,0.989,-0.034,-3.3236,271986.0,27329.852
512480.SH,20190614,0.999,0.998,1.005,0.963,0.966,-0.033,-3.3033,76983.0,7600.68
160105.SZ,20190614,0.878,0.846,0.874,0.846,0.849,-0.029,-3.303,14.0,1.19
163801.SZ,20190614,1.19,1.188,1.214,1.188,1.19,0.0,0.0,188.0,22.344
160505.SZ,20190614,1.525,1.524,1.528,1.51,1.511,-0.014,-0.918,7025.75,1065.497
510050.SH,20190614,2.796,2.8,2.819,2.785,2.79,-0.006,-0.2146,4515758.22,1265460.733
162703.SZ,20190614,1.342,1.334,1.335,1.316,1.329,-0.013,-0.9687,1354.0,179.871
162605.SZ,20190614,1.601,1.602,1.61,1.583,1.587,-0.014,-0.8745,37511.1,5990.48
161607.SZ,20190614,1.178,1.179,1.179,1.179,1.179,0.001,0.0849,1.0,0.117
160106.SZ,20190614,0.923,0.923,0.923,0.912,0.914,-0.009,-0.9751,174.0,15.995
160706.SZ,20190614,1.057,1.058,1.061,1.047,1.047,-0.01,-0.9461,14964.0,1574.645
163302.SZ,20190614,1.04,1.049,1.049,1.001,1.04,0.0,0.0,223.0,22.43
161005.SZ,20190614,1.965,1.965,1.973,1.945,1.945,-0.02,-1.0178,10382.43,2034.067
163402.SZ,20190614,0.737,0.738,0.739,0.726,0.728,-0.009,-1.2212,70542.2,5166.19
161706.SZ,20190614,1.641,1.623,1.649,1.622,1.628,-0.013,-0.7922,1142.0,185.455
163503.SZ,20190614,0.392,0.39,0.393,0.388,0.39,-0.002,-0.5102,1336.72,52.2
162607.SZ,20190614,0.468,0.466,0.469,0.461,0.462,-0.006,-1.2821,1207.0,56.019
159901.SZ,20190614,4.297,4.297,4.326,4.24,4.245,-0.052,-1.2101,439817.0,188761.157
510180.SH,20190614,3.363,3.37,3.378,3.337,3.339,-0.024,-0.7136,195837.0,65792.691
162207.SZ,20190614,1.234,1.235,1.239,1.235,1.239,0.005,0.4052,569.21,70.508
159902.SZ,20190614,2.698,2.693,2.708,2.651,2.655,-0.043,-1.5938,127248.02,34066.932
160607.SZ,20190614,0.648,0.64,0.647,0.637,0.644,-0.004,-0.6173,535.0,34.102
510880.SH,20190614,2.732,2.726,2.74,2.707,2.708,-0.024,-0.8785,76942.0,20937.719
160610.SZ,20190614,0.888,0.888,0.888,0.87,0.875,-0.013,-1.464,282.0,24.687
166001.SZ,20190614,1.126,1.125,1.129,1.125,1.129,0.003,0.2664,133.66,15.057
161716.SZ,20190614,1.248,1.247,1.247,1.246,1.246,-0.002,-0.1603,5220.5,650.644
150218.SZ,20190614,0.919,0.9,0.9,0.857,0.9,-0.019,-2.0675,514.26,46.277
150211.SZ,20190614,0.998,0.998,0.998,0.996,0.996,-0.002,-0.2004,20634.78,2055.736
150212.SZ,20190614,0.767,0.766,0.775,0.69,0.741,-0.026,-3.3898,21385.73,1600.966
150223.SZ,20190614,1.014,1.013,1.015,1.013,1.015,0.001,0.0986,96018.04,9732.441
150224.SZ,20190614,0.841,0.839,0.846,0.806,0.808,-0.033,-3.9239,204457.26,16968.629
150196.SZ,20190614,1.009,1.009,1.011,1.008,1.01,0.001,0.0991,932306.49,94153.479
150197.SZ,20190614,0.555,0.56,0.569,0.544,0.546,-0.009,-1.6216,2025632.29,112685.558
150221.SZ,20190614,1.034,1.034,1.035,1.034,1.035,0.001,0.0967,9239.7,955.589
150222.SZ,20190614,0.912,0.912,0.949,0.907,0.907,-0.005,-0.5482,32220.22,2995.671
512310.SH,20190614,0.471,0.473,0.473,0.462,0.464,-0.007,-1.4862,4496.0,210.741
162510.SZ,20190614,0.806,0.811,0.811,0.806,0.806,0.0,0.0,5.0,0.403
502048.SH,20190614,0.911,0.911,0.914,0.91,0.914,0.003,0.3293,1806.35,164.759
502049.SH,20190614,0.978,0.977,0.979,0.977,0.978,0.0,0.0,1482.0,144.795
502050.SH,20190614,0.846,0.848,0.855,0.833,0.834,-0.012,-1.4184,39127.24,3305.183
512340.SH,20190614,0.744,0.741,0.741,0.737,0.738,-0.006,-0.8065,275.0,20.302
502000.SH,20190614,0.879,0.854,0.888,0.853,0.888,0.009,1.0239,23.01,1.999
502002.SH,20190614,0.735,0.807,0.807,0.807,0.807,0.072,9.7959,1.0,0.081
150220.SZ,20190614,0.72,0.714,0.724,0.709,0.71,-0.01,-1.3889,7395.0,529.413
512500.SH,20190614,2.437,2.44,2.448,2.392,2.401,-0.036,-1.4772,351065.28,85015.71
150227.SZ,20190614,0.997,0.997,0.999,0.997,0.999,0.002,0.2006,75991.02,7584.616
150228.SZ,20190614,0.882,0.886,0.887,0.87,0.874,-0.008,-0.907,306401.0,26925.131
165517.SZ,20190614,0.81,0.81,0.81,0.81,0.81,0.0,0.0,10.0,0.81
512510.SH,20190614,1.043,1.047,1.048,1.026,1.026,-0.017,-1.6299,108929.0,11301.555
166012.SZ,20190614,1.086,1.083,1.091,1.083,1.089,0.003,0.2762,118.21,12.83
150229.SZ,20190614,0.97,0.97,0.97,0.97,0.97,0.0,0.0,3.0,0.291
150230.SZ,20190614,1.189,1.197,1.197,1.092,1.184,-0.005,-0.4205,160.0,18.348
150232.SZ,20190614,0.683,0.668,0.669,0.651,0.66,-0.023,-3.3675,1199.0,79.685
150236.SZ,20190614,1.002,1.011,1.011,0.974,0.999,-0.003,-0.2994,521.0,51.249
164906.SZ,20190614,1.145,1.145,1.145,1.132,1.14,-0.005,-0.4367,559.0,63.61
150247.SZ,20190614,1.004,1.001,1.006,1.001,1.006,0.002,0.1992,23.31,2.343
150248.SZ,20190614,0.845,0.78,0.847,0.78,0.847,0.002,0.2367,52.0,4.069
150250.SZ,20190614,1.033,1.028,1.028,1.028,1.028,-0.005,-0.484,0.35,0.035
510710.SH,20190614,3.046,3.047,3.071,3.035,3.04,-0.006,-0.197,74944.0,22856.245
150252.SZ,20190614,0.84,0.82,0.84,0.82,0.82,-0.02,-2.381,307.0,25.364
150265.SZ,20190614,1.018,1.018,1.018,1.012,1.012,-0.006,-0.5894,583.0,59.287
150266.SZ,20190614,0.914,0.912,0.912,0.888,0.889,-0.025,-2.7352,1007.58,90.852
150274.SZ,20190614,1.338,1.205,1.308,1.204,1.308,-0.03,-2.2422,152.07,18.335
159943.SZ,20190614,9.6,9.6,9.662,9.47,9.47,-0.13,-1.3542,296.35,282.949
150261.SZ,20190614,1.01,1.005,1.01,1.005,1.01,0.0,0.0,1499.0,150.899
150262.SZ,20190614,0.782,0.792,0.792,0.767,0.767,-0.015,-1.9182,108.71,8.372
510560.SH,20190614,1.037,1.018,1.018,0.982,0.982,-0.055,-5.3038,100.0,10.044
166105.SZ,20190614,0.906,0.908,0.908,0.908,0.908,0.002,0.2208,4.0,0.363
502013.SH,20190614,1.245,1.25,1.263,1.22,1.228,-0.017,-1.3655,13350.01,1651.892
512800.SH,20190614,1.047,1.047,1.052,1.043,1.044,-0.003,-0.2865,263838.0,27643.668
512400.SH,20190614,0.66,0.66,0.67,0.654,0.655,-0.005,-0.7576,161435.0,10659.112
512560.SH,20190614,0.781,0.782,0.796,0.776,0.776,-0.005,-0.6402,2982.0,233.767
512570.SH,20190614,0.872,0.874,0.88,0.855,0.856,-0.016,-1.8349,1498.0,130.016
161715.SZ,20190614,0.903,0.895,0.897,0.89,0.89,-0.013,-1.4396,94.96,8.465
160924.SZ,20190614,1.01,0.98,0.98,0.975,0.978,-0.032,-3.1683,4.0,0.391
501036.SH,20190614,0.78,0.788,0.788,0.771,0.787,0.007,0.8974,446.0,35.071
501037.SH,20190614,0.775,0.776,0.776,0.764,0.77,-0.005,-0.6452,1668.02,128.487
501038.SH,20190614,1.03,1.03,1.032,1.024,1.024,-0.006,-0.5825,17912.55,1842.668
511260.SH,20190614,106.275,106.283,106.44,106.283,106.44,0.165,0.1553,701.0,7456.467
511620.SH,20190614,99.94,99.995,99.995,99.99,99.995,0.055,0.055,69.11,691.064
166023.SZ,20190614,1.027,1.004,1.024,1.003,1.022,-0.005,-0.4869,604.0,60.587
511670.SH,20190614,100.0,100.002,100.012,100.002,100.012,0.012,0.012,1102.48,11025.813
501303.SH,20190614,0.891,0.881,0.881,0.88,0.88,-0.011,-1.2346,3.0,0.264
501043.SH,20190614,0.996,0.996,1.006,0.984,0.988,-0.008,-0.8032,1914.02,189.569
501045.SH,20190614,0.991,0.992,0.992,0.991,0.991,0.0,0.0,65.0,6.446
160140.SZ,20190614,1.137,1.137,1.162,1.137,1.16,0.023,2.0229,560.0,64.96
501046.SH,20190614,0.937,0.937,0.937,0.92,0.925,-0.012,-1.2807,5330.95,493.716
510380.SH,20190614,0.931,0.933,0.933,0.933,0.933,0.002,0.2148,4.0,0.373
166024.SZ,20190614,0.86,0.855,0.86,0.851,0.856,-0.004,-0.4651,14265.0,1221.765
501047.SH,20190614,0.927,0.924,0.96,0.91,0.91,-0.017,-1.8339,724.0,66.094
501048.SH,20190614,0.94,0.928,0.928,0.928,0.928,-0.012,-1.2766,9.0,0.835
159957.SZ,20190614,0.875,0.875,0.881,0.861,0.861,-0.014,-1.6,6626.0,576.041
501049.SH,20190614,0.881,0.886,0.886,0.87,0.875,-0.006,-0.681,4651.7,407.233
501051.SH,20190614,1.011,1.001,1.002,0.993,0.993,-0.018,-1.7804,541.84,54.121
501305.SH,20190614,0.9,0.9,0.9,0.886,0.898,-0.002,-0.2222,998.37,88.518
501306.SH,20190614,0.874,0.93,0.93,0.93,0.93,0.056,6.4073,107.0,9.951
159958.SZ,20190614,0.861,0.862,0.865,0.846,0.848,-0.013,-1.5099,28904.0,2474.223
510800.SH,20190614,0.987,0.987,0.996,0.984,0.985,-0.002,-0.2026,33706.0,3334.179
512980.SH,20190614,0.726,0.726,0.731,0.709,0.711,-0.015,-2.0661,56007.0,4025.162
159954.SZ,20190614,0.959,0.957,0.959,0.957,0.957,-0.002,-0.2086,223.0,21.344
510390.SH,20190614,3.765,3.775,3.779,3.73,3.734,-0.031,-0.8234,21418.31,8054.26
501053.SH,20190614,0.993,0.996,0.996,0.996,0.996,0.003,0.3021,40.43,4.027
161014.SZ,20190614,1.197,1.196,1.198,1.194,1.197,0.0,0.0,5865.0,700.911
511290.SH,20190614,100.06,103.8,103.8,103.8,103.8,3.74,3.7378,1.0,10.38
163417.SZ,20190614,0.956,0.956,0.958,0.947,0.948,-0.008,-0.8368,306444.51,29182.389
159956.SZ,20190614,0.841,0.845,0.849,0.833,0.833,-0.008,-0.9512,323.0,27.02
501054.SH,20190614,0.867,0.867,0.869,0.862,0.864,-0.003,-0.346,61198.38,5296.662
162416.SZ,20190614,1.033,1.026,1.031,1.026,1.031,-0.002,-0.1936,61.0,6.286
501307.SH,20190614,0.993,0.947,0.947,0.944,0.944,-0.049,-4.9345,105.0,9.914
510590.SH,20190614,4.994,5.018,5.018,4.904,4.918,-0.076,-1.5218,35727.0,17713.364
169106.SZ,20190614,0.99,0.991,0.991,0.99,0.991,0.001,0.101,2603.23,257.948
512160.SH,20190614,1.009,1.008,1.016,1.001,1.003,-0.006,-0.5946,287015.0,28989.947
512520.SH,20190614,0.991,0.99,0.996,0.983,0.984,-0.007,-0.7064,24098.0,2382.605
512180.SH,20190614,0.989,0.989,0.994,0.98,0.982,-0.007,-0.7078,320704.0,31640.112
512780.SH,20190614,0.787,0.783,0.783,0.772,0.772,-0.015,-1.906,7549.0,583.308
513900.SH,20190614,0.989,0.979,0.979,0.959,0.959,-0.03,-3.0334,92.0,8.888
512280.SH,20190614,0.987,0.987,0.993,0.979,0.981,-0.006,-0.6079,712183.0,70278.913
501057.SH,20190614,0.82,0.82,0.826,0.801,0.803,-0.017,-2.0732,997.17,80.889
501058.SH,20190614,0.82,0.812,0.825,0.803,0.825,0.005,0.6098,203.06,16.508
512090.SH,20190614,1.01,1.011,1.016,1.001,1.002,-0.008,-0.7921,503291.0,50830.159
512360.SH,20190614,1.026,1.025,1.025,1.015,1.015,-0.011,-1.0721,287.0,29.301
161039.SZ,20190614,1.017,1.03,1.053,1.013,1.013,-0.004,-0.3933,543.0,56.173
512770.SH,20190614,0.95,0.952,0.952,0.934,0.934,-0.016,-1.6842,1595.0,150.011
164824.SZ,20190614,1.009,1.009,1.012,1.005,1.009,0.0,0.0,542.28,54.652
501059.SH,20190614,1.131,1.131,1.226,1.131,1.226,0.095,8.3996,85.0,10.393
161131.SZ,20190614,1.021,1.021,1.023,1.021,1.023,0.002,0.1959,148581.3,15183.959
161728.SZ,20190614,1.024,1.024,1.026,1.023,1.025,0.001,0.0977,112902.03,11564.2
501186.SH,20190614,1.04,1.04,1.044,1.04,1.044,0.004,0.3846,118184.5,12323.807
501188.SH,20190614,1.037,1.037,1.038,1.035,1.038,0.001,0.0964,171509.73,17790.233
501189.SH,20190614,1.027,1.028,1.03,1.027,1.029,0.002,0.1947,67586.22,6949.832
160142.SZ,20190614,1.03,1.03,1.033,1.029,1.031,0.001,0.0971,195746.78,20175.741
510600.SH,20190614,2.78,2.76,2.799,2.76,2.773,-0.007,-0.2518,165.0,46.025
511270.SH,20190614,100.0,99.911,100.03,99.911,100.009,0.009,0.009,85.0,849.999
160726.SZ,20190614,0.976,0.977,0.981,0.97,0.973,-0.003,-0.3074,6027.04,586.688
512850.SH,20190614,1.033,1.034,1.034,1.024,1.024,-0.009,-0.8712,259.15,26.729
512820.SH,20190614,1.099,1.09,1.092,1.09,1.092,-0.007,-0.6369,102.0,11.118
501062.SH,20190614,0.893,0.892,0.894,0.889,0.889,-0.004,-0.4479,7944.4,708.339
512860.SH,20190614,1.172,1.173,1.173,1.157,1.16,-0.012,-1.0239,896.0,104.416
501309.SH,20190614,0.973,0.98,1.04,0.979,0.979,0.006,0.6166,118.0,11.615
501310.SH,20190614,0.985,0.987,0.988,0.981,0.981,-0.004,-0.4061,2487.46,244.497
512960.SH,20190614,0.966,0.968,0.974,0.957,0.957,-0.009,-0.9317,130074.0,12606.083
512950.SH,20190614,0.969,0.968,0.975,0.958,0.959,-0.01,-1.032,38739.17,3751.789
159959.SZ,20190614,1.011,1.019,1.019,1.002,1.005,-0.006,-0.5935,518444.0,52248.252
501065.SH,20190614,1.058,1.05,1.063,1.05,1.051,-0.007,-0.6616,129.45,13.595
159960.SZ,20190614,0.98,0.978,0.978,0.975,0.975,-0.005,-0.5102,120.0,11.727
161132.SZ,20190614,1.038,1.025,1.026,1.022,1.022,-0.016,-1.5414,845.0,86.518
512920.SH,20190614,1.148,1.157,1.157,1.125,1.125,-0.023,-2.0035,502.0,56.481
512040.SH,20190614,1.089,1.088,1.091,1.077,1.079,-0.01,-0.9183,47808.0,5177.962
501066.SH,20190614,1.09,1.061,1.09,1.061,1.086,-0.004,-0.367,228.08,24.749
150174.SZ,20190614,1.146,1.196,1.196,1.036,1.135,-0.011,-0.9599,109.97,11.618
150168.SZ,20190614,0.76,0.788,0.788,0.788,0.788,0.028,3.6842,1.0,0.078
164705.SZ,20190614,1.143,1.149,1.184,1.149,1.163,0.02,1.7498,80.01,9.258
150171.SZ,20190614,0.98,0.98,0.981,0.98,0.981,0.001,0.102,144645.31,14186.687
161831.SZ,20190614,0.949,0.949,0.949,0.949,0.949,0.0,0.0,0.13,0.012
502014.SH,20190614,0.999,0.999,1.0,0.998,0.999,0.0,0.0,1806.45,180.489
502015.SH,20190614,1.54,1.591,1.591,1.436,1.516,-0.024,-1.5584,1736.48,259.229
502020.SH,20190614,0.966,0.95,0.994,0.95,0.953,-0.013,-1.3458,143.0,13.59
150275.SZ,20190614,0.989,0.989,0.989,0.989,0.989,0.0,0.0,15620.0,1544.818
150276.SZ,20190614,1.182,1.12,1.181,1.12,1.168,-0.014,-1.1844,629.32,72.859
150269.SZ,20190614,0.99,0.99,0.99,0.99,0.99,0.0,0.0,5207.0,515.493
150270.SZ,20190614,1.731,1.739,1.801,1.714,1.717,-0.014,-0.8088,72047.42,12670.422
150260.SZ,20190614,0.747,0.735,0.735,0.735,0.735,-0.012,-1.6064,4.95,0.363
150257.SZ,20190614,0.969,0.978,0.978,0.971,0.972,0.003,0.3096,172.0,16.719
150258.SZ,20190614,0.976,0.998,0.998,0.888,0.914,-0.062,-6.3525,444.86,40.032
150278.SZ,20190614,0.798,0.791,0.791,0.718,0.791,-0.007,-0.8772,49.0,3.544
159941.SZ,20190614,1.644,1.65,1.66,1.648,1.653,0.009,0.5474,3129.0,516.796
150272.SZ,20190614,0.965,0.984,0.984,0.982,0.982,0.017,1.7617,13.0,1.276
150268.SZ,20190614,1.049,1.088,1.088,1.088,1.088,0.039,3.7178,1.0,0.108
160806.SZ,20190614,1.343,1.341,1.341,1.341,1.341,-0.002,-0.1489,2.05,0.274
150281.SZ,20190614,1.0,0.997,0.999,0.997,0.999,-0.001,-0.1,17.0,1.696
150294.SZ,20190614,0.459,0.454,0.454,0.454,0.454,-0.005,-1.0893,6.0,0.272
150243.SZ,20190614,0.99,0.992,0.992,0.992,0.992,0.002,0.202,4.0,0.396
150244.SZ,20190614,1.059,1.046,1.068,1.023,1.023,-0.036,-3.3994,4298.57,447.498
150295.SZ,20190614,0.999,0.996,0.998,0.996,0.998,-0.001,-0.1001,1050.63,104.835
150296.SZ,20190614,0.756,0.827,0.827,0.742,0.743,-0.013,-1.7196,315.05,24.058
150287.SZ,20190614,1.01,1.01,1.011,1.009,1.011,0.001,0.099,48500.42,4901.503
150288.SZ,20190614,0.853,0.855,0.856,0.832,0.837,-0.016,-1.8757,17664.0,1492.427
150289.SZ,20190614,1.016,1.015,1.015,1.013,1.013,-0.003,-0.2953,2079.0,210.702
150290.SZ,20190614,0.841,0.84,0.841,0.803,0.807,-0.034,-4.0428,27971.58,2299.189
150301.SZ,20190614,1.007,1.007,1.008,1.007,1.008,0.001,0.0993,2615.0,263.362
150302.SZ,20190614,0.819,0.801,0.827,0.744,0.798,-0.021,-2.5641,887.19,70.558
150299.SZ,20190614,1.012,1.012,1.013,1.012,1.013,0.001,0.0988,3733.0,377.999
150300.SZ,20190614,0.706,0.707,0.709,0.698,0.699,-0.007,-0.9915,8311.0,586.272
162414.SZ,20190614,1.2,1.197,1.197,1.197,1.197,-0.003,-0.25,9.0,1.077
150291.SZ,20190614,1.009,1.01,1.01,1.01,1.01,0.001,0.0991,1758.0,177.558
150237.SZ,20190614,0.996,0.996,0.996,0.996,0.996,0.0,0.0,308.17,30.693
150238.SZ,20190614,0.608,0.655,0.655,0.655,0.655,0.047,7.7303,1.0,0.065
150246.SZ,20190614,0.78,0.723,0.778,0.723,0.741,-0.039,-5.0,31.0,2.27
150283.SZ,20190614,1.012,1.011,1.012,1.011,1.011,-0.001,-0.0988,909.05,91.905
150284.SZ,20190614,0.599,0.598,0.598,0.551,0.561,-0.038,-6.3439,1053.05,58.451
150307.SZ,20190614,0.988,0.988,0.99,0.988,0.99,0.002,0.2024,30.51,3.019
150308.SZ,20190614,1.183,1.191,1.191,1.145,1.145,-0.038,-3.2122,50.05,5.909
502006.SH,20190614,0.95,0.944,0.946,0.944,0.945,-0.005,-0.5263,113.0,10.678
502008.SH,20190614,0.872,0.86,0.892,0.86,0.86,-0.012,-1.3761,59.98,5.193
150310.SZ,20190614,1.692,1.523,1.64,1.523,1.527,-0.165,-9.7518,377.0,57.428
501000.SH,20190614,0.934,0.93,0.93,0.93,0.93,-0.004,-0.4283,6.0,0.558
150321.SZ,20190614,1.037,1.036,1.037,1.036,1.037,0.0,0.0,145.03,15.038
150322.SZ,20190614,0.87,0.841,0.86,0.84,0.84,-0.03,-3.4483,229.0,19.25
501001.SH,20190614,0.995,0.994,0.994,0.994,0.994,-0.001,-0.1005,602.0,59.839
512330.SH,20190614,0.73,0.735,0.738,0.71,0.712,-0.018,-2.4658,30353.0,2187.646
159945.SZ,20190614,0.645,0.649,0.657,0.637,0.644,-0.001,-0.155,689.0,44.42
159944.SZ,20190614,0.711,0.721,0.721,0.701,0.701,-0.01,-1.4065,504.0,35.71
150335.SZ,20190614,1.01,1.008,1.009,1.008,1.009,-0.001,-0.099,3853.0,388.707
150336.SZ,20190614,0.692,0.695,0.712,0.667,0.708,0.016,2.3121,265.66,18.046
502010.SH,20190614,1.057,1.054,1.068,1.033,1.04,-0.017,-1.6083,44689.1,4725.693
502012.SH,20190614,1.106,1.106,1.126,1.07,1.078,-0.028,-2.5316,68494.0,7547.589
502011.SH,20190614,1.011,1.011,1.011,1.01,1.01,-0.001,-0.0989,23200.5,2344.174
502003.SH,20190614,1.147,1.165,1.165,1.151,1.151,0.004,0.3487,16.28,1.881
502004.SH,20190614,1.005,0.995,1.004,0.995,1.003,-0.002,-0.199,692.64,69.54
502005.SH,20190614,1.299,1.308,1.356,1.28,1.289,-0.01,-0.7698,6801.45,892.592
168101.SZ,20190614,0.916,0.915,0.917,0.91,0.912,-0.004,-0.4367,2923.0,267.266
150303.SZ,20190614,1.011,1.012,1.012,1.009,1.011,0.0,0.0,402.9,40.762
150304.SZ,20190614,0.864,0.868,0.87,0.828,0.833,-0.031,-3.588,27578.64,2357.263
150329.SZ,20190614,0.989,0.989,0.989,0.988,0.988,-0.001,-0.1011,254.82,25.195
150330.SZ,20190614,1.564,1.568,1.571,1.541,1.541,-0.023,-1.4706,6292.0,978.134
184801.SZ,20190614,88.62,88.87,88.87,88.599,88.599,-0.021,-0.0237,26.0,230.442
502040.SH,20190614,1.123,1.148,1.148,1.148,1.148,0.025,2.2262,1.0,0.115
502041.SH,20190614,1.153,1.038,1.038,1.038,1.038,-0.115,-9.974,552.0,57.298
502042.SH,20190614,1.35,1.215,1.234,1.215,1.234,-0.116,-8.5926,139.0,16.89
502056.SH,20190614,0.977,0.985,1.013,0.976,0.976,-0.001,-0.1024,9.0,0.885
511830.SH,20190614,99.993,100.0,100.006,99.999,100.006,0.013,0.013,236.11,2361.161
150344.SZ,20190614,1.127,1.193,1.193,1.193,1.193,0.066,5.8563,1.0,0.119
510360.SH,20190614,1.192,1.189,1.195,1.178,1.179,-0.013,-1.0906,119250.0,14167.566
502053.SH,20190614,0.995,0.991,0.993,0.958,0.958,-0.037,-3.7186,120.0,11.86
502055.SH,20190614,1.0,1.0,1.0,0.945,0.97,-0.03,-3.0,1411.0,139.478
161226.SZ,20190614,0.758,0.76,0.767,0.76,0.767,0.009,1.1873,74220.77,5666.584
167501.SZ,20190614,1.172,1.172,1.173,1.171,1.173,0.001,0.0853,2374.0,278.063
510580.SH,20190614,4.909,4.917,4.923,4.817,4.833,-0.076,-1.5482,69293.0,33785.773
161227.SZ,20190614,0.918,0.918,0.919,0.904,0.908,-0.01,-1.0893,3554.0,323.298
511980.SH,20190614,99.998,100.001,100.01,100.001,100.006,0.008,0.008,483.91,4839.353
511900.SH,20190614,99.997,100.002,100.008,100.002,100.006,0.009,0.009,3182.23,31823.956
164206.SZ,20190614,1.099,1.104,1.104,1.104,1.104,0.005,0.455,6.0,0.662
501005.SH,20190614,0.804,0.804,0.804,0.79,0.79,-0.014,-1.7413,118.0,9.428
511960.SH,20190614,99.99,99.997,100.007,99.997,100.003,0.013,0.013,173.33,1733.335
161033.SZ,20190614,0.849,0.849,0.849,0.819,0.836,-0.013,-1.5312,2202.99,183.503
169103.SZ,20190614,1.15,1.113,1.116,1.113,1.116,-0.034,-2.9565,320.0,35.622
511820.SH,20190614,99.995,100.0,100.004,99.999,100.004,0.009,0.009,558.06,5580.633
168102.SZ,20190614,0.844,0.846,0.846,0.834,0.838,-0.006,-0.7109,4565.0,383.686
501015.SH,20190614,0.776,0.768,0.784,0.768,0.784,0.008,1.0309,52.4,4.029
162415.SZ,20190614,1.532,1.533,1.546,1.533,1.54,0.008,0.5222,288.0,44.317
160518.SZ,20190614,1.046,1.05,1.07,1.03,1.03,-0.016,-1.5296,1195.0,123.952
511920.SH,20190614,100.03,99.993,100.033,99.993,100.03,0.0,0.0,68.48,685.006
159948.SZ,20190614,1.547,1.548,1.56,1.52,1.522,-0.025,-1.616,15492.0,2383.775
161232.SZ,20190614,0.641,0.641,0.641,0.633,0.634,-0.007,-1.092,154.0,9.86
165528.SZ,20190614,0.84,0.833,0.833,0.833,0.833,-0.007,-0.8333,196.0,16.326
165807.SZ,20190614,0.96,0.93,0.968,0.915,0.966,0.006,0.625,211.0,19.724
501017.SH,20190614,0.779,0.786,0.786,0.786,0.786,0.007,0.8986,3.0,0.236
160519.SZ,20190614,0.974,0.97,0.97,0.97,0.97,-0.004,-0.4107,95.0,9.215
161727.SZ,20190614,0.981,0.993,0.993,0.993,0.993,0.012,1.2232,7.0,0.695
501018.SH,20190614,1.039,1.036,1.036,1.026,1.03,-0.009,-0.8662,67984.56,7000.38
501021.SH,20190614,1.308,1.308,1.316,1.29,1.303,-0.005,-0.3823,3413.0,444.888
159949.SZ,20190614,0.506,0.506,0.509,0.496,0.497,-0.009,-1.7787,4729890.65,237568.022
511850.SH,20190614,100.002,100.01,100.018,100.01,100.015,0.013,0.013,16646.36,166486.471
169104.SZ,20190614,1.207,1.209,1.209,1.187,1.196,-0.011,-0.9114,1835.0,219.154
512660.SH,20190614,0.717,0.718,0.736,0.711,0.713,-0.004,-0.5579,1331073.22,96359.978
511910.SH,20190614,100.0,100.001,100.059,99.994,100.0,0.0,0.0,45.31,453.105
512880.SH,20190614,0.925,0.924,0.929,0.905,0.906,-0.019,-2.0541,4362854.46,400189.858
167001.SZ,20190614,0.673,0.676,0.676,0.663,0.663,-0.01,-1.4859,1129.02,75.799
161834.SZ,20190614,0.774,0.775,0.775,0.769,0.77,-0.004,-0.5168,15343.0,1184.373
160225.SZ,20190614,0.746,0.748,0.748,0.736,0.737,-0.009,-1.2064,304.0,22.463
511970.SH,20190614,99.991,99.999,99.999,99.91,99.997,0.006,0.006,26.01,260.037
168103.SZ,20190614,0.774,0.774,0.776,0.767,0.769,-0.005,-0.646,13658.03,1053.497
512810.SH,20190614,0.688,0.688,0.704,0.681,0.684,-0.004,-0.5814,13802.0,957.096
510810.SH,20190614,0.916,0.915,0.919,0.903,0.903,-0.013,-1.4192,33366.0,3037.745
160522.SZ,20190614,0.954,0.968,0.968,0.912,0.937,-0.017,-1.782,68.0,6.26
160635.SZ,20190614,0.903,0.907,0.917,0.9,0.9,-0.003,-0.3322,1393.0,126.322
164403.SZ,20190614,1.18,1.18,1.218,1.155,1.215,0.035,2.9661,138.89,16.441
169105.SZ,20190614,1.18,1.18,1.185,1.17,1.17,-0.01,-0.8475,45509.95,5348.014
512680.SH,20190614,0.711,0.709,0.73,0.706,0.707,-0.004,-0.5626,41601.47,2991.862
512000.SH,20190614,0.881,0.879,0.885,0.861,0.864,-0.017,-1.9296,1508468.0,131637.673
165525.SZ,20190614,0.787,0.788,0.791,0.773,0.776,-0.011,-1.3977,4727.0,371.436
160421.SZ,20190614,1.044,1.044,1.046,1.024,1.034,-0.01,-0.9579,11925.53,1239.646
501026.SH,20190614,0.784,0.778,0.778,0.778,0.778,-0.006,-0.7653,98.83,7.689
167002.SZ,20190614,0.918,0.918,0.918,0.918,0.918,0.0,0.0,10.0,0.918
511660.SH,20190614,100.005,100.008,100.018,100.008,100.017,0.012,0.012,55376.46,553836.761
168105.SZ,20190614,0.759,0.751,0.774,0.751,0.759,0.0,0.0,133.0,10.031
512100.SH,20190614,0.639,0.639,0.642,0.624,0.625,-0.014,-2.1909,187714.0,11850.667
501022.SH,20190614,0.949,0.917,0.935,0.883,0.935,-0.014,-1.4752,551.0,50.525
511600.SH,20190614,99.999,100.0,100.01,100.0,100.008,0.009,0.009,2236.83,22369.414
160722.SZ,20190614,1.044,1.021,1.05,1.0,1.05,0.006,0.5747,252.0,25.402
163119.SZ,20190614,0.767,0.757,0.757,0.755,0.756,-0.011,-1.4342,35.0,2.647
511690.SH,20190614,99.996,100.003,100.008,100.002,100.008,0.012,0.012,15333.38,153341.981
511700.SH,20190614,100.004,100.009,100.017,100.009,100.017,0.013,0.013,626.54,6266.147
501050.SH,20190614,1.228,1.234,1.235,1.225,1.228,0.0,0.0,12523.0,1540.82
164210.SZ,20190614,1.07,1.069,1.07,1.068,1.068,-0.002,-0.1869,140.0,14.977
160223.SZ,20190614,0.706,0.706,0.706,0.695,0.702,-0.004,-0.5666,2870.0,202.098
161035.SZ,20190614,0.99,1.02,1.02,1.02,1.02,0.03,3.0303,1.0,0.102
501025.SH,20190614,1.073,1.098,1.098,1.059,1.06,-0.013,-1.2116,8.0,0.855
160322.SZ,20190614,0.98,0.98,0.98,0.98,0.98,0.0,0.0,117.0,11.466
501028.SH,20190614,0.84,0.84,0.844,0.823,0.823,-0.017,-2.0238,1133.09,95.067
160922.SZ,20190614,0.97,0.989,0.989,0.989,0.989,0.019,1.9588,100.0,9.89
164703.SZ,20190614,0.876,0.876,0.876,0.858,0.859,-0.017,-1.9406,59.0,5.067
501300.SH,20190614,1.039,1.04,1.042,1.039,1.042,0.003,0.2887,2282.0,237.441
161126.SZ,20190614,1.251,1.255,1.255,1.246,1.247,-0.004,-0.3197,31.0,3.866
161125.SZ,20190614,1.257,1.258,1.268,1.258,1.266,0.009,0.716,120.0,15.161
168301.SZ,20190614,0.946,0.998,0.998,0.938,0.938,-0.008,-0.8457,61.0,5.739
161127.SZ,20190614,1.219,1.228,1.23,1.222,1.23,0.011,0.9024,77.0,9.435
161128.SZ,20190614,1.508,1.509,1.514,1.508,1.514,0.006,0.3979,83.0,12.517
168401.SZ,20190614,1.1,1.069,1.069,1.069,1.069,-0.031,-2.8182,988.9,105.713
161129.SZ,20190614,1.028,1.029,1.029,1.02,1.021,-0.007,-0.6809,12016.43,1230.707
501029.SH,20190614,0.956,0.955,0.958,0.943,0.947,-0.009,-0.9414,63767.0,6053.625
501007.SH,20190614,0.863,0.849,0.891,0.839,0.839,-0.024,-2.781,216.16,18.39
501008.SH,20190614,0.862,0.844,0.844,0.844,0.844,-0.018,-2.0882,82.52,6.965
501011.SH,20190614,0.789,0.789,0.789,0.774,0.787,-0.002,-0.2535,315.0,24.479
501009.SH,20190614,1.055,1.055,1.057,1.027,1.054,-0.001,-0.0948,718.0,74.771
501030.SH,20190614,0.569,0.575,0.575,0.555,0.567,-0.002,-0.3515,8.0,0.454
501010.SH,20190614,1.044,1.049,1.069,1.04,1.04,-0.004,-0.3831,36.0,3.791
513050.SH,20190614,1.149,1.15,1.159,1.15,1.153,0.004,0.3481,82663.0,9542.999
511650.SH,20190614,99.994,99.996,100.006,99.996,100.005,0.011,0.011,1949.7,19497.565
501032.SH,20190614,0.722,0.722,0.722,0.722,0.722,0.0,0.0,1.0,0.072
512580.SH,20190614,0.73,0.729,0.731,0.712,0.713,-0.017,-2.3288,84818.0,6122.95
161631.SZ,20190614,0.925,0.925,0.928,0.906,0.909,-0.016,-1.7297,31535.28,2892.378
162719.SZ,20190614,0.883,0.885,0.89,0.885,0.889,0.006,0.6795,252.03,22.384
512900.SH,20190614,0.893,0.895,0.897,0.874,0.876,-0.017,-1.9037,32074.0,2838.32
161036.SZ,20190614,0.6,0.627,0.627,0.621,0.621,0.021,3.5,2.0,0.124
511770.SH,20190614,99.992,100.004,100.004,99.961,100.002,0.01,0.01,114.05,1140.496
501019.SH,20190614,0.714,0.724,0.727,0.709,0.709,-0.005,-0.7003,4502.93,324.945
501301.SH,20190614,1.137,1.137,1.148,1.117,1.121,-0.016,-1.4072,28.0,3.164
164509.SZ,20190614,0.959,0.964,0.965,0.964,0.965,0.006,0.6257,31.0,2.989
160723.SZ,20190614,1.077,1.077,1.079,1.067,1.076,-0.001,-0.0929,2677.0,287.219
161835.SZ,20190614,1.057,1.057,1.057,1.057,1.057,0.0,0.0,16.0,1.691
159952.SZ,20190614,0.859,0.857,0.864,0.842,0.844,-0.015,-1.7462,441394.0,37673.781
501016.SH,20190614,0.968,0.962,0.974,0.95,0.951,-0.017,-1.7562,7480.0,718.47
161037.SZ,20190614,0.968,0.984,0.984,0.952,0.975,0.007,0.7231,1051.0,101.764
159950.SZ,20190614,0.95,0.968,0.968,0.968,0.968,0.018,1.8947,1.0,0.096
512550.SH,20190614,1.122,1.13,1.13,1.114,1.114,-0.008,-0.713,6150.0,689.105
160324.SZ,20190614,0.919,0.924,0.924,0.912,0.914,-0.005,-0.5441,292.0,26.707
159955.SZ,20190614,0.799,0.8,0.801,0.782,0.784,-0.015,-1.8773,7733.0,609.958
159953.SZ,20190614,0.732,0.732,0.733,0.732,0.733,0.001,0.1366,31.0,2.272
159951.SZ,20190614,0.76,0.746,0.746,0.746,0.746,-0.014,-1.8421,100.0,7.46
163111.SZ,20190614,0.862,0.861,0.863,0.861,0.863,0.001,0.116,220.95,19.059
512200.SH,20190614,0.858,0.858,0.865,0.852,0.855,-0.003,-0.3497,10117.0,870.092
512700.SH,20190614,1.09,1.094,1.094,1.086,1.086,-0.004,-0.367,312.0,33.991
512600.SH,20190614,2.719,2.729,2.737,2.708,2.709,-0.01,-0.3678,466.0,126.863
512610.SH,20190614,1.27,1.281,1.282,1.26,1.26,-0.01,-0.7874,383.0,48.425
161015.SZ,20190614,1.021,1.013,1.013,1.013,1.013,-0.008,-0.7835,51.0,5.166
512070.SH,20190614,2.12,2.121,2.131,2.09,2.092,-0.028,-1.3208,12496.0,2638.513
161908.SZ,20190614,0.97,0.877,0.877,0.877,0.877,-0.093,-9.5876,10.0,0.877
512220.SH,20190614,1.113,1.108,1.108,1.078,1.093,-0.02,-1.7969,193.0,21.174
150187.SZ,20190614,0.979,1.025,1.026,0.97,0.97,-0.009,-0.9193,524.6,51.927
160133.SZ,20190614,2.258,2.256,2.26,2.243,2.243,-0.015,-0.6643,204.03,45.834
150188.SZ,20190614,1.016,1.01,1.015,1.01,1.015,-0.001,-0.0984,116.05,11.741
150189.SZ,20190614,0.577,0.581,0.581,0.581,0.581,0.004,0.6932,6.17,0.358
513030.SH,20190614,1.026,1.03,1.033,1.029,1.031,0.005,0.4873,13779.0,1420.872
