ts_code,trade_date,pre_close,open,high,low,close,change,pct_chg,vol,amount
150335.SZ,20191018,1.038,1.039,1.039,1.037,1.039,0.001,0.0963,4575.0,475.342
150336.SZ,20191018,0.713,0.681,0.697,0.666,0.694,-0.019,-2.6648,1012.4,68.415
502010.SH,20191018,1.063,1.061,1.072,1.046,1.047,-0.016,-1.5052,4694.21,493.796
502012.SH,20191018,1.13,1.142,1.142,1.101,1.102,-0.028,-2.4779,18359.0,2050.185
502011.SH,20191018,0.992,0.992,0.993,0.992,0.993,0.001,0.1008,15043.5,1493.724
502003.SH,20191018,1.193,1.191,1.199,1.188,1.199,0.006,0.5029,21.38,2.541
502005.SH,20191018,1.404,1.433,1.434,1.38,1.38,-0.024,-1.7094,3066.75,425.514
168101.SZ,20191018,1.039,1.04,1.047,1.034,1.036,-0.003,-0.2887,5341.71,554.819
150303.SZ,20191018,1.045,1.042,1.045,1.042,1.045,0.0,0.0,425.0,44.311
150304.SZ,20191018,1.105,1.101,1.118,1.069,1.095,-0.01,-0.905,6151.35,670.836
502023.SH,20191018,0.734,0.722,0.726,0.722,0.726,-0.008,-1.0899,55.0,3.987
502024.SH,20191018,0.984,0.984,0.984,0.984,0.984,0.0,0.0,200.0,19.68
150329.SZ,20191018,1.013,1.014,1.014,1.014,1.014,0.001,0.0987,994.0,100.791
150330.SZ,20191018,1.855,1.865,1.883,1.8,1.8,-0.055,-2.965,14798.0,2711.999
184801.SZ,20191018,96.04,95.95,96.06,95.501,95.75,-0.29,-0.302,225.0,2155.877
502040.SH,20191018,1.307,1.359,1.359,1.359,1.359,0.052,3.9786,200.0,27.18
502056.SH,20191018,1.234,1.246,1.246,1.235,1.235,0.001,0.081,21.0,2.603
502058.SH,20191018,1.399,1.41,1.41,1.41,1.41,0.011,0.7863,66.0,9.306
511830.SH,20191018,99.994,99.999,100.007,99.999,100.005,0.011,0.011,105.63,1056.323
510360.SH,20191018,1.287,1.293,1.293,1.268,1.275,-0.012,-0.9324,130851.0,16644.725
502053.SH,20191018,0.99,0.906,0.99,0.906,0.989,-0.001,-0.101,36.0,3.315
161226.SZ,20191018,0.889,0.891,0.893,0.889,0.892,0.003,0.3375,134865.17,12013.498
167501.SZ,20191018,1.126,1.126,1.126,1.125,1.126,0.0,0.0,2299.0,258.841
510580.SH,20191018,5.1,5.1,5.135,5.029,5.04,-0.06,-1.1765,102055.0,51993.89
161227.SZ,20191018,1.01,1.01,1.017,1.0,1.0,-0.01,-0.9901,1067.21,107.571
511980.SH,20191018,99.997,100.0,100.01,100.0,100.007,0.01,0.01,295.24,2952.564
511900.SH,20191018,99.995,100.002,100.007,100.001,100.006,0.011,0.011,1816.69,18167.708
511930.SH,20191018,100.005,100.099,100.099,99.999,99.999,-0.006,-0.006,138.02,1380.226
501005.SH,20191018,1.004,1.011,1.097,1.008,1.02,0.016,1.5936,5257.0,535.849
511960.SH,20191018,99.996,99.99,99.998,99.99,99.998,0.002,0.002,18.79,187.893
161033.SZ,20191018,1.054,1.054,1.06,1.045,1.05,-0.004,-0.3795,505.0,53.071
163907.SZ,20191018,0.851,0.844,0.852,0.842,0.852,0.001,0.1175,68.0,5.77
169103.SZ,20191018,1.215,1.215,1.215,1.207,1.213,-0.002,-0.1646,383.0,46.324
511820.SH,20191018,99.995,99.998,100.008,99.998,100.004,0.009,0.009,166.61,1666.115
168102.SZ,20191018,0.912,0.912,0.915,0.902,0.905,-0.007,-0.7675,11299.0,1027.311
161820.SZ,20191018,1.123,1.125,1.125,1.125,1.125,0.002,0.1781,10.0,1.125
510430.SH,20191018,1.599,1.598,1.598,1.48,1.48,-0.119,-7.4422,47.0,7.077
160916.SZ,20191018,2.596,2.596,2.607,2.56,2.56,-0.036,-1.3867,2641.23,681.31
150092.SZ,20191018,1.01,1.012,1.013,1.012,1.013,0.003,0.297,101.64,10.294
150093.SZ,20191018,0.668,0.621,0.689,0.621,0.633,-0.035,-5.2395,112.2,7.654
510440.SH,20191018,1.604,1.597,1.597,1.52,1.57,-0.034,-2.1197,34.0,5.341
150100.SZ,20191018,1.012,1.012,1.013,1.012,1.013,0.001,0.0988,267.0,27.023
150101.SZ,20191018,1.015,0.918,1.014,0.918,1.009,-0.006,-0.5911,220.26,22.016
161119.SZ,20191018,1.388,1.377,1.377,1.377,1.377,-0.011,-0.7925,1.0,0.137
166902.SZ,20191018,1.05,1.049,1.049,1.049,1.049,-0.001,-0.0952,10.0,1.049
163415.SZ,20191018,2.056,2.059,2.059,2.036,2.04,-0.016,-0.7782,9855.15,2014.258
510330.SH,20191018,3.996,3.996,4.015,3.93,3.934,-0.062,-1.5516,1392271.0,552236.717
511990.SH,20191018,100.002,100.01,100.5,100.008,100.044,0.042,0.042,848800.28,8489612.376
159922.SZ,20191018,5.293,5.294,5.324,5.203,5.229,-0.064,-1.2091,160579.0,84440.49
510500.SH,20191018,5.435,5.436,5.465,5.347,5.36,-0.075,-1.3799,1684938.13,911632.389
150117.SZ,20191018,1.037,1.036,1.038,1.036,1.038,0.001,0.0964,17170.94,1780.481
150118.SZ,20191018,1.06,1.065,1.075,1.011,1.024,-0.036,-3.3962,44204.28,4582.381
159923.SZ,20191018,1.768,1.768,1.769,1.745,1.749,-0.019,-1.0747,1077.0,188.824
510310.SH,20191018,1.736,1.736,1.745,1.707,1.712,-0.024,-1.3825,643382.0,110716.824
511010.SH,20191018,118.331,118.33,118.358,118.248,118.256,-0.075,-0.0634,3840.0,45426.757
160212.SZ,20191018,2.37,2.389,2.389,2.336,2.347,-0.023,-0.9705,3119.97,732.607
510660.SH,20191018,1.905,1.901,1.918,1.889,1.897,-0.008,-0.4199,4594.0,873.092
510650.SH,20191018,2.021,2.022,2.027,1.99,1.99,-0.031,-1.5339,590.0,118.633
510630.SH,20191018,2.93,2.93,2.934,2.901,2.905,-0.025,-0.8532,4394.0,1281.324
159925.SZ,20191018,1.726,1.732,1.732,1.696,1.704,-0.022,-1.2746,1281.55,219.105
150123.SZ,20191018,1.048,1.048,1.049,1.048,1.048,0.0,0.0,1147.24,120.235
150124.SZ,20191018,0.806,0.801,0.804,0.776,0.799,-0.007,-0.8685,7577.27,602.35
163210.SZ,20191018,1.013,1.013,1.015,1.012,1.014,0.001,0.0987,4957.03,502.341
510510.SH,20191018,1.441,1.441,1.45,1.419,1.423,-0.018,-1.2491,121943.0,17431.445
511880.SH,20191018,102.129,102.143,102.173,102.142,102.172,0.043,0.0421,740906.62,7568388.176
165313.SZ,20191018,1.574,1.572,1.575,1.566,1.575,0.001,0.0635,1914.0,300.708
160130.SZ,20191018,1.09,1.004,1.004,1.004,1.004,-0.086,-7.8899,1.0,0.1
161911.SZ,20191018,1.01,1.01,1.013,1.009,1.012,0.002,0.198,12343.16,1247.282
513100.SH,20191018,2.903,2.905,2.905,2.897,2.899,-0.004,-0.1378,69208.0,20068.058
159926.SZ,20191018,111.8,111.72,111.72,111.35,111.352,-0.448,-0.4007,8.0,89.293
518880.SH,20191018,3.374,3.367,3.373,3.365,3.371,-0.003,-0.0889,3308038.55,1114361.265
518800.SH,20191018,3.345,3.344,3.344,3.336,3.341,-0.004,-0.1196,241411.56,80619.274
163005.SZ,20191018,0.909,0.909,0.997,0.894,0.99,0.081,8.9109,1193.37,114.25
501015.SH,20191018,0.847,0.841,0.841,0.837,0.837,-0.01,-1.1806,1132.06,95.103
162415.SZ,20191018,1.657,1.656,1.677,1.656,1.666,0.009,0.5432,512.93,85.474
160518.SZ,20191018,1.094,1.095,1.102,1.079,1.089,-0.005,-0.457,338.0,36.878
159948.SZ,20191018,1.733,1.739,1.753,1.723,1.727,-0.006,-0.3462,7565.24,1314.643
161232.SZ,20191018,0.73,0.73,0.73,0.72,0.72,-0.01,-1.3699,702.0,50.867
165528.SZ,20191018,0.918,0.906,0.906,0.906,0.906,-0.012,-1.3072,175.0,15.855
501017.SH,20191018,0.859,0.862,0.862,0.862,0.862,0.003,0.3492,1.0,0.086
160519.SZ,20191018,1.149,1.075,1.134,1.075,1.125,-0.024,-2.0888,316.0,35.566
501018.SH,20191018,1.048,1.055,1.058,1.052,1.055,0.007,0.6679,69084.64,7282.244
150150.SZ,20191018,1.019,1.021,1.021,1.021,1.021,0.002,0.1963,455.0,46.455
150152.SZ,20191018,1.029,1.029,1.032,1.028,1.032,0.003,0.2915,152347.03,15692.159
150153.SZ,20191018,1.162,1.165,1.182,1.14,1.144,-0.018,-1.5491,1087808.27,126135.03
159932.SZ,20191018,1.372,1.366,1.366,1.363,1.363,-0.009,-0.656,98.0,13.37
512010.SH,20191018,1.845,1.844,1.868,1.832,1.842,-0.003,-0.1626,126652.0,23444.056
159933.SZ,20191018,2.198,2.164,2.205,2.164,2.205,0.007,0.3185,272.0,58.874
510680.SH,20191018,2.487,2.47,2.47,2.454,2.454,-0.033,-1.3269,6.0,1.476
159934.SZ,20191018,3.348,3.347,3.347,3.338,3.343,-0.005,-0.1493,842561.96,281565.992
513500.SH,20191018,1.967,1.974,1.974,1.966,1.968,0.001,0.0508,179473.74,35333.072
512120.SH,20191018,1.562,1.566,1.578,1.553,1.554,-0.008,-0.5122,4857.0,758.461
150157.SZ,20191018,1.025,1.026,1.027,1.024,1.025,0.0,0.0,1452.0,148.937
150158.SZ,20191018,1.132,1.136,1.146,1.102,1.109,-0.023,-2.0318,6794.0,762.734
159935.SZ,20191018,1.402,1.395,1.41,1.382,1.382,-0.02,-1.4265,291.0,40.547
160220.SZ,20191018,1.355,1.379,1.38,1.379,1.38,0.025,1.845,50.0,6.899
164705.SZ,20191018,1.176,1.18,1.183,1.177,1.178,0.002,0.1701,226.0,26.66
150170.SZ,20191018,1.313,1.308,1.308,1.301,1.301,-0.012,-0.9139,443.0,57.75
150171.SZ,20191018,1.005,1.005,1.006,1.005,1.006,0.001,0.0995,687.0,69.075
150172.SZ,20191018,1.156,1.166,1.171,1.118,1.123,-0.033,-2.8547,194758.03,22160.274
161831.SZ,20191018,0.986,0.99,0.994,0.986,0.986,0.0,0.0,2873.94,284.701
150175.SZ,20191018,1.032,1.033,1.034,1.033,1.034,0.002,0.1938,36258.12,3747.518
150176.SZ,20191018,0.945,0.948,0.957,0.935,0.937,-0.008,-0.8466,83433.87,7889.871
150181.SZ,20191018,1.017,1.016,1.018,1.016,1.018,0.001,0.0983,25196.57,2563.247
150182.SZ,20191018,1.271,1.273,1.283,1.227,1.227,-0.044,-3.4618,123927.5,15512.934
150177.SZ,20191018,1.013,1.012,1.013,1.012,1.013,0.0,0.0,797.0,80.676
150178.SZ,20191018,1.438,1.434,1.438,1.395,1.408,-0.03,-2.0862,2076.79,292.705
150179.SZ,20191018,1.013,1.013,1.013,1.013,1.013,0.0,0.0,798.0,80.837
150180.SZ,20191018,1.326,1.332,1.332,1.302,1.305,-0.021,-1.5837,1608.13,211.192
150143.SZ,20191018,1.015,1.017,1.017,1.017,1.017,0.002,0.197,35.0,3.559
150144.SZ,20191018,1.177,1.132,1.172,1.132,1.155,-0.022,-1.8692,51.38,5.912
159929.SZ,20191018,1.554,1.553,1.574,1.541,1.552,-0.002,-0.1287,79728.0,12373.824
159928.SZ,20191018,2.962,2.959,2.978,2.945,2.948,-0.014,-0.4727,64561.0,19103.101
159930.SZ,20191018,0.708,0.705,0.709,0.696,0.698,-0.01,-1.4124,5230.0,367.518
159931.SZ,20191018,1.781,1.78,1.78,1.75,1.75,-0.031,-1.7406,1686.0,296.869
150149.SZ,20191018,0.698,0.701,0.707,0.692,0.692,-0.006,-0.8596,4178.0,292.442
160515.SZ,20191018,1.072,1.072,1.072,1.072,1.072,0.0,0.0,809.0,86.724
150130.SZ,20191018,1.075,1.077,1.082,1.075,1.082,0.007,0.6512,6064.24,655.08
150131.SZ,20191018,1.689,1.692,1.722,1.671,1.674,-0.015,-0.8881,123629.47,20986.859
162006.SZ,20191018,1.151,1.155,1.155,1.155,1.155,0.004,0.3475,18.06,2.085
160910.SZ,20191018,1.088,1.092,1.092,1.091,1.091,0.003,0.2757,58.0,6.328
160805.SZ,20191018,0.773,0.763,0.765,0.762,0.763,-0.01,-1.2937,133.95,10.226
160311.SZ,20191018,1.611,1.624,1.624,1.587,1.59,-0.021,-1.3035,985.34,156.84
161610.SZ,20191018,1.18,1.181,1.185,1.172,1.172,-0.008,-0.678,1251.91,147.407
159961.SZ,20191018,1.377,1.386,1.386,1.37,1.371,-0.006,-0.4357,608.0,83.902
512260.SH,20191018,1.167,1.167,1.171,1.148,1.155,-0.012,-1.0283,91607.0,10613.931
501067.SH,20191018,1.258,1.258,1.26,1.234,1.234,-0.024,-1.9078,122.0,15.305
512870.SH,20191018,1.183,1.187,1.189,1.171,1.173,-0.01,-0.8453,7630.0,903.781
510850.SH,20191018,3.053,3.053,3.07,2.998,3.002,-0.051,-1.6705,420815.17,127709.323
510550.SH,20191018,1.188,1.19,1.192,1.171,1.175,-0.013,-1.0943,4158.0,493.06
501069.SH,20191018,1.04,1.033,1.033,1.023,1.023,-0.017,-1.6346,112.0,11.47
513680.SH,20191018,0.958,0.967,0.967,0.945,0.954,-0.004,-0.4175,110.0,10.621
512150.SH,20191018,1.28,1.284,1.284,1.261,1.265,-0.015,-1.1719,6623.0,846.527
512890.SH,20191018,1.153,1.158,1.158,1.138,1.14,-0.013,-1.1275,38173.0,4384.856
159962.SZ,20191018,1.044,1.043,1.043,1.037,1.037,-0.007,-0.6705,401.63,41.758
501311.SH,20191018,0.98,0.985,1.024,0.985,1.023,0.043,4.3878,32.0,3.249
501064.SH,20191018,1.27,1.27,1.27,1.26,1.26,-0.01,-0.7874,61.0,7.687
159963.SZ,20191018,0.981,0.989,0.99,0.977,0.978,-0.003,-0.3058,30652.1,3024.536
511020.SH,20191018,101.791,101.8,101.8,101.8,101.8,0.009,0.0088,1.0,10.18
512270.SH,20191018,0.995,1.0,1.001,0.986,0.989,-0.006,-0.603,21553.0,2151.992
511030.SH,20191018,101.592,101.595,101.7,101.59,101.59,-0.002,-0.002,14.0,142.359
159965.SZ,20191018,1.051,1.051,1.054,1.033,1.037,-0.014,-1.3321,51507.22,5350.984
501063.SH,20191018,0.983,0.993,0.996,0.982,0.982,-0.001,-0.1017,6212.6,616.343
501070.SH,20191018,1.235,1.235,1.266,1.235,1.25,0.015,1.2146,4084.26,509.338
512380.SH,20191018,0.999,0.999,1.003,0.984,0.986,-0.013,-1.3013,1103180.0,109549.063
512590.SH,20191018,1.005,1.007,1.007,0.993,0.994,-0.011,-1.0945,24634.0,2457.692
510890.SH,20191018,1.022,1.028,1.029,1.012,1.012,-0.01,-0.9785,602.0,61.429
510350.SH,20191018,3.911,3.927,3.933,3.855,3.866,-0.045,-1.1506,408459.6,158726.859
160925.SZ,20191018,0.988,0.983,0.983,0.983,0.983,-0.005,-0.5061,1732.0,170.255
159964.SZ,20191018,0.99,0.99,0.99,0.984,0.984,-0.006,-0.6061,201.0,19.788
161912.SZ,20191018,0.996,0.998,0.998,0.985,0.99,-0.006,-0.6024,5103.26,506.492
501071.SH,20191018,1.068,1.07,1.073,1.063,1.067,-0.001,-0.0936,8013.91,855.817
512690.SH,20191018,1.124,1.119,1.119,1.099,1.105,-0.019,-1.6904,241498.0,26818.32
160812.SZ,20191018,1.48,1.466,1.495,1.466,1.48,0.0,0.0,2741.06,407.63
150164.SZ,20191018,1.015,1.016,1.016,1.016,1.016,0.001,0.0985,270.0,27.432
160918.SZ,20191018,2.015,2.012,2.012,1.978,1.984,-0.031,-1.5385,489.28,97.613
150185.SZ,20191018,1.067,1.052,1.078,1.046,1.058,-0.009,-0.8435,2509.57,266.266
159936.SZ,20191018,1.325,1.32,1.325,1.32,1.321,-0.004,-0.3019,209.0,27.607
512600.SH,20191018,2.915,2.903,2.916,2.884,2.888,-0.027,-0.9262,498.0,144.416
512610.SH,20191018,1.495,1.477,1.495,1.473,1.495,0.0,0.0,768.0,113.604
512640.SH,20191018,2.063,2.062,2.065,2.014,2.038,-0.025,-1.2118,691.0,139.422
161015.SZ,20191018,1.04,1.087,1.087,1.08,1.08,0.04,3.8462,27.0,2.92
512070.SH,20191018,2.298,2.299,2.316,2.253,2.254,-0.044,-1.9147,44061.0,10028.982
512220.SH,20191018,1.289,1.273,1.295,1.258,1.273,-0.016,-1.2413,600.0,76.077
150186.SZ,20191018,0.989,0.987,0.99,0.987,0.99,0.001,0.1011,2521.76,249.213
150187.SZ,20191018,1.086,1.06,1.068,1.06,1.06,-0.026,-2.3941,576.0,61.289
160133.SZ,20191018,2.746,2.76,2.761,2.721,2.737,-0.009,-0.3277,2129.4,584.881
150188.SZ,20191018,1.033,1.032,1.033,1.032,1.033,0.0,0.0,301.0,31.063
150189.SZ,20191018,0.637,0.606,0.647,0.606,0.647,0.01,1.5699,5.0,0.307
513030.SH,20191018,1.071,1.072,1.074,1.067,1.067,-0.004,-0.3735,13744.0,1471.711
159937.SZ,20191018,3.376,3.376,3.376,3.366,3.369,-0.007,-0.2073,909450.0,306323.243
150190.SZ,20191018,1.051,0.998,0.998,0.998,0.998,-0.053,-5.0428,2.07,0.206
150191.SZ,20191018,1.218,1.169,1.192,1.159,1.192,-0.026,-2.1346,21.0,2.447
501309.SH,20191018,0.999,1.003,1.003,1.003,1.003,0.004,0.4004,3.0,0.301
501310.SH,20191018,0.98,0.98,0.98,0.97,0.974,-0.006,-0.6122,6938.58,675.445
512960.SH,20191018,0.985,0.985,0.995,0.97,0.972,-0.013,-1.3198,46633.0,4566.802
512950.SH,20191018,0.988,0.99,0.99,0.973,0.975,-0.013,-1.3158,31026.0,3047.383
159959.SZ,20191018,1.034,1.032,1.044,1.021,1.021,-0.013,-1.2573,3698.0,378.828
501065.SH,20191018,1.226,1.232,1.232,1.23,1.232,0.006,0.4894,405.0,49.892
159960.SZ,20191018,1.018,1.014,1.016,1.011,1.016,-0.002,-0.1965,570.0,57.694
161132.SZ,20191018,1.194,1.199,1.199,1.18,1.195,0.001,0.0838,2785.12,333.078
512920.SH,20191018,1.233,1.236,1.236,1.214,1.214,-0.019,-1.541,5056.0,615.811
512040.SH,20191018,1.138,1.143,1.143,1.124,1.126,-0.012,-1.0545,44378.0,5013.484
501066.SH,20191018,1.279,1.28,1.288,1.279,1.279,0.0,0.0,1780.84,228.152
512290.SH,20191018,1.201,1.204,1.224,1.197,1.203,0.002,0.1665,614970.0,74501.763
166025.SZ,20191018,1.111,1.109,1.117,1.101,1.105,-0.006,-0.5401,18543.14,2050.187
512750.SH,20191018,1.046,1.047,1.053,1.029,1.03,-0.016,-1.5296,237492.04,24702.477
512910.SH,20191018,1.068,1.071,1.073,1.051,1.054,-0.014,-1.3109,147211.0,15593.958
501072.SH,20191018,1.009,0.981,1.008,0.981,1.008,-0.001,-0.0991,53.9,5.406
512760.SH,20191018,1.27,1.271,1.28,1.234,1.24,-0.03,-2.3622,1456758.0,182881.817
512170.SH,20191018,1.268,1.268,1.292,1.266,1.271,0.003,0.2366,149888.0,19152.806
512480.SH,20191018,1.178,1.178,1.186,1.144,1.152,-0.026,-2.2071,261921.0,30438.893
159966.SZ,20191018,1.14,1.14,1.146,1.127,1.131,-0.009,-0.7895,162828.82,18507.692
159967.SZ,20191018,1.149,1.153,1.162,1.141,1.145,-0.004,-0.3481,136213.0,15690.704
512790.SH,20191018,1.003,1.0,1.011,0.991,0.996,-0.007,-0.6979,17569.0,1758.705
159969.SZ,20191018,1.053,1.057,1.06,1.041,1.043,-0.01,-0.9497,311331.66,32839.352
512930.SH,20191018,1.106,1.109,1.112,1.085,1.087,-0.019,-1.7179,27881.0,3054.103
159971.SZ,20191018,1.145,1.146,1.146,1.134,1.134,-0.011,-0.9607,418.0,47.462
161029.SZ,20191018,1.12,1.13,1.13,1.113,1.113,-0.007,-0.625,12.71,1.42
512710.SH,20191018,1.001,1.001,1.004,0.983,0.985,-0.016,-1.5984,1469568.8,145889.654
169301.SZ,20191018,1.086,1.0,1.007,1.0,1.007,-0.079,-7.2744,48.0,4.831
513880.SH,20191018,1.058,1.062,1.065,1.057,1.059,0.001,0.0945,38051.0,4032.03
513800.SH,20191018,1.073,1.069,1.072,1.066,1.068,-0.005,-0.466,3700.0,395.618
513520.SH,20191018,1.074,1.076,1.08,1.072,1.072,-0.002,-0.1862,15823.0,1704.169
513000.SH,20191018,1.081,1.087,1.087,1.078,1.078,-0.003,-0.2775,36968.0,3999.919
512720.SH,20191018,1.098,1.102,1.105,1.075,1.076,-0.022,-2.0036,356983.0,38954.522
501075.SH,20191018,0.941,0.94,0.949,0.938,0.942,0.001,0.1063,4310.53,406.309
512670.SH,20191018,1.015,1.018,1.019,0.996,0.999,-0.016,-1.5764,92830.0,9363.548
510100.SH,20191018,1.033,1.032,1.04,1.016,1.018,-0.015,-1.4521,221561.19,22695.228
159973.SZ,20191018,1.067,1.071,1.074,1.046,1.056,-0.011,-1.0309,239.0,25.377
501081.SH,20191018,0.956,0.959,0.962,0.955,0.958,0.002,0.2092,12880.28,1236.502
512190.SH,20191018,1.035,1.035,1.036,1.02,1.02,-0.015,-1.4493,8711.0,897.176
515300.SH,20191018,1.023,1.026,1.027,1.01,1.011,-0.012,-1.173,80202.95,8177.084
515000.SH,20191018,1.152,1.153,1.157,1.132,1.137,-0.015,-1.3021,3271167.0,374048.539
501086.SH,20191018,1.006,1.007,1.008,0.999,0.999,-0.007,-0.6958,814.16,81.877
515880.SH,20191018,1.011,1.012,1.021,0.995,0.999,-0.012,-1.1869,1600012.0,160974.213
512530.SH,20191018,0.994,0.994,0.999,0.981,0.984,-0.01,-1.006,67715.0,6686.765
159977.SZ,20191018,1.658,1.661,1.675,1.647,1.65,-0.008,-0.4825,227853.66,37803.119
515050.SH,20191018,0.978,0.979,0.992,0.969,0.973,-0.005,-0.5112,3761019.88,368709.563
161118.SZ,20191018,0.974,0.974,0.979,0.961,0.963,-0.011,-1.1294,32706.33,3175.578
160105.SZ,20191018,0.973,0.974,0.974,0.956,0.964,-0.009,-0.925,260.46,25.155
163801.SZ,20191018,1.4,1.406,1.406,1.391,1.391,-0.009,-0.6429,194.0,27.11
160505.SZ,20191018,1.645,1.649,1.649,1.627,1.63,-0.015,-0.9119,18217.22,2977.032
510050.SH,20191018,3.059,3.065,3.076,3.009,3.014,-0.045,-1.4711,5141967.69,1563773.454
162703.SZ,20191018,1.705,1.709,1.717,1.671,1.684,-0.021,-1.2317,9456.81,1606.946
162605.SZ,20191018,1.71,1.708,1.714,1.695,1.702,-0.008,-0.4678,29222.92,4982.788
160106.SZ,20191018,1.043,1.038,1.041,1.028,1.029,-0.014,-1.3423,1025.0,106.27
161903.SZ,20191018,1.134,1.144,1.15,1.123,1.127,-0.007,-0.6173,5956.95,676.15
160706.SZ,20191018,1.133,1.134,1.136,1.116,1.119,-0.014,-1.2357,36844.0,4134.003
161005.SZ,20191018,2.267,2.268,2.28,2.25,2.252,-0.015,-0.6617,12465.4,2818.277
163402.SZ,20191018,0.703,0.702,0.704,0.696,0.697,-0.006,-0.8535,193605.88,13550.193
161706.SZ,20191018,1.89,1.902,1.912,1.879,1.885,-0.005,-0.2646,1665.0,318.248
163503.SZ,20191018,0.45,0.452,0.452,0.443,0.446,-0.004,-0.8889,341.0,15.195
162607.SZ,20191018,0.552,0.552,0.552,0.543,0.543,-0.009,-1.6304,1215.6,66.33
159901.SZ,20191018,4.791,4.805,4.83,4.728,4.742,-0.049,-1.0228,429034.0,204872.577
510180.SH,20191018,3.582,3.593,3.602,3.519,3.527,-0.055,-1.5355,269926.69,96245.204
162207.SZ,20191018,1.438,1.43,1.43,1.428,1.428,-0.01,-0.6954,390.0,55.764
159902.SZ,20191018,3.001,3.001,3.015,2.956,2.963,-0.038,-1.2662,187696.11,56144.288
160607.SZ,20191018,0.76,0.76,0.76,0.745,0.753,-0.007,-0.9211,587.64,44.424
510880.SH,20191018,2.827,2.83,2.838,2.789,2.798,-0.029,-1.0258,89462.11,25126.581
160610.SZ,20191018,1.005,1.005,1.011,1.005,1.011,0.006,0.597,630.0,63.675
166001.SZ,20191018,1.285,1.28,1.292,1.28,1.283,-0.002,-0.1556,1027.67,131.965
160611.SZ,20191018,0.958,0.964,0.964,0.95,0.95,-0.008,-0.8351,360.0,34.452
160314.SZ,20191018,1.01,1.007,1.01,1.004,1.004,-0.006,-0.5941,724.0,72.996
160613.SZ,20191018,1.491,1.491,1.491,1.491,1.491,0.0,0.0,20.0,2.982
161010.SZ,20191018,1.112,1.108,1.113,1.108,1.113,0.001,0.0899,2614.0,289.926
161810.SZ,20191018,1.925,1.938,1.956,1.912,1.916,-0.009,-0.4675,13173.56,2549.385
510060.SH,20191018,1.881,1.879,1.881,1.851,1.86,-0.021,-1.1164,1298.0,242.311
160119.SZ,20191018,1.28,1.28,1.288,1.261,1.265,-0.015,-1.1719,13810.66,1754.281
510010.SH,20191018,1.182,1.182,1.183,1.155,1.169,-0.013,-1.0998,147.0,17.182
162307.SZ,20191018,1.203,1.178,1.285,1.178,1.285,0.082,6.8163,54.0,6.418
165309.SZ,20191018,1.263,1.278,1.278,1.246,1.246,-0.017,-1.346,329.0,41.243
160211.SZ,20191018,2.367,2.383,2.384,2.322,2.327,-0.04,-1.6899,1265.13,295.715
162711.SZ,20191018,1.111,1.096,1.115,1.096,1.1,-0.011,-0.9901,1084.17,119.256
150008.SZ,20191018,0.978,0.97,0.971,0.953,0.956,-0.022,-2.2495,9564.97,919.767
150009.SZ,20191018,1.027,1.024,1.024,1.02,1.02,-0.007,-0.6816,655.77,67.088
159903.SZ,20191018,1.061,1.057,1.066,1.045,1.05,-0.011,-1.0368,13380.99,1409.002
166006.SZ,20191018,1.284,1.274,1.288,1.274,1.287,0.003,0.2336,362.0,46.619
510020.SH,20191018,2.869,2.883,2.883,2.827,2.84,-0.029,-1.0108,1798.7,510.842
160716.SZ,20191018,1.614,1.618,1.627,1.592,1.595,-0.019,-1.1772,3733.27,599.287
160616.SZ,20191018,1.13,1.123,1.148,1.118,1.131,0.001,0.0885,362.0,40.953
163001.SZ,20191018,1.14,1.148,1.149,1.137,1.137,-0.003,-0.2632,258.0,29.597
510130.SH,20191018,3.877,3.794,3.794,3.794,3.794,-0.083,-2.1408,5.0,1.897
510030.SH,20191018,5.388,5.39,5.406,5.299,5.318,-0.07,-1.2992,814.0,433.896
510090.SH,20191018,1.855,1.854,1.854,1.827,1.827,-0.028,-1.5094,13.0,2.388
150016.SZ,20191018,0.998,0.992,0.992,0.992,0.992,-0.006,-0.6012,1.0,0.099
150017.SZ,20191018,1.164,1.158,1.17,1.141,1.152,-0.012,-1.0309,2373.0,273.917
150012.SZ,20191018,1.007,1.007,1.007,1.007,1.007,0.0,0.0,500.0,50.35
150013.SZ,20191018,1.078,1.049,1.075,1.04,1.075,-0.003,-0.2783,22.28,2.339
150018.SZ,20191018,1.017,1.017,1.02,1.016,1.02,0.003,0.295,227284.27,23126.771
150019.SZ,20191018,0.954,0.957,0.965,0.925,0.929,-0.025,-2.6205,1582583.52,149286.349
160807.SZ,20191018,1.328,1.322,1.322,1.319,1.319,-0.009,-0.6777,4.0,0.528
510070.SH,20191018,1.741,1.733,1.733,1.719,1.719,-0.022,-1.2636,9.0,1.55
160215.SZ,20191018,1.464,1.464,1.466,1.448,1.466,0.002,0.1366,206.0,30.05
510160.SH,20191018,0.56,0.56,0.562,0.551,0.552,-0.008,-1.4286,651.0,36.238
510110.SH,20191018,3.865,3.885,3.888,3.849,3.85,-0.015,-0.3881,319.0,123.033
160717.SZ,20191018,0.835,0.842,0.842,0.831,0.833,-0.002,-0.2395,1404.0,117.223
163407.SZ,20191018,2.042,2.046,2.046,2.02,2.021,-0.021,-1.0284,4089.13,829.574
159905.SZ,20191018,1.912,1.912,1.922,1.885,1.892,-0.02,-1.046,317775.0,60467.038
510190.SH,20191018,3.327,3.339,3.339,3.271,3.277,-0.05,-1.5029,7197.0,2382.241
150022.SZ,20191018,0.829,0.829,0.833,0.82,0.822,-0.007,-0.8444,102736.0,8470.885
150023.SZ,20191018,0.244,0.245,0.246,0.237,0.237,-0.007,-2.8689,494741.0,11900.059
510170.SH,20191018,1.61,1.588,1.59,1.568,1.569,-0.041,-2.5466,2598.0,408.876
161115.SZ,20191018,1.51,1.517,1.52,1.51,1.51,0.0,0.0,442.0,67.014
166008.SZ,20191018,1.068,1.078,1.079,1.078,1.079,0.011,1.03,113.0,12.183
161815.SZ,20191018,0.485,0.483,0.487,0.482,0.485,0.0,0.0,1458.0,70.48
510150.SH,20191018,5.33,5.32,5.34,5.26,5.3,-0.03,-0.5629,5664.0,2996.318
165510.SZ,20191018,0.745,0.738,0.745,0.736,0.745,0.0,0.0,107.83,7.962
159906.SZ,20191018,0.891,0.899,0.899,0.878,0.888,-0.003,-0.3367,865.0,76.744
510220.SH,20191018,4.0,3.963,3.965,3.928,3.96,-0.04,-1.0,180.0,70.903
510210.SH,20191018,3.771,3.78,3.784,3.718,3.721,-0.05,-1.3259,18612.0,6978.407
161714.SZ,20191018,1.038,1.046,1.046,1.034,1.035,-0.003,-0.289,229.29,23.779
166009.SZ,20191018,1.927,1.927,1.927,1.885,1.885,-0.042,-2.1796,22.0,4.193
150028.SZ,20191018,1.014,1.014,1.014,1.014,1.014,0.0,0.0,200.0,20.28
150029.SZ,20191018,1.13,1.15,1.15,1.1,1.105,-0.025,-2.2124,1985.98,220.372
164808.SZ,20191018,1.078,1.114,1.184,1.079,1.089,0.011,1.0204,1986.48,228.399
150031.SZ,20191018,0.993,0.959,0.993,0.959,0.993,0.0,0.0,290.55,28.0
150032.SZ,20191018,1.012,1.012,1.012,1.012,1.012,0.0,0.0,7.0,0.708
161216.SZ,20191018,1.172,1.169,1.169,1.169,1.169,-0.003,-0.256,9.0,1.052
510230.SH,20191018,5.913,5.909,5.954,5.801,5.808,-0.105,-1.7757,42776.0,25214.168
161116.SZ,20191018,0.799,0.8,0.805,0.797,0.798,-0.001,-0.1252,4256.0,340.261
510120.SH,20191018,3.025,3.021,3.021,2.994,2.994,-0.031,-1.0248,23.24,6.996
150036.SZ,20191018,1.032,1.036,1.036,1.036,1.036,0.004,0.3876,157.0,16.265
150037.SZ,20191018,1.899,1.899,1.899,1.899,1.899,0.0,0.0,0.02,0.003
163409.SZ,20191018,1.828,1.83,1.83,1.789,1.828,0.0,0.0,33.0,6.013
160512.SZ,20191018,1.949,1.955,1.955,1.925,1.925,-0.024,-1.2314,359.25,70.198
159908.SZ,20191018,1.433,1.432,1.443,1.424,1.424,-0.009,-0.6281,4526.0,648.87
159907.SZ,20191018,1.229,1.229,1.232,1.214,1.214,-0.015,-1.2205,1033.0,126.961
163110.SZ,20191018,1.559,1.543,1.543,1.537,1.542,-0.017,-1.0904,50.0,7.696
159909.SZ,20191018,4.689,4.693,4.72,4.611,4.625,-0.064,-1.3649,2706.0,1258.14
510270.SH,20191018,1.14,1.137,1.146,1.131,1.136,-0.004,-0.3509,476.6,54.012
161217.SZ,20191018,0.606,0.606,0.606,0.593,0.605,-0.001,-0.165,99.0,5.947
165512.SZ,20191018,1.826,1.814,1.814,1.814,1.814,-0.012,-0.6572,14.0,2.539
159910.SZ,20191018,1.846,1.846,1.856,1.822,1.825,-0.021,-1.1376,3068.0,561.608
162712.SZ,20191018,1.469,1.469,1.469,1.469,1.469,0.0,0.0,16.0,2.35
160719.SZ,20191018,0.83,0.832,0.832,0.826,0.828,-0.002,-0.241,649.0,53.774
164701.SZ,20191018,0.709,0.708,0.713,0.708,0.711,0.002,0.2821,100.0,7.103
159915.SZ,20191018,1.595,1.6,1.613,1.582,1.589,-0.006,-0.3762,3674190.44,587484.309
159916.SZ,20191018,4.155,4.176,4.176,4.118,4.139,-0.016,-0.3851,1450.0,602.461
159912.SZ,20191018,1.287,1.286,1.295,1.281,1.283,-0.004,-0.3108,4996.7,643.128
510290.SH,20191018,1.442,1.432,1.44,1.417,1.42,-0.022,-1.5257,16590.0,2380.847
160125.SZ,20191018,1.074,1.075,1.076,1.073,1.073,-0.001,-0.0931,281.86,30.244
159913.SZ,20191018,1.917,1.905,1.917,1.894,1.894,-0.023,-1.1998,57.0,10.892
163208.SZ,20191018,0.749,0.75,0.75,0.749,0.75,0.001,0.1335,500.0,37.48
161017.SZ,20191018,1.645,1.644,1.649,1.615,1.62,-0.025,-1.5198,10256.8,1665.694
162411.SZ,20191018,0.387,0.389,0.39,0.387,0.387,0.0,0.0,1284291.05,49837.201
150047.SZ,20191018,1.1,1.1,1.1,1.099,1.1,0.0,0.0,53.0,5.829
150048.SZ,20191018,1.381,1.38,1.399,1.38,1.381,0.0,0.0,287.0,39.753
150053.SZ,20191018,1.027,1.029,1.029,1.027,1.027,0.0,0.0,692.6,71.174
150065.SZ,20191018,0.743,0.746,0.746,0.746,0.746,0.003,0.4038,1.67,0.124
150060.SZ,20191018,0.722,0.74,0.74,0.74,0.74,0.018,2.4931,42.0,3.108
165513.SZ,20191018,0.394,0.395,0.397,0.394,0.396,0.002,0.5076,4272.52,168.59
150051.SZ,20191018,1.025,1.023,1.025,1.023,1.025,0.0,0.0,90.0,9.209
150052.SZ,20191018,1.456,1.46,1.489,1.414,1.426,-0.03,-2.0604,116766.54,16923.908
150049.SZ,20191018,1.008,1.008,1.008,1.008,1.008,0.0,0.0,50.0,5.04
150050.SZ,20191018,1.51,1.54,1.542,1.481,1.505,-0.005,-0.3311,383.04,57.957
159918.SZ,20191018,1.42,1.398,1.41,1.396,1.41,-0.01,-0.7042,148.0,20.86
160416.SZ,20191018,0.973,0.974,0.978,0.967,0.97,-0.003,-0.3083,2359.9,229.015
163412.SZ,20191018,3.639,3.668,3.668,3.572,3.58,-0.059,-1.6213,7579.52,2725.797
510410.SH,20191018,0.592,0.593,0.593,0.583,0.583,-0.009,-1.5203,52736.0,3094.679
160216.SZ,20191018,0.446,0.449,0.45,0.448,0.448,0.002,0.4484,26364.53,1182.213
159919.SZ,20191018,3.988,3.989,4.007,3.913,3.926,-0.062,-1.5547,654108.65,258627.809
510300.SH,20191018,3.989,3.991,4.006,3.921,3.931,-0.058,-1.454,3081430.71,1219432.835
160128.SZ,20191018,1.05,1.051,1.051,1.051,1.051,0.001,0.0952,1.0,0.105
164810.SZ,20191018,1.037,1.043,1.043,1.016,1.016,-0.021,-2.0251,76.0,7.77
161117.SZ,20191018,1.021,1.05,1.05,1.05,1.05,0.029,2.8404,58.0,6.09
164702.SZ,20191018,1.067,1.043,1.043,1.043,1.043,-0.024,-2.2493,30.0,3.129
159920.SZ,20191018,1.491,1.491,1.497,1.48,1.482,-0.009,-0.6036,5569635.2,828321.803
510900.SH,20191018,1.217,1.218,1.223,1.21,1.213,-0.004,-0.3287,6086897.98,740484.39
163827.SZ,20191018,1.102,1.102,1.102,1.101,1.101,-0.001,-0.0907,5.0,0.55
150194.SZ,20191018,1.015,1.016,1.016,1.016,1.016,0.001,0.0985,4310.86,437.983
150195.SZ,20191018,0.964,0.966,0.978,0.93,0.935,-0.029,-3.0083,125189.84,11951.955
150193.SZ,20191018,1.134,1.131,1.131,1.063,1.09,-0.044,-3.8801,2539.0,281.234
169101.SZ,20191018,1.518,1.52,1.528,1.5,1.502,-0.016,-1.054,14868.78,2248.547
150198.SZ,20191018,1.024,1.023,1.024,1.022,1.024,0.0,0.0,526.72,53.838
150199.SZ,20191018,1.133,1.131,1.136,1.108,1.109,-0.024,-2.1183,9302.43,1040.605
512300.SH,20191018,1.145,1.14,1.15,1.135,1.139,-0.006,-0.524,15440.0,1764.945
511220.SH,20191018,97.599,97.61,97.64,97.552,97.64,0.041,0.042,274.0,2674.628
150200.SZ,20191018,1.015,1.015,1.016,1.015,1.016,0.001,0.0985,39273.0,3989.754
150201.SZ,20191018,1.19,1.196,1.2,1.132,1.135,-0.055,-4.6218,2204112.43,256098.076
150205.SZ,20191018,1.017,1.017,1.019,1.017,1.018,0.001,0.0983,68420.51,6966.473
150206.SZ,20191018,0.535,0.538,0.543,0.51,0.514,-0.021,-3.9252,689487.97,36202.6
159938.SZ,20191018,1.369,1.374,1.384,1.361,1.365,-0.004,-0.2922,194013.22,26698.341
150207.SZ,20191018,1.028,1.028,1.028,0.999,0.999,-0.029,-2.821,75.21,7.6
150208.SZ,20191018,1.617,1.779,1.779,1.455,1.455,-0.162,-10.0186,36.23,5.599
160813.SZ,20191018,0.776,0.768,0.78,0.762,0.762,-0.014,-1.8041,497.56,38.245
150174.SZ,20191018,1.278,1.201,1.278,1.201,1.278,0.0,0.0,196.64,23.624
511810.SH,20191018,99.995,100.004,100.008,100.003,100.007,0.012,0.012,61904.63,619080.317
511860.SH,20191018,99.996,99.998,100.006,99.998,100.006,0.01,0.01,477.14,4771.553
150204.SZ,20191018,0.847,0.847,0.909,0.837,0.872,0.025,2.9516,272.0,23.005
150203.SZ,20191018,1.016,1.017,1.017,1.016,1.017,0.001,0.0984,1240.01,126.023
511800.SH,20191018,100.002,100.006,100.015,100.002,100.006,0.004,0.004,1615.9,16159.889
150209.SZ,20191018,1.017,1.017,1.018,1.016,1.018,0.001,0.0983,44356.94,4512.304
150210.SZ,20191018,0.722,0.733,0.733,0.702,0.707,-0.015,-2.0776,18555.2,1331.28
160618.SZ,20191018,1.323,1.322,1.323,1.322,1.322,-0.001,-0.0756,3909.0,516.827
513660.SH,20191018,2.598,2.598,2.602,2.582,2.584,-0.014,-0.5389,16296.0,4224.308
513600.SH,20191018,2.591,2.591,2.601,2.579,2.579,-0.012,-0.4631,4939.0,1278.877
159939.SZ,20191018,1.063,1.065,1.068,1.04,1.041,-0.022,-2.0696,515817.29,54142.575
169102.SZ,20191018,1.081,1.082,1.088,1.073,1.079,-0.002,-0.185,2788.0,301.229
160919.SZ,20191018,1.334,1.326,1.343,1.32,1.335,0.001,0.075,1160.0,154.264
512990.SH,20191018,1.192,1.195,1.197,1.172,1.176,-0.016,-1.3423,237447.0,28098.885
159940.SZ,20191018,1.046,1.045,1.05,1.021,1.022,-0.024,-2.2945,553.01,56.967
150213.SZ,20191018,1.026,1.027,1.027,1.027,1.027,0.001,0.0975,54.0,5.545
150214.SZ,20191018,1.286,1.315,1.315,1.288,1.288,0.002,0.1555,50.98,6.701
150216.SZ,20191018,0.984,0.943,0.992,0.943,0.945,-0.039,-3.9634,177.05,16.997
161716.SZ,20191018,1.271,1.271,1.271,1.27,1.27,-0.001,-0.0787,3182.78,404.448
150211.SZ,20191018,1.026,1.027,1.027,1.026,1.027,0.001,0.0975,9034.56,927.779
150212.SZ,20191018,0.89,0.895,0.895,0.866,0.867,-0.023,-2.5843,3647.0,319.556
150223.SZ,20191018,1.039,1.039,1.04,1.038,1.039,0.0,0.0,59497.03,6181.944
150224.SZ,20191018,0.891,0.891,0.899,0.85,0.85,-0.041,-4.6016,369872.52,32215.831
161224.SZ,20191018,1.025,1.025,1.025,1.025,1.025,0.0,0.0,3.0,0.307
150196.SZ,20191018,1.037,1.037,1.038,1.036,1.037,0.0,0.0,44081.43,4573.258
150197.SZ,20191018,0.481,0.48,0.483,0.46,0.46,-0.021,-4.3659,636529.99,29964.882
150221.SZ,20191018,1.064,1.064,1.065,1.063,1.065,0.001,0.094,32291.52,3435.744
150222.SZ,20191018,0.953,0.955,0.955,0.906,0.919,-0.034,-3.5677,42203.55,3942.965
512310.SH,20191018,0.477,0.477,0.479,0.47,0.471,-0.006,-1.2579,2150.0,101.916
501021.SH,20191018,1.403,1.405,1.409,1.388,1.395,-0.008,-0.5702,7285.13,1017.706
159949.SZ,20191018,0.585,0.586,0.591,0.579,0.58,-0.005,-0.8547,3491835.34,204217.488
511850.SH,20191018,100.0,100.009,100.016,100.007,100.015,0.015,0.015,19298.98,193013.347
169104.SZ,20191018,1.333,1.338,1.34,1.331,1.331,-0.002,-0.15,237.0,31.708
512660.SH,20191018,0.753,0.754,0.757,0.74,0.74,-0.013,-1.7264,874446.68,65380.754
511910.SH,20191018,99.982,100.034,100.034,100.034,100.034,0.052,0.052,1.0,10.003
512880.SH,20191018,0.955,0.956,0.957,0.931,0.932,-0.023,-2.4084,6717047.5,632967.135
167001.SZ,20191018,0.752,0.752,0.752,0.739,0.739,-0.013,-1.7287,1492.0,111.193
161834.SZ,20191018,0.802,0.801,0.805,0.794,0.8,-0.002,-0.2494,1607.58,128.087
160225.SZ,20191018,0.762,0.762,0.762,0.75,0.759,-0.003,-0.3937,919.0,69.6
511970.SH,20191018,99.993,100.0,100.002,100.0,100.002,0.009,0.009,14.0,140.001
168103.SZ,20191018,0.837,0.838,0.841,0.832,0.834,-0.003,-0.3584,56531.13,4737.24
512810.SH,20191018,0.724,0.725,0.727,0.711,0.716,-0.008,-1.105,9035.0,650.755
510810.SH,20191018,0.933,0.936,0.936,0.915,0.917,-0.016,-1.7149,100097.6,9293.273
160921.SZ,20191018,1.008,1.004,1.004,0.999,0.999,-0.009,-0.8929,130.01,12.992
160635.SZ,20191018,1.045,1.041,1.053,1.039,1.039,-0.006,-0.5742,1010.0,105.543
164403.SZ,20191018,1.215,1.209,1.212,1.194,1.212,-0.003,-0.2469,220.02,26.39
169105.SZ,20191018,1.405,1.405,1.406,1.388,1.389,-0.016,-1.1388,23343.03,3262.64
512680.SH,20191018,0.76,0.77,0.77,0.746,0.747,-0.013,-1.7105,55619.0,4189.017
168104.SZ,20191018,1.166,1.142,1.142,1.142,1.142,-0.024,-2.0583,10.0,1.142
512000.SH,20191018,0.907,0.908,0.91,0.887,0.888,-0.019,-2.0948,2147859.98,192497.712
165525.SZ,20191018,0.743,0.746,0.746,0.734,0.743,0.0,0.0,7526.5,555.672
160421.SZ,20191018,1.227,1.227,1.227,1.213,1.215,-0.012,-0.978,1335.05,162.975
501026.SH,20191018,0.848,0.852,0.869,0.848,0.869,0.021,2.4764,224.34,19.07
511660.SH,20191018,100.001,100.01,100.018,100.005,100.017,0.016,0.016,90167.8,901784.268
168105.SZ,20191018,0.857,0.859,0.862,0.85,0.853,-0.004,-0.4667,12330.06,1056.967
512100.SH,20191018,0.678,0.68,0.685,0.667,0.67,-0.008,-1.1799,187446.0,12643.099
501022.SH,20191018,0.996,1.003,1.006,0.991,0.991,-0.005,-0.502,1386.39,139.379
501023.SH,20191018,1.043,1.043,1.043,1.038,1.038,-0.005,-0.4794,31.46,3.27
511600.SH,20191018,99.996,100.003,100.008,100.003,100.006,0.01,0.01,914.0,9140.492
160722.SZ,20191018,1.157,1.141,1.141,1.135,1.135,-0.022,-1.9015,501.0,56.864
163119.SZ,20191018,0.836,0.833,0.833,0.833,0.833,-0.003,-0.3589,13.0,1.082
511690.SH,20191018,99.998,100.005,100.007,100.003,100.007,0.009,0.009,16809.61,168104.926
511700.SH,20191018,100.0,100.006,100.015,100.006,100.014,0.014,0.014,1996.32,19965.723
501050.SH,20191018,1.326,1.326,1.333,1.314,1.316,-0.01,-0.7541,12879.1,1701.291
160223.SZ,20191018,0.786,0.785,0.795,0.785,0.785,-0.001,-0.1272,1706.0,135.099
161035.SZ,20191018,1.256,1.258,1.26,1.236,1.259,0.003,0.2389,1725.0,216.704
501025.SH,20191018,1.06,1.06,1.065,1.056,1.06,0.0,0.0,431.0,45.72
160322.SZ,20191018,1.083,1.1,1.1,1.1,1.1,0.017,1.5697,75.0,8.25
501028.SH,20191018,0.941,0.946,0.946,0.936,0.936,-0.005,-0.5313,659.8,62.259
169201.SZ,20191018,1.102,1.087,1.087,1.082,1.083,-0.019,-1.7241,157.0,17.024
162717.SZ,20191018,1.058,1.063,1.063,1.063,1.063,0.005,0.4726,70.01,7.442
160922.SZ,20191018,1.0,1.0,1.045,1.0,1.045,0.045,4.5,91.0,9.185
164703.SZ,20191018,0.881,0.884,0.884,0.884,0.884,0.003,0.3405,5.0,0.442
501300.SH,20191018,1.071,1.071,1.073,1.07,1.071,0.0,0.0,2330.89,249.837
161126.SZ,20191018,1.301,1.301,1.301,1.3,1.3,-0.001,-0.0769,11.0,1.43
161125.SZ,20191018,1.344,1.355,1.355,1.335,1.346,0.002,0.1488,2367.0,316.399
168301.SZ,20191018,1.079,1.08,1.084,1.08,1.08,0.001,0.0927,4.0,0.433
161127.SZ,20191018,1.2,1.22,1.22,1.21,1.21,0.01,0.8333,64.0,7.746
501043.SH,20191018,1.075,1.081,1.081,1.062,1.062,-0.013,-1.2093,1351.0,143.965
501045.SH,20191018,1.073,1.072,1.072,1.057,1.066,-0.007,-0.6524,1727.0,183.468
160140.SZ,20191018,1.222,1.21,1.226,1.21,1.223,0.001,0.0818,158.0,19.25
501046.SH,20191018,1.321,1.323,1.334,1.31,1.313,-0.008,-0.6056,14057.31,1862.958
510380.SH,20191018,1.002,1.004,1.006,0.986,0.989,-0.013,-1.2974,1310.0,130.074
160644.SZ,20191018,0.854,0.872,0.872,0.872,0.872,0.018,2.1077,554.0,48.308
166024.SZ,20191018,0.897,0.899,0.9,0.891,0.893,-0.004,-0.4459,14638.02,1310.045
501047.SH,20191018,0.968,0.953,1.0,0.953,1.0,0.032,3.3058,40.0,3.967
501048.SH,20191018,0.976,1.015,1.015,0.965,0.992,0.016,1.6393,269.0,26.521
159957.SZ,20191018,0.985,0.986,0.994,0.975,0.977,-0.008,-0.8122,7080.0,692.713
501106.SH,20191018,1.122,1.13,1.13,1.13,1.13,0.008,0.713,34.0,3.842
501049.SH,20191018,1.018,1.018,1.025,1.012,1.017,-0.001,-0.0982,14427.1,1469.827
501051.SH,20191018,1.118,1.111,1.112,1.108,1.112,-0.006,-0.5367,200.67,22.294
501305.SH,20191018,0.891,0.89,0.89,0.89,0.89,-0.001,-0.1122,265.0,23.585
159958.SZ,20191018,0.966,0.966,0.975,0.959,0.96,-0.006,-0.6211,6744.0,650.072
510800.SH,20191018,1.103,1.103,1.109,1.084,1.086,-0.017,-1.5413,192071.0,21030.359
512980.SH,20191018,0.76,0.761,0.767,0.75,0.752,-0.008,-1.0526,80807.0,6103.349
159954.SZ,20191018,1.004,1.006,1.01,0.999,0.999,-0.005,-0.498,13151.0,1318.599
510390.SH,20191018,4.063,4.063,4.083,4.0,4.008,-0.055,-1.3537,98928.24,39718.812
501053.SH,20191018,1.039,1.039,1.039,1.035,1.035,-0.004,-0.385,499.96,51.789
161014.SZ,20191018,1.206,1.206,1.206,1.206,1.206,0.0,0.0,26.0,3.135
163417.SZ,20191018,1.063,1.063,1.066,1.048,1.052,-0.011,-1.0348,768749.62,81179.566
159956.SZ,20191018,0.937,0.94,0.945,0.935,0.935,-0.002,-0.2134,314.0,29.499
501054.SH,20191018,0.972,0.974,0.979,0.967,0.968,-0.004,-0.4115,62935.92,6113.774
510590.SH,20191018,5.152,5.128,5.193,5.071,5.099,-0.053,-1.0287,55993.0,28746.787
169106.SZ,20191018,1.014,1.015,1.016,1.011,1.014,0.0,0.0,17029.0,1727.984
512160.SH,20191018,1.11,1.112,1.115,1.093,1.097,-0.013,-1.1712,410733.0,45286.371
512520.SH,20191018,1.094,1.09,1.101,1.079,1.082,-0.012,-1.0969,60803.0,6631.967
512180.SH,20191018,1.066,1.066,1.071,1.053,1.054,-0.012,-1.1257,120305.0,12762.324
512780.SH,20191018,0.759,0.763,0.767,0.752,0.753,-0.006,-0.7905,2025.0,154.15
513900.SH,20191018,0.982,0.981,0.989,0.978,0.979,-0.003,-0.3055,61702.0,6063.254
512280.SH,20191018,1.067,1.07,1.072,1.052,1.056,-0.011,-1.0309,634910.0,67417.103
501057.SH,20191018,0.848,0.851,0.86,0.846,0.846,-0.002,-0.2358,489.0,41.64
501058.SH,20191018,0.843,0.843,0.848,0.835,0.835,-0.008,-0.949,6.0,0.507
512090.SH,20191018,1.099,1.1,1.103,1.083,1.086,-0.013,-1.1829,551508.0,60251.462
512360.SH,20191018,1.11,1.11,1.113,1.094,1.094,-0.016,-1.4414,547.0,60.592
161039.SZ,20191018,1.118,1.114,1.114,1.111,1.111,-0.007,-0.6261,13.0,1.447
512770.SH,20191018,1.075,1.08,1.081,1.063,1.067,-0.008,-0.7442,4945.0,532.428
164824.SZ,20191018,0.965,0.98,0.981,0.966,0.966,0.001,0.1036,2116.86,205.71
512390.SH,20191018,1.072,1.076,1.076,1.06,1.06,-0.012,-1.1194,3311.0,352.468
501059.SH,20191018,1.183,1.173,1.173,1.173,1.173,-0.01,-0.8453,1.0,0.117
161131.SZ,20191018,1.044,1.044,1.045,1.043,1.045,0.001,0.0958,156764.29,16369.74
161728.SZ,20191018,1.035,1.036,1.037,1.035,1.036,0.001,0.0966,55367.32,5735.385
501186.SH,20191018,1.041,1.042,1.044,1.042,1.043,0.002,0.1921,120922.12,12605.228
501188.SH,20191018,1.05,1.051,1.052,1.05,1.052,0.002,0.1905,96243.84,10111.942
501189.SH,20191018,1.024,1.023,1.026,1.023,1.025,0.001,0.0977,108338.29,11096.792
160142.SZ,20191018,1.051,1.051,1.053,1.051,1.053,0.002,0.1903,205380.51,21611.586
510600.SH,20191018,3.088,3.099,3.105,3.039,3.041,-0.047,-1.522,26039.0,8004.533
511270.SH,20191018,103.15,103.15,103.35,103.15,103.35,0.2,0.1939,39.2,405.121
160726.SZ,20191018,1.194,1.2,1.2,1.183,1.19,-0.004,-0.335,15890.07,1893.862
512850.SH,20191018,1.051,1.051,1.053,1.034,1.036,-0.015,-1.4272,942.72,98.448
512820.SH,20191018,1.161,1.169,1.173,1.143,1.143,-0.018,-1.5504,37518.0,4370.526
501060.SH,20191018,1.232,1.229,1.233,1.215,1.215,-0.017,-1.3799,187.0,23.02
501061.SH,20191018,1.223,1.209,1.209,1.209,1.209,-0.014,-1.1447,100.0,12.09
501062.SH,20191018,0.939,0.939,0.946,0.937,0.939,0.0,0.0,33280.14,3133.101
512860.SH,20191018,1.254,1.255,1.255,1.236,1.238,-0.016,-1.2759,2058.0,255.833
161128.SZ,20191018,1.687,1.685,1.685,1.653,1.667,-0.02,-1.1855,26.0,4.341
161129.SZ,20191018,1.041,1.048,1.051,1.046,1.05,0.009,0.8646,14980.89,1570.028
501029.SH,20191018,0.941,0.941,0.944,0.929,0.93,-0.011,-1.169,66295.99,6195.655
501007.SH,20191018,0.992,0.981,1.003,0.981,1.003,0.011,1.1089,36.0,3.597
501011.SH,20191018,0.799,0.797,0.798,0.783,0.786,-0.013,-1.627,391.0,30.773
501012.SH,20191018,0.788,0.787,0.787,0.787,0.787,-0.001,-0.1269,10.0,0.787
501009.SH,20191018,1.333,1.333,1.354,1.333,1.342,0.009,0.6752,478.0,64.296
501030.SH,20191018,0.58,0.571,0.583,0.571,0.578,-0.002,-0.3448,767.84,44.01
501010.SH,20191018,1.332,1.345,1.351,1.341,1.341,0.009,0.6757,468.14,63.163
501031.SH,20191018,0.579,0.579,0.579,0.578,0.579,0.0,0.0,200.0,11.564
513050.SH,20191018,1.241,1.244,1.246,1.234,1.237,-0.004,-0.3223,126386.0,15664.62
511650.SH,20191018,100.0,100.0,100.004,100.0,100.003,0.003,0.003,1475.08,14751.058
512580.SH,20191018,0.725,0.728,0.729,0.714,0.719,-0.006,-0.8276,346696.0,24884.748
161631.SZ,20191018,1.076,1.081,1.081,1.065,1.065,-0.011,-1.0223,20641.1,2212.051
162719.SZ,20191018,0.862,0.863,0.869,0.863,0.863,0.001,0.116,72.0,6.219
512900.SH,20191018,0.926,0.93,0.93,0.905,0.907,-0.019,-2.0518,163455.0,15012.409
161036.SZ,20191018,0.642,0.635,0.635,0.635,0.635,-0.007,-1.0903,1.0,0.063
167003.SZ,20191018,1.136,1.081,1.081,1.081,1.081,-0.055,-4.8415,10.0,1.081
511770.SH,20191018,99.978,99.989,99.995,99.988,99.989,0.011,0.011,19.0,189.984
501019.SH,20191018,0.794,0.793,0.805,0.775,0.777,-0.017,-2.1411,2658.65,209.371
501301.SH,20191018,1.166,1.173,1.173,1.166,1.166,0.0,0.0,1510.0,176.713
160723.SZ,20191018,1.087,1.096,1.1,1.093,1.096,0.009,0.828,9846.29,1078.164
159952.SZ,20191018,0.963,0.965,0.974,0.954,0.958,-0.005,-0.5192,287502.96,27684.023
501016.SH,20191018,1.013,1.013,1.019,0.999,0.999,-0.014,-1.382,14417.77,1447.512
161037.SZ,20191018,1.154,1.117,1.25,1.117,1.161,0.007,0.6066,153.0,18.625
512550.SH,20191018,1.247,1.253,1.255,1.227,1.227,-0.02,-1.6038,66345.0,8227.057
160324.SZ,20191018,1.068,1.055,1.058,1.054,1.055,-0.013,-1.2172,129.0,13.611
161130.SZ,20191018,1.363,1.364,1.364,1.356,1.357,-0.006,-0.4402,10.0,1.36
159955.SZ,20191018,0.89,0.892,0.9,0.882,0.888,-0.002,-0.2247,8099.0,718.99
160643.SZ,20191018,0.824,0.824,0.824,0.82,0.82,-0.004,-0.4854,61.0,5.003
159953.SZ,20191018,0.742,0.737,0.741,0.72,0.741,-0.001,-0.1348,1200.0,87.795
159951.SZ,20191018,0.786,0.781,0.8,0.777,0.8,0.014,1.7812,569.02,44.343
163111.SZ,20191018,0.953,0.954,0.96,0.946,0.946,-0.007,-0.7345,91.93,8.802
512200.SH,20191018,0.871,0.875,0.876,0.851,0.855,-0.016,-1.837,58729.0,5081.369
512700.SH,20191018,1.215,1.219,1.227,1.195,1.197,-0.018,-1.4815,39111.0,4709.61
512800.SH,20191018,1.122,1.125,1.134,1.103,1.107,-0.015,-1.3369,972220.0,108561.963
512400.SH,20191018,0.633,0.634,0.635,0.621,0.623,-0.01,-1.5798,112208.0,7036.472
512560.SH,20191018,0.817,0.823,0.823,0.802,0.808,-0.009,-1.1016,4082.0,331.935
512570.SH,20191018,0.906,0.907,0.907,0.886,0.897,-0.009,-0.9934,2026.0,182.216
161715.SZ,20191018,0.87,0.868,0.868,0.85,0.855,-0.015,-1.7241,182.0,15.62
160924.SZ,20191018,1.017,0.994,0.994,0.994,0.994,-0.023,-2.2616,20.0,1.988
501036.SH,20191018,0.814,0.807,0.835,0.807,0.81,-0.004,-0.4914,1519.01,123.224
501037.SH,20191018,0.808,0.812,0.812,0.812,0.812,0.004,0.495,1.0,0.081
501038.SH,20191018,1.183,1.182,1.189,1.176,1.179,-0.004,-0.3381,23116.31,2727.715
511260.SH,20191018,107.51,107.66,107.66,107.4,107.419,-0.091,-0.0846,370.16,3977.475
511620.SH,20191018,99.999,99.983,100.17,99.983,99.995,-0.004,-0.004,7.04,70.45
166023.SZ,20191018,1.251,1.259,1.259,1.24,1.256,0.005,0.3997,1783.54,223.317
511670.SH,20191018,99.999,100.004,100.009,100.004,100.006,0.007,0.007,634.25,6342.92
501303.SH,20191018,0.881,0.877,0.877,0.877,0.877,-0.004,-0.454,11.0,0.965
502048.SH,20191018,0.988,0.989,0.99,0.974,0.975,-0.013,-1.3158,3210.25,313.885
502049.SH,20191018,1.01,1.01,1.011,1.007,1.009,-0.001,-0.099,19562.0,1973.639
502050.SH,20191018,0.969,0.973,0.979,0.938,0.94,-0.029,-2.9928,70498.55,6707.081
512340.SH,20191018,0.71,0.712,0.712,0.7,0.702,-0.008,-1.1268,1191.0,84.218
502000.SH,20191018,0.95,0.921,0.921,0.921,0.921,-0.029,-3.0526,1.0,0.092
150220.SZ,20191018,0.875,0.87,0.888,0.861,0.874,-0.001,-0.1143,11918.05,1049.219
166011.SZ,20191018,1.384,1.384,1.384,1.373,1.373,-0.011,-0.7948,198.0,27.356
512500.SH,20191018,2.53,2.528,2.544,2.488,2.493,-0.037,-1.4625,621073.88,156364.012
150227.SZ,20191018,1.027,1.027,1.028,1.026,1.026,-0.001,-0.0974,35194.0,3615.545
150228.SZ,20191018,0.979,0.985,0.995,0.948,0.949,-0.03,-3.0644,521013.02,50412.998
161722.SZ,20191018,1.207,1.205,1.328,1.15,1.312,0.105,8.6993,520.73,63.143
512510.SH,20191018,1.105,1.104,1.109,1.087,1.091,-0.014,-1.267,107400.0,11794.446
166012.SZ,20191018,1.103,1.107,1.107,1.107,1.107,0.004,0.3626,400.0,44.28
150229.SZ,20191018,1.001,1.002,1.002,1.002,1.002,0.001,0.0999,700.0,70.14
150230.SZ,20191018,1.389,1.398,1.398,1.384,1.384,-0.005,-0.36,3.0,0.416
161225.SZ,20191018,1.337,1.322,1.322,1.322,1.322,-0.015,-1.1219,100.0,13.22
150231.SZ,20191018,0.995,0.996,0.996,0.996,0.996,0.001,0.1005,1071.0,106.671
150232.SZ,20191018,1.03,1.043,1.043,0.975,1.013,-0.017,-1.6505,1536.0,152.39
150225.SZ,20191018,1.027,1.026,1.028,1.026,1.028,0.001,0.0974,6030.2,619.8
150226.SZ,20191018,1.442,1.3,1.442,1.3,1.442,0.0,0.0,41.0,5.401
150236.SZ,20191018,0.942,0.95,0.95,0.902,0.905,-0.037,-3.9278,2199.34,202.861
164906.SZ,20191018,1.215,1.221,1.225,1.215,1.22,0.005,0.4115,4096.6,499.932
150248.SZ,20191018,0.857,0.833,0.872,0.807,0.833,-0.024,-2.8005,511.89,42.228
150249.SZ,20191018,1.02,1.019,1.02,1.015,1.015,-0.005,-0.4902,1591.0,161.836
150250.SZ,20191018,1.221,1.237,1.239,1.211,1.211,-0.01,-0.819,616.0,75.543
510710.SH,20191018,3.358,3.365,3.379,3.304,3.308,-0.05,-1.489,118013.0,39258.631
150252.SZ,20191018,0.704,0.7,0.739,0.68,0.717,0.013,1.8466,1888.0,133.113
150265.SZ,20191018,1.075,1.033,1.073,1.033,1.073,-0.002,-0.186,2.02,0.216
150266.SZ,20191018,0.888,0.89,0.899,0.86,0.871,-0.017,-1.9144,426.44,37.931
150274.SZ,20191018,1.124,1.093,1.123,1.093,1.12,-0.004,-0.3559,18.69,2.076
159943.SZ,20191018,10.441,10.489,10.498,10.286,10.349,-0.092,-0.8811,216.54,224.687
150262.SZ,20191018,1.185,1.186,1.22,1.185,1.206,0.021,1.7722,7230.09,875.234
510560.SH,20191018,1.079,1.076,1.076,1.076,1.076,-0.003,-0.278,14.63,1.574
166105.SZ,20191018,1.02,0.937,1.102,0.937,1.094,0.074,7.2549,69.0,7.518
502013.SH,20191018,1.108,1.108,1.114,1.09,1.096,-0.012,-1.083,7917.36,872.288
502014.SH,20191018,1.028,1.027,1.028,1.027,1.028,0.0,0.0,6980.16,717.407
502015.SH,20191018,1.198,1.173,1.217,1.173,1.18,-0.018,-1.5025,338.0,39.967
150275.SZ,20191018,1.014,1.013,1.014,1.013,1.014,0.0,0.0,900.31,91.291
150276.SZ,20191018,1.132,1.147,1.147,1.088,1.117,-0.015,-1.3251,996.75,110.32
150269.SZ,20191018,0.992,0.992,0.993,0.992,0.993,0.001,0.1008,6399.19,634.999
150270.SZ,20191018,1.105,1.098,1.098,1.069,1.072,-0.033,-2.9864,72488.5,7855.302
150259.SZ,20191018,0.993,0.997,0.997,0.997,0.997,0.004,0.4028,14.0,1.395
150260.SZ,20191018,0.865,0.823,0.835,0.823,0.835,-0.03,-3.4682,28.76,2.378
150257.SZ,20191018,0.992,0.997,0.997,0.996,0.996,0.004,0.4032,192.0,19.13
150258.SZ,20191018,1.352,1.4,1.428,1.396,1.396,0.044,3.2544,428.0,60.45
150277.SZ,20191018,0.983,0.985,0.986,0.985,0.986,0.003,0.3052,1310.0,129.091
150278.SZ,20191018,0.705,0.73,0.73,0.672,0.727,0.022,3.1206,296.5,20.202
159941.SZ,20191018,1.781,1.786,1.786,1.777,1.777,-0.004,-0.2246,1110.0,197.544
150271.SZ,20191018,1.039,1.039,1.05,1.039,1.046,0.007,0.6737,277.97,29.023
150272.SZ,20191018,1.466,1.498,1.498,1.442,1.442,-0.024,-1.6371,92.0,13.438
150264.SZ,20191018,0.729,0.672,0.775,0.67,0.67,-0.059,-8.0933,19.13,1.304
150268.SZ,20191018,1.141,1.152,1.152,1.152,1.152,0.011,0.9641,95.0,10.944
160806.SZ,20191018,1.368,1.355,1.355,1.355,1.355,-0.013,-0.9503,1.0,0.135
150293.SZ,20191018,1.039,1.04,1.04,1.04,1.04,0.001,0.0962,91.43,9.508
150294.SZ,20191018,0.508,0.457,0.488,0.457,0.486,-0.022,-4.3307,95.0,4.347
150243.SZ,20191018,1.019,1.019,1.019,1.019,1.019,0.0,0.0,56.0,5.706
150244.SZ,20191018,1.217,1.206,1.24,1.204,1.21,-0.007,-0.5752,1710.28,207.255
150296.SZ,20191018,0.935,0.996,0.996,0.86,0.91,-0.025,-2.6738,622.53,60.537
150287.SZ,20191018,1.039,1.04,1.04,1.039,1.039,0.0,0.0,204.0,21.196
150288.SZ,20191018,0.683,0.685,0.687,0.67,0.676,-0.007,-1.0249,13015.6,881.18
150289.SZ,20191018,1.04,1.038,1.04,1.038,1.04,0.0,0.0,11190.22,1162.746
150290.SZ,20191018,0.722,0.722,0.73,0.7,0.7,-0.022,-3.0471,27766.0,1980.761
150301.SZ,20191018,1.038,1.038,1.039,1.038,1.039,0.001,0.0963,3788.49,393.591
150302.SZ,20191018,0.888,0.835,0.883,0.835,0.84,-0.048,-5.4054,1495.0,127.906
150299.SZ,20191018,1.043,1.043,1.044,1.042,1.043,0.0,0.0,11124.0,1161.15
150300.SZ,20191018,0.789,0.791,0.805,0.763,0.764,-0.025,-3.1686,29254.0,2269.509
150316.SZ,20191018,1.553,1.501,1.501,1.49,1.501,-0.052,-3.3484,76.0,11.352
150291.SZ,20191018,1.04,1.042,1.042,1.042,1.042,0.002,0.1923,50.0,5.21
150292.SZ,20191018,0.815,0.809,0.828,0.806,0.825,0.01,1.227,466.0,38.37
150238.SZ,20191018,0.649,0.584,0.584,0.584,0.584,-0.065,-10.0154,10.0,0.584
150245.SZ,20191018,1.06,1.06,1.06,1.06,1.06,0.0,0.0,80.96,8.581
150246.SZ,20191018,0.975,0.958,0.997,0.932,0.961,-0.014,-1.4359,338.0,31.946
150283.SZ,20191018,0.992,0.992,0.993,0.992,0.992,0.0,0.0,479.0,47.547
150284.SZ,20191018,0.841,0.86,0.86,0.85,0.85,0.009,1.0702,547.07,46.974
150308.SZ,20191018,1.791,1.613,1.789,1.613,1.789,-0.002,-0.1117,3.26,0.543
502006.SH,20191018,1.004,1.001,1.005,0.99,0.99,-0.014,-1.3944,518.07,51.814
502007.SH,20191018,1.027,1.025,1.026,1.025,1.026,-0.001,-0.0974,615.78,63.137
502008.SH,20191018,0.98,0.992,0.992,0.963,0.963,-0.017,-1.7347,921.69,89.11
150321.SZ,20191018,1.067,1.063,1.067,1.063,1.067,0.0,0.0,15.0,1.6
150322.SZ,20191018,0.846,0.84,0.84,0.819,0.82,-0.026,-3.0733,116.94,9.687
150312.SZ,20191018,1.477,1.408,1.408,1.398,1.398,-0.079,-5.3487,10.23,1.44
501001.SH,20191018,1.073,1.073,1.073,1.07,1.07,-0.003,-0.2796,3434.79,368.053
512330.SH,20191018,0.887,0.888,0.891,0.865,0.871,-0.016,-1.8038,61396.0,5371.062
159945.SZ,20191018,0.635,0.636,0.642,0.629,0.642,0.007,1.1024,374.0,23.666
159944.SZ,20191018,0.696,0.71,0.71,0.71,0.71,0.014,2.0115,2.0,0.142
150297.SZ,20191018,1.041,1.05,1.05,1.049,1.05,0.009,0.8646,45.92,4.821
502036.SH,20191018,0.912,0.957,0.957,0.912,0.912,0.0,0.0,67.0,6.18
502037.SH,20191018,1.037,1.037,1.037,1.037,1.037,0.0,0.0,4467.25,463.254
150327.SZ,20191018,1.033,1.035,1.035,1.035,1.035,0.002,0.1936,4000.0,414.0
150325.SZ,20191018,1.035,1.035,1.035,1.035,1.035,0.0,0.0,101.55,10.51
150323.SZ,20191018,1.034,1.037,1.037,1.037,1.037,0.003,0.2901,910.0,94.367
