ts_code,trade_date,pre_close,open,high,low,close,change,pct_chg,vol,amount
150304.SZ,20191024,1.074,1.071,1.079,1.065,1.079,0.005,0.4655,2186.47,234.23
502055.SH,20191024,0.905,0.85,0.92,0.85,0.882,-0.023,-2.5414,2030.48,180.412
501021.SH,20191024,1.397,1.407,1.408,1.395,1.4,0.003,0.2147,1413.0,197.811
150300.SZ,20191024,0.773,0.775,0.8,0.775,0.792,0.019,2.458,26660.42,2109.099
150302.SZ,20191024,0.82,0.839,0.839,0.814,0.814,-0.006,-0.7317,841.2,68.566
150299.SZ,20191024,1.045,1.045,1.048,1.045,1.046,0.001,0.0957,21260.0,2223.528
150316.SZ,20191024,1.49,1.46,1.522,1.46,1.522,0.032,2.1477,11.04,1.673
150291.SZ,20191024,1.042,1.042,1.043,1.042,1.043,0.001,0.096,13590.16,1416.753
150292.SZ,20191024,0.808,0.823,0.823,0.814,0.814,0.006,0.7426,7727.0,632.277
150238.SZ,20191024,0.476,0.524,0.524,0.432,0.479,0.003,0.6303,54.0,2.573
150246.SZ,20191024,0.931,0.923,0.946,0.917,0.927,-0.004,-0.4296,619.0,56.98
150283.SZ,20191024,0.994,0.992,0.992,0.992,0.992,-0.002,-0.2012,0.03,0.002
150284.SZ,20191024,0.859,0.821,0.859,0.821,0.859,0.0,0.0,1.03,0.088
502006.SH,20191024,0.991,0.99,0.992,0.987,0.992,0.001,0.1009,1019.0,100.58
150309.SZ,20191024,1.016,1.024,1.024,1.024,1.024,0.008,0.7874,5.0,0.512
150310.SZ,20191024,1.377,1.369,1.382,1.369,1.382,0.005,0.3631,6.33,0.867
150322.SZ,20191024,0.829,0.801,0.804,0.801,0.804,-0.025,-3.0157,28.0,2.244
501001.SH,20191024,1.067,1.046,1.046,1.04,1.044,-0.023,-2.1556,2092.0,217.592
159945.SZ,20191024,0.62,0.619,0.62,0.615,0.617,-0.003,-0.4839,190.0,11.718
159944.SZ,20191024,0.691,0.708,0.708,0.702,0.707,0.016,2.3155,98.01,6.91
502038.SH,20191024,0.779,0.701,0.703,0.701,0.703,-0.076,-9.7561,18.75,1.316
150328.SZ,20191024,0.555,0.5,0.56,0.5,0.56,0.005,0.9009,357.98,17.922
502010.SH,20191024,1.037,1.028,1.046,1.028,1.044,0.007,0.675,10228.66,1056.896
502012.SH,20191024,1.067,1.065,1.084,1.064,1.072,0.005,0.4686,17972.5,1929.147
502011.SH,20191024,0.995,0.995,0.996,0.994,0.995,0.0,0.0,24025.5,2391.672
502003.SH,20191024,1.208,1.169,1.171,1.169,1.17,-0.038,-3.1457,1033.0,120.86
502005.SH,20191024,1.344,1.345,1.348,1.311,1.348,0.004,0.2976,1168.1,154.947
168101.SZ,20191024,1.046,1.049,1.05,1.045,1.048,0.002,0.1912,8044.0,842.824
502023.SH,20191024,0.725,0.72,0.72,0.72,0.72,-0.005,-0.6897,550.0,39.6
502024.SH,20191024,0.985,0.985,0.985,0.985,0.985,0.0,0.0,808.5,79.637
502025.SH,20191024,0.509,0.475,0.489,0.458,0.489,-0.02,-3.9293,365.0,16.904
150330.SZ,20191024,1.799,1.803,1.818,1.778,1.8,0.001,0.0556,2046.0,367.712
184801.SZ,20191024,95.29,95.128,95.35,95.128,95.248,-0.042,-0.0441,250.0,2381.171
502040.SH,20191024,1.358,1.283,1.283,1.283,1.283,-0.075,-5.5228,106.0,13.6
502056.SH,20191024,1.202,1.191,1.198,1.187,1.198,-0.004,-0.3328,138.0,16.399
502057.SH,20191024,1.054,1.054,1.054,1.054,1.054,0.0,0.0,10.0,1.054
502058.SH,20191024,1.318,1.286,1.286,1.286,1.286,-0.032,-2.4279,77.0,9.902
511830.SH,20191024,99.995,100.014,100.02,100.014,100.019,0.024,0.024,402.63,4027.092
150344.SZ,20191024,1.279,1.151,1.151,1.151,1.151,-0.128,-10.0078,21.0,2.417
510360.SH,20191024,1.27,1.273,1.276,1.262,1.268,-0.002,-0.1575,402124.0,51030.024
502053.SH,20191024,0.966,0.931,0.99,0.931,0.989,0.023,2.381,62.55,6.044
161226.SZ,20191024,0.896,0.894,0.895,0.89,0.893,-0.003,-0.3348,78024.97,6966.765
511980.SH,20191024,99.996,99.993,99.995,99.993,99.995,-0.001,-0.001,189.07,1890.574
511930.SH,20191024,99.993,99.992,99.993,99.982,99.993,0.0,0.0,16.09,160.887
501005.SH,20191024,0.998,0.991,1.004,0.983,0.993,-0.005,-0.501,1476.0,146.482
169103.SZ,20191024,1.219,1.219,1.221,1.219,1.221,0.002,0.1641,361.0,44.029
511820.SH,20191024,99.996,99.991,99.991,99.99,99.99,-0.006,-0.006,28.05,280.473
168102.SZ,20191024,0.911,0.911,0.914,0.903,0.912,0.001,0.1098,76479.75,6970.554
163005.SZ,20191024,1.067,0.96,0.96,0.96,0.96,-0.107,-10.0281,16.0,1.536
501015.SH,20191024,0.83,0.829,0.829,0.82,0.823,-0.007,-0.8434,5342.14,438.459
162415.SZ,20191024,1.653,1.654,1.654,1.653,1.653,0.0,0.0,41.0,6.78
511920.SH,20191024,99.972,99.974,100.0,99.974,100.0,0.028,0.028,0.22,2.2
159948.SZ,20191024,1.73,1.725,1.737,1.716,1.731,0.001,0.0578,10765.7,1859.599
161232.SZ,20191024,0.726,0.716,0.716,0.716,0.716,-0.01,-1.3774,4999.24,357.945
165528.SZ,20191024,0.916,0.907,0.907,0.905,0.906,-0.01,-1.0917,518.72,47.014
501017.SH,20191024,0.862,0.849,0.85,0.849,0.85,-0.012,-1.3921,1000.0,84.98
160519.SZ,20191024,1.119,1.106,1.119,1.106,1.119,0.0,0.0,347.0,38.777
161727.SZ,20191024,1.145,1.103,1.103,1.102,1.102,-0.043,-3.7555,590.0,65.034
501018.SH,20191024,1.055,1.072,1.075,1.069,1.074,0.019,1.8009,85243.35,9140.254
159949.SZ,20191024,0.578,0.578,0.581,0.574,0.579,0.001,0.173,2331342.19,134790.306
511850.SH,20191024,99.998,99.998,99.998,99.994,99.997,-0.001,-0.001,10352.32,103519.123
169104.SZ,20191024,1.327,1.317,1.317,1.317,1.317,-0.01,-0.7536,103.0,13.565
512660.SH,20191024,0.74,0.74,0.742,0.732,0.741,0.001,0.1351,840000.0,61923.709
511910.SH,20191024,99.96,99.961,99.961,99.961,99.961,0.001,0.001,5.0,49.981
512880.SH,20191024,0.919,0.921,0.932,0.918,0.925,0.006,0.6529,4419695.54,408825.284
161834.SZ,20191024,0.797,0.797,0.802,0.797,0.798,0.001,0.1255,8705.91,697.088
168103.SZ,20191024,0.839,0.837,0.84,0.835,0.838,-0.001,-0.1192,99283.3,8310.062
168105.SZ,20191024,0.864,0.858,0.867,0.858,0.864,0.0,0.0,20139.9,1740.925
162717.SZ,20191024,1.052,1.039,1.039,1.039,1.039,-0.013,-1.2357,24.0,2.493
164703.SZ,20191024,0.888,0.88,0.88,0.88,0.88,-0.008,-0.9009,15.27,1.343
501029.SH,20191024,0.932,0.932,0.933,0.927,0.932,0.0,0.0,53641.0,4989.004
511650.SH,20191024,99.992,99.991,99.993,99.991,99.992,0.0,0.0,232.17,2321.517
162718.SZ,20191024,0.961,0.96,0.96,0.96,0.96,-0.001,-0.1041,800.26,76.824
162719.SZ,20191024,0.879,0.885,0.896,0.885,0.895,0.016,1.8203,283.0,25.252
512400.SH,20191024,0.621,0.621,0.621,0.615,0.618,-0.003,-0.4831,79549.0,4916.518
160921.SZ,20191024,0.996,0.986,0.986,0.986,0.986,-0.01,-1.004,1.01,0.099
167501.SZ,20191024,1.126,1.126,1.127,1.125,1.127,0.001,0.0888,956.0,107.643
510580.SH,20191024,5.042,5.049,5.049,4.998,5.034,-0.008,-0.1587,106776.0,53614.661
161227.SZ,20191024,1.008,1.004,1.011,1.004,1.009,0.001,0.0992,632.64,63.772
511900.SH,20191024,99.992,99.991,99.994,99.99,99.994,0.002,0.002,1449.06,14489.457
161229.SZ,20191024,1.229,1.2,1.2,1.2,1.2,-0.029,-2.3596,10.0,1.2
161033.SZ,20191024,1.058,1.055,1.057,1.041,1.056,-0.002,-0.189,2947.0,309.827
160518.SZ,20191024,1.097,1.097,1.097,1.083,1.091,-0.006,-0.5469,522.09,56.548
167001.SZ,20191024,0.745,0.735,0.735,0.735,0.735,-0.01,-1.3423,22.0,1.617
160225.SZ,20191024,0.756,0.756,0.756,0.745,0.751,-0.005,-0.6614,2675.0,199.735
512810.SH,20191024,0.713,0.705,0.716,0.705,0.713,0.0,0.0,7003.0,496.328
510810.SH,20191024,0.916,0.916,0.918,0.913,0.918,0.002,0.2183,353733.3,32400.122
160635.SZ,20191024,1.037,1.031,1.036,1.023,1.025,-0.012,-1.1572,776.0,79.647
164403.SZ,20191024,1.232,1.229,1.248,1.229,1.248,0.016,1.2987,130.0,16.034
169105.SZ,20191024,1.389,1.39,1.393,1.388,1.391,0.002,0.144,11431.0,1588.99
512680.SH,20191024,0.753,0.747,0.749,0.741,0.746,-0.007,-0.9296,61155.0,4548.797
512000.SH,20191024,0.875,0.876,0.886,0.873,0.88,0.005,0.5714,1892891.73,166456.984
165525.SZ,20191024,0.738,0.736,0.736,0.73,0.736,-0.002,-0.271,3563.21,261.102
501026.SH,20191024,0.84,0.824,0.824,0.824,0.824,-0.016,-1.9048,10.0,0.824
167002.SZ,20191024,1.056,1.023,1.023,1.023,1.023,-0.033,-3.125,1.0,0.102
511660.SH,20191024,100.005,99.997,100.0,99.995,99.997,-0.008,-0.008,70077.12,700755.718
512100.SH,20191024,0.669,0.669,0.67,0.663,0.668,-0.001,-0.1495,140124.0,9342.157
501022.SH,20191024,0.993,1.002,1.024,0.903,0.971,-0.022,-2.2155,743.14,74.655
501023.SH,20191024,1.036,1.059,1.059,1.027,1.027,-0.009,-0.8687,154.0,16.161
511600.SH,20191024,99.998,99.998,100.01,99.996,100.01,0.012,0.012,351.68,3516.895
511690.SH,20191024,99.996,99.995,99.999,99.995,99.997,0.001,0.001,6184.71,61845.036
511700.SH,20191024,100.004,99.998,100.004,99.998,100.003,-0.001,-0.001,441.27,4412.788
501050.SH,20191024,1.311,1.314,1.314,1.306,1.313,0.002,0.1526,14247.0,1866.426
160223.SZ,20191024,0.787,0.788,0.792,0.785,0.789,0.002,0.2541,597.08,47.103
501025.SH,20191024,1.057,1.066,1.073,1.066,1.072,0.015,1.4191,217.0,23.256
161124.SZ,20191024,1.102,1.063,1.063,1.063,1.063,-0.039,-3.539,1.0,0.106
501028.SH,20191024,0.93,0.96,0.96,0.917,0.921,-0.009,-0.9677,697.13,64.311
160922.SZ,20191024,0.982,0.982,0.982,0.982,0.982,0.0,0.0,20.09,1.972
501300.SH,20191024,1.071,1.071,1.072,1.071,1.071,0.0,0.0,8840.0,946.791
161126.SZ,20191024,1.3,1.301,1.307,1.301,1.307,0.007,0.5385,115.0,15.009
161125.SZ,20191024,1.352,1.336,1.347,1.336,1.343,-0.009,-0.6657,165.0,22.158
168301.SZ,20191024,1.059,1.069,1.069,1.067,1.067,0.008,0.7554,34.13,3.648
160323.SZ,20191024,1.005,1.004,1.005,1.004,1.005,0.0,0.0,193.97,19.487
161127.SZ,20191024,1.215,1.215,1.221,1.215,1.221,0.006,0.4938,541.0,65.887
161128.SZ,20191024,1.673,1.652,1.679,1.652,1.676,0.003,0.1793,96.0,16.073
161129.SZ,20191024,1.052,1.065,1.072,1.065,1.071,0.019,1.8061,13616.27,1453.318
501007.SH,20191024,0.981,0.985,0.986,0.985,0.986,0.005,0.5097,60.0,5.914
501011.SH,20191024,0.793,0.782,0.782,0.776,0.782,-0.011,-1.3871,650.01,50.594
501012.SH,20191024,0.773,0.77,0.77,0.77,0.77,-0.003,-0.3881,18.0,1.386
501009.SH,20191024,1.33,1.33,1.33,1.301,1.301,-0.029,-2.1805,294.0,38.54
501030.SH,20191024,0.577,0.57,0.573,0.569,0.573,-0.004,-0.6932,681.22,38.812
501031.SH,20191024,0.579,0.566,0.566,0.56,0.56,-0.019,-3.2815,151.0,8.464
159932.SZ,20191024,1.369,1.364,1.366,1.364,1.366,-0.003,-0.2191,29.54,4.03
512010.SH,20191024,1.819,1.817,1.827,1.793,1.806,-0.013,-0.7147,222990.52,40196.048
159933.SZ,20191024,2.178,2.125,2.2,2.124,2.19,0.012,0.551,28.0,5.969
159934.SZ,20191024,3.344,3.343,3.348,3.336,3.337,-0.007,-0.2093,893576.32,298460.749
150157.SZ,20191024,1.025,1.026,1.028,1.026,1.026,0.001,0.0976,323.0,33.168
150158.SZ,20191024,1.103,1.099,1.119,1.098,1.115,0.012,1.0879,2946.0,327.041
512120.SH,20191024,1.539,1.53,1.536,1.524,1.531,-0.008,-0.5198,2490.0,380.852
150167.SZ,20191024,1.025,1.025,1.025,1.025,1.025,0.0,0.0,1.0,0.102
164705.SZ,20191024,1.169,1.179,1.179,1.175,1.176,0.007,0.5988,303.71,35.717
150170.SZ,20191024,1.322,1.282,1.325,1.282,1.324,0.002,0.1513,60.0,7.79
160812.SZ,20191024,1.468,1.471,1.474,1.457,1.47,0.002,0.1362,2754.18,405.258
150165.SZ,20191024,1.101,1.08,1.08,1.08,1.08,-0.021,-1.9074,100.0,10.8
150185.SZ,20191024,1.039,1.038,1.046,1.02,1.036,-0.003,-0.2887,1021.63,105.135
150176.SZ,20191024,0.928,0.93,0.937,0.926,0.935,0.007,0.7543,41829.34,3903.665
150171.SZ,20191024,1.008,1.007,1.009,1.007,1.008,0.0,0.0,8275.6,834.676
150172.SZ,20191024,1.094,1.089,1.118,1.089,1.106,0.012,1.0969,137688.25,15189.917
161831.SZ,20191024,0.976,0.982,0.988,0.981,0.981,0.005,0.5123,950.48,93.342
150175.SZ,20191024,1.033,1.032,1.034,1.032,1.034,0.001,0.0968,23526.0,2431.295
150177.SZ,20191024,1.014,1.014,1.014,1.014,1.014,0.0,0.0,851.0,86.291
150178.SZ,20191024,1.361,1.367,1.369,1.356,1.36,-0.001,-0.0735,354.37,48.231
150179.SZ,20191024,1.015,1.013,1.015,1.013,1.015,0.0,0.0,1130.0,114.585
150180.SZ,20191024,1.32,1.315,1.321,1.3,1.321,0.001,0.0758,223.38,29.354
150164.SZ,20191024,1.018,1.017,1.018,1.017,1.018,0.0,0.0,213.23,21.705
160918.SZ,20191024,1.959,1.96,1.96,1.94,1.943,-0.016,-0.8167,1476.0,287.894
150184.SZ,20191024,1.016,1.0,1.015,0.996,1.015,-0.001,-0.0984,628.22,62.575
159936.SZ,20191024,1.317,1.298,1.314,1.298,1.311,-0.006,-0.4556,283.0,37.093
512600.SH,20191024,2.917,2.905,2.905,2.871,2.88,-0.037,-1.2684,1368.0,393.047
512610.SH,20191024,1.47,1.536,1.536,1.443,1.469,-0.001,-0.068,98.0,14.504
512640.SH,20191024,2.005,1.989,1.989,1.989,1.989,-0.016,-0.798,3.0,0.597
512070.SH,20191024,2.235,2.239,2.257,2.231,2.242,0.007,0.3132,13563.0,3040.418
161908.SZ,20191024,1.089,1.01,1.01,1.01,1.01,-0.079,-7.2544,383.56,38.739
512220.SH,20191024,1.272,1.265,1.271,1.254,1.271,-0.001,-0.0786,104.0,13.099
150186.SZ,20191024,0.989,0.989,0.989,0.989,0.989,0.0,0.0,1829.17,180.904
150187.SZ,20191024,1.035,1.036,1.036,1.01,1.021,-0.014,-1.3527,2044.72,209.162
160133.SZ,20191024,2.746,2.747,2.747,2.719,2.725,-0.021,-0.7647,2076.52,566.239
150188.SZ,20191024,1.033,1.032,1.033,1.032,1.033,0.0,0.0,15.35,1.585
150189.SZ,20191024,0.612,0.615,0.615,0.615,0.615,0.003,0.4902,2.3,0.141
513030.SH,20191024,1.078,1.08,1.091,1.08,1.09,0.012,1.1132,8470.0,921.793
159937.SZ,20191024,3.37,3.37,3.371,3.364,3.365,-0.005,-0.1484,832771.74,280350.489
150191.SZ,20191024,1.137,1.172,1.172,1.102,1.167,0.03,2.6385,2.34,0.271
163827.SZ,20191024,1.101,1.1,1.1,1.1,1.1,-0.001,-0.0908,11.0,1.21
150194.SZ,20191024,1.017,1.017,1.018,1.017,1.018,0.001,0.0983,12149.0,1236.766
150195.SZ,20191024,0.941,0.938,0.944,0.919,0.936,-0.005,-0.5313,99731.72,9300.39
160813.SZ,20191024,0.779,0.772,0.782,0.772,0.779,0.0,0.0,1036.0,80.127
169102.SZ,20191024,1.093,1.089,1.093,1.085,1.093,0.0,0.0,2621.0,285.25
159940.SZ,20191024,1.023,1.03,1.032,1.026,1.031,0.008,0.782,3085.03,317.263
502050.SH,20191024,0.929,0.934,0.941,0.928,0.935,0.006,0.6459,21833.26,2037.641
166011.SZ,20191024,1.36,1.348,1.348,1.348,1.348,-0.012,-0.8824,4.0,0.539
169101.SZ,20191024,1.512,1.511,1.516,1.508,1.513,0.001,0.0661,15581.37,2354.093
150181.SZ,20191024,1.018,1.017,1.02,1.017,1.018,0.0,0.0,12662.38,1290.413
150182.SZ,20191024,1.222,1.223,1.227,1.214,1.221,-0.001,-0.0818,57778.36,7046.929
150193.SZ,20191024,1.095,1.097,1.125,1.071,1.108,0.013,1.1872,753.0,80.837
150198.SZ,20191024,1.027,1.024,1.028,1.024,1.027,0.0,0.0,4411.0,453.062
161217.SZ,20191024,0.616,0.621,0.621,0.601,0.604,-0.012,-1.9481,103.0,6.232
165512.SZ,20191024,1.814,1.812,1.812,1.812,1.812,-0.002,-0.1103,2.0,0.362
160719.SZ,20191024,0.83,0.83,0.83,0.829,0.829,-0.001,-0.1205,3266.0,271.051
159915.SZ,20191024,1.589,1.59,1.6,1.581,1.593,0.004,0.2517,2457896.6,391136.57
159916.SZ,20191024,4.118,4.11,4.128,4.11,4.12,0.002,0.0486,568.0,234.019
159912.SZ,20191024,1.283,1.275,1.286,1.271,1.282,-0.001,-0.0779,3013.7,384.555
510290.SH,20191024,1.415,1.413,1.413,1.409,1.409,-0.006,-0.424,320.0,45.156
160125.SZ,20191024,1.074,1.061,1.074,1.061,1.069,-0.005,-0.4655,101.0,10.796
163208.SZ,20191024,0.755,0.757,0.761,0.757,0.761,0.006,0.7947,44.0,3.333
161017.SZ,20191024,1.621,1.624,1.625,1.61,1.613,-0.008,-0.4935,4465.0,720.793
162411.SZ,20191024,0.386,0.389,0.39,0.388,0.388,0.002,0.5181,1558201.84,60581.252
150048.SZ,20191024,1.388,1.373,1.524,1.37,1.524,0.136,9.7983,354.16,48.626
150053.SZ,20191024,1.028,1.028,1.028,1.028,1.028,0.0,0.0,1735.0,178.358
150064.SZ,20191024,1.02,1.021,1.021,1.021,1.021,0.001,0.098,1.0,0.102
150199.SZ,20191024,1.097,1.096,1.096,1.05,1.058,-0.039,-3.5552,32351.0,3426.683
512300.SH,20191024,1.129,1.129,1.129,1.111,1.114,-0.015,-1.3286,20745.0,2316.61
511220.SH,20191024,97.53,97.529,97.529,97.361,97.491,-0.039,-0.04,220.0,2144.189
150200.SZ,20191024,1.018,1.018,1.019,1.017,1.018,0.0,0.0,67049.0,6822.77
150201.SZ,20191024,1.113,1.112,1.132,1.108,1.124,0.011,0.9883,1565336.43,175390.187
150205.SZ,20191024,1.02,1.02,1.021,1.02,1.021,0.001,0.098,116666.0,11904.086
150206.SZ,20191024,0.513,0.518,0.52,0.506,0.52,0.007,1.3645,657383.3,33746.304
159938.SZ,20191024,1.348,1.35,1.35,1.33,1.339,-0.009,-0.6677,126302.0,16880.255
150208.SZ,20191024,1.6,1.758,1.758,1.758,1.758,0.158,9.875,1.0,0.175
150173.SZ,20191024,1.015,1.016,1.016,1.016,1.016,0.001,0.0985,16957.98,1722.93
150174.SZ,20191024,1.26,1.165,1.277,1.165,1.275,0.015,1.1905,145.81,17.018
511810.SH,20191024,99.993,99.992,99.994,99.992,99.993,0.0,0.0,45494.15,454909.562
511860.SH,20191024,99.994,99.98,99.999,99.98,99.996,0.002,0.002,332.35,3323.405
150204.SZ,20191024,0.818,0.848,0.848,0.82,0.82,0.002,0.2445,53.88,4.475
511800.SH,20191024,99.999,99.996,100.012,99.996,100.007,0.008,0.008,630.32,6303.429
160618.SZ,20191024,1.321,1.321,1.322,1.32,1.322,0.001,0.0757,2512.41,331.975
513660.SH,20191024,2.567,2.57,2.578,2.568,2.578,0.011,0.4285,1240.0,318.935
513600.SH,20191024,2.569,2.56,2.58,2.56,2.574,0.005,0.1946,4195.0,1080.137
159005.SZ,20191024,99.999,100.0,100.001,99.999,100.001,0.002,0.002,117.04,1170.396
159939.SZ,20191024,1.052,1.052,1.053,1.036,1.048,-0.004,-0.3802,327551.0,34217.112
160919.SZ,20191024,1.331,1.33,1.33,1.321,1.33,-0.001,-0.0751,240.0,31.803
512990.SH,20191024,1.176,1.174,1.183,1.172,1.177,0.001,0.085,172009.0,20243.097
150215.SZ,20191024,1.052,1.087,1.087,1.087,1.087,0.035,3.327,1.0,0.108
150216.SZ,20191024,0.923,0.926,0.966,0.926,0.935,0.012,1.3001,88.02,8.47
161716.SZ,20191024,1.271,1.27,1.271,1.27,1.271,0.0,0.0,4938.99,627.441
150211.SZ,20191024,1.027,1.028,1.029,1.027,1.029,0.002,0.1947,10185.11,1047.02
150212.SZ,20191024,0.868,0.86,0.88,0.858,0.861,-0.007,-0.8065,500.56,43.473
150223.SZ,20191024,1.04,1.039,1.041,1.039,1.04,0.0,0.0,69532.3,7229.186
150224.SZ,20191024,0.831,0.825,0.843,0.825,0.839,0.008,0.9627,316545.34,26442.282
161224.SZ,20191024,1.016,1.05,1.05,0.999,1.025,0.009,0.8858,195.0,19.519
150196.SZ,20191024,1.038,1.038,1.039,1.038,1.038,0.0,0.0,29776.22,3091.682
150197.SZ,20191024,0.444,0.443,0.446,0.434,0.438,-0.006,-1.3514,554980.45,24357.53
150221.SZ,20191024,1.064,1.063,1.064,1.063,1.064,0.0,0.0,9691.72,1030.252
150222.SZ,20191024,0.905,0.904,0.907,0.894,0.907,0.002,0.221,10562.34,950.416
512310.SH,20191024,0.469,0.469,0.47,0.467,0.47,0.001,0.2132,1472.0,68.951
502048.SH,20191024,0.975,0.979,0.994,0.97,0.992,0.017,1.7436,255.31,24.999
502049.SH,20191024,1.011,1.011,1.012,1.011,1.012,0.001,0.0989,15743.0,1593.191
512340.SH,20191024,0.7,0.698,0.699,0.696,0.699,-0.001,-0.1429,910.0,63.47
150060.SZ,20191024,0.72,0.738,0.738,0.72,0.735,0.015,2.0833,115.0,8.44
165513.SZ,20191024,0.396,0.398,0.401,0.398,0.399,0.003,0.7576,2776.86,110.924
150051.SZ,20191024,1.028,1.025,1.029,1.025,1.029,0.001,0.0973,249.52,25.579
150050.SZ,20191024,1.491,1.511,1.511,1.431,1.48,-0.011,-0.7378,23.09,3.409
161019.SZ,20191024,1.076,1.075,1.075,1.075,1.075,-0.001,-0.0929,115.0,12.362
510500.SH,20191024,5.368,5.365,5.373,5.322,5.358,-0.01,-0.1863,1782781.26,953977.625
161706.SZ,20191024,1.876,1.872,1.874,1.844,1.868,-0.008,-0.4264,1800.0,336.901
163503.SZ,20191024,0.444,0.442,0.445,0.442,0.442,-0.002,-0.4505,1184.0,52.403
163819.SZ,20191024,1.073,1.07,1.07,1.07,1.07,-0.003,-0.2796,253.0,27.071
150049.SZ,20191024,1.008,1.008,1.008,1.008,1.008,0.0,0.0,453.44,45.706
159918.SZ,20191024,1.401,1.401,1.537,1.373,1.378,-0.023,-1.6417,294.0,41.54
160416.SZ,20191024,0.984,0.988,0.999,0.988,0.996,0.012,1.2195,5834.08,580.868
163412.SZ,20191024,3.612,3.615,3.615,3.603,3.606,-0.006,-0.1661,1924.0,693.88
510410.SH,20191024,0.582,0.581,0.583,0.578,0.581,-0.001,-0.1718,11942.0,692.643
160216.SZ,20191024,0.45,0.456,0.459,0.456,0.457,0.007,1.5556,104752.27,4787.012
159919.SZ,20191024,3.929,3.92,3.95,3.91,3.934,0.005,0.1273,923708.01,363211.705
510300.SH,20191024,3.934,3.935,3.954,3.913,3.939,0.005,0.1271,2021671.06,795479.683
160128.SZ,20191024,1.041,1.04,1.045,1.033,1.034,-0.007,-0.6724,239.0,24.875
164810.SZ,20191024,1.021,1.021,1.021,1.021,1.021,0.0,0.0,58.0,5.921
150104.SZ,20191024,1.036,1.02,1.02,1.02,1.02,-0.016,-1.5444,21.0,2.142
150105.SZ,20191024,1.834,1.662,1.662,1.662,1.662,-0.172,-9.3784,20.0,3.324
159920.SZ,20191024,1.473,1.475,1.483,1.473,1.482,0.009,0.611,4379621.93,647709.294
510900.SH,20191024,1.201,1.203,1.21,1.202,1.208,0.007,0.5828,8882722.02,1072208.317
510430.SH,20191024,1.484,1.483,1.484,1.462,1.484,0.0,0.0,95.0,14.087
160916.SZ,20191024,2.576,2.578,2.597,2.572,2.575,-0.001,-0.0388,644.97,166.167
150092.SZ,20191024,1.014,1.012,1.012,1.012,1.012,-0.002,-0.1972,18.45,1.867
150093.SZ,20191024,0.673,0.606,0.61,0.606,0.61,-0.063,-9.3611,34.7,2.115
510440.SH,20191024,1.6,1.553,1.595,1.553,1.562,-0.038,-2.375,9.0,1.404
150095.SZ,20191024,0.969,0.973,0.973,0.973,0.973,0.004,0.4128,1.0,0.097
150100.SZ,20191024,1.013,1.014,1.014,1.014,1.014,0.001,0.0987,9469.0,960.156
150101.SZ,20191024,0.955,0.977,0.977,0.94,0.97,0.015,1.5707,253.0,23.941
166902.SZ,20191024,1.041,1.04,1.042,1.04,1.042,0.001,0.0961,149.0,15.502
150219.SZ,20191024,1.082,1.087,1.087,1.087,1.087,0.005,0.4621,265.01,28.806
150220.SZ,20191024,0.876,0.875,0.879,0.87,0.879,0.003,0.3425,3822.0,334.46
512500.SH,20191024,2.497,2.497,2.501,2.475,2.493,-0.004,-0.1602,965167.07,240301.675
150227.SZ,20191024,1.028,1.028,1.029,1.026,1.028,0.0,0.0,59289.75,6093.533
150228.SZ,20191024,0.96,0.966,0.995,0.963,0.982,0.022,2.2917,527237.0,51759.957
163415.SZ,20191024,2.021,2.021,2.021,1.998,2.007,-0.014,-0.6927,14752.68,2958.673
510330.SH,20191024,3.943,3.932,3.963,3.923,3.944,0.001,0.0254,903551.0,356326.0
159922.SZ,20191024,5.226,5.225,5.235,5.18,5.211,-0.015,-0.287,376431.0,195958.716
150117.SZ,20191024,1.041,1.04,1.041,1.038,1.041,0.0,0.0,3933.0,409.19
150118.SZ,20191024,1.027,1.033,1.039,1.023,1.037,0.01,0.9737,11366.32,1173.871
159923.SZ,20191024,1.745,1.736,1.749,1.736,1.746,0.001,0.0573,484.0,84.546
510310.SH,20191024,1.714,1.713,1.722,1.703,1.713,-0.001,-0.0583,520893.05,89140.757
511010.SH,20191024,118.151,118.17,118.195,118.085,118.167,0.016,0.0135,3572.55,42216.623
160212.SZ,20191024,2.31,2.302,2.335,2.288,2.3,-0.01,-0.4329,1262.66,290.139
510660.SH,20191024,1.931,1.89,1.89,1.846,1.85,-0.081,-4.1947,9689.0,1794.615
510650.SH,20191024,1.993,2.01,2.022,2.0,2.0,0.007,0.3512,1968.0,397.203
510630.SH,20191024,2.888,2.885,2.885,2.835,2.86,-0.028,-0.9695,4460.0,1270.858
159925.SZ,20191024,1.699,1.716,1.716,1.692,1.699,0.0,0.0,2895.87,491.535
163210.SZ,20191024,1.023,1.021,1.022,1.016,1.018,-0.005,-0.4888,5552.0,566.06
511990.SH,20191024,100.0,99.998,100.001,99.996,99.997,-0.003,-0.003,565133.48,5651289.164
150123.SZ,20191024,1.049,1.05,1.05,1.049,1.049,0.0,0.0,1250.0,131.23
150124.SZ,20191024,0.792,0.793,0.793,0.792,0.792,0.0,0.0,630.0,49.929
510510.SH,20191024,1.423,1.423,1.425,1.41,1.42,-0.003,-0.2108,256508.0,36376.503
511880.SH,20191024,102.161,102.167,102.175,102.166,102.169,0.008,0.0078,613566.24,6268864.627
159926.SZ,20191024,111.37,111.5,111.56,109.1,111.13,-0.24,-0.2155,13.0,144.354
159003.SZ,20191024,100.0,100.0,100.0,99.999,100.0,0.0,0.0,934.82,9348.139
166904.SZ,20191024,1.023,1.023,1.023,1.023,1.023,0.0,0.0,461.0,47.16
165313.SZ,20191024,1.575,1.563,1.57,1.555,1.57,-0.005,-0.3175,2195.0,342.683
159001.SZ,20191024,100.0,100.0,100.001,99.999,100.0,0.0,0.0,1809952.55,18099525.392
161911.SZ,20191024,1.017,1.016,1.017,1.015,1.017,0.0,0.0,8664.32,880.27
513100.SH,20191024,2.872,2.883,2.889,2.883,2.888,0.016,0.5571,99084.0,28586.132
518880.SH,20191024,3.371,3.367,3.369,3.363,3.364,-0.007,-0.2077,3526898.75,1187228.994
518800.SH,20191024,3.343,3.34,3.341,3.335,3.335,-0.008,-0.2393,605694.0,202244.507
159929.SZ,20191024,1.536,1.535,1.54,1.512,1.524,-0.012,-0.7813,21561.0,3282.854
159928.SZ,20191024,2.951,2.952,2.955,2.916,2.925,-0.026,-0.8811,75304.0,22066.834
513500.SH,20191024,1.968,1.978,1.978,1.97,1.977,0.009,0.4573,115826.72,22889.662
159935.SZ,20191024,1.383,1.38,1.384,1.371,1.384,0.001,0.0723,243.0,33.362
159930.SZ,20191024,0.683,0.684,0.686,0.682,0.684,0.001,0.1464,3289.0,224.98
159931.SZ,20191024,1.741,1.741,1.764,1.74,1.75,0.009,0.5169,1827.0,321.024
150149.SZ,20191024,0.675,0.677,0.677,0.663,0.667,-0.008,-1.1852,2002.0,133.663
160515.SZ,20191024,1.049,1.049,1.049,1.048,1.049,0.0,0.0,1931.0,202.543
150130.SZ,20191024,1.087,1.085,1.089,1.085,1.087,0.0,0.0,3540.0,385.143
150131.SZ,20191024,1.626,1.627,1.627,1.599,1.61,-0.016,-0.984,83692.78,13470.697
150152.SZ,20191024,1.032,1.031,1.032,1.031,1.031,-0.001,-0.0969,79583.21,8210.887
150153.SZ,20191024,1.152,1.153,1.16,1.136,1.157,0.005,0.434,755920.87,86849.37
160910.SZ,20191024,1.09,1.08,1.083,1.08,1.083,-0.007,-0.6422,52.0,5.616
160805.SZ,20191024,0.769,0.747,0.764,0.747,0.754,-0.015,-1.9506,45.71,3.449
512590.SH,20191024,0.992,0.985,0.991,0.966,0.987,-0.005,-0.504,161.0,15.696
512290.SH,20191024,1.176,1.171,1.18,1.163,1.17,-0.006,-0.5102,281570.0,32927.378
512750.SH,20191024,1.033,1.034,1.041,1.033,1.037,0.004,0.3872,157358.0,16312.774
159966.SZ,20191024,1.143,1.143,1.145,1.136,1.144,0.001,0.0875,140159.08,15984.621
159973.SZ,20191024,1.062,1.088,1.088,1.056,1.06,-0.002,-0.1883,146.0,15.553
159977.SZ,20191024,1.651,1.651,1.658,1.64,1.652,0.001,0.0606,181477.95,29981.306
160311.SZ,20191024,1.593,1.585,1.598,1.575,1.598,0.005,0.3139,371.0,58.84
161610.SZ,20191024,1.17,1.154,1.17,1.15,1.154,-0.016,-1.3675,1699.0,196.481
159961.SZ,20191024,1.376,1.378,1.382,1.371,1.377,0.001,0.0727,122.02,16.748
512260.SH,20191024,1.152,1.156,1.156,1.14,1.148,-0.004,-0.3472,132118.0,15139.744
501067.SH,20191024,1.245,1.257,1.257,1.257,1.257,0.012,0.9639,1.0,0.126
501068.SH,20191024,1.251,1.248,1.248,1.248,1.248,-0.003,-0.2398,2.0,0.25
512870.SH,20191024,1.166,1.164,1.169,1.161,1.166,0.0,0.0,23457.0,2732.669
510850.SH,20191024,2.995,2.988,3.014,2.985,2.998,0.003,0.1002,515151.7,154416.669
510550.SH,20191024,1.176,1.172,1.175,1.165,1.17,-0.006,-0.5102,3074.0,359.856
501069.SH,20191024,1.032,1.021,1.022,1.021,1.022,-0.01,-0.969,804.0,82.166
513680.SH,20191024,0.94,0.937,0.95,0.937,0.944,0.004,0.4255,241.0,22.843
512150.SH,20191024,1.263,1.268,1.27,1.26,1.262,-0.001,-0.0792,4351.0,549.604
512890.SH,20191024,1.141,1.141,1.145,1.138,1.143,0.002,0.1753,7143.0,815.016
159962.SZ,20191024,1.023,1.019,1.019,1.019,1.019,-0.004,-0.391,52.0,5.298
501064.SH,20191024,1.317,1.296,1.296,1.259,1.274,-0.043,-3.265,142.0,18.189
159963.SZ,20191024,0.973,0.976,0.981,0.976,0.977,0.004,0.4111,21207.73,2075.785
511020.SH,20191024,101.6,101.603,101.791,101.6,101.743,0.143,0.1407,5.0,50.858
512270.SH,20191024,0.989,0.99,0.99,0.985,0.989,0.0,0.0,22283.0,2198.979
511030.SH,20191024,101.699,101.696,101.696,101.402,101.402,-0.297,-0.292,2.0,20.31
159965.SZ,20191024,1.039,1.039,1.047,1.036,1.042,0.003,0.2887,23125.62,2404.779
501063.SH,20191024,0.99,0.986,0.99,0.985,0.99,0.0,0.0,4261.38,420.101
501070.SH,20191024,1.282,1.292,1.292,1.221,1.259,-0.023,-1.7941,5490.76,694.225
512380.SH,20191024,0.987,0.988,0.989,0.98,0.984,-0.003,-0.304,822828.0,80951.008
510890.SH,20191024,1.012,1.012,1.016,1.012,1.013,0.001,0.0988,74876.0,7592.481
510350.SH,20191024,3.859,3.85,3.882,3.844,3.866,0.007,0.1814,224710.2,86776.571
159964.SZ,20191024,0.983,0.973,0.99,0.973,0.987,0.004,0.4069,13250.17,1295.806
161912.SZ,20191024,0.992,0.962,0.994,0.961,0.985,-0.007,-0.7056,6991.57,689.207
501071.SH,20191024,1.072,1.074,1.077,1.067,1.074,0.002,0.1866,9716.05,1041.271
512690.SH,20191024,1.09,1.09,1.095,1.071,1.077,-0.013,-1.1927,181656.0,19569.261
166025.SZ,20191024,1.101,1.102,1.108,1.094,1.1,-0.001,-0.0908,8084.01,888.226
512910.SH,20191024,1.055,1.049,1.062,1.049,1.056,0.001,0.0948,162599.98,17159.791
501072.SH,20191024,1.007,0.974,1.005,0.974,1.005,-0.002,-0.1986,1.01,0.101
512760.SH,20191024,1.255,1.249,1.262,1.231,1.247,-0.008,-0.6375,1285120.0,160318.795
512170.SH,20191024,1.228,1.235,1.235,1.211,1.221,-0.007,-0.57,66134.0,8063.8
512480.SH,20191024,1.163,1.166,1.17,1.141,1.155,-0.008,-0.6879,157984.0,18216.766
159967.SZ,20191024,1.14,1.136,1.149,1.132,1.14,0.0,0.0,79105.0,9004.046
512790.SH,20191024,1.0,0.995,0.995,0.988,0.995,-0.005,-0.5,3178.0,314.905
159969.SZ,20191024,1.05,1.046,1.055,1.046,1.05,0.0,0.0,130439.25,13711.298
512930.SH,20191024,1.096,1.096,1.096,1.08,1.091,-0.005,-0.4562,15486.0,1685.064
159971.SZ,20191024,1.138,1.135,1.141,1.134,1.141,0.003,0.2636,601.0,68.455
161029.SZ,20191024,1.14,1.113,1.132,1.113,1.132,-0.008,-0.7018,218.17,24.416
512710.SH,20191024,0.994,0.993,0.993,0.982,0.989,-0.005,-0.503,1516152.0,149662.029
169301.SZ,20191024,0.991,0.99,1.021,0.99,1.021,0.03,3.0272,38.0,3.765
513880.SH,20191024,1.068,1.071,1.073,1.069,1.072,0.004,0.3745,11162.0,1195.585
513800.SH,20191024,1.082,1.082,1.085,1.081,1.083,0.001,0.0924,1696.0,183.538
513520.SH,20191024,1.089,1.091,1.091,1.085,1.089,0.0,0.0,5961.0,648.456
513000.SH,20191024,1.088,1.093,1.093,1.089,1.091,0.003,0.2757,9906.0,1080.576
512720.SH,20191024,1.092,1.089,1.092,1.074,1.09,-0.002,-0.1832,303932.0,32978.903
501075.SH,20191024,0.93,0.93,0.931,0.927,0.929,-0.001,-0.1075,4187.16,388.811
512670.SH,20191024,1.005,1.003,1.006,0.992,1.003,-0.002,-0.199,428397.91,42885.367
510100.SH,20191024,1.013,1.014,1.021,1.01,1.015,0.002,0.1974,182380.0,18555.791
501081.SH,20191024,0.959,0.959,0.962,0.957,0.959,0.0,0.0,7241.25,694.476
512190.SH,20191024,1.02,1.017,1.02,1.015,1.017,-0.003,-0.2941,13588.0,1380.662
515300.SH,20191024,1.011,1.013,1.02,1.012,1.013,0.002,0.1978,83720.55,8499.313
515000.SH,20191024,1.147,1.147,1.148,1.134,1.145,-0.002,-0.1744,2237963.0,255563.847
501086.SH,20191024,0.992,0.992,0.993,0.992,0.993,0.001,0.1008,5019.98,498.482
515880.SH,20191024,0.998,0.997,1.0,0.986,0.995,-0.003,-0.3006,720450.0,71598.506
512530.SH,20191024,0.983,0.983,0.992,0.983,0.985,0.002,0.2035,95002.0,9376.772
515050.SH,20191024,0.972,0.972,0.972,0.957,0.966,-0.006,-0.6173,1526033.0,147201.234
515860.SH,20191024,1.0,1.001,1.001,0.987,0.994,-0.006,-0.6,155612.0,15469.159
161118.SZ,20191024,0.968,0.968,0.97,0.964,0.968,0.0,0.0,20395.54,1972.953
160105.SZ,20191024,0.974,0.964,0.967,0.957,0.967,-0.007,-0.7187,314.65,30.181
160505.SZ,20191024,1.436,1.438,1.442,1.431,1.441,0.005,0.3482,14729.14,2119.689
510050.SH,20191024,3.0,3.004,3.023,2.993,3.008,0.008,0.2667,3803104.79,1143688.469
162703.SZ,20191024,1.672,1.682,1.682,1.66,1.678,0.006,0.3589,9639.65,1610.075
162605.SZ,20191024,1.714,1.717,1.718,1.697,1.705,-0.009,-0.5251,45638.9,7769.997
161607.SZ,20191024,1.153,1.161,1.161,1.159,1.159,0.006,0.5204,32.0,3.714
160106.SZ,20191024,1.04,1.026,1.038,1.026,1.038,-0.002,-0.1923,102.0,10.467
161903.SZ,20191024,1.12,1.12,1.12,1.096,1.109,-0.011,-0.9821,22671.77,2498.396
160706.SZ,20191024,1.118,1.119,1.123,1.115,1.12,0.002,0.1789,12574.41,1405.989
162607.SZ,20191024,0.544,0.545,0.545,0.54,0.544,0.0,0.0,1769.77,95.769
160211.SZ,20191024,2.301,2.295,2.296,2.272,2.286,-0.015,-0.6519,1296.0,296.388
165510.SZ,20191024,0.743,0.744,0.744,0.734,0.737,-0.006,-0.8075,540.0,39.734
510220.SH,20191024,3.929,3.92,3.92,3.917,3.92,-0.009,-0.2291,189.0,74.073
510120.SH,20191024,2.971,2.94,2.94,2.94,2.94,-0.031,-1.0434,3.0,0.882
159910.SZ,20191024,1.834,1.833,1.842,1.821,1.833,-0.001,-0.0545,3283.0,601.554
164701.SZ,20191024,0.707,0.707,0.707,0.707,0.707,0.0,0.0,1.0,0.07
150052.SZ,20191024,1.403,1.403,1.416,1.366,1.39,-0.013,-0.9266,60003.08,8340.314
163402.SZ,20191024,0.694,0.694,0.695,0.689,0.689,-0.005,-0.7205,150285.0,10397.838
163801.SZ,20191024,1.376,1.381,1.381,1.37,1.377,0.001,0.0727,113.0,15.588
163302.SZ,20191024,1.053,1.031,1.031,1.031,1.031,-0.022,-2.0893,41.0,4.227
161005.SZ,20191024,2.234,2.27,2.27,2.226,2.233,-0.001,-0.0448,9913.09,2216.871
159901.SZ,20191024,4.771,4.77,4.798,4.748,4.774,0.003,0.0629,229036.8,109459.74
510180.SH,20191024,3.516,3.517,3.538,3.5,3.515,-0.001,-0.0284,186073.0,65454.835
162207.SZ,20191024,1.427,1.408,1.408,1.408,1.408,-0.019,-1.3315,10.0,1.408
159902.SZ,20191024,2.98,2.975,2.992,2.96,2.982,0.002,0.0671,50605.0,15072.713
160607.SZ,20191024,0.76,0.748,0.759,0.748,0.759,-0.001,-0.1316,1066.0,80.815
510880.SH,20191024,2.802,2.798,2.813,2.794,2.807,0.005,0.1784,37125.06,10410.815
160610.SZ,20191024,1.0,0.996,1.0,0.995,1.0,0.0,0.0,103.83,10.333
166001.SZ,20191024,1.288,1.28,1.28,1.28,1.28,-0.008,-0.6211,16.0,2.048
160611.SZ,20191024,0.95,0.945,0.945,0.944,0.944,-0.006,-0.6316,45.0,4.249
160314.SZ,20191024,0.988,1.001,1.001,0.993,0.999,0.011,1.1134,850.61,84.963
161010.SZ,20191024,1.107,1.107,1.112,1.107,1.11,0.003,0.271,1841.0,204.359
161810.SZ,20191024,2.005,2.0,2.039,1.983,2.033,0.028,1.3965,27152.07,5450.827
510060.SH,20191024,1.865,1.865,1.868,1.841,1.863,-0.002,-0.1072,1014.82,187.396
160119.SZ,20191024,1.265,1.266,1.267,1.256,1.262,-0.003,-0.2372,13061.19,1646.581
510010.SH,20191024,1.162,1.152,1.161,1.151,1.159,-0.003,-0.2582,394.0,45.6
162307.SZ,20191024,1.189,1.158,1.199,1.158,1.199,0.01,0.841,150.0,17.78
165309.SZ,20191024,1.255,1.25,1.25,1.239,1.246,-0.009,-0.7171,74.0,9.212
162711.SZ,20191024,1.093,1.095,1.095,1.082,1.09,-0.003,-0.2745,148.41,16.15
150008.SZ,20191024,0.948,0.948,0.957,0.948,0.948,0.0,0.0,119.0,11.291
159903.SZ,20191024,1.052,1.052,1.055,1.048,1.054,0.002,0.1901,4697.51,493.845
166006.SZ,20191024,1.284,1.25,1.283,1.25,1.279,-0.005,-0.3894,109.0,13.96
510020.SH,20191024,2.841,2.839,2.84,2.836,2.84,-0.001,-0.0352,13.1,3.719
160716.SZ,20191024,1.595,1.61,1.61,1.592,1.603,0.008,0.5016,3715.0,594.952
160616.SZ,20191024,1.129,1.12,1.13,1.12,1.128,-0.001,-0.0886,130.0,14.627
510130.SH,20191024,3.81,3.776,3.776,3.776,3.776,-0.034,-0.8924,34.39,12.986
510030.SH,20191024,5.317,5.308,5.367,5.308,5.347,0.03,0.5642,889.0,475.288
510090.SH,20191024,1.849,1.825,1.825,1.825,1.825,-0.024,-1.298,1.0,0.183
150016.SZ,20191024,0.984,0.985,0.985,0.985,0.985,0.001,0.1016,705.37,69.478
150017.SZ,20191024,1.154,1.137,1.146,1.125,1.133,-0.021,-1.8198,1949.0,220.221
150012.SZ,20191024,1.008,1.008,1.008,1.008,1.008,0.0,0.0,1434.88,144.635
150013.SZ,20191024,1.067,1.059,1.078,1.059,1.078,0.011,1.0309,850.19,90.037
150018.SZ,20191024,1.023,1.023,1.023,1.021,1.022,-0.001,-0.0978,69674.86,7120.301
150019.SZ,20191024,0.941,0.941,0.951,0.934,0.945,0.004,0.4251,858752.08,80944.85
161713.SZ,20191024,1.019,1.006,1.019,1.006,1.019,0.0,0.0,623.23,63.502
165508.SZ,20191024,1.744,1.751,1.751,1.751,1.751,0.007,0.4014,1.0,0.175
160807.SZ,20191024,1.313,1.303,1.303,1.303,1.303,-0.01,-0.7616,79.0,10.293
510070.SH,20191024,1.722,1.757,1.757,1.697,1.698,-0.024,-1.3937,222.0,38.368
160215.SZ,20191024,1.466,1.459,1.469,1.459,1.469,0.003,0.2046,2064.0,301.748
510160.SH,20191024,0.55,0.551,0.551,0.547,0.549,-0.001,-0.1818,608.0,33.41
510110.SH,20191024,3.83,3.865,3.865,3.803,3.803,-0.027,-0.705,38.0,14.553
160717.SZ,20191024,0.827,0.827,0.838,0.827,0.828,0.001,0.1209,397.0,32.975
164105.SZ,20191024,1.438,1.357,1.38,1.357,1.38,-0.058,-4.0334,25.0,3.404
163407.SZ,20191024,2.019,2.02,2.034,2.018,2.018,-0.001,-0.0495,3877.2,785.563
159905.SZ,20191024,1.904,1.904,1.916,1.898,1.904,0.0,0.0,217397.0,41403.508
510190.SH,20191024,3.279,3.267,3.273,3.267,3.267,-0.012,-0.366,417.0,136.44
150022.SZ,20191024,0.825,0.825,0.825,0.82,0.823,-0.002,-0.2424,127833.0,10516.301
150023.SZ,20191024,0.232,0.23,0.233,0.229,0.232,0.0,0.0,296994.0,6863.486
510170.SH,20191024,1.569,1.564,1.576,1.559,1.563,-0.006,-0.3824,210.0,32.794
161115.SZ,20191024,1.5,1.499,1.499,1.499,1.499,-0.001,-0.0667,2.0,0.299
166008.SZ,20191024,1.076,1.07,1.076,1.07,1.076,0.0,0.0,190.8,20.445
161815.SZ,20191024,0.476,0.478,0.48,0.478,0.478,0.002,0.4202,323.0,15.45
160617.SZ,20191024,1.103,1.103,1.103,1.103,1.103,0.0,0.0,4.0,0.441
510150.SH,20191024,5.23,5.2,5.2,5.157,5.197,-0.033,-0.631,13153.91,6810.412
159906.SZ,20191024,0.886,0.888,0.889,0.877,0.879,-0.007,-0.7901,33.0,2.92
510210.SH,20191024,3.718,3.718,3.735,3.705,3.721,0.003,0.0807,14248.0,5301.518
161714.SZ,20191024,1.029,1.032,1.037,1.024,1.03,0.001,0.0972,2455.66,253.035
166009.SZ,20191024,1.969,1.969,1.969,1.969,1.969,0.0,0.0,2.0,0.393
150029.SZ,20191024,1.115,1.1,1.1,1.086,1.098,-0.017,-1.5247,2.92,0.319
164808.SZ,20191024,1.076,1.076,1.087,1.039,1.087,0.011,1.0223,3138.37,332.646
161907.SZ,20191024,1.66,1.612,1.634,1.612,1.62,-0.04,-2.4096,9.0,1.464
150031.SZ,20191024,0.998,0.938,0.99,0.938,0.99,-0.008,-0.8016,103.62,9.947
150030.SZ,20191024,1.027,1.029,1.029,1.029,1.029,0.002,0.1947,1.64,0.168
150032.SZ,20191024,1.013,1.012,1.013,1.012,1.013,0.0,0.0,289.0,29.27
150033.SZ,20191024,0.839,0.834,0.834,0.834,0.834,-0.005,-0.5959,16.0,1.334
510230.SH,20191024,5.805,5.815,5.887,5.81,5.844,0.039,0.6718,42185.0,24675.459
161116.SZ,20191024,0.794,0.795,0.796,0.794,0.794,0.0,0.0,1638.0,130.243
150037.SZ,20191024,1.873,1.879,1.879,1.879,1.879,0.006,0.3203,0.02,0.003
160512.SZ,20191024,1.935,1.901,1.901,1.9,1.9,-0.035,-1.8088,478.0,90.82
159908.SZ,20191024,1.421,1.429,1.429,1.421,1.428,0.007,0.4926,6006.0,853.857
159907.SZ,20191024,1.213,1.213,1.221,1.206,1.209,-0.004,-0.3298,697.0,84.298
163110.SZ,20191024,1.549,1.535,1.548,1.535,1.548,-0.001,-0.0646,209.0,32.181
159909.SZ,20191024,4.654,4.659,4.69,4.625,4.668,0.014,0.3008,4962.0,2316.422
510270.SH,20191024,1.147,1.13,1.148,1.104,1.123,-0.024,-2.0924,663.0,75.107
150274.SZ,20191024,1.109,1.081,1.083,1.081,1.081,-0.028,-2.5248,188.46,20.402
512510.SH,20191024,1.091,1.092,1.095,1.082,1.091,0.0,0.0,134362.94,14616.297
150209.SZ,20191024,1.019,1.018,1.019,1.018,1.018,-0.001,-0.0981,3600.72,366.888
150210.SZ,20191024,0.701,0.695,0.704,0.695,0.7,-0.001,-0.1427,6113.12,427.67
150218.SZ,20191024,0.859,0.814,0.849,0.814,0.849,-0.01,-1.1641,363.0,29.899
161722.SZ,20191024,1.061,1.052,1.066,1.052,1.055,-0.006,-0.5655,64.35,6.814
150230.SZ,20191024,1.392,1.391,1.391,1.381,1.381,-0.011,-0.7902,12.0,1.662
150231.SZ,20191024,0.997,0.998,0.998,0.998,0.998,0.001,0.1003,776.0,77.444
150232.SZ,20191024,1.016,1.04,1.04,0.991,1.01,-0.006,-0.5906,3913.0,391.604
150225.SZ,20191024,1.027,1.03,1.03,1.03,1.03,0.003,0.2921,2000.0,206.0
150226.SZ,20191024,1.3,1.299,1.299,1.295,1.295,-0.005,-0.3846,160.0,20.752
150235.SZ,20191024,1.005,1.006,1.006,1.006,1.006,0.001,0.0995,34.0,3.42
150236.SZ,20191024,0.882,0.91,0.91,0.885,0.885,0.003,0.3401,1413.0,126.05
164906.SZ,20191024,1.216,1.215,1.215,1.209,1.215,-0.001,-0.0822,869.62,105.478
150247.SZ,20191024,1.037,1.038,1.038,1.037,1.037,0.0,0.0,1227.51,127.302
150248.SZ,20191024,0.841,0.849,0.849,0.849,0.849,0.008,0.9512,2.0,0.169
150249.SZ,20191024,1.015,1.016,1.016,1.016,1.016,0.001,0.0985,594.05,60.355
150250.SZ,20191024,1.211,1.219,1.219,1.219,1.219,0.008,0.6606,226.05,27.555
510710.SH,20191024,3.298,3.305,3.321,3.289,3.303,0.005,0.1516,59760.0,19728.433
150252.SZ,20191024,0.718,0.682,0.716,0.682,0.694,-0.024,-3.3426,707.23,49.502
150265.SZ,20191024,1.058,1.032,1.054,1.032,1.052,-0.006,-0.5671,3.42,0.357
150266.SZ,20191024,0.854,0.843,0.846,0.843,0.846,-0.008,-0.9368,38.98,3.286
159943.SZ,20191024,10.398,10.35,10.38,10.32,10.34,-0.058,-0.5578,100.39,103.963
150261.SZ,20191024,1.049,1.05,1.05,1.041,1.041,-0.008,-0.7626,410.93,43.068
150262.SZ,20191024,1.123,1.136,1.136,1.106,1.122,-0.001,-0.089,3068.92,343.404
510560.SH,20191024,1.067,1.059,1.059,1.059,1.059,-0.008,-0.7498,30.0,3.177
502013.SH,20191024,1.086,1.086,1.09,1.082,1.085,-0.001,-0.0921,2859.72,310.455
502014.SH,20191024,1.029,1.027,1.03,1.027,1.03,0.001,0.0972,2645.7,272.194
502015.SH,20191024,1.152,1.161,1.161,1.137,1.149,-0.003,-0.2604,1925.0,219.514
150275.SZ,20191024,1.017,1.016,1.016,1.016,1.016,-0.001,-0.0983,2518.66,255.895
150276.SZ,20191024,1.101,1.074,1.101,1.074,1.101,0.0,0.0,1049.66,115.438
150269.SZ,20191024,0.993,0.993,0.994,0.993,0.994,0.001,0.1007,3251.0,323.148
150270.SZ,20191024,1.061,1.057,1.062,1.042,1.049,-0.012,-1.131,28611.6,3007.656
150260.SZ,20191024,0.859,0.82,0.82,0.82,0.82,-0.039,-4.5402,78.57,6.442
150255.SZ,20191024,0.995,0.997,0.997,0.995,0.996,0.001,0.1005,4404.0,438.328
150256.SZ,20191024,1.086,1.06,1.06,1.06,1.06,-0.026,-2.3941,104.0,11.024
150277.SZ,20191024,0.986,0.986,0.986,0.986,0.986,0.0,0.0,1480.0,145.928
150278.SZ,20191024,0.71,0.64,0.727,0.64,0.713,0.003,0.4225,467.05,32.38
159941.SZ,20191024,1.77,1.777,1.777,1.773,1.776,0.006,0.339,514.0,91.276
150272.SZ,20191024,1.389,1.341,1.349,1.341,1.349,-0.04,-2.8798,10.26,1.376
150264.SZ,20191024,0.598,0.658,0.658,0.567,0.654,0.056,9.3645,84.0,4.803
150267.SZ,20191024,1.043,1.023,1.023,1.023,1.023,-0.02,-1.9175,1101.0,112.632
150290.SZ,20191024,0.695,0.695,0.698,0.69,0.698,0.003,0.4317,12084.24,839.859
150282.SZ,20191024,0.754,0.753,0.781,0.753,0.781,0.027,3.5809,54.0,4.069
513050.SH,20191024,1.213,1.213,1.221,1.211,1.215,0.002,0.1649,113909.9,13863.683
501032.SH,20191024,0.745,0.743,0.747,0.743,0.745,0.0,0.0,419.25,31.178
512580.SH,20191024,0.715,0.715,0.716,0.71,0.715,0.0,0.0,78808.0,5621.758
161631.SZ,20191024,1.072,1.072,1.075,1.061,1.067,-0.005,-0.4664,15828.06,1688.018
512900.SH,20191024,0.895,0.898,0.906,0.893,0.899,0.004,0.4469,197522.0,17710.876
167003.SZ,20191024,1.107,1.076,1.106,1.076,1.077,-0.03,-2.71,163.05,17.823
511770.SH,20191024,99.986,100.0,100.0,100.0,100.0,0.014,0.014,2.0,20.0
501019.SH,20191024,0.782,0.78,0.791,0.769,0.782,0.0,0.0,524.0,40.862
501301.SH,20191024,1.164,1.163,1.174,1.162,1.168,0.004,0.3436,169.0,19.671
160723.SZ,20191024,1.097,1.112,1.119,1.111,1.119,0.022,2.0055,15286.58,1701.465
159952.SZ,20191024,0.958,0.958,0.963,0.952,0.96,0.002,0.2088,302315.0,28962.57
501016.SH,20191024,0.987,0.986,0.995,0.986,0.99,0.003,0.304,1746.75,173.19
161037.SZ,20191024,1.151,1.134,1.142,1.134,1.141,-0.01,-0.8688,12.0,1.362
512550.SH,20191024,1.227,1.239,1.25,1.226,1.23,0.003,0.2445,23929.0,2949.534
160324.SZ,20191024,1.066,1.031,1.031,1.031,1.031,-0.035,-3.2833,136.0,14.021
159955.SZ,20191024,0.886,0.886,0.89,0.883,0.886,0.0,0.0,902.0,79.928
160643.SZ,20191024,0.816,0.816,0.816,0.8,0.8,-0.016,-1.9608,82.0,6.648
159953.SZ,20191024,0.735,0.716,0.729,0.716,0.725,-0.01,-1.3605,195.0,14.018
159951.SZ,20191024,0.785,0.78,0.781,0.78,0.781,-0.004,-0.5096,2.0,0.156
163111.SZ,20191024,0.946,0.949,0.949,0.947,0.949,0.003,0.3171,15.99,1.517
512200.SH,20191024,0.861,0.86,0.865,0.86,0.863,0.002,0.2323,8335.0,718.527
512700.SH,20191024,1.207,1.209,1.231,1.208,1.22,0.013,1.0771,168563.0,20588.395
512800.SH,20191024,1.114,1.114,1.135,1.114,1.127,0.013,1.167,1554273.0,174944.985
512560.SH,20191024,0.803,0.799,0.803,0.793,0.8,-0.003,-0.3736,4211.0,335.238
512570.SH,20191024,0.88,0.87,0.885,0.87,0.877,-0.003,-0.3409,2264.0,198.185
161715.SZ,20191024,0.854,0.844,0.844,0.834,0.84,-0.014,-1.6393,977.73,81.878
160924.SZ,20191024,0.995,0.975,0.997,0.975,0.997,0.002,0.201,32.0,3.186
501036.SH,20191024,0.815,0.814,0.814,0.801,0.805,-0.01,-1.227,694.0,55.972
501037.SH,20191024,0.807,0.796,0.809,0.796,0.796,-0.011,-1.3631,23.0,1.835
501038.SH,20191024,1.181,1.182,1.182,1.173,1.176,-0.005,-0.4234,6964.0,818.178
166023.SZ,20191024,1.265,1.233,1.261,1.233,1.257,-0.008,-0.6324,1318.0,165.542
511670.SH,20191024,99.998,99.996,100.0,99.996,99.998,0.0,0.0,359.0,3589.956
501303.SH,20191024,0.86,0.863,0.863,0.863,0.863,0.003,0.3488,9.0,0.777
501040.SH,20191024,1.08,1.07,1.083,1.07,1.082,0.002,0.1852,64.0,6.9
160140.SZ,20191024,1.235,1.228,1.239,1.225,1.232,-0.003,-0.2429,585.0,71.858
160421.SZ,20191024,1.222,1.206,1.227,1.203,1.207,-0.015,-1.2275,2125.51,256.469
160722.SZ,20191024,1.142,1.122,1.122,1.122,1.122,-0.02,-1.7513,1700.0,190.74
161035.SZ,20191024,1.247,1.245,1.245,1.205,1.241,-0.006,-0.4812,224.94,27.389
511260.SH,20191024,107.141,107.64,107.64,107.176,107.176,0.035,0.0327,202.0,2165.779
511620.SH,20191024,99.991,100.267,100.267,99.98,99.996,0.005,0.005,24.01,240.216
501043.SH,20191024,1.062,1.062,1.066,1.055,1.063,0.001,0.0942,1018.0,108.03
501045.SH,20191024,1.063,1.063,1.063,1.06,1.06,-0.003,-0.2822,450.0,47.771
166024.SZ,20191024,0.89,0.889,0.892,0.889,0.89,0.0,0.0,12126.0,1079.721
501047.SH,20191024,0.94,0.964,0.964,0.94,0.964,0.024,2.5532,34.0,3.275
159957.SZ,20191024,0.986,0.985,0.986,0.972,0.979,-0.007,-0.7099,6708.51,656.332
501066.SH,20191024,1.283,1.286,1.286,1.274,1.285,0.002,0.1559,542.0,69.695
501051.SH,20191024,1.12,1.106,1.124,1.106,1.124,0.004,0.3571,11.0,1.218
501046.SH,20191024,1.323,1.324,1.329,1.299,1.317,-0.006,-0.4535,8885.1,1174.997
510380.SH,20191024,0.993,0.994,0.994,0.988,0.989,-0.004,-0.4028,62.0,6.126
160644.SZ,20191024,0.839,0.839,0.894,0.839,0.845,0.006,0.7151,106.0,9.446
501049.SH,20191024,1.023,1.023,1.023,0.991,1.02,-0.003,-0.2933,10343.27,1053.937
159958.SZ,20191024,0.961,0.961,0.967,0.954,0.96,-0.001,-0.1041,8360.0,803.906
510800.SH,20191024,1.082,1.083,1.09,1.079,1.085,0.003,0.2773,34348.0,3720.662
512980.SH,20191024,0.749,0.749,0.753,0.744,0.749,0.0,0.0,60794.0,4551.042
159954.SZ,20191024,0.991,0.993,0.997,0.992,0.997,0.006,0.6054,10156.0,1010.043
510390.SH,20191024,4.011,4.008,4.033,3.99,4.012,0.001,0.0249,37983.37,15249.766
501053.SH,20191024,1.05,1.046,1.046,1.022,1.025,-0.025,-2.381,883.57,92.129
161014.SZ,20191024,1.203,1.204,1.205,1.204,1.205,0.002,0.1663,755.0,90.911
163417.SZ,20191024,1.053,1.053,1.054,1.045,1.049,-0.004,-0.3799,589739.3,61896.83
159956.SZ,20191024,0.936,0.934,0.94,0.932,0.937,0.001,0.1068,855.97,80.283
501054.SH,20191024,0.975,0.975,0.978,0.973,0.975,0.0,0.0,52013.53,5070.299
511280.SH,20191024,103.499,102.001,102.001,102.001,102.001,-1.498,-1.4474,1.0,10.2
510590.SH,20191024,5.096,5.066,5.106,5.053,5.091,-0.005,-0.0981,41814.81,21227.729
169106.SZ,20191024,1.014,1.013,1.015,1.013,1.014,0.0,0.0,3288.54,333.195
512160.SH,20191024,1.096,1.096,1.101,1.09,1.095,-0.001,-0.0912,325918.0,35692.957
512520.SH,20191024,1.08,1.08,1.085,1.076,1.081,0.001,0.0926,10783.0,1164.502
512180.SH,20191024,1.053,1.052,1.058,1.048,1.051,-0.002,-0.1899,27675.0,2916.659
512780.SH,20191024,0.756,0.756,0.76,0.754,0.76,0.004,0.5291,341.0,25.824
513900.SH,20191024,0.968,0.973,0.975,0.972,0.973,0.005,0.5165,15200.0,1479.194
512280.SH,20191024,1.053,1.054,1.058,1.048,1.054,0.001,0.095,624686.0,65738.371
501057.SH,20191024,0.837,0.835,0.849,0.831,0.847,0.01,1.1947,1518.57,126.306
501058.SH,20191024,0.831,0.828,0.828,0.828,0.828,-0.003,-0.361,300.02,24.842
512090.SH,20191024,1.085,1.086,1.09,1.079,1.086,0.001,0.0922,452932.2,49096.951
512360.SH,20191024,1.099,1.099,1.099,1.092,1.095,-0.004,-0.364,429.0,47.018
161039.SZ,20191024,1.099,1.094,1.105,1.093,1.105,0.006,0.546,441.0,48.222
512770.SH,20191024,1.059,1.058,1.062,1.055,1.059,0.0,0.0,606.0,64.148
164824.SZ,20191024,0.973,0.967,0.981,0.966,0.968,-0.005,-0.5139,1614.0,157.026
161131.SZ,20191024,1.041,1.041,1.042,1.039,1.041,0.0,0.0,234152.79,24356.93
161728.SZ,20191024,1.033,1.033,1.034,1.032,1.034,0.001,0.0968,152982.2,15803.505
501186.SH,20191024,1.041,1.041,1.041,1.039,1.04,-0.001,-0.0961,78351.46,8151.741
501188.SH,20191024,1.049,1.049,1.049,1.046,1.049,0.0,0.0,83692.49,8765.35
501189.SH,20191024,1.024,1.024,1.025,1.023,1.025,0.001,0.0977,35379.52,3621.812
160142.SZ,20191024,1.049,1.049,1.05,1.048,1.05,0.001,0.0953,170393.6,17874.335
510600.SH,20191024,3.03,3.035,3.054,3.025,3.037,0.007,0.231,44054.68,13373.096
511270.SH,20191024,101.93,102.55,102.55,102.1,102.2,0.27,0.2649,99.1,1012.449
160726.SZ,20191024,1.197,1.196,1.196,1.187,1.194,-0.003,-0.2506,39291.31,4680.029
512850.SH,20191024,1.04,1.05,1.05,1.035,1.038,-0.002,-0.1923,217.0,22.528
512820.SH,20191024,1.151,1.155,1.171,1.155,1.165,0.014,1.2163,120747.0,14067.084
501060.SH,20191024,1.211,1.213,1.217,1.213,1.217,0.006,0.4955,18.0,2.187
501061.SH,20191024,1.207,1.211,1.211,1.206,1.206,-0.001,-0.0829,349.02,42.216
501062.SH,20191024,0.938,0.939,0.942,0.938,0.94,0.002,0.2132,22953.85,2157.56
512860.SH,20191024,1.24,1.236,1.236,1.229,1.234,-0.006,-0.4839,2110.0,259.802
501310.SH,20191024,0.974,0.974,0.978,0.973,0.978,0.004,0.4107,1466.58,143.14
512960.SH,20191024,0.965,0.965,0.965,0.957,0.963,-0.002,-0.2073,8919034.9,856826.863
512950.SH,20191024,0.968,0.967,0.968,0.963,0.966,-0.002,-0.2066,33580.97,3243.301
159959.SZ,20191024,1.009,1.009,1.012,0.998,1.005,-0.004,-0.3964,5583704.0,559817.544
501065.SH,20191024,1.265,1.26,1.26,1.205,1.25,-0.015,-1.1858,10383.81,1263.123
161132.SZ,20191024,1.188,1.188,1.188,1.173,1.173,-0.015,-1.2626,1101.0,130.221
512920.SH,20191024,1.214,1.21,1.21,1.21,1.21,-0.004,-0.3295,3.0,0.363
512040.SH,20191024,1.129,1.134,1.134,1.123,1.129,0.0,0.0,113179.0,12760.243
160806.SZ,20191024,1.357,1.345,1.349,1.345,1.349,-0.008,-0.5895,188.22,25.355
150294.SZ,20191024,0.519,0.467,0.489,0.467,0.489,-0.03,-5.7803,495.16,23.126
150243.SZ,20191024,1.027,1.025,1.025,1.025,1.025,-0.002,-0.1947,439.0,44.997
150244.SZ,20191024,1.2,1.187,1.212,1.187,1.207,0.007,0.5833,3288.5,395.691
150295.SZ,20191024,1.028,1.028,1.028,1.028,1.028,0.0,0.0,697.0,71.651
150287.SZ,20191024,1.04,1.04,1.04,1.039,1.04,0.0,0.0,25294.5,2630.505
150288.SZ,20191024,0.664,0.661,0.671,0.66,0.662,-0.002,-0.3012,12148.51,807.38
150289.SZ,20191024,1.04,1.04,1.041,1.04,1.041,0.001,0.0962,17849.0,1856.304
512330.SH,20191024,0.875,0.875,0.875,0.859,0.87,-0.005,-0.5714,32398.0,2807.694
