ts_code,trade_date,pre_close,open,high,low,close,change,pct_chg,vol,amount
510350.SH,20191112,3.895,3.915,3.915,3.865,3.889,-0.006,-0.154,291030.51,113124.892
511020.SH,20191112,101.5,101.6,101.626,101.6,101.626,0.126,0.1241,1.1,11.176
512270.SH,20191112,0.987,0.987,0.987,0.983,0.987,0.0,0.0,4251.0,419.244
511030.SH,20191112,101.686,101.683,101.688,101.497,101.688,0.002,0.002,4.8,48.756
159965.SZ,20191112,1.08,1.082,1.085,1.07,1.076,-0.004,-0.3704,19184.26,2068.973
501063.SH,20191112,1.009,1.007,1.01,1.007,1.01,0.001,0.0991,4144.96,418.02
501070.SH,20191112,1.248,1.248,1.248,1.233,1.24,-0.008,-0.641,544.88,67.562
512380.SH,20191112,0.993,0.993,0.995,0.985,0.992,-0.001,-0.1007,670112.5,66304.768
512590.SH,20191112,0.98,0.977,0.984,0.971,0.984,0.004,0.4082,16773.0,1642.531
510890.SH,20191112,0.995,0.995,0.996,0.99,0.995,0.0,0.0,62867.0,6235.162
159964.SZ,20191112,0.996,0.989,0.994,0.985,0.994,-0.002,-0.2008,336.0,33.205
161912.SZ,20191112,1.032,1.03,1.04,1.018,1.025,-0.007,-0.6783,16091.42,1647.959
512910.SH,20191112,1.065,1.068,1.068,1.057,1.062,-0.003,-0.2817,117713.0,12500.511
160925.SZ,20191112,0.999,0.99,0.99,0.99,0.99,-0.009,-0.9009,380.01,37.62
512690.SH,20191112,1.14,1.14,1.15,1.133,1.149,0.009,0.7895,164196.0,18766.91
512290.SH,20191112,1.189,1.188,1.195,1.178,1.193,0.004,0.3364,264345.0,31317.412
166025.SZ,20191112,1.114,1.114,1.117,1.11,1.114,0.0,0.0,23712.31,2636.641
512750.SH,20191112,1.026,1.026,1.026,1.02,1.024,-0.002,-0.1949,381512.06,39025.292
512170.SH,20191112,1.286,1.286,1.295,1.278,1.295,0.009,0.6998,187532.0,24131.466
512760.SH,20191112,1.29,1.29,1.295,1.259,1.282,-0.008,-0.6202,1372138.14,174794.436
512480.SH,20191112,1.196,1.196,1.2,1.161,1.183,-0.013,-1.087,225884.0,26619.506
159969.SZ,20191112,1.081,1.08,1.082,1.068,1.079,-0.002,-0.185,120440.86,12956.897
512930.SH,20191112,1.1,1.101,1.101,1.079,1.094,-0.006,-0.5455,42253.0,4599.688
161029.SZ,20191112,1.122,1.145,1.145,1.14,1.14,0.018,1.6043,506.0,57.687
512650.SH,20191112,0.963,0.954,0.966,0.954,0.964,0.001,0.1038,3423.0,329.258
159968.SZ,20191112,4.881,4.878,4.886,4.823,4.88,-0.001,-0.0205,149745.21,72685.841
513800.SH,20191112,1.098,1.101,1.116,1.101,1.116,0.018,1.6393,2389.0,264.448
513520.SH,20191112,1.097,1.102,1.108,1.098,1.107,0.01,0.9116,11338.0,1251.984
501075.SH,20191112,0.928,0.928,0.928,0.92,0.924,-0.004,-0.431,21960.23,2025.422
501077.SH,20191112,0.977,0.979,0.983,0.974,0.979,0.002,0.2047,20411.61,1993.329
512670.SH,20191112,0.993,0.993,0.993,0.971,0.983,-0.01,-1.007,129959.0,12713.136
510100.SH,20191112,1.021,1.024,1.025,1.017,1.024,0.003,0.2938,158042.45,16147.473
512970.SH,20191112,0.975,0.975,0.978,0.965,0.973,-0.002,-0.2051,91339.49,8880.852
501081.SH,20191112,0.98,0.98,0.98,0.975,0.979,-0.001,-0.102,16770.21,1639.045
512190.SH,20191112,1.021,1.021,1.025,1.01,1.025,0.004,0.3918,12969.91,1316.553
150198.SZ,20191112,1.028,1.027,1.028,1.027,1.027,-0.001,-0.0973,1147.0,117.797
150199.SZ,20191112,1.166,1.174,1.179,1.16,1.17,0.004,0.3431,4740.0,553.993
512300.SH,20191112,1.133,1.133,1.133,1.118,1.129,-0.004,-0.353,11478.0,1292.909
511220.SH,20191112,96.76,96.688,96.749,96.604,96.66,-0.1,-0.1033,237.0,2292.205
150200.SZ,20191112,1.022,1.022,1.023,1.021,1.022,0.0,0.0,26688.57,2727.647
150201.SZ,20191112,1.123,1.115,1.132,1.115,1.126,0.003,0.2671,1615115.41,181237.418
150205.SZ,20191112,1.025,1.025,1.026,1.025,1.026,0.001,0.0976,25214.93,2585.751
150206.SZ,20191112,0.5,0.501,0.502,0.486,0.499,-0.001,-0.2,598205.04,29518.45
159938.SZ,20191112,1.379,1.376,1.387,1.371,1.386,0.007,0.5076,102746.0,14186.743
160813.SZ,20191112,0.784,0.777,0.783,0.777,0.783,-0.001,-0.1276,238.83,18.662
150173.SZ,20191112,1.019,1.02,1.02,1.02,1.02,0.001,0.0981,500.0,51.0
150174.SZ,20191112,1.298,1.327,1.327,1.181,1.24,-0.058,-4.4684,148.0,18.183
511810.SH,20191112,99.994,99.993,99.995,99.991,99.994,0.0,0.0,355627.29,3556024.714
511860.SH,20191112,100.002,99.991,100.1,99.986,99.994,-0.008,-0.008,273.18,2731.91
150204.SZ,20191112,0.828,0.813,0.853,0.813,0.84,0.012,1.4493,391.93,32.126
150203.SZ,20191112,1.019,1.021,1.021,1.021,1.021,0.002,0.1963,0.22,0.022
511800.SH,20191112,99.996,99.994,99.999,99.994,99.999,0.003,0.003,578.72,5787.022
150209.SZ,20191112,1.023,1.024,1.024,1.023,1.024,0.001,0.0978,4767.6,488.171
150210.SZ,20191112,0.695,0.696,0.705,0.694,0.698,0.003,0.4317,18289.44,1278.279
160618.SZ,20191112,1.32,1.32,1.321,1.32,1.321,0.001,0.0758,10709.94,1414.385
513660.SH,20191112,2.58,2.596,2.596,2.575,2.588,0.008,0.3101,4066.0,1049.424
513600.SH,20191112,2.62,2.631,2.631,2.615,2.627,0.007,0.2672,650.0,170.671
159005.SZ,20191112,99.999,99.999,100.0,99.999,100.0,0.001,0.001,146.97,1469.691
159939.SZ,20191112,1.056,1.056,1.059,1.037,1.054,-0.002,-0.1894,625468.0,65640.629
169102.SZ,20191112,1.165,1.158,1.175,1.156,1.171,0.006,0.515,8666.0,1004.906
160919.SZ,20191112,1.376,1.369,1.369,1.361,1.361,-0.015,-1.0901,155.0,21.137
161222.SZ,20191112,1.272,1.273,1.37,1.272,1.272,0.0,0.0,608.0,82.238
512990.SH,20191112,1.189,1.189,1.191,1.179,1.188,-0.001,-0.0841,217374.0,25760.302
159940.SZ,20191112,1.024,1.024,1.025,1.023,1.023,-0.001,-0.0977,2172.0,222.236
150215.SZ,20191112,1.035,1.049,1.049,1.049,1.049,0.014,1.3527,1.0,0.104
150216.SZ,20191112,1.01,1.0,1.001,0.971,0.996,-0.014,-1.3861,890.05,87.665
161716.SZ,20191112,1.268,1.268,1.269,1.268,1.269,0.001,0.0789,3398.0,431.0
150135.SZ,20191112,1.044,1.033,1.044,1.033,1.044,0.0,0.0,54.0,5.622
150217.SZ,20191112,1.016,1.017,1.017,1.017,1.017,0.001,0.0984,2204.0,224.146
150218.SZ,20191112,0.871,0.795,0.866,0.795,0.866,-0.005,-0.5741,11.91,1.024
150211.SZ,20191112,1.035,1.035,1.035,1.034,1.035,0.0,0.0,4487.0,464.334
150212.SZ,20191112,0.939,0.953,0.953,0.92,0.937,-0.002,-0.213,12038.33,1141.514
150223.SZ,20191112,1.042,1.043,1.044,1.042,1.043,0.001,0.096,148431.12,15485.265
150224.SZ,20191112,0.794,0.791,0.8,0.787,0.797,0.003,0.3778,353855.81,28104.505
161224.SZ,20191112,1.021,1.045,1.045,1.008,1.011,-0.01,-0.9794,103.0,10.394
150221.SZ,20191112,1.064,1.064,1.065,1.064,1.064,0.0,0.0,95829.53,10196.461
150222.SZ,20191112,0.903,0.9,0.903,0.894,0.901,-0.002,-0.2215,12242.66,1099.921
510440.SH,20191112,1.54,1.563,1.563,1.559,1.56,0.02,1.2987,86.0,13.413
159920.SZ,20191112,1.481,1.485,1.491,1.476,1.488,0.007,0.4727,4968257.67,738338.494
510900.SH,20191112,1.205,1.214,1.217,1.206,1.215,0.01,0.8299,4796111.0,581354.777
161820.SZ,20191112,1.12,1.12,1.121,1.12,1.121,0.001,0.0893,1002.0,112.324
510430.SH,20191112,1.485,1.54,1.542,1.481,1.481,-0.004,-0.2694,8.0,1.221
160916.SZ,20191112,2.656,2.65,2.65,2.616,2.63,-0.026,-0.9789,480.59,126.276
150092.SZ,20191112,1.017,1.016,1.016,1.016,1.016,-0.001,-0.0983,0.3,0.03
150276.SZ,20191112,1.058,1.042,1.047,1.042,1.047,-0.011,-1.0397,168.93,17.667
150270.SZ,20191112,1.019,1.029,1.037,1.013,1.026,0.007,0.6869,40985.9,4190.557
150259.SZ,20191112,1.0,1.0,1.0,1.0,1.0,0.0,0.0,37.0,3.7
150260.SZ,20191112,0.789,0.792,0.799,0.79,0.792,0.003,0.3802,250.76,19.861
150258.SZ,20191112,1.622,1.46,1.46,1.46,1.46,-0.162,-9.9877,58.0,8.468
150255.SZ,20191112,0.999,1.0,1.0,1.0,1.0,0.001,0.1001,964.11,96.411
150256.SZ,20191112,1.063,1.017,1.017,1.017,1.017,-0.046,-4.3274,0.02,0.002
150278.SZ,20191112,0.65,0.66,0.68,0.65,0.68,0.03,4.6154,527.0,34.407
159941.SZ,20191112,1.825,1.822,1.833,1.822,1.83,0.005,0.274,739.0,135.145
150272.SZ,20191112,1.5,1.5,1.5,1.5,1.5,0.0,0.0,196.3,29.445
150293.SZ,20191112,1.04,1.041,1.042,1.041,1.042,0.002,0.1923,149.01,15.519
160806.SZ,20191112,1.359,1.352,1.356,1.352,1.356,-0.003,-0.2208,7.3,0.988
150281.SZ,20191112,1.03,1.033,1.033,1.033,1.033,0.003,0.2913,447.0,46.175
150294.SZ,20191112,0.391,0.395,0.396,0.395,0.396,0.005,1.2788,84.0,3.326
150244.SZ,20191112,1.24,1.227,1.236,1.219,1.236,-0.004,-0.3226,1268.3,155.528
150295.SZ,20191112,1.031,1.032,1.032,1.031,1.032,0.001,0.097,389.26,40.155
150296.SZ,20191112,0.932,0.845,0.879,0.845,0.879,-0.053,-5.6867,195.0,16.511
150287.SZ,20191112,1.042,1.042,1.042,1.041,1.042,0.0,0.0,27088.66,2820.838
150288.SZ,20191112,0.607,0.609,0.611,0.596,0.605,-0.002,-0.3295,19299.55,1172.808
150289.SZ,20191112,1.043,1.042,1.043,1.041,1.042,-0.001,-0.0959,22957.14,2392.114
150302.SZ,20191112,0.799,0.821,0.821,0.793,0.805,0.006,0.7509,1675.0,133.591
150290.SZ,20191112,0.63,0.63,0.638,0.625,0.637,0.007,1.1111,26193.88,1658.953
150299.SZ,20191112,1.048,1.046,1.047,1.046,1.047,-0.001,-0.0954,14088.0,1474.682
150300.SZ,20191112,0.779,0.783,0.787,0.78,0.781,0.002,0.2567,8154.88,638.733
150291.SZ,20191112,1.044,1.043,1.046,1.043,1.045,0.001,0.0958,10075.17,1053.369
150316.SZ,20191112,1.601,1.555,1.746,1.555,1.746,0.145,9.0568,100.0,15.569
150292.SZ,20191112,0.809,0.787,0.82,0.787,0.811,0.002,0.2472,10330.0,837.985
150238.SZ,20191112,0.489,0.499,0.535,0.499,0.535,0.046,9.407,169.99,8.486
150246.SZ,20191112,0.946,0.929,0.959,0.929,0.959,0.013,1.3742,48.0,4.474
150283.SZ,20191112,0.996,0.997,0.997,0.997,0.997,0.001,0.1004,13.0,1.296
150284.SZ,20191112,0.879,0.9,0.9,0.866,0.9,0.021,2.3891,22.0,1.912
150307.SZ,20191112,1.019,1.021,1.021,1.021,1.021,0.002,0.1963,116.0,11.843
502006.SH,20191112,1.0,1.001,1.001,0.99,0.997,-0.003,-0.3,212.0,21.174
501000.SH,20191112,1.049,1.148,1.148,1.0,1.084,0.035,3.3365,3464.58,376.537
150321.SZ,20191112,1.067,1.068,1.068,1.068,1.068,0.001,0.0937,930.0,99.324
150322.SZ,20191112,0.78,0.776,0.776,0.772,0.774,-0.006,-0.7692,102.47,7.948
150312.SZ,20191112,1.659,1.493,1.493,1.493,1.493,-0.166,-10.006,41.0,6.121
159945.SZ,20191112,0.63,0.63,0.63,0.608,0.629,-0.001,-0.1587,215.0,13.473
501001.SH,20191112,1.061,1.062,1.075,1.052,1.052,-0.009,-0.8483,2068.0,221.892
512330.SH,20191112,0.857,0.86,0.862,0.842,0.861,0.004,0.4667,364125.0,31011.017
159944.SZ,20191112,0.686,0.68,0.69,0.678,0.69,0.004,0.5831,178.0,12.138
162415.SZ,20191112,1.618,1.618,1.634,1.614,1.631,0.013,0.8035,1397.4,225.762
160518.SZ,20191112,1.11,1.142,1.142,1.1,1.117,0.007,0.6306,2866.06,316.186
511920.SH,20191112,99.996,99.991,99.998,99.983,99.998,0.002,0.002,6.02,60.191
159948.SZ,20191112,1.751,1.758,1.758,1.732,1.75,-0.001,-0.0571,8216.0,1433.79
165528.SZ,20191112,0.917,0.916,0.921,0.913,0.917,0.0,0.0,3017.06,275.676
165807.SZ,20191112,0.912,0.896,0.896,0.824,0.852,-0.06,-6.5789,1962.96,163.278
501017.SH,20191112,0.854,0.851,0.855,0.851,0.855,0.001,0.1171,2200.14,187.602
160519.SZ,20191112,1.141,1.129,1.129,1.127,1.127,-0.014,-1.227,1100.01,123.991
512880.SH,20191112,0.911,0.911,0.916,0.906,0.913,0.002,0.2195,4462870.99,406612.46
501018.SH,20191112,1.08,1.085,1.093,1.082,1.093,0.013,1.2037,25081.96,2729.96
501021.SH,20191112,1.443,1.442,1.449,1.439,1.447,0.004,0.2772,2954.11,426.042
159949.SZ,20191112,0.594,0.594,0.596,0.585,0.591,-0.003,-0.5051,3112432.75,183755.327
511850.SH,20191112,99.995,99.994,99.994,99.99,99.991,-0.004,-0.004,14768.45,147673.902
169104.SZ,20191112,1.383,1.365,1.378,1.339,1.372,-0.011,-0.7954,1580.0,216.368
512660.SH,20191112,0.724,0.722,0.724,0.713,0.724,0.0,0.0,791510.5,56909.714
511910.SH,20191112,99.986,99.985,99.985,99.985,99.985,-0.001,-0.001,2.0,19.997
512000.SH,20191112,0.868,0.868,0.871,0.862,0.868,0.0,0.0,1656945.81,143656.356
167001.SZ,20191112,0.761,0.76,0.76,0.756,0.76,-0.001,-0.1314,2243.7,170.173
161834.SZ,20191112,0.801,0.8,0.8,0.798,0.799,-0.002,-0.2497,662.96,52.935
160225.SZ,20191112,0.767,0.763,0.765,0.755,0.765,-0.002,-0.2608,1022.0,77.709
168103.SZ,20191112,0.864,0.864,0.873,0.863,0.872,0.008,0.9259,118161.1,10254.467
512810.SH,20191112,0.699,0.697,0.698,0.686,0.695,-0.004,-0.5722,11926.0,822.765
510810.SH,20191112,0.903,0.903,0.904,0.896,0.902,-0.001,-0.1107,109530.18,9865.914
160635.SZ,20191112,1.06,1.057,1.066,1.053,1.062,0.002,0.1887,446.0,47.292
164403.SZ,20191112,1.237,1.241,1.241,1.236,1.237,0.0,0.0,102.0,12.619
169105.SZ,20191112,1.454,1.452,1.457,1.444,1.447,-0.007,-0.4814,25024.05,3628.415
512680.SH,20191112,0.735,0.735,0.735,0.721,0.732,-0.003,-0.4082,122234.0,8876.522
168104.SZ,20191112,1.193,1.169,1.269,1.169,1.269,0.076,6.3705,295.75,34.735
165525.SZ,20191112,0.706,0.704,0.705,0.7,0.703,-0.003,-0.4249,6882.41,483.073
160421.SZ,20191112,1.255,1.204,1.254,1.204,1.254,-0.001,-0.0797,2433.0,304.102
501026.SH,20191112,0.876,0.869,0.869,0.841,0.869,-0.007,-0.7991,15.0,1.27
511660.SH,20191112,100.001,99.997,100.005,99.996,100.004,0.003,0.003,48000.1,479998.221
160322.SZ,20191112,1.115,1.088,1.089,1.088,1.089,-0.026,-2.3318,120.0,13.058
168105.SZ,20191112,0.891,0.885,0.894,0.885,0.893,0.002,0.2245,24253.78,2161.239
512100.SH,20191112,0.661,0.664,0.664,0.653,0.662,0.001,0.1513,190389.0,12519.621
501022.SH,20191112,1.023,1.023,1.047,1.011,1.022,-0.001,-0.0978,162.84,16.656
511600.SH,20191112,99.997,99.994,99.998,99.994,99.998,0.001,0.001,35.02,350.185
163119.SZ,20191112,0.851,0.827,0.829,0.827,0.829,-0.022,-2.5852,29.0,2.4
511690.SH,20191112,99.996,99.996,99.996,99.993,99.995,-0.001,-0.001,6839.04,68386.521
511700.SH,20191112,100.012,100.002,100.012,100.001,100.012,0.0,0.0,462.64,4626.826
501050.SH,20191112,1.327,1.328,1.333,1.324,1.329,0.002,0.1507,20786.0,2761.429
160223.SZ,20191112,0.797,0.8,0.8,0.79,0.796,-0.001,-0.1255,330.0,26.227
161035.SZ,20191112,1.272,1.27,1.27,1.244,1.269,-0.003,-0.2358,1172.49,146.845
501025.SH,20191112,1.065,1.071,1.071,1.062,1.062,-0.003,-0.2817,8.0,0.854
501028.SH,20191112,0.953,0.95,0.95,0.939,0.949,-0.004,-0.4197,263.0,24.758
162717.SZ,20191112,1.085,1.085,1.089,1.085,1.089,0.004,0.3687,270.02,29.329
161125.SZ,20191112,1.37,1.37,1.37,1.369,1.369,-0.001,-0.073,187.0,25.605
501300.SH,20191112,1.067,1.07,1.07,1.066,1.067,0.0,0.0,1365.0,145.746
161126.SZ,20191112,1.33,1.333,1.333,1.333,1.333,0.003,0.2256,1.0,0.133
168301.SZ,20191112,1.088,1.09,1.09,1.09,1.09,0.002,0.1838,100.0,10.9
161127.SZ,20191112,1.244,1.244,1.249,1.241,1.249,0.005,0.4019,522.0,64.941
161129.SZ,20191112,1.087,1.09,1.095,1.081,1.095,0.008,0.736,3397.57,370.412
501011.SH,20191112,0.779,0.78,0.787,0.771,0.782,0.003,0.3851,1431.27,111.946
501029.SH,20191112,0.921,0.915,0.933,0.915,0.923,0.002,0.2172,52939.0,4867.084
501007.SH,20191112,1.015,1.003,1.009,1.003,1.009,-0.006,-0.5911,46.0,4.634
501008.SH,20191112,1.008,0.99,1.048,0.99,1.04,0.032,3.1746,567.08,56.357
501012.SH,20191112,0.787,0.797,0.798,0.771,0.778,-0.009,-1.1436,87.0,6.73
501009.SH,20191112,1.398,1.331,1.398,1.331,1.368,-0.03,-2.1459,531.61,72.276
501030.SH,20191112,0.552,0.548,0.55,0.544,0.545,-0.007,-1.2681,359.51,19.587
501010.SH,20191112,1.358,1.34,1.34,1.317,1.338,-0.02,-1.4728,821.68,109.258
501031.SH,20191112,0.575,0.575,0.575,0.539,0.54,-0.035,-6.087,114.0,6.225
513050.SH,20191112,1.28,1.277,1.301,1.277,1.298,0.018,1.4063,246567.0,31827.392
511650.SH,20191112,99.994,99.994,99.995,99.993,99.995,0.001,0.001,535.0,5349.683
161626.SZ,20191112,1.115,1.106,1.106,1.106,1.106,-0.009,-0.8072,47.77,5.283
512580.SH,20191112,0.711,0.71,0.713,0.703,0.712,0.001,0.1406,119453.0,8448.013
160723.SZ,20191112,1.13,1.135,1.139,1.126,1.139,0.009,0.7965,2812.53,319.079
168108.SZ,20191112,1.315,1.184,1.268,1.184,1.268,-0.047,-3.5741,72.62,8.606
161631.SZ,20191112,1.071,1.072,1.072,1.052,1.065,-0.006,-0.5602,28929.0,3070.663
512900.SH,20191112,0.888,0.89,0.89,0.881,0.887,-0.001,-0.1126,1188182.0,105282.29
161036.SZ,20191112,0.644,0.619,0.619,0.618,0.619,-0.025,-3.882,124.0,7.671
501019.SH,20191112,0.767,0.767,0.779,0.753,0.76,-0.007,-0.9126,2538.0,192.996
501301.SH,20191112,1.177,1.166,1.177,1.164,1.177,0.0,0.0,637.0,74.312
501016.SH,20191112,0.979,0.985,0.985,0.972,0.98,0.001,0.1021,4244.0,415.774
166402.SZ,20191112,1.095,1.173,1.173,1.081,1.081,-0.014,-1.2785,3204.0,348.229
159952.SZ,20191112,0.971,0.971,0.974,0.96,0.971,0.0,0.0,273711.5,26455.79
512800.SH,20191112,1.116,1.116,1.122,1.113,1.12,0.004,0.3584,825102.27,92246.334
161037.SZ,20191112,1.154,1.143,1.15,1.138,1.15,-0.004,-0.3466,61.0,6.948
512550.SH,20191112,1.245,1.245,1.25,1.24,1.246,0.001,0.0803,26218.0,3269.838
161130.SZ,20191112,1.398,1.39,1.39,1.39,1.39,-0.008,-0.5722,5.0,0.695
159955.SZ,20191112,0.9,0.903,0.903,0.89,0.896,-0.004,-0.4444,3236.01,289.638
160643.SZ,20191112,0.802,0.805,0.805,0.786,0.799,-0.003,-0.3741,311.0,24.819
159953.SZ,20191112,0.729,0.694,0.724,0.694,0.711,-0.018,-2.4691,1942.0,137.413
159951.SZ,20191112,0.768,0.761,0.763,0.761,0.763,-0.005,-0.651,39.0,2.968
163111.SZ,20191112,0.975,0.97,0.97,0.958,0.968,-0.007,-0.7179,446.08,43.05
512200.SH,20191112,0.837,0.837,0.837,0.83,0.834,-0.003,-0.3584,10022.0,836.159
512700.SH,20191112,1.212,1.213,1.217,1.207,1.214,0.002,0.165,46521.0,5649.587
512400.SH,20191112,0.608,0.608,0.611,0.6,0.603,-0.005,-0.8224,105016.0,6340.864
501038.SH,20191112,1.218,1.217,1.218,1.215,1.218,0.0,0.0,14959.07,1819.62
512560.SH,20191112,0.792,0.778,0.797,0.775,0.793,0.001,0.1263,4330.0,337.884
512570.SH,20191112,0.872,0.881,0.881,0.864,0.873,0.001,0.1147,2876.0,249.719
161715.SZ,20191112,0.83,0.828,0.828,0.826,0.826,-0.004,-0.4819,142.0,11.735
501036.SH,20191112,0.792,0.792,0.795,0.786,0.788,-0.004,-0.5051,439.0,34.576
501037.SH,20191112,0.79,0.791,0.791,0.781,0.791,0.001,0.1266,148.01,11.695
166023.SZ,20191112,1.28,1.28,1.28,1.276,1.28,0.0,0.0,3382.63,432.709
511260.SH,20191112,106.881,106.923,106.996,106.923,106.948,0.067,0.0627,649.0,6942.074
511620.SH,20191112,99.977,99.92,99.996,99.92,99.996,0.019,0.019,71.15,711.359
501043.SH,20191112,1.074,1.082,1.082,1.068,1.074,0.0,0.0,3381.0,363.227
511670.SH,20191112,99.995,99.996,99.996,99.992,99.993,-0.002,-0.002,383.15,3831.268
501040.SH,20191112,1.146,1.076,1.076,1.076,1.076,-0.07,-6.1082,150.05,16.145
501045.SH,20191112,1.066,1.065,1.076,1.065,1.076,0.01,0.9381,1042.06,112.085
159957.SZ,20191112,0.993,0.991,0.995,0.98,0.985,-0.008,-0.8056,3841.0,378.441
160140.SZ,20191112,1.189,1.194,1.194,1.173,1.181,-0.008,-0.6728,460.88,54.549
501046.SH,20191112,1.34,1.339,1.339,1.314,1.328,-0.012,-0.8955,7525.94,998.024
510380.SH,20191112,1.009,1.011,1.011,1.005,1.005,-0.004,-0.3964,135.0,13.568
160644.SZ,20191112,0.9,0.858,0.899,0.846,0.888,-0.012,-1.3333,137.0,11.942
166024.SZ,20191112,0.902,0.899,0.903,0.896,0.902,0.0,0.0,7344.0,659.271
501047.SH,20191112,0.93,0.925,0.925,0.925,0.925,-0.005,-0.5376,12.0,1.11
501048.SH,20191112,0.94,0.93,0.93,0.929,0.93,-0.01,-1.0638,160.0,14.878
501051.SH,20191112,1.117,1.118,1.118,1.114,1.114,-0.003,-0.2686,8.0,0.892
501106.SH,20191112,1.122,1.136,1.136,1.136,1.136,0.014,1.2478,38.0,4.317
501049.SH,20191112,1.064,1.063,1.068,1.059,1.065,0.001,0.094,11403.02,1211.565
501305.SH,20191112,0.911,0.911,0.913,0.911,0.913,0.002,0.2195,3416.46,311.382
159956.SZ,20191112,0.957,0.956,0.958,0.942,0.953,-0.004,-0.418,1221.02,115.862
159958.SZ,20191112,0.975,0.975,0.983,0.966,0.973,-0.002,-0.2051,9608.12,932.653
510800.SH,20191112,1.091,1.09,1.097,1.087,1.093,0.002,0.1833,154160.0,16838.675
512980.SH,20191112,0.74,0.74,0.741,0.732,0.739,-0.001,-0.1351,96019.0,7071.915
159954.SZ,20191112,0.993,0.996,1.001,0.995,1.0,0.007,0.7049,8121.22,811.446
510390.SH,20191112,4.05,4.053,4.061,4.019,4.045,-0.005,-0.1235,81579.5,32965.815
501053.SH,20191112,1.032,1.026,1.031,1.026,1.03,-0.002,-0.1938,268.43,27.648
161014.SZ,20191112,1.202,1.204,1.205,1.204,1.205,0.003,0.2496,1615.0,194.451
163417.SZ,20191112,1.063,1.063,1.065,1.056,1.061,-0.002,-0.1881,385647.25,40872.858
511310.SH,20191112,101.351,101.0,101.0,101.0,101.0,-0.351,-0.3463,0.1,1.01
512780.SH,20191112,0.735,0.739,0.739,0.731,0.736,0.001,0.1361,922.0,67.642
501054.SH,20191112,1.016,1.017,1.019,1.014,1.018,0.002,0.1969,122757.78,12473.289
510590.SH,20191112,4.999,5.012,5.017,4.95,5.002,0.003,0.06,48403.0,24131.922
169106.SZ,20191112,1.024,1.023,1.026,1.022,1.026,0.002,0.1953,9687.22,991.772
512160.SH,20191112,1.105,1.11,1.11,1.098,1.104,-0.001,-0.0905,430563.0,47477.306
512520.SH,20191112,1.09,1.09,1.093,1.081,1.09,0.0,0.0,36730.0,3990.424
512180.SH,20191112,1.06,1.07,1.07,1.053,1.059,-0.001,-0.0943,24476.0,2590.162
501057.SH,20191112,0.853,0.87,0.87,0.842,0.846,-0.007,-0.8206,1554.36,131.817
513900.SH,20191112,0.978,0.982,0.987,0.978,0.985,0.007,0.7157,15418.0,1515.24
512280.SH,20191112,1.058,1.062,1.064,1.053,1.061,0.003,0.2836,451478.42,47832.223
512770.SH,20191112,1.107,1.101,1.105,1.093,1.103,-0.004,-0.3613,5241.0,578.187
512090.SH,20191112,1.095,1.095,1.097,1.087,1.093,-0.002,-0.1826,279928.0,30581.013
512360.SH,20191112,1.108,1.104,1.107,1.1,1.106,-0.002,-0.1805,14282.0,1579.54
161039.SZ,20191112,1.094,1.094,1.094,1.094,1.094,0.0,0.0,10.0,1.094
164824.SZ,20191112,0.975,0.983,0.985,0.98,0.981,0.006,0.6154,147.0,14.449
501186.SH,20191112,1.057,1.057,1.06,1.056,1.059,0.002,0.1892,660066.65,69843.681
512390.SH,20191112,1.073,1.075,1.075,1.066,1.072,-0.001,-0.0932,23.0,2.463
161131.SZ,20191112,1.061,1.06,1.062,1.059,1.061,0.0,0.0,618851.66,65654.419
161728.SZ,20191112,1.054,1.053,1.057,1.053,1.056,0.002,0.1898,447519.4,47243.661
502036.SH,20191112,0.967,0.966,0.969,0.94,0.942,-0.025,-2.5853,144.0,13.656
502011.SH,20191112,0.998,0.998,0.999,0.998,0.999,0.001,0.1002,19538.03,1949.995
502010.SH,20191112,1.081,1.023,1.037,1.023,1.027,-0.054,-4.9954,4325.0,444.197
502012.SH,20191112,1.056,1.06,1.06,1.05,1.055,-0.001,-0.0947,16531.0,1740.402
502003.SH,20191112,1.164,1.164,1.164,1.14,1.164,0.0,0.0,283.0,32.699
502005.SH,20191112,1.325,1.328,1.328,1.303,1.323,-0.002,-0.1509,466.0,61.276
168101.SZ,20191112,1.078,1.082,1.084,1.073,1.082,0.004,0.3711,8684.98,936.915
502023.SH,20191112,0.716,0.716,0.716,0.71,0.716,0.0,0.0,63.24,4.513
150303.SZ,20191112,1.054,1.05,1.054,1.05,1.051,-0.003,-0.2846,82.0,8.618
150304.SZ,20191112,1.11,1.111,1.111,1.082,1.103,-0.007,-0.6306,5441.63,595.792
150329.SZ,20191112,1.019,1.019,1.021,1.019,1.02,0.001,0.0981,10874.59,1108.711
150330.SZ,20191112,1.769,1.784,1.798,1.768,1.784,0.015,0.8479,8098.77,1441.687
184801.SZ,20191112,95.465,95.465,96.35,95.442,96.35,0.885,0.927,122.75,1175.694
502056.SH,20191112,1.25,1.251,1.253,1.251,1.252,0.002,0.16,138.0,17.275
511830.SH,20191112,99.991,99.99,100.05,99.99,99.999,0.008,0.008,36.7,367.029
502055.SH,20191112,0.916,0.835,0.898,0.835,0.886,-0.03,-3.2751,806.0,68.565
150344.SZ,20191112,1.146,1.038,1.038,1.035,1.035,-0.111,-9.6859,46.0,4.771
510360.SH,20191112,1.283,1.283,1.285,1.271,1.279,-0.004,-0.3118,128030.0,16356.115
502053.SH,20191112,0.965,0.971,0.971,0.971,0.971,0.006,0.6218,2.0,0.194
502054.SH,20191112,1.048,1.03,1.038,1.03,1.038,-0.01,-0.9542,150.0,15.53
511820.SH,20191112,99.993,99.993,99.997,99.992,99.997,0.004,0.004,33.11,331.088
161226.SZ,20191112,0.845,0.839,0.842,0.832,0.839,-0.006,-0.7101,340785.73,28567.447
167501.SZ,20191112,1.127,1.126,1.128,1.126,1.127,0.0,0.0,2852.0,321.398
510580.SH,20191112,4.959,4.959,4.974,4.908,4.962,0.003,0.0605,67198.0,33197.784
161227.SZ,20191112,1.037,1.034,1.039,1.03,1.039,0.002,0.1929,1188.81,122.773
511980.SH,20191112,99.993,99.998,99.998,99.991,99.994,0.001,0.001,231.64,2316.234
511900.SH,20191112,99.995,99.995,107.8,99.993,100.002,0.007,0.007,2395.6,24152.832
511930.SH,20191112,99.991,100.0,100.0,100.0,100.0,0.009,0.009,0.03,0.3
161229.SZ,20191112,1.251,1.216,1.216,1.216,1.216,-0.035,-2.7978,1.0,0.121
501005.SH,20191112,1.039,1.039,1.069,1.033,1.041,0.002,0.1925,746.0,78.088
511960.SH,20191112,99.98,99.98,99.99,99.98,99.983,0.003,0.003,2.01,20.097
161033.SZ,20191112,1.103,1.09,1.105,1.071,1.098,-0.005,-0.4533,177.0,19.142
163907.SZ,20191112,0.851,0.853,0.866,0.853,0.866,0.015,1.7626,269.0,23.185
169103.SZ,20191112,1.27,1.268,1.276,1.268,1.271,0.001,0.0787,1087.0,137.997
168102.SZ,20191112,0.93,0.931,0.932,0.926,0.932,0.002,0.2151,18374.9,1707.522
166016.SZ,20191112,1.199,1.205,1.205,1.205,1.205,0.006,0.5004,28.0,3.374
163005.SZ,20191112,0.89,0.893,0.893,0.893,0.893,0.003,0.3371,5.0,0.446
501015.SH,20191112,0.841,0.834,0.837,0.825,0.833,-0.008,-0.9512,5224.72,432.653
150093.SZ,20191112,0.628,0.668,0.668,0.668,0.668,0.04,6.3694,1.0,0.066
164705.SZ,20191112,1.181,1.19,1.19,1.167,1.178,-0.003,-0.254,320.0,37.355
161831.SZ,20191112,0.987,0.987,1.004,0.986,0.991,0.004,0.4053,574.0,56.76
150196.SZ,20191112,1.04,1.04,1.041,1.04,1.04,0.0,0.0,49752.82,5174.5
150197.SZ,20191112,0.399,0.397,0.404,0.379,0.392,-0.007,-1.7544,1039754.35,40658.551
502048.SH,20191112,0.976,0.976,0.978,0.976,0.978,0.002,0.2049,74.79,7.309
502049.SH,20191112,1.01,1.01,1.01,1.009,1.009,-0.001,-0.099,10128.0,1022.847
502050.SH,20191112,0.946,0.947,0.951,0.941,0.951,0.005,0.5285,26129.5,2473.879
512340.SH,20191112,0.678,0.68,0.68,0.675,0.68,0.002,0.295,856.0,58.027
150100.SZ,20191112,1.016,1.018,1.018,1.017,1.017,0.001,0.0984,10031.0,1020.155
150101.SZ,20191112,0.953,0.906,0.984,0.906,0.939,-0.014,-1.469,295.0,27.069
512310.SH,20191112,0.459,0.459,0.459,0.452,0.454,-0.005,-1.0893,8771.12,398.519
166011.SZ,20191112,1.442,1.442,1.442,1.442,1.442,0.0,0.0,69.0,9.949
150219.SZ,20191112,1.1,1.1,1.1,1.088,1.088,-0.012,-1.0909,201.0,22.108
150220.SZ,20191112,0.944,0.946,0.952,0.939,0.952,0.008,0.8475,5804.0,548.863
512510.SH,20191112,1.076,1.075,1.077,1.061,1.075,-0.001,-0.0929,109589.0,11722.854
512500.SH,20191112,2.45,2.45,2.459,2.424,2.451,0.001,0.0408,945323.0,231130.199
150227.SZ,20191112,0.988,0.988,0.989,0.988,0.989,0.001,0.1012,5865.07,579.946
150228.SZ,20191112,0.96,0.961,0.969,0.96,0.967,0.007,0.7292,241805.43,23337.179
161722.SZ,20191112,1.058,1.062,1.119,1.062,1.119,0.061,5.7656,207.0,21.989
150230.SZ,20191112,1.35,1.386,1.389,1.343,1.389,0.039,2.8889,102.0,13.711
166012.SZ,20191112,1.139,1.101,1.109,1.101,1.109,-0.03,-2.6339,37.0,4.101
150229.SZ,20191112,1.005,1.006,1.006,1.006,1.006,0.001,0.0995,900.0,90.54
161225.SZ,20191112,1.306,1.309,1.32,1.308,1.32,0.014,1.072,1062.9,139.496
150232.SZ,20191112,1.052,1.043,1.069,1.043,1.065,0.013,1.2357,196.0,20.531
164906.SZ,20191112,1.293,1.293,1.315,1.293,1.311,0.018,1.3921,5469.0,714.564
150226.SZ,20191112,1.21,1.213,1.223,1.213,1.223,0.013,1.0744,6.0,0.73
150236.SZ,20191112,0.868,0.868,0.869,0.845,0.867,-0.001,-0.1152,2506.0,216.731
150247.SZ,20191112,1.036,1.036,1.036,1.036,1.036,0.0,0.0,30.0,3.108
150248.SZ,20191112,0.817,0.8,0.809,0.783,0.8,-0.017,-2.0808,161.06,12.902
510710.SH,20191112,3.319,3.32,3.348,3.305,3.325,0.006,0.1808,94635.0,31392.753
150252.SZ,20191112,0.679,0.641,0.747,0.641,0.692,0.013,1.9146,512.3,35.745
150265.SZ,20191112,1.037,1.053,1.053,1.053,1.053,0.016,1.5429,1.0,0.105
150266.SZ,20191112,0.855,0.844,0.863,0.824,0.846,-0.009,-1.0526,465.19,38.921
159943.SZ,20191112,10.533,10.533,10.6,10.36,10.555,0.022,0.2089,436.74,458.673
150274.SZ,20191112,1.065,1.023,1.087,1.023,1.087,0.022,2.0657,4.81,0.512
150261.SZ,20191112,1.042,1.062,1.062,1.04,1.04,-0.002,-0.1919,32.04,3.399
150262.SZ,20191112,1.235,1.21,1.255,1.21,1.255,0.02,1.6194,3346.21,412.315
510560.SH,20191112,1.046,1.042,1.047,1.037,1.047,0.001,0.0956,70.0,7.272
502013.SH,20191112,1.076,1.08,1.081,1.075,1.08,0.004,0.3717,2726.0,294.043
502014.SH,20191112,1.032,1.032,1.032,1.032,1.032,0.0,0.0,190.0,19.608
502015.SH,20191112,1.187,1.139,1.146,1.122,1.143,-0.044,-3.7068,125.0,14.177
150269.SZ,20191112,0.997,0.998,0.998,0.997,0.998,0.001,0.1003,20941.0,2087.911
150275.SZ,20191112,1.019,1.019,1.019,1.019,1.019,0.0,0.0,1406.89,143.362
150153.SZ,20191112,1.165,1.158,1.172,1.149,1.165,0.0,0.0,895987.92,104034.073
159932.SZ,20191112,1.36,1.359,1.359,1.359,1.359,-0.001,-0.0735,3.0,0.407
512010.SH,20191112,1.905,1.901,1.92,1.897,1.919,0.014,0.7349,209080.0,39883.216
159933.SZ,20191112,2.123,2.125,2.13,2.125,2.13,0.007,0.3297,74.6,15.876
510680.SH,20191112,2.605,2.603,2.603,2.501,2.502,-0.103,-3.9539,12.0,3.023
159934.SZ,20191112,3.24,3.222,3.225,3.201,3.211,-0.029,-0.8951,1698819.33,546730.127
513500.SH,20191112,2.009,2.009,2.017,2.007,2.017,0.008,0.3982,224180.0,45124.346
515300.SH,20191112,1.006,1.004,1.008,1.002,1.004,-0.002,-0.1988,53172.0,5342.723
515000.SH,20191112,1.189,1.191,1.193,1.172,1.189,0.0,0.0,3712779.0,439007.634
501086.SH,20191112,1.022,1.002,1.007,1.002,1.007,-0.015,-1.4677,338.0,33.873
515880.SH,20191112,0.998,0.999,1.002,0.976,0.992,-0.006,-0.6012,1461369.0,144001.166
512530.SH,20191112,0.993,0.991,0.995,0.988,0.993,0.0,0.0,22051.0,2185.613
515360.SH,20191112,3.84,3.835,3.835,3.809,3.814,-0.026,-0.6771,305.3,116.912
159977.SZ,20191112,1.673,1.675,1.678,1.654,1.672,-0.001,-0.0598,157338.54,26230.198
515050.SH,20191112,0.973,0.974,0.974,0.949,0.964,-0.009,-0.925,3536486.0,338774.65
515810.SH,20191112,0.94,0.939,0.943,0.933,0.941,0.001,0.1064,148999.0,13984.765
515860.SH,20191112,1.009,1.009,1.014,0.999,1.01,0.001,0.0991,193057.0,19408.697
515580.SH,20191112,1.016,1.018,1.021,1.008,1.017,0.001,0.0984,292297.77,29649.285
161118.SZ,20191112,0.986,0.986,0.987,0.975,0.987,0.001,0.1014,7855.83,771.545
160505.SZ,20191112,1.443,1.442,1.447,1.439,1.445,0.002,0.1386,18239.25,2629.477
160106.SZ,20191112,1.079,1.08,1.084,1.078,1.078,-0.001,-0.0927,880.0,95.045
161903.SZ,20191112,1.141,1.136,1.139,1.125,1.139,-0.002,-0.1753,8165.81,925.561
160706.SZ,20191112,1.128,1.127,1.13,1.12,1.127,-0.001,-0.0887,35564.94,4002.728
163302.SZ,20191112,1.074,1.07,1.071,1.07,1.071,-0.003,-0.2793,132.26,14.152
512120.SH,20191112,1.584,1.584,1.586,1.57,1.583,-0.001,-0.0631,15287.0,2417.035
150157.SZ,20191112,1.03,1.03,1.03,1.03,1.03,0.0,0.0,180.0,18.54
150158.SZ,20191112,1.091,1.075,1.1,1.075,1.097,0.006,0.55,2000.0,218.087
159935.SZ,20191112,1.378,1.378,1.387,1.345,1.377,-0.001,-0.0726,51.0,6.999
160220.SZ,20191112,1.35,1.351,1.351,1.35,1.35,0.0,0.0,284.19,38.366
150167.SZ,20191112,1.036,1.034,1.034,1.034,1.034,-0.002,-0.1931,39.0,4.032
150168.SZ,20191112,0.883,0.891,0.931,0.891,0.904,0.021,2.3783,90.0,8.209
150170.SZ,20191112,1.345,1.311,1.351,1.309,1.351,0.006,0.4461,156.0,20.445
150171.SZ,20191112,1.011,1.012,1.012,1.011,1.012,0.001,0.0989,17733.0,1793.579
150172.SZ,20191112,1.035,1.043,1.044,1.01,1.028,-0.007,-0.6763,170253.28,17457.443
150175.SZ,20191112,1.037,1.037,1.038,1.036,1.038,0.001,0.0964,22743.0,2358.645
150176.SZ,20191112,0.944,0.947,0.953,0.936,0.953,0.009,0.9534,43475.57,4113.735
150181.SZ,20191112,1.022,1.022,1.023,1.022,1.022,0.0,0.0,1368.78,139.998
150182.SZ,20191112,1.186,1.188,1.192,1.166,1.18,-0.006,-0.5059,92707.42,10924.622
150177.SZ,20191112,1.018,1.018,1.018,1.017,1.017,-0.001,-0.0982,971.0,98.837
150178.SZ,20191112,1.343,1.359,1.359,1.316,1.354,0.011,0.8191,2712.37,361.743
150179.SZ,20191112,1.017,1.018,1.018,1.017,1.018,0.001,0.0983,1245.0,126.681
150180.SZ,20191112,1.375,1.361,1.362,1.309,1.34,-0.035,-2.5455,2202.22,291.655
160812.SZ,20191112,1.496,1.501,1.501,1.49,1.5,0.004,0.2674,2698.81,404.53
160918.SZ,20191112,1.997,1.993,2.001,1.989,2.001,0.004,0.2003,482.0,96.312
150185.SZ,20191112,1.031,1.029,1.042,1.005,1.041,0.01,0.9699,2303.37,234.091
159936.SZ,20191112,1.33,1.33,1.33,1.316,1.325,-0.005,-0.3759,694.0,91.637
512600.SH,20191112,3.015,3.01,3.036,3.01,3.013,-0.002,-0.0663,208.0,62.793
512610.SH,20191112,1.496,1.499,1.499,1.491,1.491,-0.005,-0.3342,4.0,0.598
512640.SH,20191112,1.989,2.02,2.02,2.02,2.02,0.031,1.5586,23.0,4.646
161015.SZ,20191112,1.04,1.04,1.04,1.04,1.04,0.0,0.0,2.0,0.208
512070.SH,20191112,2.221,2.219,2.23,2.212,2.225,0.004,0.1801,41590.0,9234.157
160513.SZ,20191112,1.443,1.5,1.5,1.5,1.5,0.057,3.9501,1.01,0.151
512220.SH,20191112,1.319,1.28,1.309,1.275,1.288,-0.031,-2.3503,550.0,70.487
150186.SZ,20191112,0.993,0.993,0.994,0.993,0.993,0.0,0.0,1500.0,149.0
150187.SZ,20191112,1.018,1.011,1.038,1.011,1.015,-0.003,-0.2947,14.77,1.526
160133.SZ,20191112,2.788,2.786,2.793,2.779,2.786,-0.002,-0.0717,2105.14,585.629
150188.SZ,20191112,1.037,1.036,1.038,1.033,1.035,-0.002,-0.1929,155.13,16.04
150189.SZ,20191112,0.655,0.62,0.622,0.62,0.622,-0.033,-5.0382,2.37,0.147
513030.SH,20191112,1.093,1.092,1.099,1.092,1.098,0.005,0.4575,27444.0,3006.828
159937.SZ,20191112,3.266,3.25,3.25,3.229,3.234,-0.032,-0.9798,1293362.0,419342.982
150190.SZ,20191112,1.033,1.034,1.034,1.034,1.034,0.001,0.0968,3.34,0.345
150191.SZ,20191112,1.139,1.169,1.169,1.169,1.169,0.03,2.6339,1.0,0.116
150194.SZ,20191112,1.021,1.022,1.022,1.021,1.022,0.001,0.0979,34163.22,3491.389
150195.SZ,20191112,0.972,0.974,0.974,0.943,0.97,-0.002,-0.2058,118902.85,11407.749
512790.SH,20191112,0.99,0.99,0.99,0.977,0.982,-0.008,-0.8081,4167.0,408.393
159967.SZ,20191112,1.173,1.174,1.179,1.162,1.174,0.001,0.0853,81435.0,9530.605
159966.SZ,20191112,1.152,1.147,1.162,1.147,1.162,0.01,0.8681,262974.02,30459.9
159971.SZ,20191112,1.153,1.157,1.157,1.14,1.154,0.001,0.0867,23084.0,2647.838
512710.SH,20191112,0.984,0.982,0.986,0.967,0.98,-0.004,-0.4065,1038806.0,101394.364
513880.SH,20191112,1.08,1.085,1.092,1.083,1.092,0.012,1.1111,16702.0,1816.289
513000.SH,20191112,1.106,1.108,1.116,1.108,1.115,0.009,0.8137,10843.0,1203.436
512720.SH,20191112,1.097,1.095,1.099,1.075,1.091,-0.006,-0.5469,463195.0,50285.084
159972.SZ,20191112,100.45,100.631,100.681,100.621,100.621,0.171,0.1702,2206.5,22215.231
515650.SH,20191112,0.999,1.003,1.003,0.992,0.997,-0.002,-0.2002,146104.0,14552.242
515010.SH,20191112,0.936,0.933,0.94,0.928,0.935,-0.001,-0.1068,42776.77,3994.393
163801.SZ,20191112,1.418,1.401,1.417,1.4,1.417,-0.001,-0.0705,1500.36,211.642
510050.SH,20191112,3.013,3.02,3.025,3.001,3.017,0.004,0.1328,3935588.87,1186118.814
162703.SZ,20191112,1.783,1.783,1.789,1.766,1.782,-0.001,-0.0561,12070.33,2146.157
163503.SZ,20191112,0.443,0.445,0.445,0.441,0.444,0.001,0.2257,491.52,21.761
162607.SZ,20191112,0.561,0.561,0.564,0.559,0.564,0.003,0.5348,4211.65,235.675
159901.SZ,20191112,4.91,4.9,4.92,4.859,4.901,-0.009,-0.1833,352660.34,172542.203
162207.SZ,20191112,1.466,1.452,1.47,1.452,1.47,0.004,0.2729,2.0,0.292
159902.SZ,20191112,3.041,3.037,3.055,3.004,3.041,0.0,0.0,67100.0,20325.56
160610.SZ,20191112,1.03,1.035,1.035,1.014,1.034,0.004,0.3883,936.52,95.869
166001.SZ,20191112,1.304,1.288,1.317,1.288,1.317,0.013,0.9969,35.0,4.528
160613.SZ,20191112,1.5,1.528,1.528,1.528,1.528,0.028,1.8667,10.0,1.528
161010.SZ,20191112,1.108,1.107,1.11,1.107,1.11,0.002,0.1805,800.0,88.59
161810.SZ,20191112,2.118,2.105,2.13,2.066,2.099,-0.019,-0.8971,45913.26,9607.753
510060.SH,20191112,1.835,1.869,1.869,1.811,1.819,-0.016,-0.8719,887.51,161.777
510010.SH,20191112,1.157,1.171,1.182,1.155,1.155,-0.002,-0.1729,267.0,31.465
162307.SZ,20191112,1.219,1.25,1.25,1.205,1.205,-0.014,-1.1485,301.0,37.62
165309.SZ,20191112,1.248,1.25,1.25,1.25,1.25,0.002,0.1603,7.0,0.875
160211.SZ,20191112,2.362,2.345,2.39,2.342,2.384,0.022,0.9314,918.0,216.146
162711.SZ,20191112,1.08,1.072,1.08,1.068,1.073,-0.007,-0.6481,275.0,29.453
160716.SZ,20191112,1.587,1.59,1.594,1.583,1.592,0.005,0.3151,3047.03,483.612
161706.SZ,20191112,1.808,1.808,1.817,1.777,1.812,0.004,0.2212,3086.0,553.389
160105.SZ,20191112,0.965,0.979,0.979,0.959,0.959,-0.006,-0.6218,148.0,14.48
162605.SZ,20191112,1.769,1.766,1.775,1.763,1.769,0.0,0.0,37218.77,6581.786
161607.SZ,20191112,1.187,1.163,1.173,1.161,1.173,-0.014,-1.1794,360.77,42.078
161005.SZ,20191112,2.27,2.268,2.27,2.258,2.27,0.0,0.0,13644.72,3088.892
163402.SZ,20191112,0.681,0.681,0.682,0.676,0.68,-0.001,-0.1468,112813.54,7663.469
510180.SH,20191112,3.523,3.523,3.535,3.501,3.524,0.001,0.0284,204078.0,71734.476
150008.SZ,20191112,0.962,0.962,0.964,0.961,0.964,0.002,0.2079,385.12,37.088
510130.SH,20191112,3.805,3.791,3.96,3.791,3.792,-0.013,-0.3417,33.43,12.856
150018.SZ,20191112,1.031,1.031,1.033,1.029,1.029,-0.002,-0.194,107443.55,11066.634
150012.SZ,20191112,1.014,1.014,1.015,1.014,1.015,0.001,0.0986,1271.84,128.987
160607.SZ,20191112,0.78,0.779,0.78,0.772,0.78,0.0,0.0,2158.66,167.331
510880.SH,20191112,2.74,2.74,2.747,2.73,2.745,0.005,0.1825,100193.53,27453.927
160611.SZ,20191112,0.993,0.992,0.992,0.983,0.99,-0.003,-0.3021,292.0,28.733
150193.SZ,20191112,1.085,1.041,1.083,1.041,1.069,-0.016,-1.4747,9790.0,1052.499
169101.SZ,20191112,1.573,1.583,1.583,1.56,1.566,-0.007,-0.445,17203.63,2693.356
501188.SH,20191112,1.07,1.068,1.072,1.068,1.071,0.001,0.0935,427715.93,45745.994
501189.SH,20191112,1.047,1.046,1.05,1.045,1.049,0.002,0.191,269952.43,28301.285
160142.SZ,20191112,1.075,1.074,1.076,1.072,1.073,-0.002,-0.186,337250.37,36253.558
160726.SZ,20191112,1.268,1.268,1.268,1.258,1.266,-0.002,-0.1577,15727.55,1986.365
510600.SH,20191112,3.057,3.075,3.075,3.047,3.063,0.006,0.1963,63197.0,19337.166
511270.SH,20191112,101.369,101.368,101.377,101.368,101.376,0.007,0.0069,112.0,1135.408
512850.SH,20191112,1.029,1.033,1.034,1.02,1.032,0.003,0.2915,304.0,31.209
501062.SH,20191112,0.966,0.966,0.966,0.957,0.962,-0.004,-0.4141,30634.33,2943.852
512820.SH,20191112,1.152,1.151,1.159,1.151,1.156,0.004,0.3472,106320.0,12291.086
501060.SH,20191112,1.23,1.221,1.226,1.22,1.226,-0.004,-0.3252,900.0,110.11
512860.SH,20191112,1.239,1.243,1.243,1.233,1.24,0.001,0.0807,2066.0,256.556
159959.SZ,20191112,0.998,0.998,1.001,0.992,0.997,-0.001,-0.1002,34774.01,3469.155
501310.SH,20191112,0.973,0.98,0.98,0.963,0.974,0.001,0.1028,426.0,41.319
512960.SH,20191112,0.948,0.945,0.953,0.942,0.949,0.001,0.1055,113267.0,10733.428
512950.SH,20191112,0.954,0.954,0.956,0.945,0.953,-0.001,-0.1048,44174.01,4196.328
501065.SH,20191112,1.253,1.234,1.249,1.234,1.249,-0.004,-0.3192,2440.56,302.733
159960.SZ,20191112,1.013,1.01,1.039,1.008,1.03,0.017,1.6782,103971.0,10705.63
161132.SZ,20191112,1.199,1.193,1.198,1.19,1.197,-0.002,-0.1668,770.0,91.858
512040.SH,20191112,1.117,1.126,1.126,1.109,1.117,0.0,0.0,47451.0,5286.292
501066.SH,20191112,1.378,1.395,1.395,1.354,1.369,-0.009,-0.6531,557.0,76.214
512920.SH,20191112,1.223,1.219,1.219,1.219,1.219,-0.004,-0.3271,2000.0,243.8
160314.SZ,20191112,1.015,1.01,1.023,1.008,1.009,-0.006,-0.5911,1242.0,125.752
160615.SZ,20191112,1.688,1.662,1.662,1.661,1.662,-0.026,-1.5403,5.0,0.83
160119.SZ,20191112,1.254,1.26,1.261,1.249,1.254,0.0,0.0,14308.8,1792.715
159903.SZ,20191112,0.983,1.055,1.065,1.054,1.065,0.082,8.3418,9663.0,1024.945
166006.SZ,20191112,1.326,1.348,1.348,1.295,1.32,-0.006,-0.4525,265.0,35.472
510020.SH,20191112,2.881,2.857,2.857,2.848,2.848,-0.033,-1.1454,1102.0,314.137
160616.SZ,20191112,1.114,1.121,1.128,1.105,1.126,0.012,1.0772,1332.0,149.664
163001.SZ,20191112,1.17,1.169,1.169,1.169,1.169,-0.001,-0.0855,125.0,14.612
510030.SH,20191112,5.351,5.334,5.349,5.316,5.331,-0.02,-0.3738,133.0,71.048
510090.SH,20191112,1.857,1.81,1.814,1.81,1.814,-0.043,-2.3156,13.0,2.358
150017.SZ,20191112,1.167,1.146,1.156,1.145,1.156,-0.011,-0.9426,1190.78,137.329
150013.SZ,20191112,1.063,1.021,1.073,1.021,1.06,-0.003,-0.2822,553.85,57.589
150019.SZ,20191112,0.981,0.975,0.988,0.97,0.988,0.007,0.7136,1266248.24,124102.931
150023.SZ,20191112,0.232,0.232,0.234,0.231,0.234,0.002,0.8621,345440.62,8018.543
160807.SZ,20191112,1.337,1.336,1.336,1.336,1.336,-0.001,-0.0748,116.0,15.497
160215.SZ,20191112,1.487,1.48,1.484,1.467,1.484,-0.003,-0.2017,2237.0,330.007
510160.SH,20191112,0.553,0.545,0.548,0.545,0.548,-0.005,-0.9042,1166.0,63.665
510110.SH,20191112,3.785,3.804,3.804,3.795,3.795,0.01,0.2642,35.0,13.31
160717.SZ,20191112,0.837,0.836,0.837,0.831,0.831,-0.006,-0.7168,1252.22,104.804
163407.SZ,20191112,2.042,2.04,2.045,2.036,2.042,0.0,0.0,4489.96,916.072
159905.SZ,20191112,1.961,1.957,1.963,1.939,1.953,-0.008,-0.408,340231.28,66326.42
510190.SH,20191112,3.309,3.299,3.309,3.245,3.262,-0.047,-1.4204,1828.0,600.423
150022.SZ,20191112,0.833,0.832,0.833,0.825,0.83,-0.003,-0.3601,112732.38,9336.94
510210.SH,20191112,3.706,3.714,3.725,3.685,3.712,0.006,0.1619,11502.0,4262.574
166008.SZ,20191112,1.07,1.074,1.074,1.074,1.074,0.004,0.3738,9.0,0.966
510170.SH,20191112,1.594,1.587,1.594,1.545,1.575,-0.019,-1.192,2343.0,364.465
161815.SZ,20191112,0.483,0.483,0.484,0.479,0.479,-0.004,-0.8282,551.0,26.554
510150.SH,20191112,5.398,5.404,5.414,5.363,5.411,0.013,0.2408,12575.0,6788.945
150028.SZ,20191112,1.018,1.017,1.018,1.017,1.018,0.0,0.0,1364.0,138.768
159906.SZ,20191112,0.911,0.91,0.916,0.9,0.91,-0.001,-0.1098,299.0,27.117
510220.SH,20191112,4.025,3.94,4.04,3.916,4.025,0.0,0.0,287.0,114.264
161714.SZ,20191112,1.06,1.062,1.066,1.053,1.066,0.006,0.566,104.0,11.028
150029.SZ,20191112,1.115,1.088,1.136,1.088,1.131,0.016,1.435,686.0,74.655
150032.SZ,20191112,1.016,1.017,1.017,1.017,1.017,0.001,0.0984,40.4,4.108
161907.SZ,20191112,1.642,1.632,1.632,1.63,1.63,-0.012,-0.7308,6.0,0.978
150031.SZ,20191112,0.999,0.954,1.01,0.954,1.01,0.011,1.1011,13.44,1.293
150030.SZ,20191112,1.039,1.039,1.039,1.039,1.039,0.0,0.0,3.54,0.367
163110.SZ,20191112,1.528,1.528,1.528,1.519,1.525,-0.003,-0.1963,508.0,77.224
160719.SZ,20191112,0.821,0.821,0.821,0.815,0.815,-0.006,-0.7308,1596.0,130.713
163409.SZ,20191112,1.799,1.811,1.811,1.77,1.77,-0.029,-1.612,428.0,75.814
510230.SH,20191112,5.804,5.773,5.821,5.773,5.809,0.005,0.0861,36537.0,21225.889
161116.SZ,20191112,0.782,0.78,0.784,0.771,0.774,-0.008,-1.023,7143.0,552.44
510120.SH,20191112,3.179,3.163,3.163,2.996,2.999,-0.18,-5.6622,12.0,3.681
150037.SZ,20191112,1.919,1.879,1.879,1.879,1.879,-0.04,-2.0844,0.08,0.015
159909.SZ,20191112,4.781,4.79,4.79,4.689,4.754,-0.027,-0.5647,2737.0,1289.697
510270.SH,20191112,1.143,1.117,1.167,1.116,1.116,-0.027,-2.3622,839.02,95.167
159910.SZ,20191112,1.861,1.887,1.887,1.839,1.855,-0.006,-0.3224,8123.0,1501.909
159911.SZ,20191112,4.042,3.961,3.961,3.961,3.961,-0.081,-2.004,2.0,0.792
164701.SZ,20191112,0.698,0.696,0.696,0.684,0.692,-0.006,-0.8596,188.0,12.879
159912.SZ,20191112,1.308,1.308,1.311,1.286,1.307,-0.001,-0.0765,2178.0,282.593
160512.SZ,20191112,1.975,1.939,1.939,1.939,1.939,-0.036,-1.8228,112.0,21.716
159908.SZ,20191112,1.443,1.447,1.447,1.426,1.439,-0.004,-0.2772,6366.0,914.439
159907.SZ,20191112,1.23,1.225,1.232,1.214,1.232,0.002,0.1626,2726.0,332.767
161217.SZ,20191112,0.594,0.582,0.593,0.582,0.593,-0.001,-0.1684,102.0,6.035
159915.SZ,20191112,1.61,1.61,1.616,1.593,1.611,0.001,0.0621,2783940.04,446876.481
159916.SZ,20191112,4.197,4.198,4.26,3.991,4.161,-0.036,-0.8578,1410.0,584.045
165513.SZ,20191112,0.402,0.404,0.404,0.4,0.402,0.0,0.0,551.0,22.143
161017.SZ,20191112,1.585,1.587,1.588,1.572,1.583,-0.002,-0.1262,8158.44,1289.712
510290.SH,20191112,1.4,1.4,1.402,1.382,1.398,-0.002,-0.1429,11561.0,1613.099
160125.SZ,20191112,1.082,1.09,1.09,1.08,1.08,-0.002,-0.1848,141.39,15.28
159913.SZ,20191112,1.908,1.91,1.91,1.869,1.907,-0.001,-0.0524,356.0,66.837
162411.SZ,20191112,0.392,0.389,0.394,0.389,0.394,0.002,0.5102,838263.58,32803.806
150049.SZ,20191112,1.01,1.013,1.013,1.01,1.011,0.001,0.099,1228.56,124.248
150048.SZ,20191112,1.425,1.402,1.402,1.402,1.402,-0.023,-1.614,17.0,2.383
150066.SZ,20191112,0.983,0.985,0.985,0.985,0.985,0.002,0.2035,200.0,19.7
150051.SZ,20191112,1.028,1.031,1.031,1.028,1.028,0.0,0.0,28011.0,2883.091
150052.SZ,20191112,1.387,1.376,1.395,1.37,1.394,0.007,0.5047,53816.89,7449.008
150056.SZ,20191112,1.096,1.049,1.05,1.017,1.017,-0.079,-7.208,201.58,21.128
150050.SZ,20191112,1.627,1.595,1.642,1.577,1.633,0.006,0.3688,1108.0,176.298
159918.SZ,20191112,1.455,1.5,1.5,1.4,1.495,0.04,2.7491,326.0,46.161
160416.SZ,20191112,1.006,1.004,1.015,1.004,1.009,0.003,0.2982,469.0,47.29
163412.SZ,20191112,3.621,3.622,3.641,3.604,3.624,0.003,0.0829,5754.71,2082.011
510410.SH,20191112,0.568,0.567,0.57,0.562,0.567,-0.001,-0.1761,38487.0,2176.578
160216.SZ,20191112,0.463,0.464,0.468,0.463,0.467,0.004,0.8639,42028.32,1954.28
159919.SZ,20191112,3.969,3.969,3.977,3.934,3.959,-0.01,-0.252,1076442.22,425987.274
510300.SH,20191112,3.967,3.962,3.979,3.938,3.962,-0.005,-0.126,3300546.6,1306746.07
161117.SZ,20191112,1.05,1.051,1.051,1.051,1.051,0.001,0.0952,200.0,21.02
163415.SZ,20191112,2.037,2.025,2.049,2.023,2.036,-0.001,-0.0491,2600.0,528.574
510330.SH,20191112,3.973,3.973,3.987,3.944,3.97,-0.003,-0.0755,1415915.0,561796.178
511990.SH,20191112,99.997,99.995,99.997,99.993,99.996,-0.001,-0.001,699623.25,6995840.044
159922.SZ,20191112,5.139,5.139,5.148,5.082,5.143,0.004,0.0778,420500.0,215307.321
510500.SH,20191112,5.265,5.268,5.283,5.21,5.268,0.003,0.057,2070238.28,1086820.856
150117.SZ,20191112,1.049,1.049,1.05,1.049,1.05,0.001,0.0953,1371.94,143.973
150118.SZ,20191112,0.979,0.985,0.985,0.973,0.979,0.0,0.0,12651.67,1236.036
159923.SZ,20191112,1.759,1.75,1.77,1.75,1.766,0.007,0.398,1475.0,259.193
510310.SH,20191112,1.729,1.73,1.735,1.718,1.727,-0.002,-0.1157,451969.0,78020.163
511010.SH,20191112,118.229,118.261,118.39,118.255,118.27,0.041,0.0347,4804.0,56843.216
160212.SZ,20191112,2.37,2.37,2.383,2.352,2.382,0.012,0.5063,2085.36,494.65
510660.SH,20191112,1.918,1.919,1.919,1.891,1.916,-0.002,-0.1043,2811.0,535.556
510650.SH,20191112,1.99,1.995,1.995,1.99,1.99,0.0,0.0,59.0,11.768
510630.SH,20191112,2.988,2.988,3.003,2.964,3.0,0.012,0.4016,5999.0,1797.748
159925.SZ,20191112,1.72,1.72,1.721,1.708,1.715,-0.005,-0.2907,3016.48,517.038
150124.SZ,20191112,0.842,0.841,0.841,0.821,0.837,-0.005,-0.5938,4215.0,352.754
163210.SZ,20191112,1.014,1.016,1.016,1.012,1.014,0.0,0.0,9033.0,914.307
510510.SH,20191112,1.397,1.397,1.4,1.384,1.4,0.003,0.2147,159975.0,22265.426
511880.SH,20191112,102.305,102.309,102.312,102.298,102.308,0.003,0.0029,635146.6,6497897.446
165313.SZ,20191112,1.588,1.586,1.588,1.57,1.571,-0.017,-1.0705,2345.56,371.855
159001.SZ,20191112,100.0,100.0,100.001,99.999,100.0,0.0,0.0,2187616.35,21876163.931
161911.SZ,20191112,1.008,1.009,1.014,1.008,1.012,0.004,0.3968,15825.0,1599.595
162715.SZ,20191112,1.115,1.084,1.084,1.084,1.084,-0.031,-2.7803,0.48,0.052
513100.SH,20191112,2.978,2.975,2.993,2.973,2.993,0.015,0.5037,215429.16,64284.179
159926.SZ,20191112,110.602,110.1,110.1,110.1,110.1,-0.502,-0.4539,6.0,66.06
159003.SZ,20191112,100.0,100.0,100.001,99.999,100.0,0.0,0.0,563.0,5630.005
518880.SH,20191112,3.266,3.25,3.25,3.228,3.233,-0.033,-1.0104,2453906.0,795877.741
518800.SH,20191112,3.237,3.226,3.226,3.198,3.206,-0.031,-0.9577,307234.0,98717.742
150144.SZ,20191112,1.189,1.186,1.209,1.186,1.201,0.012,1.0093,806.0,95.655
159929.SZ,20191112,1.579,1.58,1.586,1.57,1.586,0.007,0.4433,62304.0,9839.961
159928.SZ,20191112,3.044,3.045,3.066,3.032,3.057,0.013,0.4271,63718.0,19429.353
159930.SZ,20191112,0.671,0.671,0.671,0.664,0.669,-0.002,-0.2981,4813.0,321.056
159931.SZ,20191112,1.756,1.734,1.757,1.73,1.745,-0.011,-0.6264,1484.0,257.887
150149.SZ,20191112,0.715,0.718,0.718,0.708,0.716,0.001,0.1399,5138.0,366.185
160515.SZ,20191112,1.048,1.049,1.049,1.048,1.048,0.0,0.0,3877.0,406.373
150130.SZ,20191112,1.066,1.069,1.069,1.061,1.062,-0.004,-0.3752,9155.0,973.223
150131.SZ,20191112,1.761,1.763,1.783,1.752,1.781,0.02,1.1357,99145.7,17540.334
150152.SZ,20191112,1.04,1.041,1.042,1.04,1.041,0.001,0.0962,53129.41,5529.673
162006.SZ,20191112,1.18,1.19,1.19,1.181,1.181,0.001,0.0847,13.0,1.538
160910.SZ,20191112,1.123,1.102,1.102,1.102,1.102,-0.021,-1.87,22.22,2.448
160805.SZ,20191112,0.77,0.79,0.79,0.772,0.772,0.002,0.2597,59.0,4.589
160311.SZ,20191112,1.588,1.568,1.587,1.568,1.586,-0.002,-0.1259,392.18,61.958
161610.SZ,20191112,1.182,1.188,1.189,1.179,1.189,0.007,0.5922,3976.64,469.747
512870.SH,20191112,1.19,1.177,1.198,1.177,1.19,0.0,0.0,1024.0,121.88
159961.SZ,20191112,1.416,1.417,1.417,1.403,1.412,-0.004,-0.2825,599.0,84.46
512260.SH,20191112,1.125,1.131,1.131,1.115,1.126,0.001,0.0889,98923.0,11089.471
510850.SH,20191112,3.005,3.003,3.016,2.992,3.007,0.002,0.0666,517281.7,155451.72
510550.SH,20191112,1.152,1.153,1.168,1.142,1.168,0.016,1.3889,8283.0,954.123
501064.SH,20191112,1.305,1.277,1.297,1.267,1.297,-0.008,-0.613,78.0,9.896
501069.SH,20191112,1.014,1.008,1.013,1.003,1.013,-0.001,-0.0986,1083.0,108.676
513680.SH,20191112,0.975,0.955,0.968,0.955,0.962,-0.013,-1.3333,2.0,0.192
512150.SH,20191112,1.283,1.28,1.285,1.273,1.282,-0.001,-0.0779,2251.0,287.709
512890.SH,20191112,1.132,1.134,1.135,1.127,1.132,0.0,0.0,30202.0,3414.297
159962.SZ,20191112,1.049,1.019,1.025,1.017,1.025,-0.024,-2.2879,80.0,8.158
159963.SZ,20191112,0.978,0.985,0.987,0.977,0.985,0.007,0.7157,37056.02,3633.522
501071.SH,20191112,1.115,1.118,1.118,1.11,1.116,0.001,0.0897,18779.77,2088.584
