ts_code,trade_date,pre_close,open,high,low,close,change,pct_chg,vol,amount
502008.SH,20191205,0.958,0.958,0.99,0.958,0.99,0.032,3.3403,782.99,77.274
501000.SH,20191205,1.098,1.14,1.14,1.03,1.038,-0.06,-5.4645,246.0,27.396
501001.SH,20191205,1.073,1.066,1.088,1.064,1.088,0.015,1.3979,1951.0,207.594
512330.SH,20191205,0.897,0.897,0.918,0.894,0.911,0.014,1.5608,215087.21,19496.069
502036.SH,20191205,0.918,0.901,0.915,0.893,0.915,-0.003,-0.3268,100.0,9.101
502010.SH,20191205,1.023,1.023,1.037,1.023,1.036,0.013,1.2708,10731.18,1110.356
502012.SH,20191205,1.045,1.057,1.074,1.055,1.072,0.027,2.5837,38237.35,4081.256
502011.SH,20191205,1.002,1.002,1.002,1.001,1.002,0.0,0.0,4909.0,491.564
502003.SH,20191205,1.177,1.176,1.191,1.176,1.191,0.014,1.1895,827.71,98.074
502004.SH,20191205,1.002,1.002,1.002,1.002,1.002,0.0,0.0,267.0,26.753
502005.SH,20191205,1.346,1.354,1.38,1.354,1.379,0.033,2.4517,1332.77,182.744
502023.SH,20191205,0.713,0.735,0.735,0.713,0.714,0.001,0.1403,8.0,0.573
502025.SH,20191205,0.461,0.441,0.469,0.441,0.462,0.001,0.2169,5.0,0.228
502040.SH,20191205,1.253,1.258,1.263,1.255,1.263,0.01,0.7981,225.96,28.496
502041.SH,20191205,1.0,1.083,1.083,0.986,0.989,-0.011,-1.1,654.0,68.0
502056.SH,20191205,1.242,1.242,1.308,1.242,1.279,0.037,2.9791,936.0,119.72
502057.SH,20191205,1.055,1.055,1.055,1.055,1.055,0.0,0.0,350.0,36.925
502058.SH,20191205,1.572,1.415,1.53,1.415,1.53,-0.042,-2.6718,692.05,98.369
511830.SH,20191205,100.003,100.998,101.0,100.012,100.012,0.009,0.009,168.43,1700.027
510360.SH,20191205,1.263,1.267,1.275,1.266,1.273,0.01,0.7918,95019.0,12079.461
502053.SH,20191205,0.886,0.966,0.966,0.89,0.928,0.042,4.7404,546.68,50.302
502054.SH,20191205,0.986,0.985,0.986,0.985,0.986,0.0,0.0,7028.0,692.801
502055.SH,20191205,0.787,0.825,0.825,0.79,0.81,0.023,2.9225,1135.0,91.498
510580.SH,20191205,5.019,5.032,5.081,5.02,5.062,0.043,0.8567,65775.0,33199.017
511980.SH,20191205,99.993,99.993,99.994,99.988,99.993,0.0,0.0,59.51,595.052
511900.SH,20191205,99.992,99.989,99.992,99.963,99.99,-0.002,-0.002,1096.23,10961.158
501005.SH,20191205,1.011,1.018,1.024,1.016,1.017,0.006,0.5935,3229.94,329.612
511820.SH,20191205,99.988,99.987,99.987,99.976,99.978,-0.01,-0.01,206.0,2059.534
501015.SH,20191205,0.836,0.832,0.846,0.832,0.846,0.01,1.1962,5163.08,430.645
501017.SH,20191205,0.862,0.86,0.861,0.86,0.861,-0.001,-0.116,2053.06,176.613
501018.SH,20191205,1.1,1.119,1.121,1.117,1.118,0.018,1.6364,50772.55,5681.365
501021.SH,20191205,1.436,1.444,1.45,1.438,1.444,0.008,0.5571,2381.0,343.349
511850.SH,20191205,99.994,99.991,99.994,99.986,99.993,-0.001,-0.001,9725.15,97241.035
512660.SH,20191205,0.735,0.737,0.746,0.737,0.745,0.01,1.3605,1152295.04,85430.128
511910.SH,20191205,99.988,99.961,99.961,99.961,99.961,-0.027,-0.027,10.0,99.961
512880.SH,20191205,0.907,0.91,0.923,0.91,0.921,0.014,1.5436,8559510.53,785402.346
511970.SH,20191205,99.999,99.947,99.947,99.947,99.947,-0.052,-0.052,0.03,0.3
512810.SH,20191205,0.71,0.711,0.719,0.711,0.717,0.007,0.9859,8204.0,586.838
510810.SH,20191205,0.885,0.885,0.894,0.885,0.892,0.007,0.791,86745.66,7725.105
512680.SH,20191205,0.744,0.744,0.755,0.744,0.753,0.009,1.2097,78738.0,5905.837
512000.SH,20191205,0.863,0.866,0.879,0.866,0.878,0.015,1.7381,4265998.99,372564.708
501026.SH,20191205,0.85,0.865,0.865,0.856,0.858,0.008,0.9412,155.38,13.324
511660.SH,20191205,99.996,99.991,99.993,99.988,99.992,-0.004,-0.004,64610.74,646043.824
512100.SH,20191205,0.662,0.664,0.671,0.662,0.668,0.006,0.9063,214663.0,14299.094
501022.SH,20191205,1.042,1.042,1.046,1.042,1.046,0.004,0.3839,3920.23,409.076
501023.SH,20191205,1.046,1.099,1.103,1.097,1.1,0.054,5.1625,258.0,28.38
511600.SH,20191205,100.004,100.001,100.006,100.0,100.0,-0.004,-0.004,175.03,1750.384
511690.SH,20191205,99.994,99.997,99.997,99.989,99.994,0.0,0.0,8339.55,83387.685
511700.SH,20191205,100.016,100.011,100.017,100.007,100.017,0.001,0.001,489.9,4899.652
501050.SH,20191205,1.298,1.3,1.309,1.3,1.305,0.007,0.5393,13062.79,1703.895
501025.SH,20191205,1.043,1.046,1.046,1.043,1.044,0.001,0.0959,20.0,2.09
501028.SH,20191205,0.952,0.954,0.965,0.954,0.962,0.01,1.0504,3177.42,304.647
501300.SH,20191205,1.073,1.09,1.09,1.075,1.076,0.003,0.2796,1851.75,201.328
501029.SH,20191205,0.932,0.935,0.936,0.932,0.936,0.004,0.4292,26708.19,2495.948
501007.SH,20191205,0.986,0.998,1.021,0.979,1.019,0.033,3.3469,540.0,53.995
501011.SH,20191205,0.757,0.757,0.762,0.753,0.757,0.0,0.0,1911.0,144.995
501012.SH,20191205,0.749,0.749,0.753,0.749,0.753,0.004,0.534,81.0,6.098
501009.SH,20191205,1.275,1.27,1.3,1.27,1.288,0.013,1.0196,1494.44,193.106
501030.SH,20191205,0.535,0.536,0.54,0.536,0.54,0.005,0.9346,145.0,7.812
501010.SH,20191205,1.276,1.286,1.286,1.286,1.286,0.01,0.7837,15.47,1.989
501031.SH,20191205,0.532,0.532,0.532,0.532,0.532,0.0,0.0,100.0,5.32
513050.SH,20191205,1.31,1.315,1.32,1.312,1.314,0.004,0.3053,146990.0,19330.507
511650.SH,20191205,99.992,99.991,99.992,99.987,99.988,-0.004,-0.004,2170.0,21697.578
501032.SH,20191205,0.763,0.765,0.765,0.765,0.765,0.002,0.2621,100.0,7.65
512580.SH,20191205,0.73,0.732,0.741,0.729,0.739,0.009,1.2329,104931.0,7723.204
512900.SH,20191205,0.883,0.884,0.898,0.884,0.897,0.014,1.5855,282834.0,25235.816
511770.SH,20191205,99.975,99.921,99.989,99.921,99.989,0.014,0.014,3.0,29.989
501019.SH,20191205,0.779,0.779,0.791,0.779,0.791,0.012,1.5404,4921.23,385.098
501301.SH,20191205,1.146,1.17,1.17,1.15,1.155,0.009,0.7853,581.0,67.118
501016.SH,20191205,0.972,0.976,0.986,0.976,0.985,0.013,1.3374,9773.23,960.29
512550.SH,20191205,1.228,1.23,1.237,1.228,1.235,0.007,0.57,64537.0,7946.624
512200.SH,20191205,0.84,0.84,0.845,0.84,0.845,0.005,0.5952,19559.0,1648.473
512700.SH,20191205,1.189,1.19,1.196,1.185,1.196,0.007,0.5887,29948.0,3564.105
512800.SH,20191205,1.089,1.092,1.098,1.09,1.097,0.008,0.7346,956939.0,104746.464
512400.SH,20191205,0.644,0.645,0.647,0.638,0.646,0.002,0.3106,142226.77,9132.898
512560.SH,20191205,0.796,0.799,0.805,0.798,0.803,0.007,0.8794,3408.0,273.633
512570.SH,20191205,0.866,0.869,0.879,0.869,0.878,0.012,1.3857,3316.0,289.893
501036.SH,20191205,0.798,0.799,0.806,0.799,0.805,0.007,0.8772,737.55,59.189
501037.SH,20191205,0.798,0.8,0.806,0.798,0.806,0.008,1.0025,241.0,19.259
501038.SH,20191205,1.191,1.191,1.198,1.189,1.194,0.003,0.2519,10237.47,1221.715
511260.SH,20191205,107.823,107.823,107.9,107.823,107.876,0.053,0.0492,167.0,1800.958
511620.SH,20191205,99.978,99.965,99.969,99.965,99.969,-0.009,-0.009,1.1,10.996
511670.SH,20191205,99.992,99.992,99.992,99.933,99.99,-0.002,-0.002,552.99,5529.264
501043.SH,20191205,1.062,1.065,1.075,1.065,1.072,0.01,0.9416,2182.24,232.738
501045.SH,20191205,1.062,1.09,1.09,1.061,1.065,0.003,0.2825,51.0,5.478
501046.SH,20191205,1.304,1.305,1.348,1.305,1.344,0.04,3.0675,15911.66,2123.549
510380.SH,20191205,0.992,1.002,1.003,0.999,1.003,0.011,1.1089,1000.0,100.276
501047.SH,20191205,0.925,0.934,0.939,0.93,0.939,0.014,1.5135,1191.0,111.39
501048.SH,20191205,0.935,0.94,0.947,0.936,0.94,0.005,0.5348,467.0,44.171
501049.SH,20191205,1.088,1.09,1.094,1.086,1.093,0.005,0.4596,22677.71,2472.607
160415.SZ,20191205,1.192,1.158,1.158,1.158,1.158,-0.034,-2.8523,16.0,1.852
160610.SZ,20191205,1.03,1.021,1.048,1.021,1.041,0.011,1.068,1330.95,137.948
160716.SZ,20191205,1.565,1.566,1.577,1.566,1.566,0.001,0.0639,3271.0,512.792
161118.SZ,20191205,0.976,0.98,0.99,0.98,0.989,0.013,1.332,2717.39,267.614
161713.SZ,20191205,1.017,1.022,1.022,1.017,1.022,0.005,0.4916,341.0,34.697
161728.SZ,20191205,1.042,1.042,1.047,1.042,1.046,0.004,0.3839,51905.9,5418.766
164808.SZ,20191205,1.076,1.076,1.076,1.076,1.076,0.0,0.0,125.0,13.45
167001.SZ,20191205,0.785,0.785,0.795,0.785,0.794,0.009,1.1465,2569.12,204.043
168101.SZ,20191205,1.094,1.1,1.112,1.087,1.107,0.013,1.1883,39992.0,4411.647
150018.SZ,20191205,1.03,1.03,1.03,1.028,1.029,-0.001,-0.0971,31943.2,3287.705
150031.SZ,20191205,1.029,1.03,1.055,1.03,1.055,0.026,2.5267,2150.59,223.742
150117.SZ,20191205,1.047,1.046,1.047,1.045,1.047,0.0,0.0,994.0,103.942
150123.SZ,20191205,1.057,1.057,1.058,1.056,1.058,0.001,0.0946,738.0,77.985
150146.SZ,20191205,1.155,1.263,1.263,1.248,1.248,0.093,8.0519,127.0,15.884
150164.SZ,20191205,0.981,0.981,0.981,0.981,0.981,0.0,0.0,685.49,67.246
150165.SZ,20191205,1.092,1.085,1.13,1.085,1.13,0.038,3.4799,1110.64,125.348
150171.SZ,20191205,1.017,1.017,1.017,1.015,1.016,-0.001,-0.0983,3411.87,346.68
150182.SZ,20191205,1.183,1.187,1.216,1.183,1.208,0.025,2.1133,159722.63,19172.025
150193.SZ,20191205,1.041,1.041,1.041,1.041,1.041,0.0,0.0,102.29,10.648
150196.SZ,20191205,1.046,1.047,1.047,1.045,1.046,0.0,0.0,185947.22,19438.134
150204.SZ,20191205,0.861,0.842,0.947,0.842,0.919,0.058,6.7364,746.54,64.992
150205.SZ,20191205,0.985,0.985,0.985,0.984,0.985,0.0,0.0,202186.65,19910.496
150214.SZ,20191205,1.296,1.318,1.35,1.318,1.35,0.054,4.1667,6.46,0.871
150219.SZ,20191205,1.095,1.11,1.11,1.11,1.11,0.015,1.3699,1.0,0.111
150235.SZ,20191205,0.984,0.984,0.985,0.983,0.985,0.001,0.1016,1284.0,126.372
150236.SZ,20191205,0.878,0.885,0.897,0.885,0.896,0.018,2.0501,3264.84,291.712
150247.SZ,20191205,1.045,1.04,1.045,1.04,1.045,0.0,0.0,29.85,3.109
150269.SZ,20191205,1.0,1.0,1.001,1.0,1.0,0.0,0.0,37296.0,3731.079
150274.SZ,20191205,1.074,1.093,1.093,1.064,1.092,0.018,1.676,1011.03,109.346
150283.SZ,20191205,1.0,1.001,1.001,1.001,1.001,0.001,0.1,4585.46,459.004
150287.SZ,20191205,1.047,1.047,1.048,1.047,1.048,0.001,0.0955,5524.75,578.918
150290.SZ,20191205,0.66,0.665,0.678,0.662,0.672,0.012,1.8182,58365.23,3917.973
150304.SZ,20191205,1.144,1.144,1.198,1.144,1.198,0.054,4.7203,10743.89,1270.034
150308.SZ,20191205,1.573,1.58,1.649,1.58,1.649,0.076,4.8315,255.15,41.569
150315.SZ,20191205,1.036,1.034,1.035,1.034,1.035,-0.001,-0.0965,11.86,1.226
159001.SZ,20191205,100.0,100.0,100.001,99.999,100.001,0.001,0.001,352707.43,3527074.281
159919.SZ,20191205,3.907,3.911,3.943,3.911,3.936,0.029,0.7423,1386658.53,544902.73
159922.SZ,20191205,5.195,5.198,5.254,5.196,5.239,0.044,0.847,166662.0,87138.646
159926.SZ,20191205,110.298,110.64,110.64,110.64,110.64,0.342,0.3101,1.0,11.064
159940.SZ,20191205,1.01,1.012,1.018,1.012,1.018,0.008,0.7921,5001.0,508.246
159948.SZ,20191205,1.753,1.75,1.793,1.75,1.789,0.036,2.0536,14224.57,2534.762
159952.SZ,20191205,0.971,0.973,0.994,0.972,0.991,0.02,2.0597,414188.39,40827.319
159964.SZ,20191205,0.997,1.005,1.024,1.005,1.021,0.024,2.4072,25946.07,2642.641
160212.SZ,20191205,2.361,2.365,2.413,2.365,2.398,0.037,1.5671,4299.42,1027.157
160216.SZ,20191205,0.468,0.478,0.48,0.478,0.478,0.01,2.1368,33009.0,1578.86
160515.SZ,20191205,1.042,1.04,1.04,1.04,1.04,-0.002,-0.1919,20.0,2.08
160611.SZ,20191205,0.97,0.973,0.992,0.973,0.99,0.02,2.0619,328.0,32.191
160806.SZ,20191205,1.356,1.353,1.38,1.349,1.376,0.02,1.4749,41.32,5.683
160924.SZ,20191205,0.981,0.963,0.994,0.963,0.986,0.005,0.5097,273.18,26.982
161010.SZ,20191205,1.113,1.111,1.114,1.111,1.114,0.001,0.0898,1074.0,119.614
150210.SZ,20191205,0.683,0.681,0.699,0.681,0.699,0.016,2.3426,37119.58,2575.283
150226.SZ,20191205,1.22,1.228,1.232,1.215,1.232,0.012,0.9836,1086.34,132.613
150227.SZ,20191205,0.99,0.989,0.989,0.988,0.989,-0.001,-0.101,25959.0,2566.849
150246.SZ,20191205,1.05,1.039,1.05,1.039,1.043,-0.007,-0.6667,3089.0,322.913
150281.SZ,20191205,0.99,0.99,0.99,0.99,0.99,0.0,0.0,20.0,1.98
150329.SZ,20191205,1.023,1.023,1.023,1.023,1.023,0.0,0.0,14723.01,1506.163
150335.SZ,20191205,1.046,1.046,1.048,1.044,1.048,0.002,0.1912,2696.0,281.508
159005.SZ,20191205,100.0,100.0,100.0,99.999,100.0,0.0,0.0,97.56,975.593
159903.SZ,20191205,1.065,1.065,1.085,1.065,1.083,0.018,1.6901,16768.09,1806.348
159906.SZ,20191205,0.893,0.893,0.933,0.893,0.924,0.031,3.4714,3889.01,357.956
159911.SZ,20191205,3.899,3.946,3.951,3.946,3.951,0.052,1.3337,1266.0,500.169
159918.SZ,20191205,1.38,1.386,1.423,1.386,1.422,0.042,3.0435,504.0,70.595
159929.SZ,20191205,1.506,1.51,1.528,1.51,1.525,0.019,1.2616,43891.0,6677.611
159937.SZ,20191205,3.336,3.318,3.322,3.316,3.321,-0.015,-0.4496,542684.0,180133.335
159943.SZ,20191205,10.471,10.589,10.665,10.555,10.613,0.142,1.3561,962.13,1019.957
159957.SZ,20191205,0.992,1.001,1.015,0.998,1.014,0.022,2.2177,5757.11,581.597
159963.SZ,20191205,0.962,0.967,0.968,0.963,0.965,0.003,0.3119,15922.08,1539.873
159965.SZ,20191205,1.063,1.061,1.075,1.061,1.073,0.01,0.9407,36562.4,3914.056
160133.SZ,20191205,2.738,2.74,2.764,2.735,2.763,0.025,0.9131,1714.19,472.112
160142.SZ,20191205,1.053,1.054,1.058,1.053,1.057,0.004,0.3799,105846.11,11168.621
160324.SZ,20191205,1.03,1.05,1.057,1.05,1.054,0.024,2.3301,101.0,10.668
160512.SZ,20191205,1.898,1.929,1.962,1.913,1.933,0.035,1.844,39.38,7.632
160518.SZ,20191205,1.147,1.158,1.166,1.157,1.164,0.017,1.4821,11990.86,1391.602
160616.SZ,20191205,1.116,1.108,1.125,1.108,1.118,0.002,0.1792,2090.26,233.518
160719.SZ,20191205,0.822,0.814,0.821,0.814,0.821,-0.001,-0.1217,350.0,28.613
160726.SZ,20191205,1.247,1.247,1.26,1.246,1.26,0.013,1.0425,24227.14,3042.051
160919.SZ,20191205,1.378,1.381,1.391,1.378,1.391,0.013,0.9434,810.0,111.986
160922.SZ,20191205,0.979,0.994,0.994,0.987,0.987,0.008,0.8172,21.0,2.078
161029.SZ,20191205,1.094,1.104,1.104,1.104,1.104,0.01,0.9141,1.0,0.11
161039.SZ,20191205,1.089,1.114,1.115,1.114,1.114,0.025,2.2957,90.0,10.028
161130.SZ,20191205,1.446,1.475,1.476,1.45,1.455,0.009,0.6224,217.0,31.707
161216.SZ,20191205,1.173,1.175,1.175,1.175,1.175,0.002,0.1705,8.0,0.94
161222.SZ,20191205,1.284,1.284,1.301,1.284,1.301,0.017,1.324,176.0,22.853
161706.SZ,20191205,1.825,1.82,1.851,1.82,1.851,0.026,1.4247,2674.21,489.994
161715.SZ,20191205,0.841,0.84,0.842,0.84,0.842,0.001,0.1189,242.0,20.345
161815.SZ,20191205,0.481,0.481,0.485,0.481,0.484,0.003,0.6237,933.0,44.974
161834.SZ,20191205,0.803,0.803,0.806,0.803,0.805,0.002,0.2491,4154.17,334.525
163210.SZ,20191205,1.018,1.017,1.018,1.016,1.017,-0.001,-0.0982,1721.79,175.118
163415.SZ,20191205,2.045,2.055,2.065,2.05,2.065,0.02,0.978,9306.3,1913.981
163801.SZ,20191205,1.407,1.418,1.434,1.418,1.431,0.024,1.7058,72.0,10.228
166001.SZ,20191205,1.27,1.253,1.272,1.253,1.272,0.002,0.1575,203.0,25.774
166008.SZ,20191205,1.073,1.078,1.078,1.078,1.078,0.005,0.466,9.2,0.991
168301.SZ,20191205,1.033,1.036,1.036,1.036,1.036,0.003,0.2904,100.05,10.365
169101.SZ,20191205,1.561,1.568,1.583,1.566,1.582,0.021,1.3453,21673.44,3416.969
169103.SZ,20191205,1.295,1.295,1.308,1.295,1.296,0.001,0.0772,839.39,108.914
150050.SZ,20191205,1.517,1.525,1.563,1.524,1.562,0.045,2.9664,823.68,126.877
150052.SZ,20191205,1.329,1.341,1.368,1.319,1.364,0.035,2.6336,94172.75,12597.048
150067.SZ,20191205,1.471,1.471,1.471,1.471,1.471,0.0,0.0,93.44,13.745
150151.SZ,20191205,0.688,0.651,0.68,0.651,0.665,-0.023,-3.343,228.29,15.271
150153.SZ,20191205,1.178,1.182,1.222,1.182,1.221,0.043,3.6503,1427832.32,172052.241
150172.SZ,20191205,0.948,0.953,1.02,0.953,1.003,0.055,5.8017,396351.87,39385.97
150224.SZ,20191205,0.791,0.795,0.823,0.794,0.821,0.03,3.7927,669045.31,54262.381
150228.SZ,20191205,0.932,0.933,0.944,0.933,0.943,0.011,1.1803,193123.43,18142.648
150231.SZ,20191205,1.006,1.006,1.007,1.006,1.006,0.0,0.0,3048.0,306.841
150237.SZ,20191205,0.99,0.983,0.983,0.983,0.983,-0.007,-0.7071,81.54,8.015
150248.SZ,20191205,0.845,0.815,0.85,0.815,0.822,-0.023,-2.7219,134.31,11.034
150256.SZ,20191205,1.021,0.957,0.957,0.957,0.957,-0.064,-6.2684,0.02,0.001
150276.SZ,20191205,1.07,1.07,1.086,1.064,1.07,0.0,0.0,248.9,26.598
150282.SZ,20191205,0.754,0.685,0.744,0.685,0.742,-0.012,-1.5915,15.48,1.139
150284.SZ,20191205,0.898,0.894,0.894,0.894,0.894,-0.004,-0.4454,1.0,0.089
150295.SZ,20191205,0.985,0.986,0.986,0.984,0.985,0.0,0.0,8060.0,794.062
150298.SZ,20191205,1.15,1.264,1.265,1.22,1.265,0.115,10.0,132.37,16.734
150303.SZ,20191205,1.053,1.05,1.053,1.049,1.053,0.0,0.0,4145.1,435.715
150307.SZ,20191205,0.982,0.982,0.984,0.98,0.983,0.001,0.1018,256.26,25.17
150327.SZ,20191205,1.044,1.048,1.048,1.048,1.048,0.004,0.3831,50.0,5.24
159901.SZ,20191205,4.857,4.866,4.922,4.866,4.91,0.053,1.0912,317238.4,155480.152
159907.SZ,20191205,1.227,1.224,1.249,1.224,1.234,0.007,0.5705,1700.42,209.279
159910.SZ,20191205,1.867,1.871,1.878,1.871,1.878,0.011,0.5892,2796.0,524.113
159912.SZ,20191205,1.296,1.3,1.31,1.295,1.31,0.014,1.0802,5128.0,668.998
159955.SZ,20191205,0.901,0.906,0.923,0.906,0.921,0.02,2.2198,16222.0,1491.887
159961.SZ,20191205,1.405,1.407,1.42,1.407,1.42,0.015,1.0676,673.0,95.079
159962.SZ,20191205,1.003,1.006,1.01,1.006,1.01,0.007,0.6979,171.01,17.243
159969.SZ,20191205,1.069,1.073,1.082,1.073,1.079,0.01,0.9355,200033.53,21546.167
160106.SZ,20191205,1.125,1.126,1.156,1.126,1.156,0.031,2.7556,5206.06,595.82
160125.SZ,20191205,1.085,1.09,1.09,1.079,1.081,-0.004,-0.3687,250.0,27.125
160416.SZ,20191205,0.985,0.991,0.996,0.986,0.991,0.006,0.6091,1037.0,102.879
160505.SZ,20191205,1.467,1.467,1.481,1.467,1.479,0.012,0.818,33113.59,4886.42
160519.SZ,20191205,1.151,1.156,1.16,1.156,1.16,0.009,0.7819,1361.06,157.492
160520.SZ,20191205,1.399,1.259,1.259,1.259,1.259,-0.14,-10.0071,1.0,0.125
160615.SZ,20191205,1.676,1.65,1.675,1.65,1.675,-0.001,-0.0597,25.07,4.184
160643.SZ,20191205,0.796,0.813,0.813,0.813,0.813,0.017,2.1357,9.0,0.731
160645.SZ,20191205,0.992,0.992,0.992,0.981,0.988,-0.004,-0.4032,1281.01,126.195
160717.SZ,20191205,0.815,0.815,0.819,0.815,0.818,0.003,0.3681,1770.0,144.431
160918.SZ,20191205,2.048,2.048,2.07,2.048,2.067,0.019,0.9277,1900.92,391.89
161005.SZ,20191205,2.259,2.255,2.277,2.255,2.272,0.013,0.5755,13038.0,2959.163
161017.SZ,20191205,1.597,1.601,1.614,1.597,1.612,0.015,0.9393,3710.97,596.736
161033.SZ,20191205,1.155,1.162,1.185,1.161,1.176,0.021,1.8182,1291.16,151.339
161116.SZ,20191205,0.799,0.798,0.804,0.796,0.803,0.004,0.5006,9615.91,768.256
161129.SZ,20191205,1.103,1.116,1.134,1.116,1.118,0.015,1.3599,4079.41,456.336
161226.SZ,20191205,0.865,0.853,0.855,0.849,0.855,-0.01,-1.1561,301888.77,25709.816
161227.SZ,20191205,1.026,1.026,1.033,1.026,1.032,0.006,0.5848,5297.04,545.996
161232.SZ,20191205,0.732,0.732,0.742,0.732,0.742,0.01,1.3661,16456.28,1211.446
161607.SZ,20191205,1.141,1.157,1.157,1.157,1.157,0.016,1.4023,9.0,1.041
161631.SZ,20191205,1.078,1.078,1.105,1.078,1.099,0.021,1.9481,43658.59,4774.9
161831.SZ,20191205,0.94,0.941,0.943,0.94,0.942,0.002,0.2128,5849.59,551.31
161903.SZ,20191205,1.153,1.153,1.18,1.153,1.177,0.024,2.0815,10202.68,1191.27
162415.SZ,20191205,1.613,1.628,1.628,1.613,1.625,0.012,0.744,95.0,15.334
162712.SZ,20191205,1.474,1.478,1.479,1.478,1.479,0.005,0.3392,395.93,58.551
162719.SZ,20191205,0.871,0.876,0.888,0.876,0.877,0.006,0.6889,68.0,5.988
163409.SZ,20191205,1.793,1.823,1.823,1.788,1.809,0.016,0.8924,1115.0,201.595
163417.SZ,20191205,1.073,1.075,1.084,1.074,1.082,0.009,0.8388,1217979.11,131456.998
165508.SZ,20191205,1.718,1.614,1.76,1.614,1.76,0.042,2.4447,13.0,2.142
165513.SZ,20191205,0.404,0.406,0.407,0.403,0.405,0.001,0.2475,1122.0,45.424
165528.SZ,20191205,0.928,0.928,0.928,0.925,0.925,-0.003,-0.3233,51.0,4.717
166009.SZ,20191205,2.075,2.07,2.07,1.961,2.07,-0.005,-0.241,21.0,4.292
166023.SZ,20191205,1.227,1.239,1.239,1.227,1.235,0.008,0.652,1701.0,208.989
168401.SZ,20191205,1.331,1.27,1.279,1.27,1.279,-0.052,-3.9068,52.0,6.605
169106.SZ,20191205,1.022,1.023,1.024,1.022,1.024,0.002,0.1957,27481.44,2811.112
150008.SZ,20191205,0.948,0.951,0.959,0.951,0.957,0.009,0.9494,563.07,53.753
150029.SZ,20191205,1.095,1.119,1.119,1.113,1.113,0.018,1.6438,238.0,26.515
150130.SZ,20191205,1.062,1.062,1.065,1.061,1.064,0.002,0.1883,2219.83,235.962
150135.SZ,20191205,1.05,1.049,1.05,1.049,1.05,0.0,0.0,404.0,42.412
150150.SZ,20191205,1.027,1.027,1.027,1.027,1.027,0.0,0.0,1484.0,152.406
150176.SZ,20191205,0.892,0.895,0.9,0.894,0.9,0.008,0.8969,39844.51,3572.927
150198.SZ,20191205,1.031,1.032,1.032,1.032,1.032,0.001,0.097,20500.0,2115.6
150211.SZ,20191205,1.039,1.039,1.039,1.037,1.038,-0.001,-0.0962,8351.12,866.774
150218.SZ,20191205,0.856,0.834,0.873,0.834,0.87,0.014,1.6355,76.51,6.649
150243.SZ,20191205,0.982,0.983,0.985,0.983,0.985,0.003,0.3055,751.15,73.934
150245.SZ,20191205,1.014,1.015,1.015,1.014,1.014,0.0,0.0,2000.0,202.804
150252.SZ,20191205,0.679,0.68,0.699,0.66,0.689,0.01,1.4728,1174.0,79.321
150257.SZ,20191205,1.003,1.0,1.003,1.0,1.003,0.0,0.0,36.05,3.612
150260.SZ,20191205,0.832,0.814,0.814,0.814,0.814,-0.018,-2.1635,30.01,2.442
150266.SZ,20191205,0.846,0.859,0.86,0.848,0.86,0.014,1.6548,1203.29,103.418
150272.SZ,20191205,1.41,1.47,1.47,1.47,1.47,0.06,4.2553,1.0,0.147
150278.SZ,20191205,0.634,0.641,0.687,0.641,0.682,0.048,7.571,1052.36,69.501
150291.SZ,20191205,1.048,1.048,1.048,1.048,1.048,0.0,0.0,880.0,92.224
150321.SZ,20191205,1.009,1.009,1.01,1.009,1.009,0.0,0.0,3688.59,372.193
159934.SZ,20191205,3.309,3.293,3.297,3.29,3.294,-0.015,-0.4533,406277.0,133816.923
159941.SZ,20191205,1.873,1.878,1.9,1.861,1.875,0.002,0.1068,22264.0,4186.285
159949.SZ,20191205,0.604,0.607,0.621,0.605,0.618,0.014,2.3179,5275708.09,324495.026
159956.SZ,20191205,0.954,0.959,0.975,0.959,0.974,0.02,2.0964,13800.64,1326.075
159977.SZ,20191205,1.674,1.677,1.711,1.677,1.707,0.033,1.9713,280465.6,47544.525
160119.SZ,20191205,1.258,1.268,1.271,1.26,1.268,0.01,0.7949,15265.82,1932.132
160607.SZ,20191205,0.8,0.802,0.811,0.802,0.811,0.011,1.375,10963.38,883.386
160723.SZ,20191205,1.143,1.165,1.176,1.163,1.165,0.022,1.9248,4926.0,573.868
160812.SZ,20191205,1.509,1.509,1.527,1.509,1.527,0.018,1.1928,1988.31,303.487
160813.SZ,20191205,0.774,0.79,0.79,0.783,0.783,0.009,1.1628,133.48,10.462
160916.SZ,20191205,2.557,2.6,2.6,2.559,2.589,0.032,1.2515,436.11,112.314
161014.SZ,20191205,1.21,1.21,1.211,1.21,1.21,0.0,0.0,10576.07,1279.79
161036.SZ,20191205,0.628,0.633,0.636,0.633,0.635,0.007,1.1146,134.0,8.518
161119.SZ,20191205,1.395,1.394,1.394,1.394,1.394,-0.001,-0.0717,81.0,11.291
161125.SZ,20191205,1.388,1.398,1.398,1.383,1.391,0.003,0.2161,746.0,103.87
161127.SZ,20191205,1.392,1.404,1.419,1.401,1.403,0.011,0.7902,2151.57,303.267
161714.SZ,20191205,1.06,1.063,1.063,1.051,1.055,-0.005,-0.4717,322.72,34.005
161912.SZ,20191205,1.092,1.094,1.13,1.091,1.125,0.033,3.022,41099.56,4594.251
162006.SZ,20191205,1.143,1.169,1.182,1.169,1.179,0.036,3.1496,433.01,50.788
162207.SZ,20191205,1.412,1.427,1.43,1.427,1.43,0.018,1.2748,13.0,1.855
162216.SZ,20191205,0.939,0.874,0.95,0.874,0.936,-0.003,-0.3195,340.31,31.622
162717.SZ,20191205,1.051,1.04,1.04,1.04,1.04,-0.011,-1.0466,7.0,0.728
164705.SZ,20191205,1.157,1.164,1.167,1.147,1.16,0.003,0.2593,790.11,91.286
164810.SZ,20191205,1.03,1.031,1.031,1.031,1.031,0.001,0.0971,10.0,1.031
164906.SZ,20191205,1.285,1.286,1.296,1.286,1.291,0.006,0.4669,924.0,119.203
165313.SZ,20191205,1.587,1.578,1.618,1.578,1.611,0.024,1.5123,2039.0,322.225
165525.SZ,20191205,0.701,0.703,0.707,0.701,0.703,0.002,0.2853,6626.59,466.08
166012.SZ,20191205,1.128,1.128,1.128,1.128,1.128,0.0,0.0,1.0,0.112
168108.SZ,20191205,1.332,1.332,1.332,1.332,1.332,0.0,0.0,1.0,0.133
169102.SZ,20191205,1.178,1.18,1.184,1.18,1.183,0.005,0.4244,7380.0,872.61
150012.SZ,20191205,1.014,1.015,1.016,1.015,1.016,0.002,0.1972,5143.71,522.525
150016.SZ,20191205,0.98,0.98,0.985,0.98,0.983,0.003,0.3061,2113.21,207.737
150047.SZ,20191205,1.057,1.038,1.059,1.037,1.059,0.002,0.1892,28.0,2.922
150049.SZ,20191205,1.017,1.013,1.013,1.013,1.013,-0.004,-0.3933,11.66,1.181
150064.SZ,20191205,1.032,1.02,1.02,1.02,1.02,-0.012,-1.1628,0.26,0.026
150066.SZ,20191205,0.994,0.994,0.994,0.994,0.994,0.0,0.0,98.0,9.741
150083.SZ,20191205,1.047,1.035,1.035,1.035,1.035,-0.012,-1.1461,0.26,0.026
150100.SZ,20191205,1.023,1.023,1.023,1.023,1.023,0.0,0.0,278.0,28.439
150105.SZ,20191205,1.738,1.739,1.739,1.739,1.739,0.001,0.0575,55.0,9.564
150149.SZ,20191205,0.657,0.663,0.674,0.658,0.667,0.01,1.5221,11485.0,764.501
150158.SZ,20191205,1.046,1.059,1.059,1.034,1.059,0.013,1.2428,5630.0,591.717
150177.SZ,20191205,1.021,1.022,1.022,1.022,1.022,0.001,0.0979,674.0,68.882
150190.SZ,20191205,1.034,1.049,1.049,1.046,1.049,0.015,1.4507,728.0,76.337
150201.SZ,20191205,1.155,1.165,1.201,1.163,1.197,0.042,3.6364,2192571.74,259790.361
150209.SZ,20191205,1.029,1.028,1.029,1.027,1.027,-0.002,-0.1944,16809.58,1728.666
150217.SZ,20191205,1.021,1.022,1.022,1.022,1.022,0.001,0.0979,3000.0,306.6
150220.SZ,20191205,0.879,0.883,0.892,0.867,0.89,0.011,1.2514,13588.0,1201.497
150232.SZ,20191205,1.133,1.147,1.208,1.134,1.18,0.047,4.1483,8383.21,983.882
150244.SZ,20191205,1.235,1.236,1.274,1.231,1.273,0.038,3.0769,3042.13,383.745
150262.SZ,20191205,1.148,1.151,1.185,1.151,1.17,0.022,1.9164,2075.56,242.355
150288.SZ,20191205,0.669,0.671,0.682,0.67,0.676,0.007,1.0463,25553.47,1725.584
150289.SZ,20191205,1.048,1.048,1.048,1.047,1.048,0.0,0.0,9286.91,973.081
150302.SZ,20191205,0.793,0.793,0.832,0.793,0.823,0.03,3.7831,626.0,51.307
150330.SZ,20191205,1.658,1.66,1.687,1.66,1.682,0.024,1.4475,8170.0,1367.044
159931.SZ,20191205,1.701,1.699,1.71,1.699,1.71,0.009,0.5291,1059.0,180.652
159936.SZ,20191205,1.325,1.334,1.334,1.319,1.333,0.008,0.6038,351.0,46.762
159944.SZ,20191205,0.704,0.69,0.7,0.69,0.7,-0.004,-0.5682,468.0,32.602
159966.SZ,20191205,1.14,1.141,1.162,1.141,1.16,0.02,1.7544,827948.6,95554.722
159972.SZ,20191205,100.6,100.6,100.7,100.6,100.6,0.0,0.0,4840.8,48741.802
160105.SZ,20191205,0.961,0.948,0.984,0.948,0.972,0.011,1.1446,310.0,29.973
160140.SZ,20191205,1.173,1.184,1.184,1.174,1.183,0.01,0.8525,118.0,13.93
160211.SZ,20191205,2.351,2.373,2.409,2.373,2.389,0.038,1.6163,1175.85,281.761
160223.SZ,20191205,0.795,0.8,0.815,0.8,0.81,0.015,1.8868,2309.0,187.221
160421.SZ,20191205,1.238,1.238,1.246,1.236,1.241,0.003,0.2423,1323.0,164.08
160618.SZ,20191205,1.328,1.327,1.328,1.326,1.327,-0.001,-0.0753,10318.11,1369.219
160706.SZ,20191205,1.114,1.115,1.123,1.115,1.123,0.009,0.8079,18441.91,2065.676
161019.SZ,20191205,1.054,1.032,1.032,1.032,1.032,-0.022,-2.0873,716.0,73.891
161124.SZ,20191205,1.098,1.082,1.082,1.082,1.082,-0.016,-1.4572,8.0,0.865
161126.SZ,20191205,1.386,1.401,1.405,1.396,1.405,0.019,1.3709,1348.0,188.521
161722.SZ,20191205,1.063,1.069,1.069,1.058,1.058,-0.005,-0.4704,19.87,2.123
162703.SZ,20191205,1.902,1.918,1.944,1.906,1.934,0.032,1.6824,41815.1,8049.255
163402.SZ,20191205,0.682,0.683,0.687,0.683,0.687,0.005,0.7331,170781.09,11696.783
163407.SZ,20191205,2.014,2.017,2.047,2.0,2.023,0.009,0.4469,7842.97,1588.548
165309.SZ,20191205,1.239,1.246,1.246,1.246,1.246,0.007,0.565,2.0,0.249
166107.SZ,20191205,0.999,0.999,0.999,0.992,0.998,-0.001,-0.1001,1446.04,144.016
168104.SZ,20191205,1.271,1.199,1.281,1.199,1.281,0.01,0.7868,2.0,0.248
169104.SZ,20191205,1.432,1.43,1.43,1.42,1.42,-0.012,-0.838,150.0,21.4
169201.SZ,20191205,1.072,1.079,1.079,1.079,1.079,0.007,0.653,10.0,1.079
150051.SZ,20191205,1.036,1.037,1.038,1.037,1.037,0.001,0.0965,36030.0,3736.526
150065.SZ,20191205,0.736,0.739,0.739,0.739,0.739,0.003,0.4076,1.61,0.118
150084.SZ,20191205,1.28,1.304,1.304,1.28,1.28,0.0,0.0,171.0,21.914
150152.SZ,20191205,1.038,1.038,1.04,1.037,1.039,0.001,0.0963,94045.57,9767.444
150170.SZ,20191205,1.275,1.271,1.279,1.267,1.275,0.0,0.0,2372.0,301.039
150173.SZ,20191205,1.023,1.026,1.026,1.023,1.023,0.0,0.0,5887.0,602.245
150175.SZ,20191205,0.989,0.99,0.99,0.988,0.989,0.0,0.0,145128.47,14346.602
150187.SZ,20191205,1.024,1.004,1.024,1.004,1.024,0.0,0.0,381.49,38.716
150188.SZ,20191205,1.039,1.039,1.039,1.038,1.038,-0.001,-0.0962,2303.0,239.139
150200.SZ,20191205,1.029,1.029,1.03,1.028,1.029,0.0,0.0,249806.68,25701.377
150213.SZ,20191205,1.039,1.039,1.039,1.039,1.039,0.0,0.0,6.0,0.623
150229.SZ,20191205,1.0,0.978,0.978,0.978,0.978,-0.022,-2.2,5.82,0.569
150230.SZ,20191205,1.292,1.305,1.309,1.291,1.297,0.005,0.387,301.48,39.168
150255.SZ,20191205,1.002,1.004,1.004,1.004,1.004,0.002,0.1996,6520.0,654.608
150258.SZ,20191205,1.465,1.32,1.44,1.32,1.32,-0.145,-9.8976,237.0,31.308
150259.SZ,20191205,1.003,1.001,1.002,1.001,1.002,-0.001,-0.0997,46.83,4.689
150270.SZ,20191205,0.956,0.954,0.96,0.948,0.959,0.003,0.3138,46599.21,4446.899
150273.SZ,20191205,1.031,1.011,1.046,1.01,1.046,0.015,1.4549,933.05,94.783
150296.SZ,20191205,0.899,0.89,0.905,0.89,0.904,0.005,0.5562,1072.9,96.593
150300.SZ,20191205,0.744,0.749,0.754,0.744,0.752,0.008,1.0753,4316.0,322.785
150328.SZ,20191205,0.541,0.544,0.594,0.544,0.594,0.053,9.7967,639.84,34.811
159902.SZ,20191205,3.006,3.01,3.059,3.009,3.055,0.049,1.6301,128941.0,39142.77
159913.SZ,20191205,1.897,1.919,1.919,1.903,1.904,0.007,0.369,315.0,60.149
159915.SZ,20191205,1.612,1.615,1.65,1.615,1.648,0.036,2.2333,3982671.3,651809.837
159928.SZ,20191205,2.947,2.948,2.956,2.935,2.954,0.007,0.2375,94817.0,27944.3
159930.SZ,20191205,0.676,0.677,0.68,0.671,0.676,0.0,0.0,23179.0,1566.071
159938.SZ,20191205,1.323,1.323,1.343,1.323,1.341,0.018,1.3605,151121.0,20202.019
159939.SZ,20191205,1.074,1.075,1.098,1.073,1.093,0.019,1.7691,746524.0,81046.252
159951.SZ,20191205,0.774,0.771,0.786,0.771,0.78,0.006,0.7752,728.0,56.933
159958.SZ,20191205,0.974,0.977,0.998,0.977,0.995,0.021,2.1561,33540.0,3316.867
159959.SZ,20191205,0.994,0.995,1.001,0.995,1.001,0.007,0.7042,5152.0,514.259
159960.SZ,20191205,1.056,1.057,1.117,1.003,1.005,-0.051,-4.8295,44760.0,4524.443
159971.SZ,20191205,1.15,1.162,1.181,1.161,1.181,0.031,2.6957,1535.0,179.724
159973.SZ,20191205,1.095,1.085,1.099,1.085,1.093,-0.002,-0.1826,350.0,38.266
160311.SZ,20191205,1.561,1.568,1.57,1.568,1.57,0.009,0.5766,262.37,41.19
160613.SZ,20191205,1.465,1.47,1.47,1.47,1.47,0.005,0.3413,1.0,0.147
160644.SZ,20191205,0.898,0.855,0.941,0.855,0.941,0.043,4.7884,215.0,19.665
160722.SZ,20191205,1.133,1.137,1.137,1.137,1.137,0.004,0.353,2.0,0.227
160805.SZ,20191205,0.759,0.762,0.767,0.762,0.767,0.008,1.054,10.0,0.765
161037.SZ,20191205,1.163,1.167,1.182,1.167,1.182,0.019,1.6337,840.0,98.791
161128.SZ,20191205,1.75,1.784,1.784,1.75,1.761,0.011,0.6286,75.15,13.228
161217.SZ,20191205,0.611,0.618,0.618,0.618,0.618,0.007,1.1457,19.0,1.174
161716.SZ,20191205,1.279,1.279,1.28,1.279,1.279,0.0,0.0,4684.0,599.32
161810.SZ,20191205,2.069,2.07,2.103,2.069,2.098,0.029,1.4016,41463.41,8660.16
161907.SZ,20191205,1.648,1.658,1.658,1.647,1.647,-0.001,-0.0607,6.0,0.991
163110.SZ,20191205,1.542,1.506,1.555,1.506,1.537,-0.005,-0.3243,193.65,29.408
163412.SZ,20191205,3.577,3.59,3.61,3.586,3.606,0.029,0.8107,6141.08,2208.446
164902.SZ,20191205,1.184,1.177,1.177,1.177,1.177,-0.007,-0.5912,42.0,4.943
166006.SZ,20191205,1.343,1.332,1.356,1.332,1.355,0.012,0.8935,25.0,3.35
166105.SZ,20191205,0.955,0.977,0.983,0.977,0.983,0.028,2.9319,14.0,1.37
167501.SZ,20191205,1.132,1.132,1.132,1.132,1.132,0.0,0.0,1052.0,119.086
168102.SZ,20191205,0.97,0.972,0.978,0.969,0.974,0.004,0.4124,32933.05,3200.388
168103.SZ,20191205,0.885,0.887,0.897,0.887,0.896,0.011,1.2429,101309.66,9041.418
169105.SZ,20191205,1.441,1.444,1.455,1.443,1.453,0.012,0.8328,25357.99,3678.109
150009.SZ,20191205,1.02,1.006,1.011,1.006,1.011,-0.009,-0.8824,148.61,15.01
150030.SZ,20191205,1.041,1.026,1.031,1.026,1.029,-0.012,-1.1527,31453.24,3238.679
150032.SZ,20191205,1.021,1.02,1.02,1.02,1.02,-0.001,-0.0979,51.0,5.202
150033.SZ,20191205,0.805,0.803,0.803,0.803,0.803,-0.002,-0.2484,14.0,1.124
150048.SZ,20191205,1.429,1.414,1.44,1.414,1.42,-0.009,-0.6298,191.56,27.24
150101.SZ,20191205,1.017,1.019,1.023,1.001,1.022,0.005,0.4916,785.12,80.051
150118.SZ,20191205,1.005,1.01,1.013,1.001,1.009,0.004,0.398,18370.0,1847.824
150144.SZ,20191205,1.106,1.116,1.14,1.116,1.14,0.034,3.0741,85.62,9.649
150157.SZ,20191205,1.03,1.03,1.031,1.03,1.03,0.0,0.0,14033.0,1445.502
150185.SZ,20191205,1.026,1.034,1.046,1.034,1.045,0.019,1.8519,1435.0,149.241
150194.SZ,20191205,1.027,1.027,1.027,1.027,1.027,0.0,0.0,12467.82,1280.445
150197.SZ,20191205,0.435,0.43,0.442,0.427,0.442,0.007,1.6092,1240587.87,53852.4
150199.SZ,20191205,1.104,1.113,1.115,1.09,1.107,0.003,0.2717,4836.0,532.95
150222.SZ,20191205,0.906,0.91,0.917,0.903,0.915,0.009,0.9934,16949.54,1547.113
150293.SZ,20191205,0.994,0.994,0.994,0.994,0.994,0.0,0.0,87.0,8.647
150299.SZ,20191205,1.049,1.049,1.05,1.048,1.049,0.0,0.0,6102.0,640.173
150322.SZ,20191205,0.783,0.782,0.783,0.761,0.783,0.0,0.0,796.81,62.345
159920.SZ,20191205,1.454,1.46,1.461,1.452,1.456,0.002,0.1376,4104365.63,597691.775
159923.SZ,20191205,1.735,1.74,1.748,1.732,1.742,0.007,0.4035,505.0,87.857
159932.SZ,20191205,1.34,1.344,1.367,1.344,1.355,0.015,1.1194,939.0,127.468
159967.SZ,20191205,1.163,1.167,1.194,1.167,1.191,0.028,2.4076,152495.0,18073.223
159968.SZ,20191205,4.926,4.926,4.981,4.924,4.964,0.038,0.7714,137203.45,67982.29
159985.SZ,20191205,0.983,0.983,0.995,0.978,0.986,0.003,0.3052,122256.57,12005.606
159987.SZ,20191205,0.984,0.984,1.001,0.984,0.999,0.015,1.5244,521890.54,51980.101
160225.SZ,20191205,0.809,0.809,0.818,0.8,0.812,0.003,0.3708,3291.0,266.859
512260.SH,20191205,1.128,1.13,1.14,1.13,1.137,0.009,0.7979,53205.0,6038.267
501067.SH,20191205,1.231,1.22,1.225,1.22,1.225,-0.006,-0.4874,11.57,1.412
512870.SH,20191205,1.185,1.189,1.201,1.189,1.199,0.014,1.1814,49614.0,5939.023
510850.SH,20191205,2.941,2.94,2.966,2.94,2.957,0.016,0.544,455424.0,134593.798
510550.SH,20191205,1.168,1.17,1.181,1.168,1.176,0.008,0.6849,10498.0,1230.076
501069.SH,20191205,1.03,1.041,1.045,1.041,1.045,0.015,1.4563,124.0,12.935
513680.SH,20191205,0.951,0.931,0.949,0.931,0.949,-0.002,-0.2103,14.0,1.316
512150.SH,20191205,1.261,1.265,1.271,1.263,1.268,0.007,0.5551,2733.0,346.47
512890.SH,20191205,1.147,1.152,1.152,1.148,1.151,0.004,0.3487,468.0,53.875
160314.SZ,20191205,1.042,1.04,1.063,1.04,1.058,0.016,1.5355,9473.96,999.492
160526.SZ,20191205,1.007,1.01,1.018,1.01,1.01,0.003,0.2979,3358.03,340.031
160635.SZ,20191205,1.018,1.018,1.026,1.015,1.023,0.005,0.4912,1679.0,171.517
160910.SZ,20191205,1.084,1.09,1.09,1.09,1.09,0.006,0.5535,70.0,7.63
161117.SZ,20191205,1.063,1.009,1.069,1.009,1.069,0.006,0.5644,11.0,1.169
161225.SZ,20191205,1.366,1.374,1.375,1.367,1.367,0.001,0.0732,254.0,34.796
162411.SZ,20191205,0.372,0.377,0.377,0.375,0.377,0.005,1.3441,1033843.55,38912.235
162607.SZ,20191205,0.577,0.576,0.583,0.576,0.583,0.006,1.0399,6427.52,372.598
163111.SZ,20191205,0.956,0.961,0.976,0.961,0.976,0.02,2.0921,133.36,12.939
163208.SZ,20191205,0.75,0.752,0.755,0.752,0.752,0.002,0.2667,118.0,8.892
163503.SZ,20191205,0.448,0.45,0.456,0.45,0.454,0.006,1.3393,2089.0,94.485
164701.SZ,20191205,0.696,0.696,0.703,0.696,0.703,0.007,1.0057,685.0,47.847
166024.SZ,20191205,0.902,0.902,0.907,0.902,0.905,0.003,0.3326,8144.88,736.539
166025.SZ,20191205,1.111,1.11,1.117,1.11,1.115,0.004,0.36,21607.41,2409.037
166902.SZ,20191205,1.034,1.015,1.028,1.012,1.028,-0.006,-0.5803,1765.0,178.956
166904.SZ,20191205,1.021,0.979,0.979,0.979,0.979,-0.042,-4.1136,9.0,0.881
150017.SZ,20191205,1.178,1.184,1.19,1.179,1.189,0.011,0.9338,879.0,104.321
150055.SZ,20191205,1.032,1.031,1.032,1.031,1.032,0.0,0.0,873.0,90.085
150056.SZ,20191205,1.047,0.944,1.056,0.944,1.056,0.009,0.8596,92.0,8.696
150093.SZ,20191205,0.726,0.767,0.767,0.767,0.767,0.041,5.6474,10.0,0.767
150143.SZ,20191205,0.98,0.982,0.982,0.98,0.982,0.002,0.2041,6344.4,622.191
150174.SZ,20191205,1.28,1.2,1.323,1.2,1.298,0.018,1.4063,104.37,13.15
150178.SZ,20191205,1.303,1.303,1.334,1.303,1.332,0.029,2.2256,1117.23,147.959
150179.SZ,20191205,1.022,1.023,1.023,1.023,1.023,0.001,0.0978,2638.0,269.867
150195.SZ,20191205,1.013,1.021,1.063,1.016,1.052,0.039,3.85,168027.39,17555.164
150212.SZ,20191205,1.095,1.109,1.15,1.093,1.141,0.046,4.2009,21382.6,2407.732
150215.SZ,20191205,1.045,1.054,1.054,1.041,1.047,0.002,0.1914,13.22,1.384
150216.SZ,20191205,0.984,0.956,1.03,0.956,1.03,0.046,4.6748,2721.46,274.978
150221.SZ,20191205,1.068,1.067,1.069,1.067,1.069,0.001,0.0936,54365.0,5810.326
150223.SZ,20191205,1.048,1.048,1.049,1.048,1.048,0.0,0.0,131036.91,13740.01
150225.SZ,20191205,0.985,0.985,0.985,0.985,0.985,0.0,0.0,279.84,27.564
150267.SZ,20191205,0.985,0.985,0.985,0.983,0.984,-0.001,-0.1015,345.0,33.958
150275.SZ,20191205,1.023,1.024,1.024,1.023,1.023,0.0,0.0,97.31,9.964
150277.SZ,20191205,0.994,0.994,0.994,0.993,0.994,0.0,0.0,931.0,92.491
150294.SZ,20191205,0.385,0.378,0.385,0.378,0.385,0.0,0.0,748.99,28.485
150297.SZ,20191205,0.995,0.995,0.995,0.995,0.995,0.0,0.0,24.0,2.388
501064.SH,20191205,1.282,1.243,1.274,1.243,1.274,-0.008,-0.624,989.0,125.57
511020.SH,20191205,101.35,101.353,101.353,101.353,101.353,0.003,0.003,1.0,10.135
512270.SH,20191205,0.975,0.975,0.979,0.974,0.977,0.002,0.2051,5690.01,556.257
511030.SH,20191205,101.702,101.705,101.9,101.701,101.8,0.098,0.0964,33.0,335.653
501063.SH,20191205,0.981,0.986,0.986,0.983,0.985,0.004,0.4077,5000.0,492.505
501070.SH,20191205,1.235,1.235,1.268,1.235,1.256,0.021,1.7004,1493.26,185.473
512380.SH,20191205,0.979,0.979,0.988,0.979,0.986,0.007,0.715,671010.0,66076.179
512590.SH,20191205,0.983,0.985,0.989,0.984,0.988,0.005,0.5086,6142.0,606.792
510890.SH,20191205,0.995,0.998,0.998,0.996,0.998,0.003,0.3015,12856.0,1281.873
510350.SH,20191205,3.838,3.835,3.874,3.835,3.864,0.026,0.6774,258534.34,99791.434
501071.SH,20191205,1.12,1.12,1.139,1.12,1.135,0.015,1.3393,11120.5,1257.173
512690.SH,20191205,1.136,1.137,1.14,1.13,1.136,0.0,0.0,158995.0,18040.397
512290.SH,20191205,1.136,1.143,1.155,1.136,1.151,0.015,1.3204,342746.0,39343.322
512750.SH,20191205,1.012,1.012,1.016,1.011,1.015,0.003,0.2964,105683.0,10708.267
512910.SH,20191205,1.045,1.046,1.053,1.046,1.05,0.005,0.4785,149330.0,15669.337
501072.SH,20191205,0.973,0.952,0.953,0.952,0.952,-0.021,-2.1583,17.9,1.704
512760.SH,20191205,1.413,1.416,1.468,1.408,1.438,0.025,1.7693,2810669.07,404925.114
512170.SH,20191205,1.231,1.232,1.25,1.232,1.247,0.016,1.2998,216046.0,26873.209
512480.SH,20191205,1.313,1.314,1.36,1.305,1.336,0.023,1.7517,402807.0,53685.366
512790.SH,20191205,0.994,0.995,1.009,0.995,1.006,0.012,1.2072,15442.0,1541.252
512930.SH,20191205,1.11,1.114,1.139,1.112,1.132,0.022,1.982,76384.0,8617.266
512650.SH,20191205,0.954,0.944,0.962,0.944,0.961,0.007,0.7338,18439.0,1772.848
512710.SH,20191205,1.002,1.004,1.016,1.003,1.013,0.011,1.0978,973590.0,98320.433
513880.SH,20191205,1.08,1.088,1.092,1.088,1.092,0.012,1.1111,9083.0,990.218
513800.SH,20191205,1.115,1.124,1.124,1.118,1.12,0.005,0.4484,1809.0,202.518
513520.SH,20191205,1.104,1.108,1.109,1.105,1.109,0.005,0.4529,10795.0,1194.297
513000.SH,20191205,1.102,1.104,1.113,1.104,1.111,0.009,0.8167,25063.0,2785.836
512720.SH,20191205,1.082,1.084,1.105,1.083,1.102,0.02,1.8484,544364.0,59621.82
501075.SH,20191205,0.92,0.92,0.93,0.917,0.929,0.009,0.9783,28822.78,2668.356
501078.SH,20191205,0.98,0.98,0.992,0.98,0.99,0.01,1.0204,32766.41,3237.407
501077.SH,20191205,0.984,0.989,1.008,0.987,1.005,0.021,2.1341,41194.98,4118.557
512670.SH,20191205,1.022,1.021,1.033,1.021,1.029,0.007,0.6849,208506.0,21436.195
510100.SH,20191205,1.006,1.006,1.014,1.006,1.012,0.006,0.5964,189712.0,19176.476
512970.SH,20191205,0.972,0.973,0.984,0.972,0.981,0.009,0.9259,30603.37,2995.088
501081.SH,20191205,0.975,0.975,0.984,0.975,0.983,0.008,0.8205,18100.09,1772.545
512190.SH,20191205,0.995,1.0,1.008,0.999,1.007,0.012,1.206,11624.08,1165.345
515300.SH,20191205,1.004,1.004,1.009,1.004,1.007,0.003,0.2988,36689.49,3696.078
515000.SH,20191205,1.19,1.192,1.219,1.192,1.215,0.025,2.1008,5169298.12,624138.287
501086.SH,20191205,1.003,1.01,1.013,1.01,1.013,0.01,0.997,252.6,25.514
515880.SH,20191205,1.008,1.008,1.034,1.008,1.027,0.019,1.8849,2053130.79,210353.414
512530.SH,20191205,0.991,0.991,0.999,0.991,0.992,0.001,0.1009,26844.0,2666.005
515360.SH,20191205,3.79,3.812,3.822,3.803,3.82,0.03,0.7916,269.04,102.623
515650.SH,20191205,0.971,0.973,0.976,0.97,0.975,0.004,0.4119,115085.0,11202.638
515010.SH,20191205,0.93,0.934,0.947,0.934,0.945,0.015,1.6129,59602.9,5609.846
515520.SH,20191205,0.984,0.987,0.99,0.985,0.988,0.004,0.4065,253391.0,25016.923
515050.SH,20191205,0.955,0.956,0.979,0.955,0.976,0.021,2.199,4024371.99,390661.972
515810.SH,20191205,0.934,0.935,0.943,0.935,0.941,0.007,0.7495,195627.0,18376.955
150309.SZ,20191205,1.022,1.026,1.026,1.026,1.026,0.004,0.3914,100.0,10.26
150312.SZ,20191205,1.396,1.401,1.401,1.401,1.401,0.005,0.3582,36.0,5.043
150316.SZ,20191205,1.637,1.629,1.799,1.596,1.67,0.033,2.0159,1571.09,260.831
159003.SZ,20191205,100.0,100.0,100.001,99.999,99.999,-0.001,-0.001,1367.37,13673.648
159905.SZ,20191205,1.921,1.923,1.934,1.922,1.93,0.009,0.4685,355761.0,68582.18
159908.SZ,20191205,1.44,1.46,1.476,1.46,1.473,0.033,2.2917,14825.0,2178.817
159909.SZ,20191205,4.792,4.769,4.92,4.769,4.905,0.113,2.3581,4795.0,2327.039
159916.SZ,20191205,4.172,4.18,4.195,4.174,4.19,0.018,0.4314,594.0,248.557
159925.SZ,20191205,1.696,1.696,1.711,1.696,1.709,0.013,0.7665,2176.74,371.529
159935.SZ,20191205,1.372,1.385,1.397,1.367,1.367,-0.005,-0.3644,73.0,10.096
159945.SZ,20191205,0.606,0.61,0.61,0.607,0.607,0.001,0.165,1744.18,106.087
159953.SZ,20191205,0.717,0.723,0.723,0.709,0.717,0.0,0.0,10.0,0.716
159954.SZ,20191205,0.978,0.978,0.984,0.978,0.982,0.004,0.409,2625.06,257.683
160215.SZ,20191205,1.48,1.48,1.49,1.478,1.49,0.01,0.6757,546.0,81.043
160322.SZ,20191205,1.077,1.077,1.077,1.077,1.077,0.0,0.0,200.02,21.542
161035.SZ,20191205,1.232,1.235,1.254,1.212,1.239,0.007,0.5682,397.0,49.176
161131.SZ,20191205,1.044,1.043,1.049,1.043,1.047,0.003,0.2874,123077.18,12872.459
161132.SZ,20191205,1.16,1.163,1.17,1.16,1.17,0.01,0.8621,1510.0,175.792
161219.SZ,20191205,1.567,1.619,1.619,1.619,1.619,0.052,3.3184,30.0,4.857
161610.SZ,20191205,1.176,1.192,1.193,1.185,1.193,0.017,1.4456,1293.82,153.999
161911.SZ,20191205,1.016,1.016,1.017,1.015,1.016,0.0,0.0,19083.46,1938.751
162307.SZ,20191205,1.217,1.18,1.253,1.18,1.253,0.036,2.9581,101.0,12.645
162605.SZ,20191205,1.702,1.703,1.718,1.702,1.718,0.016,0.9401,33503.5,5736.074
162711.SZ,20191205,1.074,1.074,1.086,1.074,1.086,0.012,1.1173,361.0,39.015
164403.SZ,20191205,1.181,1.171,1.225,1.122,1.187,0.006,0.508,971.95,112.252
164824.SZ,20191205,0.984,0.984,0.984,0.975,0.983,-0.001,-0.1016,242.0,23.806
165317.SZ,20191205,1.186,1.198,1.198,1.198,1.198,0.012,1.0118,0.01,0.001
167002.SZ,20191205,1.08,1.101,1.119,1.091,1.105,0.025,2.3148,912.0,101.253
167003.SZ,20191205,1.126,1.133,1.133,1.133,1.133,0.007,0.6217,1.0,0.113
168105.SZ,20191205,0.93,0.926,0.94,0.926,0.939,0.009,0.9677,17968.63,1683.08
169301.SZ,20191205,0.975,0.985,0.985,0.985,0.985,0.01,1.0256,1.0,0.098
184801.SZ,20191205,96.35,96.4,96.6,96.356,96.596,0.246,0.2553,41.0,395.947
515860.SH,20191205,1.002,1.001,1.024,1.001,1.02,0.018,1.7964,592421.5,60154.472
515200.SH,20191205,0.982,0.985,1.001,0.985,0.999,0.017,1.7312,113602.0,11322.687
515020.SH,20191205,0.985,0.987,0.992,0.986,0.99,0.005,0.5076,41218.57,4076.905
515580.SH,20191205,1.018,1.018,1.036,1.018,1.032,0.014,1.3752,567153.0,58442.303
501051.SH,20191205,1.098,1.086,1.097,1.085,1.097,-0.001,-0.0911,9931.99,1077.672
501305.SH,20191205,0.912,0.929,0.929,0.927,0.927,0.015,1.6447,52.0,4.823
510800.SH,20191205,1.074,1.074,1.083,1.074,1.08,0.006,0.5587,95163.0,10250.42
512980.SH,20191205,0.756,0.754,0.767,0.754,0.767,0.011,1.455,230326.0,17537.525
510390.SH,20191205,3.991,3.996,4.028,3.996,4.02,0.029,0.7266,80275.9,32240.438
501053.SH,20191205,1.022,1.032,1.069,1.023,1.023,0.001,0.0978,1171.13,120.946
501054.SH,20191205,1.023,1.023,1.032,1.023,1.031,0.008,0.782,112709.44,11598.574
510590.SH,20191205,5.058,5.05,5.118,5.05,5.101,0.043,0.8501,41324.34,21040.742
512160.SH,20191205,1.088,1.09,1.099,1.087,1.096,0.008,0.7353,350278.0,38357.527
512520.SH,20191205,1.08,1.084,1.09,1.082,1.088,0.008,0.7407,19744.75,2145.49
512180.SH,20191205,1.045,1.045,1.057,1.045,1.054,0.009,0.8612,133307.0,14011.89
512780.SH,20191205,0.726,0.734,0.734,0.728,0.728,0.002,0.2755,1201.0,87.513
513900.SH,20191205,0.961,0.968,0.969,0.965,0.965,0.004,0.4162,14796.0,1430.256
512280.SH,20191205,1.047,1.049,1.056,1.048,1.054,0.007,0.6686,462332.0,48617.552
501057.SH,20191205,0.909,0.909,0.926,0.903,0.921,0.012,1.3201,3236.64,296.228
501058.SH,20191205,0.898,0.902,0.92,0.902,0.914,0.016,1.7817,555.0,50.756
512090.SH,20191205,1.081,1.082,1.092,1.082,1.09,0.009,0.8326,197246.2,21443.053
512360.SH,20191205,1.102,1.112,1.114,1.109,1.114,0.012,1.0889,712.0,79.192
512770.SH,20191205,1.102,1.105,1.121,1.105,1.119,0.017,1.5426,5411.0,605.022
512390.SH,20191205,1.058,1.063,1.063,1.063,1.063,0.005,0.4726,2201.0,233.966
501186.SH,20191205,1.039,1.039,1.043,1.038,1.041,0.002,0.1925,109831.82,11434.27
501188.SH,20191205,1.055,1.055,1.059,1.055,1.057,0.002,0.1896,65631.32,6932.238
501189.SH,20191205,1.034,1.034,1.038,1.033,1.037,0.003,0.2901,34009.09,3521.795
510600.SH,20191205,3.02,3.033,3.048,3.028,3.04,0.02,0.6623,22754.0,6912.271
511270.SH,20191205,102.69,102.884,102.884,102.59,102.59,-0.1,-0.0974,55.1,565.759
512850.SH,20191205,1.049,1.056,1.062,1.056,1.062,0.013,1.2393,567.0,60.047
512820.SH,20191205,1.126,1.129,1.134,1.128,1.132,0.006,0.5329,80636.0,9113.413
501060.SH,20191205,1.212,1.214,1.214,1.214,1.214,0.002,0.165,3.0,0.364
501062.SH,20191205,0.946,0.949,0.956,0.944,0.955,0.009,0.9514,21521.86,2048.481
512860.SH,20191205,1.224,1.231,1.232,1.231,1.231,0.007,0.5719,9187.0,1131.277
501310.SH,20191205,0.949,0.951,0.952,0.95,0.951,0.002,0.2107,3047.0,289.711
512960.SH,20191205,0.946,0.951,0.953,0.949,0.952,0.006,0.6342,574569.31,54699.039
512950.SH,20191205,0.949,0.949,0.956,0.949,0.956,0.007,0.7376,18920.2,1802.87
501065.SH,20191205,1.226,1.236,1.238,1.233,1.233,0.007,0.571,613.0,75.878
512920.SH,20191205,1.211,1.219,1.22,1.218,1.218,0.007,0.578,700.0,85.32
512040.SH,20191205,1.101,1.104,1.109,1.102,1.108,0.007,0.6358,40544.0,4482.261
501066.SH,20191205,1.362,1.362,1.368,1.361,1.368,0.006,0.4405,1911.97,260.94
150013.SZ,20191205,1.034,1.027,1.056,1.027,1.056,0.022,2.1277,72.05,7.403
150019.SZ,20191205,0.972,0.975,0.995,0.973,0.995,0.023,2.3663,1466751.66,144698.177
150022.SZ,20191205,0.83,0.83,0.841,0.83,0.838,0.008,0.9639,153035.0,12776.069
150023.SZ,20191205,0.231,0.231,0.236,0.23,0.235,0.004,1.7316,630571.32,14723.075
150037.SZ,20191205,1.879,1.849,1.849,1.849,1.849,-0.03,-1.5966,0.08,0.014
150104.SZ,20191205,1.035,1.033,1.033,1.033,1.033,-0.002,-0.1932,0.01,0.001
150124.SZ,20191205,0.795,0.805,0.814,0.804,0.81,0.015,1.8868,2443.78,197.405
150131.SZ,20191205,1.649,1.656,1.694,1.656,1.679,0.03,1.8193,116400.68,19527.435
150180.SZ,20191205,1.4,1.402,1.45,1.402,1.45,0.05,3.5714,4319.31,615.842
150181.SZ,20191205,1.029,1.03,1.031,1.028,1.029,0.0,0.0,13440.39,1383.166
150191.SZ,20191205,1.15,1.152,1.193,1.152,1.193,0.043,3.7391,853.84,100.75
150203.SZ,20191205,0.982,0.981,0.981,0.981,0.981,-0.001,-0.1018,80.0,7.848
150206.SZ,20191205,0.502,0.502,0.521,0.501,0.518,0.016,3.1873,760431.71,38864.586
502020.SH,20191205,0.98,1.009,1.009,0.985,1.009,0.029,2.9592,1972.36,194.885
510050.SH,20191205,2.901,2.908,2.926,2.908,2.919,0.018,0.6205,4077374.15,1188894.955
510180.SH,20191205,3.346,3.349,3.374,3.349,3.371,0.025,0.7472,240391.3,80808.133
510880.SH,20191205,2.741,2.747,2.757,2.744,2.754,0.013,0.4743,142682.11,39255.705
510060.SH,20191205,1.81,1.805,1.812,1.805,1.812,0.002,0.1105,327.0,59.161
510010.SH,20191205,1.159,1.158,1.16,1.158,1.16,0.001,0.0863,343.95,39.895
510020.SH,20191205,2.866,2.895,2.895,2.882,2.882,0.016,0.5583,17.69,5.111
510130.SH,20191205,3.811,3.804,3.817,3.804,3.817,0.006,0.1574,46.0,17.526
510030.SH,20191205,5.307,5.339,5.339,5.31,5.326,0.019,0.358,209.0,111.378
510090.SH,20191205,1.802,1.811,1.812,1.811,1.812,0.01,0.5549,6.0,1.087
510070.SH,20191205,1.744,1.763,1.766,1.763,1.766,0.022,1.2615,2.0,0.353
510160.SH,20191205,0.547,0.548,0.556,0.548,0.556,0.009,1.6453,4380.0,240.684
510110.SH,20191205,3.747,3.797,3.797,3.797,3.797,0.05,1.3344,5.0,1.899
510190.SH,20191205,3.268,3.283,3.3,3.28,3.287,0.019,0.5814,425.0,139.712
510170.SH,20191205,1.617,1.617,1.622,1.581,1.622,0.005,0.3092,1890.01,300.265
510150.SH,20191205,5.283,5.3,5.331,5.293,5.314,0.031,0.5868,3965.0,2104.261
510220.SH,20191205,4.046,4.0,4.088,4.0,4.018,-0.028,-0.692,92.0,37.309
510210.SH,20191205,3.682,3.66,3.702,3.66,3.699,0.017,0.4617,23372.0,8639.276
510230.SH,20191205,5.395,5.4,5.444,5.4,5.44,0.045,0.8341,40628.0,22054.522
510120.SH,20191205,2.928,2.99,2.99,2.954,2.954,0.026,0.888,19.0,5.634
510270.SH,20191205,1.113,1.149,1.149,1.11,1.119,0.006,0.5391,754.0,84.873
510290.SH,20191205,1.401,1.407,1.412,1.407,1.412,0.011,0.7852,465.0,65.565
510410.SH,20191205,0.587,0.585,0.587,0.584,0.587,0.0,0.0,63052.0,3694.163
510300.SH,20191205,3.913,3.921,3.949,3.92,3.942,0.029,0.7411,2192064.01,862802.159
510900.SH,20191205,1.181,1.186,1.187,1.182,1.183,0.002,0.1693,4050661.0,479688.332
510430.SH,20191205,1.499,1.48,1.498,1.48,1.496,-0.003,-0.2001,128.0,19.079
510440.SH,20191205,1.584,1.589,1.589,1.537,1.585,0.001,0.0631,426.0,66.63
510330.SH,20191205,3.919,3.927,3.958,3.927,3.948,0.029,0.74,1195705.0,471458.025
511990.SH,20191205,99.993,99.989,99.99,99.918,99.984,-0.009,-0.009,662740.83,6626555.395
510500.SH,20191205,5.319,5.331,5.386,5.323,5.369,0.05,0.94,2189917.93,1173089.812
510310.SH,20191205,1.706,1.71,1.722,1.71,1.718,0.012,0.7034,780551.0,134045.3
511010.SH,20191205,119.001,118.998,119.004,118.8,118.981,-0.02,-0.0168,6405.0,76198.153
510660.SH,20191205,1.839,1.839,1.86,1.839,1.852,0.013,0.7069,5182.0,959.855
510650.SH,20191205,1.941,1.951,1.959,1.949,1.955,0.014,0.7213,495.0,96.653
510630.SH,20191205,2.934,2.927,2.952,2.924,2.936,0.002,0.0682,5357.0,1575.575
510510.SH,20191205,1.411,1.411,1.427,1.41,1.423,0.012,0.8505,382242.0,54241.891
511880.SH,20191205,102.435,102.44,102.44,102.431,102.433,-0.002,-0.002,830680.64,8509140.192
513100.SH,20191205,3.047,3.06,3.078,3.049,3.061,0.014,0.4595,216094.0,66079.522
518880.SH,20191205,3.337,3.317,3.322,3.316,3.321,-0.016,-0.4795,1821314.0,604453.426
518800.SH,20191205,3.309,3.293,3.294,3.288,3.294,-0.015,-0.4533,472895.0,155660.185
512010.SH,20191205,1.832,1.833,1.858,1.833,1.845,0.013,0.7096,230829.0,42618.226
510680.SH,20191205,2.426,2.457,2.459,2.457,2.458,0.032,1.319,19.0,4.67
513500.SH,20191205,2.049,2.053,2.056,2.05,2.051,0.002,0.0976,336221.0,69005.946
512120.SH,20191205,1.511,1.519,1.532,1.519,1.53,0.019,1.2574,25329.0,3866.848
512600.SH,20191205,2.889,2.916,2.919,2.888,2.919,0.03,1.0384,842.0,244.899
512610.SH,20191205,1.435,1.454,1.454,1.454,1.454,0.019,1.324,59.0,8.579
512640.SH,20191205,1.954,1.96,1.96,1.96,1.96,0.006,0.3071,48.0,9.408
512070.SH,20191205,2.157,2.163,2.185,2.163,2.184,0.027,1.2517,71370.0,15516.676
512220.SH,20191205,1.296,1.301,1.326,1.301,1.324,0.028,2.1605,826.0,108.775
513030.SH,20191205,1.098,1.102,1.112,1.102,1.11,0.012,1.0929,4708.0,521.823
512300.SH,20191205,1.074,1.075,1.088,1.075,1.085,0.011,1.0242,2393.0,258.873
511220.SH,20191205,95.2,95.2,95.266,95.184,95.203,0.003,0.0032,612.11,5827.537
511810.SH,20191205,99.995,99.995,99.995,99.987,99.992,-0.003,-0.003,313805.26,3137768.44
511860.SH,20191205,99.997,99.997,99.998,99.991,99.997,0.0,0.0,247.55,2475.366
511800.SH,20191205,99.994,99.992,99.994,99.985,99.99,-0.004,-0.004,1673.56,16734.127
513660.SH,20191205,2.534,2.579,2.579,2.535,2.539,0.005,0.1973,1193.0,302.72
513600.SH,20191205,2.54,2.592,2.592,2.546,2.555,0.015,0.5906,1793.0,457.709
512990.SH,20191205,1.174,1.174,1.184,1.174,1.183,0.009,0.7666,171918.0,20305.666
512310.SH,20191205,0.461,0.462,0.467,0.462,0.467,0.006,1.3015,17325.0,805.271
502048.SH,20191205,0.963,0.94,0.993,0.94,0.983,0.02,2.0768,606.09,58.371
502049.SH,20191205,1.012,1.012,1.012,1.011,1.012,0.0,0.0,1688.0,170.826
502050.SH,20191205,0.911,0.912,0.924,0.912,0.923,0.012,1.3172,34604.73,3180.419
512340.SH,20191205,0.702,0.704,0.708,0.703,0.707,0.005,0.7123,5164.0,364.263
512500.SH,20191205,2.474,2.477,2.504,2.475,2.497,0.023,0.9297,1081251.33,269435.533
512510.SH,20191205,1.085,1.086,1.099,1.086,1.095,0.01,0.9217,100794.78,11018.285
510710.SH,20191205,3.255,3.255,3.283,3.255,3.276,0.021,0.6452,55147.23,18035.838
510560.SH,20191205,1.055,1.063,1.065,1.063,1.065,0.01,0.9479,54.63,5.808
502013.SH,20191205,1.06,1.06,1.068,1.06,1.065,0.005,0.4717,2558.96,272.267
502015.SH,20191205,1.142,1.2,1.2,1.178,1.178,0.036,3.1524,101.0,11.9
502006.SH,20191205,1.001,1.002,1.008,1.002,1.007,0.006,0.5994,142.43,14.313
502007.SH,20191205,1.011,1.018,1.025,1.018,1.025,0.014,1.3848,1168.0,119.655
