ts_code,trade_date,pre_close,open,high,low,close,change,pct_chg,vol,amount
160910.SZ,20191226,1.148,1.148,1.148,1.148,1.148,0.0,0.0,87.0,9.987
160805.SZ,20191226,0.781,0.789,0.789,0.788,0.789,0.008,1.0243,487.93,38.485
160311.SZ,20191226,1.623,1.624,1.634,1.624,1.634,0.011,0.6778,1748.27,284.64
161610.SZ,20191226,1.231,1.233,1.239,1.233,1.239,0.008,0.6499,1845.44,228.131
501009.SH,20191226,1.295,1.295,1.326,1.295,1.314,0.019,1.4672,826.65,108.132
501011.SH,20191226,0.779,0.775,0.78,0.774,0.779,0.0,0.0,844.0,65.425
501012.SH,20191226,0.774,0.771,0.776,0.771,0.776,0.002,0.2584,21.0,1.622
501017.SH,20191226,0.88,0.876,0.882,0.875,0.882,0.002,0.2273,566.52,49.592
501036.SH,20191226,0.834,0.841,0.842,0.838,0.842,0.008,0.9592,1369.07,115.182
501051.SH,20191226,1.139,1.197,1.197,1.14,1.146,0.007,0.6146,153.0,17.47
501054.SH,20191226,1.09,1.089,1.102,1.086,1.101,0.011,1.0092,120476.13,13221.482
501066.SH,20191226,1.48,1.496,1.51,1.485,1.51,0.03,2.027,3785.14,566.897
501067.SH,20191226,1.28,1.26,1.286,1.26,1.261,-0.019,-1.4844,96.0,12.115
501077.SH,20191226,1.085,1.091,1.116,1.091,1.116,0.031,2.8571,97272.09,10726.162
501188.SH,20191226,1.05,1.05,1.052,1.05,1.051,0.001,0.0952,87087.96,9148.992
501309.SH,20191226,1.031,1.046,1.046,1.045,1.045,0.014,1.3579,60.0,6.271
502020.SH,20191226,1.016,1.006,1.038,1.006,1.036,0.02,1.9685,15.94,1.622
510050.SH,20191226,2.98,2.98,3.005,2.979,3.002,0.022,0.7383,5075314.62,1518286.393
150013.SZ,20191226,1.095,1.073,1.092,1.073,1.092,-0.003,-0.274,29.56,3.196
150019.SZ,20191226,1.044,1.043,1.061,1.038,1.059,0.015,1.4368,1241045.14,130345.981
150022.SZ,20191226,0.861,0.861,0.867,0.861,0.866,0.005,0.5807,142310.19,12294.141
150023.SZ,20191226,0.258,0.257,0.267,0.256,0.267,0.009,3.4884,836464.34,21791.23
510300.SH,20191226,3.992,3.989,4.026,3.987,4.021,0.029,0.7265,3322559.4,1331523.237
150037.SZ,20191226,1.979,1.979,1.979,1.979,1.979,0.0,0.0,0.16,0.031
510390.SH,20191226,4.131,4.132,4.166,4.131,4.161,0.03,0.7262,81588.08,33859.454
510550.SH,20191226,1.225,1.248,1.248,1.225,1.237,0.012,0.9796,3462.0,426.133
510580.SH,20191226,5.287,5.287,5.32,5.272,5.319,0.032,0.6053,97855.0,51778.264
510650.SH,20191226,2.001,2.008,2.023,2.008,2.023,0.022,1.0995,605.0,121.752
510710.SH,20191226,3.351,3.351,3.378,3.35,3.376,0.025,0.746,83194.0,27981.736
510800.SH,20191226,1.106,1.106,1.118,1.106,1.117,0.011,0.9946,121473.0,13509.968
150124.SZ,20191226,0.85,0.857,0.861,0.853,0.861,0.011,1.2941,4412.0,378.378
150131.SZ,20191226,1.702,1.702,1.729,1.695,1.729,0.027,1.5864,68419.92,11745.59
511220.SH,20191226,96.197,96.195,96.344,96.011,96.199,0.002,0.0021,1744.75,16784.079
511830.SH,20191226,99.993,99.99,99.991,99.987,99.991,-0.002,-0.002,112.0,1119.888
511880.SH,20191226,102.584,102.584,102.584,102.571,102.575,-0.009,-0.0088,743236.15,7623846.557
512100.SH,20191226,0.705,0.705,0.711,0.703,0.711,0.006,0.8511,246103.0,17368.197
512150.SH,20191226,1.303,1.3,1.314,1.3,1.314,0.011,0.8442,980.0,128.066
512260.SH,20191226,1.168,1.167,1.175,1.167,1.174,0.006,0.5137,81896.0,9583.58
512270.SH,20191226,0.988,0.989,0.997,0.989,0.997,0.009,0.9109,26245.0,2610.379
150169.SZ,20191226,1.047,1.046,1.046,1.046,1.046,-0.001,-0.0955,1.0,0.104
512650.SH,20191226,0.994,0.992,1.006,0.992,1.006,0.012,1.2072,38964.0,3891.583
150180.SZ,20191226,1.595,1.595,1.6,1.573,1.6,0.005,0.3135,2223.88,353.415
150181.SZ,20191226,0.985,0.985,0.987,0.985,0.987,0.002,0.203,11476.8,1131.556
150189.SZ,20191226,1.08,1.042,1.052,1.042,1.052,-0.028,-2.5926,421.41,44.257
150191.SZ,20191226,1.298,1.257,1.292,1.248,1.292,-0.006,-0.4622,20.22,2.536
512860.SH,20191226,1.278,1.278,1.282,1.278,1.278,0.0,0.0,688.0,87.966
512910.SH,20191226,1.078,1.078,1.085,1.077,1.083,0.005,0.4638,139106.0,15020.068
150203.SZ,20191226,0.983,0.983,0.983,0.983,0.983,0.0,0.0,500.0,49.15
150206.SZ,20191226,0.546,0.542,0.556,0.542,0.556,0.01,1.8315,564158.55,30982.049
150210.SZ,20191226,0.743,0.741,0.759,0.741,0.759,0.016,2.1534,52927.09,3977.409
513100.SH,20191226,3.168,3.173,3.195,3.168,3.189,0.021,0.6629,388613.0,123580.586
150226.SZ,20191226,1.388,1.428,1.428,1.4,1.4,0.012,0.8646,40.0,5.684
501007.SH,20191226,0.999,1.002,1.008,1.001,1.008,0.009,0.9009,195.0,19.557
501008.SH,20191226,0.995,1.001,1.001,0.993,0.994,-0.001,-0.1005,224.0,22.28
501019.SH,20191226,0.811,0.806,0.813,0.806,0.811,0.0,0.0,835.0,67.54
501031.SH,20191226,0.547,0.548,0.553,0.548,0.553,0.006,1.0969,387.44,21.292
501047.SH,20191226,1.002,1.009,1.047,0.999,1.007,0.005,0.499,1467.0,147.533
501060.SH,20191226,1.258,1.26,1.268,1.258,1.268,0.01,0.7949,4523.59,569.106
501069.SH,20191226,1.094,1.099,1.108,1.099,1.108,0.014,1.2797,601.18,66.247
501070.SH,20191226,1.278,1.283,1.283,1.27,1.279,0.001,0.0782,2684.26,341.782
501086.SH,20191226,1.043,1.044,1.05,1.044,1.046,0.003,0.2876,516.0,53.878
502006.SH,20191226,1.043,1.043,1.053,1.043,1.053,0.01,0.9588,350.31,36.785
502007.SH,20191226,1.02,1.02,1.02,1.02,1.02,0.0,0.0,0.04,0.004
502010.SH,20191226,1.103,1.099,1.138,1.099,1.13,0.027,2.4479,29944.58,3337.907
502012.SH,20191226,1.205,1.188,1.27,1.188,1.259,0.054,4.4813,99160.76,12207.03
502036.SH,20191226,0.918,0.925,0.925,0.901,0.905,-0.013,-1.4161,121.26,10.993
510060.SH,20191226,1.859,1.863,1.88,1.863,1.88,0.021,1.1296,859.82,160.839
510100.SH,20191226,1.035,1.035,1.043,1.035,1.041,0.006,0.5797,127554.0,13247.932
510110.SH,20191226,3.858,3.845,3.85,3.845,3.85,-0.008,-0.2074,38.0,14.615
510180.SH,20191226,3.458,3.458,3.482,3.451,3.48,0.022,0.6362,241315.6,83590.685
510290.SH,20191226,1.479,1.467,1.474,1.466,1.474,-0.005,-0.3381,12536.0,1841.156
510310.SH,20191226,1.77,1.77,1.783,1.766,1.78,0.01,0.565,551027.0,97865.926
510330.SH,20191226,4.067,4.061,4.095,4.061,4.092,0.025,0.6147,1372342.0,559458.499
150050.SZ,20191226,1.658,1.586,1.613,1.575,1.606,-0.052,-3.1363,282.8,45.535
150052.SZ,20191226,1.408,1.411,1.439,1.405,1.439,0.031,2.2017,66648.32,9511.385
510680.SH,20191226,2.528,2.57,2.57,2.57,2.57,0.042,1.6614,1.0,0.257
510810.SH,20191226,0.912,0.915,0.918,0.913,0.917,0.005,0.5482,1349385.66,123571.055
511690.SH,20191226,99.996,99.995,99.995,99.988,99.992,-0.004,-0.004,7874.22,78734.773
511700.SH,20191226,100.003,99.989,100.0,99.989,99.999,-0.004,-0.004,777.93,7779.093
511920.SH,20191226,99.996,99.968,99.98,99.968,99.98,-0.016,-0.016,19.02,190.15
511980.SH,20191226,99.995,99.991,99.997,99.991,99.991,-0.004,-0.004,37.88,378.77
150151.SZ,20191226,0.784,0.784,0.784,0.78,0.782,-0.002,-0.2551,1009.0,78.816
150153.SZ,20191226,1.306,1.306,1.318,1.29,1.316,0.01,0.7657,851057.85,111265.676
512550.SH,20191226,1.266,1.271,1.276,1.269,1.276,0.01,0.7899,3268.0,415.969
512560.SH,20191226,0.804,0.81,0.815,0.805,0.814,0.01,1.2438,1340.0,108.298
512570.SH,20191226,0.936,0.93,0.963,0.93,0.963,0.027,2.8846,4382.0,414.457
512580.SH,20191226,0.778,0.775,0.781,0.774,0.779,0.001,0.1285,52562.0,4087.242
150172.SZ,20191226,1.336,1.34,1.449,1.34,1.449,0.113,8.4581,1002459.12,138275.422
512610.SH,20191226,1.451,1.451,1.46,1.445,1.459,0.008,0.5513,604.0,87.505
512680.SH,20191226,0.758,0.758,0.763,0.756,0.763,0.005,0.6596,27227.0,2066.825
512780.SH,20191226,0.757,0.75,0.76,0.75,0.753,-0.004,-0.5284,379.0,28.666
512800.SH,20191226,1.128,1.126,1.135,1.125,1.135,0.007,0.6206,1189765.0,134326.157
150192.SZ,20191226,1.023,1.024,1.024,1.024,1.024,0.001,0.0978,5.0,0.512
512810.SH,20191226,0.723,0.721,0.729,0.721,0.728,0.005,0.6916,6053.0,437.868
512870.SH,20191226,1.262,1.263,1.278,1.263,1.278,0.016,1.2678,11727.0,1484.257
150208.SZ,20191226,1.85,1.665,1.899,1.665,1.847,-0.003,-0.1622,156.28,28.097
150224.SZ,20191226,0.933,0.931,0.977,0.928,0.975,0.042,4.5016,852744.82,80607.862
150228.SZ,20191226,0.989,0.988,0.996,0.986,0.996,0.007,0.7078,355945.75,35306.086
515300.SH,20191226,1.026,1.026,1.035,1.026,1.035,0.009,0.8772,48588.0,5008.554
515520.SH,20191226,1.012,1.012,1.019,1.005,1.016,0.004,0.3953,186696.4,18949.498
515580.SH,20191226,1.08,1.08,1.085,1.075,1.082,0.002,0.1852,113325.0,12244.4
150248.SZ,20191226,1.011,0.993,1.022,0.993,1.022,0.011,1.088,1046.34,104.553
518800.SH,20191226,3.325,3.322,3.329,3.315,3.323,-0.002,-0.0602,335034.0,111386.79
518880.SH,20191226,3.352,3.353,3.357,3.345,3.353,0.001,0.0298,3352185.24,1123859.3
150264.SZ,20191226,0.742,0.7,0.742,0.7,0.742,0.0,0.0,67.23,4.773
150276.SZ,20191226,1.15,1.15,1.162,1.15,1.162,0.012,1.0435,2170.0,250.956
150282.SZ,20191226,0.809,0.809,0.809,0.781,0.789,-0.02,-2.4722,154.0,12.255
150284.SZ,20191226,0.834,0.821,0.821,0.821,0.821,-0.013,-1.5588,0.47,0.038
150197.SZ,20191226,0.527,0.525,0.544,0.523,0.543,0.016,3.0361,1430170.03,76764.013
150199.SZ,20191226,1.109,1.118,1.118,1.101,1.111,0.002,0.1803,9499.55,1053.076
150207.SZ,20191226,1.0,1.0,1.0,1.0,1.0,0.0,0.0,0.32,0.032
512980.SH,20191226,0.838,0.833,0.841,0.827,0.839,0.001,0.1193,222520.93,18551.699
513660.SH,20191226,2.669,2.669,2.675,2.665,2.674,0.005,0.1873,9956.07,2658.494
150222.SZ,20191226,0.944,0.947,0.956,0.944,0.954,0.01,1.0593,7077.46,671.541
515010.SH,20191226,1.012,1.01,1.04,1.01,1.038,0.026,2.5692,102596.0,10533.346
515050.SH,20191226,1.006,1.005,1.009,0.996,1.005,-0.001,-0.0994,3389449.1,339408.743
515200.SH,20191226,1.037,1.037,1.048,1.037,1.046,0.009,0.8679,102062.0,10662.969
515750.SH,20191226,1.06,1.059,1.065,1.054,1.061,0.001,0.0943,481896.9,51048.503
150261.SZ,20191226,0.991,0.989,0.989,0.989,0.989,-0.002,-0.2018,1.0,0.098
150293.SZ,20191226,0.991,0.993,0.993,0.993,0.993,0.002,0.2018,25.0,2.482
150299.SZ,20191226,0.995,0.994,0.995,0.994,0.995,0.0,0.0,8010.24,796.741
150322.SZ,20191226,0.817,0.821,0.825,0.814,0.825,0.008,0.9792,3115.0,256.652
159920.SZ,20191226,1.536,1.535,1.547,1.535,1.546,0.01,0.651,2474193.49,381876.378
159923.SZ,20191226,1.773,1.773,1.781,1.772,1.781,0.008,0.4512,1681.0,298.606
159932.SZ,20191226,1.42,1.42,1.42,1.412,1.42,0.0,0.0,208.0,29.495
150295.SZ,20191226,0.988,0.99,0.99,0.989,0.989,0.001,0.1012,12.0,1.186
150298.SZ,20191226,1.469,1.368,1.481,1.368,1.481,0.012,0.8169,1.03,0.152
150303.SZ,20191226,0.998,1.0,1.0,0.997,0.998,0.0,0.0,7392.25,737.787
150307.SZ,20191226,0.984,0.984,0.984,0.983,0.984,0.0,0.0,48.2,4.742
150327.SZ,20191226,1.0,1.047,1.047,1.047,1.047,0.047,4.7,180.0,18.846
159901.SZ,20191226,5.066,5.069,5.114,5.069,5.113,0.047,0.9278,253502.19,129108.791
159907.SZ,20191226,1.295,1.3,1.303,1.295,1.303,0.008,0.6178,1620.83,210.578
159910.SZ,20191226,1.961,1.97,1.981,1.97,1.98,0.019,0.9689,4689.0,926.258
159912.SZ,20191226,1.361,1.361,1.37,1.354,1.37,0.009,0.6613,3032.0,413.427
159955.SZ,20191226,0.959,0.96,0.962,0.954,0.96,0.001,0.1043,4256.0,407.69
159961.SZ,20191226,1.462,1.467,1.472,1.464,1.471,0.009,0.6156,3219.0,472.201
159962.SZ,20191226,1.029,1.033,1.041,1.033,1.041,0.012,1.1662,6392.0,661.789
159969.SZ,20191226,1.115,1.117,1.123,1.117,1.122,0.007,0.6278,60745.28,6798.997
159974.SZ,20191226,0.906,0.907,0.914,0.906,0.914,0.008,0.883,44653.21,4058.658
160106.SZ,20191226,1.241,1.241,1.255,1.241,1.25,0.009,0.7252,2919.0,362.961
160125.SZ,20191226,1.122,1.122,1.122,1.117,1.118,-0.004,-0.3565,423.0,47.295
160220.SZ,20191226,1.384,1.384,1.392,1.384,1.39,0.006,0.4335,1235.0,171.4
160416.SZ,20191226,1.033,1.031,1.036,1.031,1.035,0.002,0.1936,1537.0,158.943
160505.SZ,20191226,1.57,1.564,1.581,1.564,1.58,0.01,0.6369,39081.59,6154.999
160519.SZ,20191226,1.233,1.236,1.237,1.235,1.236,0.003,0.2433,295.0,36.466
160520.SZ,20191226,1.148,1.172,1.254,1.172,1.254,0.106,9.2334,13.0,1.557
160615.SZ,20191226,1.713,1.77,1.77,1.72,1.72,0.007,0.4086,220.0,38.34
160643.SZ,20191226,0.813,0.817,0.817,0.815,0.816,0.003,0.369,285.23,23.265
160645.SZ,20191226,0.986,0.986,0.991,0.982,0.99,0.004,0.4057,859.0,84.666
160717.SZ,20191226,0.865,0.865,0.869,0.864,0.868,0.003,0.3468,2166.0,187.696
160918.SZ,20191226,2.148,2.155,2.162,2.15,2.162,0.014,0.6518,1470.0,316.663
161005.SZ,20191226,2.341,2.341,2.358,2.341,2.356,0.015,0.6408,15206.62,3577.835
161017.SZ,20191226,1.672,1.672,1.679,1.667,1.676,0.004,0.2392,7717.42,1291.218
161033.SZ,20191226,1.248,1.171,1.296,1.171,1.241,-0.007,-0.5609,770.7,95.564
161116.SZ,20191226,0.817,0.826,0.828,0.823,0.824,0.007,0.8568,9103.0,751.276
161129.SZ,20191226,1.168,1.18,1.18,1.169,1.171,0.003,0.2568,1870.0,218.742
161226.SZ,20191226,0.881,0.878,0.895,0.878,0.891,0.01,1.1351,183695.56,16344.146
161227.SZ,20191226,1.069,1.071,1.076,1.068,1.075,0.006,0.5613,5675.8,609.046
161232.SZ,20191226,0.798,0.8,0.805,0.8,0.805,0.007,0.8772,1439.13,115.566
161607.SZ,20191226,1.192,1.136,1.202,1.136,1.202,0.01,0.8389,119.0,14.244
161631.SZ,20191226,1.155,1.163,1.163,1.148,1.158,0.003,0.2597,21588.87,2489.983
161831.SZ,20191226,0.991,0.99,0.995,0.99,0.995,0.004,0.4036,152.05,15.097
161903.SZ,20191226,1.265,1.268,1.278,1.26,1.263,-0.002,-0.1581,13250.24,1681.723
162415.SZ,20191226,1.65,1.65,1.65,1.644,1.65,0.0,0.0,813.3,134.025
162712.SZ,20191226,1.387,1.392,1.392,1.392,1.392,0.005,0.3605,3.0,0.417
162719.SZ,20191226,0.943,0.942,0.954,0.942,0.945,0.002,0.2121,467.0,44.09
163005.SZ,20191226,0.924,0.931,0.935,0.931,0.935,0.011,1.1905,68.93,6.434
163409.SZ,20191226,1.85,1.892,1.911,1.892,1.911,0.061,3.2973,9.0,1.714
163417.SZ,20191226,1.108,1.107,1.111,1.105,1.111,0.003,0.2708,828619.96,91810.429
159967.SZ,20191226,1.202,1.202,1.207,1.2,1.205,0.003,0.2496,51819.0,6239.148
159968.SZ,20191226,5.175,5.165,5.203,5.16,5.203,0.028,0.5411,176963.38,91730.14
159985.SZ,20191226,0.977,0.976,0.977,0.973,0.976,-0.001,-0.1024,135562.09,13210.227
159987.SZ,20191226,1.041,1.04,1.044,1.035,1.043,0.002,0.1921,277109.14,28784.284
160225.SZ,20191226,0.886,0.886,0.928,0.885,0.901,0.015,1.693,8179.86,742.888
160314.SZ,20191226,1.113,1.116,1.127,1.113,1.127,0.014,1.2579,2718.5,303.958
160526.SZ,20191226,1.095,1.09,1.094,1.072,1.085,-0.01,-0.9132,1485.06,161.708
160635.SZ,20191226,1.026,1.029,1.048,1.023,1.038,0.012,1.1696,2696.3,277.159
161117.SZ,20191226,1.066,1.071,1.071,1.071,1.071,0.005,0.469,2.0,0.214
161224.SZ,20191226,1.059,1.059,1.064,1.051,1.061,0.002,0.1889,999.0,105.671
161225.SZ,20191226,1.5,1.499,1.502,1.487,1.502,0.002,0.1333,303.0,45.401
161229.SZ,20191226,1.306,1.26,1.311,1.26,1.311,0.005,0.3828,9.0,1.167
161727.SZ,20191226,1.171,1.167,1.167,1.167,1.167,-0.004,-0.3416,100.0,11.67
162411.SZ,20191226,0.412,0.412,0.415,0.412,0.414,0.002,0.4854,1274365.23,52677.534
162607.SZ,20191226,0.544,0.528,0.542,0.528,0.536,-0.008,-1.4706,14206.18,760.468
163001.SZ,20191226,1.125,1.127,1.127,1.127,1.127,0.002,0.1778,10.0,1.127
163111.SZ,20191226,1.011,1.014,1.019,1.013,1.018,0.007,0.6924,1355.24,137.891
163208.SZ,20191226,0.806,0.813,0.825,0.798,0.806,0.0,0.0,678.0,55.221
163503.SZ,20191226,0.47,0.472,0.48,0.472,0.475,0.005,1.0638,3405.0,161.517
164208.SZ,20191226,1.098,1.072,1.072,1.072,1.072,-0.026,-2.3679,155.27,16.644
164701.SZ,20191226,0.701,0.701,0.704,0.696,0.701,0.0,0.0,152.0,10.644
166024.SZ,20191226,0.963,0.96,0.973,0.96,0.973,0.01,1.0384,53830.74,5215.259
166025.SZ,20191226,1.146,1.138,1.147,1.138,1.146,0.0,0.0,29174.38,3333.545
166902.SZ,20191226,1.022,1.027,1.027,1.027,1.027,0.005,0.4892,2.0,0.205
166904.SZ,20191226,1.017,1.03,1.03,1.03,1.03,0.013,1.2783,40.0,4.12
501005.SH,20191226,1.026,1.028,1.029,1.023,1.023,-0.003,-0.2924,1053.8,108.164
501018.SH,20191226,1.174,1.171,1.179,1.17,1.172,-0.002,-0.1704,5607.0,656.948
501043.SH,20191226,1.097,1.098,1.105,1.098,1.104,0.007,0.6381,1788.0,196.895
501045.SH,20191226,1.097,1.097,1.102,1.096,1.102,0.005,0.4558,320.0,35.135
501063.SH,20191226,1.009,1.009,1.013,1.007,1.012,0.003,0.2973,14412.25,1457.458
501064.SH,20191226,1.307,1.301,1.31,1.3,1.31,0.003,0.2295,1633.0,213.611
501076.SH,20191226,0.969,0.97,0.978,0.97,0.977,0.008,0.8256,38997.78,3791.592
501300.SH,20191226,1.07,1.07,1.07,1.069,1.07,0.0,0.0,1077.0,115.219
502008.SH,20191226,1.062,1.069,1.069,1.043,1.064,0.002,0.1883,548.88,58.022
502011.SH,20191226,1.003,1.004,1.005,1.003,1.004,0.001,0.0997,14468.0,1452.666
502013.SH,20191226,1.109,1.115,1.121,1.11,1.121,0.012,1.0821,4515.8,504.41
502038.SH,20191226,0.8,0.878,0.878,0.73,0.87,0.07,8.75,162.91,12.575
510120.SH,20191226,3.026,3.126,3.126,3.054,3.054,0.028,0.9253,74.0,22.672
150017.SZ,20191226,1.246,1.247,1.248,1.238,1.238,-0.008,-0.6421,1128.44,140.302
150055.SZ,20191226,1.03,1.033,1.034,1.032,1.033,0.003,0.2913,1126.84,116.422
150092.SZ,20191226,1.023,1.023,1.023,1.023,1.023,0.0,0.0,49.0,5.012
163819.SZ,20191226,1.043,1.042,1.042,1.042,1.042,-0.001,-0.0959,7.0,0.729
165513.SZ,20191226,0.418,0.42,0.422,0.417,0.42,0.002,0.4785,2979.93,125.09
166009.SZ,20191226,2.097,2.087,2.087,2.082,2.082,-0.015,-0.7153,8.0,1.666
166023.SZ,20191226,1.237,1.248,1.248,1.232,1.24,0.003,0.2425,2104.64,260.161
169106.SZ,20191226,1.041,1.04,1.044,1.04,1.044,0.003,0.2882,26656.67,2777.385
501028.SH,20191226,0.993,0.997,1.003,0.996,1.003,0.01,1.007,3032.7,302.561
501032.SH,20191226,0.75,0.755,0.755,0.755,0.755,0.005,0.6667,2.0,0.151
501053.SH,20191226,1.043,1.045,1.05,1.045,1.045,0.002,0.1918,254.39,26.661
501062.SH,20191226,1.033,1.032,1.042,1.03,1.042,0.009,0.8712,25482.86,2642.153
501071.SH,20191226,1.172,1.174,1.178,1.173,1.176,0.004,0.3413,8068.69,948.636
501081.SH,20191226,1.001,1.002,1.006,1.001,1.006,0.005,0.4995,27084.48,2715.631
501305.SH,20191226,0.984,0.998,0.998,0.998,0.998,0.014,1.4228,89.0,8.882
502015.SH,20191226,1.242,1.242,1.256,1.237,1.255,0.013,1.0467,1571.53,194.881
502023.SH,20191226,0.742,0.741,0.741,0.739,0.74,-0.002,-0.2695,52.0,3.847
510020.SH,20191226,2.985,2.985,3.012,2.985,3.012,0.027,0.9045,190.1,57.063
150008.SZ,20191226,0.994,0.998,1.006,0.998,1.006,0.012,1.2072,748.0,74.902
150029.SZ,20191226,1.17,1.12,1.175,1.12,1.175,0.005,0.4274,1025.81,119.577
510230.SH,20191226,5.614,5.614,5.67,5.611,5.669,0.055,0.9797,40135.0,22612.904
510360.SH,20191226,1.309,1.311,1.318,1.309,1.318,0.009,0.6875,331161.0,43502.686
510380.SH,20191226,1.025,1.033,1.033,1.029,1.033,0.008,0.7805,565.0,58.165
510440.SH,20191226,1.573,1.526,1.589,1.526,1.572,-0.001,-0.0636,73.0,11.488
510500.SH,20191226,5.607,5.6,5.652,5.588,5.649,0.042,0.7491,1860776.13,1044979.734
510590.SH,20191226,5.329,5.33,5.365,5.316,5.359,0.03,0.563,127376.82,67987.652
510600.SH,20191226,3.109,3.109,3.139,3.109,3.139,0.03,0.9649,17719.0,5529.343
150130.SZ,20191226,1.055,1.055,1.055,1.054,1.054,-0.001,-0.0948,331.0,34.891
511260.SH,20191226,108.31,108.309,108.455,108.309,108.449,0.139,0.1283,2867.0,31091.62
511670.SH,20191226,99.995,99.987,99.994,99.986,99.993,-0.002,-0.002,155.12,1551.037
512040.SH,20191226,1.148,1.15,1.157,1.15,1.157,0.009,0.784,75123.0,8668.104
512180.SH,20191226,1.087,1.086,1.094,1.085,1.094,0.007,0.644,37046.0,4034.255
150135.SZ,20191226,1.035,1.038,1.038,1.038,1.038,0.003,0.2899,366.0,37.99
512280.SH,20191226,1.087,1.087,1.096,1.087,1.096,0.009,0.828,364714.36,39777.271
512310.SH,20191226,0.48,0.48,0.49,0.48,0.49,0.01,2.0833,3525.0,171.292
512330.SH,20191226,0.985,0.981,0.983,0.972,0.983,-0.002,-0.203,70670.0,6921.111
512340.SH,20191226,0.741,0.735,0.749,0.735,0.749,0.008,1.0796,4324.0,322.271
150150.SZ,20191226,0.984,0.984,0.984,0.984,0.984,0.0,0.0,945.93,93.079
512530.SH,20191226,1.021,1.021,1.031,1.021,1.03,0.009,0.8815,127721.55,13141.593
150176.SZ,20191226,0.987,0.987,0.999,0.987,0.999,0.012,1.2158,43150.0,4284.382
150198.SZ,20191226,1.032,1.031,1.034,1.031,1.034,0.002,0.1938,41454.91,4274.486
512950.SH,20191226,0.98,0.982,0.989,0.982,0.989,0.009,0.9184,21925.0,2158.313
513000.SH,20191226,1.119,1.12,1.121,1.119,1.121,0.002,0.1787,5759.0,645.092
150211.SZ,20191226,0.988,0.988,0.989,0.987,0.989,0.001,0.1012,10710.09,1058.567
513050.SH,20191226,1.427,1.427,1.449,1.426,1.447,0.02,1.4015,624032.0,89807.701
150218.SZ,20191226,1.001,1.023,1.023,0.982,1.0,-0.001,-0.0999,1131.01,112.041
150093.SZ,20191226,0.669,0.65,0.66,0.65,0.66,-0.009,-1.3453,83.9,5.498
511270.SH,20191226,103.2,103.33,103.33,103.33,103.33,0.13,0.126,2.0,20.666
511620.SH,20191226,99.981,99.972,99.984,99.972,99.973,-0.008,-0.008,18.28,182.761
511770.SH,20191226,99.984,99.959,99.981,99.959,99.981,-0.003,-0.003,29.67,296.613
511810.SH,20191226,100.002,99.995,100.001,99.994,100.001,-0.001,-0.001,339607.69,3395914.83
511960.SH,20191226,99.997,99.905,99.985,99.905,99.968,-0.029,-0.029,10.02,100.15
511990.SH,20191226,99.988,99.985,99.987,99.981,99.984,-0.004,-0.004,699646.7,6995332.391
512200.SH,20191226,0.884,0.884,0.906,0.884,0.903,0.019,2.1493,188653.0,16941.252
512290.SH,20191226,1.161,1.16,1.177,1.16,1.177,0.016,1.3781,372994.0,43598.047
150143.SZ,20191226,0.983,0.985,0.985,0.984,0.985,0.002,0.2035,196.4,19.341
512480.SH,20191226,1.493,1.483,1.488,1.461,1.478,-0.015,-1.0047,322884.0,47553.949
512520.SH,20191226,1.124,1.124,1.134,1.123,1.133,0.009,0.8007,30351.0,3426.876
150174.SZ,20191226,1.408,1.408,1.428,1.408,1.414,0.006,0.4261,476.29,67.12
150178.SZ,20191226,1.483,1.456,1.499,1.456,1.499,0.016,1.0789,1609.85,239.341
512690.SH,20191226,1.136,1.136,1.143,1.131,1.142,0.006,0.5282,93490.0,10639.938
150179.SZ,20191226,1.024,1.023,1.024,1.023,1.024,0.0,0.0,944.0,96.665
150186.SZ,20191226,0.998,0.998,0.999,0.998,0.999,0.001,0.1002,4006.52,400.203
150195.SZ,20191226,1.144,1.14,1.147,1.118,1.146,0.002,0.1748,143116.87,16251.827
512970.SH,20191226,1.019,1.019,1.03,1.016,1.022,0.003,0.2944,17854.0,1830.25
512990.SH,20191226,1.223,1.229,1.231,1.222,1.231,0.008,0.6541,188019.0,23042.953
513030.SH,20191226,1.116,1.115,1.122,1.113,1.119,0.003,0.2688,8308.0,927.803
150212.SZ,20191226,1.432,1.43,1.491,1.41,1.485,0.053,3.7011,22248.46,3260.91
150215.SZ,20191226,1.038,1.063,1.063,1.029,1.049,0.011,1.0597,8.0,0.836
150216.SZ,20191226,1.161,1.084,1.174,1.084,1.155,-0.006,-0.5168,2434.17,282.806
513600.SH,20191226,2.687,2.688,2.689,2.687,2.688,0.001,0.0372,4156.0,1116.949
150221.SZ,20191226,1.072,1.071,1.074,1.071,1.073,0.001,0.0933,51588.06,5533.625
513900.SH,20191226,1.017,1.017,1.017,1.014,1.015,-0.002,-0.1967,3799.0,385.862
150223.SZ,20191226,1.005,1.004,1.006,1.004,1.006,0.001,0.0995,147888.45,14859.524
515020.SH,20191226,1.023,1.023,1.025,1.019,1.023,0.0,0.0,42934.3,4388.407
515310.SH,20191226,0.994,0.994,1.004,0.994,1.004,0.01,1.006,393191.2,39340.456
515650.SH,20191226,0.989,0.988,0.993,0.984,0.993,0.004,0.4044,183557.82,18166.186
515680.SH,20191226,0.921,0.921,0.926,0.921,0.926,0.005,0.5429,31918.41,2945.958
150249.SZ,20191226,0.995,0.995,0.998,0.995,0.997,0.002,0.201,1543.0,153.798
515810.SH,20191226,0.971,0.97,0.98,0.97,0.98,0.009,0.9269,145596.0,14202.493
150267.SZ,20191226,0.987,0.988,0.988,0.988,0.988,0.001,0.1013,100.0,9.88
150275.SZ,20191226,0.982,0.982,0.983,0.982,0.983,0.001,0.1018,1770.75,173.998
150277.SZ,20191226,0.993,0.993,0.995,0.993,0.995,0.002,0.2014,801.0,79.539
150294.SZ,20191226,0.466,0.421,0.495,0.421,0.47,0.004,0.8584,340.28,15.482
150312.SZ,20191226,1.535,1.545,1.545,1.474,1.533,-0.002,-0.1303,66.26,10.105
150316.SZ,20191226,1.89,1.901,1.901,1.901,1.901,0.011,0.582,1.0,0.19
159003.SZ,20191226,100.0,100.0,100.001,99.999,100.0,0.0,0.0,698.88,6988.774
512000.SH,20191226,0.939,0.939,0.964,0.938,0.963,0.024,2.5559,4945964.75,468496.847
512090.SH,20191226,1.126,1.126,1.136,1.126,1.135,0.009,0.7993,145012.0,16383.805
512160.SH,20191226,1.133,1.133,1.143,1.133,1.142,0.009,0.7944,214664.0,24413.703
150146.SZ,20191226,1.255,1.309,1.309,1.13,1.13,-0.125,-9.9602,2.0,0.243
512380.SH,20191226,1.019,1.015,1.027,1.015,1.026,0.007,0.6869,661963.0,67671.352
512500.SH,20191226,2.608,2.599,2.625,2.598,2.624,0.016,0.6135,594883.12,155246.381
150165.SZ,20191226,1.247,1.247,1.247,1.247,1.247,0.0,0.0,8.0,0.997
150167.SZ,20191226,0.988,0.989,0.989,0.989,0.989,0.001,0.1012,0.08,0.007
150171.SZ,20191226,1.021,1.021,1.023,1.021,1.023,0.002,0.1959,101551.64,10368.727
512670.SH,20191226,1.044,1.044,1.05,1.042,1.049,0.005,0.4789,115764.0,12093.442
512710.SH,20191226,1.036,1.035,1.038,1.03,1.036,0.0,0.0,1073033.0,110971.351
512720.SH,20191226,1.151,1.156,1.16,1.145,1.16,0.009,0.7819,371397.0,42763.805
150182.SZ,20191226,1.216,1.21,1.237,1.21,1.236,0.02,1.6447,148854.49,18177.009
150193.SZ,20191226,1.21,1.233,1.247,1.177,1.239,0.029,2.3967,36323.11,4363.362
150196.SZ,20191226,1.047,1.046,1.049,1.046,1.048,0.001,0.0955,279299.05,29269.231
150204.SZ,20191226,1.066,1.073,1.08,1.049,1.08,0.014,1.3133,3362.76,358.642
150205.SZ,20191226,0.985,0.985,0.987,0.985,0.987,0.002,0.203,79603.04,7846.746
513500.SH,20191226,2.107,2.109,2.119,2.109,2.118,0.011,0.5221,353293.0,74619.289
150214.SZ,20191226,1.46,1.459,1.459,1.445,1.445,-0.015,-1.0274,40.81,5.898
513680.SH,20191226,1.007,1.024,1.024,0.999,1.016,0.009,0.8937,15.0,1.515
513880.SH,20191226,1.105,1.104,1.107,1.102,1.107,0.002,0.181,11955.0,1322.734
150236.SZ,20191226,1.019,1.027,1.049,1.013,1.049,0.03,2.9441,10501.72,1077.561
515600.SH,20191226,0.912,0.913,0.918,0.912,0.918,0.006,0.6579,26053.0,2381.718
150265.SZ,20191226,0.992,1.03,1.03,1.03,1.03,0.038,3.8306,15.0,1.545
150269.SZ,20191226,0.983,0.983,0.984,0.983,0.984,0.001,0.1017,31133.02,3060.483
150274.SZ,20191226,1.199,1.176,1.21,1.176,1.21,0.011,0.9174,683.89,82.399
160522.SZ,20191226,1.074,1.066,1.066,1.066,1.066,-0.008,-0.7449,72.04,7.679
160618.SZ,20191226,1.329,1.329,1.331,1.329,1.33,0.001,0.0752,5441.74,723.79
160706.SZ,20191226,1.15,1.152,1.159,1.151,1.157,0.007,0.6087,38520.82,4451.811
161019.SZ,20191226,1.045,1.047,1.049,1.047,1.049,0.004,0.3828,5.0,0.524
161124.SZ,20191226,1.121,1.125,1.125,1.119,1.119,-0.002,-0.1784,36.0,4.03
515000.SH,20191226,1.253,1.251,1.264,1.249,1.263,0.01,0.7981,3076982.51,386650.55
515180.SH,20191226,0.994,0.995,1.003,0.994,1.001,0.007,0.7042,788868.0,78915.262
515330.SH,20191226,1.003,1.0,1.009,1.0,1.008,0.005,0.4985,2000688.09,201208.591
515550.SH,20191226,1.032,1.028,1.037,1.026,1.037,0.005,0.4845,253041.2,26109.095
150243.SZ,20191226,0.993,0.992,0.994,0.988,0.994,0.001,0.1007,11873.05,1179.419
150245.SZ,20191226,1.014,0.996,0.996,0.996,0.996,-0.018,-1.7751,1.0,0.099
515660.SH,20191226,3.888,3.902,4.218,3.902,4.004,0.116,2.9835,1222.13,488.522
150252.SZ,20191226,0.73,0.72,0.757,0.72,0.745,0.015,2.0548,2600.64,194.2
515860.SH,20191226,1.074,1.072,1.085,1.072,1.083,0.009,0.838,137712.0,14870.481
150257.SZ,20191226,1.003,1.005,1.006,1.005,1.006,0.003,0.2991,706.0,71.003
150260.SZ,20191226,0.882,0.863,0.883,0.863,0.883,0.001,0.1134,339.47,29.431
150266.SZ,20191226,0.926,0.928,0.933,0.921,0.932,0.006,0.6479,1491.94,138.66
150272.SZ,20191226,1.438,1.493,1.493,1.447,1.448,0.01,0.6954,210.0,30.408
150278.SZ,20191226,0.691,0.702,0.702,0.691,0.701,0.01,1.4472,805.49,55.949
150291.SZ,20191226,0.997,0.998,0.998,0.996,0.996,-0.001,-0.1003,116.0,11.556
150321.SZ,20191226,1.011,1.012,1.013,1.012,1.012,0.001,0.0989,1214.72,122.949
150324.SZ,20191226,0.554,0.607,0.608,0.607,0.607,0.053,9.5668,79.0,4.795
150227.SZ,20191226,0.992,0.992,0.992,0.99,0.991,-0.001,-0.1008,60643.0,6009.706
150238.SZ,20191226,0.722,0.717,0.718,0.651,0.651,-0.071,-9.8338,1361.0,95.67
150246.SZ,20191226,1.175,1.189,1.189,1.189,1.189,0.014,1.1915,2.0,0.237
515880.SH,20191226,1.066,1.066,1.071,1.06,1.07,0.004,0.3752,415358.0,44285.842
150268.SZ,20191226,1.179,1.201,1.201,1.201,1.201,0.022,1.866,1.0,0.12
150281.SZ,20191226,0.989,0.99,0.991,0.99,0.991,0.002,0.2022,170.0,16.845
150301.SZ,20191226,0.993,0.993,0.994,0.993,0.994,0.001,0.1007,2373.45,235.734
150329.SZ,20191226,0.981,0.982,0.983,0.982,0.983,0.002,0.2039,1884.0,185.194
150335.SZ,20191226,0.993,0.994,0.994,0.994,0.994,0.001,0.1007,230.7,22.931
150336.SZ,20191226,0.69,0.706,0.706,0.67,0.67,-0.02,-2.8986,15.96,1.072
159005.SZ,20191226,100.0,99.999,100.001,99.999,100.0,0.0,0.0,430.2,4301.988
159903.SZ,20191226,1.125,1.13,1.135,1.126,1.134,0.009,0.8,17505.89,1975.959
159906.SZ,20191226,0.962,0.968,0.968,0.96,0.963,0.001,0.104,2129.0,205.628
159918.SZ,20191226,1.497,1.483,1.506,1.483,1.506,0.009,0.6012,11.0,1.654
159929.SZ,20191226,1.521,1.522,1.533,1.521,1.533,0.012,0.789,35598.0,5441.832
159937.SZ,20191226,3.351,3.35,3.356,3.343,3.351,0.0,0.0,1833933.09,614581.541
159943.SZ,20191226,11.08,11.398,11.398,11.017,11.148,0.068,0.6137,484.54,539.057
159957.SZ,20191226,1.055,1.057,1.06,1.05,1.055,0.0,0.0,2661.43,281.387
159963.SZ,20191226,1.023,1.022,1.025,1.021,1.025,0.002,0.1955,29218.79,2990.318
159965.SZ,20191226,1.102,1.108,1.111,1.103,1.111,0.009,0.8167,14205.16,1569.37
160130.SZ,20191226,1.005,1.046,1.046,1.046,1.046,0.041,4.0796,30.0,3.138
160133.SZ,20191226,2.794,2.81,2.815,2.801,2.815,0.021,0.7516,1496.77,420.336
160142.SZ,20191226,1.058,1.058,1.06,1.057,1.059,0.001,0.0945,156009.02,16509.101
159905.SZ,20191226,1.994,1.993,2.008,1.993,2.008,0.014,0.7021,269413.0,53883.355
159908.SZ,20191226,1.527,1.531,1.539,1.526,1.538,0.011,0.7204,1864.0,285.396
159909.SZ,20191226,5.205,5.168,5.242,5.168,5.2,-0.005,-0.0961,1110.0,578.768
159916.SZ,20191226,4.417,4.417,4.449,4.417,4.444,0.027,0.6113,925.0,410.368
159925.SZ,20191226,1.759,1.758,1.772,1.758,1.772,0.013,0.7391,1776.16,313.44
159935.SZ,20191226,1.426,1.436,1.442,1.436,1.441,0.015,1.0519,429.0,61.69
159945.SZ,20191226,0.625,0.624,0.629,0.624,0.628,0.003,0.48,350.0,21.962
159953.SZ,20191226,0.737,0.737,0.749,0.737,0.745,0.008,1.0855,407.01,30.097
159954.SZ,20191226,1.036,1.035,1.041,1.035,1.041,0.005,0.4826,10468.0,1087.876
160215.SZ,20191226,1.552,1.557,1.579,1.548,1.579,0.027,1.7397,600.0,93.132
160322.SZ,20191226,1.116,1.117,1.117,1.117,1.117,0.001,0.0896,155.0,17.313
160415.SZ,20191226,1.2,1.16,1.253,1.16,1.244,0.044,3.6667,35.0,4.292
160610.SZ,20191226,1.075,1.07,1.079,1.07,1.079,0.004,0.3721,674.01,72.525
160716.SZ,20191226,1.604,1.604,1.621,1.604,1.618,0.014,0.8728,3167.26,510.076
160915.SZ,20191226,1.004,1.097,1.097,0.993,0.993,-0.011,-1.0956,13.0,1.374
161118.SZ,20191226,1.028,1.033,1.035,1.028,1.035,0.007,0.6809,12860.23,1326.825
161713.SZ,20191226,1.029,1.029,1.029,1.028,1.029,0.0,0.0,67.0,6.894
161728.SZ,20191226,1.041,1.041,1.042,1.041,1.042,0.001,0.0961,55050.12,5731.056
164808.SZ,20191226,1.082,1.08,1.08,1.08,1.08,-0.002,-0.1848,1937.0,209.196
167001.SZ,20191226,0.825,0.826,0.835,0.826,0.835,0.01,1.2121,1936.25,161.175
168101.SZ,20191226,1.134,1.134,1.147,1.134,1.145,0.011,0.97,18228.02,2083.847
501000.SH,20191226,1.052,1.051,1.076,1.051,1.069,0.017,1.616,149.0,15.844
501030.SH,20191226,0.549,0.549,0.551,0.548,0.551,0.002,0.3643,106.0,5.823
501038.SH,20191226,1.206,1.206,1.215,1.206,1.214,0.008,0.6633,11417.76,1382.274
501046.SH,20191226,1.407,1.408,1.418,1.4,1.413,0.006,0.4264,12962.0,1822.404
501048.SH,20191226,1.006,1.006,1.039,1.006,1.039,0.033,3.2803,660.0,66.988
501050.SH,20191226,1.342,1.342,1.352,1.342,1.352,0.01,0.7452,11572.72,1560.216
501057.SH,20191226,1.011,1.012,1.05,1.012,1.022,0.011,1.088,13425.43,1371.881
501310.SH,20191226,0.987,0.983,0.988,0.981,0.987,0.0,0.0,4592.72,452.792
501311.SH,20191226,1.261,1.215,1.387,1.215,1.387,0.126,9.9921,773.92,106.577
502014.SH,20191226,0.988,0.989,0.989,0.988,0.989,0.001,0.1012,2787.0,275.534
502049.SH,20191226,1.014,1.014,1.016,1.014,1.016,0.002,0.1972,11080.97,1125.085
502055.SH,20191226,0.929,0.928,0.947,0.905,0.947,0.018,1.9376,4558.87,424.576
510010.SH,20191226,1.184,1.174,1.196,1.173,1.196,0.012,1.0135,905.0,107.386
510130.SH,20191226,3.93,3.948,3.973,3.948,3.973,0.043,1.0941,407.63,161.37
150018.SZ,20191226,1.03,1.029,1.033,1.029,1.032,0.002,0.1942,106590.5,10998.678
150031.SZ,20191226,1.142,1.141,1.147,1.141,1.147,0.005,0.4378,25.81,2.945
150117.SZ,20191226,1.046,1.046,1.048,1.046,1.047,0.001,0.0956,31147.29,3260.347
150123.SZ,20191226,1.06,1.06,1.061,1.06,1.061,0.001,0.0943,12603.03,1336.14
510880.SH,20191226,2.825,2.827,2.854,2.826,2.853,0.028,0.9912,77538.52,22034.426
511280.SH,20191226,102.0,102.001,102.001,102.001,102.001,0.001,0.001,3.0,30.6
511660.SH,20191226,99.998,99.992,99.994,99.987,99.99,-0.008,-0.008,48719.64,487147.165
511800.SH,20191226,100.001,100.001,100.006,99.931,100.0,-0.001,-0.001,638.06,6380.496
161126.SZ,20191226,1.431,1.442,1.442,1.431,1.431,0.0,0.0,1.24,0.178
161233.SZ,20191226,1.106,1.108,1.108,1.108,1.108,0.002,0.1808,10.0,1.108
162416.SZ,20191226,1.028,1.025,1.032,1.021,1.03,0.002,0.1946,1272.45,131.074
162510.SZ,20191226,0.87,0.873,0.873,0.873,0.873,0.003,0.3448,34.0,2.968
162703.SZ,20191226,2.085,2.08,2.1,2.076,2.09,0.005,0.2398,54037.78,11291.823
163402.SZ,20191226,0.716,0.716,0.724,0.716,0.724,0.008,1.1173,205789.82,14827.382
163407.SZ,20191226,2.075,2.081,2.088,2.077,2.088,0.013,0.6265,3093.82,644.377
164509.SZ,20191226,0.99,1.01,1.01,1.01,1.01,0.02,2.0202,2.0,0.202
165309.SZ,20191226,1.273,1.28,1.28,1.28,1.28,0.007,0.5499,0.43,0.055
166107.SZ,20191226,1.038,1.089,1.089,1.06,1.068,0.03,2.8902,610.0,66.19
169104.SZ,20191226,1.487,1.48,1.487,1.48,1.487,0.0,0.0,230.0,34.18
169201.SZ,20191226,1.13,1.12,1.12,1.12,1.12,-0.01,-0.885,255.01,28.561
501015.SH,20191226,0.886,0.891,0.9,0.888,0.897,0.011,1.2415,11602.49,1036.603
501026.SH,20191226,0.891,0.899,0.9,0.894,0.899,0.008,0.8979,662.83,59.442
501058.SH,20191226,0.996,1.0,1.046,1.0,1.005,0.009,0.9036,4789.06,481.466
501073.SH,20191226,0.936,0.935,0.94,0.935,0.939,0.003,0.3205,27468.38,2574.518
501301.SH,20191226,1.218,1.217,1.225,1.217,1.225,0.007,0.5747,416.23,50.783
502054.SH,20191226,0.988,0.988,0.989,0.988,0.989,0.001,0.1012,625.0,61.788
510030.SH,20191226,5.467,5.488,5.526,5.488,5.526,0.059,1.0792,1212.0,668.673
510150.SH,20191226,5.367,5.346,5.405,5.346,5.402,0.035,0.6521,11155.0,6004.318
150028.SZ,20191226,1.024,1.024,1.024,1.023,1.024,0.0,0.0,2540.18,260.114
150036.SZ,20191226,1.03,1.03,1.03,1.03,1.03,0.0,0.0,18.0,1.854
150051.SZ,20191226,0.983,0.984,0.984,0.983,0.983,0.0,0.0,8950.27,880.208
510410.SH,20191226,0.614,0.614,0.619,0.611,0.618,0.004,0.6515,54242.0,3345.949
150065.SZ,20191226,0.78,0.781,0.781,0.781,0.781,0.001,0.1282,0.05,0.003
150084.SZ,20191226,1.425,1.304,1.388,1.304,1.388,-0.037,-2.5965,164.0,21.578
510660.SH,20191226,1.862,1.866,1.88,1.865,1.879,0.017,0.913,6041.0,1133.149
511290.SH,20191226,101.001,101.003,101.003,101.003,101.003,0.002,0.002,0.1,1.01
511650.SH,20191226,100.007,100.006,100.006,99.999,100.002,-0.005,-0.005,285.0,2850.005
511850.SH,20191226,99.992,99.99,99.991,99.977,99.989,-0.003,-0.003,4822.26,48217.083
511930.SH,20191226,100.008,100.149,100.15,100.001,100.008,0.0,0.0,12.0,120.15
512070.SH,20191226,2.247,2.248,2.279,2.246,2.279,0.032,1.4241,86810.0,19614.902
512220.SH,20191226,1.395,1.399,1.415,1.39,1.409,0.014,1.0036,883.0,123.111
150152.SZ,20191226,1.039,1.038,1.04,1.038,1.039,0.0,0.0,119372.59,12402.461
512510.SH,20191226,1.143,1.142,1.151,1.139,1.15,0.007,0.6124,38721.72,4438.239
150170.SZ,20191226,1.371,1.363,1.375,1.363,1.375,0.004,0.2918,632.0,86.771
512600.SH,20191226,2.864,2.865,2.865,2.849,2.854,-0.01,-0.3492,1857.0,530.179
160324.SZ,20191226,1.085,1.106,1.108,1.1,1.1,0.015,1.3825,35.0,3.87
160512.SZ,20191226,2.01,2.008,2.008,2.008,2.008,-0.002,-0.0995,67.0,13.453
160518.SZ,20191226,1.238,1.245,1.253,1.242,1.251,0.013,1.0501,9953.54,1243.055
160616.SZ,20191226,1.155,1.173,1.173,1.173,1.173,0.018,1.5584,2.0,0.234
160719.SZ,20191226,0.824,0.824,0.83,0.824,0.824,0.0,0.0,1749.43,144.47
160726.SZ,20191226,1.327,1.327,1.339,1.326,1.337,0.01,0.7536,19667.16,2626.069
160919.SZ,20191226,1.444,1.458,1.463,1.447,1.461,0.017,1.1773,1718.79,250.938
161029.SZ,20191226,1.128,1.131,1.138,1.131,1.138,0.01,0.8865,138.53,15.716
161039.SZ,20191226,1.166,1.174,1.174,1.174,1.174,0.008,0.6861,31.0,3.639
161216.SZ,20191226,1.114,1.118,1.118,1.107,1.107,-0.007,-0.6284,9.0,1.005
161222.SZ,20191226,1.35,1.35,1.37,1.35,1.37,0.02,1.4815,182.24,24.939
161706.SZ,20191226,1.861,1.864,1.873,1.86,1.867,0.006,0.3224,1201.0,223.885
161715.SZ,20191226,0.867,0.868,0.878,0.868,0.877,0.01,1.1534,1432.69,124.739
161815.SZ,20191226,0.496,0.495,0.496,0.494,0.496,0.0,0.0,37.0,1.832
161834.SZ,20191226,0.84,0.842,0.845,0.842,0.845,0.005,0.5952,2178.22,183.823
162108.SZ,20191226,1.068,1.072,1.072,1.072,1.072,0.004,0.3745,1.0,0.107
163210.SZ,20191226,1.015,1.016,1.017,1.015,1.017,0.002,0.197,3986.69,405.021
163302.SZ,20191226,1.161,1.131,1.18,1.131,1.18,0.019,1.6365,328.0,38.572
163415.SZ,20191226,2.166,2.168,2.174,2.163,2.173,0.007,0.3232,5012.18,1086.055
163801.SZ,20191226,1.442,1.454,1.454,1.45,1.45,0.008,0.5548,663.0,96.21
166001.SZ,20191226,1.15,1.152,1.21,1.143,1.155,0.005,0.4348,878.12,100.875
166008.SZ,20191226,1.081,1.084,1.084,1.084,1.084,0.003,0.2775,23.4,2.536
169101.SZ,20191226,1.645,1.646,1.66,1.646,1.659,0.014,0.8511,20539.23,3398.553
169103.SZ,20191226,1.389,1.392,1.419,1.392,1.411,0.022,1.5839,2559.0,359.622
501001.SH,20191226,1.114,1.131,1.132,1.12,1.12,0.006,0.5386,1587.46,179.319
150049.SZ,20191226,1.016,1.017,1.017,1.017,1.017,0.001,0.0984,14.8,1.505
510350.SH,20191226,3.972,3.973,4.004,3.973,4.003,0.031,0.7805,417446.05,166453.807
510430.SH,20191226,1.569,1.554,1.56,1.55,1.55,-0.019,-1.211,119.0,18.537
150064.SZ,20191226,1.029,1.031,1.031,1.031,1.031,0.002,0.1944,0.42,0.043
510510.SH,20191226,1.48,1.475,1.492,1.475,1.492,0.012,0.8108,257618.0,38202.96
150066.SZ,20191226,0.999,0.999,1.001,0.999,0.999,0.0,0.0,351.82,35.175
150100.SZ,20191226,1.024,1.024,1.025,1.023,1.025,0.001,0.0977,5715.0,585.019
150105.SZ,20191226,1.889,1.885,1.885,1.885,1.885,-0.004,-0.2118,22.0,4.147
510850.SH,20191226,3.022,3.02,3.046,3.02,3.046,0.024,0.7942,639509.43,193677.689
510900.SH,20191226,1.254,1.255,1.266,1.255,1.266,0.012,0.9569,4163459.13,525290.009
511010.SH,20191226,119.32,119.32,119.63,119.317,119.469,0.149,0.1249,4282.98,51144.677
511020.SH,20191226,101.55,101.58,101.7,101.58,101.61,0.06,0.0591,22.1,224.744
511030.SH,20191226,101.804,101.801,101.804,101.801,101.804,0.0,0.0,3.0,30.541
150173.SZ,20191226,0.982,0.983,0.983,0.982,0.983,0.001,0.1018,693.98,68.195
150175.SZ,20191226,0.993,0.993,0.993,0.993,0.993,0.0,0.0,33582.56,3334.748
512770.SH,20191226,1.153,1.155,1.162,1.154,1.162,0.009,0.7806,19778.0,2291.001
150187.SZ,20191226,1.053,1.026,1.055,1.026,1.049,-0.004,-0.3799,206.27,21.545
150188.SZ,20191226,0.99,0.988,0.992,0.988,0.992,0.002,0.202,1219.69,120.783
512850.SH,20191226,1.113,1.124,1.135,1.065,1.135,0.022,1.9766,3420.0,384.986
512880.SH,20191226,0.985,0.984,1.01,0.982,1.008,0.023,2.335,12231280.06,1215654.442
512900.SH,20191226,0.957,0.955,0.983,0.954,0.981,0.024,2.5078,407277.0,39280.79
159933.SZ,20191226,2.2,2.193,2.193,2.176,2.176,-0.024,-1.0909,51.0,11.109
159934.SZ,20191226,3.325,3.32,3.329,3.315,3.325,0.0,0.0,1905304.26,633711.069
159941.SZ,20191226,1.943,1.937,1.951,1.937,1.948,0.005,0.2573,11118.03,2163.274
159949.SZ,20191226,0.656,0.654,0.66,0.652,0.66,0.004,0.6098,2953803.22,193929.033
159956.SZ,20191226,1.028,1.02,1.021,1.009,1.02,-0.008,-0.7782,1728.0,175.783
159977.SZ,20191226,1.781,1.781,1.791,1.777,1.789,0.008,0.4492,202907.95,36164.558
159980.SZ,20191226,1.017,1.014,1.015,1.012,1.014,-0.003,-0.295,66635.02,6757.245
160119.SZ,20191226,1.317,1.317,1.326,1.315,1.326,0.009,0.6834,12462.44,1644.683
160128.SZ,20191226,1.032,1.031,1.033,1.031,1.033,0.001,0.0969,59.0,6.092
160607.SZ,20191226,0.854,0.857,0.858,0.852,0.857,0.003,0.3513,3165.94,270.95
160642.SZ,20191226,1.11,1.11,1.123,1.11,1.123,0.013,1.1712,20.0,2.233
160723.SZ,20191226,1.22,1.22,1.222,1.218,1.22,0.0,0.0,624.0,76.105
160812.SZ,20191226,1.58,1.578,1.587,1.578,1.585,0.005,0.3165,1495.22,236.086
160813.SZ,20191226,0.773,0.795,0.795,0.774,0.788,0.015,1.9405,326.41,25.39
160916.SZ,20191226,2.67,2.677,2.692,2.674,2.691,0.021,0.7865,592.09,158.969
160921.SZ,20191226,1.058,1.059,1.059,1.054,1.057,-0.001,-0.0945,824.2,87.019
161014.SZ,20191226,1.214,1.214,1.217,1.214,1.215,0.001,0.0824,3954.0,480.97
161036.SZ,20191226,0.704,0.704,0.705,0.7,0.7,-0.004,-0.5682,278.0,19.575
161038.SZ,20191226,0.998,0.963,0.963,0.963,0.963,-0.035,-3.507,1.0,0.096
161119.SZ,20191226,1.401,1.394,1.394,1.394,1.394,-0.007,-0.4996,50.0,6.97
161125.SZ,20191226,1.434,1.434,1.44,1.434,1.44,0.006,0.4184,97.0,13.944
161127.SZ,20191226,1.461,1.46,1.482,1.46,1.481,0.02,1.3689,104.0,15.304
161714.SZ,20191226,1.121,1.122,1.13,1.121,1.121,0.0,0.0,37.0,4.152
161912.SZ,20191226,1.271,1.271,1.288,1.267,1.288,0.017,1.3375,95017.48,12115.056
162006.SZ,20191226,1.193,1.243,1.243,1.202,1.206,0.013,1.0897,1807.49,219.288
162207.SZ,20191226,1.432,1.43,1.441,1.43,1.441,0.009,0.6285,120.0,17.195
162216.SZ,20191226,0.978,1.019,1.03,0.986,1.0,0.022,2.2495,31.77,3.171
164206.SZ,20191226,1.189,1.182,1.182,1.182,1.182,-0.007,-0.5887,2.0,0.236
164810.SZ,20191226,1.04,1.039,1.039,1.039,1.039,-0.001,-0.0962,100.0,10.39
164906.SZ,20191226,1.389,1.38,1.393,1.38,1.391,0.002,0.144,3908.09,542.451
165313.SZ,20191226,1.663,1.676,1.679,1.665,1.666,0.003,0.1804,2385.19,399.873
165525.SZ,20191226,0.719,0.718,0.727,0.717,0.723,0.004,0.5563,51652.26,3734.944
166016.SZ,20191226,1.212,1.213,1.214,1.213,1.214,0.002,0.165,301.0,36.531
511820.SH,20191226,99.988,99.997,99.998,99.997,99.997,0.009,0.009,44.61,446.088
511900.SH,20191226,99.995,99.99,99.995,99.988,99.994,-0.001,-0.001,557.03,5569.841
511910.SH,20191226,99.984,99.983,99.983,99.98,99.98,-0.004,-0.004,79.76,797.44
511950.SH,20191226,100.051,100.053,100.053,100.053,100.053,0.002,0.002,1.0,10.005
512120.SH,20191226,1.526,1.527,1.542,1.527,1.542,0.016,1.0485,7223.0,1109.367
512170.SH,20191226,1.243,1.242,1.248,1.238,1.245,0.002,0.1609,248563.0,30897.128
150149.SZ,20191226,0.685,0.689,0.695,0.688,0.695,0.01,1.4599,4857.0,335.681
512400.SH,20191226,0.691,0.689,0.7,0.689,0.698,0.007,1.013,370913.0,25844.624
150158.SZ,20191226,1.114,1.116,1.137,1.113,1.137,0.023,2.0646,8292.68,930.898
512590.SH,20191226,1.025,1.03,1.042,1.03,1.041,0.016,1.561,3331.0,345.543
512660.SH,20191226,0.746,0.746,0.755,0.745,0.754,0.008,1.0724,1210980.0,90613.436
150177.SZ,20191226,1.024,1.025,1.025,1.025,1.025,0.001,0.0977,392.0,40.18
512760.SH,20191226,1.627,1.613,1.618,1.59,1.61,-0.017,-1.0449,2881886.19,462433.602
512820.SH,20191226,1.162,1.165,1.166,1.164,1.166,0.004,0.3442,55606.0,6481.336
512890.SH,20191226,1.175,1.178,1.185,1.178,1.184,0.009,0.766,4030.0,476.545
150201.SZ,20191226,1.295,1.294,1.38,1.289,1.376,0.081,6.2548,2474947.14,326244.862
512960.SH,20191226,0.977,0.98,0.985,0.979,0.985,0.008,0.8188,43881.0,4309.142
150209.SZ,20191226,0.989,0.989,0.991,0.988,0.99,0.001,0.1011,179449.51,17760.503
150217.SZ,20191226,1.024,1.023,1.024,1.023,1.024,0.0,0.0,10497.11,1074.904
150220.SZ,20191226,0.865,0.869,0.873,0.86,0.873,0.008,0.9249,8006.0,695.957
515070.SH,20191226,1.003,1.0,1.005,0.997,1.002,-0.001,-0.0997,313202.0,31355.006
150232.SZ,20191226,1.388,1.37,1.399,1.37,1.391,0.003,0.2161,1345.67,186.361
150244.SZ,20191226,1.352,1.359,1.369,1.346,1.369,0.017,1.2574,12636.36,1705.556
515800.SH,20191226,0.977,0.976,0.986,0.974,0.985,0.008,0.8188,340997.34,33454.865
150250.SZ,20191226,1.248,1.225,1.226,1.225,1.226,-0.022,-1.7628,2028.0,248.432
150262.SZ,20191226,1.179,1.178,1.194,1.156,1.193,0.014,1.1874,839.77,99.255
150288.SZ,20191226,0.704,0.704,0.72,0.704,0.718,0.014,1.9886,72478.62,5174.996
150289.SZ,20191226,0.994,0.994,0.995,0.994,0.995,0.001,0.1006,44705.29,4447.262
150302.SZ,20191226,0.936,0.947,0.973,0.94,0.967,0.031,3.312,1775.97,168.77
150311.SZ,20191226,1.012,1.03,1.03,1.03,1.03,0.018,1.7787,35.0,3.605
150330.SZ,20191226,1.725,1.73,1.748,1.726,1.747,0.022,1.2754,25149.95,4356.016
159931.SZ,20191226,1.771,1.769,1.796,1.764,1.796,0.025,1.4116,7579.92,1346.619
159936.SZ,20191226,1.406,1.406,1.415,1.395,1.415,0.009,0.6401,436.0,61.171
159944.SZ,20191226,0.73,0.728,0.739,0.728,0.739,0.009,1.2329,338.01,24.95
159966.SZ,20191226,1.216,1.213,1.22,1.208,1.218,0.002,0.1645,450623.03,54775.211
159972.SZ,20191226,101.0,101.0,101.25,101.0,101.25,0.25,0.2475,4600.2,46537.021
160105.SZ,20191226,0.995,0.995,0.999,0.995,0.999,0.004,0.402,210.0,20.963
160140.SZ,20191226,1.151,1.156,1.159,1.15,1.15,-0.001,-0.0869,422.95,48.758
160211.SZ,20191226,2.402,2.405,2.413,2.402,2.402,0.0,0.0,371.01,89.307
160223.SZ,20191226,0.846,0.843,0.855,0.842,0.853,0.007,0.8274,1657.0,141.16
160421.SZ,20191226,1.276,1.275,1.277,1.269,1.275,-0.001,-0.0784,3529.4,449.391
150200.SZ,20191226,0.984,0.984,0.986,0.984,0.986,0.002,0.2033,314351.18,30967.25
166402.SZ,20191226,1.115,1.121,1.121,1.121,1.121,0.006,0.5381,14.0,1.569
169102.SZ,20191226,1.26,1.277,1.29,1.277,1.29,0.03,2.381,3742.0,480.748
501022.SH,20191226,1.08,1.096,1.105,1.096,1.105,0.025,2.3148,8933.69,983.288
501029.SH,20191226,0.969,0.969,0.978,0.966,0.978,0.009,0.9288,75901.21,7391.252
501037.SH,20191226,0.833,0.834,0.838,0.834,0.838,0.005,0.6002,105.0,8.759
501061.SH,20191226,1.249,1.256,1.256,1.256,1.256,0.007,0.5604,2200.0,276.32
501068.SH,20191226,1.508,1.659,1.659,1.506,1.659,0.151,10.0133,892.22,144.038
501078.SH,20191226,1.008,1.01,1.014,1.007,1.013,0.005,0.496,61303.21,6190.721
501080.SH,20191226,1.022,1.023,1.026,1.018,1.025,0.003,0.2935,49207.85,5029.682
501082.SH,20191226,1.143,1.031,1.038,1.029,1.029,-0.114,-9.9738,113408.15,11682.587
502005.SH,20191226,1.39,1.366,1.403,1.366,1.402,0.012,0.8633,897.52,125.333
502037.SH,20191226,0.992,0.993,0.993,0.992,0.992,0.0,0.0,192.0,19.064
502056.SH,20191226,1.185,1.185,1.185,1.185,1.185,0.0,0.0,32.84,3.892
510070.SH,20191226,1.81,1.813,1.815,1.813,1.815,0.005,0.2762,12.0,2.178
150012.SZ,20191226,1.02,1.02,1.021,1.02,1.021,0.001,0.098,1201.0,122.502
150016.SZ,20191226,1.0,1.002,1.003,1.0,1.0,0.0,0.0,524.03,52.559
510170.SH,20191226,1.704,1.704,1.718,1.675,1.713,0.009,0.5282,549.46,94.048
510210.SH,20191226,3.809,3.801,3.843,3.771,3.843,0.034,0.8926,4080.0,1560.517
510220.SH,20191226,4.14,4.121,4.155,4.12,4.15,0.01,0.2415,663.35,273.581
150283.SZ,20191226,1.002,1.003,1.004,1.003,1.004,0.002,0.1996,1111.02,111.436
150287.SZ,20191226,0.994,0.994,0.995,0.994,0.994,0.0,0.0,12128.3,1206.565
150290.SZ,20191226,0.702,0.706,0.723,0.702,0.722,0.02,2.849,122364.97,8730.044
150304.SZ,20191226,1.322,1.322,1.337,1.313,1.337,0.015,1.1346,6223.01,824.72
150308.SZ,20191226,2.001,1.965,1.965,1.96,1.964,-0.037,-1.8491,30.0,5.882
159001.SZ,20191226,100.0,100.0,100.002,99.999,100.002,0.002,0.002,19768.03,197680.646
159919.SZ,20191226,4.053,4.052,4.086,4.05,4.083,0.03,0.7402,1711791.78,696277.724
159922.SZ,20191226,5.469,5.469,5.508,5.457,5.504,0.035,0.64,345294.0,189292.95
159940.SZ,20191226,1.055,1.06,1.068,1.058,1.068,0.013,1.2322,30618.0,3253.203
159948.SZ,20191226,1.864,1.865,1.874,1.858,1.873,0.009,0.4828,11909.14,2219.326
159952.SZ,20191226,1.034,1.033,1.038,1.029,1.038,0.004,0.3868,210078.02,21723.396
159964.SZ,20191226,1.055,1.062,1.062,1.052,1.056,0.001,0.0948,1096.0,115.773
160212.SZ,20191226,2.422,2.406,2.428,2.405,2.421,-0.001,-0.0413,1366.0,330.271
160216.SZ,20191226,0.497,0.498,0.5,0.497,0.499,0.002,0.4024,8220.0,409.872
160515.SZ,20191226,1.043,1.044,1.044,1.044,1.044,0.001,0.0959,36.0,3.758
160611.SZ,20191226,0.988,0.983,0.983,0.983,0.983,-0.005,-0.5061,15.39,1.512
160621.SZ,20191226,1.287,1.245,1.245,1.245,1.245,-0.042,-3.2634,2.0,0.249
160806.SZ,20191226,1.4,1.351,1.426,1.351,1.426,0.026,1.8571,70.69,9.926
161010.SZ,20191226,1.143,1.148,1.148,1.147,1.147,0.004,0.35,271.0,31.106
161035.SZ,20191226,1.22,1.22,1.22,1.219,1.22,0.0,0.0,181.0,22.081
161131.SZ,20191226,1.049,1.049,1.054,1.048,1.052,0.003,0.286,383753.03,40293.151
161132.SZ,20191226,1.182,1.18,1.19,1.18,1.181,-0.001,-0.0846,1552.0,183.893
512930.SH,20191226,1.195,1.182,1.196,1.18,1.196,0.001,0.0837,101848.0,12108.625
150213.SZ,20191226,1.033,1.035,1.035,1.035,1.035,0.002,0.1936,402.0,41.607
513520.SH,20191226,1.118,1.118,1.119,1.116,1.119,0.001,0.0894,10894.0,1218.006
513800.SH,20191226,1.117,1.117,1.122,1.117,1.117,0.0,0.0,106.0,11.845
150229.SZ,20191226,0.982,0.982,0.984,0.982,0.984,0.002,0.2037,352.64,34.679
150230.SZ,20191226,1.349,1.367,1.367,1.322,1.339,-0.01,-0.7413,347.0,46.897
515360.SH,20191226,3.94,3.934,3.949,3.934,3.942,0.002,0.0508,1327.26,523.298
150255.SZ,20191226,1.008,1.008,1.008,1.008,1.008,0.0,0.0,300.0,30.24
150258.SZ,20191226,1.366,1.503,1.503,1.503,1.503,0.137,10.0293,1.0,0.15
515900.SH,20191226,0.926,0.926,0.935,0.924,0.935,0.009,0.9719,3919.0,363.468
150259.SZ,20191226,1.005,1.006,1.007,1.006,1.007,0.002,0.199,307.0,30.894
150270.SZ,20191226,1.039,1.038,1.063,1.035,1.063,0.024,2.3099,66423.18,6992.432
150273.SZ,20191226,1.008,1.109,1.109,0.993,1.008,0.0,0.0,667.21,67.287
150292.SZ,20191226,0.838,0.816,0.851,0.816,0.85,0.012,1.432,120.16,10.16
150296.SZ,20191226,0.961,0.967,0.969,0.967,0.969,0.008,0.8325,39.74,3.848
150300.SZ,20191226,0.793,0.793,0.799,0.791,0.799,0.006,0.7566,11435.66,911.351
150328.SZ,20191226,0.64,0.64,0.653,0.64,0.65,0.01,1.5625,1384.96,89.996
150344.SZ,20191226,1.086,1.085,1.085,0.977,1.083,-0.003,-0.2762,23.96,2.405
159902.SZ,20191226,3.185,3.186,3.209,3.18,3.205,0.02,0.6279,84413.0,26966.499
159913.SZ,20191226,2.033,2.116,2.116,2.013,2.05,0.017,0.8362,395.0,81.997
159915.SZ,20191226,1.718,1.716,1.727,1.711,1.726,0.008,0.4657,2152210.04,370131.866
159928.SZ,20191226,2.905,2.903,2.907,2.894,2.902,-0.003,-0.1033,123598.84,35818.436
159930.SZ,20191226,0.692,0.687,0.698,0.687,0.698,0.006,0.8671,18970.0,1315.371
159938.SZ,20191226,1.344,1.344,1.355,1.343,1.355,0.011,0.8185,137053.0,18497.807
159939.SZ,20191226,1.17,1.169,1.175,1.161,1.175,0.005,0.4274,447276.04,52258.525
159951.SZ,20191226,0.831,0.831,0.84,0.83,0.839,0.008,0.9627,2353.0,196.342
159958.SZ,20191226,1.038,1.041,1.046,1.037,1.044,0.006,0.578,13420.0,1396.673
159959.SZ,20191226,1.02,1.021,1.032,1.021,1.032,0.012,1.1765,13946.62,1436.208
159960.SZ,20191226,1.068,1.076,1.076,1.064,1.068,0.0,0.0,6169.0,660.729
159971.SZ,20191226,1.226,1.23,1.23,1.222,1.23,0.004,0.3263,576.0,70.62
159973.SZ,20191226,1.114,1.168,1.168,1.115,1.124,0.01,0.8977,268.0,30.137
160613.SZ,20191226,1.575,1.57,1.57,1.57,1.57,-0.005,-0.3175,49.63,7.791
160617.SZ,20191226,1.094,1.097,1.103,1.097,1.102,0.008,0.7313,70.0,7.684
160644.SZ,20191226,0.931,0.975,0.975,0.92,0.92,-0.011,-1.1815,87.0,8.458
160722.SZ,20191226,1.2,1.219,1.219,1.2,1.2,0.0,0.0,201.0,24.121
161037.SZ,20191226,1.236,1.225,1.324,1.225,1.298,0.062,5.0162,1000.39,124.106
161128.SZ,20191226,1.869,1.868,1.87,1.858,1.869,0.0,0.0,1142.97,212.993
161217.SZ,20191226,0.647,0.655,0.657,0.654,0.657,0.01,1.5456,233.0,15.259
161716.SZ,20191226,1.286,1.286,1.287,1.286,1.287,0.001,0.0778,7562.0,972.95
161810.SZ,20191226,2.185,2.185,2.185,2.166,2.181,-0.004,-0.1831,45743.58,9955.322
161820.SZ,20191226,1.109,1.092,1.092,1.092,1.092,-0.017,-1.5329,94.0,10.264
161907.SZ,20191226,1.642,1.631,1.67,1.631,1.67,0.028,1.7052,301.61,50.047
163110.SZ,20191226,1.59,1.58,1.599,1.58,1.599,0.009,0.566,297.19,47.195
163412.SZ,20191226,3.8,3.823,3.871,3.791,3.835,0.035,0.9211,4602.7,1759.861
161213.SZ,20191226,1.704,1.854,1.854,1.658,1.749,0.045,2.6408,13.0,2.246
161219.SZ,20191226,1.712,1.715,1.78,1.715,1.77,0.058,3.3879,636.0,110.205
161911.SZ,20191226,1.006,1.005,1.006,1.004,1.006,0.0,0.0,8157.0,819.678
162307.SZ,20191226,1.226,1.332,1.332,1.227,1.228,0.002,0.1631,41.0,5.241
162605.SZ,20191226,1.691,1.691,1.695,1.686,1.695,0.004,0.2365,38533.37,6514.561
162711.SZ,20191226,1.12,1.123,1.133,1.121,1.133,0.013,1.1607,857.83,96.235
162718.SZ,20191226,0.968,0.968,0.968,0.968,0.968,0.0,0.0,340.0,32.912
164403.SZ,20191226,1.159,1.119,1.158,1.116,1.157,-0.002,-0.1726,794.81,89.486
164824.SZ,20191226,0.987,0.987,0.991,0.987,0.99,0.003,0.304,834.0,82.333
165512.SZ,20191226,1.652,1.67,1.714,1.67,1.714,0.062,3.753,8.0,1.349
168105.SZ,20191226,1.018,1.018,1.028,1.016,1.025,0.007,0.6876,28266.51,2888.154
169301.SZ,20191226,1.03,1.031,1.032,1.031,1.032,0.002,0.1942,110.01,11.352
184801.SZ,20191226,97.374,97.25,97.399,97.25,97.262,-0.112,-0.115,82.0,798.307
165510.SZ,20191226,0.785,0.79,0.79,0.79,0.79,0.005,0.6369,1.0,0.079
166006.SZ,20191226,1.42,1.425,1.425,1.399,1.424,0.004,0.2817,322.15,45.517
166011.SZ,20191226,1.462,1.475,1.475,1.475,1.475,0.013,0.8892,20.0,2.95
167501.SZ,20191226,1.135,1.134,1.136,1.134,1.136,0.001,0.0881,993.0,112.648
168102.SZ,20191226,1.076,1.074,1.097,1.074,1.097,0.021,1.9517,104460.58,11389.298
168103.SZ,20191226,0.948,0.947,0.958,0.947,0.956,0.008,0.8439,174929.46,16681.267
169105.SZ,20191226,1.52,1.516,1.528,1.516,1.528,0.008,0.5263,25783.17,3930.401
501016.SH,20191226,1.043,1.045,1.07,1.044,1.07,0.027,2.5887,18469.22,1954.05
501021.SH,20191226,1.493,1.499,1.499,1.488,1.495,0.002,0.134,1666.0,248.753
501025.SH,20191226,1.092,1.093,1.094,1.093,1.093,0.001,0.0916,265.0,28.984
501049.SH,20191226,1.228,1.224,1.237,1.219,1.231,0.003,0.2443,61105.68,7492.036
501065.SH,20191226,1.26,1.27,1.27,1.246,1.269,0.009,0.7143,2721.53,343.344
501075.SH,20191226,0.981,0.985,0.99,0.982,0.99,0.009,0.9174,34657.86,3417.599
501186.SH,20191226,1.044,1.044,1.045,1.043,1.044,0.0,0.0,89060.99,9295.777
501189.SH,20191226,1.036,1.036,1.036,1.033,1.036,0.0,0.0,70937.65,7336.336
502003.SH,20191226,1.197,1.202,1.202,1.2,1.2,0.003,0.2506,290.0,34.818
502025.SH,20191226,0.481,0.479,0.479,0.479,0.479,-0.002,-0.4158,16.0,0.766
502041.SH,20191226,0.987,0.987,0.987,0.987,0.987,0.0,0.0,52.0,5.132
502048.SH,20191226,0.983,1.019,1.019,0.986,0.991,0.008,0.8138,336.08,33.231
502050.SH,20191226,0.957,0.958,0.97,0.957,0.97,0.013,1.3584,33041.99,3188.703
502053.SH,20191226,0.966,0.905,0.965,0.904,0.964,-0.002,-0.207,82.4,7.724
510090.SH,20191226,1.914,1.921,1.921,1.907,1.911,-0.003,-0.1567,180.0,34.381
150009.SZ,20191226,1.027,1.03,1.056,1.03,1.056,0.029,2.8238,181.05,19.092
510160.SH,20191226,0.571,0.57,0.574,0.57,0.574,0.003,0.5254,2516.75,143.544
510190.SH,20191226,3.389,3.39,3.429,3.39,3.428,0.039,1.1508,5573.0,1904.018
150030.SZ,20191226,1.032,1.032,1.033,1.032,1.033,0.001,0.0969,126.95,13.103
510270.SH,20191226,1.136,1.157,1.157,1.137,1.143,0.007,0.6162,56.0,6.384
150033.SZ,20191226,0.836,0.835,0.836,0.835,0.835,-0.001,-0.1196,72.0,6.012
150060.SZ,20191226,0.764,0.741,0.746,0.741,0.746,-0.018,-2.356,13.86,1.027
510560.SH,20191226,1.105,1.111,1.113,1.11,1.113,0.008,0.724,87.63,9.746
510630.SH,20191226,2.924,2.92,2.922,2.906,2.92,-0.004,-0.1368,2488.0,725.919
150101.SZ,20191226,1.111,1.116,1.129,1.112,1.129,0.018,1.6202,2145.25,239.864
150118.SZ,20191226,1.104,1.127,1.164,1.125,1.163,0.059,5.3442,89443.66,10284.351
510890.SH,20191226,1.012,1.015,1.024,1.015,1.024,0.012,1.1858,56680.0,5788.01
511060.SH,20191226,100.5,100.45,100.5,100.45,100.5,0.0,0.0,0.9,9.044
511600.SH,20191226,99.999,99.996,100.001,99.996,100.001,0.002,0.002,108.01,1080.081
511860.SH,20191226,99.997,99.987,99.997,99.985,99.994,-0.003,-0.003,71.4,713.927
512010.SH,20191226,1.839,1.836,1.856,1.835,1.855,0.016,0.87,292628.4,54107.27
512190.SH,20191226,1.038,1.043,1.047,1.035,1.047,0.009,0.8671,5407.0,563.836
512300.SH,20191226,1.093,1.097,1.102,1.096,1.101,0.008,0.7319,2094.0,230.131
150144.SZ,20191226,1.256,1.243,1.243,1.243,1.243,-0.013,-1.035,0.38,0.047
512360.SH,20191226,1.145,1.151,1.157,1.15,1.156,0.011,0.9607,3724.0,429.471
150157.SZ,20191226,0.99,0.986,0.988,0.986,0.988,-0.002,-0.202,109995.0,10847.037
512640.SH,20191226,2.038,2.197,2.197,2.025,2.076,0.038,1.8646,225.0,46.906
512700.SH,20191226,1.232,1.23,1.241,1.23,1.241,0.009,0.7305,15465.0,1910.895
512750.SH,20191226,1.043,1.041,1.049,1.041,1.048,0.005,0.4794,188530.8,19715.35
150185.SZ,20191226,1.13,1.126,1.131,1.115,1.13,0.0,0.0,2819.65,317.577
512790.SH,20191226,1.041,1.05,1.058,1.042,1.05,0.009,0.8646,7816.39,817.484
150194.SZ,20191226,0.985,0.985,0.986,0.984,0.986,0.001,0.1015,75948.22,7480.903
