ts_code,trade_date,pre_close,open,high,low,close,change,pct_chg,vol,amount
501029.SH,20190620,0.953,0.953,0.975,0.951,0.969,0.016,1.6789,113665.0,10955.372
501007.SH,20190620,0.876,0.876,0.885,0.876,0.885,0.009,1.0274,62.16,5.474
501008.SH,20190620,0.845,0.862,0.872,0.861,0.872,0.027,3.1953,175.0,15.199
501011.SH,20190620,0.788,0.799,0.808,0.794,0.796,0.008,1.0152,676.69,54.167
501012.SH,20190620,0.831,0.91,0.91,0.838,0.841,0.01,1.2034,19.0,1.608
501009.SH,20190620,1.08,1.078,1.099,1.077,1.099,0.019,1.7593,3684.94,399.235
501030.SH,20190620,0.571,0.578,0.605,0.577,0.598,0.027,4.7285,1698.0,100.644
501010.SH,20190620,1.09,1.09,1.09,1.09,1.09,0.0,0.0,467.11,50.915
501031.SH,20190620,0.571,0.579,0.598,0.579,0.598,0.027,4.7285,154.0,9.089
501027.SH,20190620,1.015,0.921,1.018,0.921,0.997,-0.018,-1.7734,350.0,35.378
513050.SH,20190620,1.176,1.18,1.198,1.177,1.197,0.021,1.7857,755510.35,89851.734
511650.SH,20190620,99.993,99.992,99.992,99.985,99.986,-0.007,-0.007,942.33,9422.295
501032.SH,20190620,0.727,0.655,0.738,0.655,0.738,0.011,1.5131,70.0,4.812
512580.SH,20190620,0.722,0.723,0.741,0.723,0.74,0.018,2.4931,205794.0,15076.883
161631.SZ,20190620,0.925,0.922,0.943,0.92,0.935,0.01,1.0811,53043.72,4951.537
162719.SZ,20190620,0.897,0.897,0.902,0.897,0.902,0.005,0.5574,288.34,25.948
512900.SH,20190620,0.897,0.893,0.971,0.893,0.951,0.054,6.0201,474327.0,43923.859
161036.SZ,20190620,0.617,0.666,0.666,0.61,0.61,-0.007,-1.1345,77.0,4.717
511770.SH,20190620,99.99,99.982,99.984,99.969,99.984,-0.006,-0.006,34.67,346.625
501019.SH,20190620,0.709,0.706,0.724,0.704,0.718,0.009,1.2694,7585.44,542.509
501301.SH,20190620,1.142,1.16,1.169,1.156,1.167,0.025,2.1891,609.0,70.91
160723.SZ,20190620,1.081,1.084,1.098,1.084,1.098,0.017,1.5726,6342.67,691.701
161835.SZ,20190620,1.059,1.058,1.068,1.058,1.059,0.0,0.0,13.01,1.387
159952.SZ,20190620,0.853,0.853,0.876,0.851,0.871,0.018,2.1102,926497.0,80208.55
501016.SH,20190620,0.97,0.968,1.039,0.96,1.023,0.053,5.4639,40554.22,4096.483
161037.SZ,20190620,0.969,0.911,0.984,0.911,0.946,-0.023,-2.3736,1223.37,117.68
159950.SZ,20190620,0.97,0.944,0.95,0.88,0.95,-0.02,-2.0619,7536.15,702.106
512550.SH,20190620,1.142,1.146,1.184,1.146,1.181,0.039,3.4151,14595.0,1698.34
160324.SZ,20190620,0.894,0.921,0.921,0.921,0.921,0.027,3.0201,180.0,16.578
501302.SH,20190620,1.075,1.063,1.099,1.063,1.099,0.024,2.2326,153.05,16.645
161130.SZ,20190620,1.269,1.29,1.29,1.29,1.29,0.021,1.6548,2.0,0.258
159955.SZ,20190620,0.793,0.79,0.815,0.79,0.808,0.015,1.8916,15799.0,1270.415
159953.SZ,20190620,0.727,0.73,0.747,0.73,0.744,0.017,2.3384,914.0,66.883
159951.SZ,20190620,0.75,0.762,0.77,0.75,0.77,0.02,2.6667,1114.38,84.968
163111.SZ,20190620,0.862,0.862,0.883,0.862,0.883,0.021,2.4362,1232.22,106.83
512200.SH,20190620,0.854,0.854,0.872,0.853,0.869,0.015,1.7564,23746.0,2042.71
512700.SH,20190620,1.108,1.094,1.143,1.094,1.137,0.029,2.6173,28143.0,3179.933
512800.SH,20190620,1.069,1.07,1.102,1.068,1.096,0.027,2.5257,1809881.0,196203.421
161038.SZ,20190620,0.879,0.942,0.942,0.89,0.9,0.021,2.3891,22.0,1.983
512400.SH,20190620,0.652,0.656,0.666,0.648,0.664,0.012,1.8405,377106.0,24853.23
512560.SH,20190620,0.778,0.782,0.79,0.771,0.789,0.011,1.4139,3359.0,262.926
512570.SH,20190620,0.883,0.879,0.95,0.879,0.929,0.046,5.2095,18099.0,1674.658
161715.SZ,20190620,0.888,0.904,0.904,0.896,0.896,0.008,0.9009,81.0,7.265
160924.SZ,20190620,1.026,1.019,1.019,1.019,1.019,-0.007,-0.6823,2.0,0.203
501036.SH,20190620,0.797,0.769,0.81,0.769,0.81,0.013,1.6311,1641.16,130.277
501037.SH,20190620,0.778,0.78,0.792,0.78,0.786,0.008,1.0283,658.09,51.821
501038.SH,20190620,1.036,1.032,1.05,1.032,1.05,0.014,1.3514,41301.23,4311.161
511260.SH,20190620,106.353,106.4,106.48,106.4,106.402,0.049,0.0461,599.0,6375.325
511620.SH,20190620,99.976,99.951,99.98,99.9,99.911,-0.065,-0.065,251.22,2511.05
166023.SZ,20190620,1.038,1.042,1.044,1.038,1.044,0.006,0.578,1732.0,180.712
511670.SH,20190620,99.997,99.999,99.999,99.923,99.994,-0.003,-0.003,1610.22,16100.8
501303.SH,20190620,0.873,0.873,0.898,0.873,0.898,0.025,2.8637,20.0,1.759
501043.SH,20190620,1.001,1.001,1.038,1.0,1.03,0.029,2.8971,9576.05,973.745
501045.SH,20190620,1.006,0.989,1.039,0.989,1.039,0.033,3.2803,743.0,75.746
160140.SZ,20190620,1.177,1.17,1.175,1.16,1.175,-0.002,-0.1699,407.04,47.77
501046.SH,20190620,0.924,0.919,0.938,0.919,0.933,0.009,0.974,4567.89,422.963
510380.SH,20190620,0.951,0.944,0.96,0.944,0.96,0.009,0.9464,186.0,17.675
160644.SZ,20190620,0.839,0.85,0.85,0.824,0.824,-0.015,-1.7878,12.0,0.997
166024.SZ,20190620,0.858,0.861,0.873,0.86,0.872,0.014,1.6317,18328.02,1588.604
501047.SH,20190620,0.948,0.954,1.035,0.953,1.017,0.069,7.2785,1635.06,162.036
501048.SH,20190620,0.95,0.956,1.003,0.956,0.988,0.038,4.0,946.27,92.534
159957.SZ,20190620,0.873,0.87,0.892,0.861,0.882,0.009,1.0309,10764.0,944.537
501106.SH,20190620,1.114,1.128,1.128,1.128,1.128,0.014,1.2567,1.0,0.113
501049.SH,20190620,0.882,0.875,0.903,0.875,0.898,0.016,1.8141,27529.8,2458.355
501051.SH,20190620,1.007,1.026,1.035,1.019,1.032,0.025,2.4826,8253.59,847.15
501305.SH,20190620,0.92,0.921,0.921,0.92,0.92,0.0,0.0,160.0,14.731
159958.SZ,20190620,0.856,0.851,0.877,0.851,0.872,0.016,1.8692,34059.0,2951.935
510800.SH,20190620,1.008,1.008,1.048,1.008,1.045,0.037,3.6706,144224.0,14962.205
512980.SH,20190620,0.721,0.722,0.74,0.716,0.733,0.012,1.6644,123502.0,9012.165
159954.SZ,20190620,0.982,0.987,0.994,0.987,0.993,0.011,1.1202,6059.0,600.404
510390.SH,20190620,3.806,3.81,3.955,3.81,3.909,0.103,2.7063,116106.03,45439.245
501053.SH,20190620,1.035,1.028,1.028,1.023,1.023,-0.012,-1.1594,281.0,28.798
161014.SZ,20190620,1.197,1.197,1.199,1.197,1.197,0.0,0.0,3626.52,434.314
511290.SH,20190620,100.107,101.0,101.0,101.0,101.0,0.893,0.892,1.6,16.16
163417.SZ,20190620,0.963,0.961,0.991,0.961,0.99,0.027,2.8037,855625.76,84062.353
159956.SZ,20190620,0.839,0.84,0.859,0.836,0.856,0.017,2.0262,3958.0,336.139
501054.SH,20190620,0.875,0.874,0.895,0.873,0.89,0.015,1.7143,130351.25,11560.756
511280.SH,20190620,100.203,103.0,103.0,100.3,101.35,1.147,1.1447,5.1,51.618
162416.SZ,20190620,1.062,1.06,1.07,1.06,1.07,0.008,0.7533,350.0,37.25
501307.SH,20190620,0.979,0.963,0.963,0.963,0.963,-0.016,-1.6343,1.0,0.096
510590.SH,20190620,4.964,4.98,5.098,4.944,5.057,0.093,1.8735,84780.39,42633.531
169106.SZ,20190620,0.993,0.991,0.997,0.991,0.995,0.002,0.2014,20889.91,2077.932
512160.SH,20190620,1.02,1.019,1.06,1.019,1.048,0.028,2.7451,543123.33,56687.493
512520.SH,20190620,1.0,1.002,1.034,1.002,1.028,0.028,2.8,154230.85,15783.221
512180.SH,20190620,0.997,0.999,1.03,0.997,1.025,0.028,2.8084,431197.0,43903.793
512780.SH,20190620,0.782,0.789,0.802,0.788,0.8,0.018,2.3018,2107.0,167.907
513900.SH,20190620,0.999,1.006,1.006,0.951,0.998,-0.001,-0.1001,9277.0,928.803
512280.SH,20190620,0.998,0.999,1.033,0.999,1.026,0.028,2.8056,1121689.0,114393.767
501057.SH,20190620,0.814,0.798,0.828,0.798,0.815,0.001,0.1229,2374.48,193.895
501058.SH,20190620,0.833,0.833,0.834,0.809,0.833,0.0,0.0,622.44,51.85
512090.SH,20190620,1.021,1.02,1.057,1.018,1.049,0.028,2.7424,873590.8,90605.168
512360.SH,20190620,1.032,1.032,1.062,1.032,1.059,0.027,2.6163,9779.0,1028.639
161039.SZ,20190620,1.014,1.034,1.112,1.027,1.027,0.013,1.2821,177.0,18.947
512770.SH,20190620,0.941,0.94,0.982,0.94,0.961,0.02,2.1254,22733.0,2151.109
164824.SZ,20190620,0.994,0.999,1.016,0.999,1.005,0.011,1.1066,1964.5,197.172
163412.SZ,20190620,3.23,3.216,3.315,3.216,3.31,0.08,2.4768,7557.5,2488.213
510410.SH,20190620,0.621,0.621,0.632,0.618,0.628,0.007,1.1272,46070.0,2880.011
165516.SZ,20190620,1.926,1.926,1.959,1.926,1.959,0.033,1.7134,45.0,8.692
160216.SZ,20190620,0.443,0.448,0.459,0.446,0.455,0.012,2.7088,83684.52,3768.772
150083.SZ,20190620,1.063,1.014,1.014,1.014,1.014,-0.049,-4.6096,215.0,21.801
150084.SZ,20190620,1.088,1.19,1.19,0.98,1.187,0.099,9.0993,36.01,4.274
159919.SZ,20190620,3.732,3.733,3.868,3.728,3.833,0.101,2.7063,1339901.18,510422.828
510300.SH,20190620,3.735,3.734,3.875,3.732,3.843,0.108,2.8916,6609284.46,2522649.388
163821.SZ,20190620,1.296,1.298,1.31,1.297,1.31,0.014,1.0802,78.0,10.201
160128.SZ,20190620,1.05,1.05,1.051,1.041,1.045,-0.005,-0.4762,613.0,64.277
164810.SZ,20190620,0.991,0.991,0.992,0.991,0.992,0.001,0.1009,307.0,30.444
512390.SH,20190620,1.007,1.006,1.032,1.006,1.027,0.02,1.9861,2650.0,271.776
501059.SH,20190620,1.135,1.243,1.243,1.243,1.243,0.108,9.5154,1.0,0.124
161131.SZ,20190620,1.031,1.03,1.031,1.028,1.029,-0.002,-0.194,216536.12,22293.323
161728.SZ,20190620,1.033,1.033,1.033,1.03,1.031,-0.002,-0.1936,119245.49,12298.012
501186.SH,20190620,1.053,1.051,1.052,1.048,1.051,-0.002,-0.1899,174639.23,18334.439
501188.SH,20190620,1.048,1.047,1.048,1.044,1.047,-0.001,-0.0954,213951.54,22379.657
501189.SH,20190620,1.042,1.038,1.04,1.036,1.039,-0.003,-0.2879,134037.41,13913.674
160142.SZ,20190620,1.041,1.04,1.041,1.038,1.04,-0.001,-0.0961,232383.01,24160.497
510600.SH,20190620,2.841,2.845,2.944,2.845,2.92,0.079,2.7807,4564.05,1315.35
511270.SH,20190620,100.05,100.08,100.081,100.08,100.08,0.03,0.03,100.0,1000.805
160726.SZ,20190620,0.991,0.991,1.015,0.991,1.013,0.022,2.22,56503.0,5653.146
512850.SH,20190620,1.032,1.04,1.055,1.038,1.048,0.016,1.5504,1077.67,112.885
512820.SH,20190620,1.114,1.123,1.143,1.123,1.14,0.026,2.3339,1280.0,145.631
501060.SH,20190620,1.147,1.147,1.174,1.147,1.174,0.027,2.354,902.0,103.465
501061.SH,20190620,1.143,1.143,1.168,1.143,1.168,0.025,2.1872,1011.0,118.077
501062.SH,20190620,0.892,0.893,0.902,0.893,0.9,0.008,0.8969,20718.72,1860.662
512860.SH,20190620,1.186,1.182,1.216,1.182,1.211,0.025,2.1079,5627.8,675.155
501309.SH,20190620,1.016,1.069,1.069,1.028,1.028,0.012,1.1811,12.0,1.246
501310.SH,20190620,0.993,0.996,1.006,0.994,1.006,0.013,1.3092,10238.0,1025.375
512960.SH,20190620,0.968,0.965,0.988,0.964,0.985,0.017,1.7562,179357.32,17509.797
512950.SH,20190620,0.969,0.973,0.99,0.968,0.987,0.018,1.8576,226147.7,22202.867
159959.SZ,20190620,1.015,1.01,1.031,1.01,1.031,0.016,1.5764,525517.45,53772.288
501065.SH,20190620,1.06,1.065,1.079,1.061,1.072,0.012,1.1321,3368.07,361.773
159960.SZ,20190620,1.007,1.017,1.019,1.017,1.019,0.012,1.1917,255.0,25.939
161132.SZ,20190620,1.028,1.034,1.055,1.034,1.055,0.027,2.6265,3522.46,367.694
512920.SH,20190620,1.155,1.153,1.185,1.153,1.181,0.026,2.2511,2666.0,310.92
512040.SH,20190620,1.085,1.085,1.115,1.085,1.11,0.025,2.3041,162889.0,17980.267
501066.SH,20190620,1.114,1.13,1.13,1.105,1.116,0.002,0.1795,349.35,39.051
150105.SZ,20190620,1.772,1.752,1.752,1.752,1.752,-0.02,-1.1287,6.0,1.051
161117.SZ,20190620,1.066,1.08,1.08,1.08,1.08,0.014,1.3133,6.0,0.648
164702.SZ,20190620,1.037,1.036,1.038,1.034,1.038,0.001,0.0964,14.0,1.448
159920.SZ,20190620,1.514,1.516,1.531,1.516,1.527,0.013,0.8587,5081513.75,775780.958
510900.SH,20190620,1.187,1.19,1.202,1.19,1.195,0.008,0.674,15444344.48,1847868.808
161820.SZ,20190620,1.124,1.12,1.125,1.12,1.125,0.001,0.089,206.0,23.114
510430.SH,20190620,1.406,1.42,1.448,1.42,1.448,0.042,2.9872,68.0,9.679
160916.SZ,20190620,2.73,2.732,2.777,2.732,2.776,0.046,1.685,1660.13,459.68
510440.SH,20190620,1.481,1.466,1.51,1.466,1.507,0.026,1.7556,581.0,86.923
150106.SZ,20190620,1.051,1.05,1.051,1.049,1.05,-0.001,-0.0951,43754.26,4592.85
150107.SZ,20190620,0.6,0.598,0.655,0.59,0.632,0.032,5.3333,435038.34,27203.72
150100.SZ,20190620,0.987,0.987,0.989,0.987,0.988,0.001,0.1013,3371.0,332.84
150101.SZ,20190620,1.009,0.981,1.035,0.98,1.03,0.021,2.0813,3477.01,350.517
161119.SZ,20190620,1.368,1.361,1.361,1.361,1.361,-0.007,-0.5117,89.43,12.171
163415.SZ,20190620,1.764,1.764,1.813,1.764,1.799,0.035,1.9841,3854.8,685.55
510330.SH,20190620,3.737,3.737,3.883,3.737,3.847,0.11,2.9435,1656969.0,634509.307
511990.SH,20190620,99.997,99.999,99.999,99.9,99.986,-0.011,-0.011,1293376.45,12931786.533
159922.SZ,20190620,5.08,5.08,5.214,5.038,5.177,0.097,1.9094,176683.0,90881.205
510500.SH,20190620,5.214,5.21,5.363,5.195,5.323,0.109,2.0905,5303990.74,2807207.11
150117.SZ,20190620,1.007,1.006,1.007,1.006,1.006,-0.001,-0.0993,2293.0,230.687
150118.SZ,20190620,1.051,1.051,1.107,1.049,1.092,0.041,3.901,61061.95,6618.648
159923.SZ,20190620,1.649,1.644,1.699,1.632,1.693,0.044,2.6683,5634.0,943.701
510310.SH,20190620,1.628,1.628,1.688,1.626,1.673,0.045,2.7641,984591.0,163664.885
511010.SH,20190620,117.061,117.088,117.498,117.024,117.09,0.029,0.0248,14120.0,165343.696
160212.SZ,20190620,1.861,1.873,1.92,1.867,1.92,0.059,3.1703,4342.59,826.289
162006.SZ,20190620,1.013,1.109,1.109,1.015,1.03,0.017,1.6782,317.28,33.268
160910.SZ,20190620,1.004,1.016,1.028,1.016,1.024,0.02,1.992,1352.84,138.296
160805.SZ,20190620,0.701,0.707,0.711,0.707,0.711,0.01,1.4265,95.71,6.786
160311.SZ,20190620,1.522,1.51,1.564,1.51,1.553,0.031,2.0368,2380.05,368.409
161610.SZ,20190620,1.01,1.014,1.036,1.013,1.035,0.025,2.4752,11289.66,1152.305
159961.SZ,20190620,1.248,1.248,1.281,1.248,1.28,0.032,2.5641,5656.03,715.522
512260.SH,20190620,1.144,1.147,1.171,1.142,1.164,0.02,1.7483,100118.0,11608.901
501067.SH,20190620,1.17,1.171,1.209,1.171,1.209,0.039,3.3333,507.0,60.908
501068.SH,20190620,1.163,1.165,1.239,1.165,1.216,0.053,4.5572,164.0,19.99
512870.SH,20190620,1.088,1.092,1.121,1.088,1.114,0.026,2.3897,124202.0,13815.012
510850.SH,20190620,2.851,2.855,2.96,2.851,2.945,0.094,3.2971,1867485.06,543309.051
510550.SH,20190620,1.123,1.117,1.151,1.117,1.143,0.02,1.7809,7506.71,856.855
501069.SH,20190620,0.988,0.985,1.007,0.985,1.003,0.015,1.5182,4115.0,410.714
513680.SH,20190620,0.95,0.943,0.951,0.941,0.951,0.001,0.1053,188.0,17.844
512150.SH,20190620,1.181,1.181,1.234,1.181,1.217,0.036,3.0483,5762.0,698.963
512890.SH,20190620,1.115,1.115,1.138,1.113,1.133,0.018,1.6143,13941.0,1569.191
159962.SZ,20190620,0.984,0.987,1.011,0.987,1.006,0.022,2.2358,352.0,35.139
501311.SH,20190620,0.938,0.978,0.978,0.941,0.949,0.011,1.1727,473.46,44.649
501064.SH,20190620,0.955,1.026,1.026,0.92,1.0,0.045,4.712,79.88,8.054
159963.SZ,20190620,0.97,0.976,0.982,0.974,0.98,0.01,1.0309,52839.62,5171.752
511020.SH,20190620,100.25,100.25,100.4,100.25,100.3,0.05,0.0499,110.3,1107.229
512270.SH,20190620,0.964,0.964,0.986,0.964,0.981,0.017,1.7635,58792.3,5740.824
511030.SH,20190620,100.031,100.59,100.59,100.59,100.59,0.559,0.5588,0.3,3.018
159965.SZ,20190620,0.96,0.964,0.994,0.961,0.99,0.03,3.125,262319.14,25730.55
512380.SH,20190620,0.934,0.934,0.962,0.933,0.957,0.023,2.4625,620860.88,58855.541
512590.SH,20190620,0.985,0.983,1.005,0.983,1.002,0.017,1.7259,26964.0,2693.319
160925.SZ,20190620,0.946,0.966,0.967,0.966,0.967,0.021,2.2199,250.0,24.17
159964.SZ,20190620,0.876,0.876,0.896,0.871,0.89,0.014,1.5982,6395.08,568.032
161912.SZ,20190620,0.832,0.811,0.84,0.811,0.84,0.008,0.9615,8761.36,730.395
512690.SH,20190620,0.963,0.963,1.009,0.96,1.004,0.041,4.2575,359505.0,35770.589
512290.SH,20190620,0.96,0.959,0.978,0.95,0.972,0.012,1.25,373113.0,36121.73
166025.SZ,20190620,0.916,0.92,0.926,0.915,0.924,0.008,0.8734,10847.67,998.014
512760.SH,20190620,1.006,1.001,1.025,0.997,1.019,0.013,1.2922,332120.0,33603.773
512170.SH,20190620,1.004,1.005,1.032,1.001,1.028,0.024,2.3904,131569.0,13415.532
512480.SH,20190620,0.976,0.98,0.996,0.96,0.991,0.015,1.5369,53549.0,5278.674
161029.SZ,20190620,1.046,1.058,1.081,1.052,1.081,0.035,3.3461,2205.61,235.858
160105.SZ,20190620,0.87,0.84,0.895,0.84,0.875,0.005,0.5747,260.87,22.634
163801.SZ,20190620,1.19,1.2,1.213,1.195,1.205,0.015,1.2605,2007.5,241.585
160505.SZ,20190620,1.528,1.525,1.557,1.524,1.555,0.027,1.767,38172.61,5900.58
510050.SH,20190620,2.856,2.854,2.972,2.854,2.954,0.098,3.4314,17341152.87,5058801.128
162703.SZ,20190620,1.33,1.33,1.36,1.33,1.358,0.028,2.1053,4172.34,563.533
162605.SZ,20190620,1.601,1.601,1.645,1.595,1.641,0.04,2.4984,68422.64,11141.781
161607.SZ,20190620,1.186,1.189,1.211,1.189,1.211,0.025,2.1079,659.3,79.077
160106.SZ,20190620,0.941,0.916,0.951,0.915,0.94,-0.001,-0.1063,1133.3,106.262
161903.SZ,20190620,0.871,0.877,0.886,0.877,0.886,0.015,1.7222,224.55,19.887
160706.SZ,20190620,1.065,1.065,1.101,1.065,1.094,0.029,2.723,102957.79,11185.556
163302.SZ,20190620,1.034,1.029,1.033,1.006,1.018,-0.016,-1.5474,160.4,16.436
161005.SZ,20190620,1.973,1.962,2.015,1.962,2.01,0.037,1.8753,14114.83,2820.929
163402.SZ,20190620,0.737,0.736,0.752,0.736,0.75,0.013,1.7639,247616.99,18474.135
161706.SZ,20190620,1.653,1.633,1.685,1.633,1.685,0.032,1.9359,1478.51,243.164
163503.SZ,20190620,0.393,0.39,0.398,0.39,0.397,0.004,1.0178,3409.18,134.856
162607.SZ,20190620,0.469,0.47,0.481,0.47,0.479,0.01,2.1322,6665.0,318.566
159901.SZ,20190620,4.306,4.306,4.449,4.295,4.419,0.113,2.6242,685734.0,301155.104
510180.SH,20190620,3.408,3.41,3.535,3.408,3.514,0.106,3.1103,475795.42,165365.085
162207.SZ,20190620,1.251,1.272,1.283,1.255,1.283,0.032,2.558,711.08,90.643
159902.SZ,20190620,2.707,2.703,2.78,2.696,2.761,0.054,1.9948,212367.51,58281.804
160607.SZ,20190620,0.643,0.645,0.655,0.645,0.652,0.009,1.3997,5139.86,333.954
510880.SH,20190620,2.738,2.738,2.796,2.735,2.786,0.048,1.7531,197522.51,54629.865
160610.SZ,20190620,0.88,0.861,0.946,0.861,0.896,0.016,1.8182,2109.06,189.493
166001.SZ,20190620,1.137,1.133,1.163,1.133,1.153,0.016,1.4072,538.0,62.121
160611.SZ,20190620,0.785,0.788,0.799,0.788,0.798,0.013,1.6561,969.25,76.679
160314.SZ,20190620,0.936,0.95,0.957,0.947,0.952,0.016,1.7094,2014.43,191.583
160613.SZ,20190620,1.272,1.285,1.309,1.285,1.309,0.037,2.9088,54.0,7.032
161010.SZ,20190620,1.074,1.072,1.074,1.071,1.074,0.0,0.0,1323.0,141.935
160615.SZ,20190620,1.539,1.55,1.572,1.55,1.569,0.03,1.9493,91.0,14.18
161810.SZ,20190620,1.509,1.5,1.548,1.5,1.526,0.017,1.1266,6291.14,958.078
510060.SH,20190620,1.85,1.76,1.89,1.76,1.881,0.031,1.6757,6506.92,1215.212
160119.SZ,20190620,1.234,1.233,1.263,1.231,1.254,0.02,1.6207,26880.28,3360.384
510010.SH,20190620,1.133,1.144,1.178,1.131,1.168,0.035,3.0891,1835.0,213.599
162307.SZ,20190620,1.343,1.341,1.376,1.341,1.37,0.027,2.0104,12.0,1.639
165309.SZ,20190620,1.183,1.195,1.238,1.195,1.216,0.033,2.7895,263.26,31.911
160211.SZ,20190620,1.859,1.86,1.911,1.851,1.911,0.052,2.7972,3082.43,580.824
162711.SZ,20190620,1.062,1.054,1.093,1.054,1.084,0.022,2.0716,2235.29,238.821
150009.SZ,20190620,1.15,1.2,1.2,1.2,1.2,0.05,4.3478,192.68,23.121
159903.SZ,20190620,0.98,0.978,1.01,0.978,1.005,0.025,2.551,42910.56,4270.087
166006.SZ,20190620,1.086,1.043,1.107,1.043,1.107,0.021,1.9337,689.0,75.478
510020.SH,20190620,2.747,2.752,2.824,2.752,2.82,0.073,2.6574,2826.2,787.052
160716.SZ,20190620,1.565,1.575,1.598,1.57,1.595,0.03,1.9169,8574.99,1363.604
160616.SZ,20190620,1.088,1.075,1.102,1.073,1.102,0.014,1.2868,1325.55,145.529
163001.SZ,20190620,0.939,0.926,0.935,0.926,0.935,-0.004,-0.426,4.0,0.372
510130.SH,20190620,3.731,3.86,3.86,3.83,3.83,0.099,2.6534,71.98,27.628
510030.SH,20190620,5.195,5.2,5.331,5.2,5.331,0.136,2.6179,1006.0,531.08
510090.SH,20190620,1.697,1.7,1.74,1.7,1.737,0.04,2.3571,46.58,8.054
150016.SZ,20190620,0.948,0.948,0.954,0.948,0.953,0.005,0.5274,3523.03,335.996
150017.SZ,20190620,0.975,0.981,1.039,0.981,1.021,0.046,4.7179,3882.35,391.271
150012.SZ,20190620,0.98,0.978,0.979,0.978,0.979,-0.001,-0.102,12.6,1.232
150013.SZ,20190620,0.979,0.977,1.007,0.977,1.002,0.023,2.3493,606.9,60.376
150018.SZ,20190620,0.987,0.986,0.988,0.985,0.986,-0.001,-0.1013,521912.91,51462.138
150019.SZ,20190620,0.887,0.887,0.948,0.884,0.923,0.036,4.0586,4349839.84,398744.77
161713.SZ,20190620,1.028,1.027,1.027,1.025,1.025,-0.003,-0.2918,8.0,0.82
165508.SZ,20190620,1.58,1.489,1.599,1.489,1.597,0.017,1.0759,181.0,28.412
160807.SZ,20190620,1.2,1.239,1.239,1.239,1.239,0.039,3.25,2.0,0.247
510070.SH,20190620,1.619,1.633,1.658,1.633,1.655,0.036,2.2236,75.0,12.348
160215.SZ,20190620,1.273,1.271,1.295,1.271,1.293,0.02,1.5711,522.01,67.085
510160.SH,20190620,0.542,0.543,0.558,0.543,0.556,0.014,2.583,12384.0,682.68
510110.SH,20190620,3.693,3.693,3.8,3.693,3.8,0.107,2.8974,466.0,174.917
160717.SZ,20190620,0.815,0.818,0.828,0.817,0.827,0.012,1.4724,8417.17,694.205
163407.SZ,20190620,1.902,1.899,1.952,1.885,1.945,0.043,2.2608,4742.9,915.596
159905.SZ,20190620,1.772,1.771,1.837,1.768,1.828,0.056,3.1603,165205.0,29928.506
510190.SH,20190620,3.21,3.206,3.29,3.204,3.29,0.08,2.4922,510.0,166.15
150022.SZ,20190620,0.768,0.768,0.782,0.765,0.78,0.012,1.5625,343441.55,26684.906
150023.SZ,20190620,0.22,0.22,0.235,0.22,0.229,0.009,4.0909,1644197.31,37354.536
510170.SH,20190620,1.635,1.634,1.655,1.61,1.64,0.005,0.3058,668.0,109.815
166008.SZ,20190620,1.095,1.093,1.093,1.093,1.093,-0.002,-0.1826,1.0,0.109
161815.SZ,20190620,0.457,0.459,0.461,0.454,0.459,0.002,0.4376,364.0,16.685
510150.SH,20190620,4.788,4.788,4.937,4.784,4.92,0.132,2.7569,10587.0,5174.706
165510.SZ,20190620,0.724,0.727,0.741,0.725,0.739,0.015,2.0718,648.21,47.603
161213.SZ,20190620,1.527,1.543,1.555,1.543,1.555,0.028,1.8337,4.0,0.619
159906.SZ,20190620,0.755,0.757,0.766,0.741,0.765,0.01,1.3245,2618.0,197.522
510220.SH,20190620,3.865,3.845,3.94,3.76,3.928,0.063,1.63,782.06,304.327
510210.SH,20190620,3.549,3.55,3.633,3.55,3.631,0.082,2.3105,16964.0,6138.267
161714.SZ,20190620,1.017,1.039,1.039,1.019,1.027,0.01,0.9833,167.0,17.039
150029.SZ,20190620,1.039,1.016,1.06,1.016,1.05,0.011,1.0587,4793.48,502.52
161907.SZ,20190620,1.649,1.625,1.738,1.625,1.738,0.089,5.3972,38.0,6.277
150031.SZ,20190620,0.909,0.821,0.909,0.821,0.899,-0.01,-1.1001,562.99,50.766
150030.SZ,20190620,1.007,0.999,0.999,0.999,0.999,-0.008,-0.7944,98.59,9.849
510230.SH,20190620,5.66,5.685,5.921,5.671,5.88,0.22,3.8869,57307.4,33222.444
510260.SH,20190620,1.027,1.021,1.043,1.021,1.042,0.015,1.4606,2096.0,216.496
161116.SZ,20190620,0.712,0.728,0.737,0.72,0.733,0.021,2.9494,11001.91,803.867
510120.SH,20190620,2.861,2.875,3.0,2.875,2.92,0.059,2.0622,25.0,7.256
163409.SZ,20190620,1.55,1.576,1.591,1.576,1.591,0.041,2.6452,15140.0,2387.584
160512.SZ,20190620,1.64,1.58,1.684,1.58,1.67,0.03,1.8293,637.24,106.205
159908.SZ,20190620,1.272,1.269,1.301,1.266,1.294,0.022,1.7296,46911.0,6045.074
159907.SZ,20190620,1.132,1.123,1.152,1.123,1.138,0.006,0.53,4086.0,463.525
163110.SZ,20190620,1.565,1.537,1.589,1.537,1.588,0.023,1.4696,579.0,91.434
159909.SZ,20190620,3.964,3.96,4.074,3.943,4.046,0.082,2.0686,6357.15,2551.004
510270.SH,20190620,1.105,1.105,1.136,1.105,1.127,0.022,1.991,167.0,18.838
161217.SZ,20190620,0.619,0.623,0.623,0.622,0.622,0.003,0.4847,378.0,23.511
165512.SZ,20190620,1.853,1.855,1.906,1.855,1.906,0.053,2.8602,6.0,1.13
159910.SZ,20190620,1.749,1.753,1.805,1.751,1.797,0.048,2.7444,8343.0,1488.301
160719.SZ,20190620,0.733,0.744,0.752,0.744,0.751,0.018,2.4557,11699.9,876.047
159911.SZ,20190620,3.512,3.475,3.539,3.475,3.538,0.026,0.7403,85.0,30.021
164701.SZ,20190620,0.624,0.636,0.64,0.631,0.638,0.014,2.2436,3689.88,234.436
160415.SZ,20190620,1.154,1.159,1.26,1.116,1.116,-0.038,-3.2929,257.2,29.75
159915.SZ,20190620,1.417,1.415,1.454,1.41,1.442,0.025,1.7643,9263345.3,1328203.959
159916.SZ,20190620,3.936,3.91,4.0,3.868,3.993,0.057,1.4482,1844.84,728.967
159912.SZ,20190620,1.181,1.171,1.2,1.171,1.198,0.017,1.4395,9567.0,1138.107
510290.SH,20190620,1.345,1.345,1.373,1.345,1.371,0.026,1.9331,13285.0,1820.401
160125.SZ,20190620,1.019,1.022,1.034,1.003,1.02,0.001,0.0981,520.0,52.932
159913.SZ,20190620,1.776,1.769,1.82,1.769,1.802,0.026,1.464,1909.3,344.371
163208.SZ,20190620,0.798,0.784,0.811,0.784,0.811,0.013,1.6291,18.0,1.425
161017.SZ,20190620,1.684,1.693,1.72,1.676,1.707,0.023,1.3658,9646.76,1643.696
162411.SZ,20190620,0.45,0.449,0.456,0.447,0.455,0.005,1.1111,3265748.36,147163.417
150047.SZ,20190620,1.0,0.96,1.007,0.96,1.0,0.0,0.0,37.02,3.692
150048.SZ,20190620,1.216,1.209,1.294,1.209,1.257,0.041,3.3717,322.08,39.73
150064.SZ,20190620,0.979,0.992,0.992,0.992,0.992,0.013,1.3279,973.0,96.521
150065.SZ,20190620,0.787,0.712,0.785,0.712,0.73,-0.057,-7.2427,10.52,0.765
150060.SZ,20190620,0.818,0.82,0.84,0.82,0.84,0.022,2.6895,100.0,8.3
165513.SZ,20190620,0.39,0.393,0.398,0.392,0.396,0.006,1.5385,3429.84,135.309
161219.SZ,20190620,1.303,1.319,1.328,1.319,1.328,0.025,1.9186,22.0,2.91
150051.SZ,20190620,0.992,0.99,0.991,0.99,0.99,-0.002,-0.2016,90.0,8.911
150052.SZ,20190620,1.34,1.345,1.461,1.331,1.461,0.121,9.0299,150328.05,21076.688
150056.SZ,20190620,1.159,1.199,1.199,1.199,1.199,0.04,3.4513,1.0,0.119
163819.SZ,20190620,1.036,1.035,1.035,1.035,1.035,-0.001,-0.0965,9.0,0.931
150049.SZ,20190620,0.98,0.985,0.985,0.984,0.984,0.004,0.4082,224.0,22.058
150050.SZ,20190620,1.189,1.219,1.3,1.211,1.27,0.081,6.8124,898.0,109.816
159918.SZ,20190620,1.311,1.293,1.326,1.293,1.321,0.01,0.7628,99.0,13.103
160416.SZ,20190620,0.989,0.995,0.999,0.985,0.999,0.01,1.0111,7411.98,737.254
512120.SH,20190620,1.35,1.352,1.382,1.352,1.372,0.022,1.6296,8303.0,1137.269
150157.SZ,20190620,0.993,0.993,0.993,0.992,0.993,0.0,0.0,46932.0,4660.24
150158.SZ,20190620,1.061,1.061,1.16,1.061,1.14,0.079,7.4458,73191.89,8209.843
159935.SZ,20190620,1.355,1.37,1.37,1.356,1.365,0.01,0.738,87.0,11.862
160220.SZ,20190620,1.184,1.098,1.182,1.098,1.163,-0.021,-1.7736,176.8,19.847
150168.SZ,20190620,0.762,0.788,0.826,0.788,0.826,0.064,8.399,85.0,6.701
510520.SH,20190620,1.215,1.205,1.24,1.205,1.227,0.012,0.9877,351.6,43.356
164705.SZ,20190620,1.172,1.195,1.212,1.19,1.2,0.028,2.3891,1165.05,140.177
150170.SZ,20190620,1.368,1.379,1.393,1.377,1.392,0.024,1.7544,1350.0,186.757
150171.SZ,20190620,0.979,0.98,0.98,0.977,0.978,-0.001,-0.1021,12424.18,1215.153
150172.SZ,20190620,1.377,1.371,1.515,1.37,1.493,0.116,8.4241,944548.22,138352.193
161831.SZ,20190620,0.971,0.975,0.984,0.975,0.982,0.011,1.1329,1679.67,165.013
150175.SZ,20190620,0.998,0.997,0.998,0.996,0.997,-0.001,-0.1002,185644.52,18505.33
150176.SZ,20190620,0.952,0.955,0.976,0.95,0.972,0.02,2.1008,62850.15,6082.037
150181.SZ,20190620,0.988,0.988,0.989,0.987,0.988,0.0,0.0,49381.7,4879.165
150182.SZ,20190620,1.224,1.215,1.289,1.208,1.265,0.041,3.3497,370428.61,46145.813
150177.SZ,20190620,0.987,0.985,0.998,0.985,0.985,-0.002,-0.2026,6543.67,646.962
150178.SZ,20190620,1.374,1.36,1.506,1.35,1.475,0.101,7.3508,13008.49,1868.029
150179.SZ,20190620,0.987,0.987,0.987,0.987,0.987,0.0,0.0,530.0,52.311
150180.SZ,20190620,0.946,0.941,0.999,0.941,0.982,0.036,3.8055,1475.26,144.021
160812.SZ,20190620,1.283,1.325,1.34,1.28,1.31,0.027,2.1044,3593.49,474.395
150165.SZ,20190620,1.08,1.085,1.12,1.085,1.085,0.005,0.463,57.0,6.188
160918.SZ,20190620,1.831,1.805,1.834,1.805,1.834,0.003,0.1638,361.0,66.051
161505.SZ,20190620,1.163,1.161,1.163,1.161,1.163,0.0,0.0,60.0,6.969
150184.SZ,20190620,0.974,0.975,0.975,0.975,0.975,0.001,0.1027,20.0,1.95
150185.SZ,20190620,0.992,0.993,1.049,0.993,1.049,0.057,5.746,10284.12,1058.816
159936.SZ,20190620,1.24,1.24,1.266,1.24,1.258,0.018,1.4516,529.0,66.589
512600.SH,20190620,2.706,2.7,2.788,2.7,2.767,0.061,2.2542,2104.0,580.82
512610.SH,20190620,1.285,1.311,1.313,1.285,1.289,0.004,0.3113,644.0,83.539
512640.SH,20190620,1.941,1.88,2.01,1.88,2.007,0.066,3.4003,104.0,20.731
512070.SH,20190620,2.164,2.164,2.303,2.164,2.291,0.127,5.8688,97831.0,22036.003
512220.SH,20190620,1.109,1.102,1.135,1.102,1.134,0.025,2.2543,867.12,97.508
150186.SZ,20190620,1.006,1.006,1.007,1.003,1.007,0.001,0.0994,5532.34,557.094
150187.SZ,20190620,0.965,0.916,0.991,0.916,0.991,0.026,2.6943,3878.46,382.524
160133.SZ,20190620,2.273,2.273,2.329,2.273,2.328,0.055,2.4197,2270.07,526.196
150188.SZ,20190620,1.014,1.012,1.016,1.012,1.016,0.002,0.1972,599.19,60.793
150189.SZ,20190620,0.58,0.551,0.637,0.551,0.627,0.047,8.1034,4703.42,272.717
513030.SH,20190620,1.036,1.033,1.044,1.033,1.042,0.006,0.5792,16359.0,1698.794
159937.SZ,20190620,2.989,3.14,3.14,3.046,3.058,0.069,2.3085,1884301.89,576232.223
150190.SZ,20190620,1.011,1.006,1.006,1.006,1.006,-0.005,-0.4946,649.0,65.289
150191.SZ,20190620,1.276,1.186,1.274,1.177,1.274,-0.002,-0.1567,126.1,15.996
163827.SZ,20190620,1.06,1.052,1.052,1.052,1.052,-0.008,-0.7547,9.0,0.946
150194.SZ,20190620,0.988,0.988,0.989,0.987,0.988,0.0,0.0,54589.84,5392.994
150195.SZ,20190620,0.693,0.686,0.744,0.685,0.729,0.036,5.1948,223087.8,16021.506
150192.SZ,20190620,1.049,0.99,1.027,0.99,1.027,-0.022,-2.0972,2.54,0.258
150193.SZ,20190620,0.979,0.98,1.019,0.98,1.018,0.039,3.9837,2487.99,250.658
169101.SZ,20190620,1.35,1.35,1.383,1.344,1.381,0.031,2.2963,35253.34,4836.65
150198.SZ,20190620,0.993,0.993,0.993,0.992,0.992,-0.001,-0.1007,553.59,54.945
150199.SZ,20190620,0.98,0.979,1.048,0.978,1.039,0.059,6.0204,31700.0,3254.87
505888.SH,20190620,0.978,0.977,0.979,0.976,0.977,-0.001,-0.1022,600526.43,58705.997
512300.SH,20190620,0.979,0.979,1.007,0.976,1.0,0.021,2.145,23179.0,2296.229
511220.SH,20190620,95.778,95.578,95.78,95.444,95.776,-0.002,-0.0021,646.0,6183.458
150200.SZ,20190620,0.989,0.988,0.989,0.988,0.989,0.0,0.0,34882.0,3446.451
150201.SZ,20190620,1.115,1.115,1.227,1.112,1.215,0.1,8.9686,4942946.43,585302.403
150205.SZ,20190620,0.993,0.992,0.993,0.992,0.992,-0.001,-0.1007,47732.0,4735.885
150206.SZ,20190620,0.503,0.503,0.537,0.498,0.525,0.022,4.3738,1089446.91,56542.797
159938.SZ,20190620,1.18,1.184,1.211,1.181,1.205,0.025,2.1186,137541.0,16467.631
160813.SZ,20190620,0.715,0.695,0.719,0.695,0.715,0.0,0.0,468.92,33.513
150173.SZ,20190620,0.989,0.989,0.989,0.989,0.989,0.0,0.0,8079.0,799.013
150174.SZ,20190620,1.141,1.033,1.137,1.033,1.1,-0.041,-3.5933,394.98,43.864
511810.SH,20190620,100.0,99.995,99.999,99.976,99.99,-0.01,-0.01,119914.95,1199057.845
511860.SH,20190620,99.994,99.992,99.993,99.978,99.982,-0.012,-0.012,438.06,4380.045
164208.SZ,20190620,1.049,1.043,1.043,1.043,1.043,-0.006,-0.572,8.0,0.834
150204.SZ,20190620,0.818,0.801,0.842,0.786,0.841,0.023,2.8117,1064.29,88.332
511800.SH,20190620,99.992,99.993,99.993,99.982,99.993,0.001,0.001,1182.25,11821.344
150209.SZ,20190620,0.99,0.989,0.991,0.988,0.99,0.0,0.0,52917.15,5238.954
150210.SZ,20190620,0.642,0.643,0.696,0.643,0.688,0.046,7.1651,110172.34,7430.428
160618.SZ,20190620,1.299,1.299,1.299,1.297,1.298,-0.001,-0.077,24310.39,3156.749
513660.SH,20190620,2.606,2.632,2.632,2.63,2.632,0.026,0.9977,6.0,1.579
513600.SH,20190620,2.609,2.64,2.642,2.627,2.636,0.027,1.0349,2702.0,712.795
159005.SZ,20190620,100.0,100.0,100.001,99.998,100.0,0.0,0.0,1601.71,16016.976
159939.SZ,20190620,0.915,0.917,0.943,0.905,0.937,0.022,2.4044,624454.1,57822.201
169102.SZ,20190620,0.948,0.949,0.964,0.949,0.964,0.016,1.6878,9820.8,940.75
160919.SZ,20190620,1.199,1.169,1.214,1.169,1.203,0.004,0.3336,1033.0,123.979
161222.SZ,20190620,1.134,1.069,1.149,1.069,1.149,0.015,1.3228,295.0,33.245
512990.SH,20190620,1.094,1.092,1.13,1.092,1.124,0.03,2.7422,333752.0,36960.234
159940.SZ,20190620,0.979,0.979,1.02,0.979,1.007,0.028,2.8601,1369.88,137.001
150213.SZ,20190620,0.991,0.987,0.987,0.987,0.987,-0.004,-0.4036,1.0,0.098
150214.SZ,20190620,1.076,1.069,1.071,1.059,1.068,-0.008,-0.7435,470.94,50.19
150215.SZ,20190620,1.005,1.003,1.008,1.003,1.008,0.003,0.2985,536.0,53.812
150216.SZ,20190620,0.683,0.694,0.729,0.677,0.724,0.041,6.0029,3887.25,277.916
161716.SZ,20190620,1.246,1.246,1.247,1.245,1.246,0.0,0.0,1365.0,170.074
150135.SZ,20190620,1.062,1.062,1.062,1.021,1.021,-0.041,-3.8606,796.0,83.895
150136.SZ,20190620,1.008,1.038,1.05,1.038,1.05,0.042,4.1667,456.0,47.719
150217.SZ,20190620,0.984,0.985,0.985,0.984,0.984,0.0,0.0,262.62,25.851
150218.SZ,20190620,0.902,0.862,0.908,0.862,0.907,0.005,0.5543,648.56,58.791
162105.SZ,20190620,1.04,1.04,1.04,1.04,1.04,0.0,0.0,9.0,0.936
150211.SZ,20190620,0.998,0.997,0.997,0.996,0.996,-0.002,-0.2004,1660.75,165.561
150212.SZ,20190620,0.745,0.744,0.77,0.735,0.764,0.019,2.5503,48352.01,3697.64
150223.SZ,20190620,1.014,1.014,1.015,1.01,1.013,-0.001,-0.0986,136516.35,13831.355
150224.SZ,20190620,0.838,0.834,0.922,0.834,0.922,0.084,10.0239,663428.99,59419.173
161224.SZ,20190620,0.973,0.913,0.968,0.913,0.963,-0.01,-1.0277,415.0,40.007
150196.SZ,20190620,1.008,1.006,1.007,1.005,1.006,-0.002,-0.1984,356260.35,35846.401
150197.SZ,20190620,0.547,0.555,0.584,0.541,0.573,0.026,4.7532,2687899.57,150859.785
150221.SZ,20190620,1.034,1.034,1.035,1.034,1.034,0.0,0.0,12279.06,1270.478
150222.SZ,20190620,0.909,0.919,0.948,0.909,0.937,0.028,3.0803,32319.75,3010.953
512310.SH,20190620,0.468,0.468,0.48,0.467,0.479,0.011,2.3504,11057.0,523.156
162510.SZ,20190620,0.805,0.821,0.821,0.821,0.821,0.016,1.9876,4.0,0.328
502048.SH,20190620,0.926,0.926,0.962,0.926,0.96,0.034,3.6717,10387.28,992.361
502049.SH,20190620,0.978,0.978,0.979,0.975,0.978,0.0,0.0,7930.5,775.316
502050.SH,20190620,0.873,0.877,0.959,0.873,0.939,0.066,7.5601,175562.91,16161.997
512340.SH,20190620,0.741,0.735,0.75,0.733,0.747,0.006,0.8097,1968.0,146.418
502000.SH,20190620,0.864,0.864,0.879,0.864,0.879,0.015,1.7361,5.01,0.436
502001.SH,20190620,0.995,0.986,0.986,0.986,0.986,-0.009,-0.9045,202.0,19.917
502002.SH,20190620,0.888,0.799,0.799,0.799,0.799,-0.089,-10.0225,1.0,0.08
150220.SZ,20190620,0.721,0.724,0.755,0.721,0.747,0.026,3.6061,43599.0,3222.142
166011.SZ,20190620,1.221,1.245,1.27,1.245,1.27,0.049,4.0131,438.6,54.947
512500.SH,20190620,2.422,2.42,2.495,2.413,2.471,0.049,2.0231,897962.75,220884.205
150227.SZ,20190620,0.997,0.997,0.999,0.996,0.997,0.0,0.0,156182.6,15572.897
150228.SZ,20190620,0.901,0.905,0.965,0.905,0.951,0.05,5.5494,1222998.67,114623.292
512510.SH,20190620,1.039,1.041,1.069,1.036,1.059,0.02,1.9249,382524.89,40157.153
166012.SZ,20190620,1.087,1.085,1.088,1.035,1.041,-0.046,-4.2318,67.21,7.011
150230.SZ,20190620,1.106,1.165,1.165,1.069,1.148,0.042,3.7975,451.29,50.766
161225.SZ,20190620,1.1,1.091,1.185,1.083,1.185,0.085,7.7273,1237.0,143.971
150231.SZ,20190620,0.971,0.971,0.971,0.971,0.971,0.0,0.0,1293.0,125.55
150232.SZ,20190620,0.685,0.676,0.738,0.674,0.716,0.031,4.5255,10672.94,747.598
150225.SZ,20190620,0.999,0.999,0.999,0.998,0.998,-0.001,-0.1001,3601.0,359.738
150226.SZ,20190620,1.259,1.259,1.385,1.259,1.383,0.124,9.8491,1915.18,265.03
150235.SZ,20190620,0.978,0.979,0.979,0.979,0.979,0.001,0.1022,1266.0,123.941
150236.SZ,20190620,1.015,1.003,1.117,1.003,1.087,0.072,7.0936,14094.05,1519.162
164906.SZ,20190620,1.152,1.152,1.167,1.152,1.165,0.013,1.1285,3103.07,359.439
150247.SZ,20190620,1.008,1.001,1.007,1.001,1.007,-0.001,-0.0992,20.0,2.008
150248.SZ,20190620,0.847,0.82,0.865,0.82,0.865,0.018,2.1251,927.07,78.422
150249.SZ,20190620,0.998,0.998,1.0,0.998,0.999,0.001,0.1002,370.0,36.954
150250.SZ,20190620,1.027,1.124,1.124,1.084,1.117,0.09,8.7634,561.0,62.454
510710.SH,20190620,3.114,3.115,3.236,3.115,3.229,0.115,3.693,178529.48,56911.74
150252.SZ,20190620,0.821,0.845,0.863,0.822,0.842,0.021,2.5579,703.0,59.643
150265.SZ,20190620,1.02,1.02,1.02,1.019,1.02,0.0,0.0,797.13,81.306
150266.SZ,20190620,0.917,0.904,0.953,0.904,0.953,0.036,3.9258,3553.61,331.234
150274.SZ,20190620,1.258,1.161,1.323,1.161,1.323,0.065,5.1669,214.04,26.426
159943.SZ,20190620,9.64,9.609,9.848,9.505,9.8,0.16,1.6598,581.26,563.453
150261.SZ,20190620,1.01,1.009,1.01,1.009,1.01,0.0,0.0,2011.0,202.911
150262.SZ,20190620,0.785,0.771,0.825,0.771,0.818,0.033,4.2038,2252.89,181.019
502013.SH,20190620,1.229,1.229,1.243,1.218,1.237,0.008,0.6509,26180.42,3232.486
502014.SH,20190620,0.999,0.998,0.999,0.996,0.999,0.0,0.0,632.0,62.984
502015.SH,20190620,1.477,1.429,1.492,1.429,1.49,0.013,0.8802,7057.15,1047.826
502020.SH,20190620,0.972,0.995,1.01,0.995,1.01,0.038,3.9095,362.02,36.139
502021.SH,20190620,0.991,1.022,1.023,1.022,1.022,0.031,3.1282,800.0,81.768
150275.SZ,20190620,0.989,0.989,0.99,0.989,0.989,0.0,0.0,8333.94,824.319
150276.SZ,20190620,1.18,1.18,1.286,1.15,1.25,0.07,5.9322,8066.17,975.88
150269.SZ,20190620,0.988,0.988,0.988,0.988,0.988,0.0,0.0,2415.0,238.602
150270.SZ,20190620,1.746,1.746,1.87,1.733,1.859,0.113,6.4719,110428.0,20179.585
150259.SZ,20190620,0.97,0.97,0.97,0.97,0.97,0.0,0.0,200.0,19.4
150260.SZ,20190620,0.74,0.81,0.81,0.801,0.801,0.061,8.2432,120.0,9.621
150257.SZ,20190620,0.973,0.942,1.054,0.942,0.969,-0.004,-0.4111,5608.76,541.5
150258.SZ,20190620,0.945,0.932,1.02,0.932,1.02,0.075,7.9365,291.04,28.491
150277.SZ,20190620,1.003,1.001,1.004,1.001,1.004,0.001,0.0997,1403.0,140.74
150278.SZ,20190620,0.736,0.797,0.797,0.736,0.792,0.056,7.6087,185.79,13.977
159941.SZ,20190620,1.687,1.693,1.706,1.687,1.704,0.017,1.0077,5711.02,971.698
150271.SZ,20190620,0.994,0.998,0.999,0.998,0.999,0.005,0.503,36.8,3.674
150272.SZ,20190620,0.977,1.012,1.013,0.881,0.881,-0.096,-9.826,249.82,25.13
150268.SZ,20190620,1.058,1.058,1.162,1.058,1.162,0.104,9.8299,694.0,75.179
160806.SZ,20190620,1.362,1.387,1.387,1.38,1.386,0.024,1.7621,69.0,9.563
150243.SZ,20190620,0.991,0.991,0.991,0.991,0.991,0.0,0.0,300.0,29.73
150244.SZ,20190620,1.035,1.047,1.068,1.04,1.06,0.025,2.4155,13239.78,1399.651
150295.SZ,20190620,0.999,0.999,0.999,0.998,0.998,-0.001,-0.1001,2313.0,230.963
150296.SZ,20190620,0.77,0.783,0.83,0.783,0.811,0.041,5.3247,1337.97,109.397
150287.SZ,20190620,1.011,1.01,1.01,1.008,1.01,-0.001,-0.0989,10237.0,1033.477
150288.SZ,20190620,0.843,0.843,0.88,0.84,0.871,0.028,3.3215,45554.58,3933.344
150289.SZ,20190620,1.012,1.014,1.014,1.012,1.012,0.0,0.0,12308.0,1245.956
150290.SZ,20190620,0.83,0.822,0.874,0.82,0.86,0.03,3.6145,55440.95,4738.816
150301.SZ,20190620,1.009,1.009,1.01,1.008,1.008,-0.001,-0.0991,10090.0,1018.283
150302.SZ,20190620,0.835,0.844,0.919,0.813,0.915,0.08,9.5808,12363.93,1115.113
150299.SZ,20190620,1.01,1.011,1.014,1.01,1.011,0.001,0.099,91659.43,9271.38
150300.SZ,20190620,0.728,0.73,0.782,0.73,0.772,0.044,6.044,132458.54,10117.675
150316.SZ,20190620,1.14,1.14,1.177,1.14,1.17,0.03,2.6316,588.9,68.704
150291.SZ,20190620,1.011,1.01,1.014,1.01,1.012,0.001,0.0989,4004.0,404.955
150292.SZ,20190620,0.746,0.777,0.817,0.777,0.815,0.069,9.2493,4485.65,357.516
150237.SZ,20190620,0.996,0.996,0.996,0.996,0.996,0.0,0.0,915.42,91.175
150238.SZ,20190620,0.655,0.653,0.655,0.59,0.655,0.0,0.0,1043.23,66.834
150246.SZ,20190620,0.779,0.777,0.8,0.766,0.766,-0.013,-1.6688,851.63,67.766
150283.SZ,20190620,1.013,1.012,1.013,1.011,1.013,0.0,0.0,7176.06,726.597
150284.SZ,20190620,0.57,0.597,0.6,0.575,0.6,0.03,5.2632,1382.07,81.372
502006.SH,20190620,0.94,0.948,0.966,0.948,0.96,0.02,2.1277,1973.46,187.657
502007.SH,20190620,0.98,0.969,0.988,0.969,0.972,-0.008,-0.8163,613.93,59.598
502008.SH,20190620,0.891,0.891,0.933,0.891,0.929,0.038,4.2649,635.63,58.948
501000.SH,20190620,0.924,0.934,0.935,0.934,0.935,0.011,1.1905,66.88,6.252
150321.SZ,20190620,1.043,1.04,1.041,1.03,1.04,-0.003,-0.2876,93.65,9.687
150322.SZ,20190620,0.878,0.875,0.896,0.842,0.88,0.002,0.2278,558.69,49.127
150312.SZ,20190620,1.339,1.336,1.336,1.248,1.336,-0.003,-0.224,67.0,8.926
501001.SH,20190620,0.975,0.997,1.011,0.997,1.01,0.035,3.5897,837.0,84.27
512330.SH,20190620,0.723,0.723,0.742,0.715,0.734,0.011,1.5214,60050.0,4392.971
159945.SZ,20190620,0.646,0.641,0.655,0.637,0.653,0.007,1.0836,753.0,48.791
159944.SZ,20190620,0.709,0.705,0.718,0.705,0.718,0.009,1.2694,389.0,27.566
150298.SZ,20190620,1.171,1.183,1.183,1.183,1.183,0.012,1.0248,1.0,0.118
502036.SH,20190620,0.812,0.836,0.883,0.836,0.861,0.049,6.0345,276.0,23.087
502037.SH,20190620,1.045,1.009,1.009,1.009,1.009,-0.036,-3.445,216.0,21.794
502038.SH,20190620,0.665,0.645,0.701,0.645,0.676,0.011,1.6541,634.5,43.78
150318.SZ,20190620,0.83,0.747,0.913,0.747,0.856,0.026,3.1325,21.0,1.688
150324.SZ,20190620,0.677,0.744,0.745,0.74,0.74,0.063,9.3058,220.0,16.288
150336.SZ,20190620,0.665,0.7,0.7,0.688,0.689,0.024,3.609,1208.47,83.654
502010.SH,20190620,1.051,1.051,1.111,1.045,1.095,0.044,4.1865,138557.88,14983.716
502012.SH,20190620,1.093,1.097,1.202,1.089,1.179,0.086,7.8683,225666.0,26158.9
502011.SH,20190620,1.01,1.01,1.011,1.009,1.009,-0.001,-0.099,88819.0,8974.595
502003.SH,20190620,1.144,1.148,1.165,1.148,1.155,0.011,0.9615,1337.0,153.77
502004.SH,20190620,1.001,1.001,1.004,1.001,1.004,0.003,0.2997,373.0,37.419
502005.SH,20190620,1.28,1.293,1.32,1.288,1.319,0.039,3.0469,2873.2,373.618
168101.SZ,20190620,0.923,0.917,0.937,0.917,0.935,0.012,1.3001,9669.56,898.011
150303.SZ,20190620,1.012,1.013,1.015,1.013,1.013,0.001,0.0988,3369.0,341.475
150304.SZ,20190620,0.855,0.853,0.904,0.83,0.89,0.035,4.0936,44950.16,3938.017
502023.SH,20190620,0.8,0.825,0.825,0.795,0.795,-0.005,-0.625,2.0,0.162
502024.SH,20190620,1.002,1.001,1.002,1.001,1.002,0.0,0.0,413.0,41.363
502025.SH,20190620,0.609,0.605,0.612,0.596,0.612,0.003,0.4926,2301.0,139.187
150329.SZ,20190620,0.989,0.99,0.99,0.988,0.988,-0.001,-0.1011,998.0,98.642
150330.SZ,20190620,1.613,1.614,1.728,1.607,1.715,0.102,6.3236,27776.6,4645.598
184801.SZ,20190620,88.523,88.32,88.5,88.32,88.5,-0.023,-0.026,55.0,486.501
502040.SH,20190620,1.125,1.17,1.17,1.17,1.17,0.045,4.0,48.01,5.617
502041.SH,20190620,1.038,1.07,1.07,1.07,1.07,0.032,3.0829,30.0,3.21
502042.SH,20190620,1.227,1.227,1.343,1.227,1.3,0.073,5.9495,932.0,119.03
502056.SH,20190620,0.985,1.016,1.016,1.004,1.006,0.021,2.132,464.0,46.608
502058.SH,20190620,0.928,1.016,1.016,0.971,1.016,0.088,9.4828,223.0,22.373
511830.SH,20190620,99.991,99.994,99.999,99.983,99.985,-0.006,-0.006,314.01,3139.977
150344.SZ,20190620,1.19,1.19,1.237,1.19,1.237,0.047,3.9496,407.18,49.449
510360.SH,20190620,1.206,1.201,1.257,1.201,1.241,0.035,2.9022,373607.0,46194.935
502053.SH,20190620,1.008,0.95,1.065,0.949,1.05,0.042,4.1667,3322.69,342.386
502054.SH,20190620,0.999,0.999,0.999,0.999,0.999,0.0,0.0,770.0,76.923
502055.SH,20190620,1.007,1.007,1.108,1.007,1.107,0.1,9.9305,13676.57,1468.947
161226.SZ,20190620,0.76,0.769,0.775,0.769,0.772,0.012,1.5789,117153.32,9029.791
167501.SZ,20190620,1.172,1.172,1.172,1.171,1.172,0.0,0.0,1427.0,167.156
510580.SH,20190620,4.873,4.873,5.002,4.862,4.97,0.097,1.9906,91958.0,45350.142
161227.SZ,20190620,0.914,0.921,0.939,0.921,0.936,0.022,2.407,6774.34,631.375
511980.SH,20190620,99.994,99.99,99.994,99.986,99.988,-0.006,-0.006,544.2,5441.378
511900.SH,20190620,99.995,99.995,100.0,99.961,99.991,-0.004,-0.004,2944.68,29442.14
511930.SH,20190620,99.973,99.971,100.072,99.971,100.072,0.099,0.099,2.0,20.004
161229.SZ,20190620,1.132,1.143,1.21,1.143,1.172,0.04,3.5336,356.0,42.266
501005.SH,20190620,0.809,0.811,0.825,0.811,0.823,0.014,1.7305,337.0,27.706
511960.SH,20190620,99.998,99.991,99.995,99.984,99.993,-0.005,-0.005,34.67,346.668
161033.SZ,20190620,0.843,0.835,0.856,0.823,0.855,0.012,1.4235,2110.83,178.166
163907.SZ,20190620,0.92,0.911,0.911,0.888,0.888,-0.032,-3.4783,697.4,61.953
169103.SZ,20190620,1.131,1.13,1.15,1.13,1.148,0.017,1.5031,528.0,60.382
511820.SH,20190620,99.991,99.989,99.996,99.956,99.986,-0.005,-0.005,277.04,2769.904
168102.SZ,20190620,0.85,0.848,0.87,0.843,0.863,0.013,1.5294,15882.0,1358.379
163005.SZ,20190620,0.867,0.868,0.868,0.789,0.867,0.0,0.0,1575.0,127.574
501015.SH,20190620,0.782,0.781,0.793,0.781,0.792,0.01,1.2788,4876.87,385.634
162415.SZ,20190620,1.57,1.574,1.6,1.566,1.583,0.013,0.828,1136.0,179.109
160518.SZ,20190620,1.046,1.086,1.086,1.046,1.057,0.011,1.0516,3353.03,353.381
511920.SH,20190620,99.995,99.996,100.01,99.99,100.0,0.005,0.005,14.04,140.404
159948.SZ,20190620,1.538,1.541,1.578,1.531,1.57,0.032,2.0806,26990.0,4213.902
161232.SZ,20190620,0.639,0.659,0.66,0.628,0.645,0.006,0.939,1057.78,68.336
165528.SZ,20190620,0.836,0.837,0.845,0.837,0.843,0.007,0.8373,294.0,24.779
165807.SZ,20190620,1.049,1.04,1.04,0.944,0.989,-0.06,-5.7197,276.0,26.239
501017.SH,20190620,0.787,0.795,0.798,0.795,0.798,0.011,1.3977,31.85,2.537
160519.SZ,20190620,0.939,1.002,1.002,0.98,1.002,0.063,6.7093,1322.71,132.054
501018.SH,20190620,1.031,1.039,1.054,1.035,1.053,0.022,2.1339,85790.03,8946.764
501021.SH,20190620,1.329,1.335,1.346,1.33,1.343,0.014,1.0534,3544.03,475.225
159949.SZ,20190620,0.507,0.507,0.523,0.505,0.519,0.012,2.3669,9939913.31,512628.956
511850.SH,20190620,99.998,99.998,99.999,99.955,99.99,-0.008,-0.008,37939.23,379336.657
169104.SZ,20190620,1.209,1.214,1.234,1.214,1.234,0.025,2.0678,3683.0,451.277
512660.SH,20190620,0.713,0.713,0.73,0.708,0.727,0.014,1.9635,1699053.91,122710.706
511910.SH,20190620,100.0,99.991,100.0,99.99,100.0,0.0,0.0,38.83,388.289
512880.SH,20190620,0.931,0.931,1.008,0.928,0.988,0.057,6.1224,15542120.41,1510640.498
167001.SZ,20190620,0.676,0.68,0.702,0.68,0.699,0.023,3.4024,411.0,28.011
161834.SZ,20190620,0.777,0.777,0.784,0.777,0.783,0.006,0.7722,35749.33,2792.348
160520.SZ,20190620,1.005,1.006,1.006,1.006,1.006,0.001,0.0995,4.0,0.402
160225.SZ,20190620,0.739,0.742,0.75,0.73,0.746,0.007,0.9472,3254.0,242.499
168103.SZ,20190620,0.78,0.776,0.791,0.775,0.79,0.01,1.2821,81249.81,6364.582
512810.SH,20190620,0.685,0.685,0.698,0.68,0.696,0.011,1.6058,18125.0,1248.09
510810.SH,20190620,0.922,0.923,0.95,0.922,0.945,0.023,2.4946,140973.0,13202.475
160921.SZ,20190620,0.888,0.868,0.902,0.868,0.892,0.004,0.4505,1264.05,112.556
160522.SZ,20190620,0.871,0.93,0.93,0.93,0.93,0.059,6.7738,53.0,4.929
160635.SZ,20190620,0.91,0.911,0.94,0.911,0.935,0.025,2.7473,1640.0,152.889
164403.SZ,20190620,1.18,1.19,1.218,1.181,1.195,0.015,1.2712,262.89,31.456
169105.SZ,20190620,1.188,1.186,1.216,1.186,1.211,0.023,1.936,59219.74,7142.652
512680.SH,20190620,0.707,0.707,0.723,0.703,0.721,0.014,1.9802,50518.0,3598.637
512000.SH,20190620,0.886,0.885,0.96,0.882,0.94,0.054,6.0948,5882248.12,544626.519
165525.SZ,20190620,0.784,0.784,0.797,0.778,0.795,0.011,1.4031,6697.03,527.813
160421.SZ,20190620,1.057,1.059,1.09,1.059,1.088,0.031,2.9328,33228.38,3599.599
501026.SH,20190620,0.803,0.799,0.801,0.799,0.8,-0.003,-0.3736,877.0,70.158
510660.SH,20190620,1.587,1.588,1.625,1.588,1.612,0.025,1.5753,1605.0,258.51
510650.SH,20190620,1.92,1.934,1.99,1.934,1.975,0.055,2.8646,2207.0,431.769
510630.SH,20190620,2.76,2.764,2.857,2.764,2.839,0.079,2.8623,10300.0,2914.804
159925.SZ,20190620,1.593,1.605,1.646,1.593,1.626,0.033,2.0716,9239.53,1501.517
150123.SZ,20190620,1.024,1.023,1.024,1.02,1.022,-0.002,-0.1953,280.0,28.616
150124.SZ,20190620,0.676,0.676,0.727,0.676,0.721,0.045,6.6568,16868.0,1179.835
163210.SZ,20190620,1.014,1.016,1.016,1.01,1.011,-0.003,-0.2959,1759.18,178.019
510510.SH,20190620,1.385,1.384,1.422,1.376,1.409,0.024,1.7329,313511.0,44019.68
511880.SH,20190620,101.333,101.346,101.352,101.292,101.334,0.001,0.001,1059971.43,10740802.707
165313.SZ,20190620,1.348,1.33,1.365,1.33,1.365,0.017,1.2611,3170.32,422.405
159001.SZ,20190620,99.999,100.0,100.001,99.999,99.999,0.0,0.0,341971.24,3419712.267
161911.SZ,20190620,1.024,1.023,1.024,1.018,1.022,-0.002,-0.1953,29668.72,3028.802
162715.SZ,20190620,1.103,1.055,1.055,1.055,1.055,-0.048,-4.3518,34.53,3.642
513100.SH,20190620,2.73,2.745,2.76,2.745,2.757,0.027,0.989,664003.76,182798.007
159003.SZ,20190620,99.996,99.996,99.996,99.977,99.995,-0.001,-0.001,6140.39,61397.283
518880.SH,20190620,2.989,3.05,3.06,3.05,3.054,0.065,2.1746,4957649.52,1515229.918
518800.SH,20190620,2.965,3.028,3.038,3.027,3.032,0.067,2.2597,595460.0,180614.098
150146.SZ,20190620,1.093,1.188,1.188,1.188,1.188,0.095,8.6917,1.0,0.118
150143.SZ,20190620,0.992,0.99,0.991,0.99,0.991,-0.001,-0.1008,12647.0,1252.62
150144.SZ,20190620,1.001,1.02,1.02,1.012,1.012,0.011,1.0989,64.91,6.58
159929.SZ,20190620,1.356,1.353,1.387,1.349,1.378,0.022,1.6224,42510.0,5830.5
159928.SZ,20190620,2.758,2.759,2.855,2.749,2.837,0.079,2.8644,314423.91,88400.72
159930.SZ,20190620,0.729,0.732,0.735,0.727,0.735,0.006,0.823,2071.0,151.743
159931.SZ,20190620,1.693,1.682,1.754,1.682,1.742,0.049,2.8943,5346.66,926.845
150149.SZ,20190620,0.525,0.527,0.551,0.517,0.547,0.022,4.1905,8573.0,464.908
160515.SZ,20190620,1.06,1.06,1.06,1.059,1.06,0.0,0.0,1113.51,117.941
150130.SZ,20190620,1.015,1.015,1.015,1.014,1.014,-0.001,-0.0985,15969.13,1620.266
150131.SZ,20190620,1.289,1.291,1.353,1.281,1.335,0.046,3.5687,229611.82,30420.69
150151.SZ,20190620,0.736,0.667,0.76,0.667,0.759,0.023,3.125,961.0,70.067
150152.SZ,20190620,0.995,0.995,0.995,0.993,0.994,-0.001,-0.1005,312655.3,31079.568
150153.SZ,20190620,1.006,1.001,1.067,0.997,1.041,0.035,3.4791,2619790.29,269779.008
159932.SZ,20190620,1.32,1.323,1.342,1.322,1.332,0.012,0.9091,1546.0,206.04
512010.SH,20190620,1.57,1.565,1.612,1.565,1.6,0.03,1.9108,169021.0,26919.481
159933.SZ,20190620,2.02,2.047,2.1,2.032,2.066,0.046,2.2772,598.56,124.347
510680.SH,20190620,2.343,2.326,2.455,2.326,2.455,0.112,4.7802,2.0,0.478
160131.SZ,20190620,1.056,1.075,1.075,1.075,1.075,0.019,1.7992,10.0,1.075
159934.SZ,20190620,2.967,3.03,3.042,3.027,3.034,0.067,2.2582,1163324.55,352964.75
513500.SH,20190620,1.872,1.88,1.882,1.872,1.882,0.01,0.5342,631503.0,118785.091
167002.SZ,20190620,0.833,0.839,0.9,0.839,0.899,0.066,7.9232,60.0,5.387
511660.SH,20190620,100.001,99.999,100.001,99.931,99.994,-0.007,-0.007,134925.46,1349141.112
165317.SZ,20190620,1.01,1.029,1.03,1.029,1.03,0.02,1.9802,458.0,47.173
168105.SZ,20190620,0.761,0.756,0.773,0.756,0.77,0.009,1.1827,3294.77,252.712
512100.SH,20190620,0.633,0.632,0.648,0.629,0.644,0.011,1.7378,424863.0,27181.18
501022.SH,20190620,0.926,0.927,0.948,0.927,0.942,0.016,1.7279,611.0,57.602
511600.SH,20190620,99.995,99.994,99.998,99.951,99.984,-0.011,-0.011,3246.21,32456.931
160722.SZ,20190620,1.03,1.043,1.059,1.03,1.057,0.027,2.6214,608.0,63.799
511690.SH,20190620,99.996,99.994,99.996,99.987,99.991,-0.005,-0.005,18367.27,183660.581
511700.SH,20190620,100.007,100.003,100.003,99.974,99.995,-0.012,-0.012,1083.33,10832.42
501050.SH,20190620,1.255,1.255,1.287,1.255,1.28,0.025,1.992,28616.9,3645.023
164210.SZ,20190620,1.029,1.01,1.01,1.01,1.01,-0.019,-1.8465,1.99,0.2
160223.SZ,20190620,0.703,0.702,0.72,0.702,0.718,0.015,2.1337,4894.0,348.635
161035.SZ,20190620,0.97,0.967,0.995,0.967,0.995,0.025,2.5773,44.0,4.316
501025.SH,20190620,1.088,1.088,1.093,1.088,1.093,0.005,0.4596,10.0,1.092
161124.SZ,20190620,1.065,1.106,1.106,1.106,1.106,0.041,3.8498,1.0,0.11
160322.SZ,20190620,0.988,0.996,0.996,0.996,0.996,0.008,0.8097,1.0,0.099
501028.SH,20190620,0.84,0.82,0.868,0.82,0.868,0.028,3.3333,2482.11,209.738
162717.SZ,20190620,0.914,0.968,0.968,0.968,0.968,0.054,5.9081,4.0,0.387
160922.SZ,20190620,0.98,0.986,1.018,0.986,1.018,0.038,3.8776,634.9,62.628
164703.SZ,20190620,0.881,0.879,0.879,0.877,0.877,-0.004,-0.454,6.0,0.526
501300.SH,20190620,1.037,1.035,1.035,1.027,1.029,-0.008,-0.7715,3633.0,374.286
161126.SZ,20190620,1.267,1.268,1.271,1.268,1.271,0.004,0.3157,33.0,4.186
161125.SZ,20190620,1.267,1.275,1.275,1.27,1.275,0.008,0.6314,1591.0,202.528
168301.SZ,20190620,0.96,1.004,1.004,0.978,0.978,0.018,1.875,48.0,4.697
161127.SZ,20190620,1.275,1.279,1.288,1.279,1.28,0.005,0.3922,388.0,49.705
161128.SZ,20190620,1.527,1.528,1.537,1.528,1.537,0.01,0.6549,322.0,49.315
161129.SZ,20190620,1.034,1.038,1.05,1.036,1.05,0.016,1.5474,14022.53,1463.58
