ts_code,trade_date,pre_close,open,high,low,close,change,pct_chg,vol,amount
159939.SZ,20190617,0.894,0.894,0.896,0.885,0.888,-0.006,-0.6711,198703.0,17693.429
169102.SZ,20190617,0.935,0.938,0.939,0.937,0.938,0.003,0.3209,1180.0,110.68
160919.SZ,20190617,1.192,1.167,1.197,1.167,1.197,0.005,0.4195,21.0,2.453
161222.SZ,20190617,1.122,1.058,1.198,1.058,1.198,0.076,6.7736,130.0,15.154
512990.SH,20190617,1.075,1.077,1.084,1.073,1.075,0.0,0.0,71595.0,7711.925
159940.SZ,20190617,0.959,0.966,0.966,0.966,0.966,0.007,0.7299,1.0,0.096
150213.SZ,20190617,0.991,0.986,0.991,0.986,0.991,0.0,0.0,1.05,0.103
150214.SZ,20190617,1.069,1.038,1.038,1.037,1.037,-0.032,-2.9935,126.0,13.069
150216.SZ,20190617,0.665,0.669,0.681,0.652,0.658,-0.007,-1.0526,1728.12,116.392
161716.SZ,20190617,1.246,1.247,1.247,1.244,1.247,0.001,0.0803,6187.44,771.249
150135.SZ,20190617,1.018,1.021,1.021,1.021,1.021,0.003,0.2947,317.13,32.378
150218.SZ,20190617,0.9,0.91,0.91,0.839,0.839,-0.061,-6.7778,84.0,7.636
150211.SZ,20190617,0.996,0.996,0.998,0.996,0.998,0.002,0.2008,5764.27,575.262
150212.SZ,20190617,0.741,0.737,0.749,0.728,0.73,-0.011,-1.4845,13024.08,957.895
150223.SZ,20190617,1.015,1.014,1.017,1.014,1.016,0.001,0.0985,131595.66,13364.432
150224.SZ,20190617,0.808,0.805,0.823,0.802,0.814,0.006,0.7426,160519.9,13077.663
161224.SZ,20190617,0.964,0.981,0.981,0.981,0.981,0.017,1.7635,3.0,0.294
150196.SZ,20190617,1.01,1.011,1.012,1.01,1.011,0.001,0.099,458604.96,46396.476
150197.SZ,20190617,0.546,0.542,0.565,0.538,0.551,0.005,0.9158,1512925.88,83731.207
150221.SZ,20190617,1.035,1.034,1.036,1.034,1.035,0.0,0.0,46932.0,4856.609
150222.SZ,20190617,0.907,0.908,0.908,0.892,0.895,-0.012,-1.323,23648.36,2119.737
512310.SH,20190617,0.464,0.464,0.464,0.461,0.463,-0.001,-0.2155,5053.0,233.702
162510.SZ,20190617,0.806,0.796,0.796,0.791,0.791,-0.015,-1.861,102.0,8.071
502048.SH,20190617,0.914,0.895,0.912,0.895,0.909,-0.005,-0.547,1621.34,147.382
502049.SH,20190617,0.978,0.977,0.979,0.977,0.977,-0.001,-0.1022,7061.82,690.575
502050.SH,20190617,0.834,0.836,0.855,0.834,0.842,0.008,0.9592,43551.76,3674.842
512340.SH,20190617,0.738,0.737,0.739,0.735,0.736,-0.002,-0.271,10115.0,744.355
502002.SH,20190617,0.807,0.888,0.888,0.888,0.888,0.081,10.0372,14.0,1.243
150220.SZ,20190617,0.71,0.712,0.716,0.7,0.704,-0.006,-0.8451,9948.0,700.965
512500.SH,20190617,2.401,2.401,2.411,2.387,2.399,-0.002,-0.0833,243504.08,58406.961
150227.SZ,20190617,0.999,0.999,1.0,0.999,0.999,0.0,0.0,87333.0,8725.056
150228.SZ,20190617,0.874,0.878,0.888,0.874,0.883,0.009,1.0297,305012.0,26915.305
512510.SH,20190617,1.026,1.026,1.037,1.023,1.025,-0.001,-0.0975,37913.0,3890.724
166012.SZ,20190617,1.089,1.085,1.09,1.083,1.09,0.001,0.0918,81.21,8.842
150229.SZ,20190617,0.97,0.974,0.974,0.974,0.974,0.004,0.4124,3.0,0.292
150230.SZ,20190617,1.184,1.302,1.302,1.09,1.189,0.005,0.4223,12.0,1.4
161225.SZ,20190617,1.056,1.06,1.06,1.06,1.06,0.004,0.3788,325.0,34.45
150231.SZ,20190617,0.971,0.971,0.972,0.971,0.971,0.0,0.0,2818.2,273.648
150232.SZ,20190617,0.66,0.623,0.664,0.603,0.659,-0.001,-0.1515,446.0,27.176
150225.SZ,20190617,1.002,0.999,0.999,0.997,0.997,-0.005,-0.499,20042.63,1999.474
150226.SZ,20190617,1.23,1.339,1.339,1.144,1.144,-0.086,-6.9919,2.0,0.248
150236.SZ,20190617,0.999,0.99,0.998,0.99,0.998,-0.001,-0.1001,709.71,70.746
164906.SZ,20190617,1.14,1.145,1.145,1.127,1.127,-0.013,-1.1404,444.3,50.347
150247.SZ,20190617,1.006,1.006,1.008,1.006,1.008,0.002,0.1988,1550.0,156.121
150248.SZ,20190617,0.847,0.777,0.835,0.777,0.82,-0.027,-3.1877,25.63,2.033
510710.SH,20190617,3.04,3.042,3.067,3.041,3.05,0.01,0.3289,113513.0,34703.254
150252.SZ,20190617,0.82,0.82,0.826,0.82,0.82,0.0,0.0,312.96,25.704
150265.SZ,20190617,1.012,1.014,1.018,1.006,1.006,-0.006,-0.5929,142.0,14.408
150266.SZ,20190617,0.889,0.899,0.904,0.89,0.9,0.011,1.2373,1002.8,90.05
150273.SZ,20190617,1.005,1.008,1.008,1.008,1.008,0.003,0.2985,200.0,20.16
150274.SZ,20190617,1.308,1.177,1.324,1.177,1.324,0.016,1.2232,1.03,0.135
159943.SZ,20190617,9.47,9.403,9.545,9.403,9.426,-0.044,-0.4646,71.59,67.871
150261.SZ,20190617,1.01,1.01,1.012,1.01,1.011,0.001,0.099,9335.0,943.711
150262.SZ,20190617,0.767,0.784,0.793,0.778,0.778,0.011,1.4342,921.0,72.465
510560.SH,20190617,0.982,1.0,1.027,1.0,1.027,0.045,4.5825,31.0,3.109
502013.SH,20190617,1.228,1.223,1.241,1.21,1.228,0.0,0.0,10004.98,1227.241
502014.SH,20190617,0.999,0.998,1.0,0.998,1.0,0.001,0.1001,12.0,1.198
502015.SH,20190617,1.516,1.538,1.538,1.406,1.473,-0.043,-2.8364,1163.0,169.211
502020.SH,20190617,0.953,0.951,0.951,0.951,0.951,-0.002,-0.2099,10.6,1.008
150275.SZ,20190617,0.989,0.988,0.989,0.988,0.989,0.0,0.0,2691.0,266.139
150276.SZ,20190617,1.168,1.167,1.178,1.144,1.165,-0.003,-0.2568,422.95,48.941
150269.SZ,20190617,0.99,0.992,0.992,0.991,0.991,0.001,0.101,10000.0,991.999
150270.SZ,20190617,1.717,1.697,1.748,1.689,1.71,-0.007,-0.4077,43585.0,7468.621
150258.SZ,20190617,0.914,0.987,0.987,0.987,0.987,0.073,7.9869,1.0,0.098
150255.SZ,20190617,0.972,0.972,0.972,0.972,0.972,0.0,0.0,180.0,17.496
150277.SZ,20190617,1.0,1.001,1.001,1.001,1.001,0.001,0.1,500.0,50.05
159941.SZ,20190617,1.653,1.652,1.659,1.651,1.654,0.001,0.0605,5012.0,828.867
150272.SZ,20190617,0.982,0.936,0.936,0.936,0.936,-0.046,-4.6843,1.0,0.093
160806.SZ,20190617,1.341,1.334,1.336,1.334,1.336,-0.005,-0.3729,32.0,4.269
513100.SH,20190617,2.679,2.681,2.689,2.681,2.684,0.005,0.1866,179321.0,48155.202
159926.SZ,20190617,114.321,115.0,115.5,115.0,115.5,1.179,1.0313,5.0,57.7
159003.SZ,20190617,100.0,99.999,100.001,99.999,100.001,0.001,0.001,1529.35,15293.499
518880.SH,20190617,3.022,3.0,3.001,2.982,2.983,-0.039,-1.2905,3361386.86,1006342.702
518800.SH,20190617,3.0,3.068,3.068,2.961,2.964,-0.036,-1.2,498305.0,148140.118
150281.SZ,20190617,0.999,0.999,1.002,0.999,1.0,0.001,0.1001,66.0,6.598
150294.SZ,20190617,0.454,0.448,0.448,0.448,0.448,-0.006,-1.3216,25.0,1.12
150244.SZ,20190617,1.023,1.026,1.042,1.008,1.018,-0.005,-0.4888,6086.26,621.531
150295.SZ,20190617,0.998,0.995,0.998,0.995,0.998,0.0,0.0,3496.8,348.979
150296.SZ,20190617,0.743,0.681,0.76,0.681,0.748,0.005,0.6729,523.56,38.965
150287.SZ,20190617,1.011,1.011,1.011,1.011,1.011,0.0,0.0,6726.0,679.998
150288.SZ,20190617,0.837,0.831,0.844,0.83,0.838,0.001,0.1195,10580.0,885.532
150289.SZ,20190617,1.013,1.015,1.015,1.014,1.014,0.001,0.0987,15344.0,1557.411
150290.SZ,20190617,0.807,0.806,0.817,0.805,0.814,0.007,0.8674,13612.74,1105.13
150302.SZ,20190617,0.798,0.797,0.804,0.768,0.804,0.006,0.7519,387.77,30.744
150299.SZ,20190617,1.013,1.014,1.015,1.013,1.014,0.001,0.0987,29252.0,2963.878
150300.SZ,20190617,0.699,0.699,0.713,0.699,0.708,0.009,1.2876,16787.87,1187.215
150316.SZ,20190617,1.198,1.108,1.169,1.078,1.169,-0.029,-2.4207,379.31,41.843
150291.SZ,20190617,1.01,1.011,1.011,1.01,1.01,0.0,0.0,1744.0,176.187
150245.SZ,20190617,0.996,0.994,0.994,0.994,0.994,-0.002,-0.2008,60.0,5.964
150246.SZ,20190617,0.741,0.76,0.76,0.76,0.76,0.019,2.5641,1.0,0.076
150283.SZ,20190617,1.011,1.011,1.013,1.011,1.012,0.001,0.0989,9235.03,934.685
150284.SZ,20190617,0.561,0.579,0.579,0.54,0.579,0.018,3.2086,3.03,0.175
150307.SZ,20190617,0.99,0.99,0.991,0.99,0.991,0.001,0.101,1353.05,134.086
150308.SZ,20190617,1.145,1.122,1.122,1.122,1.122,-0.023,-2.0087,49.67,5.572
502008.SH,20190617,0.86,0.85,0.877,0.85,0.877,0.017,1.9767,1.3,0.113
150310.SZ,20190617,1.527,1.679,1.679,1.679,1.679,0.152,9.9542,1.0,0.167
501000.SH,20190617,0.93,0.93,0.93,0.93,0.93,0.0,0.0,15.0,1.395
166904.SZ,20190617,1.038,1.02,1.02,1.02,1.02,-0.018,-1.7341,10.0,1.02
150143.SZ,20190617,0.992,0.991,0.993,0.991,0.993,0.001,0.1008,2666.0,264.4
150144.SZ,20190617,0.996,0.996,0.996,0.996,0.996,0.0,0.0,0.91,0.09
159929.SZ,20190617,1.325,1.333,1.349,1.326,1.333,0.008,0.6038,20730.0,2770.886
159928.SZ,20190617,2.753,2.752,2.778,2.71,2.718,-0.035,-1.2713,136994.0,37431.625
159930.SZ,20190617,0.724,0.724,0.726,0.722,0.726,0.002,0.2762,107.52,7.793
159931.SZ,20190617,1.666,1.652,1.677,1.652,1.659,-0.007,-0.4202,927.0,154.786
150149.SZ,20190617,0.505,0.504,0.515,0.504,0.509,0.004,0.7921,3572.0,182.34
160515.SZ,20190617,1.058,1.058,1.059,1.058,1.059,0.001,0.0945,1712.0,181.249
150130.SZ,20190617,1.015,1.015,1.015,1.014,1.014,-0.001,-0.0985,4130.09,418.926
150131.SZ,20190617,1.236,1.256,1.274,1.233,1.249,0.013,1.0518,158475.6,19885.872
150150.SZ,20190617,0.995,0.994,0.994,0.993,0.993,-0.002,-0.201,3954.0,392.771
150151.SZ,20190617,0.741,0.74,0.793,0.731,0.733,-0.008,-1.0796,861.27,63.441
150152.SZ,20190617,0.997,0.996,0.997,0.995,0.996,-0.001,-0.1003,311472.13,31039.655
150153.SZ,20190617,0.981,0.978,0.991,0.975,0.985,0.004,0.4077,939605.2,92320.583
159932.SZ,20190617,1.321,1.303,1.323,1.298,1.302,-0.019,-1.4383,1384.0,180.998
512010.SH,20190617,1.53,1.541,1.557,1.535,1.538,0.008,0.5229,86041.35,13296.725
159934.SZ,20190617,2.997,2.971,2.976,2.96,2.96,-0.037,-1.2346,1633100.11,485433.151
513500.SH,20190617,1.856,1.859,1.863,1.858,1.859,0.003,0.1616,274693.0,51100.982
512120.SH,20190617,1.312,1.332,1.332,1.316,1.321,0.009,0.686,1839.0,242.937
150157.SZ,20190617,0.994,0.993,0.994,0.993,0.994,0.0,0.0,13347.34,1325.724
150158.SZ,20190617,1.018,1.025,1.034,1.022,1.027,0.009,0.8841,7092.0,728.341
159935.SZ,20190617,1.35,1.329,1.394,1.329,1.331,-0.019,-1.4074,61.0,8.243
160220.SZ,20190617,1.151,1.171,1.171,1.171,1.171,0.02,1.7376,90.0,10.539
150168.SZ,20190617,0.788,0.865,0.865,0.716,0.75,-0.038,-4.8223,70.0,5.251
510520.SH,20190617,1.191,1.19,1.19,1.19,1.19,-0.001,-0.084,20.0,2.38
150170.SZ,20190617,1.297,1.318,1.319,1.305,1.306,0.009,0.6939,423.0,55.361
150171.SZ,20190617,0.981,0.981,0.981,0.98,0.981,0.0,0.0,26200.0,2570.2
150172.SZ,20190617,1.326,1.326,1.348,1.321,1.336,0.01,0.7541,207228.19,27687.284
150175.SZ,20190617,0.998,0.999,1.0,0.999,1.0,0.002,0.2004,39439.23,3941.192
150176.SZ,20190617,0.898,0.898,0.912,0.898,0.907,0.009,1.0022,14444.64,1309.75
150181.SZ,20190617,0.99,0.989,0.99,0.989,0.989,-0.001,-0.101,125767.98,12449.43
150182.SZ,20190617,1.231,1.218,1.224,1.204,1.212,-0.019,-1.5435,168563.33,20444.467
150177.SZ,20190617,0.988,0.986,0.988,0.986,0.988,0.0,0.0,2184.67,215.836
150178.SZ,20190617,1.316,1.251,1.328,1.251,1.303,-0.013,-0.9878,849.0,111.504
150180.SZ,20190617,0.934,0.913,0.954,0.913,0.922,-0.012,-1.2848,64.18,5.874
160812.SZ,20190617,1.272,1.235,1.27,1.235,1.267,-0.005,-0.3931,3124.41,396.166
150184.SZ,20190617,0.977,0.977,0.977,0.973,0.973,-0.004,-0.4094,1550.13,151.447
150185.SZ,20190617,0.974,0.974,0.974,0.97,0.97,-0.004,-0.4107,519.85,50.588
162006.SZ,20190617,1.013,1.013,1.013,1.003,1.003,-0.01,-0.9872,110.0,11.123
160910.SZ,20190617,0.992,0.992,0.992,0.992,0.992,0.0,0.0,39.0,3.868
160311.SZ,20190617,1.492,1.51,1.51,1.491,1.495,0.003,0.2011,558.0,83.578
161610.SZ,20190617,0.996,0.998,1.003,0.993,1.003,0.007,0.7028,835.05,83.157
159961.SZ,20190617,1.236,1.239,1.239,1.221,1.221,-0.015,-1.2136,42191.0,5170.766
512260.SH,20190617,1.137,1.135,1.135,1.124,1.13,-0.007,-0.6157,74482.0,8414.567
501067.SH,20190617,1.157,1.147,1.147,1.147,1.147,-0.01,-0.8643,7.0,0.803
501068.SH,20190617,1.161,1.161,1.161,1.161,1.161,0.0,0.0,30.0,3.483
512870.SH,20190617,1.065,1.067,1.07,1.061,1.063,-0.002,-0.1878,2250.0,239.883
510850.SH,20190617,2.783,2.787,2.808,2.76,2.792,0.009,0.3234,1460497.03,407437.521
510550.SH,20190617,1.112,1.11,1.117,1.107,1.11,-0.002,-0.1799,1646.0,182.973
501069.SH,20190617,0.978,0.975,0.98,0.974,0.976,-0.002,-0.2045,77.47,7.567
513680.SH,20190617,0.934,0.939,0.939,0.939,0.939,0.005,0.5353,2.0,0.188
512150.SH,20190617,1.148,1.148,1.159,1.148,1.155,0.007,0.6098,1580.0,182.888
512890.SH,20190617,1.103,1.101,1.107,1.099,1.103,0.0,0.0,14966.0,1649.997
159962.SZ,20190617,0.975,0.94,0.978,0.94,0.973,-0.002,-0.2051,682.02,66.357
501311.SH,20190617,0.927,0.917,0.933,0.917,0.933,0.006,0.6472,215.65,19.777
501064.SH,20190617,0.96,0.871,1.025,0.871,1.025,0.065,6.7708,31.0,2.716
159963.SZ,20190617,0.941,0.943,0.952,0.942,0.943,0.002,0.2125,47879.13,4542.831
511020.SH,20190617,100.31,100.25,100.25,100.25,100.25,-0.06,-0.0598,0.8,8.02
512270.SH,20190617,0.956,0.953,0.959,0.953,0.956,0.0,0.0,12305.0,1175.933
511030.SH,20190617,100.376,100.373,100.38,100.37,100.371,-0.005,-0.005,30.2,303.137
159965.SZ,20190617,0.947,0.947,0.953,0.942,0.945,-0.002,-0.2112,63809.79,6033.384
512380.SH,20190617,0.916,0.914,0.925,0.914,0.919,0.003,0.3275,1757079.65,161378.907
512590.SH,20190617,0.97,0.976,0.978,0.973,0.976,0.006,0.6186,1492.0,145.605
159964.SZ,20190617,0.867,0.865,0.87,0.858,0.864,-0.003,-0.346,2148.02,185.338
161912.SZ,20190617,0.894,0.87,0.87,0.833,0.846,-0.048,-5.3691,3122.08,262.651
512690.SH,20190617,0.955,0.952,0.961,0.939,0.95,-0.005,-0.5236,142286.0,13543.08
512290.SH,20190617,0.933,0.932,0.945,0.932,0.939,0.006,0.6431,172292.0,16167.364
166025.SZ,20190617,0.911,0.911,0.912,0.911,0.911,0.0,0.0,1918.51,174.788
512760.SH,20190617,0.989,0.994,0.994,0.97,0.978,-0.011,-1.1122,145766.0,14265.379
512170.SH,20190617,0.992,0.988,0.999,0.971,0.983,-0.009,-0.9073,856967.58,84837.789
512480.SH,20190617,0.966,0.965,0.97,0.948,0.954,-0.012,-1.2422,50678.0,4842.825
161029.SZ,20190617,1.047,1.058,1.058,1.037,1.037,-0.01,-0.9551,287.99,30.37
160105.SZ,20190617,0.849,0.868,0.894,0.859,0.894,0.045,5.3004,172.0,14.853
163801.SZ,20190617,1.19,1.188,1.188,1.188,1.188,-0.002,-0.1681,11.0,1.306
160505.SZ,20190617,1.511,1.525,1.525,1.501,1.511,0.0,0.0,6711.64,1012.561
510050.SH,20190617,2.79,2.788,2.815,2.788,2.799,0.009,0.3226,3913233.12,1096691.659
162703.SZ,20190617,1.329,1.32,1.329,1.308,1.31,-0.019,-1.4296,2208.0,290.946
162605.SZ,20190617,1.587,1.59,1.604,1.575,1.58,-0.007,-0.4411,41238.85,6540.266
160106.SZ,20190617,0.914,0.913,0.924,0.912,0.924,0.01,1.0941,212.0,19.364
161903.SZ,20190617,0.881,0.856,0.869,0.856,0.869,-0.012,-1.3621,592.83,50.763
160706.SZ,20190617,1.047,1.047,1.056,1.047,1.051,0.004,0.382,17261.64,1816.822
163302.SZ,20190617,1.04,1.058,1.058,1.003,1.018,-0.022,-2.1154,60.0,6.032
161005.SZ,20190617,1.945,1.945,1.96,1.94,1.949,0.004,0.2057,6082.91,1185.945
163402.SZ,20190617,0.728,0.729,0.732,0.723,0.728,0.0,0.0,66159.2,4809.496
161706.SZ,20190617,1.628,1.623,1.649,1.623,1.634,0.006,0.3686,1098.0,181.04
163503.SZ,20190617,0.39,0.388,0.393,0.388,0.391,0.001,0.2564,75.0,2.922
162607.SZ,20190617,0.462,0.461,0.465,0.461,0.464,0.002,0.4329,11284.0,520.206
159901.SZ,20190617,4.245,4.24,4.285,4.218,4.232,-0.013,-0.3062,314570.2,133564.182
510180.SH,20190617,3.339,3.332,3.369,3.332,3.344,0.005,0.1497,173551.0,58156.757
162207.SZ,20190617,1.239,1.241,1.241,1.237,1.239,0.0,0.0,380.0,47.12
159902.SZ,20190617,2.655,2.656,2.672,2.638,2.645,-0.01,-0.3766,166458.0,44103.158
160607.SZ,20190617,0.644,0.639,0.642,0.633,0.634,-0.01,-1.5528,1041.23,66.032
510880.SH,20190617,2.708,2.708,2.726,2.702,2.716,0.008,0.2954,50108.82,13610.065
166001.SZ,20190617,1.129,1.12,1.12,1.115,1.119,-0.01,-0.8857,744.66,83.341
160314.SZ,20190617,0.925,0.915,0.96,0.915,0.927,0.002,0.2162,405.0,37.747
161010.SZ,20190617,1.072,1.071,1.073,1.071,1.073,0.001,0.0933,698.0,74.815
160615.SZ,20190617,1.516,1.521,1.521,1.521,1.521,0.005,0.3298,1.0,0.152
161810.SZ,20190617,1.504,1.5,1.515,1.49,1.49,-0.014,-0.9309,4238.51,633.403
510060.SH,20190617,1.802,1.802,1.823,1.802,1.82,0.018,0.9989,198.0,36.041
160119.SZ,20190617,1.222,1.222,1.23,1.219,1.223,0.001,0.0818,10747.67,1313.504
510010.SH,20190617,1.116,1.123,1.132,1.118,1.12,0.004,0.3584,206.0,23.132
162307.SZ,20190617,1.312,1.308,1.308,1.308,1.308,-0.004,-0.3049,1.0,0.13
160211.SZ,20190617,1.82,1.81,1.81,1.809,1.81,-0.01,-0.5495,28.0,5.067
162711.SZ,20190617,1.059,1.061,1.068,1.06,1.064,0.005,0.4721,564.29,59.901
159903.SZ,20190617,0.967,0.965,0.973,0.963,0.966,-0.001,-0.1034,6150.67,594.696
166006.SZ,20190617,1.073,1.072,1.072,1.072,1.072,-0.001,-0.0932,5.0,0.536
510020.SH,20190617,2.699,2.667,2.72,2.667,2.72,0.021,0.7781,59.3,16.121
160716.SZ,20190617,1.547,1.545,1.558,1.54,1.546,-0.001,-0.0646,3985.0,615.436
160616.SZ,20190617,1.071,1.068,1.12,1.068,1.073,0.002,0.1867,147.0,15.803
510130.SH,20190617,3.771,3.739,3.739,3.736,3.736,-0.035,-0.9281,27.0,10.092
510030.SH,20190617,5.091,5.106,5.136,5.095,5.095,0.004,0.0786,135.0,69.0
510090.SH,20190617,1.659,1.65,1.673,1.65,1.671,0.012,0.7233,128.0,21.247
150016.SZ,20190617,0.945,0.944,0.946,0.944,0.945,0.0,0.0,1391.08,131.437
150017.SZ,20190617,0.964,0.964,0.964,0.958,0.958,-0.006,-0.6224,423.95,40.705
150012.SZ,20190617,0.978,0.978,0.978,0.978,0.978,0.0,0.0,2645.24,258.704
150013.SZ,20190617,0.948,0.973,0.973,0.973,0.973,0.025,2.6371,100.0,9.73
150018.SZ,20190617,0.988,0.988,0.988,0.987,0.987,-0.001,-0.1012,163848.34,16174.177
150019.SZ,20190617,0.86,0.859,0.876,0.858,0.873,0.013,1.5116,1808298.63,156980.513
161713.SZ,20190617,1.03,1.028,1.029,1.026,1.029,-0.001,-0.0971,152.5,15.686
160807.SZ,20190617,1.212,1.219,1.219,1.219,1.219,0.007,0.5776,100.0,12.19
510070.SH,20190617,1.598,1.587,1.587,1.587,1.587,-0.011,-0.6884,37.0,5.872
160215.SZ,20190617,1.278,1.241,1.265,1.241,1.263,-0.015,-1.1737,80.0,10.09
510160.SH,20190617,0.538,0.538,0.54,0.537,0.538,0.0,0.0,2018.0,108.651
510110.SH,20190617,3.608,3.6,3.615,3.6,3.615,0.007,0.194,6.0,2.162
160717.SZ,20190617,0.797,0.798,0.803,0.798,0.799,0.002,0.2509,1154.89,92.449
164105.SZ,20190617,1.449,1.578,1.578,1.578,1.578,0.129,8.9027,1.0,0.157
163407.SZ,20190617,1.87,1.87,1.876,1.856,1.869,-0.001,-0.0535,2002.0,374.559
159905.SZ,20190617,1.752,1.752,1.767,1.738,1.742,-0.01,-0.5708,50123.0,8773.059
510190.SH,20190617,3.158,3.145,3.146,3.124,3.131,-0.027,-0.855,192.95,60.378
150022.SZ,20190617,0.76,0.758,0.763,0.755,0.758,-0.002,-0.2632,146369.4,11092.789
150023.SZ,20190617,0.215,0.215,0.218,0.212,0.216,0.001,0.4651,416812.02,8965.484
510170.SH,20190617,1.62,1.62,1.627,1.62,1.622,0.002,0.1235,13.0,2.114
166008.SZ,20190617,1.075,1.082,1.082,1.082,1.082,0.007,0.6512,50.0,5.41
161815.SZ,20190617,0.454,0.454,0.454,0.452,0.454,0.0,0.0,279.0,12.657
510150.SH,20190617,4.706,4.716,4.747,4.694,4.709,0.003,0.0637,3922.0,1850.252
165510.SZ,20190617,0.726,0.721,0.731,0.721,0.728,0.002,0.2755,1325.0,96.157
159906.SZ,20190617,0.725,0.731,0.731,0.713,0.713,-0.012,-1.6552,348.0,24.93
510220.SH,20190617,3.825,3.805,3.808,3.798,3.8,-0.025,-0.6536,403.0,153.148
510210.SH,20190617,3.489,3.489,3.515,3.489,3.494,0.005,0.1433,6770.0,2368.45
161714.SZ,20190617,1.0,1.004,1.004,1.001,1.001,0.001,0.1,29.0,2.909
166009.SZ,20190617,1.58,1.58,1.58,1.58,1.58,0.0,0.0,3.0,0.474
150029.SZ,20190617,1.052,1.023,1.023,1.009,1.02,-0.032,-3.0418,1192.98,121.462
161907.SZ,20190617,1.616,1.63,1.633,1.628,1.628,0.012,0.7426,3.0,0.489
150031.SZ,20190617,0.892,0.916,0.916,0.916,0.916,0.024,2.6906,1.0,0.091
510230.SH,20190617,5.764,5.768,5.816,5.768,5.78,0.016,0.2776,31554.0,18279.702
510260.SH,20190617,1.01,1.01,1.012,1.001,1.012,0.002,0.198,84.0,8.431
161116.SZ,20190617,0.718,0.718,0.718,0.711,0.713,-0.005,-0.6964,7566.0,540.844
150037.SZ,20190617,1.733,1.901,1.901,1.901,1.901,0.168,9.6942,3.46,0.657
163409.SZ,20190617,1.531,1.53,1.53,1.53,1.53,-0.001,-0.0653,29.03,4.441
160512.SZ,20190617,1.607,1.607,1.659,1.607,1.659,0.052,3.2358,32.0,5.297
159908.SZ,20190617,1.256,1.258,1.258,1.242,1.246,-0.01,-0.7962,3097.0,384.976
159907.SZ,20190617,1.113,1.107,1.116,1.1,1.1,-0.013,-1.168,884.0,97.657
163110.SZ,20190617,1.545,1.546,1.55,1.546,1.55,0.005,0.3236,101.0,15.615
159909.SZ,20190617,3.863,3.882,3.882,3.839,3.845,-0.018,-0.466,688.0,264.861
510270.SH,20190617,1.067,1.076,1.077,1.07,1.07,0.003,0.2812,2027.21,216.955
161217.SZ,20190617,0.618,0.616,0.619,0.613,0.617,-0.001,-0.1618,577.0,35.645
159910.SZ,20190617,1.734,1.73,1.745,1.726,1.727,-0.007,-0.4037,2956.0,512.633
162712.SZ,20190617,1.433,1.435,1.435,1.435,1.435,0.002,0.1396,9.0,1.291
160719.SZ,20190617,0.745,0.743,0.743,0.732,0.736,-0.009,-1.2081,7001.34,516.348
164701.SZ,20190617,0.632,0.623,0.636,0.623,0.627,-0.005,-0.7911,3667.26,229.938
159915.SZ,20190617,1.397,1.395,1.405,1.385,1.39,-0.007,-0.5011,4243003.13,590340.814
159916.SZ,20190617,3.864,3.78,3.927,3.78,3.927,0.063,1.6304,652.48,251.622
159912.SZ,20190617,1.156,1.156,1.167,1.156,1.158,0.002,0.173,4800.0,556.153
510290.SH,20190617,1.331,1.337,1.338,1.329,1.333,0.002,0.1503,10334.0,1373.641
160125.SZ,20190617,1.01,0.984,1.016,0.984,1.009,-0.001,-0.099,329.0,33.134
159913.SZ,20190617,1.752,1.791,1.791,1.729,1.732,-0.02,-1.1416,295.0,52.014
163208.SZ,20190617,0.827,0.803,0.803,0.803,0.803,-0.024,-2.9021,37.0,2.971
161017.SZ,20190617,1.677,1.677,1.685,1.671,1.675,-0.002,-0.1193,3662.0,613.69
162411.SZ,20190617,0.445,0.441,0.444,0.44,0.442,-0.003,-0.6742,1665244.88,73609.004
150047.SZ,20190617,1.004,1.0,1.0,1.0,1.0,-0.004,-0.3984,1.66,0.166
150048.SZ,20190617,1.22,1.192,1.228,1.192,1.224,0.004,0.3279,16.64,1.994
165513.SZ,20190617,0.39,0.391,0.392,0.389,0.39,0.0,0.0,745.0,29.141
150051.SZ,20190617,0.991,0.989,0.991,0.989,0.991,0.0,0.0,14058.96,1391.199
150052.SZ,20190617,1.238,1.22,1.269,1.22,1.258,0.02,1.6155,71255.39,8923.522
150049.SZ,20190617,0.964,0.89,0.981,0.89,0.981,0.017,1.7635,370.3,36.28
150050.SZ,20190617,1.19,1.214,1.214,1.138,1.174,-0.016,-1.3445,983.45,113.158
159918.SZ,20190617,1.292,1.274,1.29,1.274,1.287,-0.005,-0.387,72.0,9.201
160416.SZ,20190617,0.984,0.984,0.986,0.98,0.982,-0.002,-0.2033,693.0,68.096
163412.SZ,20190617,3.161,3.143,3.187,3.142,3.177,0.016,0.5062,1429.31,451.08
510410.SH,20190617,0.614,0.615,0.626,0.615,0.625,0.011,1.7915,15960.0,994.86
160216.SZ,20190617,0.437,0.438,0.439,0.436,0.437,0.0,0.0,18120.88,793.351
159919.SZ,20190617,3.661,3.661,3.695,3.651,3.665,0.004,0.1093,549370.5,201827.13
510300.SH,20190617,3.67,3.664,3.699,3.66,3.673,0.003,0.0817,2352061.48,865085.583
161019.SZ,20190617,1.047,1.021,1.048,1.021,1.048,0.001,0.0955,122.0,12.596
160128.SZ,20190617,1.051,1.05,1.05,1.05,1.05,-0.001,-0.0951,852.0,89.46
164702.SZ,20190617,1.03,1.032,1.033,1.032,1.033,0.003,0.2913,101.0,10.423
159920.SZ,20190617,1.461,1.468,1.485,1.467,1.472,0.011,0.7529,4929405.07,728059.872
510900.SH,20190617,1.154,1.159,1.167,1.156,1.161,0.007,0.6066,9717941.11,1129409.61
161820.SZ,20190617,1.117,1.121,1.121,1.119,1.12,0.003,0.2686,2369.46,265.373
510430.SH,20190617,1.4,1.391,1.405,1.387,1.405,0.005,0.3571,18.0,2.503
160916.SZ,20190617,2.71,2.709,2.71,2.694,2.7,-0.01,-0.369,112.0,30.234
510440.SH,20190617,1.484,1.472,1.482,1.464,1.471,-0.013,-0.876,14.0,2.059
150106.SZ,20190617,1.05,1.05,1.051,1.05,1.05,0.0,0.0,8603.64,903.412
150107.SZ,20190617,0.58,0.579,0.589,0.571,0.585,0.005,0.8621,136785.95,7973.855
150100.SZ,20190617,0.987,0.987,0.987,0.986,0.986,-0.001,-0.1013,6925.0,682.997
150101.SZ,20190617,1.02,1.01,1.035,1.01,1.035,0.015,1.4706,7.0,0.709
166902.SZ,20190617,1.096,1.078,1.078,1.072,1.072,-0.024,-2.1898,3.0,0.322
163415.SZ,20190617,1.731,1.718,1.722,1.718,1.722,-0.009,-0.5199,112.08,19.291
510330.SH,20190617,3.672,3.675,3.705,3.662,3.677,0.005,0.1362,665633.0,245464.378
511990.SH,20190617,100.016,100.0,100.009,99.999,100.007,-0.009,-0.009,815609.88,8156401.936
159922.SZ,20190617,5.017,5.002,5.046,5.002,5.024,0.007,0.1395,71000.0,35678.09
510500.SH,20190617,5.162,5.159,5.188,5.135,5.16,-0.002,-0.0387,1805929.35,931812.812
150117.SZ,20190617,1.01,1.011,1.011,1.009,1.009,-0.001,-0.099,7504.81,758.055
150118.SZ,20190617,1.056,1.05,1.062,1.05,1.055,-0.001,-0.0947,12275.16,1295.181
159923.SZ,20190617,1.618,1.614,1.626,1.614,1.619,0.001,0.0618,473.0,76.603
510310.SH,20190617,1.598,1.598,1.611,1.593,1.598,0.0,0.0,480820.0,76994.863
511010.SH,20190617,116.944,117.0,117.03,116.966,117.003,0.059,0.0505,11843.0,138568.404
160212.SZ,20190617,1.829,1.826,1.831,1.812,1.824,-0.005,-0.2734,581.0,105.883
510660.SH,20190617,1.552,1.562,1.58,1.552,1.562,0.01,0.6443,1689.0,265.279
510650.SH,20190617,1.863,1.868,1.868,1.866,1.866,0.003,0.161,200.0,37.34
510630.SH,20190617,2.747,2.73,2.76,2.713,2.728,-0.019,-0.6917,3264.0,892.643
159925.SZ,20190617,1.578,1.574,1.578,1.565,1.577,-0.001,-0.0634,902.45,141.72
150123.SZ,20190617,1.022,1.02,1.023,1.02,1.023,0.001,0.0978,2934.0,300.028
150124.SZ,20190617,0.658,0.636,0.668,0.636,0.659,0.001,0.152,2301.0,151.351
163210.SZ,20190617,1.014,1.011,1.013,1.01,1.013,-0.001,-0.0986,4222.26,426.872
510510.SH,20190617,1.371,1.374,1.378,1.364,1.368,-0.003,-0.2188,173575.0,23782.284
511880.SH,20190617,101.333,101.335,101.341,101.332,101.339,0.006,0.0059,668052.76,6769855.502
165313.SZ,20190617,1.336,1.336,1.34,1.335,1.335,-0.001,-0.0749,2919.0,390.391
159001.SZ,20190617,100.0,100.0,100.001,99.999,100.001,0.001,0.001,335559.06,3355590.826
161911.SZ,20190617,1.026,1.026,1.027,1.024,1.025,-0.001,-0.0975,8241.5,845.148
162715.SZ,20190617,1.113,1.103,1.103,1.103,1.103,-0.01,-0.8985,40.0,4.412
150321.SZ,20190617,1.037,1.036,1.038,1.036,1.038,0.001,0.0964,115.73,12.01
150322.SZ,20190617,0.84,0.826,0.859,0.826,0.859,0.019,2.2619,2.0,0.168
501001.SH,20190617,0.994,0.99,0.99,0.974,0.974,-0.02,-2.0121,603.0,58.734
512330.SH,20190617,0.712,0.715,0.718,0.703,0.708,-0.004,-0.5618,17212.0,1218.985
159945.SZ,20190617,0.644,0.641,0.641,0.635,0.641,-0.003,-0.4658,127.0,8.127
159944.SZ,20190617,0.701,0.709,0.713,0.701,0.701,0.0,0.0,167.0,11.76
150323.SZ,20190617,1.005,1.007,1.007,1.007,1.007,0.002,0.199,1150.0,115.805
150335.SZ,20190617,1.009,1.008,1.01,1.008,1.01,0.001,0.0991,5963.0,601.863
150336.SZ,20190617,0.708,0.646,0.696,0.646,0.693,-0.015,-2.1186,220.72,14.573
502010.SH,20190617,1.04,1.041,1.058,1.037,1.052,0.012,1.1538,51778.78,5425.611
502012.SH,20190617,1.078,1.066,1.11,1.061,1.091,0.013,1.2059,41962.5,4562.438
502011.SH,20190617,1.01,1.01,1.012,1.01,1.012,0.002,0.198,49225.22,4975.645
502003.SH,20190617,1.151,1.188,1.188,1.122,1.13,-0.021,-1.8245,2197.91,247.973
502004.SH,20190617,1.003,1.002,1.002,1.001,1.001,-0.002,-0.1994,302.0,30.26
502005.SH,20190617,1.289,1.278,1.278,1.243,1.269,-0.02,-1.5516,2262.7,285.009
168101.SZ,20190617,0.912,0.912,0.913,0.908,0.911,-0.001,-0.1096,4078.0,371.267
150303.SZ,20190617,1.011,1.012,1.013,1.012,1.013,0.002,0.1978,4153.58,420.588
150304.SZ,20190617,0.833,0.83,0.839,0.826,0.83,-0.003,-0.3601,10228.06,850.059
502023.SH,20190617,0.808,0.775,0.807,0.775,0.807,-0.001,-0.1238,3.0,0.239
150329.SZ,20190617,0.988,0.989,0.989,0.989,0.989,0.001,0.1012,339.0,33.527
150330.SZ,20190617,1.541,1.536,1.562,1.536,1.552,0.011,0.7138,3296.0,509.614
184801.SZ,20190617,88.599,88.611,88.71,88.61,88.612,0.013,0.0147,71.0,629.363
502040.SH,20190617,1.148,1.125,1.125,1.125,1.125,-0.023,-2.0035,800.0,90.0
502042.SH,20190617,1.234,1.338,1.338,1.118,1.29,0.056,4.5381,870.0,99.551
502056.SH,20190617,0.976,0.96,1.023,0.96,1.0,0.024,2.459,67.49,6.703
511830.SH,20190617,100.006,99.992,99.997,99.992,99.995,-0.011,-0.011,307.44,3074.234
510360.SH,20190617,1.179,1.179,1.192,1.179,1.183,0.004,0.3393,329740.0,39068.861
502053.SH,20190617,0.958,0.966,0.99,0.961,0.99,0.032,3.3403,155.12,14.937
502054.SH,20190617,0.999,0.999,0.999,0.999,0.999,0.0,0.0,999.0,99.8
502055.SH,20190617,0.97,1.018,1.018,0.931,0.985,0.015,1.5464,6749.0,641.371
161226.SZ,20190617,0.767,0.761,0.761,0.757,0.759,-0.008,-1.043,80659.0,6126.319
167501.SZ,20190617,1.173,1.171,1.171,1.17,1.171,-0.002,-0.1705,5681.22,665.269
510580.SH,20190617,4.833,4.823,4.848,4.803,4.82,-0.013,-0.269,67696.0,32635.069
161227.SZ,20190617,0.908,0.904,0.913,0.891,0.9,-0.008,-0.8811,2564.89,231.819
511980.SH,20190617,100.006,99.993,99.999,99.993,99.999,-0.007,-0.007,418.61,4186.004
511900.SH,20190617,100.006,99.994,100.001,99.994,100.0,-0.006,-0.006,1640.59,16405.604
161229.SZ,20190617,1.118,1.111,1.111,1.111,1.111,-0.007,-0.6261,1.0,0.111
501005.SH,20190617,0.79,0.792,0.804,0.786,0.787,-0.003,-0.3797,314.0,24.89
511960.SH,20190617,100.003,99.992,99.998,99.992,99.997,-0.006,-0.006,429.96,4299.31
161033.SZ,20190617,0.836,0.813,0.838,0.813,0.825,-0.011,-1.3158,90.0,7.403
501059.SH,20190617,1.226,1.131,1.131,1.131,1.131,-0.095,-7.7488,7.0,0.792
161131.SZ,20190617,1.023,1.023,1.028,1.022,1.028,0.005,0.4888,234679.85,24048.873
161728.SZ,20190617,1.025,1.024,1.03,1.024,1.03,0.005,0.4878,124946.49,12832.976
501186.SH,20190617,1.044,1.044,1.051,1.043,1.05,0.006,0.5747,124342.21,13014.208
501188.SH,20190617,1.038,1.038,1.043,1.038,1.043,0.005,0.4817,474387.2,49317.694
501189.SH,20190617,1.029,1.03,1.04,1.029,1.04,0.011,1.069,135908.57,14055.736
160142.SZ,20190617,1.031,1.032,1.038,1.031,1.038,0.007,0.679,218192.96,22569.712
510600.SH,20190617,2.773,2.75,2.88,2.75,2.8,0.027,0.9737,654.0,182.398
511270.SH,20190617,100.009,100.029,100.1,100.0,100.1,0.091,0.091,254.0,2541.13
160726.SZ,20190617,0.973,0.973,0.975,0.97,0.975,0.002,0.2055,3162.54,307.795
512850.SH,20190617,1.024,1.011,1.017,1.011,1.011,-0.013,-1.2695,433.6,44.007
512820.SH,20190617,1.092,1.093,1.093,1.093,1.093,0.001,0.0916,4.0,0.437
501062.SH,20190617,0.889,0.889,0.892,0.886,0.887,-0.002,-0.225,5242.96,465.761
512860.SH,20190617,1.16,1.16,1.161,1.157,1.159,-0.001,-0.0862,1536.6,177.855
501309.SH,20190617,0.979,0.97,0.975,0.97,0.974,-0.005,-0.5107,8.0,0.779
501310.SH,20190617,0.981,0.985,0.985,0.982,0.982,0.001,0.1019,2564.24,252.22
512960.SH,20190617,0.957,0.955,0.959,0.954,0.955,-0.002,-0.209,175902.89,16813.907
512950.SH,20190617,0.959,0.96,0.963,0.956,0.957,-0.002,-0.2086,34565.0,3314.181
159959.SZ,20190617,1.005,1.005,1.01,1.0,1.004,-0.001,-0.0995,561284.95,56266.424
501065.SH,20190617,1.051,1.053,1.053,1.05,1.053,0.002,0.1903,350.0,36.84
159960.SZ,20190617,0.975,0.978,0.985,0.978,0.98,0.005,0.5128,501.0,49.153
161132.SZ,20190617,1.022,1.022,1.023,1.022,1.022,0.0,0.0,232.0,23.715
512920.SH,20190617,1.125,1.12,1.143,1.12,1.14,0.015,1.3333,556.0,62.386
512040.SH,20190617,1.079,1.074,1.081,1.071,1.075,-0.004,-0.3707,82537.0,8877.814
501066.SH,20190617,1.086,1.085,1.156,1.057,1.09,0.004,0.3683,327.62,34.841
169103.SZ,20190617,1.116,1.12,1.129,1.117,1.129,0.013,1.1649,320.0,35.823
511820.SH,20190617,100.004,99.992,99.995,99.992,99.995,-0.009,-0.009,148.15,1481.401
168102.SZ,20190617,0.838,0.833,0.841,0.833,0.836,-0.002,-0.2387,13246.23,1107.214
163005.SZ,20190617,0.873,0.9,0.9,0.9,0.9,0.027,3.0928,6.0,0.54
501015.SH,20190617,0.784,0.77,0.783,0.77,0.783,-0.001,-0.1276,71.0,5.47
162415.SZ,20190617,1.54,1.533,1.547,1.533,1.547,0.007,0.4545,1385.0,213.641
160518.SZ,20190617,1.03,1.03,1.074,0.973,1.022,-0.008,-0.7767,372.0,37.705
511920.SH,20190617,100.03,100.02,100.03,100.02,100.03,0.0,0.0,8.0,80.024
159948.SZ,20190617,1.522,1.526,1.526,1.506,1.512,-0.01,-0.657,13354.0,2021.552
161232.SZ,20190617,0.634,0.628,0.633,0.624,0.624,-0.01,-1.5773,358.0,22.474
501017.SH,20190617,0.786,0.778,0.778,0.778,0.778,-0.008,-1.0178,9.85,0.766
160519.SZ,20190617,0.97,0.939,0.939,0.939,0.939,-0.031,-3.1959,450.03,42.257
501018.SH,20190617,1.03,1.03,1.03,1.026,1.029,-0.001,-0.0971,18672.99,1920.591
501021.SH,20190617,1.303,1.309,1.318,1.299,1.3,-0.003,-0.2302,4285.0,560.622
159949.SZ,20190617,0.497,0.497,0.501,0.495,0.499,0.002,0.4024,4368588.0,217794.054
511850.SH,20190617,100.015,100.004,100.006,100.0,100.005,-0.01,-0.01,13478.34,134787.034
169104.SZ,20190617,1.196,1.196,1.196,1.19,1.194,-0.002,-0.1672,1063.28,126.614
512660.SH,20190617,0.713,0.711,0.711,0.703,0.706,-0.007,-0.9818,1048189.71,73928.668
511910.SH,20190617,100.0,99.993,99.998,99.98,99.998,-0.002,-0.002,24.04,240.374
512880.SH,20190617,0.906,0.906,0.917,0.904,0.912,0.006,0.6623,3221989.42,293756.442
167001.SZ,20190617,0.663,0.667,0.667,0.665,0.666,0.003,0.4525,655.06,43.651
161834.SZ,20190617,0.77,0.77,0.772,0.769,0.771,0.001,0.1299,12607.02,971.426
160225.SZ,20190617,0.737,0.745,0.745,0.735,0.735,-0.002,-0.2714,585.0,43.16
511970.SH,20190617,99.997,99.955,99.993,99.955,99.993,-0.004,-0.004,13.0,129.981
168103.SZ,20190617,0.769,0.769,0.771,0.766,0.768,-0.001,-0.13,19439.3,1492.02
512810.SH,20190617,0.684,0.679,0.68,0.675,0.675,-0.009,-1.3158,9048.0,612.353
510810.SH,20190617,0.903,0.904,0.912,0.904,0.909,0.006,0.6645,79058.0,7169.435
160522.SZ,20190617,0.937,0.947,0.947,0.896,0.943,0.006,0.6403,38.0,3.414
160635.SZ,20190617,0.9,0.908,0.913,0.902,0.912,0.012,1.3333,1299.0,118.007
164403.SZ,20190617,1.215,1.119,1.175,1.119,1.172,-0.043,-3.5391,231.89,27.145
169105.SZ,20190617,1.17,1.17,1.172,1.153,1.166,-0.004,-0.3419,8195.9,954.633
512680.SH,20190617,0.707,0.705,0.705,0.698,0.701,-0.006,-0.8487,34720.0,2432.865
512000.SH,20190617,0.864,0.864,0.873,0.863,0.87,0.006,0.6944,1094125.0,95048.81
165525.SZ,20190617,0.776,0.779,0.78,0.776,0.776,0.0,0.0,552.0,42.95
160421.SZ,20190617,1.034,1.034,1.042,1.028,1.029,-0.005,-0.4836,7179.44,743.248
501026.SH,20190617,0.778,0.769,0.817,0.759,0.817,0.039,5.0129,501.09,38.544
167002.SZ,20190617,0.918,0.992,0.992,0.98,0.98,0.062,6.7538,4.0,0.393
511660.SH,20190617,100.017,100.001,100.008,100.0,100.007,-0.01,-0.01,75246.35,752487.081
168105.SZ,20190617,0.759,0.758,0.759,0.744,0.759,0.0,0.0,1694.0,128.047
512100.SH,20190617,0.625,0.627,0.628,0.621,0.624,-0.001,-0.16,254453.0,15895.392
511600.SH,20190617,100.008,99.999,99.999,99.996,99.998,-0.01,-0.01,707.04,7070.275
160722.SZ,20190617,1.05,1.019,1.037,1.018,1.028,-0.022,-2.0952,75.03,7.654
511690.SH,20190617,100.008,99.994,99.999,99.994,99.999,-0.009,-0.009,12405.92,124055.313
511700.SH,20190617,100.017,99.999,100.012,99.999,100.008,-0.009,-0.009,391.46,3914.797
501050.SH,20190617,1.228,1.227,1.234,1.226,1.231,0.003,0.2443,7775.03,956.998
164210.SZ,20190617,1.068,1.07,1.071,1.07,1.07,0.002,0.1873,1241.0,132.787
160223.SZ,20190617,0.702,0.701,0.701,0.692,0.692,-0.01,-1.4245,1082.0,74.999
161035.SZ,20190617,1.02,1.016,1.016,0.995,0.998,-0.022,-2.1569,1086.0,108.467
501028.SH,20190617,0.823,0.823,0.83,0.823,0.825,0.002,0.243,307.54,25.343
162717.SZ,20190617,0.93,0.911,0.913,0.911,0.913,-0.017,-1.828,18.0,1.642
164703.SZ,20190617,0.859,0.873,0.874,0.873,0.874,0.015,1.7462,48.0,4.194
501300.SH,20190617,1.042,1.05,1.05,1.04,1.042,0.0,0.0,840.0,87.621
161126.SZ,20190617,1.247,1.238,1.244,1.238,1.244,-0.003,-0.2406,458.0,56.924
161125.SZ,20190617,1.266,1.27,1.279,1.266,1.266,0.0,0.0,73.0,9.281
168301.SZ,20190617,0.938,0.938,0.94,0.938,0.939,0.001,0.1066,552.0,51.825
161127.SZ,20190617,1.23,1.214,1.225,1.214,1.225,-0.005,-0.4065,22.0,2.693
161128.SZ,20190617,1.514,1.514,1.515,1.513,1.515,0.001,0.0661,87.0,13.172
161129.SZ,20190617,1.021,1.027,1.027,1.016,1.022,0.001,0.0979,5865.72,598.979
501029.SH,20190617,0.947,0.945,0.95,0.942,0.948,0.001,0.1056,51955.07,4916.835
501007.SH,20190617,0.839,0.839,0.839,0.839,0.839,0.0,0.0,1.0,0.084
501008.SH,20190617,0.844,0.844,0.846,0.844,0.845,0.001,0.1185,55.0,4.646
501011.SH,20190617,0.787,0.786,0.787,0.784,0.784,-0.003,-0.3812,103.0,8.096
501012.SH,20190617,0.763,0.78,0.78,0.78,0.78,0.017,2.228,38.0,2.964
501009.SH,20190617,1.054,1.051,1.06,1.048,1.058,0.004,0.3795,412.0,43.377
501030.SH,20190617,0.567,0.569,0.57,0.553,0.563,-0.004,-0.7055,254.0,14.2
501010.SH,20190617,1.04,1.046,1.046,1.046,1.046,0.006,0.5769,9.0,0.941
501031.SH,20190617,0.573,0.572,0.572,0.572,0.572,-0.001,-0.1745,3.0,0.172
501027.SH,20190617,1.0,1.01,1.04,1.01,1.039,0.039,3.9,247.0,25.661
513050.SH,20190617,1.153,1.148,1.157,1.146,1.148,-0.005,-0.4337,254167.0,29303.398
511650.SH,20190617,100.005,99.999,99.999,99.991,99.995,-0.01,-0.01,2484.0,24838.589
501032.SH,20190617,0.722,0.715,0.715,0.713,0.713,-0.009,-1.2465,2.0,0.143
512580.SH,20190617,0.713,0.714,0.718,0.71,0.713,0.0,0.0,81022.0,5780.355
161631.SZ,20190617,0.909,0.907,0.913,0.901,0.903,-0.006,-0.6601,21599.01,1954.328
162719.SZ,20190617,0.889,0.887,0.887,0.885,0.885,-0.004,-0.4499,149.0,13.203
512900.SH,20190617,0.876,0.87,0.884,0.87,0.88,0.004,0.4566,10769.0,947.156
161036.SZ,20190617,0.621,0.605,0.676,0.581,0.664,0.043,6.9243,188.0,11.184
511770.SH,20190617,100.002,99.985,99.992,99.985,99.991,-0.011,-0.011,67.88,678.728
501019.SH,20190617,0.709,0.708,0.709,0.702,0.708,-0.001,-0.141,3213.05,226.707
501301.SH,20190617,1.121,1.117,1.135,1.117,1.135,0.014,1.2489,154.2,17.26
164509.SZ,20190617,0.965,0.951,0.952,0.951,0.952,-0.013,-1.3472,9.9,0.941
160723.SZ,20190617,1.076,1.076,1.085,1.06,1.075,-0.001,-0.0929,3211.28,344.056
161835.SZ,20190617,1.057,1.06,1.06,1.058,1.059,0.002,0.1892,202.01,21.402
159952.SZ,20190617,0.844,0.841,0.847,0.834,0.838,-0.006,-0.7109,455489.0,38223.399
501016.SH,20190617,0.951,0.957,0.96,0.95,0.954,0.003,0.3155,8021.5,763.306
161037.SZ,20190617,0.975,0.947,0.969,0.942,0.969,-0.006,-0.6154,953.72,90.71
159950.SZ,20190617,0.968,0.922,0.959,0.922,0.957,-0.011,-1.1364,238.0,22.811
512550.SH,20190617,1.114,1.12,1.125,1.115,1.12,0.006,0.5386,4348.0,487.417
160324.SZ,20190617,0.914,0.894,0.894,0.894,0.894,-0.02,-2.1882,3231.09,288.859
159955.SZ,20190617,0.784,0.792,0.792,0.775,0.778,-0.006,-0.7653,18475.0,1448.203
159951.SZ,20190617,0.746,0.752,0.752,0.752,0.752,0.006,0.8043,17.0,1.278
163111.SZ,20190617,0.863,0.854,0.854,0.843,0.845,-0.018,-2.0857,788.72,67.067
512200.SH,20190617,0.855,0.844,0.861,0.844,0.861,0.006,0.7018,4621.0,394.517
512700.SH,20190617,1.086,1.092,1.098,1.09,1.092,0.006,0.5525,3379.0,369.359
512800.SH,20190617,1.044,1.045,1.057,1.044,1.051,0.007,0.6705,349615.0,36798.777
512400.SH,20190617,0.655,0.65,0.668,0.65,0.662,0.007,1.0687,85916.0,5660.898
512560.SH,20190617,0.776,0.784,0.784,0.759,0.775,-0.001,-0.1289,395.0,30.561
512570.SH,20190617,0.856,0.852,0.869,0.852,0.86,0.004,0.4673,262.0,22.576
161715.SZ,20190617,0.89,0.89,0.89,0.89,0.89,0.0,0.0,4.98,0.443
501036.SH,20190617,0.787,0.787,0.787,0.786,0.786,-0.001,-0.1271,208.0,16.356
501037.SH,20190617,0.77,0.788,0.788,0.761,0.769,-0.001,-0.1299,523.0,40.008
501038.SH,20190617,1.024,1.034,1.034,1.023,1.029,0.005,0.4883,22422.81,2308.319
511260.SH,20190617,106.44,106.44,106.53,106.44,106.512,0.072,0.0676,627.0,6678.016
511620.SH,20190617,99.995,99.993,99.993,99.983,99.986,-0.009,-0.009,12.04,120.387
166023.SZ,20190617,1.022,1.02,1.02,1.012,1.012,-0.01,-0.9785,217.0,21.962
511670.SH,20190617,100.012,100.0,100.003,99.997,100.003,-0.009,-0.009,711.0,7110.044
501043.SH,20190617,0.988,0.988,0.997,0.988,0.988,0.0,0.0,930.0,92.113
501045.SH,20190617,0.991,0.995,0.995,0.995,0.995,0.004,0.4036,10.0,0.995
160140.SZ,20190617,1.16,1.141,1.141,1.14,1.14,-0.02,-1.7241,188.15,21.45
501046.SH,20190617,0.925,0.908,0.927,0.901,0.926,0.001,0.1081,19227.05,1740.68
510380.SH,20190617,0.933,0.921,0.924,0.921,0.924,-0.009,-0.9646,932.0,85.905
160644.SZ,20190617,0.83,0.829,0.829,0.829,0.829,-0.001,-0.1205,64.23,5.324
166024.SZ,20190617,0.856,0.868,0.868,0.851,0.858,0.002,0.2336,2074.0,178.354
501047.SH,20190617,0.91,0.913,0.913,0.913,0.913,0.003,0.3297,5.0,0.457
501048.SH,20190617,0.928,0.933,0.933,0.927,0.927,-0.001,-0.1078,7.0,0.652
159957.SZ,20190617,0.861,0.853,0.89,0.852,0.867,0.006,0.6969,5901.0,508.079
501106.SH,20190617,1.11,1.107,1.107,1.107,1.107,-0.003,-0.2703,15.0,1.661
501049.SH,20190617,0.875,0.872,0.881,0.872,0.874,-0.001,-0.1143,8450.51,742.748
501051.SH,20190617,0.993,0.994,0.997,0.994,0.997,0.004,0.4028,251.0,24.95
501305.SH,20190617,0.898,0.91,0.91,0.91,0.91,0.012,1.3363,100.0,9.1
159958.SZ,20190617,0.848,0.845,0.848,0.837,0.841,-0.007,-0.8255,24292.0,2042.177
510800.SH,20190617,0.985,0.985,0.995,0.985,0.989,0.004,0.4061,26010.0,2575.727
512980.SH,20190617,0.711,0.712,0.712,0.705,0.708,-0.003,-0.4219,34551.0,2447.454
159954.SZ,20190617,0.957,0.962,0.965,0.958,0.96,0.003,0.3135,5863.01,563.413
510390.SH,20190617,3.734,3.733,3.77,3.73,3.739,0.005,0.1339,28459.69,10672.308
501053.SH,20190617,0.996,0.999,0.999,0.999,0.999,0.003,0.3012,60.0,5.994
161014.SZ,20190617,1.197,1.195,1.197,1.193,1.196,-0.001,-0.0835,3354.0,400.884
163417.SZ,20190617,0.948,0.947,0.952,0.943,0.945,-0.003,-0.3165,216776.13,20520.797
159956.SZ,20190617,0.833,0.837,0.837,0.821,0.822,-0.011,-1.3205,1073.01,88.538
501054.SH,20190617,0.864,0.864,0.868,0.859,0.863,-0.001,-0.1157,32304.69,2788.139
162416.SZ,20190617,1.031,1.035,1.035,1.034,1.034,0.003,0.291,367.0,37.974
501307.SH,20190617,0.944,0.993,1.002,0.985,0.985,0.041,4.3432,25.0,2.482
510590.SH,20190617,4.918,4.911,4.95,4.893,4.914,-0.004,-0.0813,62210.0,30581.804
169106.SZ,20190617,0.991,0.991,0.992,0.99,0.99,-0.001,-0.1009,862.16,85.435
512160.SH,20190617,1.003,1.002,1.01,1.0,1.002,-0.001,-0.0997,209552.0,21089.73
512520.SH,20190617,0.984,0.984,0.991,0.981,0.986,0.002,0.2033,25647.0,2529.583
512180.SH,20190617,0.982,0.982,0.99,0.98,0.982,0.0,0.0,962450.0,94700.12
512780.SH,20190617,0.772,0.775,0.775,0.771,0.772,0.0,0.0,3281.0,253.525
513900.SH,20190617,0.959,0.969,0.999,0.969,0.982,0.023,2.3983,784.0,77.365
512280.SH,20190617,0.981,0.981,0.99,0.979,0.981,0.0,0.0,796493.0,78293.113
501057.SH,20190617,0.803,0.819,0.819,0.808,0.808,0.005,0.6227,291.17,23.656
501058.SH,20190617,0.825,0.805,0.814,0.805,0.814,-0.011,-1.3333,9.0,0.732
512090.SH,20190617,1.002,1.007,1.011,1.0,1.003,0.001,0.0998,493905.0,49570.066
512360.SH,20190617,1.015,1.021,1.022,1.013,1.013,-0.002,-0.197,459.0,46.7
161039.SZ,20190617,1.013,1.013,1.013,1.01,1.01,-0.003,-0.2962,123.01,12.427
512770.SH,20190617,0.934,0.925,0.925,0.919,0.924,-0.01,-1.0707,1491.0,137.536
164824.SZ,20190617,1.009,1.008,1.008,0.982,0.998,-0.011,-1.0902,2819.95,281.362
512390.SH,20190617,0.991,0.991,0.991,0.991,0.991,0.0,0.0,72.0,7.135
159936.SZ,20190617,1.227,1.227,1.23,1.226,1.226,-0.001,-0.0815,6422.0,788.042
512600.SH,20190617,2.709,2.7,2.725,2.673,2.697,-0.012,-0.443,656.0,176.821
512610.SH,20190617,1.26,1.256,1.377,1.256,1.269,0.009,0.7143,460.0,59.106
512640.SH,20190617,1.927,1.906,1.91,1.876,1.876,-0.051,-2.6466,74.0,14.079
161015.SZ,20190617,1.013,1.013,1.013,1.013,1.013,0.0,0.0,7.0,0.709
512070.SH,20190617,2.092,2.092,2.114,2.085,2.095,0.003,0.1434,9494.5,1993.562
512220.SH,20190617,1.093,1.091,1.096,1.075,1.088,-0.005,-0.4575,1146.0,124.741
150186.SZ,20190617,1.007,1.004,1.005,1.004,1.005,-0.002,-0.1986,260.28,26.158
150187.SZ,20190617,0.97,0.972,0.99,0.961,0.961,-0.009,-0.9278,410.0,39.921
160133.SZ,20190617,2.243,2.23,2.249,2.221,2.239,-0.004,-0.1783,497.09,111.255
150188.SZ,20190617,1.015,1.011,1.013,1.011,1.013,-0.002,-0.197,200.01,20.261
513030.SH,20190617,1.031,1.03,1.03,1.02,1.024,-0.007,-0.679,12138.0,1241.793
159937.SZ,20190617,3.02,3.0,3.004,2.985,2.986,-0.034,-1.1258,948416.0,284054.467
150194.SZ,20190617,0.989,0.989,0.99,0.988,0.989,0.0,0.0,33500.2,3313.021
150195.SZ,20190617,0.672,0.671,0.682,0.667,0.674,0.002,0.2976,59058.14,3977.421
150192.SZ,20190617,1.022,1.03,1.03,1.03,1.03,0.008,0.7828,571.0,58.813
150193.SZ,20190617,0.979,0.965,0.977,0.965,0.977,-0.002,-0.2043,743.0,72.316
169101.SZ,20190617,1.33,1.33,1.337,1.323,1.325,-0.005,-0.3759,10769.08,1432.205
150198.SZ,20190617,0.99,0.991,0.993,0.991,0.993,0.003,0.303,1703.0,169.008
150199.SZ,20190617,0.99,0.971,0.989,0.96,0.975,-0.015,-1.5152,7849.0,766.713
505888.SH,20190617,0.978,0.978,0.978,0.973,0.974,-0.004,-0.409,343166.88,33502.288
512300.SH,20190617,0.961,0.962,0.974,0.961,0.966,0.005,0.5203,623.0,60.309
511220.SH,20190617,96.458,96.41,96.479,96.341,96.419,-0.039,-0.0404,876.0,8445.047
150200.SZ,20190617,0.99,0.989,0.99,0.989,0.99,0.0,0.0,56068.0,5550.231
150201.SZ,20190617,1.07,1.072,1.094,1.068,1.087,0.017,1.5888,1274562.62,137934.448
150205.SZ,20190617,0.994,0.993,0.995,0.993,0.995,0.001,0.1006,97930.35,9741.43
150206.SZ,20190617,0.495,0.495,0.498,0.48,0.495,0.0,0.0,571145.56,27919.085
159938.SZ,20190617,1.153,1.158,1.175,1.156,1.16,0.007,0.6071,85487.0,9961.488
160813.SZ,20190617,0.713,0.703,0.715,0.703,0.705,-0.008,-1.122,269.88,18.979
150174.SZ,20190617,1.135,1.199,1.199,1.071,1.122,-0.013,-1.1454,150.64,16.66
511810.SH,20190617,100.009,99.998,100.004,99.997,100.004,-0.005,-0.005,69376.92,693768.328
511860.SH,20190617,100.005,99.992,99.998,99.992,99.992,-0.013,-0.013,531.67,5316.467
164208.SZ,20190617,1.041,1.025,1.049,1.025,1.049,0.008,0.7685,20.0,2.093
150204.SZ,20190617,0.808,0.807,0.807,0.786,0.796,-0.012,-1.4851,379.0,30.108
150203.SZ,20190617,0.991,0.991,0.991,0.991,0.991,0.0,0.0,283.0,28.045
511800.SH,20190617,100.003,99.992,99.996,99.991,99.996,-0.007,-0.007,884.16,8841.009
150209.SZ,20190617,0.99,0.99,0.99,0.989,0.99,0.0,0.0,73804.79,7306.646
150210.SZ,20190617,0.624,0.624,0.634,0.615,0.625,0.001,0.1603,17542.59,1100.551
160618.SZ,20190617,1.299,1.299,1.299,1.297,1.299,0.0,0.0,30084.0,3907.718
513660.SH,20190617,2.524,2.549,2.559,2.535,2.538,0.014,0.5547,8627.0,2190.846
513600.SH,20190617,2.53,2.56,2.566,2.521,2.546,0.016,0.6324,5805.0,1483.906
159005.SZ,20190617,100.0,99.999,100.001,99.999,100.001,0.001,0.001,675.91,6759.094
