ts_code,trade_date,pre_close,open,high,low,close,change,pct_chg,vol,amount
510330.SH,20190220,3.431,3.441,3.454,3.415,3.442,0.011,0.3206,5069596.36,1742723.363
511990.SH,20190220,100.008,100.003,100.01,100.001,100.008,0.0,0.0,850492.73,8505488.103
160720.SZ,20190220,1.14,1.15,1.15,1.15,1.15,0.01,0.8772,188.69,21.699
159922.SZ,20190220,4.867,4.866,4.873,4.818,4.859,-0.008,-0.1644,59321.0,28816.364
510500.SH,20190220,4.984,4.99,4.998,4.936,4.974,-0.01,-0.2006,2237355.47,1112716.381
150117.SZ,20190220,0.987,0.987,0.988,0.985,0.988,0.001,0.1013,10187.91,1004.853
150118.SZ,20190220,0.916,0.918,0.954,0.908,0.942,0.026,2.8384,119323.15,11157.799
159923.SZ,20190220,1.488,1.488,1.492,1.48,1.492,0.004,0.2688,1153.11,171.074
510310.SH,20190220,1.488,1.488,1.5,1.483,1.492,0.004,0.2688,414786.0,61861.22
511010.SH,20190220,116.883,116.87,116.935,116.821,116.923,0.04,0.0342,28085.0,328296.879
160212.SZ,20190220,1.772,1.762,1.785,1.742,1.754,-0.018,-1.0158,3671.0,645.12
510660.SH,20190220,1.574,1.562,1.58,1.538,1.555,-0.019,-1.2071,11317.0,1758.727
510650.SH,20190220,1.722,1.732,1.739,1.725,1.726,0.004,0.2323,1537.0,265.455
510630.SH,20190220,2.262,2.268,2.273,2.23,2.249,-0.013,-0.5747,7102.0,1607.148
159925.SZ,20190220,1.468,1.455,1.478,1.453,1.466,-0.002,-0.1362,5831.83,854.359
150123.SZ,20190220,1.012,1.011,1.014,1.011,1.014,0.002,0.1976,231.79,23.437
150124.SZ,20190220,0.602,0.608,0.611,0.59,0.6,-0.002,-0.3322,9861.53,591.08
163210.SZ,20190220,1.167,1.167,1.167,1.166,1.167,0.0,0.0,19548.0,2280.538
510510.SH,20190220,1.322,1.323,1.325,1.308,1.322,0.0,0.0,393608.0,51668.204
511880.SH,20190220,100.507,100.508,100.516,100.507,100.515,0.008,0.008,482856.77,4853305.709
165313.SZ,20190220,1.2,1.207,1.211,1.2,1.203,0.003,0.25,1137.0,137.645
159001.SZ,20190220,100.0,100.0,100.001,99.999,100.001,0.001,0.001,5929.31,59293.139
161911.SZ,20190220,1.059,1.058,1.06,1.058,1.06,0.001,0.0944,13371.8,1416.976
162715.SZ,20190220,1.109,1.109,1.109,1.109,1.109,0.0,0.0,3.0,0.332
513100.SH,20190220,2.493,2.488,2.488,2.471,2.475,-0.018,-0.722,512566.92,127000.174
159926.SZ,20190220,111.777,111.01,111.39,111.0,111.001,-0.776,-0.6942,101.02,1121.719
159003.SZ,20190220,100.001,99.999,100.001,99.999,100.0,-0.001,-0.001,6513.43,65133.954
518880.SH,20190220,2.878,2.906,2.909,2.896,2.898,0.02,0.6949,4396341.0,1276607.591
518800.SH,20190220,2.859,2.881,2.886,2.877,2.878,0.019,0.6646,413861.0,119322.373
150145.SZ,20190220,0.985,0.989,0.989,0.989,0.989,0.004,0.4061,157.0,15.527
150146.SZ,20190220,0.638,0.644,0.701,0.621,0.65,0.012,1.8809,4305.01,277.223
166904.SZ,20190220,1.03,1.031,1.031,1.031,1.031,0.001,0.0971,0.5,0.051
150143.SZ,20190220,0.973,0.973,0.973,0.965,0.97,-0.003,-0.3083,10894.0,1058.33
150144.SZ,20190220,1.041,1.042,1.07,1.039,1.042,0.001,0.0961,259.0,27.09
159929.SZ,20190220,1.3,1.3,1.3,1.28,1.291,-0.009,-0.6923,24531.0,3153.291
159928.SZ,20190220,2.16,2.16,2.19,2.137,2.175,0.015,0.6944,41350.16,8963.228
159930.SZ,20190220,0.703,0.698,0.706,0.698,0.704,0.001,0.1422,4400.0,309.601
159931.SZ,20190220,1.545,1.501,1.55,1.501,1.55,0.005,0.3236,1652.01,254.088
150149.SZ,20190220,0.509,0.503,0.523,0.48,0.502,-0.007,-1.3752,14459.0,715.911
160515.SZ,20190220,1.065,1.065,1.067,1.065,1.067,0.002,0.1878,2765.0,294.67
150130.SZ,20190220,0.989,0.988,0.989,0.988,0.988,-0.001,-0.1011,182407.84,18025.222
150131.SZ,20190220,1.196,1.188,1.19,1.15,1.164,-0.032,-2.6756,406431.35,47244.155
150150.SZ,20190220,0.975,0.977,0.977,0.975,0.975,0.0,0.0,1550.3,151.27
150151.SZ,20190220,0.689,0.72,0.72,0.669,0.683,-0.006,-0.8708,891.19,60.53
150152.SZ,20190220,0.981,0.98,0.982,0.978,0.982,0.001,0.1019,345122.22,33839.074
150153.SZ,20190220,0.887,0.881,0.891,0.858,0.88,-0.007,-0.7892,2959505.11,258435.181
159932.SZ,20190220,1.277,1.277,1.312,1.266,1.294,0.017,1.3312,221.0,28.483
512010.SH,20190220,1.495,1.484,1.484,1.447,1.467,-0.028,-1.8729,267656.92,39069.671
159933.SZ,20190220,1.827,1.809,1.848,1.809,1.844,0.017,0.9305,145.0,26.573
150139.SZ,20190220,0.485,0.447,0.484,0.447,0.484,-0.001,-0.2062,109.0,4.942
510680.SH,20190220,2.15,2.115,2.134,2.115,2.134,-0.016,-0.7442,30.0,6.355
159934.SZ,20190220,2.86,2.882,2.892,2.877,2.884,0.024,0.8392,348201.0,100389.534
513500.SH,20190220,1.748,1.749,1.749,1.735,1.737,-0.011,-0.6293,371514.0,64634.808
512120.SH,20190220,1.307,1.306,1.306,1.281,1.292,-0.015,-1.1477,11136.0,1441.108
150157.SZ,20190220,0.977,0.972,0.978,0.97,0.976,-0.001,-0.1024,82673.36,8031.472
150158.SZ,20190220,0.893,0.891,0.911,0.875,0.888,-0.005,-0.5599,34360.0,3069.257
159935.SZ,20190220,1.34,1.29,1.34,1.285,1.34,0.0,0.0,50.0,6.576
160220.SZ,20190220,1.154,1.148,1.16,1.121,1.16,0.006,0.5199,194.0,21.793
510520.SH,20190220,1.24,1.237,1.237,1.22,1.223,-0.017,-1.371,123.0,15.149
164705.SZ,20190220,1.166,1.172,1.179,1.172,1.176,0.01,0.8576,1666.25,195.868
150169.SZ,20190220,0.974,0.973,0.979,0.973,0.977,0.003,0.308,1125.0,109.927
150170.SZ,20190220,1.364,1.379,1.38,1.359,1.366,0.002,0.1466,2169.0,296.785
150171.SZ,20190220,0.978,0.978,0.978,0.975,0.977,-0.001,-0.1022,117388.5,11462.163
150172.SZ,20190220,1.76,1.76,1.8,1.738,1.765,0.005,0.2841,221443.8,39130.465
161831.SZ,20190220,0.98,0.985,0.993,0.98,0.987,0.007,0.7143,8.51,0.838
150175.SZ,20190220,0.973,0.973,0.975,0.973,0.974,0.001,0.1028,58237.45,5669.899
150176.SZ,20190220,0.988,0.99,1.005,0.988,0.994,0.006,0.6073,51300.7,5117.121
150181.SZ,20190220,0.97,0.969,0.973,0.968,0.97,0.0,0.0,96892.24,9398.729
150182.SZ,20190220,1.206,1.195,1.223,1.162,1.195,-0.011,-0.9121,484240.93,57683.597
150177.SZ,20190220,0.972,0.971,0.971,0.969,0.97,-0.002,-0.2058,3527.68,342.179
150178.SZ,20190220,1.167,1.167,1.215,1.144,1.187,0.02,1.7138,9115.63,1072.149
150179.SZ,20190220,0.981,0.966,0.966,0.964,0.966,-0.015,-1.5291,974.97,94.14
150180.SZ,20190220,1.02,1.03,1.122,1.0,1.068,0.048,4.7059,2384.78,251.384
160812.SZ,20190220,1.288,1.289,1.289,1.284,1.287,-0.001,-0.0776,1368.44,175.824
150165.SZ,20190220,1.06,0.981,1.049,0.981,1.019,-0.041,-3.8679,67.44,6.935
160918.SZ,20190220,1.7,1.7,1.706,1.692,1.705,0.005,0.2941,798.0,135.637
150184.SZ,20190220,1.038,1.039,1.039,1.039,1.039,0.001,0.0963,1347.0,139.953
150185.SZ,20190220,0.99,0.993,0.994,0.965,0.979,-0.011,-1.1111,17020.34,1671.054
159936.SZ,20190220,1.204,1.231,1.231,1.186,1.209,0.005,0.4153,2115.0,252.592
512600.SH,20190220,2.125,2.152,2.18,2.113,2.158,0.033,1.5529,541.0,115.796
512610.SH,20190220,1.261,1.261,1.261,1.25,1.261,0.0,0.0,264.0,33.061
512640.SH,20190220,1.768,1.766,1.766,1.76,1.76,-0.008,-0.4525,3.0,0.529
161015.SZ,20190220,0.999,0.991,1.002,0.99,1.002,0.003,0.3003,101.0,10.003
512070.SH,20190220,1.888,1.888,1.904,1.869,1.89,0.002,0.1059,11586.0,2182.26
162006.SZ,20190220,1.026,1.016,1.043,1.015,1.02,-0.006,-0.5848,690.0,70.234
160910.SZ,20190220,0.936,0.931,0.95,0.93,0.93,-0.006,-0.641,116.0,10.859
160805.SZ,20190220,0.69,0.691,0.691,0.686,0.686,-0.004,-0.5797,53.0,3.653
160311.SZ,20190220,1.355,1.356,1.356,1.349,1.356,0.001,0.0738,1381.58,186.932
161610.SZ,20190220,0.878,0.874,0.885,0.874,0.878,0.0,0.0,741.0,64.913
159961.SZ,20190220,1.152,1.15,1.15,1.134,1.149,-0.003,-0.2604,9151.0,1046.004
512260.SH,20190220,1.066,1.066,1.073,1.06,1.07,0.004,0.3752,80105.0,8551.539
501068.SH,20190220,1.072,1.062,1.063,1.06,1.061,-0.011,-1.0261,65.0,6.893
510550.SH,20190220,1.074,1.072,1.081,1.07,1.081,0.007,0.6518,9884.75,1064.331
513680.SH,20190220,1.014,1.014,1.023,1.014,1.017,0.003,0.2959,10169.32,1039.229
512150.SH,20190220,1.062,1.068,1.072,1.058,1.068,0.006,0.565,23436.0,2501.333
512890.SH,20190220,1.051,1.053,1.057,1.048,1.054,0.003,0.2854,83425.13,8777.305
160105.SZ,20190220,0.849,0.849,0.853,0.844,0.847,-0.002,-0.2356,51.0,4.325
163801.SZ,20190220,1.128,1.117,1.13,1.117,1.128,0.0,0.0,807.08,90.913
160505.SZ,20190220,1.461,1.46,1.472,1.457,1.467,0.006,0.4107,50873.67,7452.244
510050.SH,20190220,2.567,2.581,2.588,2.56,2.577,0.01,0.3896,4916327.35,1266630.625
162703.SZ,20190220,1.167,1.166,1.167,1.152,1.161,-0.006,-0.5141,4939.33,570.934
162605.SZ,20190220,1.316,1.313,1.33,1.302,1.318,0.002,0.152,20480.84,2691.112
161607.SZ,20190220,1.082,1.078,1.079,1.071,1.071,-0.011,-1.0166,374.0,40.101
160106.SZ,20190220,0.936,0.936,0.936,0.929,0.932,-0.004,-0.4274,3042.0,283.288
161903.SZ,20190220,0.755,0.757,0.768,0.757,0.765,0.01,1.3245,73.0,5.594
160706.SZ,20190220,0.982,0.984,0.988,0.978,0.985,0.003,0.3055,59535.26,5856.824
163302.SZ,20190220,1.071,1.066,1.073,1.061,1.065,-0.006,-0.5602,23.0,2.447
161005.SZ,20190220,1.69,1.681,1.69,1.673,1.688,-0.002,-0.1183,12615.88,2121.998
163402.SZ,20190220,0.674,0.676,0.677,0.667,0.673,-0.001,-0.1484,87800.41,5905.548
161706.SZ,20190220,1.434,1.445,1.449,1.432,1.434,0.0,0.0,1295.9,187.263
163503.SZ,20190220,0.385,0.389,0.389,0.384,0.386,0.001,0.2597,4761.0,183.344
162607.SZ,20190220,0.42,0.42,0.42,0.414,0.418,-0.002,-0.4762,6695.01,278.887
159901.SZ,20190220,3.964,3.961,4.002,3.945,3.991,0.027,0.6811,615978.43,245038.767
510180.SH,20190220,3.111,3.115,3.13,3.095,3.115,0.004,0.1286,171417.25,53376.929
162207.SZ,20190220,1.112,1.1,1.103,1.099,1.103,-0.009,-0.8094,722.0,79.493
159902.SZ,20190220,2.7,2.7,2.725,2.677,2.718,0.018,0.6667,290669.0,78655.746
160607.SZ,20190220,0.628,0.628,0.63,0.625,0.63,0.002,0.3185,3349.0,210.307
510880.SH,20190220,2.694,2.696,2.702,2.682,2.697,0.003,0.1114,87531.27,23579.118
160610.SZ,20190220,0.85,0.848,0.855,0.847,0.855,0.005,0.5882,149.0,12.626
166001.SZ,20190220,0.975,0.962,0.969,0.961,0.969,-0.006,-0.6154,191.04,18.361
160611.SZ,20190220,0.703,0.701,0.707,0.699,0.707,0.004,0.569,254.05,17.848
160314.SZ,20190220,0.895,0.909,0.909,0.887,0.897,0.002,0.2235,422.0,37.796
160613.SZ,20190220,1.148,1.166,1.166,1.151,1.151,0.003,0.2613,62.0,7.141
161010.SZ,20190220,1.046,1.044,1.045,1.044,1.045,-0.001,-0.0956,600.0,62.668
160615.SZ,20190220,1.417,1.42,1.438,1.41,1.41,-0.007,-0.494,188.24,26.717
161810.SZ,20190220,1.392,1.392,1.476,1.392,1.44,0.048,3.4483,2254.32,320.78
510060.SH,20190220,1.768,1.768,1.794,1.75,1.778,0.01,0.5656,2531.0,448.149
160119.SZ,20190220,1.184,1.189,1.19,1.175,1.186,0.002,0.1689,11065.7,1309.274
510010.SH,20190220,1.054,1.06,1.09,1.048,1.081,0.027,2.5617,892.0,94.948
162307.SZ,20190220,1.201,1.208,1.208,1.208,1.208,0.007,0.5828,1.0,0.12
165309.SZ,20190220,1.089,1.088,1.093,1.083,1.092,0.003,0.2755,233.95,25.504
160211.SZ,20190220,1.752,1.765,1.766,1.721,1.747,-0.005,-0.2854,1444.66,251.096
162711.SZ,20190220,1.013,1.016,1.025,1.016,1.017,0.004,0.3949,1099.0,111.67
150008.SZ,20190220,1.139,1.031,1.139,1.03,1.139,0.0,0.0,126.14,13.068
159903.SZ,20190220,0.918,0.918,0.924,0.911,0.922,0.004,0.4357,18819.12,1727.377
166006.SZ,20190220,0.969,0.96,0.969,0.953,0.969,0.0,0.0,809.0,77.18
510020.SH,20190220,2.617,2.627,2.631,2.607,2.624,0.007,0.2675,121.5,31.914
160716.SZ,20190220,1.472,1.472,1.48,1.47,1.477,0.005,0.3397,5428.0,800.73
150211.SZ,20190220,0.979,0.977,0.979,0.975,0.979,0.0,0.0,99134.96,9685.582
150212.SZ,20190220,0.934,0.925,0.947,0.918,0.924,-0.01,-1.0707,20659.1,1922.874
150223.SZ,20190220,1.029,1.03,1.031,1.027,1.029,0.0,0.0,32907.0,3386.626
150224.SZ,20190220,1.656,1.652,1.696,1.631,1.662,0.006,0.3623,96839.3,16073.445
161224.SZ,20190220,0.866,0.857,0.867,0.857,0.867,0.001,0.1155,32.0,2.754
150196.SZ,20190220,0.987,0.986,0.986,0.984,0.985,-0.002,-0.2026,251371.59,24764.655
150197.SZ,20190220,0.496,0.505,0.542,0.505,0.52,0.024,4.8387,1075285.24,56451.59
150221.SZ,20190220,1.033,1.033,1.034,1.031,1.033,0.0,0.0,64430.46,6654.596
150222.SZ,20190220,0.847,0.844,0.859,0.817,0.839,-0.008,-0.9445,150862.82,12664.623
512310.SH,20190220,0.46,0.46,0.461,0.454,0.461,0.001,0.2174,9380.0,429.908
162510.SZ,20190220,0.779,0.778,0.778,0.778,0.778,-0.001,-0.1284,2.0,0.155
502048.SH,20190220,0.861,0.861,0.867,0.858,0.862,0.001,0.1161,15419.18,1329.941
502049.SH,20190220,1.011,1.011,1.011,1.01,1.011,0.0,0.0,42663.0,4310.574
502050.SH,20190220,0.711,0.711,0.722,0.7,0.714,0.003,0.4219,128219.93,9149.914
512340.SH,20190220,0.71,0.713,0.717,0.708,0.715,0.005,0.7042,14645.0,1045.516
502000.SH,20190220,0.798,0.801,0.803,0.798,0.803,0.005,0.6266,50.0,4.002
150219.SZ,20190220,1.013,1.017,1.019,1.017,1.019,0.006,0.5923,163.0,16.587
150220.SZ,20190220,0.54,0.543,0.547,0.525,0.533,-0.007,-1.2963,52104.0,2806.532
166011.SZ,20190220,1.126,1.123,1.133,1.118,1.123,-0.003,-0.2664,52.51,5.907
512500.SH,20190220,2.317,2.317,2.322,2.295,2.313,-0.004,-0.1726,735924.85,170055.004
150227.SZ,20190220,0.977,0.976,0.978,0.975,0.978,0.001,0.1024,124896.91,12198.16
150228.SZ,20190220,0.794,0.797,0.806,0.786,0.791,-0.003,-0.3778,662869.04,52770.988
512510.SH,20190220,0.99,0.99,0.993,0.981,0.99,0.0,0.0,40991.0,4050.133
150242.SZ,20190220,0.978,0.98,0.98,0.971,0.978,0.0,0.0,899.0,87.673
166012.SZ,20190220,1.069,1.07,1.07,1.068,1.068,-0.001,-0.0935,10.0,1.068
150230.SZ,20190220,1.559,1.453,1.555,1.453,1.481,-0.078,-5.0032,71.48,10.63
161225.SZ,20190220,1.009,1.007,1.019,1.007,1.019,0.01,0.9911,117.0,11.832
150231.SZ,20190220,1.019,0.971,0.971,0.971,0.971,-0.048,-4.7105,0.48,0.046
150232.SZ,20190220,0.79,0.769,0.861,0.76,0.861,0.071,8.9873,4150.71,335.857
150225.SZ,20190220,1.007,1.0,1.0,1.0,1.0,-0.007,-0.6951,100.0,10.0
150226.SZ,20190220,1.091,1.091,1.091,1.02,1.09,-0.001,-0.0917,1587.95,167.767
150236.SZ,20190220,1.408,1.401,1.434,1.378,1.383,-0.025,-1.7756,2937.35,413.385
164906.SZ,20190220,1.18,1.188,1.195,1.182,1.184,0.004,0.339,3536.0,420.214
150247.SZ,20190220,0.988,0.987,0.987,0.983,0.983,-0.005,-0.5061,543.66,53.641
150248.SZ,20190220,0.789,0.781,0.789,0.756,0.769,-0.02,-2.5349,4513.78,344.62
150249.SZ,20190220,0.97,0.97,0.972,0.969,0.97,0.0,0.0,1183.15,114.673
150250.SZ,20190220,0.967,0.931,0.97,0.931,0.97,0.003,0.3102,62.0,5.776
510710.SH,20190220,2.797,2.8,2.818,2.785,2.804,0.007,0.2503,122350.0,34287.559
162108.SZ,20190220,1.197,1.197,1.197,1.194,1.196,-0.001,-0.0835,1084.0,129.584
150252.SZ,20190220,0.73,0.706,0.728,0.706,0.727,-0.003,-0.411,4735.2,339.5
150265.SZ,20190220,1.0,0.996,0.997,0.996,0.997,-0.003,-0.3,7539.95,751.732
150266.SZ,20190220,0.88,0.861,0.879,0.861,0.879,-0.001,-0.1136,666.67,57.779
150274.SZ,20190220,1.101,1.017,1.107,1.017,1.107,0.006,0.545,57.56,5.871
159943.SZ,20190220,9.048,9.048,9.09,8.97,9.09,0.042,0.4642,251.29,226.7
150262.SZ,20190220,0.652,0.65,0.66,0.635,0.636,-0.016,-2.454,4337.42,280.159
510560.SH,20190220,0.999,0.989,0.993,0.979,0.992,-0.007,-0.7007,16120.13,1595.469
166105.SZ,20190220,0.953,0.954,0.954,0.953,0.954,0.001,0.1049,10.0,0.953
502013.SH,20190220,1.083,1.083,1.088,1.063,1.084,0.001,0.0923,778.31,84.205
502015.SH,20190220,1.173,1.18,1.18,1.161,1.18,0.007,0.5968,180.37,21.249
511930.SH,20190220,99.991,99.981,99.981,99.981,99.981,-0.01,-0.01,0.01,0.1
164206.SZ,20190220,1.112,1.114,1.114,1.114,1.114,0.002,0.1799,100.0,11.14
501002.SH,20190220,0.678,0.673,0.673,0.673,0.673,-0.005,-0.7375,7.0,0.471
501005.SH,20190220,0.739,0.73,0.733,0.723,0.73,-0.009,-1.2179,1734.76,126.48
511960.SH,20190220,100.005,100.027,100.165,99.971,99.995,-0.01,-0.01,623.74,6240.232
161033.SZ,20190220,0.811,0.811,0.848,0.795,0.814,0.003,0.3699,6560.33,533.908
169103.SZ,20190220,1.171,1.15,1.179,1.15,1.178,0.007,0.5978,1900.0,222.347
511820.SH,20190220,100.0,99.998,100.006,99.998,100.006,0.006,0.006,105.3,1052.981
168102.SZ,20190220,0.8,0.801,0.803,0.795,0.801,0.001,0.125,11853.0,948.148
161823.SZ,20190220,1.104,1.13,1.13,1.13,1.13,0.026,2.3551,10.0,1.13
163005.SZ,20190220,0.881,0.876,0.878,0.876,0.878,-0.003,-0.3405,4158.28,364.265
501015.SH,20190220,0.815,0.808,0.815,0.808,0.812,-0.003,-0.3681,7742.78,627.269
162415.SZ,20190220,1.418,1.411,1.416,1.406,1.416,-0.002,-0.141,102.0,14.413
160518.SZ,20190220,0.971,0.971,0.977,0.962,0.974,0.003,0.309,2622.13,254.438
511920.SH,20190220,99.997,99.997,99.999,99.989,99.998,0.001,0.001,34.01,340.078
159948.SZ,20190220,1.469,1.463,1.475,1.448,1.468,-0.001,-0.0681,50767.57,7414.919
161232.SZ,20190220,0.599,0.592,0.605,0.589,0.605,0.006,1.0017,4797.34,283.238
165528.SZ,20190220,0.82,0.819,0.821,0.81,0.811,-0.009,-1.0976,1438.0,116.931
501017.SH,20190220,0.794,0.788,0.788,0.788,0.788,-0.006,-0.7557,1200.0,94.56
160519.SZ,20190220,0.877,0.879,0.88,0.872,0.879,0.002,0.2281,992.0,87.081
501018.SH,20190220,1.055,1.055,1.061,1.052,1.06,0.005,0.4739,24256.0,2561.092
162215.SZ,20190220,1.018,1.018,1.02,1.018,1.02,0.002,0.1965,1192.0,121.478
501021.SH,20190220,1.313,1.323,1.323,1.316,1.317,0.004,0.3046,605.0,79.871
159949.SZ,20190220,0.493,0.493,0.495,0.484,0.491,-0.002,-0.4057,11027435.92,539494.538
511850.SH,20190220,100.01,100.005,100.01,100.004,100.009,-0.001,-0.001,13387.46,133884.596
169104.SZ,20190220,1.158,1.157,1.157,1.136,1.153,-0.005,-0.4318,2550.0,292.165
512660.SH,20190220,0.716,0.712,0.719,0.701,0.711,-0.005,-0.6983,932099.86,66209.166
511910.SH,20190220,100.0,99.988,99.988,99.988,99.988,-0.012,-0.012,0.01,0.1
512880.SH,20190220,0.875,0.874,0.888,0.866,0.878,0.003,0.3429,5136224.74,449657.097
167001.SZ,20190220,0.651,0.673,0.673,0.647,0.654,0.003,0.4608,3892.89,253.533
161834.SZ,20190220,0.755,0.755,0.757,0.753,0.757,0.002,0.2649,39980.43,3021.387
160520.SZ,20190220,1.003,1.003,1.003,1.003,1.003,0.0,0.0,806.0,80.841
163003.SZ,20190220,0.634,0.696,0.696,0.679,0.679,0.045,7.0978,84.0,5.724
160225.SZ,20190220,0.761,0.751,0.772,0.751,0.768,0.007,0.9198,4318.37,330.498
511970.SH,20190220,99.989,99.995,99.999,99.995,99.999,0.01,0.01,3.0,29.999
168103.SZ,20190220,0.722,0.722,0.726,0.718,0.726,0.004,0.554,66674.44,4820.432
512810.SH,20190220,0.676,0.672,0.68,0.664,0.672,-0.004,-0.5917,11332.0,762.508
510810.SH,20190220,0.837,0.845,0.846,0.838,0.845,0.008,0.9558,241289.0,20336.111
160635.SZ,20190220,0.925,0.925,0.95,0.903,0.911,-0.014,-1.5135,1089.63,100.37
164403.SZ,20190220,1.051,1.051,1.058,1.051,1.051,0.0,0.0,184.0,19.422
169105.SZ,20190220,1.145,1.145,1.152,1.141,1.152,0.007,0.6114,56379.32,6457.216
512680.SH,20190220,0.702,0.7,0.707,0.688,0.699,-0.003,-0.4274,40782.0,2853.275
512000.SH,20190220,0.834,0.834,0.846,0.824,0.836,0.002,0.2398,1566199.72,130652.843
165525.SZ,20190220,0.798,0.803,0.803,0.792,0.798,0.0,0.0,1004.77,79.96
160421.SZ,20190220,0.89,0.895,0.897,0.89,0.896,0.006,0.6742,3668.22,327.652
501026.SH,20190220,0.753,0.761,0.769,0.761,0.768,0.015,1.992,2527.39,193.124
167002.SZ,20190220,0.867,0.867,0.867,0.867,0.867,0.0,0.0,10.0,0.867
511660.SH,20190220,100.009,100.003,100.01,100.001,100.008,-0.001,-0.001,179025.13,1790344.97
165317.SZ,20190220,0.87,0.9,0.9,0.9,0.9,0.03,3.4483,12.0,1.08
168105.SZ,20190220,0.745,0.741,0.746,0.741,0.746,0.001,0.1342,6055.79,451.268
512100.SH,20190220,0.595,0.594,0.595,0.587,0.594,-0.001,-0.1681,174325.0,10318.316
501022.SH,20190220,0.845,0.843,0.849,0.843,0.849,0.004,0.4734,4257.0,359.798
501023.SH,20190220,1.099,1.076,1.106,1.076,1.106,0.007,0.6369,246.0,27.205
511600.SH,20190220,100.001,100.001,100.004,100.0,100.002,0.001,0.001,3276.0,32760.694
160722.SZ,20190220,0.963,0.969,0.969,0.956,0.956,-0.007,-0.7269,502.0,48.403
163119.SZ,20190220,0.707,0.711,0.711,0.7,0.7,-0.007,-0.9901,43.0,3.025
511690.SH,20190220,100.002,99.999,100.003,99.998,100.003,0.001,0.001,18702.28,187023.918
511700.SH,20190220,100.003,99.995,100.001,99.995,100.001,-0.002,-0.002,814.27,8142.613
501050.SH,20190220,1.175,1.175,1.179,1.172,1.177,0.002,0.1702,21175.72,2490.197
164210.SZ,20190220,1.076,1.076,1.076,1.074,1.074,-0.002,-0.1859,53.0,5.693
160223.SZ,20190220,0.682,0.672,0.692,0.663,0.674,-0.008,-1.173,2497.0,168.949
161035.SZ,20190220,0.864,0.85,0.85,0.849,0.849,-0.015,-1.7361,187.0,15.877
501025.SH,20190220,1.082,1.082,1.082,1.082,1.082,0.0,0.0,20.0,2.164
161124.SZ,20190220,1.08,1.092,1.092,1.083,1.086,0.006,0.5556,39.0,4.238
160322.SZ,20190220,0.997,1.005,1.005,1.001,1.001,0.004,0.4012,174.0,17.423
501028.SH,20190220,0.798,0.804,0.814,0.801,0.81,0.012,1.5038,7410.47,599.342
164703.SZ,20190220,0.87,0.859,0.859,0.859,0.859,-0.011,-1.2644,6.0,0.515
501300.SH,20190220,0.982,0.982,0.982,0.979,0.98,-0.002,-0.2037,5413.0,530.293
161126.SZ,20190220,1.251,1.251,1.251,1.245,1.245,-0.006,-0.4796,15.0,1.873
161125.SZ,20190220,1.186,1.19,1.19,1.175,1.189,0.003,0.253,460.0,54.672
168301.SZ,20190220,0.843,0.849,0.855,0.849,0.853,0.01,1.1862,1440.4,122.62
161127.SZ,20190220,1.266,1.262,1.269,1.258,1.266,0.0,0.0,399.1,50.445
161128.SZ,20190220,1.379,1.379,1.379,1.367,1.367,-0.012,-0.8702,156.0,21.381
168401.SZ,20190220,0.978,1.024,1.029,1.022,1.024,0.046,4.7035,1784.34,182.623
161129.SZ,20190220,1.057,1.056,1.064,1.051,1.058,0.001,0.0946,4726.74,499.688
501029.SH,20190220,0.916,0.918,0.921,0.912,0.919,0.003,0.3275,81780.1,7492.316
501007.SH,20190220,0.81,0.806,0.806,0.806,0.806,-0.004,-0.4938,4.0,0.322
501008.SH,20190220,0.835,0.83,0.836,0.82,0.821,-0.014,-1.6766,483.0,39.611
501011.SH,20190220,0.79,0.789,0.789,0.768,0.77,-0.02,-2.5316,90.0,7.057
501012.SH,20190220,0.782,0.78,0.78,0.76,0.762,-0.02,-2.5575,59.0,4.52
501009.SH,20190220,0.94,0.928,0.938,0.923,0.938,-0.002,-0.2128,80.0,7.423
501030.SH,20190220,0.564,0.563,0.565,0.554,0.565,0.001,0.1773,245.0,13.809
501010.SH,20190220,0.944,1.026,1.026,0.949,0.95,0.006,0.6356,142.0,14.029
501031.SH,20190220,0.573,0.573,0.615,0.565,0.565,-0.008,-1.3962,150.0,8.624
513050.SH,20190220,1.19,1.203,1.209,1.193,1.198,0.008,0.6723,867753.74,104479.767
511650.SH,20190220,99.999,99.995,100.001,99.995,100.0,0.001,0.001,1229.48,12294.72
162718.SZ,20190220,0.941,0.947,0.947,0.946,0.947,0.006,0.6376,3230.39,305.622
501032.SH,20190220,0.698,0.715,0.76,0.715,0.73,0.032,4.5845,309.0,22.561
512580.SH,20190220,0.727,0.73,0.73,0.716,0.726,-0.001,-0.1376,97465.19,7033.443
168108.SZ,20190220,0.989,0.98,0.98,0.966,0.966,-0.023,-2.3256,29.0,2.802
161631.SZ,20190220,0.853,0.852,0.852,0.835,0.848,-0.005,-0.5862,50411.03,4252.639
162719.SZ,20190220,0.971,0.986,0.987,0.968,0.984,0.013,1.3388,204.83,19.901
512900.SH,20190220,0.842,0.842,0.856,0.833,0.846,0.004,0.4751,73569.0,6207.035
161036.SZ,20190220,0.601,0.591,0.595,0.591,0.595,-0.006,-0.9983,539.42,31.894
511770.SH,20190220,99.991,99.993,100.1,99.992,99.998,0.007,0.007,757.16,7573.668
501019.SH,20190220,0.694,0.691,0.696,0.68,0.688,-0.006,-0.8646,6756.25,465.571
501301.SH,20190220,1.16,1.16,1.161,1.154,1.16,0.0,0.0,908.0,105.281
160723.SZ,20190220,1.112,1.112,1.118,1.109,1.116,0.004,0.3597,5185.59,577.644
166402.SZ,20190220,1.083,1.082,1.082,1.062,1.062,-0.021,-1.9391,174.0,18.816
159952.SZ,20190220,0.812,0.813,0.818,0.8,0.811,-0.001,-0.1232,628150.0,50754.961
501016.SH,20190220,0.934,0.934,0.967,0.934,0.951,0.017,1.8201,19637.15,1859.562
161037.SZ,20190220,0.926,0.958,1.019,0.895,0.907,-0.019,-2.0518,2138.0,206.01
159950.SZ,20190220,0.86,0.86,0.87,0.857,0.857,-0.003,-0.3488,74.0,6.361
512550.SH,20190220,1.017,1.025,1.025,1.011,1.02,0.003,0.295,26926.0,2740.253
160324.SZ,20190220,0.865,0.853,0.864,0.853,0.864,-0.001,-0.1156,1002.0,85.7
501302.SH,20190220,1.072,1.061,1.07,1.061,1.061,-0.011,-1.0261,291.0,30.876
501035.SH,20190220,0.955,0.903,0.944,0.903,0.908,-0.047,-4.9215,168.11,15.507
161130.SZ,20190220,1.165,1.166,1.166,1.166,1.166,0.001,0.0858,450.0,52.47
159955.SZ,20190220,0.757,0.759,0.773,0.747,0.758,0.001,0.1321,13964.02,1053.774
160643.SZ,20190220,0.784,0.779,0.789,0.774,0.779,-0.005,-0.6378,529.0,41.23
159953.SZ,20190220,0.705,0.699,0.709,0.697,0.707,0.002,0.2837,3285.03,230.615
159951.SZ,20190220,0.714,0.724,0.724,0.712,0.713,-0.001,-0.1401,1063.0,75.725
163111.SZ,20190220,0.869,0.86,0.868,0.859,0.864,-0.005,-0.5754,2790.61,240.135
512200.SH,20190220,0.787,0.78,0.798,0.772,0.793,0.006,0.7624,12783.0,1007.837
512700.SH,20190220,1.008,1.008,1.015,1.007,1.01,0.002,0.1984,1554.0,157.341
512800.SH,20190220,0.975,0.978,0.982,0.972,0.979,0.004,0.4103,329541.0,32197.14
161038.SZ,20190220,0.893,0.978,0.979,0.86,0.86,-0.033,-3.6954,148.0,14.298
512400.SH,20190220,0.619,0.621,0.64,0.62,0.63,0.011,1.7771,91809.0,5801.227
512560.SH,20190220,0.778,0.763,0.79,0.763,0.788,0.01,1.2853,3796.0,294.666
512570.SH,20190220,0.829,0.821,0.836,0.817,0.83,0.001,0.1206,2497.0,206.349
161715.SZ,20190220,0.797,0.815,0.824,0.813,0.816,0.019,2.3839,1182.74,96.587
160924.SZ,20190220,1.002,1.007,1.007,1.007,1.007,0.005,0.499,1.0,0.1
501036.SH,20190220,0.753,0.731,0.75,0.73,0.748,-0.005,-0.664,222.0,16.42
501037.SH,20190220,0.76,0.75,0.756,0.723,0.753,-0.007,-0.9211,2497.13,182.678
501038.SH,20190220,0.962,0.962,0.962,0.954,0.954,-0.008,-0.8316,11346.42,1086.084
511260.SH,20190220,106.587,106.585,106.585,106.428,106.475,-0.112,-0.1051,5892.0,62745.245
511620.SH,20190220,99.973,99.985,99.99,99.975,99.978,0.005,0.005,12.31,123.074
511670.SH,20190220,100.007,100.007,100.008,100.0,100.005,-0.002,-0.002,1224.02,12240.947
501303.SH,20190220,0.888,0.891,0.891,0.881,0.881,-0.007,-0.7883,233.0,20.551
501039.SH,20190220,1.044,1.044,1.044,1.043,1.043,-0.001,-0.0958,341.11,35.589
501040.SH,20190220,1.044,1.043,1.044,1.043,1.044,0.0,0.0,4670.7,487.214
501043.SH,20190220,0.922,0.921,0.926,0.916,0.925,0.003,0.3254,7573.0,697.352
501045.SH,20190220,0.925,0.925,0.925,0.918,0.919,-0.006,-0.6486,915.31,84.373
160140.SZ,20190220,1.073,1.076,1.076,1.066,1.066,-0.007,-0.6524,409.0,43.858
501046.SH,20190220,0.98,0.978,0.987,0.97,0.986,0.006,0.6122,3998.52,390.351
510380.SH,20190220,0.869,0.863,0.863,0.863,0.863,-0.006,-0.6904,34.0,2.934
166024.SZ,20190220,0.85,0.853,0.853,0.846,0.85,0.0,0.0,25935.29,2203.476
501047.SH,20190220,0.88,0.88,0.88,0.868,0.87,-0.01,-1.1364,403.0,35.178
501048.SH,20190220,0.869,0.869,0.884,0.862,0.879,0.01,1.1507,409.8,35.811
159957.SZ,20190220,0.824,0.827,0.831,0.815,0.824,0.0,0.0,45249.08,3735.443
501049.SH,20190220,0.86,0.864,0.866,0.856,0.86,0.0,0.0,7733.55,664.08
501051.SH,20190220,0.895,0.903,0.907,0.896,0.907,0.012,1.3408,1939.54,174.322
501305.SH,20190220,0.941,0.946,0.946,0.933,0.944,0.003,0.3188,903.02,85.158
159958.SZ,20190220,0.816,0.816,0.821,0.804,0.815,-0.001,-0.1225,37709.0,3061.414
510800.SH,20190220,0.91,0.908,0.913,0.901,0.907,-0.003,-0.3297,33507.0,3038.396
512980.SH,20190220,0.719,0.718,0.72,0.708,0.718,-0.001,-0.1391,129120.0,9223.349
159954.SZ,20190220,0.984,0.989,0.994,0.982,0.985,0.001,0.1016,13209.03,1306.28
510390.SH,20190220,3.485,3.489,3.51,3.474,3.499,0.014,0.4017,53572.35,18730.189
161014.SZ,20190220,1.179,1.179,1.182,1.179,1.181,0.002,0.1696,4162.56,491.544
163417.SZ,20190220,0.87,0.872,0.874,0.866,0.871,0.001,0.1149,282123.83,24542.547
511310.SH,20190220,103.166,103.101,105.47,103.101,105.47,2.304,2.2333,4.1,42.748
159956.SZ,20190220,0.792,0.792,0.794,0.783,0.79,-0.002,-0.2525,3851.02,303.369
501054.SH,20190220,0.85,0.851,0.853,0.845,0.853,0.003,0.3529,88355.06,7511.293
162416.SZ,20190220,1.022,1.023,1.03,1.023,1.028,0.006,0.5871,3576.52,367.497
510590.SH,20190220,4.739,4.744,4.758,4.71,4.744,0.005,0.1055,48616.34,23036.962
169106.SZ,20190220,1.005,1.006,1.007,1.002,1.007,0.002,0.199,18828.41,1891.35
512160.SH,20190220,0.943,0.942,0.949,0.939,0.946,0.003,0.3181,617047.0,58342.421
512520.SH,20190220,0.925,0.926,0.933,0.921,0.927,0.002,0.2162,178544.24,16552.826
512180.SH,20190220,0.921,0.922,0.928,0.919,0.925,0.004,0.4343,1010299.0,93364.623
512780.SH,20190220,0.746,0.745,0.752,0.743,0.752,0.006,0.8043,6992.0,522.461
513900.SH,20190220,0.975,0.983,0.983,0.973,0.973,-0.002,-0.2051,366.0,35.821
512280.SH,20190220,0.921,0.921,0.927,0.918,0.925,0.004,0.4343,1767619.0,163335.145
501057.SH,20190220,0.837,0.838,0.876,0.838,0.857,0.02,2.3895,3433.67,290.681
501058.SH,20190220,0.839,0.83,0.85,0.83,0.849,0.01,1.1919,453.71,38.313
512090.SH,20190220,0.941,0.942,0.947,0.936,0.944,0.003,0.3188,1014222.0,95612.291
512360.SH,20190220,0.955,0.955,0.964,0.953,0.957,0.002,0.2094,52801.0,5058.441
161039.SZ,20190220,0.94,0.94,0.941,0.933,0.941,0.001,0.1064,281.0,26.275
512770.SH,20190220,0.952,0.954,0.954,0.939,0.945,-0.007,-0.7353,4445.0,420.532
164824.SZ,20190220,0.915,0.912,0.912,0.9,0.904,-0.011,-1.2022,1009.01,91.263
512390.SH,20190220,0.906,0.906,0.914,0.906,0.911,0.005,0.5519,2359.0,213.933
510600.SH,20190220,2.56,2.557,2.575,2.54,2.563,0.003,0.1172,5099.97,1306.678
511270.SH,20190220,102.54,102.52,102.805,102.52,102.735,0.195,0.1902,3458.2,35511.803
512850.SH,20190220,1.032,1.027,1.034,1.023,1.029,-0.003,-0.2907,9729.75,1000.819
512820.SH,20190220,1.016,1.019,1.024,1.013,1.016,0.0,0.0,1047511.0,106593.019
501060.SH,20190220,1.039,1.056,1.056,1.038,1.038,-0.001,-0.0962,510.0,53.182
501061.SH,20190220,1.035,1.039,1.04,1.037,1.038,0.003,0.2899,1635.86,169.93
501062.SH,20190220,0.917,0.916,0.919,0.912,0.917,0.0,0.0,39699.74,3630.536
512860.SH,20190220,1.093,1.093,1.1,1.093,1.099,0.006,0.5489,17879.66,1963.252
501309.SH,20190220,1.032,1.039,1.042,1.03,1.03,-0.002,-0.1938,400.82,41.672
501310.SH,20190220,1.059,1.058,1.058,1.045,1.052,-0.007,-0.661,1516.14,158.622
512960.SH,20190220,0.983,0.983,0.986,0.979,0.985,0.002,0.2035,807145.38,79346.196
512950.SH,20190220,0.99,0.99,0.996,0.986,0.993,0.003,0.303,213794.31,21184.177
159959.SZ,20190220,1.028,1.025,1.032,1.023,1.03,0.002,0.1946,610313.31,62658.004
159960.SZ,20190220,1.01,1.02,1.026,1.018,1.018,0.008,0.7921,5302.0,542.829
161132.SZ,20190220,0.952,0.957,0.957,0.945,0.951,-0.001,-0.105,3106.0,295.118
512920.SH,20190220,1.056,1.056,1.065,1.056,1.063,0.007,0.6629,28527.0,3030.73
512040.SH,20190220,1.043,1.043,1.051,1.039,1.047,0.004,0.3835,380424.97,39824.745
502020.SH,20190220,0.895,0.874,0.874,0.874,0.874,-0.021,-2.3464,0.05,0.004
502021.SH,20190220,0.98,0.982,0.982,0.98,0.98,0.0,0.0,130.0,12.746
502022.SH,20190220,0.837,0.757,0.81,0.757,0.81,-0.027,-3.2258,392.99,29.849
150275.SZ,20190220,0.971,0.971,0.971,0.971,0.971,0.0,0.0,1985.0,192.743
150276.SZ,20190220,1.09,1.09,1.136,1.053,1.098,0.008,0.7339,792.92,85.162
150269.SZ,20190220,0.97,0.969,0.97,0.968,0.97,0.0,0.0,16916.67,1639.82
150270.SZ,20190220,1.112,1.115,1.136,1.069,1.094,-0.018,-1.6187,105487.26,11654.442
150259.SZ,20190220,0.988,0.992,0.992,0.992,0.992,0.004,0.4049,89.0,8.828
150260.SZ,20190220,0.762,0.835,0.835,0.721,0.78,0.018,2.3622,386.77,30.031
150257.SZ,20190220,0.994,0.993,0.993,0.993,0.993,-0.001,-0.1006,50.0,4.965
150258.SZ,20190220,0.731,0.721,0.763,0.721,0.763,0.032,4.3776,56.0,4.041
150255.SZ,20190220,0.998,0.998,0.998,0.998,0.998,0.0,0.0,598.0,59.68
150256.SZ,20190220,0.811,0.783,0.886,0.781,0.788,-0.023,-2.836,719.0,61.878
150279.SZ,20190220,0.988,0.99,0.99,0.99,0.99,0.002,0.2024,241.54,23.912
150280.SZ,20190220,1.098,1.101,1.101,1.101,1.101,0.003,0.2732,281.54,30.997
150277.SZ,20190220,0.983,0.982,0.982,0.982,0.982,-0.001,-0.1017,1070.74,105.146
150278.SZ,20190220,0.741,0.741,0.748,0.735,0.74,-0.001,-0.135,580.0,42.932
159941.SZ,20190220,1.549,1.55,1.55,1.543,1.544,-0.005,-0.3228,1247.0,192.554
150272.SZ,20190220,0.8,0.8,0.8,0.78,0.78,-0.02,-2.5,63.0,4.94
150268.SZ,20190220,0.94,0.94,0.953,0.92,0.94,0.0,0.0,637.72,59.364
160806.SZ,20190220,1.241,1.247,1.248,1.24,1.241,0.0,0.0,280.37,34.778
150281.SZ,20190220,0.983,0.98,0.982,0.98,0.982,-0.001,-0.1017,969.14,95.019
150282.SZ,20190220,0.549,0.58,0.58,0.51,0.543,-0.006,-1.0929,5035.0,265.684
150293.SZ,20190220,0.995,0.99,0.99,0.99,0.99,-0.005,-0.5025,20.0,1.98
150294.SZ,20190220,0.51,0.47,0.554,0.47,0.554,0.044,8.6275,162.12,7.654
150243.SZ,20190220,0.973,0.974,0.975,0.973,0.973,0.0,0.0,13665.71,1331.058
150244.SZ,20190220,0.946,0.946,0.96,0.92,0.946,0.0,0.0,40635.4,3811.973
150295.SZ,20190220,0.988,0.985,0.986,0.985,0.986,-0.002,-0.2024,3484.3,343.224
150296.SZ,20190220,0.668,0.668,0.689,0.668,0.675,0.007,1.0479,1800.75,121.291
150287.SZ,20190220,0.989,0.987,0.988,0.986,0.987,-0.002,-0.2022,8813.51,870.685
150288.SZ,20190220,0.929,0.925,0.969,0.918,0.938,0.009,0.9688,49120.61,4664.654
150289.SZ,20190220,0.989,0.99,0.99,0.988,0.988,-0.001,-0.1011,19788.0,1955.061
150290.SZ,20190220,0.758,0.758,0.79,0.756,0.775,0.017,2.2427,181397.46,14042.859
150301.SZ,20190220,0.99,0.984,0.986,0.984,0.986,-0.004,-0.404,87.26,8.599
150302.SZ,20190220,1.751,1.738,1.756,1.7,1.755,0.004,0.2284,708.3,121.759
150299.SZ,20190220,0.99,0.989,0.99,0.988,0.989,-0.001,-0.101,41940.0,4146.064
150300.SZ,20190220,0.626,0.629,0.636,0.622,0.623,-0.003,-0.4792,31907.84,1999.228
150315.SZ,20190220,0.973,0.974,0.974,0.974,0.974,0.001,0.1028,197.0,19.187
150316.SZ,20190220,1.113,1.132,1.132,1.082,1.093,-0.02,-1.7969,315.82,34.504
150291.SZ,20190220,0.991,0.987,0.987,0.987,0.987,-0.004,-0.4036,1.0,0.098
150292.SZ,20190220,0.664,0.658,0.66,0.658,0.66,-0.004,-0.6024,505.0,33.323
150237.SZ,20190220,0.983,0.987,0.988,0.987,0.987,0.004,0.4069,240.0,23.694
150238.SZ,20190220,0.519,0.516,0.524,0.472,0.524,0.005,0.9634,1916.23,95.34
150245.SZ,20190220,0.972,0.98,0.98,0.98,0.98,0.008,0.823,0.26,0.025
150246.SZ,20190220,0.647,0.635,0.687,0.635,0.681,0.034,5.255,3208.0,215.312
150283.SZ,20190220,0.994,0.993,0.993,0.992,0.993,-0.001,-0.1006,9782.0,971.31
150284.SZ,20190220,0.538,0.515,0.54,0.513,0.54,0.002,0.3717,984.0,51.116
150308.SZ,20190220,1.023,0.926,1.124,0.926,1.124,0.101,9.8729,2.16,0.239
502006.SH,20190220,0.908,0.91,0.91,0.901,0.91,0.002,0.2203,595.5,53.729
502008.SH,20190220,0.829,0.802,0.836,0.8,0.812,-0.017,-2.0507,1165.48,94.861
150305.SZ,20190220,0.97,0.977,0.977,0.977,0.977,0.007,0.7216,20.0,1.954
150306.SZ,20190220,0.9,0.92,0.92,0.9,0.902,0.002,0.2222,228.49,20.647
150309.SZ,20190220,0.985,0.985,0.985,0.985,0.985,0.0,0.0,140.0,13.79
150310.SZ,20190220,1.199,1.108,1.151,1.108,1.142,-0.057,-4.754,8.07,0.919
501000.SH,20190220,0.945,0.97,0.97,0.97,0.97,0.025,2.6455,1.0,0.097
150321.SZ,20190220,1.035,1.036,1.036,1.033,1.033,-0.002,-0.1932,5114.54,529.291
150322.SZ,20190220,0.705,0.705,0.717,0.705,0.716,0.011,1.5603,3807.0,271.382
150312.SZ,20190220,1.158,1.154,1.154,1.154,1.154,-0.004,-0.3454,147.0,16.963
501001.SH,20190220,1.014,1.021,1.021,1.014,1.019,0.005,0.4931,1291.0,131.494
512330.SH,20190220,0.656,0.652,0.655,0.643,0.654,-0.002,-0.3049,7946.0,515.995
159945.SZ,20190220,0.635,0.628,0.634,0.626,0.634,-0.001,-0.1575,2829.16,177.661
159944.SZ,20190220,0.677,0.677,0.685,0.67,0.684,0.007,1.034,1235.0,84.429
150297.SZ,20190220,1.011,1.009,1.009,1.006,1.009,-0.002,-0.1978,226.0,22.744
150298.SZ,20190220,0.992,1.001,1.018,1.001,1.018,0.026,2.621,163.79,16.449
502036.SH,20190220,0.782,0.781,0.781,0.762,0.773,-0.009,-1.1509,1708.65,130.337
502037.SH,20190220,0.988,0.985,0.988,0.984,0.987,-0.001,-0.1012,663.0,65.36
502038.SH,20190220,0.682,0.628,0.628,0.614,0.614,-0.068,-9.9707,1076.0,67.557
150328.SZ,20190220,0.699,0.631,0.698,0.631,0.698,-0.001,-0.1431,261.0,16.475
150325.SZ,20190220,0.981,0.98,0.985,0.98,0.983,0.002,0.2039,327.31,32.171
150326.SZ,20190220,1.22,1.163,1.163,1.129,1.129,-0.091,-7.459,78.31,9.055
150323.SZ,20190220,0.982,0.987,0.987,0.981,0.981,-0.001,-0.1018,645.15,63.563
150324.SZ,20190220,0.508,0.473,0.508,0.473,0.508,0.0,0.0,1322.15,63.74
150336.SZ,20190220,0.588,0.564,0.598,0.564,0.591,0.003,0.5102,2540.0,149.791
502010.SH,20190220,0.963,0.964,0.986,0.947,0.966,0.003,0.3115,10328.02,988.718
502012.SH,20190220,0.928,0.928,0.958,0.902,0.932,0.004,0.431,75648.43,7015.051
502011.SH,20190220,0.99,0.986,0.99,0.986,0.988,-0.002,-0.202,25335.0,2503.372
502003.SH,20190220,1.129,1.148,1.148,1.118,1.13,0.001,0.0886,351.5,39.781
502004.SH,20190220,0.979,0.979,0.979,0.974,0.974,-0.005,-0.5107,1435.5,139.977
502005.SH,20190220,1.268,1.241,1.3,1.241,1.29,0.022,1.735,6122.01,783.794
168101.SZ,20190220,0.851,0.849,0.854,0.849,0.854,0.003,0.3525,7186.55,611.097
150303.SZ,20190220,0.99,0.988,0.989,0.987,0.987,-0.003,-0.303,22300.39,2203.902
150304.SZ,20190220,0.83,0.83,0.836,0.802,0.822,-0.008,-0.9639,52155.85,4254.23
502023.SH,20190220,0.818,0.8,0.825,0.796,0.824,0.006,0.7335,874.11,70.638
502024.SH,20190220,0.986,0.984,0.984,0.984,0.984,-0.002,-0.2028,983.5,96.776
502025.SH,20190220,0.722,0.65,0.698,0.65,0.698,-0.024,-3.3241,2125.5,138.354
150329.SZ,20190220,0.969,0.969,0.97,0.968,0.97,0.001,0.1032,1619.0,156.781
150330.SZ,20190220,1.302,1.302,1.329,1.29,1.324,0.022,1.6897,24982.51,3266.028
184801.SZ,20190220,94.501,94.8,95.877,94.506,94.6,0.099,0.1048,23.0,218.268
502056.SH,20190220,0.914,0.905,0.921,0.896,0.921,0.007,0.7659,139.82,12.622
502057.SH,20190220,1.194,1.075,1.075,1.075,1.075,-0.119,-9.9665,38.0,4.085
502058.SH,20190220,0.83,0.8,0.8,0.8,0.8,-0.03,-3.6145,50.0,4.0
511830.SH,20190220,99.996,99.994,99.998,99.994,99.997,0.001,0.001,776.02,7759.911
150344.SZ,20190220,1.727,1.753,1.753,1.688,1.709,-0.018,-1.0423,129.12,21.953
150343.SZ,20190220,0.985,0.985,0.985,0.985,0.985,0.0,0.0,1025.5,101.011
510360.SH,20190220,1.101,1.103,1.11,1.096,1.106,0.005,0.4541,475332.0,52456.384
502053.SH,20190220,1.258,1.257,1.257,1.193,1.226,-0.032,-2.5437,1150.01,140.189
502054.SH,20190220,0.983,0.983,1.0,0.979,0.986,0.003,0.3052,6886.0,678.737
502055.SH,20190220,1.548,1.447,1.545,1.447,1.468,-0.08,-5.168,10317.99,1520.216
161226.SZ,20190220,0.799,0.805,0.806,0.799,0.799,0.0,0.0,52775.0,4236.119
167501.SZ,20190220,1.236,1.235,1.235,1.231,1.235,-0.001,-0.0809,15302.26,1888.703
510580.SH,20190220,4.722,4.722,4.722,4.679,4.68,-0.042,-0.8895,683.0,320.243
161227.SZ,20190220,0.842,0.844,0.849,0.837,0.847,0.005,0.5938,7608.93,641.963
511980.SH,20190220,99.998,99.994,100.0,99.994,100.0,0.002,0.002,730.12,7300.937
511900.SH,20190220,100.001,99.995,100.001,99.995,100.001,0.0,0.0,2696.06,26960.207
512220.SH,20190220,1.147,1.132,1.132,1.118,1.12,-0.027,-2.354,2282.0,256.866
150186.SZ,20190220,0.988,0.987,0.987,0.985,0.986,-0.002,-0.2024,2217.49,218.657
150187.SZ,20190220,0.97,0.94,0.988,0.94,0.975,0.005,0.5155,3964.18,385.638
160133.SZ,20190220,2.091,2.086,2.107,2.086,2.105,0.014,0.6695,769.87,161.387
150188.SZ,20190220,0.998,0.998,0.998,0.996,0.998,0.0,0.0,10007.33,998.386
150189.SZ,20190220,0.661,0.675,0.688,0.643,0.651,-0.01,-1.5129,397.03,27.098
513030.SH,20190220,0.966,0.966,0.967,0.961,0.966,0.0,0.0,5760.4,555.093
159937.SZ,20190220,2.882,2.904,2.912,2.897,2.898,0.016,0.5552,578933.08,168057.055
150190.SZ,20190220,0.983,0.978,0.978,0.978,0.978,-0.005,-0.5086,0.07,0.006
150191.SZ,20190220,1.367,1.253,1.344,1.253,1.299,-0.068,-4.9744,452.59,58.686
150194.SZ,20190220,0.97,0.969,0.971,0.969,0.97,0.0,0.0,28151.36,2730.705
150195.SZ,20190220,0.645,0.652,0.653,0.616,0.634,-0.011,-1.7054,218523.29,13879.611
150192.SZ,20190220,1.003,1.035,1.035,1.034,1.034,0.031,3.0907,611.0,63.237
150193.SZ,20190220,0.867,0.843,0.9,0.843,0.888,0.021,2.4221,10812.58,950.622
169101.SZ,20190220,1.319,1.321,1.334,1.321,1.334,0.015,1.1372,55291.5,7339.734
150199.SZ,20190220,1.371,1.362,1.393,1.351,1.36,-0.011,-0.8023,4128.15,563.334
505888.SH,20190220,1.0,0.998,1.002,0.997,0.999,-0.001,-0.1,331850.0,33147.664
512300.SH,20190220,0.928,0.927,0.927,0.913,0.922,-0.006,-0.6466,11415.0,1051.254
511220.SH,20190220,96.0,95.81,96.023,95.7,96.023,0.023,0.024,393.24,3774.84
150200.SZ,20190220,0.97,0.97,0.971,0.968,0.97,0.0,0.0,361364.1,35041.885
150201.SZ,20190220,0.963,0.961,1.002,0.951,0.977,0.014,1.4538,3193323.81,311137.951
150205.SZ,20190220,0.975,0.975,0.975,0.974,0.974,-0.001,-0.1026,337299.47,32866.05
150206.SZ,20190220,0.506,0.498,0.524,0.483,0.496,-0.01,-1.9763,1415019.86,70662.852
159938.SZ,20190220,1.116,1.113,1.113,1.091,1.104,-0.012,-1.0753,569537.54,62774.865
150207.SZ,20190220,0.999,1.006,1.006,1.006,1.006,0.007,0.7007,52.0,5.231
150208.SZ,20190220,1.221,1.11,1.204,1.11,1.201,-0.02,-1.638,153.92,18.501
160813.SZ,20190220,0.702,0.702,0.702,0.696,0.696,-0.006,-0.8547,927.26,64.647
150173.SZ,20190220,0.986,0.986,0.986,0.985,0.985,-0.001,-0.1014,806.0,79.466
150174.SZ,20190220,0.899,0.918,0.918,0.851,0.883,-0.016,-1.7798,943.0,80.665
511810.SH,20190220,100.0,99.996,100.0,99.995,100.0,0.0,0.0,85976.91,859743.749
511860.SH,20190220,99.996,99.994,99.998,99.993,99.996,0.0,0.0,1463.74,14636.766
150204.SZ,20190220,0.819,0.789,0.817,0.78,0.8,-0.019,-2.3199,4144.91,326.603
150203.SZ,20190220,0.972,0.974,0.974,0.969,0.973,0.001,0.1029,3047.0,295.968
511800.SH,20190220,99.998,100.005,100.005,99.995,99.997,-0.001,-0.001,1094.19,10941.696
150209.SZ,20190220,0.971,0.97,0.972,0.97,0.972,0.001,0.103,67528.0,6557.829
150210.SZ,20190220,0.58,0.586,0.586,0.57,0.578,-0.002,-0.3448,98200.45,5679.411
160618.SZ,20190220,1.284,1.284,1.285,1.284,1.284,0.0,0.0,3494.0,448.739
513660.SH,20190220,2.55,2.557,2.56,2.539,2.555,0.005,0.1961,21087.0,5382.193
513600.SH,20190220,2.566,2.566,2.591,2.542,2.591,0.025,0.9743,2154.0,557.939
159005.SZ,20190220,100.0,100.0,100.001,99.999,100.0,0.0,0.0,16091.0,160909.986
159939.SZ,20190220,0.902,0.891,0.897,0.872,0.897,-0.005,-0.5543,157364.0,13885.218
169102.SZ,20190220,1.042,1.048,1.05,1.041,1.049,0.007,0.6718,5600.0,585.474
160919.SZ,20190220,1.071,1.076,1.078,1.063,1.078,0.007,0.6536,514.0,55.115
161222.SZ,20190220,1.047,1.09,1.113,1.09,1.1,0.053,5.0621,1202.13,132.002
512990.SH,20190220,1.012,1.012,1.019,1.007,1.016,0.004,0.3953,154069.0,15622.941
159940.SZ,20190220,0.887,0.88,0.889,0.88,0.885,-0.002,-0.2255,1541.0,136.356
150214.SZ,20190220,1.111,1.11,1.127,1.098,1.098,-0.013,-1.1701,731.34,81.941
150216.SZ,20190220,0.748,0.76,0.764,0.678,0.747,-0.001,-0.1337,12411.98,918.771
161716.SZ,20190220,1.229,1.228,1.246,1.228,1.237,0.008,0.6509,5176.63,638.759
150135.SZ,20190220,0.996,0.994,0.994,0.994,0.994,-0.002,-0.2008,322.0,32.006
150136.SZ,20190220,0.829,0.819,0.819,0.819,0.819,-0.01,-1.2063,22.0,1.801
150217.SZ,20190220,0.967,0.971,0.971,0.968,0.968,0.001,0.1034,1027.0,99.63
150218.SZ,20190220,0.96,0.914,0.997,0.911,0.98,0.02,2.0833,2449.73,234.508
160616.SZ,20190220,1.025,1.025,1.033,1.013,1.013,-0.012,-1.1707,92.0,9.417
163001.SZ,20190220,0.789,0.777,0.777,0.775,0.775,-0.014,-1.7744,7.0,0.543
510130.SH,20190220,3.509,3.516,3.516,3.498,3.498,-0.011,-0.3135,51.0,17.93
510030.SH,20190220,4.809,4.824,4.85,4.806,4.829,0.02,0.4159,373.0,180.142
510090.SH,20190220,1.575,1.529,1.555,1.512,1.552,-0.023,-1.4603,294.0,44.942
150016.SZ,20190220,1.008,1.01,1.055,1.01,1.055,0.047,4.6627,14.8,1.499
150017.SZ,20190220,1.33,1.334,1.34,1.329,1.34,0.01,0.7519,2422.0,322.927
150012.SZ,20190220,1.113,1.112,1.113,1.112,1.113,0.0,0.0,179.0,19.922
150013.SZ,20190220,1.348,1.255,1.328,1.255,1.328,-0.02,-1.4837,638.0,80.344
150018.SZ,20190220,0.969,0.968,0.971,0.968,0.97,0.001,0.1032,717595.51,69565.922
150019.SZ,20190220,0.714,0.709,0.719,0.692,0.713,-0.001,-0.1401,3425827.76,242439.142
161713.SZ,20190220,1.028,1.03,1.03,1.028,1.028,0.0,0.0,60.0,6.179
165508.SZ,20190220,1.443,1.419,1.421,1.419,1.421,-0.022,-1.5246,9.0,1.277
160807.SZ,20190220,1.136,1.137,1.137,1.137,1.137,0.001,0.088,2.0,0.227
510070.SH,20190220,1.536,1.536,1.54,1.519,1.531,-0.005,-0.3255,11147.0,1707.563
160215.SZ,20190220,1.276,1.27,1.277,1.263,1.277,0.001,0.0784,1031.0,131.431
510160.SH,20190220,0.525,0.525,0.527,0.523,0.526,0.001,0.1905,6684.0,351.216
510110.SH,20190220,3.358,3.344,3.356,3.344,3.345,-0.013,-0.3871,32.0,10.704
160717.SZ,20190220,0.82,0.826,0.827,0.821,0.822,0.002,0.2439,5119.0,422.148
164105.SZ,20190220,1.325,1.34,1.358,1.34,1.348,0.023,1.7358,271.98,36.604
163407.SZ,20190220,1.715,1.718,1.718,1.706,1.715,0.0,0.0,7105.31,1218.864
159905.SZ,20190220,1.554,1.546,1.567,1.542,1.561,0.007,0.4505,33001.0,5137.116
510190.SH,20190220,3.127,3.135,3.138,3.107,3.133,0.006,0.1919,243.0,75.959
150022.SZ,20190220,0.744,0.742,0.747,0.741,0.743,-0.001,-0.1344,421985.74,31353.616
150023.SZ,20190220,0.182,0.182,0.183,0.178,0.183,0.001,0.5495,978291.67,17682.265
510170.SH,20190220,1.642,1.651,1.806,1.611,1.639,-0.003,-0.1827,607.03,101.131
161815.SZ,20190220,0.456,0.455,0.459,0.455,0.455,-0.001,-0.2193,4195.0,191.403
510150.SH,20190220,4.355,4.365,4.37,4.301,4.328,-0.027,-0.62,13497.0,5840.005
165510.SZ,20190220,0.731,0.737,0.737,0.722,0.729,-0.002,-0.2736,69.0,4.99
161213.SZ,20190220,1.378,1.362,1.362,1.362,1.362,-0.016,-1.1611,6.0,0.817
159906.SZ,20190220,0.738,0.738,0.738,0.722,0.738,0.0,0.0,5457.0,400.177
510220.SH,20190220,3.585,3.548,3.683,3.548,3.59,0.005,0.1395,591.66,213.105
510210.SH,20190220,3.291,3.295,3.301,3.282,3.299,0.008,0.2431,1083.0,356.549
161714.SZ,20190220,1.0,0.996,1.005,0.991,0.995,-0.005,-0.5,57.0,5.693
166009.SZ,20190220,1.553,1.537,1.54,1.537,1.54,-0.013,-0.8371,17.0,2.617
150028.SZ,20190220,0.97,0.962,0.97,0.962,0.967,-0.003,-0.3093,1101.72,106.486
150029.SZ,20190220,1.005,0.99,1.003,0.96,1.0,-0.005,-0.4975,1657.59,160.939
161907.SZ,20190220,1.549,1.55,1.55,1.55,1.55,0.001,0.0646,6.0,0.93
150031.SZ,20190220,0.789,0.784,0.829,0.784,0.829,0.04,5.0697,258.0,20.353
150030.SZ,20190220,1.03,0.987,0.987,0.987,0.987,-0.043,-4.1748,0.14,0.013
150032.SZ,20190220,1.032,1.021,1.032,1.021,1.032,0.0,0.0,2.0,0.205
150033.SZ,20190220,1.077,0.969,0.969,0.969,0.969,-0.108,-10.0279,1.0,0.096
161216.SZ,20190220,1.123,1.132,1.212,1.13,1.133,0.01,0.8905,1324.78,150.205
510230.SH,20190220,5.311,5.317,5.355,5.295,5.336,0.025,0.4707,177356.0,94300.443
510260.SH,20190220,1.017,1.043,1.043,0.993,1.016,-0.001,-0.0983,362.0,36.778
161116.SZ,20190220,0.715,0.728,0.728,0.718,0.72,0.005,0.6993,3612.0,260.739
163409.SZ,20190220,1.404,1.403,1.412,1.403,1.412,0.008,0.5698,171.03,24.058
160512.SZ,20190220,1.543,1.533,1.552,1.533,1.546,0.003,0.1944,151.06,23.284
159908.SZ,20190220,1.211,1.212,1.214,1.193,1.209,-0.002,-0.1652,6641.0,800.772
159907.SZ,20190220,1.118,1.11,1.123,1.106,1.119,0.001,0.0894,2040.0,228.049
163110.SZ,20190220,1.555,1.555,1.555,1.539,1.55,-0.005,-0.3215,260.0,40.168
159909.SZ,20190220,3.957,3.951,3.985,3.923,3.963,0.006,0.1516,2285.0,901.2
510270.SH,20190220,1.02,1.033,1.033,1.016,1.026,0.006,0.5882,246.0,25.342
161217.SZ,20190220,0.602,0.608,0.613,0.607,0.61,0.008,1.3289,97.0,5.911
165512.SZ,20190220,1.785,1.747,1.747,1.747,1.747,-0.038,-2.1289,3.0,0.524
159910.SZ,20190220,1.583,1.583,1.599,1.582,1.595,0.012,0.7581,6217.0,990.028
162712.SZ,20190220,1.442,1.441,1.441,1.441,1.441,-0.001,-0.0693,962.0,138.624
160719.SZ,20190220,0.716,0.72,0.728,0.72,0.724,0.008,1.1173,7472.0,541.558
159911.SZ,20190220,3.296,3.314,3.314,3.293,3.297,0.001,0.0303,710.0,234.496
164606.SZ,20190220,1.122,1.104,1.104,1.104,1.104,-0.018,-1.6043,54.67,6.035
164701.SZ,20190220,0.612,0.617,0.62,0.615,0.617,0.005,0.817,1360.74,83.931
160415.SZ,20190220,1.058,1.057,1.057,1.038,1.038,-0.02,-1.8904,72.54,7.577
159915.SZ,20190220,1.346,1.346,1.357,1.33,1.348,0.002,0.1486,6955761.04,934374.648
159916.SZ,20190220,3.439,3.441,3.485,3.441,3.47,0.031,0.9014,1831.0,635.089
159912.SZ,20190220,1.107,1.106,1.122,1.1,1.117,0.01,0.9033,5834.0,648.051
510290.SH,20190220,1.266,1.266,1.268,1.258,1.268,0.002,0.158,636.0,80.163
160125.SZ,20190220,1.02,1.034,1.034,1.019,1.032,0.012,1.1765,8.0,0.821
159913.SZ,20190220,1.599,1.608,1.624,1.563,1.61,0.011,0.6879,821.43,132.513
163208.SZ,20190220,0.832,0.834,0.834,0.834,0.834,0.002,0.2404,13.0,1.084
161017.SZ,20190220,1.615,1.617,1.617,1.602,1.616,0.001,0.0619,11194.03,1802.385
162411.SZ,20190220,0.52,0.517,0.518,0.514,0.515,-0.005,-0.9615,1207250.74,62271.16
150048.SZ,20190220,0.9,0.86,0.9,0.86,0.9,0.0,0.0,69.34,6.149
150053.SZ,20190220,0.979,0.966,0.979,0.966,0.978,-0.001,-0.1021,499.0,48.742
150054.SZ,20190220,0.755,0.682,0.827,0.682,0.805,0.05,6.6225,1434.2,110.161
150065.SZ,20190220,0.666,0.666,0.666,0.666,0.666,0.0,0.0,1.95,0.129
150060.SZ,20190220,0.82,0.839,0.84,0.82,0.82,0.0,0.0,896.0,73.916
165513.SZ,20190220,0.395,0.396,0.398,0.395,0.395,0.0,0.0,2232.0,88.485
161219.SZ,20190220,1.212,1.214,1.214,1.208,1.208,-0.004,-0.33,12.0,1.455
150066.SZ,20190220,0.981,0.969,0.969,0.969,0.969,-0.012,-1.2232,1.0,0.096
150051.SZ,20190220,0.972,0.97,0.972,0.97,0.972,0.0,0.0,12508.08,1214.453
150052.SZ,20190220,0.609,0.611,0.619,0.596,0.607,-0.002,-0.3284,60504.59,3676.11
150056.SZ,20190220,0.977,0.95,0.978,0.95,0.978,0.001,0.1024,6.0,0.575
161614.SZ,20190220,1.072,1.073,1.073,1.073,1.073,0.001,0.0933,4.0,0.429
150049.SZ,20190220,1.009,1.01,1.01,1.009,1.009,0.0,0.0,2992.0,301.898
150050.SZ,20190220,0.569,0.584,0.6,0.561,0.578,0.009,1.5817,2795.0,158.365
159918.SZ,20190220,1.256,1.265,1.266,1.25,1.262,0.006,0.4777,958.0,120.86
160416.SZ,20190220,1.002,1.003,1.009,1.003,1.003,0.001,0.0998,1933.0,193.94
163412.SZ,20190220,3.0,2.971,3.005,2.971,3.001,0.001,0.0333,9044.34,2708.679
510410.SH,20190220,0.607,0.607,0.625,0.607,0.614,0.007,1.1532,38274.87,2353.496
160216.SZ,20190220,0.459,0.456,0.459,0.456,0.459,0.0,0.0,11767.0,538.722
150084.SZ,20190220,0.85,0.765,0.935,0.765,0.935,0.085,10.0,11.0,0.858
159919.SZ,20190220,3.426,3.425,3.448,3.412,3.435,0.009,0.2627,1007461.76,346229.008
510300.SH,20190220,3.429,3.437,3.453,3.415,3.438,0.009,0.2625,6116144.99,2102498.557
161019.SZ,20190220,1.023,1.025,1.025,1.025,1.025,0.002,0.1955,455.0,46.637
163821.SZ,20190220,1.223,1.216,1.216,1.216,1.216,-0.007,-0.5724,0.45,0.054
160128.SZ,20190220,1.06,1.062,1.062,1.061,1.062,0.002,0.1887,611.0,64.876
164810.SZ,20190220,0.998,0.996,0.996,0.996,0.996,-0.002,-0.2004,29.0,2.888
150104.SZ,20190220,0.984,0.984,0.984,0.984,0.984,0.0,0.0,103.0,10.135
150105.SZ,20190220,1.286,1.405,1.415,1.162,1.162,-0.124,-9.6423,206.01,26.618
161117.SZ,20190220,1.079,1.043,1.08,1.043,1.08,0.001,0.0927,11.0,1.184
164702.SZ,20190220,1.05,1.048,1.054,1.048,1.048,-0.002,-0.1905,6.0,0.63
159920.SZ,20190220,1.484,1.489,1.492,1.478,1.483,-0.001,-0.0674,3823616.6,567906.032
510900.SH,20190220,1.198,1.199,1.206,1.192,1.196,-0.002,-0.1669,13483249.37,1617395.627
161820.SZ,20190220,1.112,1.103,1.113,1.102,1.113,0.001,0.0899,1434.43,158.196
510430.SH,20190220,1.366,1.37,1.375,1.37,1.375,0.009,0.6589,37.0,5.078
160916.SZ,20190220,2.469,2.46,2.479,2.46,2.466,-0.003,-0.1215,542.81,134.095
150092.SZ,20190220,0.974,0.978,0.978,0.973,0.973,-0.001,-0.1027,788.0,76.847
150093.SZ,20190220,0.499,0.498,0.498,0.473,0.48,-0.019,-3.8076,777.15,37.819
510440.SH,20190220,1.4,1.4,1.486,1.377,1.394,-0.006,-0.4286,2805.0,407.22
150094.SZ,20190220,0.983,0.981,0.981,0.981,0.981,-0.002,-0.2035,98.0,9.613
150095.SZ,20190220,0.854,0.933,0.933,0.825,0.899,0.045,5.2693,118.0,9.792
150106.SZ,20190220,1.028,1.026,1.028,1.025,1.027,-0.001,-0.0973,453188.68,46551.482
150107.SZ,20190220,0.654,0.629,0.637,0.603,0.617,-0.037,-5.6575,900131.96,55761.032
150101.SZ,20190220,0.845,0.865,0.93,0.865,0.881,0.036,4.2604,3822.67,345.136
161119.SZ,20190220,1.35,1.351,1.352,1.348,1.348,-0.002,-0.1481,55.84,7.538
163415.SZ,20190220,1.565,1.562,1.567,1.547,1.56,-0.005,-0.3195,2334.47,362.536
