ts_code,trade_date,pre_close,open,high,low,close,change,pct_chg,vol,amount
166001.SZ,20190301,1.032,1.037,1.047,1.037,1.047,0.015,1.4535,705.02,73.542
160611.SZ,20190301,0.734,0.737,0.74,0.736,0.74,0.006,0.8174,428.17,31.559
160314.SZ,20190301,0.936,0.936,0.946,0.93,0.943,0.007,0.7479,1367.57,128.288
160613.SZ,20190301,1.211,1.211,1.216,1.211,1.216,0.005,0.4129,101.0,12.232
161010.SZ,20190301,1.055,1.057,1.061,1.055,1.061,0.006,0.5687,2747.0,290.945
160615.SZ,20190301,1.522,1.522,1.554,1.522,1.554,0.032,2.1025,430.38,66.011
161810.SZ,20190301,1.527,1.525,1.57,1.525,1.566,0.039,2.554,17702.79,2738.976
510060.SH,20190301,1.87,1.88,1.89,1.853,1.89,0.02,1.0695,6740.04,1268.783
160119.SZ,20190301,1.274,1.278,1.286,1.27,1.286,0.012,0.9419,15021.93,1917.0
510010.SH,20190301,1.135,1.123,1.154,1.115,1.152,0.017,1.4978,1514.0,170.847
162307.SZ,20190301,1.264,1.279,1.287,1.279,1.287,0.023,1.8196,9.0,1.155
165309.SZ,20190301,1.154,1.159,1.17,1.159,1.17,0.016,1.3865,643.18,74.968
160211.SZ,20190301,1.868,1.868,1.893,1.838,1.893,0.025,1.3383,3406.65,640.49
162711.SZ,20190301,1.088,1.093,1.094,1.079,1.09,0.002,0.1838,584.22,63.695
150008.SZ,20190301,1.205,1.185,1.205,1.185,1.205,0.0,0.0,2.7,0.321
150009.SZ,20190301,1.13,1.13,1.148,1.13,1.148,0.018,1.5929,916.0,104.414
159903.SZ,20190301,0.982,0.982,0.998,0.978,0.995,0.013,1.3238,35227.69,3475.423
150146.SZ,20190301,0.763,0.785,0.807,0.76,0.788,0.025,3.2765,1561.24,122.22
166904.SZ,20190301,1.059,1.057,1.13,1.057,1.066,0.007,0.661,351.0,39.533
150143.SZ,20190301,0.973,0.973,0.973,0.972,0.973,0.0,0.0,913.0,88.814
150144.SZ,20190301,1.26,1.259,1.259,1.206,1.235,-0.025,-1.9841,1131.46,138.88
159929.SZ,20190301,1.41,1.416,1.424,1.382,1.41,0.0,0.0,109703.0,15348.958
159928.SZ,20190301,2.251,2.259,2.321,2.257,2.32,0.069,3.0653,75714.04,17291.852
159930.SZ,20190301,0.766,0.763,0.763,0.73,0.749,-0.017,-2.2193,34122.09,2524.756
159931.SZ,20190301,1.68,1.69,1.71,1.658,1.706,0.026,1.5476,35655.0,5988.258
150148.SZ,20190301,0.98,0.976,0.99,0.93,0.99,0.01,1.0204,187.78,18.582
150149.SZ,20190301,0.594,0.595,0.604,0.581,0.604,0.01,1.6835,31652.65,1866.009
160515.SZ,20190301,1.059,1.059,1.06,1.059,1.06,0.001,0.0944,3469.69,367.477
150130.SZ,20190301,0.986,0.986,0.988,0.985,0.985,-0.001,-0.1014,159853.87,15767.655
150131.SZ,20190301,1.335,1.351,1.371,1.317,1.355,0.02,1.4981,546127.83,73266.694
150150.SZ,20190301,0.969,0.972,0.973,0.972,0.973,0.004,0.4128,526.0,51.134
150151.SZ,20190301,0.786,0.762,0.821,0.762,0.801,0.015,1.9084,1333.06,105.572
150152.SZ,20190301,0.987,0.986,0.995,0.986,0.991,0.004,0.4053,873684.76,86549.532
150153.SZ,20190301,1.027,1.044,1.068,1.019,1.066,0.039,3.7975,3735381.99,389452.108
159932.SZ,20190301,1.374,1.374,1.386,1.355,1.375,0.001,0.0728,838.77,115.227
512010.SH,20190301,1.564,1.581,1.588,1.554,1.577,0.013,0.8312,330372.78,51806.487
159933.SZ,20190301,1.972,1.975,2.02,1.97,2.0,0.028,1.4199,1005.42,199.733
150139.SZ,20190301,0.719,0.647,0.718,0.647,0.71,-0.009,-1.2517,237.0,15.374
510680.SH,20190301,2.254,2.246,2.35,2.246,2.35,0.096,4.2591,178.0,40.249
160915.SZ,20190301,1.17,1.091,1.112,1.091,1.112,-0.058,-4.9573,10.0,1.109
160131.SZ,20190301,1.06,1.061,1.061,1.061,1.061,0.001,0.0943,1000.0,106.1
159934.SZ,20190301,2.813,2.812,2.814,2.805,2.806,-0.007,-0.2488,267120.0,75038.626
513500.SH,20190301,1.728,1.732,1.744,1.731,1.743,0.015,0.8681,710911.27,123477.164
512120.SH,20190301,1.392,1.4,1.408,1.385,1.4,0.008,0.5747,22101.0,3082.758
150158.SZ,20190301,1.074,1.078,1.118,1.071,1.115,0.041,3.8175,48946.68,5368.995
159935.SZ,20190301,1.406,1.406,1.408,1.38,1.406,0.0,0.0,1669.0,232.698
160220.SZ,20190301,1.197,1.14,1.179,1.14,1.17,-0.027,-2.2556,392.37,46.218
150167.SZ,20190301,0.997,0.971,0.974,0.971,0.974,-0.023,-2.3069,3786.0,368.754
150170.SZ,20190301,1.379,1.371,1.384,1.371,1.383,0.004,0.2901,1295.47,178.755
150181.SZ,20190301,0.969,0.968,0.969,0.967,0.969,0.0,0.0,78535.85,7605.638
150182.SZ,20190301,1.393,1.357,1.445,1.357,1.422,0.029,2.0818,446335.07,62630.806
150177.SZ,20190301,0.967,0.965,0.967,0.963,0.967,0.0,0.0,13345.87,1290.057
150178.SZ,20190301,1.465,1.485,1.563,1.465,1.548,0.083,5.6655,17098.68,2593.198
150179.SZ,20190301,0.967,0.964,0.967,0.964,0.967,0.0,0.0,5085.62,491.144
150180.SZ,20190301,1.084,1.084,1.125,1.071,1.118,0.034,3.1365,8321.41,912.392
160812.SZ,20190301,1.321,1.324,1.327,1.315,1.325,0.004,0.3028,1242.01,164.554
150165.SZ,20190301,1.17,1.259,1.259,1.12,1.229,0.059,5.0427,824.2,98.224
160918.SZ,20190301,1.816,1.813,1.837,1.813,1.837,0.021,1.1564,539.0,98.073
161505.SZ,20190301,1.111,1.18,1.18,1.17,1.17,0.059,5.3105,19.0,2.233
150184.SZ,20190301,0.976,0.98,0.98,0.98,0.98,0.004,0.4098,1.95,0.191
150185.SZ,20190301,1.143,1.144,1.166,1.142,1.156,0.013,1.1374,17850.27,2063.473
159936.SZ,20190301,1.276,1.261,1.292,1.261,1.283,0.007,0.5486,1856.0,236.496
512600.SH,20190301,2.212,2.202,2.265,2.202,2.265,0.053,2.396,822.0,183.793
512610.SH,20190301,1.331,1.333,1.362,1.33,1.344,0.013,0.9767,974.0,131.665
512640.SH,20190301,1.897,1.934,1.943,1.924,1.943,0.046,2.4249,78.0,15.113
512070.SH,20190301,2.085,2.09,2.164,2.083,2.159,0.074,3.5492,94755.0,20176.837
512220.SH,20190301,1.208,1.208,1.219,1.192,1.218,0.01,0.8278,3359.0,405.177
150186.SZ,20190301,0.984,0.982,0.986,0.982,0.986,0.002,0.2033,8857.23,873.027
150187.SZ,20190301,1.108,1.113,1.148,1.08,1.124,0.016,1.444,4836.6,532.872
160133.SZ,20190301,2.198,2.198,2.225,2.195,2.218,0.02,0.9099,4513.18,994.358
166006.SZ,20190301,1.018,1.018,1.03,1.018,1.03,0.012,1.1788,393.0,40.232
510020.SH,20190301,2.788,2.791,2.839,2.791,2.838,0.05,1.7934,6035.49,1692.191
160716.SZ,20190301,1.544,1.552,1.57,1.544,1.57,0.026,1.6839,9407.97,1460.464
160616.SZ,20190301,1.092,1.098,1.128,1.098,1.128,0.036,3.2967,358.33,39.988
163001.SZ,20190301,0.807,0.833,0.833,0.818,0.83,0.023,2.8501,254.0,20.88
510130.SH,20190301,3.789,3.831,3.831,3.792,3.831,0.042,1.1085,76.87,29.215
510030.SH,20190301,5.09,5.085,5.25,5.059,5.248,0.158,3.1041,2189.97,1118.426
510090.SH,20190301,1.64,1.626,1.757,1.626,1.658,0.018,1.0976,486.0,81.992
150016.SZ,20190301,1.086,1.062,1.094,1.062,1.094,0.008,0.7366,3325.38,360.127
150017.SZ,20190301,1.4,1.431,1.431,1.378,1.424,0.024,1.7143,488.0,68.69
150012.SZ,20190301,1.108,1.109,1.117,1.107,1.112,0.004,0.361,7855.49,871.531
150013.SZ,20190301,1.394,1.381,1.45,1.381,1.42,0.026,1.8651,4796.71,672.752
150018.SZ,20190301,0.968,0.967,0.971,0.967,0.969,0.001,0.1033,307887.96,29840.854
150019.SZ,20190301,0.796,0.811,0.835,0.792,0.832,0.036,4.5226,3490503.65,282822.857
161713.SZ,20190301,1.03,1.027,1.032,1.027,1.032,0.002,0.1942,13.0,1.336
165508.SZ,20190301,1.438,1.471,1.499,1.471,1.499,0.061,4.242,176.0,26.209
160807.SZ,20190301,1.226,1.228,1.228,1.218,1.218,-0.008,-0.6525,11.0,1.349
510070.SH,20190301,1.656,1.658,1.673,1.651,1.673,0.017,1.0266,8060.0,1339.805
160215.SZ,20190301,1.319,1.328,1.328,1.314,1.326,0.007,0.5307,167.0,22.085
510160.SH,20190301,0.558,0.559,0.565,0.557,0.565,0.007,1.2545,10289.0,576.908
510110.SH,20190301,3.652,3.625,3.663,3.587,3.662,0.01,0.2738,1135.0,411.982
160717.SZ,20190301,0.83,0.838,0.838,0.83,0.836,0.006,0.7229,3268.0,272.208
163407.SZ,20190301,1.79,1.79,1.821,1.79,1.821,0.031,1.7318,11439.99,2066.581
159905.SZ,20190301,1.623,1.633,1.666,1.631,1.665,0.042,2.5878,67576.0,11113.089
510190.SH,20190301,3.328,3.328,3.63,3.272,3.359,0.031,0.9315,2195.0,729.877
150022.SZ,20190301,0.755,0.757,0.766,0.754,0.765,0.01,1.3245,407058.66,30817.439
150023.SZ,20190301,0.249,0.253,0.259,0.239,0.256,0.007,2.8112,1579428.81,39297.009
510170.SH,20190301,1.676,1.693,1.71,1.676,1.691,0.015,0.895,459.0,77.848
166008.SZ,20190301,1.085,1.072,1.074,1.072,1.074,-0.011,-1.0138,15.0,1.608
161815.SZ,20190301,0.459,0.459,0.463,0.457,0.46,0.001,0.2179,920.02,42.329
510150.SH,20190301,4.541,4.55,4.64,4.55,4.592,0.051,1.1231,3458.16,1582.1
165510.SZ,20190301,0.742,0.739,0.742,0.728,0.742,0.0,0.0,4.0,0.295
161213.SZ,20190301,1.43,1.456,1.562,1.456,1.521,0.091,6.3636,57.0,8.562
159906.SZ,20190301,0.811,0.812,0.824,0.8,0.811,0.0,0.0,2599.0,211.44
510220.SH,20190301,3.85,3.85,3.99,3.833,3.95,0.1,2.5974,1609.0,622.819
510210.SH,20190301,3.52,3.52,3.555,3.496,3.555,0.035,0.9943,1961.0,690.56
161714.SZ,20190301,1.005,1.006,1.006,1.006,1.006,0.001,0.0995,1.0,0.1
166009.SZ,20190301,1.674,1.67,1.712,1.635,1.635,-0.039,-2.3297,94.0,15.39
150028.SZ,20190301,0.964,0.966,0.968,0.966,0.967,0.003,0.3112,1384.0,133.779
150029.SZ,20190301,1.09,1.129,1.129,1.065,1.09,0.0,0.0,2557.32,276.998
161907.SZ,20190301,1.584,1.621,1.621,1.601,1.607,0.023,1.452,64.0,10.367
150031.SZ,20190301,0.928,0.927,0.939,0.915,0.939,0.011,1.1853,1029.81,96.152
150030.SZ,20190301,0.984,0.995,1.035,0.995,1.035,0.051,5.1829,10.14,1.048
150032.SZ,20190301,1.03,1.119,1.119,1.03,1.03,0.0,0.0,554.0,57.765
150033.SZ,20190301,0.892,0.803,0.979,0.803,0.969,0.077,8.6323,141.0,13.663
161216.SZ,20190301,1.135,1.106,1.125,1.106,1.125,-0.01,-0.8811,466.0,51.562
510230.SH,20190301,5.776,5.779,5.975,5.768,5.972,0.196,3.3934,164146.0,96831.137
510260.SH,20190301,1.087,1.077,1.087,1.07,1.084,-0.003,-0.276,1932.0,207.684
161116.SZ,20190301,0.705,0.705,0.706,0.702,0.706,0.001,0.1418,587.04,41.396
150037.SZ,20190301,1.778,1.735,1.951,1.735,1.951,0.173,9.73,8.0,1.421
163409.SZ,20190301,1.49,1.49,1.5,1.49,1.495,0.005,0.3356,171.22,25.612
160512.SZ,20190301,1.585,1.587,1.631,1.587,1.624,0.039,2.4606,698.06,112.972
159908.SZ,20190301,1.322,1.324,1.348,1.324,1.348,0.026,1.9667,8531.0,1137.648
159907.SZ,20190301,1.181,1.181,1.229,1.181,1.218,0.037,3.1329,3610.42,429.397
163110.SZ,20190301,1.631,1.628,1.647,1.628,1.644,0.013,0.7971,721.0,117.686
159909.SZ,20190301,4.335,4.331,4.46,4.25,4.367,0.032,0.7382,8699.82,3768.643
510270.SH,20190301,1.093,1.093,1.107,1.088,1.107,0.014,1.2809,504.0,55.042
161217.SZ,20190301,0.662,0.645,0.652,0.621,0.652,-0.01,-1.5106,3791.03,242.141
159910.SZ,20190301,1.684,1.688,1.716,1.682,1.715,0.031,1.8409,6937.01,1177.486
162712.SZ,20190301,1.435,1.434,1.437,1.434,1.437,0.002,0.1394,97.65,14.014
160719.SZ,20190301,0.712,0.711,0.711,0.709,0.71,-0.002,-0.2809,1337.0,95.001
159911.SZ,20190301,3.549,3.558,3.587,3.555,3.586,0.037,1.0425,1598.0,571.584
164701.SZ,20190301,0.606,0.604,0.608,0.604,0.604,-0.002,-0.33,3051.66,184.904
160415.SZ,20190301,1.165,1.168,1.168,1.113,1.13,-0.035,-3.0043,73.86,8.524
159915.SZ,20190301,1.47,1.489,1.502,1.466,1.5,0.03,2.0408,9410949.41,1398930.828
159916.SZ,20190301,3.665,3.71,3.712,3.668,3.712,0.047,1.2824,1213.0,448.141
159912.SZ,20190301,1.185,1.197,1.2,1.179,1.195,0.01,0.8439,6390.02,759.222
510290.SH,20190301,1.354,1.354,1.366,1.345,1.366,0.012,0.8863,3896.0,527.907
160125.SZ,20190301,1.037,1.03,1.05,1.028,1.05,0.013,1.2536,1318.0,136.814
159913.SZ,20190301,1.687,1.72,1.72,1.678,1.695,0.008,0.4742,719.0,122.881
163208.SZ,20190301,0.816,0.819,0.819,0.809,0.816,0.0,0.0,347.0,28.333
161017.SZ,20190301,1.705,1.709,1.721,1.701,1.721,0.016,0.9384,11551.23,1976.599
162411.SZ,20190301,0.507,0.505,0.506,0.503,0.506,-0.001,-0.1972,695082.72,35069.89
150047.SZ,20190301,0.98,0.98,0.985,0.98,0.985,0.005,0.5102,695.24,68.456
150048.SZ,20190301,1.02,1.02,1.029,0.966,1.02,0.0,0.0,297.88,29.985
150053.SZ,20190301,0.972,0.971,0.974,0.971,0.974,0.002,0.2058,69.16,6.729
150054.SZ,20190301,0.86,0.827,0.83,0.827,0.83,-0.03,-3.4884,19.74,1.634
150065.SZ,20190301,0.747,0.737,0.737,0.736,0.736,-0.011,-1.4726,5.72,0.421
150059.SZ,20190301,0.927,1.018,1.019,1.018,1.019,0.092,9.9245,476.66,48.568
150060.SZ,20190301,0.9,0.881,0.919,0.88,0.919,0.019,2.1111,772.0,68.395
165513.SZ,20190301,0.399,0.4,0.4,0.398,0.4,0.001,0.2506,3602.0,143.561
161219.SZ,20190301,1.261,1.263,1.281,1.263,1.281,0.02,1.586,11.0,1.407
150066.SZ,20190301,0.959,0.959,0.959,0.959,0.959,0.0,0.0,0.4,0.038
150051.SZ,20190301,0.967,0.967,0.97,0.967,0.97,0.003,0.3102,25174.88,2438.098
150052.SZ,20190301,0.749,0.753,0.773,0.73,0.773,0.024,3.2043,169362.26,12641.871
150056.SZ,20190301,1.122,1.122,1.129,1.122,1.129,0.007,0.6239,727.57,82.103
161614.SZ,20190301,1.071,1.067,1.068,1.067,1.068,-0.003,-0.2801,30.34,3.239
150049.SZ,20190301,1.005,1.005,1.007,1.005,1.006,0.001,0.0995,917.28,92.242
150050.SZ,20190301,0.599,0.608,0.62,0.606,0.617,0.018,3.005,2856.14,175.054
159918.SZ,20190301,1.363,1.356,1.38,1.356,1.377,0.014,1.0271,1491.0,204.322
160416.SZ,20190301,0.998,1.0,1.0,0.992,0.997,-0.001,-0.1002,3443.0,342.829
150075.SZ,20190301,0.61,0.607,0.669,0.607,0.66,0.05,8.1967,1002.5,64.138
163412.SZ,20190301,3.08,3.092,3.138,3.092,3.135,0.055,1.7857,12479.95,3884.373
510410.SH,20190301,0.651,0.657,0.661,0.646,0.658,0.007,1.0753,53612.1,3481.707
160216.SZ,20190301,0.458,0.46,0.466,0.459,0.464,0.006,1.31,44092.18,2038.191
150084.SZ,20190301,1.074,1.091,1.091,1.01,1.088,0.014,1.3035,537.0,54.697
159919.SZ,20190301,3.659,3.68,3.737,3.655,3.735,0.076,2.0771,897447.98,331141.076
510300.SH,20190301,3.663,3.69,3.749,3.657,3.738,0.075,2.0475,6527375.27,2409031.109
161019.SZ,20190301,1.027,1.03,1.032,1.029,1.031,0.004,0.3895,2832.03,291.756
160128.SZ,20190301,1.06,1.06,1.06,1.054,1.055,-0.005,-0.4717,351.0,37.071
164810.SZ,20190301,0.965,0.965,0.987,0.965,0.987,0.022,2.2798,600.0,58.83
150105.SZ,20190301,1.539,1.538,1.538,1.538,1.538,-0.001,-0.065,0.01,0.001
161117.SZ,20190301,1.076,1.07,1.07,1.062,1.062,-0.014,-1.3011,495.0,52.921
159920.SZ,20190301,1.488,1.494,1.499,1.49,1.496,0.008,0.5376,4085983.37,610187.06
510900.SH,20190301,1.219,1.224,1.226,1.218,1.226,0.007,0.5742,7281643.0,889585.867
161820.SZ,20190301,1.107,1.108,1.108,1.108,1.108,0.001,0.0903,417.0,46.203
510430.SH,20190301,1.465,1.464,1.5,1.464,1.5,0.035,2.3891,27.0,4.014
160916.SZ,20190301,2.55,2.553,2.58,2.55,2.574,0.024,0.9412,1854.58,475.539
510440.SH,20190301,1.51,1.51,1.567,1.481,1.518,0.008,0.5298,2956.0,448.105
150095.SZ,20190301,1.17,1.053,1.053,1.053,1.053,-0.117,-10.0,648.0,68.234
150106.SZ,20190301,1.031,1.032,1.032,1.031,1.031,0.0,0.0,61832.33,6377.752
150107.SZ,20190301,0.654,0.665,0.673,0.644,0.673,0.019,2.9052,881203.2,58037.814
150101.SZ,20190301,1.04,1.02,1.04,0.997,1.039,-0.001,-0.0962,3188.24,326.033
161119.SZ,20190301,1.349,1.343,1.349,1.343,1.348,-0.001,-0.0741,147.0,19.789
166902.SZ,20190301,1.055,1.035,1.054,1.035,1.054,-0.001,-0.0948,11.0,1.157
163415.SZ,20190301,1.61,1.62,1.648,1.615,1.639,0.029,1.8012,4839.63,787.446
510330.SH,20190301,3.664,3.689,3.741,3.66,3.733,0.069,1.8832,2347924.0,865516.748
511990.SH,20190301,100.009,100.008,100.019,100.006,100.011,0.002,0.002,858119.33,8582264.46
159922.SZ,20190301,5.22,5.277,5.291,5.178,5.271,0.051,0.977,116448.0,60944.044
510500.SH,20190301,5.368,5.391,5.44,5.32,5.432,0.064,1.1923,3314269.3,1780060.116
150117.SZ,20190301,0.984,0.983,0.986,0.982,0.985,0.001,0.1016,127780.27,12574.934
150118.SZ,20190301,1.077,1.076,1.076,1.03,1.072,-0.005,-0.4643,174520.02,18435.962
159923.SZ,20190301,1.574,1.591,1.678,1.559,1.648,0.074,4.7014,11138.0,1786.475
510310.SH,20190301,1.589,1.6,1.623,1.59,1.62,0.031,1.9509,502583.0,80594.076
511010.SH,20190301,116.444,116.445,116.5,116.366,116.422,-0.022,-0.0189,12847.0,149580.365
160212.SZ,20190301,1.877,1.872,1.899,1.868,1.899,0.022,1.1721,4765.42,898.703
510660.SH,20190301,1.675,1.674,1.698,1.663,1.685,0.01,0.597,7978.0,1337.232
510650.SH,20190301,1.856,1.856,1.941,1.855,1.941,0.085,4.5797,1830.0,342.6
510630.SH,20190301,2.335,2.346,2.39,2.346,2.388,0.053,2.2698,4691.0,1110.072
159925.SZ,20190301,1.564,1.566,1.59,1.558,1.59,0.026,1.6624,5494.07,866.449
150123.SZ,20190301,1.01,1.008,1.012,1.008,1.012,0.002,0.198,13959.98,1409.359
150124.SZ,20190301,0.669,0.679,0.698,0.67,0.698,0.029,4.3348,19039.93,1297.397
163210.SZ,20190301,1.163,1.163,1.164,1.161,1.164,0.001,0.086,7933.93,922.618
510510.SH,20190301,1.421,1.428,1.439,1.409,1.435,0.014,0.9852,149503.77,21243.058
511880.SH,20190301,100.622,100.62,100.688,100.2,100.671,0.049,0.0487,401896.6,4044826.537
165313.SZ,20190301,1.261,1.27,1.28,1.267,1.28,0.019,1.5067,1163.0,147.371
159001.SZ,20190301,100.0,99.999,100.001,99.998,100.001,0.001,0.001,12903.36,129033.39
160130.SZ,20190301,0.971,0.984,0.985,0.984,0.985,0.014,1.4418,108.0,10.637
161911.SZ,20190301,1.055,1.055,1.057,1.055,1.057,0.002,0.1896,20161.0,2129.346
513100.SH,20190301,2.461,2.468,2.488,2.468,2.487,0.026,1.0565,501561.98,124372.449
159926.SZ,20190301,112.222,111.15,111.598,111.15,111.589,-0.633,-0.5641,14.0,155.741
159003.SZ,20190301,100.0,99.997,100.001,99.996,100.001,0.001,0.001,10095.69,100956.158
518880.SH,20190301,2.833,2.827,2.83,2.821,2.826,-0.007,-0.2471,2991462.0,845721.646
518800.SH,20190301,2.812,2.811,2.811,2.801,2.804,-0.008,-0.2845,406426.5,114047.371
163824.SZ,20190301,1.047,1.052,1.061,1.048,1.048,0.001,0.0955,11.0,1.16
512780.SH,20190301,0.819,0.82,0.826,0.816,0.826,0.007,0.8547,5943.0,488.313
513900.SH,20190301,0.971,0.971,0.977,0.97,0.974,0.003,0.309,1453.0,141.377
512280.SH,20190301,0.977,0.99,1.0,0.976,0.999,0.022,2.2518,2140670.06,210436.37
501057.SH,20190301,0.9,0.89,0.919,0.89,0.91,0.01,1.1111,6944.85,628.177
501058.SH,20190301,0.905,0.905,0.905,0.905,0.905,0.0,0.0,130.01,11.766
512090.SH,20190301,1.001,1.005,1.02,0.997,1.02,0.019,1.8981,1898676.77,190671.885
512360.SH,20190301,1.02,1.026,1.036,1.014,1.036,0.016,1.5686,56443.0,5782.042
161039.SZ,20190301,1.0,1.015,1.015,1.006,1.007,0.007,0.7,3921.29,397.474
512770.SH,20190301,1.001,1.007,1.01,1.0,1.01,0.009,0.8991,12438.0,1250.792
164824.SZ,20190301,0.895,0.895,0.899,0.895,0.897,0.002,0.2235,311.0,27.933
512390.SH,20190301,0.953,0.953,0.97,0.953,0.97,0.017,1.7838,340.0,32.605
501059.SH,20190301,1.1,1.098,1.12,1.098,1.12,0.02,1.8182,4.0,0.441
510600.SH,20190301,2.72,2.73,2.796,2.726,2.793,0.073,2.6838,5470.47,1508.129
511270.SH,20190301,102.1,102.1,102.15,102.0,102.1,0.0,0.0,641.2,6546.416
512850.SH,20190301,1.11,1.113,1.121,1.107,1.121,0.011,0.991,12075.95,1345.992
512820.SH,20190301,1.081,1.082,1.11,1.079,1.096,0.015,1.3876,32069.0,3509.232
501060.SH,20190301,1.084,1.083,1.099,1.083,1.099,0.015,1.3838,7537.09,820.369
501061.SH,20190301,1.083,1.089,1.099,1.085,1.099,0.016,1.4774,229.0,25.047
501062.SH,20190301,0.908,0.909,0.916,0.908,0.916,0.008,0.8811,48896.0,4453.778
512860.SH,20190301,1.163,1.179,1.189,1.165,1.189,0.026,2.2356,11714.3,1378.485
501309.SH,20190301,1.023,1.025,1.088,1.025,1.05,0.027,2.6393,25.0,2.594
501310.SH,20190301,1.254,1.129,1.129,1.129,1.129,-0.125,-9.9681,22474.0,2537.315
512960.SH,20190301,1.032,1.033,1.042,1.026,1.042,0.01,0.969,457847.01,47279.866
512950.SH,20190301,1.041,1.041,1.051,1.037,1.05,0.009,0.8646,370279.64,38562.013
159959.SZ,20190301,1.082,1.082,1.093,1.078,1.093,0.011,1.0166,114436.37,12431.683
159960.SZ,20190301,1.019,1.016,1.04,0.993,1.029,0.01,0.9814,8499.0,869.323
161132.SZ,20190301,0.937,0.938,0.941,0.924,0.941,0.004,0.4269,14509.1,1353.022
512920.SH,20190301,1.133,1.133,1.151,1.125,1.15,0.017,1.5004,17209.0,1949.306
512040.SH,20190301,1.107,1.107,1.119,1.1,1.119,0.012,1.084,350686.03,38846.425
150174.SZ,20190301,1.05,1.025,1.088,1.025,1.088,0.038,3.619,1274.91,134.146
150157.SZ,20190301,0.972,0.97,0.973,0.97,0.973,0.001,0.1029,3502.85,340.331
150168.SZ,20190301,0.781,0.78,0.78,0.78,0.78,-0.001,-0.128,8.0,0.624
510520.SH,20190301,1.284,1.274,1.294,1.274,1.286,0.002,0.1558,500.0,64.507
164705.SZ,20190301,1.187,1.168,1.179,1.168,1.175,-0.012,-1.011,105.29,12.393
150169.SZ,20190301,0.968,0.972,0.972,0.968,0.972,0.004,0.4132,803.0,77.884
150171.SZ,20190301,0.977,0.975,0.978,0.974,0.977,0.0,0.0,442179.46,43161.217
150172.SZ,20190301,1.043,1.052,1.147,1.052,1.147,0.104,9.9712,829287.94,91576.198
161831.SZ,20190301,0.994,0.991,1.009,0.964,1.008,0.014,1.4085,83.55,8.343
150175.SZ,20190301,0.977,0.977,0.979,0.976,0.977,0.0,0.0,108462.07,10601.719
150176.SZ,20190301,1.017,1.024,1.03,1.016,1.028,0.011,1.0816,76234.24,7778.013
150188.SZ,20190301,0.994,0.993,0.995,0.993,0.995,0.001,0.1006,3559.32,353.963
150189.SZ,20190301,0.676,0.681,0.681,0.661,0.678,0.002,0.2959,3219.35,217.596
513030.SH,20190301,0.983,0.983,0.989,0.982,0.987,0.004,0.4069,14520.0,1431.91
159937.SZ,20190301,2.833,2.832,2.832,2.825,2.827,-0.006,-0.2118,132737.0,37555.648
150190.SZ,20190301,0.981,0.981,0.983,0.981,0.983,0.002,0.2039,17.68,1.734
150191.SZ,20190301,1.389,1.321,1.396,1.321,1.396,0.007,0.504,24.32,3.242
150194.SZ,20190301,0.968,0.967,0.969,0.967,0.969,0.001,0.1033,47133.55,4564.315
150195.SZ,20190301,0.786,0.799,0.813,0.781,0.81,0.024,3.0534,177111.73,14085.719
150192.SZ,20190301,1.008,0.921,1.026,0.921,1.026,0.018,1.7857,1000.27,102.569
150193.SZ,20190301,1.001,1.001,1.037,0.98,0.997,-0.004,-0.3996,4325.55,428.965
169101.SZ,20190301,1.375,1.38,1.387,1.365,1.386,0.011,0.8,63027.14,8662.489
150198.SZ,20190301,1.025,1.028,1.038,1.026,1.038,0.013,1.2683,171.7,17.69
150199.SZ,20190301,1.467,1.479,1.531,1.471,1.531,0.064,4.3626,12916.83,1948.725
505888.SH,20190301,0.996,0.993,0.995,0.989,0.991,-0.005,-0.502,327344.0,32472.389
512300.SH,20190301,0.996,1.008,1.008,0.988,1.002,0.006,0.6024,8022.0,798.606
511220.SH,20190301,95.58,95.57,95.578,95.465,95.56,-0.02,-0.0209,53.1,507.395
150200.SZ,20190301,0.968,0.969,0.971,0.968,0.97,0.002,0.2066,870083.12,84351.577
150201.SZ,20190301,1.212,1.239,1.308,1.194,1.281,0.069,5.6931,5301352.69,664015.464
150205.SZ,20190301,0.972,0.971,0.973,0.97,0.972,0.0,0.0,116636.41,11336.569
150206.SZ,20190301,0.575,0.58,0.59,0.552,0.587,0.012,2.087,1696910.79,97117.905
159938.SZ,20190301,1.19,1.199,1.203,1.177,1.196,0.006,0.5042,371113.0,44103.651
150208.SZ,20190301,1.33,1.216,1.393,1.216,1.393,0.063,4.7368,16.4,2.224
160813.SZ,20190301,0.725,0.723,0.735,0.722,0.735,0.01,1.3793,1006.89,73.495
150173.SZ,20190301,0.999,0.999,0.999,0.999,0.999,0.0,0.0,731.0,73.026
511810.SH,20190301,100.001,100.002,100.011,100.0,100.01,0.009,0.009,80204.93,802081.21
511860.SH,20190301,99.999,100.0,100.006,99.997,100.004,0.005,0.005,1319.99,13200.355
150204.SZ,20190301,0.991,0.997,1.035,0.955,1.026,0.035,3.5318,4790.09,484.42
150203.SZ,20190301,0.968,0.969,0.973,0.969,0.973,0.005,0.5165,1548.58,150.32
511800.SH,20190301,100.001,100.001,100.007,99.999,100.006,0.005,0.005,2101.7,21017.735
150209.SZ,20190301,0.97,0.97,0.971,0.968,0.971,0.001,0.1031,14805.63,1435.64
150210.SZ,20190301,0.666,0.673,0.685,0.66,0.685,0.019,2.8529,95378.84,6436.84
160618.SZ,20190301,1.281,1.281,1.281,1.28,1.281,0.0,0.0,1535.49,196.67
513660.SH,20190301,2.559,2.575,2.58,2.565,2.58,0.021,0.8206,150.0,38.614
513600.SH,20190301,2.579,2.571,2.59,2.571,2.58,0.001,0.0388,848.0,218.952
159005.SZ,20190301,100.0,99.999,100.001,99.999,100.001,0.001,0.001,6002.82,60028.161
166401.SZ,20190301,1.096,1.097,1.097,1.097,1.097,0.001,0.0912,1.0,0.109
159939.SZ,20190301,0.97,0.97,0.976,0.946,0.969,-0.001,-0.1031,512027.0,49040.997
169102.SZ,20190301,1.079,1.074,1.084,1.07,1.084,0.005,0.4634,7927.85,851.091
160919.SZ,20190301,1.143,1.13,1.15,1.126,1.15,0.007,0.6124,2138.0,241.659
512990.SH,20190301,1.074,1.084,1.097,1.073,1.095,0.021,1.9553,224531.0,24288.696
159940.SZ,20190301,0.968,0.968,0.991,0.958,0.979,0.011,1.1364,2580.17,251.003
150213.SZ,20190301,0.976,0.974,0.976,0.974,0.976,0.0,0.0,1168.84,113.863
150214.SZ,20190301,1.248,1.255,1.283,1.242,1.28,0.032,2.5641,3136.28,394.331
150215.SZ,20190301,0.98,1.012,1.012,0.96,0.99,0.01,1.0204,322.82,31.291
150216.SZ,20190301,0.866,0.894,0.895,0.84,0.868,0.002,0.2309,13785.5,1184.832
161716.SZ,20190301,1.224,1.224,1.225,1.224,1.224,0.0,0.0,329.62,40.371
150135.SZ,20190301,0.99,0.99,0.992,0.99,0.992,0.002,0.202,4234.0,419.445
150136.SZ,20190301,0.923,0.939,0.949,0.932,0.949,0.026,2.8169,321.0,30.224
150217.SZ,20190301,0.966,0.966,0.967,0.966,0.967,0.001,0.1035,199.54,19.285
150218.SZ,20190301,1.08,1.058,1.121,1.055,1.09,0.01,0.9259,3024.3,326.05
162105.SZ,20190301,1.028,1.027,1.027,1.027,1.027,-0.001,-0.0973,56.0,5.751
150211.SZ,20190301,0.978,0.979,0.983,0.979,0.983,0.005,0.5112,63561.39,6230.638
150212.SZ,20190301,1.015,1.016,1.047,1.005,1.034,0.019,1.8719,119450.1,12236.2
150223.SZ,20190301,1.004,0.999,1.003,0.992,1.002,-0.002,-0.1992,573546.1,57244.228
150224.SZ,20190301,0.954,0.965,1.025,0.945,1.004,0.05,5.2411,643009.75,63045.787
161224.SZ,20190301,0.93,0.919,0.933,0.918,0.931,0.001,0.1075,3211.15,295.832
150196.SZ,20190301,0.984,0.984,0.985,0.983,0.985,0.001,0.1016,208503.57,20524.339
150197.SZ,20190301,0.593,0.602,0.605,0.575,0.605,0.012,2.0236,1196036.21,70585.04
150221.SZ,20190301,1.031,1.03,1.031,1.026,1.03,-0.001,-0.097,34013.09,3498.645
150222.SZ,20190301,0.961,0.974,0.976,0.94,0.975,0.014,1.4568,106069.92,10211.609
512310.SH,20190301,0.492,0.492,0.497,0.487,0.497,0.005,1.0163,25672.0,1264.293
162510.SZ,20190301,0.839,0.828,0.828,0.828,0.828,-0.011,-1.3111,0.17,0.014
502048.SH,20190301,0.911,0.916,0.936,0.914,0.934,0.023,2.5247,21950.87,2024.669
502049.SH,20190301,1.01,1.01,1.014,1.009,1.011,0.001,0.099,42345.0,4286.065
502050.SH,20190301,0.814,0.823,0.864,0.815,0.861,0.047,5.774,163412.42,13630.715
512340.SH,20190301,0.762,0.766,0.767,0.758,0.767,0.005,0.6562,6644.0,508.406
502000.SH,20190301,0.857,0.858,0.863,0.838,0.863,0.006,0.7001,113.02,9.719
502001.SH,20190301,0.974,0.975,0.975,0.975,0.975,0.001,0.1027,500.0,48.75
502002.SH,20190301,0.716,0.657,0.762,0.657,0.762,0.046,6.4246,40.07,3.053
150220.SZ,20190301,0.644,0.645,0.655,0.638,0.655,0.011,1.7081,41759.5,2692.672
166011.SZ,20190301,1.201,1.201,1.222,1.196,1.222,0.021,1.7485,197.24,23.947
512500.SH,20190301,2.492,2.494,2.521,2.472,2.519,0.027,1.0835,1342663.66,334287.817
150227.SZ,20190301,0.974,0.973,0.977,0.972,0.975,0.001,0.1027,193035.51,18827.603
150228.SZ,20190301,0.907,0.914,0.966,0.899,0.966,0.059,6.505,1293610.21,120049.833
165517.SZ,20190301,0.825,0.815,0.815,0.815,0.815,-0.01,-1.2121,118.9,9.69
512510.SH,20190301,1.067,1.067,1.077,1.059,1.075,0.008,0.7498,84356.0,8989.553
150241.SZ,20190301,0.969,0.965,0.969,0.965,0.969,0.0,0.0,609.66,59.064
150242.SZ,20190301,1.087,1.12,1.154,1.12,1.139,0.052,4.7838,2501.0,285.148
150229.SZ,20190301,0.972,0.974,0.977,0.974,0.977,0.005,0.5144,698.0,68.135
150230.SZ,20190301,1.67,1.558,1.735,1.557,1.709,0.039,2.3353,1647.97,269.579
161225.SZ,20190301,1.062,1.074,1.077,1.074,1.075,0.013,1.2241,61.2,6.576
150231.SZ,20190301,0.993,0.992,0.995,0.992,0.995,0.002,0.2014,29939.83,2974.859
150232.SZ,20190301,0.819,0.82,0.837,0.737,0.822,0.003,0.3663,33097.5,2687.475
150225.SZ,20190301,0.95,0.978,0.978,0.978,0.978,0.028,2.9474,218.0,21.32
150226.SZ,20190301,1.39,1.43,1.528,1.33,1.52,0.13,9.3525,1555.55,220.566
150236.SZ,20190301,1.76,1.777,1.865,1.75,1.825,0.065,3.6932,23991.63,4311.94
164906.SZ,20190301,1.215,1.216,1.226,1.216,1.224,0.009,0.7407,7068.78,863.697
150247.SZ,20190301,0.981,0.984,0.987,0.984,0.987,0.006,0.6116,5230.0,514.858
150248.SZ,20190301,0.988,1.0,1.007,0.965,1.006,0.018,1.8219,5179.36,511.697
150249.SZ,20190301,0.97,0.969,0.97,0.969,0.97,0.0,0.0,1046.0,101.361
150250.SZ,20190301,1.042,1.06,1.098,1.06,1.098,0.056,5.3743,326.0,35.502
510710.SH,20190301,2.977,2.986,3.06,2.98,3.06,0.083,2.788,269277.0,80848.712
162108.SZ,20190301,1.176,1.176,1.176,1.176,1.176,0.0,0.0,12.0,1.411
150251.SZ,20190301,0.965,0.965,0.968,0.965,0.968,0.003,0.3109,4849.57,469.216
150252.SZ,20190301,0.907,0.881,0.925,0.826,0.896,-0.011,-1.2128,14871.4,1297.578
150265.SZ,20190301,1.025,1.124,1.124,0.98,0.98,-0.045,-4.3902,14.1,1.461
150266.SZ,20190301,0.995,0.951,1.013,0.951,1.012,0.017,1.7085,139.3,13.761
150273.SZ,20190301,0.983,0.985,1.063,0.985,1.005,0.022,2.238,807.08,80.405
150274.SZ,20190301,1.216,1.177,1.296,1.177,1.296,0.08,6.5789,1210.44,147.28
159943.SZ,20190301,9.596,9.847,9.848,9.517,9.675,0.079,0.8233,2161.53,2066.441
150261.SZ,20190301,0.999,1.015,1.015,1.015,1.015,0.016,1.6016,5.0,0.507
150262.SZ,20190301,0.764,0.765,0.774,0.74,0.765,0.001,0.1309,7463.64,563.97
510560.SH,20190301,1.063,1.07,1.07,1.07,1.07,0.007,0.6585,609.3,65.195
502013.SH,20190301,1.148,1.148,1.166,1.14,1.162,0.014,1.2195,6038.74,697.051
502014.SH,20190301,0.975,0.987,0.987,0.987,0.987,0.012,1.2308,562.0,55.469
502015.SH,20190301,1.332,1.332,1.337,1.285,1.337,0.005,0.3754,907.43,120.206
502020.SH,20190301,0.928,0.931,0.934,0.931,0.934,0.006,0.6466,20.0,1.867
502021.SH,20190301,0.977,0.976,0.976,0.976,0.976,-0.001,-0.1024,81.0,7.906
502022.SH,20190301,0.894,0.923,0.979,0.869,0.978,0.084,9.396,33.25,3.223
150275.SZ,20190301,0.967,0.965,0.97,0.965,0.97,0.003,0.3102,806.22,78.153
150276.SZ,20190301,1.239,1.211,1.268,1.211,1.246,0.007,0.565,5073.18,631.523
150269.SZ,20190301,0.968,0.965,0.969,0.965,0.969,0.001,0.1033,14753.81,1429.127
150270.SZ,20190301,1.178,1.205,1.288,1.202,1.281,0.103,8.7436,195521.82,24183.356
150259.SZ,20190301,0.987,0.985,0.985,0.985,0.985,-0.002,-0.2026,75.0,7.387
150260.SZ,20190301,0.874,0.86,0.888,0.86,0.888,0.014,1.6018,249.08,21.436
150257.SZ,20190301,0.993,0.99,0.99,0.99,0.99,-0.003,-0.3021,5.0,0.495
150258.SZ,20190301,1.03,1.033,1.033,0.93,1.008,-0.022,-2.1359,188.46,18.151
150255.SZ,20190301,0.995,0.997,0.998,0.997,0.998,0.003,0.3015,634.0,63.229
150256.SZ,20190301,0.94,0.94,0.97,0.94,0.97,0.03,3.1915,277.0,26.774
150279.SZ,20190301,0.981,0.985,0.985,0.985,0.985,0.004,0.4077,3.85,0.379
150277.SZ,20190301,0.978,0.978,0.98,0.978,0.98,0.002,0.2045,2450.0,239.705
150278.SZ,20190301,0.929,0.9,0.91,0.865,0.897,-0.032,-3.4446,6658.06,592.464
159941.SZ,20190301,1.536,1.538,1.558,1.538,1.551,0.015,0.9766,9402.0,1453.058
150271.SZ,20190301,0.966,0.966,0.967,0.966,0.967,0.001,0.1035,125.53,12.134
150272.SZ,20190301,1.16,1.052,1.25,1.045,1.24,0.08,6.8966,705.19,79.113
150264.SZ,20190301,0.601,0.601,0.61,0.601,0.61,0.009,1.4975,84.0,5.05
150267.SZ,20190301,0.981,0.98,0.981,0.98,0.98,-0.001,-0.1019,350.0,34.315
150268.SZ,20190301,1.06,1.08,1.08,1.02,1.077,0.017,1.6038,1855.0,195.84
160806.SZ,20190301,1.318,1.318,1.34,1.315,1.34,0.022,1.6692,3661.63,488.672
150281.SZ,20190301,0.973,0.979,0.979,0.978,0.978,0.005,0.5139,6667.02,652.051
150282.SZ,20190301,0.625,0.626,0.644,0.625,0.644,0.019,3.04,570.0,35.758
150293.SZ,20190301,0.988,0.987,0.99,0.987,0.99,0.002,0.2024,34.38,3.401
150294.SZ,20190301,0.64,0.657,0.657,0.625,0.625,-0.015,-2.3438,143.0,8.95
150243.SZ,20190301,0.97,0.97,0.973,0.97,0.972,0.002,0.2062,16603.0,1613.199
150244.SZ,20190301,1.111,1.136,1.146,1.07,1.145,0.034,3.0603,45378.86,5097.437
150295.SZ,20190301,0.981,0.984,0.984,0.984,0.984,0.003,0.3058,34.0,3.345
150296.SZ,20190301,0.777,0.753,0.781,0.753,0.781,0.004,0.5148,139.85,10.915
150287.SZ,20190301,0.986,0.985,0.987,0.985,0.987,0.001,0.1014,26344.55,2599.349
150288.SZ,20190301,1.068,1.09,1.102,1.062,1.102,0.034,3.1835,73668.0,7984.866
150289.SZ,20190301,0.985,0.985,0.988,0.985,0.987,0.002,0.203,54180.03,5343.708
150290.SZ,20190301,0.877,0.887,0.908,0.856,0.908,0.031,3.5348,191366.0,16837.108
150301.SZ,20190301,0.984,0.981,0.986,0.981,0.985,0.001,0.1016,2461.06,242.2
150302.SZ,20190301,0.981,0.968,1.028,0.968,1.026,0.045,4.5872,6338.11,642.851
150299.SZ,20190301,0.986,0.986,0.989,0.986,0.989,0.003,0.3043,32180.0,3177.66
150300.SZ,20190301,0.722,0.73,0.763,0.713,0.763,0.041,5.6787,84818.05,6241.008
150315.SZ,20190301,0.962,0.977,0.978,0.977,0.978,0.016,1.6632,340.0,33.242
150316.SZ,20190301,1.222,1.223,1.258,1.223,1.255,0.033,2.7005,1375.53,168.844
150291.SZ,20190301,0.986,0.986,0.989,0.986,0.989,0.003,0.3043,1937.01,191.484
150292.SZ,20190301,0.733,0.742,0.791,0.741,0.791,0.058,7.9127,4553.0,345.552
150238.SZ,20190301,0.654,0.601,0.648,0.6,0.648,-0.006,-0.9174,1021.95,65.163
150245.SZ,20190301,0.942,0.972,0.972,0.972,0.972,0.03,3.1847,0.09,0.008
150246.SZ,20190301,0.807,0.784,0.809,0.748,0.809,0.002,0.2478,2055.71,162.695
150283.SZ,20190301,0.99,0.989,0.991,0.989,0.991,0.001,0.101,27800.69,2752.918
150284.SZ,20190301,0.645,0.645,0.659,0.625,0.64,-0.005,-0.7752,2301.0,145.378
150308.SZ,20190301,1.23,1.186,1.246,1.186,1.229,-0.001,-0.0813,1186.07,145.71
502006.SH,20190301,0.955,0.961,0.97,0.957,0.97,0.015,1.5707,2926.93,281.676
502007.SH,20190301,0.99,0.989,0.991,0.989,0.991,0.001,0.101,495.0,48.98
502008.SH,20190301,0.922,0.924,0.955,0.913,0.95,0.028,3.0369,526.2,48.916
150306.SZ,20190301,1.051,1.041,1.078,1.041,1.073,0.022,2.0932,223.34,23.45
150309.SZ,20190301,1.065,0.967,0.998,0.967,0.998,-0.067,-6.2911,2.0,0.196
150310.SZ,20190301,1.466,1.466,1.468,1.333,1.468,0.002,0.1364,276.57,37.539
501000.SH,20190301,0.937,0.987,0.987,0.938,0.986,0.049,5.2295,259.0,24.568
150321.SZ,20190301,1.031,1.031,1.031,1.027,1.031,0.0,0.0,7128.86,733.444
150322.SZ,20190301,0.834,0.812,0.849,0.812,0.849,0.015,1.7986,2687.0,226.612
150312.SZ,20190301,1.307,1.187,1.379,1.187,1.331,0.024,1.8363,720.99,92.018
501001.SH,20190301,1.059,1.064,1.066,1.046,1.063,0.004,0.3777,2247.58,237.371
512330.SH,20190301,0.714,0.715,0.721,0.701,0.716,0.002,0.2801,56407.0,4006.91
159945.SZ,20190301,0.671,0.67,0.672,0.665,0.672,0.001,0.149,2437.01,163.027
159944.SZ,20190301,0.721,0.725,0.735,0.722,0.727,0.006,0.8322,2654.07,192.86
150297.SZ,20190301,1.004,1.002,1.004,1.002,1.004,0.0,0.0,70.38,7.054
150298.SZ,20190301,1.594,1.435,1.435,1.435,1.435,-0.159,-9.9749,483.84,69.431
502036.SH,20190301,0.842,0.868,0.868,0.838,0.861,0.019,2.2565,9733.06,823.739
502037.SH,20190301,0.983,0.983,0.986,0.983,0.986,0.003,0.3052,3911.5,385.323
502038.SH,20190301,0.709,0.718,0.74,0.705,0.731,0.022,3.103,3266.0,234.488
150318.SZ,20190301,1.522,1.386,1.543,1.386,1.543,0.021,1.3798,53.46,7.453
150328.SZ,20190301,0.809,0.755,0.806,0.755,0.806,-0.003,-0.3708,41.0,3.1
150325.SZ,20190301,0.981,0.982,0.985,0.982,0.985,0.004,0.4077,214.94,21.142
150323.SZ,20190301,0.983,0.983,0.983,0.983,0.983,0.0,0.0,568.0,55.834
150324.SZ,20190301,0.661,0.595,0.661,0.595,0.65,-0.011,-1.6641,96.0,5.92
150335.SZ,20190301,0.99,0.99,0.99,0.986,0.988,-0.002,-0.202,566.14,55.992
150336.SZ,20190301,0.687,0.68,0.695,0.668,0.695,0.008,1.1645,10576.97,723.002
502010.SH,20190301,1.103,1.117,1.17,1.104,1.165,0.062,5.621,49928.99,5663.652
502012.SH,20190301,1.217,1.24,1.339,1.207,1.338,0.121,9.9425,113113.39,14498.935
502011.SH,20190301,0.988,0.988,0.991,0.985,0.988,0.0,0.0,49714.61,4914.762
502003.SH,20190301,1.231,1.248,1.248,1.169,1.228,-0.003,-0.2437,9809.85,1189.267
502004.SH,20190301,0.973,0.973,0.976,0.973,0.975,0.002,0.2055,6422.59,626.186
502005.SH,20190301,1.506,1.461,1.51,1.422,1.474,-0.032,-2.1248,18967.31,2747.43
168101.SZ,20190301,0.908,0.909,0.914,0.905,0.914,0.006,0.6608,19816.59,1803.465
150303.SZ,20190301,0.987,0.987,0.988,0.985,0.987,0.0,0.0,9312.06,918.269
150304.SZ,20190301,1.02,1.051,1.075,1.02,1.068,0.048,4.7059,137861.89,14531.727
502023.SH,20190301,0.851,0.851,0.866,0.851,0.865,0.014,1.6451,1240.87,106.146
502024.SH,20190301,0.978,0.977,0.982,0.977,0.982,0.004,0.409,4088.0,400.946
502025.SH,20190301,0.748,0.777,0.777,0.719,0.748,0.0,0.0,3622.5,270.495
150329.SZ,20190301,0.966,0.966,0.969,0.966,0.968,0.002,0.207,30027.51,2905.075
150330.SZ,20190301,1.493,1.495,1.62,1.495,1.6,0.107,7.1668,30021.26,4645.182
184801.SZ,20190301,95.7,95.7,96.0,95.0,95.799,0.099,0.1034,34.0,324.529
502040.SH,20190301,1.124,1.091,1.13,1.091,1.13,0.006,0.5338,58.32,6.55
502041.SH,20190301,1.036,1.06,1.06,1.06,1.06,0.024,2.3166,224.85,23.834
502042.SH,20190301,1.186,1.185,1.2,1.185,1.2,0.014,1.1804,1697.0,203.255
502056.SH,20190301,0.973,0.978,0.981,0.966,0.981,0.008,0.8222,730.53,71.131
502058.SH,20190301,0.96,0.98,0.98,0.96,0.98,0.02,2.0833,150.0,14.6
511830.SH,20190301,99.998,100.0,100.008,100.0,100.005,0.007,0.007,327.77,3277.819
150344.SZ,20190301,0.997,0.949,1.097,0.949,1.097,0.1,10.0301,4100.67,438.412
150343.SZ,20190301,0.981,0.982,0.987,0.981,0.987,0.006,0.6116,4755.97,468.226
510360.SH,20190301,1.178,1.18,1.203,1.17,1.203,0.025,2.1222,262806.0,31135.994
502053.SH,20190301,1.384,1.387,1.46,1.387,1.447,0.063,4.552,9664.28,1393.755
502054.SH,20190301,0.977,0.979,0.979,0.976,0.979,0.002,0.2047,4590.0,448.803
502055.SH,20190301,1.835,1.887,1.953,1.811,1.873,0.038,2.0708,9783.8,1847.246
161226.SZ,20190301,0.783,0.78,0.782,0.776,0.778,-0.005,-0.6386,30128.18,2347.174
167501.SZ,20190301,1.23,1.232,1.232,1.227,1.23,0.0,0.0,3722.0,457.672
510580.SH,20190301,5.079,5.075,5.075,5.016,5.058,-0.021,-0.4135,1619.95,816.679
161227.SZ,20190301,0.894,0.904,0.909,0.885,0.907,0.013,1.4541,14501.88,1301.558
511980.SH,20190301,99.998,99.998,100.008,99.998,100.008,0.01,0.01,695.32,6953.381
511900.SH,20190301,100.001,100.0,100.008,100.0,100.007,0.006,0.006,5265.45,52656.319
511930.SH,20190301,99.995,100.008,100.008,99.813,99.991,-0.004,-0.004,18.03,180.283
161229.SZ,20190301,1.188,1.176,1.176,1.176,1.176,-0.012,-1.0101,13.0,1.528
164206.SZ,20190301,1.109,1.111,1.138,1.111,1.134,0.025,2.2543,3506.0,397.49
501005.SH,20190301,0.798,0.8,0.814,0.786,0.804,0.006,0.7519,12516.59,1000.314
511960.SH,20190301,100.0,99.992,100.24,99.992,100.02,0.02,0.02,975.66,9764.999
161033.SZ,20190301,0.874,0.874,0.877,0.857,0.877,0.003,0.3432,2716.21,235.524
163907.SZ,20190301,1.01,0.981,0.982,0.981,0.982,-0.028,-2.7723,78.0,7.659
169103.SZ,20190301,1.228,1.23,1.238,1.216,1.238,0.01,0.8143,2387.0,292.189
511820.SH,20190301,99.996,100.0,100.005,99.998,100.003,0.007,0.007,698.49,6985.045
168102.SZ,20190301,0.825,0.838,0.838,0.82,0.83,0.005,0.6061,19766.38,1630.12
166016.SZ,20190301,1.196,1.175,1.175,1.175,1.175,-0.021,-1.7559,10.0,1.175
501015.SH,20190301,0.84,0.832,0.846,0.828,0.84,0.0,0.0,5532.72,463.783
162415.SZ,20190301,1.401,1.393,1.409,1.393,1.405,0.004,0.2855,1503.7,210.343
160518.SZ,20190301,1.011,1.013,1.025,1.013,1.025,0.014,1.3848,36554.81,3730.166
511920.SH,20190301,99.931,99.974,100.045,99.974,100.039,0.108,0.1081,13.01,130.153
159948.SZ,20190301,1.6,1.602,1.637,1.597,1.634,0.034,2.125,71039.57,11506.085
161232.SZ,20190301,0.632,0.627,0.633,0.622,0.633,0.001,0.1582,6305.03,395.946
165528.SZ,20190301,0.857,0.844,0.854,0.844,0.854,-0.003,-0.3501,208.0,17.754
501017.SH,20190301,0.812,0.805,0.812,0.805,0.812,0.0,0.0,2272.06,182.968
160519.SZ,20190301,0.939,0.93,0.937,0.925,0.927,-0.012,-1.278,1251.29,116.084
161727.SZ,20190301,0.931,0.964,0.964,0.964,0.964,0.033,3.5446,1.0,0.096
501018.SH,20190301,1.047,1.056,1.067,1.054,1.067,0.02,1.9102,55564.56,5893.332
162215.SZ,20190301,1.045,1.045,1.045,1.045,1.045,0.0,0.0,11938.67,1247.591
501021.SH,20190301,1.337,1.329,1.34,1.328,1.339,0.002,0.1496,695.0,92.554
159949.SZ,20190301,0.549,0.558,0.563,0.547,0.562,0.013,2.3679,14165604.54,787229.648
511850.SH,20190301,100.009,100.01,100.018,100.001,100.009,0.0,0.0,15743.14,157452.394
169104.SZ,20190301,1.194,1.195,1.2,1.185,1.2,0.006,0.5025,2336.0,278.051
512660.SH,20190301,0.759,0.762,0.766,0.746,0.763,0.004,0.527,1660972.0,125462.521
511910.SH,20190301,99.977,100.099,100.099,100.096,100.097,0.12,0.12,11.0,110.108
512880.SH,20190301,1.004,1.013,1.047,0.997,1.038,0.034,3.3865,10539565.38,1078977.682
167001.SZ,20190301,0.681,0.681,0.699,0.669,0.682,0.001,0.1468,3407.34,228.622
161834.SZ,20190301,0.782,0.783,0.788,0.78,0.788,0.006,0.7673,30048.24,2357.848
160520.SZ,20190301,1.018,1.008,1.008,1.008,1.008,-0.01,-0.9823,13.0,1.31
160225.SZ,20190301,0.816,0.825,0.826,0.781,0.825,0.009,1.1029,5230.0,424.77
511970.SH,20190301,99.998,99.999,100.001,99.98,99.98,-0.018,-0.018,8.0,79.996
168103.SZ,20190301,0.762,0.762,0.768,0.76,0.768,0.006,0.7874,111116.61,8478.407
512810.SH,20190301,0.719,0.719,0.723,0.709,0.721,0.002,0.2782,43865.0,3134.86
510810.SH,20190301,0.887,0.888,0.902,0.887,0.9,0.013,1.4656,179994.0,16079.493
160522.SZ,20190301,0.926,0.925,0.926,0.925,0.926,0.0,0.0,108.0,9.998
160635.SZ,20190301,0.96,0.965,0.965,0.95,0.963,0.003,0.3125,634.06,60.741
164403.SZ,20190301,1.092,1.097,1.097,1.076,1.093,0.001,0.0916,36.0,3.894
169105.SZ,20190301,1.186,1.186,1.199,1.175,1.198,0.012,1.0118,69864.0,8288.046
512680.SH,20190301,0.746,0.748,0.756,0.736,0.749,0.003,0.4021,59433.0,4416.201
168104.SZ,20190301,1.046,1.001,1.069,1.001,1.069,0.023,2.1989,6.0,0.607
512000.SH,20190301,0.956,0.966,0.998,0.95,0.987,0.031,3.2427,4443927.08,433437.524
165525.SZ,20190301,0.872,0.872,0.875,0.858,0.871,-0.001,-0.1147,7438.33,644.252
160421.SZ,20190301,0.924,0.939,0.95,0.927,0.95,0.026,2.8139,23906.1,2257.075
501026.SH,20190301,0.802,0.797,0.803,0.794,0.803,0.001,0.1247,813.12,64.837
167002.SZ,20190301,0.917,0.933,0.933,0.933,0.933,0.016,1.7448,13.0,1.212
511660.SH,20190301,100.014,100.008,100.017,100.006,100.015,0.001,0.001,167490.23,1675103.574
168105.SZ,20190301,0.774,0.773,0.779,0.772,0.779,0.005,0.646,10497.05,813.685
512100.SH,20190301,0.638,0.638,0.645,0.633,0.643,0.005,0.7837,216615.0,13808.971
501022.SH,20190301,0.9,0.893,0.903,0.893,0.903,0.003,0.3333,1112.42,100.183
501023.SH,20190301,1.11,1.099,1.099,1.099,1.099,-0.011,-0.991,2.01,0.221
511600.SH,20190301,100.0,100.0,100.012,100.0,100.012,0.012,0.012,1236.01,12360.975
160722.SZ,20190301,0.998,0.998,1.005,0.998,1.004,0.006,0.6012,9399.69,941.493
163119.SZ,20190301,0.753,0.75,0.77,0.75,0.77,0.017,2.2576,25.0,1.895
511690.SH,20190301,100.001,100.001,100.011,100.001,100.01,0.009,0.009,29598.34,296000.342
511700.SH,20190301,99.998,100.002,100.008,99.996,100.004,0.006,0.006,1696.93,16969.805
501050.SH,20190301,1.219,1.22,1.239,1.217,1.236,0.017,1.3946,28830.73,3539.089
164210.SZ,20190301,1.074,1.066,1.066,1.066,1.066,-0.008,-0.7449,1.72,0.183
160223.SZ,20190301,0.72,0.732,0.735,0.722,0.734,0.014,1.9444,4791.0,349.783
164814.SZ,20190301,1.05,1.052,1.052,1.052,1.052,0.002,0.1905,175.0,18.41
161035.SZ,20190301,0.91,0.905,0.916,0.903,0.916,0.006,0.6593,623.68,56.422
161124.SZ,20190301,1.098,1.096,1.098,1.095,1.098,0.0,0.0,41.0,4.498
160322.SZ,20190301,1.0,1.002,1.002,1.002,1.002,0.002,0.2,20.0,2.004
501028.SH,20190301,0.865,0.872,0.872,0.849,0.867,0.002,0.2312,1171.29,100.57
169201.SZ,20190301,1.038,1.02,1.02,1.02,1.02,-0.018,-1.7341,50.0,5.1
162717.SZ,20190301,0.851,0.869,0.869,0.869,0.869,0.018,2.1152,13.21,1.147
511950.SH,20190301,100.438,100.0,100.0,100.0,100.0,-0.438,-0.4361,3.2,32.0
501300.SH,20190301,0.971,0.971,0.973,0.971,0.973,0.002,0.206,3872.0,376.611
161125.SZ,20190301,1.183,1.183,1.183,1.174,1.182,-0.001,-0.0845,304.0,35.816
168301.SZ,20190301,0.878,0.881,0.892,0.881,0.892,0.014,1.5945,12824.56,1132.6
160323.SZ,20190301,0.971,0.97,0.97,0.97,0.97,-0.001,-0.103,11.78,1.142
161127.SZ,20190301,1.288,1.292,1.292,1.285,1.288,0.0,0.0,160.0,20.637
161128.SZ,20190301,1.359,1.359,1.359,1.345,1.357,-0.002,-0.1472,92.0,12.434
168401.SZ,20190301,1.038,1.044,1.05,1.044,1.05,0.012,1.1561,1159.01,121.642
161129.SZ,20190301,1.054,1.058,1.068,1.056,1.068,0.014,1.3283,7744.29,823.663
501029.SH,20190301,0.972,0.974,0.98,0.966,0.979,0.007,0.7202,96582.96,9392.526
501007.SH,20190301,0.875,0.872,0.88,0.872,0.88,0.005,0.5714,152.0,13.332
501008.SH,20190301,0.889,0.881,0.94,0.88,0.92,0.031,3.4871,1270.0,111.919
501011.SH,20190301,0.828,0.836,0.844,0.825,0.837,0.009,1.087,852.0,71.397
501012.SH,20190301,0.813,0.802,0.849,0.802,0.849,0.036,4.428,76.0,6.169
501009.SH,20190301,1.024,1.025,1.055,1.025,1.037,0.013,1.2695,1447.3,148.555
501030.SH,20190301,0.608,0.625,0.625,0.599,0.608,0.0,0.0,2887.43,174.799
501010.SH,20190301,1.079,1.079,1.09,1.013,1.025,-0.054,-5.0046,951.8,97.386
501031.SH,20190301,0.619,0.622,0.622,0.6,0.616,-0.003,-0.4847,511.86,31.504
513050.SH,20190301,1.231,1.236,1.246,1.23,1.236,0.005,0.4062,999973.0,123876.61
511650.SH,20190301,99.998,100.0,100.008,100.0,100.005,0.007,0.007,1144.55,11445.866
501032.SH,20190301,0.73,0.732,0.751,0.732,0.732,0.002,0.274,34.0,2.5
512580.SH,20190301,0.761,0.762,0.768,0.753,0.763,0.002,0.2628,165034.0,12513.174
168108.SZ,20190301,1.06,1.06,1.061,1.03,1.053,-0.007,-0.6604,5001.0,530.033
161233.SZ,20190301,0.996,0.963,0.963,0.963,0.963,-0.033,-3.3133,1.0,0.096
161631.SZ,20190301,0.927,0.933,0.94,0.912,0.932,0.005,0.5394,50508.31,4666.232
162719.SZ,20190301,0.95,0.952,0.959,0.952,0.959,0.009,0.9474,544.74,51.931
512900.SH,20190301,0.967,0.982,1.015,0.963,1.0,0.033,3.4126,204726.0,20250.751
161036.SZ,20190301,0.623,0.634,0.635,0.628,0.635,0.012,1.9262,398.0,25.212
167003.SZ,20190301,1.057,1.062,1.062,1.057,1.057,0.0,0.0,499.0,52.748
511770.SH,20190301,99.997,100.0,100.047,99.98,99.998,0.001,0.001,522.8,5228.113
501019.SH,20190301,0.737,0.744,0.744,0.726,0.74,0.003,0.4071,5830.32,427.13
501301.SH,20190301,1.159,1.169,1.169,1.158,1.158,-0.001,-0.0863,391.92,45.644
164509.SZ,20190301,1.065,1.064,1.064,1.064,1.064,-0.001,-0.0939,97.0,10.32
160723.SZ,20190301,1.104,1.109,1.126,1.109,1.118,0.014,1.2681,9913.83,1106.986
160138.SZ,20190301,1.083,1.083,1.107,1.083,1.107,0.024,2.2161,12.0,1.304
166402.SZ,20190301,1.064,1.077,1.078,1.071,1.071,0.007,0.6579,24.0,2.578
161835.SZ,20190301,1.039,1.025,1.027,1.014,1.027,-0.012,-1.155,980.0,100.492
159952.SZ,20190301,0.885,0.894,0.902,0.882,0.902,0.017,1.9209,1018390.6,91070.562
501016.SH,20190301,1.07,1.038,1.069,1.026,1.059,-0.011,-1.028,105656.16,11046.542
161037.SZ,20190301,0.949,0.951,1.015,0.926,0.966,0.017,1.7914,13200.0,1264.576
159950.SZ,20190301,0.92,0.92,0.935,0.912,0.935,0.015,1.6304,834.0,76.439
512550.SH,20190301,1.072,1.078,1.103,1.074,1.101,0.029,2.7052,18218.0,1976.597
160324.SZ,20190301,0.918,0.911,0.924,0.908,0.924,0.006,0.6536,479.01,43.893
501302.SH,20190301,1.041,1.053,1.081,1.053,1.081,0.04,3.8425,4.0,0.426
161130.SZ,20190301,1.16,1.162,1.168,1.162,1.168,0.008,0.6897,55.0,6.412
159955.SZ,20190301,0.828,0.829,0.847,0.826,0.843,0.015,1.8116,23938.0,2002.176
160643.SZ,20190301,0.82,0.814,0.815,0.814,0.815,-0.005,-0.6098,353.0,28.755
159953.SZ,20190301,0.756,0.764,0.764,0.757,0.759,0.003,0.3968,468.19,35.451
159951.SZ,20190301,0.778,0.771,0.781,0.767,0.769,-0.009,-1.1568,1455.15,112.538
163111.SZ,20190301,0.911,0.911,0.924,0.906,0.918,0.007,0.7684,1603.65,145.971
512200.SH,20190301,0.842,0.842,0.845,0.828,0.843,0.001,0.1188,42473.0,3559.497
512700.SH,20190301,1.072,1.066,1.107,1.066,1.106,0.034,3.1716,11555.0,1264.094
512800.SH,20190301,1.036,1.042,1.071,1.03,1.07,0.034,3.2819,1682829.01,177077.517
161038.SZ,20190301,0.913,0.928,0.943,0.874,0.943,0.03,3.2859,756.0,66.663
512400.SH,20190301,0.673,0.675,0.677,0.665,0.677,0.004,0.5944,113855.0,7637.077
512560.SH,20190301,0.841,0.841,0.841,0.823,0.83,-0.011,-1.308,17665.0,1464.559
512570.SH,20190301,0.95,0.951,0.992,0.948,0.975,0.025,2.6316,41789.0,4086.044
161715.SZ,20190301,0.868,0.867,0.871,0.867,0.868,0.0,0.0,37.82,3.282
160924.SZ,20190301,1.03,1.055,1.055,1.055,1.055,0.025,2.4272,1.0,0.105
501036.SH,20190301,0.8,0.789,0.8,0.789,0.8,0.0,0.0,612.0,48.693
501037.SH,20190301,0.792,0.792,0.85,0.77,0.845,0.053,6.6919,1218.65,95.4
501038.SH,20190301,0.988,0.988,1.005,0.988,1.005,0.017,1.7206,9842.29,978.25
511260.SH,20190301,106.01,106.011,106.106,105.885,105.96,-0.05,-0.0472,1422.0,15073.202
511620.SH,20190301,99.999,99.948,100.01,99.948,100.01,0.011,0.011,14.81,148.1
166023.SZ,20190301,0.9,0.927,0.927,0.917,0.926,0.026,2.8889,433.0,40.008
511670.SH,20190301,99.999,99.998,100.007,99.998,100.004,0.005,0.005,4101.78,41018.987
501303.SH,20190301,0.9,0.9,0.9,0.9,0.9,0.0,0.0,5.0,0.45
168002.SZ,20190301,1.018,1.024,1.03,1.024,1.03,0.012,1.1788,910.05,93.479
501039.SH,20190301,1.039,1.04,1.04,1.04,1.04,0.001,0.0962,120.0,12.48
501040.SH,20190301,1.041,1.041,1.041,1.04,1.041,0.0,0.0,15834.23,1647.183
501043.SH,20190301,0.978,0.98,1.0,0.98,1.0,0.022,2.2495,2650.29,261.93
501045.SH,20190301,0.972,0.973,0.994,0.973,0.993,0.021,2.1605,1715.2,168.998
160140.SZ,20190301,1.057,1.049,1.065,1.049,1.064,0.007,0.6623,112.0,11.771
501046.SH,20190301,1.095,1.096,1.102,1.083,1.102,0.007,0.6393,32493.79,3540.723
510380.SH,20190301,0.929,0.928,0.935,0.928,0.931,0.002,0.2153,8511.0,793.872
160644.SZ,20190301,0.837,0.801,0.817,0.801,0.817,-0.02,-2.3895,29.0,2.347
166024.SZ,20190301,0.875,0.879,0.887,0.872,0.882,0.007,0.8,25911.2,2273.705
501047.SH,20190301,0.98,0.985,1.01,0.98,1.008,0.028,2.8571,5274.02,526.245
501048.SH,20190301,0.977,0.985,1.017,0.983,0.991,0.014,1.433,7258.09,721.918
159957.SZ,20190301,0.902,0.903,0.919,0.9,0.916,0.014,1.5521,9239.0,841.252
501106.SH,20190301,1.088,1.088,1.088,1.088,1.088,0.0,0.0,31.0,3.373
501049.SH,20190301,0.887,0.887,0.898,0.887,0.897,0.01,1.1274,9644.21,859.196
501051.SH,20190301,0.937,0.941,0.944,0.937,0.944,0.007,0.7471,3815.1,358.218
501305.SH,20190301,0.933,0.921,0.943,0.921,0.943,0.01,1.0718,2131.09,199.171
159958.SZ,20190301,0.888,0.897,0.913,0.887,0.904,0.016,1.8018,59659.01,5361.799
510800.SH,20190301,0.963,0.967,0.994,0.96,0.987,0.024,2.4922,67715.0,6604.759
512980.SH,20190301,0.809,0.809,0.821,0.801,0.819,0.01,1.2361,162888.0,13200.784
159954.SZ,20190301,0.995,0.997,1.005,0.997,1.004,0.009,0.9045,18430.11,1844.304
510390.SH,20190301,3.718,3.722,3.801,3.72,3.797,0.079,2.1248,78464.72,29464.479
501053.SH,20190301,1.015,1.01,1.011,1.01,1.011,-0.004,-0.3941,1456.39,147.096
161014.SZ,20190301,1.177,1.176,1.179,1.175,1.177,0.0,0.0,3290.15,387.001
511290.SH,20190301,96.0,100.999,100.999,95.13,95.13,-0.87,-0.9063,2.2,21.633
163417.SZ,20190301,0.888,0.891,0.9,0.888,0.9,0.012,1.3514,408182.2,36416.211
511310.SH,20190301,105.2,105.2,105.2,105.2,105.2,0.0,0.0,0.1,1.052
159956.SZ,20190301,0.857,0.857,0.878,0.857,0.878,0.021,2.4504,12377.53,1079.277
501054.SH,20190301,0.867,0.868,0.878,0.862,0.876,0.009,1.0381,102905.01,8935.632
511280.SH,20190301,102.502,102.649,103.0,102.649,102.801,0.299,0.2917,2.7,27.769
162416.SZ,20190301,1.039,1.026,1.026,1.026,1.026,-0.013,-1.2512,651.1,66.802
501307.SH,20190301,0.985,0.985,0.985,0.985,0.985,0.0,0.0,1.0,0.099
510590.SH,20190301,5.109,5.099,5.17,5.076,5.17,0.061,1.194,36702.95,18787.748
169106.SZ,20190301,1.01,1.01,1.013,1.01,1.013,0.003,0.297,8867.94,897.278
512160.SH,20190301,1.001,1.019,1.022,1.0,1.021,0.02,1.998,1110463.0,111963.84
512520.SH,20190301,0.982,0.988,1.001,0.982,1.0,0.018,1.833,204018.36,20213.268
512180.SH,20190301,0.979,0.986,0.999,0.977,0.998,0.019,1.9408,1442420.0,141776.203
162006.SZ,20190301,1.024,1.041,1.041,1.041,1.041,0.017,1.6602,9.0,0.936
160910.SZ,20190301,0.945,0.962,0.98,0.961,0.977,0.032,3.3862,211.0,20.412
160805.SZ,20190301,0.706,0.706,0.708,0.706,0.708,0.002,0.2833,1090.0,77.055
160311.SZ,20190301,1.425,1.425,1.435,1.42,1.435,0.01,0.7018,1599.81,228.217
161610.SZ,20190301,0.93,0.926,0.942,0.926,0.941,0.011,1.1828,1331.0,124.312
159961.SZ,20190301,1.212,1.212,1.237,1.212,1.237,0.025,2.0627,21073.69,2582.6
512260.SH,20190301,1.159,1.161,1.172,1.152,1.172,0.013,1.1217,48202.96,5597.637
501067.SH,20190301,1.119,1.119,1.137,1.119,1.137,0.018,1.6086,566.02,63.511
501068.SH,20190301,1.123,1.159,1.159,1.101,1.101,-0.022,-1.959,69.0,7.823
512870.SH,20190301,1.089,1.089,1.101,1.085,1.1,0.011,1.0101,422200.31,46322.422
510550.SH,20190301,1.152,1.153,1.169,1.14,1.155,0.003,0.2604,6440.6,742.057
513680.SH,20190301,1.015,1.02,1.028,1.02,1.023,0.008,0.7882,251.0,25.686
512150.SH,20190301,1.116,1.16,1.163,1.119,1.145,0.029,2.5986,23594.02,2653.813
512890.SH,20190301,1.087,1.086,1.1,1.084,1.1,0.013,1.196,50057.92,5446.409
501311.SH,20190301,1.002,1.002,1.004,1.001,1.004,0.002,0.1996,479.63,48.07
511020.SH,20190301,100.03,99.6,100.021,99.6,100.011,-0.019,-0.019,26.7,267.038
160105.SZ,20190301,0.911,0.898,0.934,0.898,0.926,0.015,1.6465,1044.22,94.636
163801.SZ,20190301,1.172,1.172,1.195,1.172,1.188,0.016,1.3652,167.0,19.723
160505.SZ,20190301,1.529,1.536,1.552,1.527,1.548,0.019,1.2426,65128.09,10002.418
510050.SH,20190301,2.736,2.75,2.806,2.733,2.802,0.066,2.4123,10116501.46,2797615.029
162703.SZ,20190301,1.229,1.232,1.257,1.232,1.251,0.022,1.7901,3865.67,480.543
162605.SZ,20190301,1.326,1.328,1.349,1.328,1.349,0.023,1.7345,29402.82,3932.118
161607.SZ,20190301,1.14,1.152,1.165,1.152,1.165,0.025,2.193,377.83,43.955
160106.SZ,20190301,0.991,0.999,1.004,0.99,0.997,0.006,0.6054,2038.0,203.226
161903.SZ,20190301,0.844,0.85,0.87,0.847,0.868,0.024,2.8436,304.0,26.063
160706.SZ,20190301,1.046,1.048,1.067,1.045,1.067,0.021,2.0076,101673.58,10699.454
163302.SZ,20190301,1.109,1.109,1.128,1.098,1.116,0.007,0.6312,343.0,37.921
161005.SZ,20190301,1.776,1.796,1.816,1.778,1.807,0.031,1.7455,17684.03,3168.249
163402.SZ,20190301,0.708,0.711,0.717,0.708,0.717,0.009,1.2712,115889.67,8254.66
161706.SZ,20190301,1.613,1.594,1.611,1.583,1.585,-0.028,-1.7359,1599.0,254.685
163503.SZ,20190301,0.409,0.412,0.412,0.406,0.41,0.001,0.2445,4402.64,179.913
162607.SZ,20190301,0.438,0.442,0.445,0.436,0.442,0.004,0.9132,1753.0,77.303
159901.SZ,20190301,4.241,4.27,4.318,4.23,4.317,0.076,1.792,549819.6,234624.368
510180.SH,20190301,3.319,3.33,3.402,3.316,3.4,0.081,2.4405,309653.5,103839.377
162207.SZ,20190301,1.116,1.123,1.16,1.123,1.158,0.042,3.7634,1370.88,156.988
159902.SZ,20190301,2.873,2.893,2.92,2.848,2.895,0.022,0.7658,445725.83,128223.277
160607.SZ,20190301,0.65,0.65,0.655,0.646,0.653,0.003,0.4615,2594.46,168.484
510880.SH,20190301,2.807,2.816,2.836,2.799,2.835,0.028,0.9975,117991.76,33227.362
160610.SZ,20190301,0.894,0.894,0.905,0.892,0.905,0.011,1.2304,359.68,32.184
