ts_code,trade_date,pre_close,open,high,low,close,change,pct_chg,vol,amount
150315.SZ,20190218,0.98,0.977,0.977,0.97,0.977,-0.003,-0.3061,1150.0,111.708
150316.SZ,20190218,1.036,1.05,1.127,1.05,1.126,0.09,8.6873,1229.61,135.943
150291.SZ,20190218,0.994,0.993,0.994,0.993,0.993,-0.001,-0.1006,9699.0,963.111
150292.SZ,20190218,0.641,0.66,0.668,0.637,0.65,0.009,1.4041,786.0,50.987
150238.SZ,20190218,0.466,0.464,0.508,0.464,0.498,0.032,6.867,2631.85,126.346
150245.SZ,20190218,0.987,1.0,1.0,0.991,0.991,0.004,0.4053,283.16,28.315
150246.SZ,20190218,0.545,0.599,0.6,0.598,0.6,0.055,10.0917,1374.0,82.312
150283.SZ,20190218,0.999,0.998,0.998,0.996,0.996,-0.003,-0.3003,12138.0,1210.819
150284.SZ,20190218,0.474,0.493,0.521,0.491,0.521,0.047,9.9156,2125.33,109.001
150307.SZ,20190218,0.976,0.977,0.977,0.976,0.977,0.001,0.1025,491.0,47.97
150308.SZ,20190218,0.936,0.988,1.03,0.988,1.03,0.094,10.0427,561.24,57.802
502006.SH,20190218,0.88,0.89,0.907,0.89,0.907,0.027,3.0682,1073.85,96.805
502007.SH,20190218,0.997,0.997,0.997,0.994,0.994,-0.003,-0.3009,2771.0,275.715
502008.SH,20190218,0.762,0.779,0.817,0.779,0.811,0.049,6.4304,890.1,71.469
150309.SZ,20190218,0.987,1.005,1.005,0.986,0.987,0.0,0.0,711.27,70.264
150310.SZ,20190218,1.085,1.094,1.189,0.98,1.13,0.045,4.1475,952.0,105.247
501000.SH,20190218,0.935,0.95,0.968,0.94,0.95,0.015,1.6043,155.64,14.782
150321.SZ,20190218,1.039,1.037,1.04,1.035,1.035,-0.004,-0.385,21741.6,2254.742
150322.SZ,20190218,0.675,0.669,0.714,0.669,0.712,0.037,5.4815,8370.64,575.866
150311.SZ,20190218,0.987,0.986,0.986,0.986,0.986,-0.001,-0.1013,42.0,4.141
150312.SZ,20190218,0.99,0.99,1.088,0.99,1.088,0.098,9.899,1023.79,106.864
512330.SH,20190218,0.618,0.619,0.65,0.619,0.649,0.031,5.0162,41481.0,2663.544
159945.SZ,20190218,0.63,0.623,0.634,0.623,0.634,0.004,0.6349,1922.11,121.064
159944.SZ,20190218,0.66,0.669,0.669,0.66,0.669,0.009,1.3636,464.0,30.939
150297.SZ,20190218,1.009,1.01,1.013,1.01,1.013,0.004,0.3964,150.0,15.192
150298.SZ,20190218,1.035,1.138,1.138,0.956,1.084,0.049,4.7343,518.37,50.373
502036.SH,20190218,0.737,0.735,0.78,0.735,0.768,0.031,4.2062,6200.61,468.789
502037.SH,20190218,0.995,0.991,0.991,0.988,0.99,-0.005,-0.5025,2916.14,288.688
502038.SH,20190218,0.842,0.758,0.83,0.758,0.758,-0.084,-9.9762,3324.29,253.428
150317.SZ,20190218,1.0,0.951,0.951,0.951,0.951,-0.049,-4.9,13.26,1.261
150318.SZ,20190218,1.515,1.515,1.515,1.515,1.515,0.0,0.0,0.03,0.004
150328.SZ,20190218,0.61,0.636,0.65,0.636,0.65,0.04,6.5574,170.0,10.938
150326.SZ,20190218,1.255,1.255,1.255,1.255,1.255,0.0,0.0,22.0,2.761
150323.SZ,20190218,0.989,0.981,0.981,0.981,0.981,-0.008,-0.8089,1.0,0.098
150324.SZ,20190218,0.439,0.482,0.483,0.482,0.483,0.044,10.0228,912.14,43.973
150335.SZ,20190218,0.995,0.996,0.996,0.991,0.994,-0.001,-0.1005,344.63,34.284
150336.SZ,20190218,0.52,0.534,0.569,0.53,0.569,0.049,9.4231,7186.86,397.572
502010.SH,20190218,0.9,0.918,0.944,0.911,0.944,0.044,4.8889,10703.12,996.342
502012.SH,20190218,0.802,0.817,0.882,0.817,0.882,0.08,9.9751,49520.43,4264.249
502011.SH,20190218,0.996,0.994,0.995,0.991,0.992,-0.004,-0.4016,11275.0,1119.991
502003.SH,20190218,1.086,1.085,1.122,1.085,1.117,0.031,2.8545,920.42,102.384
502004.SH,20190218,0.98,0.984,0.984,0.98,0.98,0.0,0.0,4145.0,407.33
502005.SH,20190218,1.18,1.188,1.262,1.188,1.256,0.076,6.4407,8391.93,1034.751
168101.SZ,20190218,0.835,0.84,0.855,0.838,0.855,0.02,2.3952,6092.57,515.339
150303.SZ,20190218,0.995,0.994,0.995,0.991,0.992,-0.003,-0.3015,28329.0,2813.076
150304.SZ,20190218,0.762,0.769,0.838,0.769,0.838,0.076,9.9738,131767.98,10621.602
502023.SH,20190218,0.798,0.797,0.797,0.776,0.793,-0.005,-0.6266,133.31,10.5
502024.SH,20190218,0.987,0.987,0.987,0.987,0.987,0.0,0.0,1658.5,163.694
502025.SH,20190218,0.891,0.802,0.802,0.802,0.802,-0.089,-9.9888,201.0,16.12
150329.SZ,20190218,0.973,0.973,0.974,0.972,0.972,-0.001,-0.1028,2140.02,208.25
150330.SZ,20190218,1.209,1.225,1.264,1.221,1.264,0.055,4.5492,16617.24,2066.443
184801.SZ,20190218,93.854,93.86,95.0,93.86,93.88,0.026,0.0277,135.9,1285.438
502056.SH,20190218,0.884,0.909,0.917,0.903,0.917,0.033,3.733,128.97,11.713
502057.SH,20190218,0.99,0.99,1.089,0.99,1.089,0.099,10.0,469.0,46.687
502058.SH,20190218,0.76,0.78,0.83,0.78,0.83,0.07,9.2105,326.09,26.591
511830.SH,20190218,100.008,99.995,100.0,99.986,99.996,-0.012,-0.012,1402.77,14026.754
150344.SZ,20190218,1.568,1.589,1.699,1.569,1.66,0.092,5.8673,525.04,84.912
150343.SZ,20190218,0.996,0.995,0.995,0.995,0.995,-0.001,-0.1004,79.0,7.86
510360.SH,20190218,1.074,1.076,1.105,1.076,1.105,0.031,2.8864,766685.0,84280.832
502053.SH,20190218,1.159,1.18,1.222,1.18,1.221,0.062,5.3494,412.46,49.527
502054.SH,20190218,0.985,0.988,0.988,0.986,0.987,0.002,0.203,1740.78,171.856
502055.SH,20190218,1.334,1.397,1.452,1.363,1.449,0.115,8.6207,3781.88,530.071
161226.SZ,20190218,0.792,0.795,0.801,0.792,0.797,0.005,0.6313,35158.7,2797.147
167501.SZ,20190218,1.234,1.234,1.235,1.234,1.234,0.0,0.0,7976.41,984.63
510580.SH,20190218,4.508,4.508,4.688,4.508,4.669,0.161,3.5714,1943.0,892.608
161227.SZ,20190218,0.813,0.813,0.848,0.813,0.842,0.029,3.567,17343.36,1445.643
511980.SH,20190218,100.009,99.993,99.997,99.99,99.996,-0.013,-0.013,663.09,6630.459
511900.SH,20190218,100.005,99.991,99.999,99.99,99.998,-0.007,-0.007,10556.02,105554.74
511930.SH,20190218,100.001,99.993,99.994,99.993,99.994,-0.007,-0.007,2.05,20.499
161229.SZ,20190218,1.171,1.175,1.203,1.175,1.203,0.032,2.7327,36.0,4.282
164206.SZ,20190218,1.102,1.112,1.115,1.112,1.115,0.013,1.1797,190.0,21.155
501002.SH,20190218,0.666,0.669,0.687,0.669,0.687,0.021,3.1532,83.0,5.689
159907.SZ,20190218,1.073,1.073,1.114,1.073,1.114,0.041,3.8211,2992.0,330.083
163110.SZ,20190218,1.515,1.521,1.55,1.52,1.55,0.035,2.3102,1921.26,295.13
159909.SZ,20190218,3.792,3.817,3.965,3.793,3.965,0.173,4.5622,5849.0,2288.376
510270.SH,20190218,1.005,1.004,1.023,1.004,1.023,0.018,1.791,296.0,29.94
161217.SZ,20190218,0.591,0.594,0.6,0.594,0.6,0.009,1.5228,400.0,23.958
165512.SZ,20190218,1.731,1.73,1.768,1.73,1.765,0.034,1.9642,28.33,4.949
159910.SZ,20190218,1.536,1.538,1.588,1.538,1.588,0.052,3.3854,2907.0,457.104
162712.SZ,20190218,1.44,1.439,1.439,1.436,1.436,-0.004,-0.2778,710.69,102.204
160719.SZ,20190218,0.717,0.718,0.719,0.711,0.717,0.0,0.0,6513.0,466.412
159911.SZ,20190218,3.19,3.19,3.306,3.19,3.306,0.116,3.6364,615.0,201.325
164606.SZ,20190218,1.104,1.156,1.156,1.13,1.13,0.026,2.3551,62.67,7.092
164701.SZ,20190218,0.611,0.616,0.616,0.61,0.612,0.001,0.1637,5589.66,341.716
160415.SZ,20190218,1.022,1.055,1.064,1.031,1.059,0.037,3.6204,133.2,13.999
159915.SZ,20190218,1.302,1.31,1.357,1.308,1.357,0.055,4.2243,8628154.62,1151787.429
159916.SZ,20190218,3.367,3.401,3.453,3.38,3.445,0.078,2.3166,711.0,243.133
159912.SZ,20190218,1.07,1.07,1.118,1.07,1.1,0.03,2.8037,3956.14,432.934
510290.SH,20190218,1.229,1.229,1.266,1.229,1.266,0.037,3.0106,3216.0,403.017
160125.SZ,20190218,0.995,0.998,1.03,0.998,1.03,0.035,3.5176,1946.0,197.937
159913.SZ,20190218,1.566,1.533,1.625,1.533,1.62,0.054,3.4483,1030.0,162.882
163208.SZ,20190218,0.824,0.84,0.84,0.838,0.838,0.014,1.699,99.0,8.302
161017.SZ,20190218,1.571,1.575,1.625,1.575,1.622,0.051,3.2463,16502.87,2635.463
162411.SZ,20190218,0.505,0.518,0.521,0.516,0.52,0.015,2.9703,1210965.59,62744.375
150047.SZ,20190218,0.988,0.994,0.994,0.992,0.992,0.004,0.4049,1039.0,103.188
150048.SZ,20190218,0.832,0.855,0.915,0.854,0.879,0.047,5.649,1315.2,113.65
150053.SZ,20190218,0.984,0.982,0.982,0.981,0.981,-0.003,-0.3049,528.0,51.802
150054.SZ,20190218,0.63,0.689,0.69,0.689,0.689,0.059,9.3651,67.2,4.631
150065.SZ,20190218,0.63,0.66,0.66,0.66,0.66,0.03,4.7619,3.19,0.21
150059.SZ,20190218,0.957,0.978,0.978,0.978,0.978,0.021,2.1944,28.0,2.738
150060.SZ,20190218,0.8,0.819,0.88,0.8,0.859,0.059,7.375,1375.89,113.298
165513.SZ,20190218,0.391,0.393,0.397,0.391,0.395,0.004,1.023,9809.0,387.42
161219.SZ,20190218,1.19,1.198,1.208,1.198,1.208,0.018,1.5126,8.0,0.964
150051.SZ,20190218,0.976,0.976,0.978,0.966,0.973,-0.003,-0.3074,40203.55,3916.785
150052.SZ,20190218,0.56,0.566,0.616,0.566,0.616,0.056,10.0,103483.85,6137.414
150056.SZ,20190218,0.977,1.074,1.074,1.068,1.068,0.091,9.3142,11.0,1.175
163819.SZ,20190218,1.017,1.045,1.045,1.045,1.045,0.028,2.7532,144.31,15.08
150049.SZ,20190218,1.014,1.011,1.011,1.01,1.011,-0.003,-0.2959,3492.58,353.091
150050.SZ,20190218,0.522,0.536,0.574,0.528,0.568,0.046,8.8123,5616.11,309.28
159918.SZ,20190218,1.21,1.227,1.278,1.218,1.262,0.052,4.2975,1661.0,208.037
160416.SZ,20190218,0.991,0.996,1.011,0.996,1.004,0.013,1.3118,3136.0,314.31
150073.SZ,20190218,0.981,0.982,0.982,0.982,0.982,0.001,0.1019,195.0,19.149
150075.SZ,20190218,0.376,0.4,0.413,0.4,0.413,0.037,9.8404,272.48,11.228
163412.SZ,20190218,2.933,2.949,3.02,2.949,3.019,0.086,2.9322,16490.95,4927.824
510410.SH,20190218,0.599,0.598,0.611,0.597,0.609,0.01,1.6694,33985.0,2048.861
165516.SZ,20190218,1.641,1.649,1.679,1.649,1.677,0.036,2.1938,5.0,0.832
160216.SZ,20190218,0.45,0.455,0.459,0.455,0.459,0.009,2.0,32122.24,1468.444
159919.SZ,20190218,3.339,3.354,3.435,3.354,3.432,0.093,2.7853,772850.65,263035.504
510300.SH,20190218,3.341,3.363,3.44,3.363,3.438,0.097,2.9033,4711063.63,1605204.751
161019.SZ,20190218,1.03,1.03,1.03,1.028,1.029,-0.001,-0.0971,721.0,74.181
163821.SZ,20190218,1.208,1.198,1.215,1.198,1.215,0.007,0.5795,54.0,6.483
160128.SZ,20190218,1.06,1.061,1.061,1.061,1.061,0.001,0.0943,237.0,25.145
164810.SZ,20190218,1.001,1.003,1.003,1.003,1.003,0.002,0.1998,10.0,1.003
150105.SZ,20190218,1.063,1.169,1.169,1.169,1.169,0.106,9.9718,1.0,0.116
164702.SZ,20190218,1.048,1.045,1.059,1.045,1.059,0.011,1.0496,14.0,1.466
159920.SZ,20190218,1.465,1.474,1.49,1.474,1.487,0.022,1.5017,2834275.33,421104.284
510900.SH,20190218,1.175,1.185,1.196,1.185,1.196,0.021,1.7872,7860045.0,938039.488
161820.SZ,20190218,1.109,1.113,1.113,1.109,1.109,0.0,0.0,32.0,3.55
510430.SH,20190218,1.342,1.342,1.342,1.342,1.342,0.0,0.0,2.0,0.268
160916.SZ,20190218,2.415,2.411,2.477,2.411,2.477,0.062,2.5673,1144.88,280.388
150092.SZ,20190218,0.978,0.98,0.98,0.979,0.979,0.001,0.1022,998.0,97.728
150093.SZ,20190218,0.465,0.458,0.496,0.458,0.496,0.031,6.6667,1964.0,94.901
510440.SH,20190218,1.34,1.348,1.38,1.347,1.38,0.04,2.9851,576.0,79.024
150095.SZ,20190218,0.881,0.958,0.958,0.793,0.867,-0.014,-1.5891,563.49,46.337
150106.SZ,20190218,1.034,1.033,1.033,1.002,1.031,-0.003,-0.2901,139591.22,14370.682
150107.SZ,20190218,0.574,0.575,0.631,0.568,0.631,0.057,9.9303,395479.62,23609.093
161119.SZ,20190218,1.352,1.348,1.348,1.348,1.348,-0.004,-0.2959,110.13,14.845
163415.SZ,20190218,1.528,1.53,1.569,1.53,1.563,0.035,2.2906,3716.38,576.616
510330.SH,20190218,3.34,3.368,3.442,3.368,3.438,0.098,2.9341,1629207.59,554747.865
511990.SH,20190218,100.011,99.993,99.998,99.992,99.998,-0.013,-0.013,940734.45,9406910.693
160720.SZ,20190218,1.147,1.141,1.141,1.141,1.141,-0.006,-0.5231,24.0,2.738
159922.SZ,20190218,4.703,4.708,4.878,4.708,4.875,0.172,3.6572,55696.0,26766.324
510500.SH,20190218,4.816,4.84,5.01,4.84,5.006,0.19,3.9452,3267174.44,1614673.833
150117.SZ,20190218,0.992,0.992,0.992,0.988,0.988,-0.004,-0.4032,12946.66,1281.525
150118.SZ,20190218,0.884,0.89,0.94,0.89,0.936,0.052,5.8824,119637.54,10958.149
159923.SZ,20190218,1.456,1.477,1.487,1.47,1.487,0.031,2.1291,5189.11,765.079
510310.SH,20190218,1.45,1.452,1.49,1.452,1.489,0.039,2.6897,160062.0,23657.316
511010.SH,20190218,117.068,117.067,117.499,116.912,116.939,-0.129,-0.1102,17912.0,209498.502
160212.SZ,20190218,1.722,1.711,1.786,1.711,1.784,0.062,3.6005,13197.82,2325.105
510660.SH,20190218,1.524,1.534,1.585,1.534,1.585,0.061,4.0026,16525.0,2585.887
510650.SH,20190218,1.676,1.686,1.723,1.686,1.721,0.045,2.685,1845.0,316.137
510630.SH,20190218,2.214,2.224,2.279,2.224,2.278,0.064,2.8907,4151.0,939.076
159925.SZ,20190218,1.423,1.432,1.472,1.432,1.472,0.049,3.4434,8037.18,1170.656
150123.SZ,20190218,1.017,1.015,1.017,1.015,1.016,-0.001,-0.0983,8672.0,881.044
150124.SZ,20190218,0.555,0.565,0.607,0.565,0.602,0.047,8.4685,26708.07,1569.147
163210.SZ,20190218,1.167,1.167,1.167,1.166,1.167,0.0,0.0,25522.28,2976.788
510510.SH,20190218,1.277,1.28,1.324,1.28,1.324,0.047,3.6805,283871.0,37064.081
511880.SH,20190218,100.482,100.486,100.49,100.481,100.487,0.005,0.005,704581.33,7080111.852
165313.SZ,20190218,1.18,1.185,1.194,1.181,1.183,0.003,0.2542,1110.02,132.435
159001.SZ,20190218,100.0,99.999,100.001,99.999,100.0,0.0,0.0,13523.09,135231.316
160130.SZ,20190218,0.977,0.985,0.997,0.985,0.985,0.008,0.8188,4.0,0.395
161911.SZ,20190218,1.058,1.059,1.06,1.058,1.058,0.0,0.0,39215.62,4151.619
162715.SZ,20190218,1.114,1.11,1.11,1.11,1.11,-0.004,-0.3591,2.0,0.222
513100.SH,20190218,2.458,2.48,2.491,2.48,2.491,0.033,1.3426,275082.0,68408.265
159926.SZ,20190218,111.09,111.0,112.2,111.0,111.994,0.904,0.8138,13.0,144.835
159003.SZ,20190218,100.0,99.999,100.0,99.998,100.0,0.0,0.0,6442.07,64420.168
518880.SH,20190218,2.861,2.872,2.877,2.872,2.876,0.015,0.5243,3382564.56,972318.934
518800.SH,20190218,2.84,2.854,2.855,2.845,2.853,0.013,0.4577,347369.0,99104.888
163824.SZ,20190218,1.064,1.059,1.059,1.048,1.059,-0.005,-0.4699,220.0,23.066
150145.SZ,20190218,0.985,0.965,0.986,0.965,0.985,0.0,0.0,3119.38,307.195
150143.SZ,20190218,0.975,0.976,0.978,0.975,0.975,0.0,0.0,1975.8,193.15
150144.SZ,20190218,0.98,0.951,1.06,0.951,1.06,0.08,8.1633,1102.04,113.312
159929.SZ,20190218,1.257,1.267,1.307,1.26,1.304,0.047,3.7391,51346.25,6621.378
159928.SZ,20190218,2.108,2.12,2.182,2.12,2.18,0.072,3.4156,78645.19,17007.772
159930.SZ,20190218,0.69,0.69,0.707,0.69,0.705,0.015,2.1739,7044.42,492.558
159931.SZ,20190218,1.524,1.527,1.535,1.524,1.535,0.011,0.7218,1021.0,155.723
160515.SZ,20190218,1.068,1.068,1.07,1.065,1.066,-0.002,-0.1873,5993.0,639.214
150130.SZ,20190218,0.998,0.998,1.0,0.99,0.991,-0.007,-0.7014,59514.49,5927.545
150131.SZ,20190218,1.117,1.133,1.228,1.133,1.219,0.102,9.1316,481706.97,56762.624
150150.SZ,20190218,0.978,0.976,0.976,0.976,0.976,-0.002,-0.2045,500.0,48.8
150151.SZ,20190218,0.659,0.61,0.687,0.61,0.683,0.024,3.6419,5800.34,393.01
150152.SZ,20190218,0.989,0.989,0.99,0.979,0.981,-0.008,-0.8089,677013.5,66559.937
150153.SZ,20190218,0.81,0.821,0.891,0.821,0.891,0.081,10.0,3646300.61,313058.638
159932.SZ,20190218,1.231,1.215,1.261,1.215,1.26,0.029,2.3558,405.0,50.767
512010.SH,20190218,1.444,1.445,1.5,1.445,1.5,0.056,3.8781,271514.0,40195.3
159933.SZ,20190218,1.769,1.781,1.822,1.781,1.803,0.034,1.922,533.0,95.947
150139.SZ,20190218,0.403,0.402,0.443,0.402,0.443,0.04,9.9256,212.0,8.697
510680.SH,20190218,2.092,2.121,2.15,2.112,2.15,0.058,2.7725,44.0,9.355
160131.SZ,20190218,1.061,1.062,1.062,1.061,1.061,0.0,0.0,1102.0,116.922
159934.SZ,20190218,2.841,2.852,2.858,2.852,2.856,0.015,0.528,550393.0,157141.31
513500.SH,20190218,1.72,1.736,1.749,1.736,1.748,0.028,1.6279,242222.0,42292.768
159935.SZ,20190218,1.299,1.345,1.345,1.273,1.344,0.045,3.4642,381.0,50.918
160220.SZ,20190218,1.16,1.146,1.164,1.146,1.164,0.004,0.3448,234.0,26.877
150168.SZ,20190218,0.653,0.599,0.668,0.599,0.668,0.015,2.2971,37.0,2.223
510520.SH,20190218,1.225,1.225,1.243,1.225,1.243,0.018,1.4694,231.0,28.442
164705.SZ,20190218,1.156,1.17,1.174,1.169,1.174,0.018,1.5571,448.0,52.439
150169.SZ,20190218,0.98,0.981,0.981,0.976,0.976,-0.004,-0.4082,2708.0,264.807
150170.SZ,20190218,1.322,1.325,1.37,1.325,1.369,0.047,3.5552,3216.51,436.455
150171.SZ,20190218,0.988,0.987,0.989,0.981,0.985,-0.003,-0.3036,32388.3,3195.24
150172.SZ,20190218,1.588,1.608,1.747,1.608,1.74,0.152,9.5718,380378.05,64487.223
161831.SZ,20190218,0.969,0.98,0.983,0.979,0.983,0.014,1.4448,489.27,48.057
150175.SZ,20190218,0.979,0.979,0.98,0.974,0.975,-0.004,-0.4086,261271.0,25543.99
150176.SZ,20190218,0.966,0.955,0.989,0.955,0.988,0.022,2.2774,69456.0,6810.228
150181.SZ,20190218,0.976,0.976,0.976,0.973,0.973,-0.003,-0.3074,121092.82,11798.672
150182.SZ,20190218,1.092,1.103,1.197,1.103,1.186,0.094,8.6081,385875.09,44516.457
150177.SZ,20190218,0.975,0.975,0.975,0.97,0.973,-0.002,-0.2051,1664.0,161.876
150178.SZ,20190218,1.057,1.07,1.145,1.07,1.141,0.084,7.947,7141.28,792.384
150180.SZ,20190218,0.855,0.877,0.941,0.877,0.941,0.086,10.0585,1432.47,131.863
160812.SZ,20190218,1.27,1.27,1.293,1.264,1.291,0.021,1.6535,3124.32,397.602
150165.SZ,20190218,1.055,1.057,1.06,1.057,1.06,0.005,0.4739,906.44,96.004
160918.SZ,20190218,1.679,1.698,1.734,1.669,1.708,0.029,1.7272,846.0,143.957
161505.SZ,20190218,1.159,1.156,1.156,1.156,1.156,-0.003,-0.2588,24.85,2.872
150184.SZ,20190218,1.029,1.044,1.05,1.038,1.038,0.009,0.8746,3684.45,385.149
150185.SZ,20190218,0.913,0.923,0.982,0.921,0.982,0.069,7.5575,26749.98,2558.327
159936.SZ,20190218,1.177,1.195,1.211,1.188,1.2,0.023,1.9541,1652.0,198.221
512600.SH,20190218,2.074,2.118,2.142,2.1,2.13,0.056,2.7001,192.0,40.832
512610.SH,20190218,1.247,1.26,1.28,1.25,1.279,0.032,2.5662,700.0,88.382
512640.SH,20190218,1.738,1.74,1.74,1.722,1.73,-0.008,-0.4603,641.0,110.898
161015.SZ,20190218,0.992,0.999,0.999,0.999,0.999,0.007,0.7056,100.0,9.99
512070.SH,20190218,1.783,1.805,1.864,1.802,1.858,0.075,4.2064,25685.0,4738.212
161908.SZ,20190218,0.933,0.963,0.963,0.963,0.963,0.03,3.2154,1.0,0.096
512220.SH,20190218,1.037,1.059,1.099,1.059,1.099,0.062,5.9788,1900.0,204.981
150186.SZ,20190218,0.992,0.992,0.993,0.989,0.989,-0.003,-0.3024,4672.05,463.356
150187.SZ,20190218,0.875,0.892,0.948,0.883,0.948,0.073,8.3429,6346.65,584.516
162006.SZ,20190218,1.013,1.019,1.027,1.016,1.027,0.014,1.382,214.0,21.92
160910.SZ,20190218,0.93,0.917,0.945,0.917,0.945,0.015,1.6129,841.55,79.047
160805.SZ,20190218,0.671,0.684,0.7,0.679,0.679,0.008,1.1923,313.0,21.731
160311.SZ,20190218,1.329,1.35,1.35,1.34,1.347,0.018,1.3544,3363.56,452.51
161610.SZ,20190218,0.858,0.859,0.882,0.859,0.88,0.022,2.5641,2701.58,236.311
159961.SZ,20190218,1.1,1.103,1.144,1.103,1.143,0.043,3.9091,16412.89,1854.554
512260.SH,20190218,1.039,1.039,1.069,1.039,1.067,0.028,2.6949,94775.0,10011.875
501067.SH,20190218,1.082,1.161,1.161,1.126,1.13,0.048,4.4362,145.97,16.521
501068.SH,20190218,1.149,1.049,1.091,1.049,1.09,-0.059,-5.1349,623.35,66.813
510550.SH,20190218,1.044,1.044,1.08,1.044,1.077,0.033,3.1609,35189.88,3747.397
513680.SH,20190218,0.993,1.009,1.017,1.009,1.015,0.022,2.2155,9912.0,1005.962
512150.SH,20190218,1.042,1.049,1.07,1.049,1.07,0.028,2.6871,42377.0,4500.955
512890.SH,20190218,1.032,1.034,1.054,1.034,1.053,0.021,2.0349,674672.95,70827.691
501311.SH,20190218,1.001,1.018,1.018,1.018,1.018,0.017,1.6983,1.0,0.102
160105.SZ,20190218,0.834,0.839,0.843,0.827,0.843,0.009,1.0791,1548.53,129.843
163801.SZ,20190218,1.108,1.108,1.131,1.108,1.13,0.022,1.9856,2660.05,299.091
160505.SZ,20190218,1.416,1.419,1.459,1.419,1.459,0.043,3.0367,53721.68,7737.337
510050.SH,20190218,2.511,2.529,2.573,2.529,2.571,0.06,2.3895,11739115.71,3002852.943
162703.SZ,20190218,1.13,1.139,1.165,1.136,1.164,0.034,3.0088,6456.32,743.354
162605.SZ,20190218,1.269,1.273,1.32,1.273,1.318,0.049,3.8613,28829.79,3772.914
161607.SZ,20190218,1.046,1.059,1.076,1.059,1.075,0.029,2.7725,51.0,5.474
160106.SZ,20190218,0.909,0.917,0.939,0.909,0.933,0.024,2.6403,1693.38,157.336
161903.SZ,20190218,0.735,0.739,0.755,0.739,0.755,0.02,2.7211,275.53,20.619
160706.SZ,20190218,0.957,0.961,0.984,0.961,0.984,0.027,2.8213,73558.73,7180.97
163302.SZ,20190218,1.049,1.039,1.063,1.039,1.062,0.013,1.2393,654.79,69.402
161005.SZ,20190218,1.65,1.652,1.697,1.65,1.693,0.043,2.6061,11704.6,1961.45
163402.SZ,20190218,0.648,0.65,0.67,0.65,0.67,0.022,3.3951,121150.26,8025.217
161706.SZ,20190218,1.387,1.393,1.43,1.389,1.428,0.041,2.956,1955.24,275.413
163503.SZ,20190218,0.382,0.382,0.387,0.379,0.387,0.005,1.3089,4378.74,168.267
162607.SZ,20190218,0.411,0.411,0.424,0.411,0.424,0.013,3.163,5494.06,230.248
159901.SZ,20190218,3.825,3.853,3.983,3.853,3.983,0.158,4.1307,702872.13,275729.269
510180.SH,20190218,3.033,3.046,3.115,3.046,3.113,0.08,2.6377,213858.5,66053.547
162207.SZ,20190218,1.101,1.103,1.114,1.103,1.114,0.013,1.1807,862.5,95.276
159902.SZ,20190218,2.598,2.611,2.709,2.608,2.709,0.111,4.2725,371645.95,98941.634
160607.SZ,20190218,0.611,0.619,0.63,0.617,0.63,0.019,3.1097,4758.62,297.894
510880.SH,20190218,2.638,2.647,2.698,2.647,2.698,0.06,2.2745,103539.18,27728.101
160610.SZ,20190218,0.841,0.855,0.855,0.841,0.85,0.009,1.0702,1298.0,109.994
166001.SZ,20190218,0.94,0.951,0.971,0.951,0.971,0.031,3.2979,746.8,72.065
160611.SZ,20190218,0.695,0.697,0.701,0.697,0.701,0.006,0.8633,30.4,2.123
160314.SZ,20190218,0.874,0.887,0.89,0.876,0.89,0.016,1.8307,1749.0,154.783
161010.SZ,20190218,1.038,1.039,1.048,1.039,1.048,0.01,0.9634,4251.0,443.958
160615.SZ,20190218,1.395,1.393,1.417,1.393,1.416,0.021,1.5054,9.0,1.268
161810.SZ,20190218,1.286,1.295,1.352,1.281,1.352,0.066,5.1322,447.93,59.501
510060.SH,20190218,1.734,1.734,1.773,1.734,1.77,0.036,2.0761,1914.96,336.661
160119.SZ,20190218,1.147,1.156,1.188,1.154,1.187,0.04,3.4874,23387.8,2734.286
510010.SH,20190218,1.039,1.049,1.057,1.04,1.054,0.015,1.4437,1664.0,174.497
162307.SZ,20190218,1.193,1.188,1.198,1.186,1.198,0.005,0.4191,47.0,5.576
165309.SZ,20190218,1.064,1.062,1.089,1.062,1.089,0.025,2.3496,54.0,5.811
160211.SZ,20190218,1.709,1.733,1.774,1.721,1.772,0.063,3.6864,3060.0,534.22
162711.SZ,20190218,0.984,0.995,1.015,0.995,1.015,0.031,3.1504,512.0,51.735
150008.SZ,20190218,1.119,1.12,1.14,1.096,1.136,0.017,1.5192,1559.14,174.52
150009.SZ,20190218,0.986,0.99,1.085,0.99,1.03,0.044,4.4625,2063.84,209.123
159903.SZ,20190218,0.888,0.887,0.921,0.887,0.92,0.032,3.6036,29903.26,2709.373
166006.SZ,20190218,0.948,0.953,0.971,0.953,0.971,0.023,2.4262,465.0,44.585
510020.SH,20190218,2.56,2.56,2.628,2.56,2.628,0.068,2.6563,1542.58,404.811
160716.SZ,20190218,1.446,1.459,1.471,1.448,1.471,0.025,1.7289,6192.1,906.749
160616.SZ,20190218,0.99,0.991,1.01,0.991,1.01,0.02,2.0202,129.86,12.963
163001.SZ,20190218,0.773,0.774,0.793,0.774,0.793,0.02,2.5873,34.0,2.662
510130.SH,20190218,3.44,3.49,3.514,3.49,3.514,0.074,2.1512,100.0,34.994
510030.SH,20190218,4.733,4.786,4.83,4.75,4.824,0.091,1.9227,304.0,146.016
510090.SH,20190218,1.537,1.534,1.549,1.534,1.549,0.012,0.7807,135.0,20.744
150017.SZ,20190218,1.277,1.288,1.33,1.281,1.33,0.053,4.1504,3319.0,437.502
150012.SZ,20190218,1.115,1.114,1.115,1.111,1.111,-0.004,-0.3587,390.0,43.368
150013.SZ,20190218,1.25,1.262,1.374,1.228,1.37,0.12,9.6,1989.38,257.152
150018.SZ,20190218,0.977,0.977,0.977,0.971,0.972,-0.005,-0.5118,361901.71,35250.275
150019.SZ,20190218,0.637,0.648,0.701,0.647,0.701,0.064,10.0471,3807562.72,257578.435
161713.SZ,20190218,1.029,1.03,1.03,1.03,1.03,0.001,0.0972,158.0,16.274
165508.SZ,20190218,1.43,1.415,1.415,1.415,1.415,-0.015,-1.049,1.0,0.141
160807.SZ,20190218,1.134,1.123,1.123,1.123,1.123,-0.011,-0.97,1.0,0.112
510070.SH,20190218,1.495,1.497,1.54,1.497,1.54,0.045,3.01,8976.0,1365.139
160215.SZ,20190218,1.251,1.246,1.279,1.246,1.279,0.028,2.2382,1418.0,178.594
510160.SH,20190218,0.512,0.512,0.526,0.512,0.525,0.013,2.5391,8395.0,437.966
510110.SH,20190218,3.339,3.322,3.336,3.322,3.336,-0.003,-0.0898,63.0,20.988
160717.SZ,20190218,0.806,0.807,0.822,0.807,0.821,0.015,1.861,6188.0,506.794
163407.SZ,20190218,1.684,1.693,1.723,1.691,1.719,0.035,2.0784,3337.21,570.777
159905.SZ,20190218,1.496,1.508,1.551,1.508,1.549,0.053,3.5428,42933.0,6581.52
510190.SH,20190218,3.028,3.018,3.125,3.018,3.124,0.096,3.1704,830.0,257.833
150022.SZ,20190218,0.724,0.727,0.75,0.725,0.747,0.023,3.1768,315460.71,23341.061
150023.SZ,20190218,0.169,0.171,0.182,0.17,0.182,0.013,7.6923,1524045.34,26833.203
510170.SH,20190218,1.523,1.549,1.588,1.54,1.588,0.065,4.2679,235.0,36.873
166008.SZ,20190218,1.12,1.077,1.119,1.077,1.117,-0.003,-0.2679,363.0,40.53
161815.SZ,20190218,0.452,0.452,0.459,0.452,0.458,0.006,1.3274,3080.0,140.816
510150.SH,20190218,4.251,4.285,4.47,4.261,4.383,0.132,3.1052,5740.0,2511.251
165510.SZ,20190218,0.734,0.736,0.736,0.725,0.733,-0.001,-0.1362,23.0,1.67
161213.SZ,20190218,1.346,1.355,1.376,1.355,1.371,0.025,1.8574,4.0,0.545
159906.SZ,20190218,0.697,0.698,0.732,0.698,0.73,0.033,4.7346,2115.0,152.021
510220.SH,20190218,3.463,3.498,3.599,3.466,3.584,0.121,3.4941,1026.0,366.916
510210.SH,20190218,3.228,3.25,3.294,3.246,3.294,0.066,2.0446,3342.0,1094.549
161714.SZ,20190218,0.986,1.0,1.001,1.0,1.001,0.015,1.5213,12.0,1.2
166009.SZ,20190218,1.509,1.525,1.56,1.525,1.56,0.051,3.3797,70.0,10.847
150028.SZ,20190218,0.973,0.972,0.973,0.972,0.972,-0.001,-0.1028,182.0,17.692
150029.SZ,20190218,0.92,0.92,1.012,0.92,1.011,0.091,9.8913,2628.21,257.898
164808.SZ,20190218,1.064,1.038,1.07,1.038,1.07,0.006,0.5639,102.0,10.752
161907.SZ,20190218,1.52,1.529,1.546,1.529,1.546,0.026,1.7105,59.0,9.067
150031.SZ,20190218,0.742,0.765,0.789,0.765,0.785,0.043,5.7951,1290.08,98.955
150030.SZ,20190218,0.993,0.994,1.03,0.994,1.03,0.037,3.7261,15.0,1.509
150032.SZ,20190218,1.032,1.032,1.032,1.032,1.032,0.0,0.0,101.0,10.423
150033.SZ,20190218,0.893,0.804,0.981,0.804,0.981,0.088,9.8544,103.56,10.133
161216.SZ,20190218,1.14,1.131,1.132,1.131,1.132,-0.008,-0.7018,181.96,20.58
510230.SH,20190218,5.145,5.14,5.3,5.14,5.296,0.151,2.9349,33355.0,17488.059
510260.SH,20190218,0.99,0.965,1.019,0.965,1.007,0.017,1.7172,1204.0,121.247
161116.SZ,20190218,0.712,0.713,0.719,0.711,0.712,0.0,0.0,2280.0,162.909
510120.SH,20190218,2.61,2.663,2.663,2.663,2.663,0.053,2.0307,1.0,0.266
163409.SZ,20190218,1.372,1.388,1.416,1.388,1.415,0.043,3.1341,785.03,110.829
160512.SZ,20190218,1.516,1.523,1.541,1.491,1.541,0.025,1.6491,511.75,78.446
159908.SZ,20190218,1.169,1.171,1.209,1.171,1.209,0.04,3.4217,2219.0,263.504
160133.SZ,20190218,2.058,2.053,2.107,2.053,2.107,0.049,2.381,3685.17,761.113
150188.SZ,20190218,0.999,0.999,0.999,0.994,0.998,-0.001,-0.1001,2831.54,282.681
150189.SZ,20190218,0.624,0.625,0.683,0.625,0.682,0.058,9.2949,1491.06,99.524
513030.SH,20190218,0.948,0.955,0.967,0.954,0.967,0.019,2.0042,21921.0,2111.097
159937.SZ,20190218,2.86,2.871,2.878,2.871,2.874,0.014,0.4895,223645.0,64276.785
150191.SZ,20190218,1.207,1.21,1.279,1.21,1.278,0.071,5.8824,8.61,1.067
150194.SZ,20190218,0.976,0.977,0.977,0.972,0.973,-0.003,-0.3074,175003.0,17042.326
150195.SZ,20190218,0.572,0.581,0.629,0.581,0.629,0.057,9.965,294452.17,17915.111
150192.SZ,20190218,1.023,1.019,1.019,1.019,1.019,-0.004,-0.391,78.0,7.948
150193.SZ,20190218,0.82,0.829,0.86,0.822,0.858,0.038,4.6341,8828.01,739.329
169101.SZ,20190218,1.276,1.283,1.32,1.283,1.32,0.044,3.4483,43306.86,5650.451
150198.SZ,20190218,1.07,1.049,1.049,1.049,1.049,-0.021,-1.9626,120.0,12.588
150199.SZ,20190218,1.326,1.329,1.395,1.329,1.394,0.068,5.1282,9715.15,1340.007
505888.SH,20190218,1.004,1.004,1.009,1.003,1.007,0.003,0.2988,539643.19,54243.449
512300.SH,20190218,0.9,0.9,0.938,0.9,0.938,0.038,4.2222,32615.0,3013.41
511220.SH,20190218,95.967,96.0,96.096,95.967,96.0,0.033,0.0344,441.32,4235.785
150200.SZ,20190218,0.975,0.975,0.975,0.972,0.973,-0.002,-0.2051,632690.2,61631.258
150201.SZ,20190218,0.857,0.873,0.943,0.873,0.943,0.086,10.035,3205720.0,290565.862
150205.SZ,20190218,0.98,0.98,0.98,0.976,0.977,-0.003,-0.3061,137204.83,13421.788
150206.SZ,20190218,0.419,0.43,0.461,0.429,0.461,0.042,10.0239,915416.07,40933.335
159938.SZ,20190218,1.086,1.09,1.125,1.09,1.125,0.039,3.5912,176390.0,19647.671
150208.SZ,20190218,1.155,1.212,1.212,1.079,1.187,0.032,2.7706,14.08,1.648
160813.SZ,20190218,0.689,0.683,0.7,0.683,0.698,0.009,1.3062,617.44,43.071
150173.SZ,20190218,0.986,0.986,0.986,0.986,0.986,0.0,0.0,3865.0,381.089
511810.SH,20190218,100.005,99.992,99.997,99.991,99.995,-0.01,-0.01,95283.77,952778.645
511860.SH,20190218,100.004,99.992,99.995,99.985,99.995,-0.009,-0.009,871.94,8718.837
150204.SZ,20190218,0.731,0.734,0.796,0.734,0.796,0.065,8.8919,3624.33,280.35
150203.SZ,20190218,0.977,0.977,0.977,0.973,0.974,-0.003,-0.3071,455.0,44.351
511800.SH,20190218,100.004,99.993,99.999,99.992,99.999,-0.005,-0.005,1121.85,11218.093
150209.SZ,20190218,0.978,0.977,0.977,0.973,0.974,-0.004,-0.409,35649.0,3475.606
150210.SZ,20190218,0.524,0.53,0.576,0.53,0.576,0.052,9.9237,188213.73,10508.668
160618.SZ,20190218,1.285,1.285,1.286,1.284,1.285,0.0,0.0,13686.13,1758.435
513660.SH,20190218,2.516,2.541,2.557,2.541,2.556,0.04,1.5898,785.0,200.543
513600.SH,20190218,2.526,2.551,2.577,2.551,2.566,0.04,1.5835,2074.0,532.152
159005.SZ,20190218,100.001,100.0,100.0,99.999,100.0,-0.001,-0.001,1457.56,14575.518
159939.SZ,20190218,0.832,0.845,0.874,0.84,0.874,0.042,5.0481,140947.0,12090.988
169102.SZ,20190218,1.017,1.03,1.046,1.025,1.045,0.028,2.7532,7192.01,745.193
160919.SZ,20190218,1.04,1.05,1.07,1.05,1.07,0.03,2.8846,4255.01,450.685
161222.SZ,20190218,1.082,1.097,1.097,1.097,1.097,0.015,1.3863,1.0,0.109
512990.SH,20190218,0.986,0.988,1.014,0.988,1.014,0.028,2.8398,96257.0,9660.547
159940.SZ,20190218,0.853,0.861,0.879,0.858,0.879,0.026,3.0481,3904.41,340.003
150213.SZ,20190218,0.984,0.983,0.983,0.983,0.983,-0.001,-0.1016,289.0,28.408
150214.SZ,20190218,1.041,1.051,1.127,1.05,1.127,0.086,8.2613,1980.75,212.458
150215.SZ,20190218,1.064,1.004,1.023,0.986,1.019,-0.045,-4.2293,624.85,62.659
150216.SZ,20190218,0.646,0.673,0.711,0.672,0.711,0.065,10.0619,8341.67,579.094
161716.SZ,20190218,1.234,1.233,1.234,1.233,1.233,-0.001,-0.081,2221.08,273.92
150135.SZ,20190218,0.994,0.994,0.997,0.994,0.997,0.003,0.3018,186.0,18.508
150136.SZ,20190218,0.78,0.803,0.809,0.803,0.809,0.029,3.7179,67.0,5.419
150217.SZ,20190218,0.975,0.973,0.973,0.97,0.971,-0.004,-0.4103,3608.49,350.429
150218.SZ,20190218,0.887,0.892,0.957,0.892,0.957,0.07,7.8918,6265.63,585.967
150211.SZ,20190218,0.985,0.984,0.984,0.98,0.982,-0.003,-0.3046,2779.0,272.501
150212.SZ,20190218,0.876,0.88,0.954,0.88,0.953,0.077,8.79,30977.66,2831.597
150223.SZ,20190218,1.036,1.036,1.037,1.032,1.033,-0.003,-0.2896,24343.0,2521.108
501005.SH,20190218,0.716,0.725,0.747,0.725,0.745,0.029,4.0503,9537.82,700.953
511960.SH,20190218,100.003,99.991,100.017,99.991,100.008,0.005,0.005,10.1,100.999
161033.SZ,20190218,0.769,0.776,0.839,0.776,0.807,0.038,4.9415,7342.0,588.213
169103.SZ,20190218,1.14,1.152,1.188,1.152,1.179,0.039,3.4211,2213.18,257.132
511820.SH,20190218,100.002,99.992,99.995,99.982,99.994,-0.008,-0.008,378.49,3784.625
168102.SZ,20190218,0.784,0.785,0.809,0.784,0.809,0.025,3.1888,24617.69,1951.19
163005.SZ,20190218,0.879,0.876,0.879,0.875,0.879,0.0,0.0,3011.26,263.491
501015.SH,20190218,0.793,0.799,0.815,0.795,0.814,0.021,2.6482,12932.97,1036.838
162415.SZ,20190218,1.398,1.418,1.418,1.41,1.415,0.017,1.216,1696.53,239.826
160518.SZ,20190218,0.948,0.958,0.977,0.957,0.976,0.028,2.9536,7976.61,772.36
159948.SZ,20190218,1.415,1.416,1.476,1.416,1.476,0.061,4.311,61277.0,8914.008
161232.SZ,20190218,0.575,0.581,0.593,0.581,0.593,0.018,3.1304,1503.0,87.758
165528.SZ,20190218,0.813,0.818,0.825,0.818,0.825,0.012,1.476,306.0,25.24
501017.SH,20190218,0.786,0.786,0.798,0.786,0.798,0.012,1.5267,1249.38,98.297
160519.SZ,20190218,0.844,0.854,0.887,0.854,0.887,0.043,5.0948,1550.11,135.306
501018.SH,20190218,1.04,1.056,1.06,1.048,1.057,0.017,1.6346,60227.19,6350.792
162215.SZ,20190218,1.01,1.011,1.016,1.011,1.016,0.006,0.5941,29012.0,2947.406
501021.SH,20190218,1.295,1.304,1.35,1.304,1.318,0.023,1.7761,2646.0,349.07
159949.SZ,20190218,0.474,0.478,0.499,0.478,0.499,0.025,5.2743,13295359.61,650072.406
511850.SH,20190218,100.017,99.998,100.008,99.992,100.007,-0.01,-0.01,21736.8,217372.193
169104.SZ,20190218,1.12,1.137,1.16,1.137,1.159,0.039,3.4821,1530.0,176.639
512660.SH,20190218,0.678,0.683,0.707,0.682,0.706,0.028,4.1298,778814.45,54175.41
511910.SH,20190218,100.0,100.0,100.0,99.986,100.0,0.0,0.0,30.01,300.086
512880.SH,20190218,0.82,0.829,0.871,0.829,0.868,0.048,5.8537,5769655.0,490778.36
167001.SZ,20190218,0.62,0.634,0.649,0.634,0.649,0.029,4.6774,5668.18,362.473
161834.SZ,20190218,0.744,0.745,0.758,0.745,0.757,0.013,1.7473,35235.44,2654.305
160520.SZ,20190218,0.996,1.001,1.001,1.001,1.001,0.005,0.502,4.0,0.4
160225.SZ,20190218,0.735,0.735,0.76,0.727,0.757,0.022,2.9932,2648.4,198.243
511970.SH,20190218,100.093,100.1,100.1,100.0,100.0,-0.093,-0.0929,1.03,10.31
168103.SZ,20190218,0.703,0.705,0.726,0.705,0.725,0.022,3.1294,99595.98,7147.437
512810.SH,20190218,0.64,0.643,0.668,0.643,0.668,0.028,4.375,26443.0,1738.626
160921.SZ,20190218,0.825,0.81,0.829,0.81,0.829,0.004,0.4848,2083.0,169.116
160635.SZ,20190218,0.875,0.877,0.908,0.877,0.908,0.033,3.7714,672.0,60.255
164403.SZ,20190218,1.015,1.018,1.028,1.018,1.028,0.013,1.2808,9.0,0.923
169105.SZ,20190218,1.113,1.12,1.159,1.12,1.152,0.039,3.504,54376.06,6172.173
512680.SH,20190218,0.665,0.666,0.693,0.665,0.692,0.027,4.0602,94281.0,6425.24
512000.SH,20190218,0.782,0.79,0.83,0.79,0.827,0.045,5.7545,1567617.23,126918.923
165525.SZ,20190218,0.783,0.781,0.805,0.781,0.804,0.021,2.682,2559.82,204.544
160421.SZ,20190218,0.866,0.871,0.894,0.871,0.894,0.028,3.2333,6744.15,597.452
501026.SH,20190218,0.745,0.745,0.765,0.745,0.759,0.014,1.8792,966.65,73.002
167002.SZ,20190218,0.86,0.86,0.887,0.86,0.867,0.007,0.814,114.0,9.81
511660.SH,20190218,100.013,99.993,100.003,99.993,100.003,-0.01,-0.01,184246.21,1842418.236
165317.SZ,20190218,0.9,0.959,0.96,0.959,0.96,0.06,6.6667,30.0,2.879
512100.SH,20190218,0.57,0.574,0.593,0.574,0.592,0.022,3.8596,177125.0,10378.777
501022.SH,20190218,0.825,0.828,0.836,0.825,0.836,0.011,1.3333,4370.53,362.234
511600.SH,20190218,100.008,100.0,100.005,99.999,100.001,-0.007,-0.007,996.14,9961.521
160722.SZ,20190218,0.963,0.962,0.969,0.962,0.968,0.005,0.5192,1114.03,107.46
163119.SZ,20190218,0.688,0.704,0.709,0.699,0.709,0.021,3.0523,268.08,18.946
160642.SZ,20190218,0.878,0.895,0.895,0.895,0.895,0.017,1.9362,150.0,13.425
511690.SH,20190218,100.01,100.0,100.002,99.991,100.002,-0.008,-0.008,18808.27,188076.29
511700.SH,20190218,100.012,99.978,100.04,99.978,99.997,-0.015,-0.015,3180.28,31804.634
501050.SH,20190218,1.152,1.152,1.174,1.152,1.173,0.021,1.8229,23310.21,2720.39
164210.SZ,20190218,1.074,1.077,1.077,1.074,1.075,0.001,0.0931,25.0,2.686
160223.SZ,20190218,0.648,0.648,0.678,0.648,0.672,0.024,3.7037,6345.04,423.896
161035.SZ,20190218,0.847,0.84,0.875,0.84,0.875,0.028,3.3058,3599.0,308.667
501025.SH,20190218,1.069,1.067,1.067,1.067,1.067,-0.002,-0.1871,55.0,5.869
161124.SZ,20190218,1.07,1.069,1.078,1.069,1.078,0.008,0.7477,13.0,1.398
160322.SZ,20190218,1.011,0.998,1.009,0.995,1.009,-0.002,-0.1978,520.0,51.776
501028.SH,20190218,0.796,0.796,0.81,0.796,0.81,0.014,1.7588,15362.01,1225.583
169201.SZ,20190218,0.951,0.956,0.967,0.956,0.967,0.016,1.6824,1239.05,119.528
162717.SZ,20190218,0.803,0.813,0.822,0.804,0.822,0.019,2.3661,1058.0,85.156
164703.SZ,20190218,0.865,0.854,0.87,0.854,0.87,0.005,0.578,3.0,0.257
501300.SH,20190218,0.984,0.984,0.984,0.981,0.983,-0.001,-0.1016,4724.0,463.935
161126.SZ,20190218,1.234,1.247,1.266,1.247,1.248,0.014,1.1345,221.0,27.58
511230.SH,20190218,98.0,98.0,98.0,98.0,98.0,0.0,0.0,2.3,22.54
161125.SZ,20190218,1.166,1.182,1.188,1.178,1.181,0.015,1.2864,321.89,38.059
168301.SZ,20190218,0.845,0.849,0.859,0.849,0.859,0.014,1.6568,1329.04,113.25
161127.SZ,20190218,1.246,1.256,1.266,1.25,1.266,0.02,1.6051,1356.1,170.839
161128.SZ,20190218,1.344,1.346,1.452,1.346,1.38,0.036,2.6786,682.0,94.793
168401.SZ,20190218,1.018,1.028,1.028,1.02,1.027,0.009,0.8841,3037.12,311.203
161129.SZ,20190218,1.031,1.05,1.061,1.05,1.061,0.03,2.9098,16236.48,1710.805
501029.SH,20190218,0.895,0.895,0.917,0.895,0.916,0.021,2.3464,94992.5,8629.991
501007.SH,20190218,0.788,0.798,0.815,0.798,0.815,0.027,3.4264,116.0,9.317
501008.SH,20190218,0.786,0.794,0.808,0.787,0.8,0.014,1.7812,413.39,33.069
501011.SH,20190218,0.759,0.753,0.824,0.753,0.79,0.031,4.0843,355.0,27.879
501012.SH,20190218,0.76,0.784,0.784,0.784,0.784,0.024,3.1579,5.0,0.392
501009.SH,20190218,0.92,0.935,0.949,0.935,0.949,0.029,3.1522,841.0,79.495
501030.SH,20190218,0.542,0.54,0.568,0.54,0.56,0.018,3.321,1486.0,81.958
501010.SH,20190218,0.946,0.928,0.95,0.928,0.95,0.004,0.4228,235.16,22.26
501031.SH,20190218,0.545,0.545,0.578,0.545,0.559,0.014,2.5688,21.0,1.172
501027.SH,20190218,0.99,1.075,1.075,1.075,1.075,0.085,8.5859,35.0,3.763
513050.SH,20190218,1.19,1.195,1.209,1.195,1.208,0.018,1.5126,362350.0,43619.469
511650.SH,20190218,100.005,99.986,99.999,99.986,99.997,-0.008,-0.008,1818.85,18188.017
162718.SZ,20190218,0.939,0.939,0.939,0.939,0.939,0.0,0.0,90.02,8.452
501032.SH,20190218,0.715,0.721,0.721,0.692,0.692,-0.023,-3.2168,321.0,23.111
512580.SH,20190218,0.704,0.707,0.728,0.706,0.728,0.024,3.4091,144496.0,10424.838
161631.SZ,20190218,0.813,0.815,0.846,0.815,0.846,0.033,4.059,60092.26,5020.452
162719.SZ,20190218,0.96,0.966,0.976,0.966,0.975,0.015,1.5625,477.0,46.409
512900.SH,20190218,0.79,0.793,0.839,0.793,0.838,0.048,6.0759,122454.0,10038.276
161036.SZ,20190218,0.574,0.59,0.608,0.586,0.607,0.033,5.7491,239.02,14.137
511770.SH,20190218,100.003,99.988,100.098,99.988,99.994,-0.009,-0.009,1701.43,17017.911
501019.SH,20190218,0.661,0.663,0.683,0.663,0.679,0.018,2.7231,3823.71,258.838
501301.SH,20190218,1.144,1.17,1.17,1.146,1.165,0.021,1.8357,1361.22,157.743
160723.SZ,20190218,1.086,1.122,1.122,1.104,1.118,0.032,2.9466,8491.0,942.975
166402.SZ,20190218,1.05,1.076,1.076,1.073,1.073,0.023,2.1905,2.0,0.214
159952.SZ,20190218,0.782,0.788,0.816,0.786,0.816,0.034,4.3478,560429.82,44958.076
501016.SH,20190218,0.859,0.859,0.92,0.854,0.906,0.047,5.4715,15000.66,1322.835
161037.SZ,20190218,0.866,0.876,0.95,0.876,0.933,0.067,7.7367,2115.93,189.422
159950.SZ,20190218,0.854,0.852,0.869,0.841,0.869,0.015,1.7564,1122.0,96.226
160324.SZ,20190218,0.837,0.844,0.865,0.844,0.865,0.028,3.3453,1814.0,156.207
501302.SH,20190218,1.067,1.072,1.072,1.072,1.072,0.005,0.4686,1.0,0.107
501035.SH,20190218,0.955,0.956,0.956,0.956,0.956,0.001,0.1047,470.73,45.002
161130.SZ,20190218,1.15,1.159,1.175,1.158,1.175,0.025,2.1739,231.0,26.888
159955.SZ,20190218,0.733,0.734,0.763,0.734,0.763,0.03,4.0928,35245.02,2644.127
160643.SZ,20190218,0.75,0.765,0.774,0.765,0.774,0.024,3.2,136.0,10.453
159953.SZ,20190218,0.688,0.681,0.707,0.681,0.707,0.019,2.7616,12148.16,841.896
159951.SZ,20190218,0.702,0.7,0.716,0.698,0.716,0.014,1.9943,9968.0,698.915
163111.SZ,20190218,0.832,0.842,0.86,0.835,0.86,0.028,3.3654,793.4,67.589
512200.SH,20190218,0.76,0.76,0.785,0.76,0.78,0.02,2.6316,39942.0,3081.461
512700.SH,20190218,0.991,0.992,1.01,0.992,1.01,0.019,1.9173,3680.0,369.34
512800.SH,20190218,0.958,0.962,0.978,0.962,0.977,0.019,1.9833,533812.0,51867.049
512400.SH,20190218,0.598,0.604,0.617,0.6,0.617,0.019,3.1773,60173.0,3666.022
512560.SH,20190218,0.741,0.731,0.78,0.731,0.779,0.038,5.1282,14025.96,1078.095
512570.SH,20190218,0.795,0.765,0.825,0.765,0.823,0.028,3.522,7444.0,593.347
161715.SZ,20190218,0.784,0.797,0.804,0.793,0.801,0.017,2.1684,85.92,6.835
160924.SZ,20190218,1.006,0.99,1.007,0.99,1.001,-0.005,-0.497,938.71,93.54
501036.SH,20190218,0.72,0.721,0.743,0.721,0.739,0.019,2.6389,920.27,66.914
501037.SH,20190218,0.719,0.739,0.739,0.72,0.739,0.02,2.7816,3567.08,263.278
501038.SH,20190218,0.936,0.939,0.96,0.939,0.96,0.024,2.5641,22169.29,2109.399
511260.SH,20190218,106.779,106.748,106.748,106.675,106.676,-0.103,-0.0965,7593.0,80999.996
511620.SH,20190218,99.931,99.932,99.997,99.932,99.972,0.041,0.041,66.34,663.184
166023.SZ,20190218,0.863,0.855,0.893,0.85,0.893,0.03,3.4762,205.0,17.862
511670.SH,20190218,100.017,100.002,100.004,100.0,100.003,-0.014,-0.014,2020.91,20209.363
501039.SH,20190218,1.032,1.045,1.045,1.045,1.045,0.013,1.2597,238.0,24.871
501040.SH,20190218,1.044,1.043,1.043,1.043,1.043,-0.001,-0.0958,26275.46,2740.53
501043.SH,20190218,0.9,0.901,0.929,0.901,0.927,0.027,3.0,9494.66,870.596
501045.SH,20190218,0.907,0.913,0.926,0.912,0.917,0.01,1.1025,365.58,33.531
160140.SZ,20190218,1.065,1.065,1.068,1.065,1.068,0.003,0.2817,603.0,64.236
501046.SH,20190218,0.933,0.934,0.976,0.934,0.976,0.043,4.6088,20724.97,1982.734
510380.SH,20190218,0.844,0.851,0.865,0.851,0.865,0.021,2.4882,220.0,19.02
166024.SZ,20190218,0.83,0.831,0.858,0.831,0.855,0.025,3.012,34840.0,2948.746
501047.SH,20190218,0.842,0.842,0.918,0.842,0.879,0.037,4.3943,515.0,46.351
501048.SH,20190218,0.829,0.838,0.869,0.838,0.864,0.035,4.222,258.0,22.128
159957.SZ,20190218,0.797,0.799,0.826,0.799,0.824,0.027,3.3877,37925.0,3069.096
501106.SH,20190218,1.109,1.097,1.109,1.097,1.097,-0.012,-1.0821,1208.0,132.806
501049.SH,20190218,0.837,0.84,0.86,0.84,0.86,0.023,2.7479,10076.27,859.24
501051.SH,20190218,0.878,0.895,0.91,0.892,0.904,0.026,2.9613,3604.08,322.979
501305.SH,20190218,0.947,0.947,0.951,0.926,0.947,0.0,0.0,682.0,63.564
159958.SZ,20190218,0.786,0.793,0.82,0.789,0.817,0.031,3.944,78838.0,6352.097
510800.SH,20190218,0.886,0.886,0.915,0.886,0.913,0.027,3.0474,81503.0,7333.167
159954.SZ,20190218,0.967,0.975,0.986,0.975,0.984,0.017,1.758,8343.61,820.154
510390.SH,20190218,3.395,3.394,3.5,3.394,3.493,0.098,2.8866,110126.46,38044.455
501053.SH,20190218,0.994,1.001,1.001,1.001,1.001,0.007,0.7042,740.81,74.155
161014.SZ,20190218,1.18,1.181,1.181,1.179,1.179,-0.001,-0.0847,4766.0,562.301
163417.SZ,20190218,0.854,0.857,0.873,0.855,0.872,0.018,2.1077,397967.92,34445.386
511310.SH,20190218,104.001,103.166,103.166,103.166,103.166,-0.835,-0.8029,0.1,1.032
159956.SZ,20190218,0.77,0.76,0.798,0.76,0.798,0.028,3.6364,11539.41,907.723
501054.SH,20190218,0.83,0.837,0.855,0.835,0.855,0.025,3.012,121691.59,10311.252
511280.SH,20190218,102.502,102.501,103.999,102.0,103.999,1.497,1.4605,37.5,385.637
162416.SZ,20190218,1.009,1.028,1.028,1.015,1.017,0.008,0.7929,545.05,55.394
501307.SH,20190218,0.988,0.988,0.988,0.988,0.988,0.0,0.0,21.0,2.075
510590.SH,20190218,4.589,4.594,4.756,4.594,4.755,0.166,3.6173,65181.19,30515.193
169106.SZ,20190218,0.998,0.998,1.01,0.998,1.008,0.01,1.002,18799.9,1888.182
512160.SH,20190218,0.919,0.921,0.945,0.921,0.945,0.026,2.8292,580182.0,54206.736
512520.SH,20190218,0.901,0.907,0.928,0.907,0.928,0.027,2.9967,154751.65,14193.542
512180.SH,20190218,0.897,0.899,0.924,0.899,0.922,0.025,2.7871,1308653.0,119995.257
512780.SH,20190218,0.725,0.726,0.75,0.726,0.749,0.024,3.3103,13228.0,979.785
513900.SH,20190218,0.965,0.982,0.983,0.981,0.981,0.016,1.658,610.0,59.921
512280.SH,20190218,0.897,0.902,0.924,0.902,0.923,0.026,2.8986,1939099.97,177191.777
501057.SH,20190218,0.825,0.817,0.846,0.816,0.846,0.021,2.5455,2138.28,179.335
501058.SH,20190218,0.816,0.829,0.847,0.829,0.846,0.03,3.6765,1280.0,107.2
512090.SH,20190218,0.918,0.921,0.945,0.921,0.944,0.026,2.8322,1156230.0,108044.959
512360.SH,20190218,0.929,0.938,0.961,0.938,0.96,0.031,3.3369,57366.0,5462.076
161039.SZ,20190218,0.916,0.929,0.94,0.928,0.939,0.023,2.5109,1904.0,178.208
512770.SH,20190218,0.914,0.926,0.95,0.926,0.95,0.036,3.9387,1845.0,173.078
164824.SZ,20190218,0.903,0.912,0.927,0.905,0.912,0.009,0.9967,895.0,81.76
512390.SH,20190218,0.899,0.899,0.912,0.899,0.911,0.012,1.3348,494.0,44.686
501059.SH,20190218,1.044,1.02,1.022,1.02,1.021,-0.023,-2.2031,509.9,52.06
510600.SH,20190218,2.498,2.522,2.566,2.506,2.564,0.066,2.6421,5518.93,1406.63
511270.SH,20190218,102.9,102.85,102.85,102.575,102.575,-0.325,-0.3158,475.0,4879.248
512850.SH,20190218,1.004,1.004,1.035,1.004,1.032,0.028,2.7888,50133.52,5117.07
512820.SH,20190218,1.0,1.006,1.018,1.006,1.018,0.018,1.8,6815.0,691.256
501060.SH,20190218,1.017,1.02,1.043,1.02,1.043,0.026,2.5565,1781.37,182.161
501061.SH,20190218,1.015,0.992,1.037,0.992,1.036,0.021,2.069,1280.06,132.25
501062.SH,20190218,0.905,0.909,0.92,0.909,0.918,0.013,1.4365,44182.18,4033.498
512860.SH,20190218,1.067,1.08,1.098,1.078,1.091,0.024,2.2493,19252.26,2083.679
501309.SH,20190218,1.041,1.041,1.041,1.032,1.032,-0.009,-0.8646,150.07,15.495
501310.SH,20190218,1.06,1.05,1.065,1.032,1.065,0.005,0.4717,4112.76,433.811
512960.SH,20190218,0.96,0.961,0.983,0.961,0.983,0.023,2.3958,932538.54,91207.595
512950.SH,20190218,0.968,0.968,0.992,0.968,0.991,0.023,2.376,355521.45,34937.137
159959.SZ,20190218,1.003,1.003,1.027,1.003,1.027,0.024,2.3928,291722.04,29730.452
512920.SH,20190218,1.031,1.031,1.063,1.031,1.063,0.032,3.1038,55672.0,5855.282
512040.SH,20190218,1.018,1.019,1.047,1.019,1.046,0.028,2.7505,406737.59,42193.366
161132.SZ,20190218,0.948,0.95,0.956,0.95,0.953,0.005,0.5274,10688.4,1017.0
150101.SZ,20190218,0.808,0.819,0.869,0.819,0.869,0.061,7.5495,1738.43,145.727
150146.SZ,20190218,0.616,0.646,0.65,0.572,0.65,0.034,5.5195,6607.46,411.208
150149.SZ,20190218,0.473,0.484,0.52,0.484,0.52,0.047,9.9366,25067.51,1284.9
512120.SH,20190218,1.273,1.275,1.328,1.275,1.327,0.054,4.2419,46977.0,6101.436
150157.SZ,20190218,0.981,0.981,0.981,0.978,0.979,-0.002,-0.2039,23804.01,2331.922
150158.SZ,20190218,0.818,0.828,0.873,0.828,0.869,0.051,6.2347,31631.4,2710.703
150174.SZ,20190218,0.79,0.78,0.869,0.78,0.869,0.079,10.0,4516.46,383.36
501001.SH,20190218,0.996,1.0,1.021,0.997,1.019,0.023,2.3092,1334.0,133.48
511920.SH,20190218,100.01,100.018,100.021,100.018,100.021,0.011,0.011,61.0,610.113
510810.SH,20190218,0.809,0.817,0.834,0.815,0.833,0.024,2.9666,125120.0,10349.468
168105.SZ,20190218,0.723,0.724,0.745,0.724,0.743,0.02,2.7663,27434.05,2015.886
512550.SH,20190218,0.993,1.003,1.017,1.003,1.017,0.024,2.4169,20827.0,2102.563
168002.SZ,20190218,0.969,0.995,1.006,0.981,1.006,0.037,3.8184,216.0,21.548
512980.SH,20190218,0.691,0.693,0.718,0.693,0.717,0.026,3.7627,91428.0,6482.821
159960.SZ,20190218,0.993,1.01,1.013,1.01,1.012,0.019,1.9134,445.0,45.016
150224.SZ,20190218,1.491,1.519,1.64,1.51,1.64,0.149,9.9933,157846.89,24995.834
161224.SZ,20190218,0.852,0.855,0.863,0.855,0.862,0.01,1.1737,1279.13,110.025
150196.SZ,20190218,0.992,0.992,0.992,0.988,0.989,-0.003,-0.3024,130841.62,12957.667
150197.SZ,20190218,0.432,0.441,0.475,0.441,0.475,0.043,9.9537,976600.19,45253.776
150221.SZ,20190218,1.037,1.037,1.043,1.034,1.035,-0.002,-0.1929,47220.1,4904.625
150222.SZ,20190218,0.74,0.752,0.814,0.751,0.814,0.074,10.0,192541.06,15240.982
512310.SH,20190218,0.445,0.444,0.46,0.444,0.46,0.015,3.3708,5810.0,263.481
162510.SZ,20190218,0.756,0.759,0.765,0.759,0.765,0.009,1.1905,4.0,0.304
502048.SH,20190218,0.844,0.853,0.862,0.853,0.862,0.018,2.1327,29894.96,2568.741
502049.SH,20190218,1.015,1.015,1.016,1.012,1.012,-0.003,-0.2956,251108.0,25486.678
502050.SH,20190218,0.674,0.68,0.718,0.68,0.713,0.039,5.7864,196521.71,13727.984
512340.SH,20190218,0.691,0.698,0.708,0.697,0.707,0.016,2.3155,1373.0,96.309
502000.SH,20190218,0.782,0.781,0.804,0.781,0.804,0.022,2.8133,486.0,38.694
150219.SZ,20190218,1.03,1.03,1.03,1.03,1.03,0.0,0.0,3050.0,314.15
150220.SZ,20190218,0.458,0.47,0.504,0.469,0.504,0.046,10.0437,59351.12,2920.979
166011.SZ,20190218,1.096,1.105,1.125,1.105,1.125,0.029,2.646,154.51,17.361
512500.SH,20190218,2.241,2.25,2.325,2.25,2.322,0.081,3.6145,941902.82,215449.004
150227.SZ,20190218,0.982,0.981,0.982,0.977,0.978,-0.004,-0.4073,108779.8,10669.095
150228.SZ,20190218,0.761,0.771,0.795,0.765,0.792,0.031,4.0736,1149622.92,89479.958
161722.SZ,20190218,0.973,0.985,0.985,0.985,0.985,0.012,1.2333,7.0,0.689
512510.SH,20190218,0.956,0.958,0.991,0.958,0.991,0.035,3.6611,107948.04,10590.625
150241.SZ,20190218,0.978,0.977,0.977,0.977,0.977,-0.001,-0.1022,500.0,48.85
150242.SZ,20190218,0.941,0.965,0.973,0.951,0.957,0.016,1.7003,1387.0,133.164
166012.SZ,20190218,1.07,1.07,1.07,1.069,1.069,-0.001,-0.0935,3.0,0.32
150229.SZ,20190218,0.984,0.984,0.985,0.984,0.984,0.0,0.0,99.0,9.743
150230.SZ,20190218,1.462,1.41,1.55,1.41,1.549,0.087,5.9508,1529.46,235.77
161225.SZ,20190218,0.972,0.986,1.014,0.98,1.014,0.042,4.321,263.01,26.164
150232.SZ,20190218,0.653,0.657,0.718,0.657,0.718,0.065,9.9541,4703.42,335.497
150225.SZ,20190218,1.005,1.007,1.007,1.007,1.007,0.002,0.199,10.0,1.007
150226.SZ,20190218,0.904,0.986,0.994,0.957,0.994,0.09,9.9558,462.92,45.701
150235.SZ,20190218,0.991,0.993,0.993,0.993,0.993,0.002,0.2018,20.0,1.986
150236.SZ,20190218,1.268,1.288,1.395,1.282,1.392,0.124,9.7792,8769.45,1193.161
164906.SZ,20190218,1.18,1.18,1.191,1.18,1.19,0.01,0.8475,3617.66,430.44
150247.SZ,20190218,0.993,0.991,0.991,0.991,0.991,-0.002,-0.2014,13.0,1.288
150248.SZ,20190218,0.724,0.725,0.789,0.725,0.789,0.065,8.9779,8593.1,643.467
150249.SZ,20190218,0.966,0.97,0.97,0.97,0.97,0.004,0.4141,6185.0,599.945
150250.SZ,20190218,0.945,0.95,1.03,0.855,0.99,0.045,4.7619,1031.0,99.112
510710.SH,20190218,2.733,2.735,2.799,2.735,2.798,0.065,2.3783,302656.0,84186.992
162108.SZ,20190218,1.183,1.173,1.185,1.173,1.185,0.002,0.1691,444.0,52.386
150251.SZ,20190218,1.018,0.961,0.964,0.961,0.964,-0.054,-5.3045,150.0,14.445
150252.SZ,20190218,0.7,0.71,0.77,0.69,0.739,0.039,5.5714,22383.5,1646.224
150265.SZ,20190218,1.0,1.02,1.02,0.981,0.981,-0.019,-1.9,1711.04,172.346
150266.SZ,20190218,0.822,0.825,0.89,0.825,0.887,0.065,7.9075,3155.88,271.564
150273.SZ,20190218,1.007,1.006,1.006,1.006,1.006,-0.001,-0.0993,178.0,17.906
150274.SZ,20190218,1.099,1.098,1.13,1.056,1.1,0.001,0.091,644.9,69.884
159943.SZ,20190218,8.725,8.784,9.098,8.784,9.096,0.371,4.2521,2259.41,2022.616
150261.SZ,20190218,1.037,1.002,1.002,0.961,0.961,-0.076,-7.3288,306.0,30.654
150262.SZ,20190218,0.577,0.588,0.635,0.588,0.635,0.058,10.052,6522.73,400.053
510560.SH,20190218,0.964,0.974,1.06,0.974,1.06,0.096,9.9585,17856.13,1763.81
502013.SH,20190218,1.059,1.059,1.09,1.059,1.09,0.031,2.9273,5631.13,610.126
502015.SH,20190218,1.149,1.122,1.21,1.122,1.198,0.049,4.2646,2077.22,246.767
502020.SH,20190218,0.853,0.858,0.895,0.83,0.894,0.041,4.8066,484.94,42.217
502021.SH,20190218,0.988,0.984,0.984,0.984,0.984,-0.004,-0.4049,28.0,2.755
502022.SH,20190218,0.935,0.93,0.935,0.93,0.93,-0.005,-0.5348,4.0,0.372
150275.SZ,20190218,0.976,0.977,0.977,0.977,0.977,0.001,0.1025,600.0,58.62
150276.SZ,20190218,1.03,1.025,1.099,1.025,1.095,0.065,6.3107,1989.4,210.619
150269.SZ,20190218,0.974,0.974,0.974,0.972,0.973,-0.001,-0.1027,56999.44,5546.538
150270.SZ,20190218,1.059,1.072,1.149,1.062,1.149,0.09,8.4986,153836.65,16942.504
150259.SZ,20190218,0.997,0.998,0.998,0.991,0.994,-0.003,-0.3009,674.44,66.937
150260.SZ,20190218,0.683,0.743,0.743,0.688,0.73,0.047,6.8814,763.38,54.619
150257.SZ,20190218,0.999,0.989,0.995,0.988,0.995,-0.004,-0.4004,202.52,20.059
150258.SZ,20190218,0.731,0.799,0.799,0.71,0.75,0.019,2.5992,317.0,23.182
150280.SZ,20190218,1.126,1.023,1.187,1.023,1.185,0.059,5.2398,168.9,19.275
150277.SZ,20190218,0.987,0.99,0.991,0.984,0.985,-0.002,-0.2026,930.0,91.783
150278.SZ,20190218,0.71,0.704,0.76,0.704,0.76,0.05,7.0423,2780.96,204.561
159941.SZ,20190218,1.527,1.534,1.549,1.534,1.549,0.022,1.4407,1902.0,293.812
150271.SZ,20190218,0.981,0.98,0.98,0.975,0.98,-0.001,-0.1019,155.0,15.189
150272.SZ,20190218,0.721,0.748,0.793,0.731,0.793,0.072,9.9861,500.0,37.822
150264.SZ,20190218,0.449,0.494,0.494,0.49,0.493,0.044,9.7996,354.28,17.457
150268.SZ,20190218,0.928,0.929,0.949,0.929,0.949,0.021,2.2629,5.0,0.466
160806.SZ,20190218,1.223,1.22,1.24,1.22,1.24,0.017,1.39,230.2,28.496
150282.SZ,20190218,0.528,0.55,0.55,0.548,0.548,0.02,3.7879,281.0,15.419
150243.SZ,20190218,0.979,0.979,0.979,0.974,0.978,-0.001,-0.1021,29694.6,2903.898
150244.SZ,20190218,0.868,0.871,0.955,0.871,0.955,0.087,10.023,64789.22,5976.811
150295.SZ,20190218,0.989,0.988,0.988,0.988,0.988,-0.001,-0.1011,50.0,4.94
150296.SZ,20190218,0.645,0.652,0.691,0.652,0.69,0.045,6.9767,697.35,47.635
150287.SZ,20190218,0.994,0.994,0.994,0.991,0.991,-0.003,-0.3018,6140.03,609.449
150288.SZ,20190218,0.877,0.894,0.932,0.89,0.932,0.055,6.2714,46357.01,4214.643
150289.SZ,20190218,0.995,0.996,0.996,0.991,0.992,-0.003,-0.3015,16210.0,1609.393
150290.SZ,20190218,0.715,0.719,0.768,0.719,0.767,0.052,7.2727,169258.25,12617.519
150301.SZ,20190218,0.992,0.992,0.994,0.992,0.994,0.002,0.2016,885.95,87.991
150302.SZ,20190218,1.572,1.622,1.72,1.569,1.69,0.118,7.5064,1228.54,200.738
150299.SZ,20190218,0.996,0.995,0.995,0.99,0.992,-0.004,-0.4016,50040.0,4969.539
150300.SZ,20190218,0.599,0.602,0.626,0.602,0.626,0.027,4.5075,62979.24,3884.499
162414.SZ,20190218,1.159,1.154,1.154,1.154,1.154,-0.005,-0.4314,1.0,0.115
