ts_code,trade_date,pre_close,open,high,low,close,change,pct_chg,vol,amount
150178.SZ,20191121,1.352,1.303,1.34,1.262,1.31,-0.042,-3.1065,835.5,108.929
150180.SZ,20191121,1.427,1.357,1.429,1.357,1.419,-0.008,-0.5606,307.0,43.208
160812.SZ,20191121,1.543,1.549,1.555,1.526,1.528,-0.015,-0.9721,2173.16,337.275
150165.SZ,20191121,1.138,1.121,1.139,1.121,1.139,0.001,0.0879,26.92,3.046
150185.SZ,20191121,1.005,1.005,1.023,1.005,1.01,0.005,0.4975,786.68,79.343
159936.SZ,20191121,1.334,1.33,1.34,1.306,1.326,-0.008,-0.5997,3149.0,416.882
512600.SH,20191121,3.007,3.029,3.029,3.0,3.011,0.004,0.133,245.0,73.744
512610.SH,20191121,1.564,1.566,1.566,1.524,1.53,-0.034,-2.1739,280.0,43.389
512640.SH,20191121,2.082,1.97,2.065,1.97,2.0,-0.082,-3.9385,293.0,57.933
512070.SH,20191121,2.195,2.193,2.193,2.169,2.173,-0.022,-1.0023,50954.0,11083.951
512220.SH,20191121,1.331,1.319,1.32,1.313,1.316,-0.015,-1.127,509.0,66.992
150186.SZ,20191121,0.993,0.993,0.994,0.993,0.994,0.001,0.1007,1.62,0.16
150187.SZ,20191121,1.042,0.971,1.051,0.971,1.038,-0.004,-0.3839,161.82,16.731
160133.SZ,20191121,2.843,2.835,2.838,2.823,2.828,-0.015,-0.5276,3315.55,939.737
150188.SZ,20191121,1.037,1.037,1.037,1.036,1.037,0.0,0.0,1103.85,114.366
150189.SZ,20191121,0.637,0.642,0.644,0.637,0.644,0.007,1.0989,210.27,13.506
513030.SH,20191121,1.105,1.099,1.099,1.093,1.097,-0.008,-0.724,13628.97,1494.693
159937.SZ,20191121,3.301,3.302,3.309,3.292,3.293,-0.008,-0.2424,871929.59,287722.64
150190.SZ,20191121,1.034,1.034,1.034,1.034,1.034,0.0,0.0,4326.66,447.376
150191.SZ,20191121,1.156,1.129,1.159,1.088,1.159,0.003,0.2595,3.92,0.442
150194.SZ,20191121,1.024,1.024,1.024,1.024,1.024,0.0,0.0,18055.25,1848.857
150193.SZ,20191121,1.063,1.011,1.058,1.011,1.058,-0.005,-0.4704,104.8,10.66
169101.SZ,20191121,1.585,1.577,1.583,1.572,1.577,-0.008,-0.5047,10807.14,1704.472
150198.SZ,20191121,1.029,1.03,1.03,1.029,1.03,0.001,0.0972,449.0,46.239
150199.SZ,20191121,1.204,1.196,1.204,1.192,1.197,-0.007,-0.5814,2777.0,331.836
512300.SH,20191121,1.146,1.144,1.144,1.133,1.133,-0.013,-1.1344,8766.0,1000.899
511220.SH,20191121,95.884,96.087,96.087,95.8,95.871,-0.013,-0.0136,88.0,843.534
150200.SZ,20191121,1.024,1.023,1.024,1.023,1.024,0.0,0.0,118871.24,12171.002
150201.SZ,20191121,1.129,1.118,1.14,1.116,1.131,0.002,0.1771,1054509.63,118922.734
150205.SZ,20191121,1.026,1.026,1.028,1.026,1.027,0.001,0.0975,54623.65,5609.244
150206.SZ,20191121,0.482,0.481,0.495,0.479,0.489,0.007,1.4523,464165.93,22751.239
159938.SZ,20191121,1.431,1.431,1.431,1.408,1.414,-0.017,-1.188,187942.0,26632.439
150208.SZ,20191121,1.458,1.45,1.45,1.45,1.45,-0.008,-0.5487,22.9,3.32
160813.SZ,20191121,0.789,0.789,0.808,0.785,0.8,0.011,1.3942,348.88,27.531
150173.SZ,20191121,1.023,1.023,1.023,1.023,1.023,0.0,0.0,2509.59,256.731
150174.SZ,20191121,1.285,1.241,1.299,1.241,1.285,0.0,0.0,46.56,5.789
511810.SH,20191121,99.993,99.99,99.992,99.986,99.987,-0.006,-0.006,142386.87,1423736.181
166025.SZ,20191121,1.148,1.148,1.154,1.14,1.151,0.003,0.2613,19235.18,2211.513
512750.SH,20191121,1.016,1.013,1.013,1.006,1.012,-0.004,-0.3937,208764.0,21099.26
512910.SH,20191121,1.063,1.062,1.062,1.054,1.058,-0.005,-0.4704,169621.0,17955.552
512760.SH,20191121,1.364,1.35,1.375,1.349,1.362,-0.002,-0.1466,1212689.0,165028.729
512170.SH,20191121,1.37,1.369,1.369,1.34,1.344,-0.026,-1.8978,406485.0,54909.353
512480.SH,20191121,1.266,1.258,1.28,1.254,1.268,0.002,0.158,234314.0,29722.138
159966.SZ,20191121,1.206,1.2,1.203,1.185,1.19,-0.016,-1.3267,791449.0,94508.982
159967.SZ,20191121,1.212,1.208,1.215,1.2,1.203,-0.009,-0.7426,69190.29,8352.377
512790.SH,20191121,1.001,0.999,0.999,0.994,0.999,-0.002,-0.1998,4211.0,420.634
159969.SZ,20191121,1.086,1.082,1.085,1.077,1.08,-0.006,-0.5525,71517.25,7722.786
512930.SH,20191121,1.138,1.132,1.143,1.122,1.136,-0.002,-0.1757,22134.0,2513.359
159971.SZ,20191121,1.185,1.185,1.188,1.175,1.177,-0.008,-0.6751,386.0,45.559
161029.SZ,20191121,1.11,1.11,1.11,1.099,1.099,-0.011,-0.991,74.57,8.232
512650.SH,20191121,0.972,0.963,0.97,0.963,0.966,-0.006,-0.6173,98291.0,9496.775
159968.SZ,20191121,4.951,4.948,4.968,4.92,4.948,-0.003,-0.0606,87947.17,43451.212
512710.SH,20191121,0.984,0.982,0.992,0.977,0.99,0.006,0.6098,1452432.0,143417.996
513880.SH,20191121,1.085,1.08,1.082,1.069,1.079,-0.006,-0.553,10940.0,1173.922
513800.SH,20191121,1.125,1.115,1.129,1.106,1.125,0.0,0.0,322.0,35.969
513520.SH,20191121,1.102,1.097,1.099,1.088,1.099,-0.003,-0.2722,9346.0,1020.955
513000.SH,20191121,1.109,1.064,1.105,1.064,1.105,-0.004,-0.3607,32334.0,3545.419
512720.SH,20191121,1.128,1.121,1.132,1.114,1.13,0.002,0.1773,329160.0,36975.965
501075.SH,20191121,0.935,0.933,0.938,0.931,0.934,-0.001,-0.107,10437.29,975.37
501078.SH,20191121,0.994,0.992,1.013,0.991,1.006,0.012,1.2072,42397.05,4255.992
501077.SH,20191121,1.039,1.039,1.047,1.035,1.042,0.003,0.2887,43759.6,4554.655
512670.SH,20191121,1.001,1.0,1.01,0.993,1.008,0.007,0.6993,94227.0,9475.118
510100.SH,20191121,1.027,1.026,1.026,1.018,1.021,-0.006,-0.5842,184793.0,18860.395
512970.SH,20191121,0.981,0.977,0.977,0.969,0.972,-0.009,-0.9174,11959.0,1161.506
159973.SZ,20191121,1.123,1.124,1.126,1.101,1.126,0.003,0.2671,212.02,23.596
501081.SH,20191121,0.992,0.988,0.994,0.988,0.993,0.001,0.1008,10520.8,1042.816
512190.SH,20191121,1.017,1.01,1.01,1.005,1.01,-0.007,-0.6883,5992.0,603.171
515300.SH,20191121,1.0,0.996,1.002,0.995,1.0,0.0,0.0,48574.0,4847.449
515000.SH,20191121,1.238,1.231,1.238,1.223,1.23,-0.008,-0.6462,3420310.0,420462.476
159972.SZ,20191121,100.681,100.5,100.681,100.5,100.503,-0.178,-0.1768,1601.4,16123.026
501086.SH,20191121,1.019,1.009,1.009,1.009,1.009,-0.01,-0.9814,187.42,18.911
515880.SH,20191121,1.008,1.002,1.01,0.997,1.008,0.0,0.0,608659.0,61052.053
512530.SH,20191121,0.991,0.988,0.993,0.986,0.991,0.0,0.0,13042.0,1290.254
515360.SH,20191121,3.841,3.822,3.835,3.816,3.835,-0.006,-0.1562,99.68,38.089
515650.SH,20191121,1.0,0.999,0.999,0.99,0.994,-0.006,-0.6,114590.0,11374.616
515010.SH,20191121,0.927,0.927,0.929,0.922,0.925,-0.002,-0.2157,9906.0,916.432
515520.SH,20191121,0.995,0.994,0.995,0.987,0.993,-0.002,-0.201,226393.0,22442.792
159977.SZ,20191121,1.719,1.718,1.725,1.702,1.711,-0.008,-0.4654,187271.42,32166.508
515050.SH,20191121,0.978,0.974,0.978,0.967,0.974,-0.004,-0.409,1417253.15,137705.587
515810.SH,20191121,0.948,0.943,0.946,0.939,0.946,-0.002,-0.211,208509.12,19646.451
515860.SH,20191121,1.052,1.044,1.055,1.042,1.05,-0.002,-0.1901,194917.92,20428.053
515200.SH,20191121,1.022,1.019,1.024,1.014,1.016,-0.006,-0.5871,120635.53,12268.579
511860.SH,20191121,99.996,99.992,99.999,99.992,99.998,0.002,0.002,36.0,359.989
150204.SZ,20191121,0.911,0.876,0.912,0.876,0.911,0.0,0.0,387.58,34.088
511800.SH,20191121,99.995,99.994,99.997,99.991,99.994,-0.001,-0.001,35749.01,357475.74
150209.SZ,20191121,1.024,1.024,1.024,1.024,1.024,0.0,0.0,3075.29,314.909
150210.SZ,20191121,0.703,0.695,0.702,0.694,0.698,-0.005,-0.7112,12495.9,871.558
160618.SZ,20191121,1.324,1.324,1.325,1.324,1.325,0.001,0.0755,3876.81,513.501
513660.SH,20191121,2.586,2.563,2.563,2.536,2.553,-0.033,-1.2761,27627.0,7042.806
513600.SH,20191121,2.603,2.586,2.587,2.563,2.569,-0.034,-1.3062,2802.0,720.163
159005.SZ,20191121,99.999,99.999,100.001,99.999,100.0,0.001,0.001,225.07,2250.689
159939.SZ,20191121,1.085,1.08,1.092,1.076,1.087,0.002,0.1843,360082.05,39022.074
169102.SZ,20191121,1.177,1.17,1.18,1.165,1.176,-0.001,-0.085,3730.0,437.082
160919.SZ,20191121,1.416,1.401,1.402,1.401,1.401,-0.015,-1.0593,427.0,59.827
512990.SH,20191121,1.191,1.188,1.191,1.182,1.187,-0.004,-0.3359,215670.0,25596.516
159940.SZ,20191121,1.017,1.01,1.014,1.004,1.009,-0.008,-0.7866,41504.17,4185.563
150215.SZ,20191121,1.049,1.089,1.089,1.047,1.047,-0.002,-0.1907,1.5,0.161
150216.SZ,20191121,1.026,1.012,1.019,1.01,1.011,-0.015,-1.462,148.06,15.017
161716.SZ,20191121,1.275,1.276,1.277,1.276,1.276,0.001,0.0784,3811.0,486.456
512770.SH,20191121,1.148,1.146,1.146,1.133,1.138,-0.01,-0.8711,1381.0,157.275
164824.SZ,20191121,0.979,0.974,0.976,0.974,0.976,-0.003,-0.3064,7.0,0.682
161131.SZ,20191121,1.059,1.058,1.06,1.058,1.059,0.0,0.0,348170.98,36868.622
161728.SZ,20191121,1.061,1.061,1.062,1.059,1.061,0.0,0.0,100838.98,10697.991
501186.SH,20191121,1.059,1.059,1.059,1.056,1.057,-0.002,-0.1889,270403.71,28589.743
501188.SH,20191121,1.071,1.07,1.074,1.07,1.074,0.003,0.2801,562716.06,60376.849
501189.SH,20191121,1.048,1.047,1.05,1.047,1.049,0.001,0.0954,77470.0,8124.993
160142.SZ,20191121,1.071,1.071,1.071,1.069,1.07,-0.001,-0.0934,130594.73,13975.299
510600.SH,20191121,3.082,3.081,3.081,3.057,3.065,-0.017,-0.5516,73513.0,22541.909
511270.SH,20191121,101.386,101.38,101.388,101.376,101.388,0.002,0.002,595.0,6032.398
160726.SZ,20191121,1.283,1.276,1.281,1.272,1.273,-0.01,-0.7794,21903.43,2793.343
512850.SH,20191121,1.05,1.05,1.05,1.007,1.046,-0.004,-0.381,218.0,22.423
512820.SH,20191121,1.138,1.136,1.136,1.13,1.135,-0.003,-0.2636,71130.0,8054.094
501062.SH,20191121,0.969,0.968,0.972,0.967,0.97,0.001,0.1032,10903.1,1056.488
512860.SH,20191121,1.252,1.24,1.243,1.24,1.24,-0.012,-0.9585,2191.0,272.056
501309.SH,20191121,1.007,1.02,1.02,0.978,0.978,-0.029,-2.8798,41.0,4.018
501310.SH,20191121,0.96,0.964,0.964,0.946,0.955,-0.005,-0.5208,2871.0,273.257
512960.SH,20191121,0.95,0.946,0.953,0.946,0.951,0.001,0.1053,135914.32,12899.676
512950.SH,20191121,0.954,0.954,0.956,0.948,0.952,-0.002,-0.2096,13314.0,1269.6
159959.SZ,20191121,0.999,0.994,1.004,0.994,1.001,0.002,0.2002,5719.0,571.744
160216.SZ,20191121,0.46,0.467,0.468,0.466,0.468,0.008,1.7391,46654.92,2178.519
159919.SZ,20191121,3.967,3.96,3.964,3.93,3.947,-0.02,-0.5042,882838.44,348407.002
510300.SH,20191121,3.97,3.96,3.967,3.937,3.95,-0.02,-0.5038,2448406.85,967498.735
161019.SZ,20191121,1.079,1.074,1.074,1.074,1.074,-0.005,-0.4634,140.0,15.036
163821.SZ,20191121,1.419,1.39,1.39,1.39,1.39,-0.029,-2.0437,300.0,41.7
160128.SZ,20191121,1.039,1.039,1.039,1.032,1.039,0.0,0.0,13.0,1.35
164810.SZ,20191121,1.035,1.034,1.034,1.03,1.032,-0.003,-0.2899,523.0,53.913
159920.SZ,20191121,1.487,1.472,1.478,1.458,1.466,-0.021,-1.4122,5508465.85,807923.848
510900.SH,20191121,1.211,1.201,1.203,1.191,1.195,-0.016,-1.3212,10116145.0,1209650.683
160916.SZ,20191121,2.659,2.642,2.669,2.641,2.65,-0.009,-0.3385,890.6,236.241
150092.SZ,20191121,1.018,1.018,1.019,1.018,1.019,0.001,0.0982,106.15,10.806
150093.SZ,20191121,0.708,0.747,0.747,0.747,0.747,0.039,5.5085,1.0,0.074
510440.SH,20191121,1.532,1.504,1.622,1.504,1.558,0.026,1.6971,590.0,93.447
150095.SZ,20191121,0.929,0.945,0.945,0.945,0.945,0.016,1.7223,1.0,0.094
150100.SZ,20191121,1.02,1.02,1.02,1.02,1.02,0.0,0.0,15162.91,1546.616
150101.SZ,20191121,0.969,0.974,0.974,0.93,0.974,0.005,0.516,57.0,5.314
161119.SZ,20191121,1.394,1.391,1.391,1.391,1.391,-0.003,-0.2152,23.0,3.199
166902.SZ,20191121,1.039,1.039,1.039,1.039,1.039,0.0,0.0,705.0,73.249
163415.SZ,20191121,2.083,2.073,2.087,2.073,2.084,0.001,0.048,3114.17,647.787
510330.SH,20191121,3.979,3.979,3.979,3.94,3.958,-0.021,-0.5278,1230634.0,487012.152
511990.SH,20191121,99.992,99.991,99.997,99.988,99.991,-0.001,-0.001,728932.42,7288755.789
159922.SZ,20191121,5.215,5.216,5.235,5.185,5.216,0.001,0.0192,288634.0,150423.995
510500.SH,20191121,5.337,5.325,5.368,5.31,5.345,0.008,0.1499,1242763.79,663265.604
150118.SZ,20191121,0.985,0.978,0.983,0.971,0.982,-0.003,-0.3046,4187.44,409.453
159923.SZ,20191121,1.758,1.751,1.769,1.73,1.759,0.001,0.0569,1266.0,221.545
510310.SH,20191121,1.729,1.721,1.728,1.714,1.721,-0.008,-0.4627,553132.0,95165.07
511010.SH,20191121,118.631,118.662,118.78,118.633,118.703,0.072,0.0607,8531.0,101302.548
160212.SZ,20191121,2.452,2.45,2.45,2.431,2.443,-0.009,-0.367,2038.85,497.256
510660.SH,20191121,1.971,1.966,1.966,1.942,1.949,-0.022,-1.1162,4597.0,895.525
510650.SH,20191121,1.965,1.955,1.956,1.948,1.954,-0.011,-0.5598,545.0,106.425
510630.SH,20191121,3.05,3.059,3.059,3.029,3.034,-0.016,-0.5246,1152.0,350.136
159925.SZ,20191121,1.719,1.712,1.719,1.706,1.713,-0.006,-0.349,1093.62,187.283
150123.SZ,20191121,1.055,1.053,1.055,1.053,1.055,0.0,0.0,1659.79,174.961
150124.SZ,20191121,0.855,0.849,0.849,0.831,0.841,-0.014,-1.6374,1176.0,98.89
163210.SZ,20191121,1.016,1.016,1.017,1.011,1.016,0.0,0.0,4030.0,409.004
515580.SH,20191121,1.04,1.037,1.042,1.032,1.037,-0.003,-0.2885,145248.0,15051.188
161118.SZ,20191121,1.001,0.99,1.003,0.99,1.001,0.0,0.0,1681.78,167.33
502020.SH,20191121,1.006,1.014,1.014,1.0,1.0,-0.006,-0.5964,350.97,35.517
159987.SZ,20191121,1.022,1.018,1.021,1.011,1.016,-0.006,-0.5871,481289.12,48855.002
160105.SZ,20191121,0.993,0.993,0.999,0.952,0.992,-0.001,-0.1007,67.0,6.554
163801.SZ,20191121,1.465,1.465,1.465,1.45,1.458,-0.007,-0.4778,346.0,50.493
160505.SZ,20191121,1.46,1.455,1.461,1.453,1.461,0.001,0.0685,23861.27,3476.854
510050.SH,20191121,3.013,3.003,3.006,2.988,2.995,-0.018,-0.5974,5816018.75,1742501.109
162703.SZ,20191121,1.918,1.918,1.932,1.898,1.902,-0.016,-0.8342,32266.42,6168.51
162605.SZ,20191121,1.769,1.769,1.771,1.76,1.766,-0.003,-0.1696,20886.96,3685.036
161607.SZ,20191121,1.193,1.185,1.185,1.171,1.171,-0.022,-1.8441,17.0,2.011
160106.SZ,20191121,1.13,1.107,1.129,1.107,1.125,-0.005,-0.4425,1168.02,131.447
161903.SZ,20191121,1.206,1.2,1.206,1.192,1.196,-0.01,-0.8292,4931.28,590.623
160706.SZ,20191121,1.128,1.127,1.127,1.121,1.124,-0.004,-0.3546,17351.38,1948.902
163302.SZ,20191121,1.096,1.086,1.086,1.086,1.086,-0.01,-0.9124,26.0,2.823
161005.SZ,20191121,2.299,2.295,2.295,2.281,2.288,-0.011,-0.4785,10711.27,2448.768
163402.SZ,20191121,0.681,0.68,0.681,0.677,0.678,-0.003,-0.4405,84835.9,5756.836
161706.SZ,20191121,1.898,1.885,1.893,1.85,1.871,-0.027,-1.4226,3313.12,622.282
163503.SZ,20191121,0.448,0.452,0.452,0.443,0.447,-0.001,-0.2232,1143.0,50.777
162607.SZ,20191121,0.577,0.576,0.577,0.573,0.574,-0.003,-0.5199,2135.0,122.859
159901.SZ,20191121,4.936,4.93,4.935,4.89,4.909,-0.027,-0.547,282711.0,138774.858
510180.SH,20191121,3.403,3.398,3.398,3.371,3.387,-0.016,-0.4702,209875.5,71046.77
162207.SZ,20191121,1.481,1.481,1.495,1.476,1.495,0.014,0.9453,236.0,34.951
159902.SZ,20191121,3.09,3.086,3.096,3.066,3.081,-0.009,-0.2913,72911.0,22457.574
160607.SZ,20191121,0.792,0.786,0.795,0.786,0.79,-0.002,-0.2525,1433.0,113.174
510880.SH,20191121,2.738,2.735,2.741,2.725,2.736,-0.002,-0.073,44733.0,12231.808
160610.SZ,20191121,1.065,1.048,1.061,1.047,1.056,-0.009,-0.8451,1852.7,195.724
166001.SZ,20191121,1.309,1.3,1.318,1.295,1.318,0.009,0.6875,468.0,60.94
160611.SZ,20191121,1.0,0.997,1.0,0.995,0.995,-0.005,-0.5,616.5,61.562
160314.SZ,20191121,1.029,1.025,1.03,1.025,1.029,0.0,0.0,3389.11,348.618
160613.SZ,20191121,1.483,1.469,1.582,1.469,1.582,0.099,6.6757,4.0,0.621
161010.SZ,20191121,1.114,1.11,1.114,1.11,1.114,0.0,0.0,2043.9,227.628
161810.SZ,20191121,2.12,2.12,2.129,2.108,2.112,-0.008,-0.3774,20391.77,4314.157
510060.SH,20191121,1.811,1.811,1.811,1.801,1.803,-0.008,-0.4417,161.34,29.134
160119.SZ,20191121,1.261,1.262,1.266,1.255,1.261,0.0,0.0,4875.66,614.542
510010.SH,20191121,1.162,1.16,1.16,1.15,1.15,-0.012,-1.0327,310.0,35.714
165309.SZ,20191121,1.257,1.249,1.249,1.249,1.249,-0.008,-0.6364,143.0,17.86
160211.SZ,20191121,2.447,2.428,2.47,2.41,2.431,-0.016,-0.6539,1760.0,429.18
162711.SZ,20191121,1.077,1.077,1.093,1.077,1.078,0.001,0.0929,145.0,15.692
150008.SZ,20191121,0.959,0.956,0.956,0.953,0.953,-0.006,-0.6257,1772.0,169.187
159903.SZ,20191121,1.079,1.078,1.084,1.072,1.077,-0.002,-0.1854,8116.0,873.647
166006.SZ,20191121,1.36,1.345,1.375,1.345,1.372,0.012,0.8824,296.0,40.628
510020.SH,20191121,2.95,2.873,2.892,2.871,2.882,-0.068,-2.3051,625.54,180.251
501065.SH,20191121,1.259,1.248,1.249,1.243,1.243,-0.016,-1.2708,1519.0,189.357
159960.SZ,20191121,1.015,1.008,1.02,1.008,1.02,0.005,0.4926,646.0,65.877
161132.SZ,20191121,1.211,1.196,1.208,1.196,1.208,-0.003,-0.2477,1349.0,162.221
512920.SH,20191121,1.233,1.225,1.225,1.225,1.225,-0.008,-0.6488,10.0,1.225
512040.SH,20191121,1.119,1.118,1.118,1.111,1.115,-0.004,-0.3575,53949.0,6013.555
501066.SH,20191121,1.378,1.378,1.379,1.376,1.377,-0.001,-0.0726,1036.0,142.639
160918.SZ,20191121,2.074,2.075,2.091,2.066,2.079,0.005,0.2411,2198.72,456.61
150195.SZ,20191121,1.034,1.024,1.042,1.015,1.032,-0.002,-0.1934,73978.93,7614.793
501021.SH,20191121,1.458,1.458,1.458,1.44,1.447,-0.011,-0.7545,4160.99,601.495
510510.SH,20191121,1.418,1.418,1.424,1.41,1.418,0.0,0.0,273131.0,38662.377
511880.SH,20191121,102.348,102.35,102.354,102.346,102.347,-0.001,-0.001,656618.76,6720612.198
165313.SZ,20191121,1.613,1.603,1.607,1.597,1.597,-0.016,-0.9919,2118.1,339.548
159001.SZ,20191121,100.0,100.0,100.001,99.999,100.0,0.0,0.0,317845.14,3178451.197
161911.SZ,20191121,1.016,1.015,1.016,1.014,1.015,-0.001,-0.0984,11155.97,1132.29
162715.SZ,20191121,1.085,1.081,1.081,1.081,1.081,-0.004,-0.3687,9.22,0.996
513100.SH,20191121,3.03,3.018,3.018,3.01,3.017,-0.013,-0.429,45182.0,13616.405
159926.SZ,20191121,110.68,110.679,110.679,110.679,110.679,-0.001,-0.0009,1.0,11.067
159003.SZ,20191121,100.0,100.0,100.001,99.999,100.0,0.0,0.0,5847.85,58478.501
518880.SH,20191121,3.301,3.303,3.31,3.292,3.294,-0.007,-0.2121,3075222.03,1014787.106
162006.SZ,20191121,1.206,1.198,1.206,1.198,1.198,-0.008,-0.6633,329.14,39.457
160910.SZ,20191121,1.121,1.117,1.117,1.114,1.114,-0.007,-0.6244,129.0,14.397
160805.SZ,20191121,0.786,0.785,0.785,0.777,0.779,-0.007,-0.8906,649.72,50.546
160311.SZ,20191121,1.585,1.577,1.578,1.577,1.578,-0.007,-0.4416,229.97,36.267
161610.SZ,20191121,1.213,1.201,1.215,1.201,1.211,-0.002,-0.1649,1064.0,128.525
159961.SZ,20191121,1.426,1.427,1.427,1.412,1.417,-0.009,-0.6311,494.0,69.994
512260.SH,20191121,1.132,1.122,1.135,1.122,1.133,0.001,0.0883,144500.0,16339.357
512870.SH,20191121,1.216,1.214,1.215,1.21,1.212,-0.004,-0.3289,23642.0,2865.05
510850.SH,20191121,3.007,2.995,2.996,2.975,2.985,-0.022,-0.7316,484434.92,144676.544
510550.SH,20191121,1.172,1.172,1.176,1.167,1.169,-0.003,-0.256,533.0,62.366
501069.SH,20191121,1.027,1.02,1.025,1.02,1.025,-0.002,-0.1947,889.0,91.053
513680.SH,20191121,0.967,0.957,0.991,0.944,0.959,-0.008,-0.8273,441.0,42.228
512150.SH,20191121,1.288,1.28,1.282,1.275,1.276,-0.012,-0.9317,1047.0,133.752
512890.SH,20191121,1.143,1.137,1.142,1.135,1.14,-0.003,-0.2625,1323.0,150.596
159962.SZ,20191121,1.036,1.03,1.03,1.03,1.03,-0.006,-0.5792,115.0,11.845
501064.SH,20191121,1.29,1.264,1.289,1.264,1.286,-0.004,-0.3101,69.0,8.85
159963.SZ,20191121,0.984,0.979,0.979,0.968,0.971,-0.013,-1.3211,22747.19,2209.281
511020.SH,20191121,102.1,102.2,102.2,102.2,102.2,0.1,0.0979,0.1,1.022
512270.SH,20191121,0.982,0.976,0.979,0.975,0.979,-0.003,-0.3055,2379.0,232.63
511030.SH,20191121,101.501,101.504,101.505,101.504,101.505,0.004,0.0039,1.1,11.165
159965.SZ,20191121,1.097,1.098,1.098,1.086,1.088,-0.009,-0.8204,21738.0,2368.933
501063.SH,20191121,1.015,1.013,1.014,1.013,1.014,-0.001,-0.0985,7224.14,732.453
501070.SH,20191121,1.291,1.303,1.319,1.286,1.314,0.023,1.7816,2075.71,270.501
512380.SH,20191121,0.997,0.997,0.998,0.99,0.996,-0.001,-0.1003,635212.0,63116.063
512590.SH,20191121,0.994,0.992,0.997,0.99,0.991,-0.003,-0.3018,4629.0,460.856
510890.SH,20191121,0.995,0.995,0.995,0.989,0.995,0.0,0.0,26326.0,2608.723
510350.SH,20191121,3.896,3.88,3.895,3.859,3.878,-0.018,-0.462,254397.42,98665.424
159964.SZ,20191121,1.014,1.024,1.024,1.01,1.01,-0.004,-0.3945,4925.56,499.264
161912.SZ,20191121,1.062,1.061,1.068,1.056,1.061,-0.001,-0.0942,8297.69,881.218
501071.SH,20191121,1.139,1.135,1.141,1.135,1.14,0.001,0.0878,2640.52,300.515
512690.SH,20191121,1.187,1.181,1.191,1.177,1.181,-0.006,-0.5055,63011.0,7449.087
512290.SH,20191121,1.236,1.232,1.239,1.224,1.23,-0.006,-0.4854,270735.0,33289.541
160716.SZ,20191121,1.581,1.58,1.58,1.566,1.574,-0.007,-0.4428,3859.0,606.151
160616.SZ,20191121,1.123,1.121,1.128,1.114,1.122,-0.001,-0.089,386.0,43.268
163001.SZ,20191121,1.219,1.219,1.274,1.21,1.21,-0.009,-0.7383,267.0,33.222
510130.SH,20191121,3.8,3.8,3.849,3.8,3.837,0.037,0.9737,61.0,23.227
510030.SH,20191121,5.318,5.294,5.319,5.294,5.31,-0.008,-0.1504,263.0,139.727
510090.SH,20191121,1.833,1.827,1.827,1.823,1.823,-0.01,-0.5456,15.0,2.735
150016.SZ,20191121,0.987,0.985,0.987,0.985,0.986,-0.001,-0.1013,558.0,54.996
150017.SZ,20191121,1.182,1.17,1.18,1.17,1.178,-0.004,-0.3384,1949.52,228.853
150013.SZ,20191121,1.079,1.01,1.056,1.01,1.056,-0.023,-2.1316,108.52,11.429
150018.SZ,20191121,1.03,1.03,1.031,1.03,1.031,0.001,0.0971,36864.17,3799.206
150019.SZ,20191121,0.994,0.986,0.997,0.98,0.988,-0.006,-0.6036,1021971.45,100802.798
510070.SH,20191121,1.811,1.793,1.793,1.793,1.793,-0.018,-0.9939,2800.0,502.04
160215.SZ,20191121,1.527,1.517,1.517,1.517,1.517,-0.01,-0.6549,4.0,0.606
510160.SH,20191121,0.551,0.544,0.546,0.543,0.545,-0.006,-1.0889,499.0,27.165
510110.SH,20191121,3.782,3.736,3.893,3.736,3.752,-0.03,-0.7932,42.0,15.965
160717.SZ,20191121,0.832,0.83,0.83,0.822,0.822,-0.01,-1.2019,1911.22,157.343
165509.SZ,20191121,1.105,1.105,1.105,1.105,1.105,0.0,0.0,156.84,17.33
163407.SZ,20191121,2.029,2.039,2.039,2.023,2.027,-0.002,-0.0986,3872.0,786.167
159905.SZ,20191121,1.948,1.948,1.948,1.926,1.933,-0.015,-0.77,333652.0,64468.43
510190.SH,20191121,3.295,3.277,3.297,3.273,3.279,-0.016,-0.4856,644.0,211.582
150022.SZ,20191121,0.836,0.834,0.836,0.831,0.833,-0.003,-0.3589,86449.0,7209.108
150023.SZ,20191121,0.235,0.234,0.234,0.232,0.233,-0.002,-0.8511,336080.0,7821.974
510170.SH,20191121,1.581,1.58,1.581,1.573,1.58,-0.001,-0.0633,89.06,14.023
161115.SZ,20191121,1.51,1.507,1.507,1.507,1.507,-0.003,-0.1987,7.0,1.054
166008.SZ,20191121,1.074,1.074,1.074,1.074,1.074,0.0,0.0,100.0,10.74
161815.SZ,20191121,0.482,0.483,0.483,0.481,0.481,-0.001,-0.2075,767.0,36.946
510150.SH,20191121,5.532,5.501,5.516,5.471,5.482,-0.05,-0.9038,7902.75,4329.542
165510.SZ,20191121,0.743,0.745,0.756,0.735,0.743,0.0,0.0,1003.0,74.99
159906.SZ,20191121,0.92,0.908,1.009,0.907,0.914,-0.006,-0.6522,351.0,32.303
510220.SH,20191121,4.016,4.048,4.055,4.001,4.002,-0.014,-0.3486,213.0,86.204
510210.SH,20191121,3.715,3.694,3.717,3.694,3.713,-0.002,-0.0538,14663.0,5433.959
161714.SZ,20191121,1.073,1.067,1.067,1.059,1.059,-0.014,-1.3048,592.0,62.874
166009.SZ,20191121,2.0,1.997,2.0,1.964,1.964,-0.036,-1.8,150.0,29.896
150029.SZ,20191121,1.072,1.122,1.122,1.086,1.089,0.017,1.5858,104.5,11.371
164808.SZ,20191121,1.075,1.081,1.081,1.074,1.075,0.0,0.0,224.0,24.146
161907.SZ,20191121,1.613,1.664,1.664,1.601,1.632,0.019,1.1779,24.09,3.901
150031.SZ,20191121,0.995,0.958,1.009,0.958,1.009,0.014,1.407,229.37,22.246
150030.SZ,20191121,1.051,1.047,1.048,1.047,1.048,-0.003,-0.2854,34.72,3.638
150032.SZ,20191121,1.02,1.018,1.018,1.018,1.018,-0.002,-0.1961,99.56,10.135
150033.SZ,20191121,0.801,0.803,0.803,0.802,0.802,0.001,0.1248,60.0,4.812
161216.SZ,20191121,1.173,1.173,1.173,1.173,1.173,0.0,0.0,24.5,2.873
510230.SH,20191121,5.734,5.728,5.728,5.68,5.698,-0.036,-0.6278,44970.0,25597.0
161116.SZ,20191121,0.784,0.785,0.789,0.785,0.787,0.003,0.3827,4894.0,384.944
510120.SH,20191121,3.116,3.045,3.045,3.045,3.045,-0.071,-2.2786,7.0,2.132
150036.SZ,20191121,1.036,1.015,1.036,1.015,1.036,0.0,0.0,68.36,7.062
163409.SZ,20191121,1.768,1.8,1.8,1.8,1.8,0.032,1.81,1.0,0.18
160512.SZ,20191121,2.028,2.02,2.078,1.986,2.049,0.021,1.0355,468.0,94.443
159908.SZ,20191121,1.483,1.476,1.486,1.472,1.476,-0.007,-0.472,4864.0,717.903
159907.SZ,20191121,1.247,1.244,1.246,1.237,1.242,-0.005,-0.401,1946.0,241.694
159909.SZ,20191121,4.852,4.85,4.868,4.803,4.843,-0.009,-0.1855,695.0,336.141
510270.SH,20191121,1.11,1.124,1.124,1.116,1.116,0.006,0.5405,117.0,13.072
161217.SZ,20191121,0.605,0.606,0.606,0.602,0.602,-0.003,-0.4959,56.0,3.391
159910.SZ,20191121,1.858,1.857,1.857,1.844,1.849,-0.009,-0.4844,1752.0,323.903
162712.SZ,20191121,1.472,1.478,1.478,1.478,1.478,0.006,0.4076,15.0,2.217
160719.SZ,20191121,0.816,0.817,0.818,0.814,0.816,0.0,0.0,743.43,60.66
164701.SZ,20191121,0.691,0.691,0.694,0.691,0.693,0.002,0.2894,495.0,34.228
159915.SZ,20191121,1.655,1.65,1.663,1.643,1.65,-0.005,-0.3021,2287550.7,377737.001
159916.SZ,20191121,4.187,4.15,4.216,4.14,4.146,-0.041,-0.9792,901.0,374.402
159912.SZ,20191121,1.313,1.301,1.315,1.301,1.31,-0.003,-0.2285,2656.0,347.448
510290.SH,20191121,1.422,1.403,1.412,1.403,1.411,-0.011,-0.7736,10414.0,1464.371
160125.SZ,20191121,1.07,1.056,1.072,1.056,1.072,0.002,0.1869,68.0,7.219
159913.SZ,20191121,1.925,1.92,1.92,1.92,1.92,-0.005,-0.2597,60.0,11.52
163208.SZ,20191121,0.76,0.76,0.76,0.755,0.756,-0.004,-0.5263,219.0,16.558
161017.SZ,20191121,1.6,1.6,1.602,1.588,1.598,-0.002,-0.125,3345.31,533.817
162411.SZ,20191121,0.379,0.38,0.381,0.379,0.381,0.002,0.5277,797262.53,30328.405
150048.SZ,20191121,1.473,1.472,1.472,1.465,1.465,-0.008,-0.5431,17.0,2.496
150064.SZ,20191121,1.033,1.02,1.02,1.02,1.02,-0.013,-1.2585,0.44,0.044
165513.SZ,20191121,0.397,0.399,0.401,0.399,0.4,0.003,0.7557,932.0,37.28
150051.SZ,20191121,1.033,1.034,1.034,1.034,1.034,0.001,0.0968,10.0,1.034
150052.SZ,20191121,1.358,1.35,1.364,1.339,1.344,-0.014,-1.0309,27989.56,3777.657
150056.SZ,20191121,1.062,0.971,1.063,0.971,1.051,-0.011,-1.0358,33.0,3.289
150050.SZ,20191121,1.66,1.669,1.669,1.579,1.643,-0.017,-1.0241,108.0,17.705
159918.SZ,20191121,1.417,1.416,1.416,1.416,1.416,-0.001,-0.0706,20.0,2.832
160416.SZ,20191121,0.997,1.0,1.007,0.999,1.002,0.005,0.5015,863.0,86.517
163412.SZ,20191121,3.629,3.62,3.628,3.609,3.618,-0.011,-0.3031,2578.77,931.43
510410.SH,20191121,0.572,0.571,0.572,0.568,0.572,0.0,0.0,32259.0,1839.819
150135.SZ,20191121,1.044,1.032,1.032,1.032,1.032,-0.012,-1.1494,11.0,1.135
150217.SZ,20191121,1.019,1.019,1.019,1.019,1.019,0.0,0.0,30.0,3.057
150211.SZ,20191121,1.035,1.036,1.036,1.034,1.036,0.001,0.0966,6444.82,667.015
150212.SZ,20191121,1.006,1.007,1.043,1.001,1.011,0.005,0.497,6967.89,707.863
150223.SZ,20191121,1.046,1.046,1.047,1.045,1.046,0.0,0.0,94113.74,9843.104
150224.SZ,20191121,0.783,0.775,0.787,0.773,0.781,-0.002,-0.2554,246922.11,19277.289
161224.SZ,20191121,1.02,1.02,1.025,1.003,1.023,0.003,0.2941,643.12,64.58
150196.SZ,20191121,1.041,1.042,1.043,1.041,1.042,0.001,0.0961,46321.28,4826.446
150197.SZ,20191121,0.403,0.4,0.403,0.392,0.399,-0.004,-0.9926,648374.71,25717.753
150221.SZ,20191121,1.065,1.066,1.066,1.065,1.066,0.001,0.0939,26780.0,2853.704
150222.SZ,20191121,0.898,0.892,0.91,0.88,0.906,0.008,0.8909,11346.12,1023.071
512310.SH,20191121,0.458,0.457,0.461,0.457,0.46,0.002,0.4367,1772.0,81.28
162510.SZ,20191121,0.86,0.86,0.86,0.86,0.86,0.0,0.0,897.0,77.142
502048.SH,20191121,0.985,0.98,0.98,0.98,0.98,-0.005,-0.5076,1.0,0.098
502049.SH,20191121,1.011,1.01,1.011,1.009,1.011,0.0,0.0,16763.74,1692.923
502050.SH,20191121,0.954,0.953,0.953,0.94,0.944,-0.01,-1.0482,41732.66,3935.549
512340.SH,20191121,0.693,0.693,0.697,0.693,0.697,0.004,0.5772,5330.0,371.062
150219.SZ,20191121,1.107,1.107,1.107,1.089,1.089,-0.018,-1.626,2.0,0.219
150220.SZ,20191121,0.978,0.975,0.976,0.951,0.964,-0.014,-1.4315,12440.0,1197.583
166011.SZ,20191121,1.44,1.437,1.437,1.437,1.437,-0.003,-0.2083,1.0,0.143
512500.SH,20191121,2.483,2.481,2.497,2.468,2.487,0.004,0.1611,629727.26,156255.144
150227.SZ,20191121,0.989,0.988,0.989,0.987,0.989,0.0,0.0,128789.16,12725.482
150228.SZ,20191121,0.951,0.946,0.949,0.938,0.943,-0.008,-0.8412,172603.82,16269.33
165517.SZ,20191121,0.83,0.822,0.822,0.822,0.822,-0.008,-0.9639,10.0,0.822
512510.SH,20191121,1.091,1.09,1.096,1.084,1.091,0.0,0.0,65327.0,7112.478
150229.SZ,20191121,1.01,1.01,1.01,1.01,1.01,0.0,0.0,68.0,6.868
150230.SZ,20191121,1.409,1.363,1.418,1.363,1.4,-0.009,-0.6388,524.0,73.952
150231.SZ,20191121,1.003,1.003,1.003,1.003,1.003,0.0,0.0,967.0,96.99
150232.SZ,20191121,1.11,1.11,1.117,1.096,1.096,-0.014,-1.2613,610.9,67.395
150226.SZ,20191121,1.239,1.363,1.363,1.22,1.288,0.049,3.9548,515.0,62.88
150235.SZ,20191121,0.982,0.983,0.983,0.983,0.983,0.001,0.1018,1.0,0.098
150236.SZ,20191121,0.875,0.85,0.882,0.85,0.874,-0.001,-0.1143,177.99,15.444
164906.SZ,20191121,1.282,1.269,1.275,1.262,1.264,-0.018,-1.4041,4604.38,582.972
150247.SZ,20191121,1.044,1.04,1.044,1.04,1.044,0.0,0.0,9.72,1.014
150248.SZ,20191121,0.854,0.84,0.864,0.836,0.836,-0.018,-2.1077,245.26,20.58
150249.SZ,20191121,1.017,1.019,1.019,1.019,1.019,0.002,0.1967,51.0,5.196
150250.SZ,20191121,1.23,1.219,1.219,1.172,1.183,-0.047,-3.8211,146.0,17.688
510710.SH,20191121,3.329,3.332,3.332,3.298,3.309,-0.02,-0.6008,107912.0,35680.393
150252.SZ,20191121,0.656,0.641,0.673,0.641,0.659,0.003,0.4573,536.0,35.279
150265.SZ,20191121,1.041,1.064,1.064,1.055,1.055,0.014,1.3449,5.0,0.531
150266.SZ,20191121,0.858,0.844,0.858,0.826,0.834,-0.024,-2.7972,65.36,5.453
150274.SZ,20191121,1.059,1.068,1.068,1.047,1.059,0.0,0.0,38.0,4.011
159943.SZ,20191121,10.6,10.598,10.647,10.598,10.619,0.019,0.1792,91.64,97.229
150261.SZ,20191121,1.04,1.04,1.053,1.04,1.053,0.013,1.25,121.68,12.713
150262.SZ,20191121,1.37,1.378,1.378,1.333,1.34,-0.03,-2.1898,7790.74,1058.05
510560.SH,20191121,1.06,1.058,1.063,1.055,1.056,-0.004,-0.3774,168.0,17.765
150312.SZ,20191121,1.521,1.62,1.62,1.62,1.62,0.099,6.5089,1.0,0.162
501001.SH,20191121,1.078,1.077,1.092,1.074,1.087,0.009,0.8349,1814.0,194.885
512330.SH,20191121,0.898,0.896,0.901,0.887,0.896,-0.002,-0.2227,170717.0,15263.925
159945.SZ,20191121,0.604,0.604,0.605,0.601,0.604,0.0,0.0,1672.0,101.072
159944.SZ,20191121,0.7,0.698,0.698,0.675,0.689,-0.011,-1.5714,122.0,8.298
150297.SZ,20191121,1.057,1.07,1.07,1.07,1.07,0.013,1.2299,60.0,6.42
150298.SZ,20191121,1.255,1.27,1.271,1.27,1.271,0.016,1.2749,15.0,1.906
502038.SH,20191121,0.811,0.736,0.736,0.736,0.736,-0.075,-9.2478,0.58,0.043
150325.SZ,20191121,1.04,1.04,1.04,1.04,1.04,0.0,0.0,422.93,43.984
150335.SZ,20191121,1.043,1.044,1.044,1.044,1.044,0.001,0.0959,1282.29,133.871
502010.SH,20191121,1.019,1.019,1.022,1.012,1.016,-0.003,-0.2944,6959.05,707.229
502012.SH,20191121,1.035,1.031,1.042,1.03,1.031,-0.004,-0.3865,10072.5,1042.154
502011.SH,20191121,0.998,0.998,0.999,0.998,0.999,0.001,0.1002,45703.3,4564.689
502003.SH,20191121,1.169,1.17,1.175,1.17,1.174,0.005,0.4277,526.13,61.599
502004.SH,20191121,0.998,0.999,0.999,0.996,0.999,0.001,0.1002,4.0,0.399
502005.SH,20191121,1.344,1.341,1.356,1.341,1.356,0.012,0.8929,30.17,4.047
168101.SZ,20191121,1.086,1.086,1.086,1.08,1.084,-0.002,-0.1842,10596.86,1149.152
150303.SZ,20191121,1.052,1.053,1.053,1.052,1.053,0.001,0.0951,4025.0,423.832
150304.SZ,20191121,1.187,1.183,1.193,1.168,1.182,-0.005,-0.4212,10047.56,1185.633
502025.SH,20191121,0.549,0.59,0.604,0.494,0.494,-0.055,-10.0182,1128.0,55.889
150329.SZ,20191121,1.022,1.021,1.022,1.021,1.022,0.0,0.0,505.0,51.58
150330.SZ,20191121,1.72,1.7,1.7,1.675,1.685,-0.035,-2.0349,9931.0,1678.212
184801.SZ,20191121,96.29,96.08,96.295,96.08,96.2,-0.09,-0.0935,86.0,827.584
502040.SH,20191121,1.343,1.299,1.299,1.298,1.298,-0.045,-3.3507,28.0,3.635
502056.SH,20191121,1.327,1.325,1.326,1.323,1.323,-0.004,-0.3014,32.0,4.242
502058.SH,20191121,1.6,1.515,1.515,1.515,1.515,-0.085,-5.3125,30.0,4.545
511830.SH,20191121,99.994,100.079,100.079,100.079,100.079,0.085,0.085,48.63,486.684
150344.SZ,20191121,1.033,1.033,1.033,1.033,1.033,0.0,0.0,20.0,2.066
150343.SZ,20191121,1.04,1.045,1.045,1.045,1.045,0.005,0.4808,367.73,38.427
510360.SH,20191121,1.283,1.28,1.281,1.271,1.278,-0.005,-0.3897,69559.0,8871.052
502053.SH,20191121,0.971,0.97,0.97,0.97,0.97,-0.001,-0.103,60.0,5.82
502054.SH,20191121,1.035,1.033,1.037,1.033,1.037,0.002,0.1932,1748.0,181.137
502055.SH,20191121,0.885,0.845,0.878,0.845,0.878,-0.007,-0.791,30.0,2.611
161226.SZ,20191121,0.852,0.852,0.853,0.847,0.848,-0.004,-0.4695,214051.0,18165.365
167501.SZ,20191121,1.13,1.13,1.131,1.129,1.13,0.0,0.0,6977.0,788.406
510580.SH,20191121,5.037,5.03,5.067,5.009,5.045,0.008,0.1588,83646.0,42119.11
161227.SZ,20191121,1.042,1.042,1.042,1.034,1.037,-0.005,-0.4798,1401.13,145.053
511980.SH,20191121,99.992,99.998,99.998,99.99,99.992,0.0,0.0,106.41,1064.014
511900.SH,20191121,99.992,99.991,99.994,99.99,99.993,0.001,0.001,4986.47,49860.796
511930.SH,20191121,99.989,99.989,99.989,99.989,99.989,0.0,0.0,0.02,0.2
164206.SZ,20191121,1.148,1.152,1.152,1.152,1.152,0.004,0.3484,18.0,2.073
501005.SH,20191121,1.108,1.164,1.164,1.082,1.09,-0.018,-1.6245,3284.8,360.722
511960.SH,20191121,99.98,99.888,99.95,99.888,99.95,-0.03,-0.03,0.03,0.3
161033.SZ,20191121,1.125,1.125,1.138,1.12,1.132,0.007,0.6222,270.95,30.449
169103.SZ,20191121,1.29,1.29,1.291,1.284,1.287,-0.003,-0.2326,524.0,67.535
511820.SH,20191121,99.997,100.028,100.028,99.99,99.99,-0.007,-0.007,56.0,560.149
168102.SZ,20191121,0.959,0.957,0.961,0.955,0.957,-0.002,-0.2086,12997.06,1244.851
501015.SH,20191121,0.844,0.841,0.848,0.839,0.842,-0.002,-0.237,3960.51,334.111
162415.SZ,20191121,1.617,1.617,1.617,1.608,1.612,-0.005,-0.3092,503.0,81.068
160518.SZ,20191121,1.141,1.16,1.16,1.135,1.14,-0.001,-0.0876,3961.19,451.301
159948.SZ,20191121,1.799,1.794,1.809,1.788,1.794,-0.005,-0.2779,6784.0,1219.068
161232.SZ,20191121,0.729,0.725,0.728,0.725,0.728,-0.001,-0.1372,717.23,52.143
165528.SZ,20191121,0.929,0.927,0.927,0.927,0.927,-0.002,-0.2153,450.04,41.718
501017.SH,20191121,0.86,0.877,0.877,0.858,0.862,0.002,0.2326,502.0,43.074
160519.SZ,20191121,1.15,1.189,1.189,1.136,1.141,-0.009,-0.7826,2239.41,255.421
161727.SZ,20191121,1.147,1.147,1.147,1.147,1.147,0.0,0.0,10.0,1.147
501018.SH,20191121,1.078,1.092,1.094,1.091,1.093,0.015,1.3915,45334.63,4953.149
159949.SZ,20191121,0.618,0.615,0.62,0.611,0.615,-0.003,-0.4854,2711460.58,166894.676
511850.SH,20191121,99.994,99.994,99.994,99.989,99.991,-0.003,-0.003,6183.1,61825.949
169104.SZ,20191121,1.416,1.385,1.385,1.384,1.384,-0.032,-2.2599,108.0,14.957
512660.SH,20191121,0.724,0.722,0.733,0.721,0.73,0.006,0.8287,994061.28,72554.053
512880.SH,20191121,0.9,0.895,0.904,0.893,0.9,0.0,0.0,4303470.29,387247.459
167001.SZ,20191121,0.79,0.784,0.789,0.781,0.782,-0.008,-1.0127,1989.12,155.491
161834.SZ,20191121,0.807,0.805,0.805,0.805,0.805,-0.002,-0.2478,1690.08,136.051
163003.SZ,20191121,0.648,0.657,0.657,0.65,0.65,0.002,0.3086,233.0,15.195
160225.SZ,20191121,0.774,0.777,0.78,0.772,0.774,0.0,0.0,1589.0,123.261
168103.SZ,20191121,0.884,0.884,0.887,0.881,0.883,-0.001,-0.1131,50702.01,4476.31
512810.SH,20191121,0.696,0.696,0.705,0.696,0.703,0.007,1.0057,6673.0,469.224
510810.SH,20191121,0.889,0.886,0.891,0.885,0.888,-0.001,-0.1125,371988.75,33016.273
160921.SZ,20191121,1.043,1.033,1.033,1.033,1.033,-0.01,-0.9588,52.0,5.371
160635.SZ,20191121,1.091,1.085,1.087,1.073,1.073,-0.018,-1.6499,464.0,50.188
164403.SZ,20191121,1.195,1.192,1.193,1.191,1.193,-0.002,-0.1674,13.0,1.549
169105.SZ,20191121,1.45,1.452,1.452,1.441,1.445,-0.005,-0.3448,25404.0,3671.192
512680.SH,20191121,0.734,0.733,0.743,0.733,0.74,0.006,0.8174,90692.0,6698.047
512000.SH,20191121,0.857,0.854,0.86,0.851,0.856,-0.001,-0.1167,1532476.0,131176.059
165525.SZ,20191121,0.693,0.693,0.695,0.689,0.693,0.0,0.0,7254.02,502.302
160421.SZ,20191121,1.279,1.265,1.276,1.265,1.27,-0.009,-0.7037,2697.09,342.518
501026.SH,20191121,0.869,0.87,0.87,0.87,0.87,0.001,0.1151,1.0,0.087
167002.SZ,20191121,1.065,1.081,1.087,1.081,1.087,0.022,2.0657,63.0,6.833
511660.SH,20191121,99.994,99.993,99.994,99.989,99.992,-0.002,-0.002,64384.21,643794.526
165317.SZ,20191121,1.229,1.226,1.226,1.219,1.226,-0.003,-0.2441,1.01,0.123
168105.SZ,20191121,0.939,0.933,0.945,0.933,0.942,0.003,0.3195,24837.64,2339.792
512100.SH,20191121,0.669,0.669,0.674,0.665,0.67,0.001,0.1495,214798.0,14384.712
501022.SH,20191121,1.027,1.028,1.03,1.027,1.03,0.003,0.2921,6753.74,694.845
511600.SH,20191121,99.997,99.996,100.078,99.994,100.029,0.032,0.032,13096.26,130960.225
160642.SZ,20191121,1.049,1.067,1.067,1.067,1.067,0.018,1.7159,24.0,2.56
511690.SH,20191121,99.996,99.994,99.995,99.992,99.994,-0.002,-0.002,6452.6,64522.082
511700.SH,20191121,100.005,100.007,100.008,100.003,100.006,0.001,0.001,520.49,5205.205
501050.SH,20191121,1.328,1.327,1.327,1.319,1.32,-0.008,-0.6024,13557.13,1791.737
160223.SZ,20191121,0.819,0.81,0.82,0.81,0.813,-0.006,-0.7326,954.0,77.591
512700.SH,20191121,1.2,1.199,1.201,1.193,1.198,-0.002,-0.1667,12150.0,1452.9
512800.SH,20191121,1.104,1.1,1.103,1.094,1.098,-0.006,-0.5435,975409.0,107120.239
512400.SH,20191121,0.62,0.619,0.621,0.615,0.619,-0.001,-0.1613,75526.11,4670.906
512560.SH,20191121,0.785,0.788,0.792,0.777,0.786,0.001,0.1274,1345.0,105.867
512570.SH,20191121,0.858,0.858,0.861,0.855,0.855,-0.003,-0.3497,1423.0,122.09
161715.SZ,20191121,0.824,0.829,0.829,0.825,0.825,0.001,0.1214,121.0,9.998
501036.SH,20191121,0.803,0.797,0.805,0.797,0.802,-0.001,-0.1245,184.0,14.75
501037.SH,20191121,0.803,0.798,0.8,0.792,0.792,-0.011,-1.3699,106.0,8.431
501038.SH,20191121,1.246,1.246,1.249,1.239,1.244,-0.002,-0.1605,7089.0,881.453
511260.SH,20191121,107.606,107.556,107.648,107.51,107.6,-0.006,-0.0056,879.0,9458.194
511620.SH,20191121,99.997,99.995,99.995,99.964,99.964,-0.033,-0.033,4.0,39.992
166023.SZ,20191121,1.288,1.288,1.288,1.285,1.285,-0.003,-0.2329,543.0,69.833
511670.SH,20191121,99.993,99.99,99.993,99.986,99.992,-0.001,-0.001,476.02,4759.733
501043.SH,20191121,1.077,1.07,1.076,1.07,1.071,-0.006,-0.5571,1287.0,138.009
501045.SH,20191121,1.081,1.061,1.069,1.061,1.068,-0.013,-1.2026,610.0,64.882
160140.SZ,20191121,1.192,1.189,1.189,1.175,1.182,-0.01,-0.8389,132.0,15.577
501046.SH,20191121,1.353,1.35,1.36,1.344,1.351,-0.002,-0.1478,6517.98,880.237
510380.SH,20191121,1.008,1.003,1.006,1.003,1.003,-0.005,-0.496,125.0,12.544
160644.SZ,20191121,0.914,0.852,0.852,0.852,0.852,-0.062,-6.7834,2.0,0.17
166024.SZ,20191121,0.904,0.899,0.907,0.898,0.899,-0.005,-0.5531,9455.0,851.697
501047.SH,20191121,0.939,0.94,0.94,0.916,0.92,-0.019,-2.0234,454.94,41.916
501048.SH,20191121,0.936,0.918,0.975,0.917,0.965,0.029,3.0983,237.13,22.286
159957.SZ,20191121,1.018,1.013,1.018,1.01,1.011,-0.007,-0.6876,20939.0,2125.401
501049.SH,20191121,1.086,1.083,1.085,1.077,1.083,-0.003,-0.2762,12418.73,1341.66
501051.SH,20191121,1.109,1.096,1.104,1.096,1.104,-0.005,-0.4509,990.32,108.54
501305.SH,20191121,0.927,0.912,0.912,0.912,0.912,-0.015,-1.6181,2.0,0.182
159958.SZ,20191121,1.002,0.999,1.007,0.991,0.998,-0.004,-0.3992,24678.0,2477.703
510800.SH,20191121,1.096,1.099,1.099,1.086,1.09,-0.006,-0.5474,113169.0,12325.795
512980.SH,20191121,0.768,0.764,0.772,0.762,0.768,0.0,0.0,220644.0,16883.326
159954.SZ,20191121,1.013,1.013,1.013,0.996,1.0,-0.013,-1.2833,19869.11,1988.84
510390.SH,20191121,4.05,4.033,4.049,4.013,4.035,-0.015,-0.3704,57531.18,23200.743
501053.SH,20191121,1.036,1.035,1.037,1.035,1.037,0.001,0.0965,5578.78,577.967
161014.SZ,20191121,1.208,1.209,1.209,1.208,1.208,0.0,0.0,45232.56,5464.158
163417.SZ,20191121,1.073,1.071,1.074,1.067,1.072,-0.001,-0.0932,631022.4,67539.568
159956.SZ,20191121,0.98,0.972,0.988,0.972,0.972,-0.008,-0.8163,1767.0,172.774
501054.SH,20191121,1.03,1.027,1.03,1.022,1.027,-0.003,-0.2913,73173.45,7503.514
162416.SZ,20191121,0.991,0.982,0.982,0.982,0.982,-0.009,-0.9082,100.0,9.82
510590.SH,20191121,5.077,5.049,5.1,5.046,5.081,0.004,0.0788,23123.43,11724.314
169106.SZ,20191121,1.029,1.028,1.03,1.028,1.028,-0.001,-0.0972,5315.7,546.649
512160.SH,20191121,1.109,1.104,1.108,1.1,1.105,-0.004,-0.3607,295727.0,32643.031
512520.SH,20191121,1.097,1.095,1.095,1.088,1.089,-0.008,-0.7293,11218.0,1223.08
512180.SH,20191121,1.061,1.056,1.061,1.053,1.057,-0.004,-0.377,31875.0,3368.019
512780.SH,20191121,0.731,0.726,0.731,0.726,0.729,-0.002,-0.2736,149.0,10.87
513900.SH,20191121,0.98,0.977,0.977,0.963,0.968,-0.012,-1.2245,21528.0,2084.179
512280.SH,20191121,1.063,1.058,1.062,1.054,1.059,-0.004,-0.3763,522615.0,55270.566
501057.SH,20191121,0.868,0.868,0.88,0.868,0.869,0.001,0.1152,260.71,22.699
501058.SH,20191121,0.866,0.88,0.88,0.863,0.863,-0.003,-0.3464,300.0,26.23
512090.SH,20191121,1.096,1.096,1.098,1.09,1.093,-0.003,-0.2737,278253.0,30414.696
512360.SH,20191121,1.124,1.115,1.116,1.115,1.116,-0.008,-0.7117,601.0,67.012
161039.SZ,20191121,1.12,1.12,1.12,1.12,1.12,0.0,0.0,5.0,0.56
161035.SZ,20191121,1.312,1.3,1.31,1.281,1.307,-0.005,-0.3811,1446.0,188.076
501025.SH,20191121,1.07,1.066,1.076,1.057,1.076,0.006,0.5607,27.0,2.882
161124.SZ,20191121,1.093,1.07,1.075,1.07,1.075,-0.018,-1.6468,1.8,0.193
501028.SH,20191121,0.96,0.955,0.958,0.955,0.958,-0.002,-0.2083,899.26,85.912
164703.SZ,20191121,0.886,0.887,0.887,0.887,0.887,0.001,0.1129,295.03,26.169
501300.SH,20191121,1.069,1.07,1.073,1.07,1.073,0.004,0.3742,1158.0,124.021
161125.SZ,20191121,1.404,1.38,1.402,1.375,1.397,-0.007,-0.4986,1120.0,155.867
168301.SZ,20191121,1.1,1.1,1.102,1.1,1.102,0.002,0.1818,1546.13,170.075
160323.SZ,20191121,1.008,1.016,1.016,1.012,1.012,0.004,0.3968,67.0,6.79
161127.SZ,20191121,1.293,1.302,1.302,1.295,1.3,0.007,0.5414,257.0,33.413
161128.SZ,20191121,1.77,1.77,1.77,1.754,1.754,-0.016,-0.904,29.0,5.101
161129.SZ,20191121,1.076,1.087,1.094,1.087,1.092,0.016,1.487,3591.0,391.713
501029.SH,20191121,0.928,0.928,0.929,0.923,0.928,0.0,0.0,33394.01,3090.009
501007.SH,20191121,1.05,1.05,1.05,1.039,1.039,-0.011,-1.0476,42.0,4.366
501008.SH,20191121,1.04,1.04,1.04,1.039,1.039,-0.001,-0.0962,63.0,6.546
501011.SH,20191121,0.784,0.784,0.784,0.77,0.775,-0.009,-1.148,318.0,24.736
501012.SH,20191121,0.772,0.769,0.772,0.769,0.772,0.0,0.0,64.0,4.937
501009.SH,20191121,1.391,1.392,1.462,1.377,1.393,0.002,0.1438,2138.72,298.768
501010.SH,20191121,1.392,1.496,1.496,1.41,1.41,0.018,1.2931,30.0,4.316
501027.SH,20191121,1.066,1.007,1.019,1.007,1.019,-0.047,-4.409,35.25,3.579
513050.SH,20191121,1.283,1.268,1.271,1.262,1.265,-0.018,-1.403,204448.0,25890.731
511650.SH,20191121,100.0,100.0,100.0,99.999,100.0,0.0,0.0,116.28,1162.794
162718.SZ,20191121,0.976,0.976,0.977,0.976,0.977,0.001,0.1025,57.77,5.638
501032.SH,20191121,0.761,0.762,0.762,0.762,0.762,0.001,0.1314,140.0,10.668
512580.SH,20191121,0.716,0.716,0.719,0.712,0.716,0.0,0.0,97876.0,7003.65
161631.SZ,20191121,1.1,1.093,1.105,1.091,1.102,0.002,0.1818,13233.37,1453.069
162719.SZ,20191121,0.881,0.889,0.968,0.889,0.889,0.008,0.9081,458.0,41.134
512900.SH,20191121,0.876,0.875,0.88,0.87,0.875,-0.001,-0.1142,248365.0,21724.27
161036.SZ,20191121,0.647,0.645,0.654,0.6,0.639,-0.008,-1.2365,227.0,13.994
167003.SZ,20191121,1.08,1.126,1.126,1.126,1.126,0.046,4.2593,1.0,0.112
511770.SH,20191121,99.991,99.981,99.981,99.981,99.981,-0.01,-0.01,21.0,209.96
501019.SH,20191121,0.773,0.77,0.779,0.767,0.776,0.003,0.3881,2261.9,174.667
501301.SH,20191121,1.164,1.16,1.16,1.16,1.16,-0.004,-0.3436,121.0,14.036
160723.SZ,20191121,1.129,1.136,1.14,1.135,1.139,0.01,0.8857,2072.01,235.521
159952.SZ,20191121,0.998,0.994,1.002,0.988,0.993,-0.005,-0.501,278466.0,27645.542
501016.SH,20191121,0.968,0.963,0.97,0.963,0.967,-0.001,-0.1033,6125.82,592.52
161037.SZ,20191121,1.18,1.172,1.173,1.168,1.168,-0.012,-1.0169,5123.29,598.45
512550.SH,20191121,1.253,1.246,1.249,1.241,1.242,-0.011,-0.8779,14759.0,1835.979
161130.SZ,20191121,1.417,1.539,1.541,1.421,1.421,0.004,0.2823,101.0,15.55
159955.SZ,20191121,0.926,0.92,0.927,0.919,0.92,-0.006,-0.6479,1904.06,175.372
160643.SZ,20191121,0.79,0.791,0.801,0.791,0.801,0.011,1.3924,25.0,1.999
159953.SZ,20191121,0.709,0.709,0.709,0.709,0.709,0.0,0.0,150.0,10.635
159951.SZ,20191121,0.787,0.771,0.787,0.771,0.787,0.0,0.0,25.0,1.947
163111.SZ,20191121,0.981,0.976,0.986,0.976,0.979,-0.002,-0.2039,124.64,12.276
512200.SH,20191121,0.83,0.831,0.831,0.824,0.829,-0.001,-0.1205,10653.0,883.346
502013.SH,20191121,1.08,1.08,1.081,1.07,1.078,-0.002,-0.1852,1968.29,212.251
502014.SH,20191121,1.033,1.034,1.034,1.034,1.034,0.001,0.0968,627.0,64.832
502015.SH,20191121,1.138,1.107,1.134,1.107,1.134,-0.004,-0.3515,30.75,3.412
150275.SZ,20191121,1.022,1.021,1.023,1.021,1.022,0.0,0.0,648.0,66.226
150276.SZ,20191121,1.05,1.049,1.051,1.044,1.051,0.001,0.0952,669.34,70.216
150269.SZ,20191121,0.998,0.998,0.999,0.998,0.999,0.001,0.1002,1314.81,131.347
150270.SZ,20191121,1.04,1.038,1.049,1.027,1.038,-0.002,-0.1923,30383.54,3150.381
150260.SZ,20191121,0.812,0.788,0.801,0.788,0.801,-0.011,-1.3547,24.84,1.964
150255.SZ,20191121,0.998,1.003,1.003,1.003,1.003,0.005,0.501,250.0,25.075
150277.SZ,20191121,0.992,0.992,0.992,0.992,0.992,0.0,0.0,150.0,14.88
150278.SZ,20191121,0.7,0.633,0.682,0.633,0.68,-0.02,-2.8571,78.62,5.22
159941.SZ,20191121,1.866,1.866,1.872,1.845,1.856,-0.01,-0.5359,989.0,184.23
150272.SZ,20191121,1.521,1.485,1.539,1.485,1.539,0.018,1.1834,152.99,22.818
150263.SZ,20191121,1.064,1.04,1.041,1.04,1.041,-0.023,-2.1617,39.0,4.059
150268.SZ,20191121,1.18,1.168,1.168,1.168,1.168,-0.012,-1.0169,111.0,12.964
150282.SZ,20191121,0.718,0.7,0.7,0.699,0.699,-0.019,-2.6462,22.0,1.538
150293.SZ,20191121,1.039,1.045,1.045,1.044,1.044,0.005,0.4812,1236.59,129.211
150294.SZ,20191121,0.379,0.397,0.397,0.343,0.376,-0.003,-0.7916,513.45,19.205
150243.SZ,20191121,1.034,1.03,1.031,1.03,1.031,-0.003,-0.2901,455.0,46.909
150244.SZ,20191121,1.288,1.288,1.288,1.265,1.275,-0.013,-1.0093,4767.93,610.95
150295.SZ,20191121,1.033,1.033,1.034,1.033,1.034,0.001,0.0968,625.0,64.605
150296.SZ,20191121,0.91,0.865,0.865,0.865,0.865,-0.045,-4.9451,624.69,54.035
150287.SZ,20191121,1.045,1.044,1.045,1.044,1.045,0.0,0.0,800.86,83.659
150288.SZ,20191121,0.628,0.624,0.638,0.61,0.635,0.007,1.1146,22472.88,1411.857
150289.SZ,20191121,1.045,1.045,1.046,1.045,1.046,0.001,0.0957,1744.42,182.307
150290.SZ,20191121,0.633,0.63,0.637,0.623,0.637,0.004,0.6319,26343.15,1663.399
150301.SZ,20191121,1.042,1.042,1.042,1.042,1.042,0.0,0.0,19.0,1.979
150302.SZ,20191121,0.794,0.773,0.785,0.773,0.776,-0.018,-2.267,492.2,38.352
150299.SZ,20191121,1.048,1.047,1.048,1.047,1.047,-0.001,-0.0954,3069.0,321.324
150300.SZ,20191121,0.769,0.766,0.766,0.752,0.763,-0.006,-0.7802,13268.89,1010.112
150315.SZ,20191121,1.033,1.037,1.037,1.037,1.037,0.004,0.3872,413.36,42.865
150316.SZ,20191121,1.637,1.629,1.637,1.611,1.628,-0.009,-0.5498,149.0,24.278
150291.SZ,20191121,1.047,1.046,1.047,1.046,1.046,-0.001,-0.0955,580.0,60.668
150292.SZ,20191121,0.815,0.785,0.801,0.785,0.8,-0.015,-1.8405,702.0,56.16
150246.SZ,20191121,1.019,1.0,1.028,1.0,1.028,0.009,0.8832,5.42,0.55
150283.SZ,20191121,0.999,0.999,0.999,0.999,0.999,0.0,0.0,200.0,19.98
150308.SZ,20191121,1.6,1.647,1.655,1.647,1.655,0.055,3.4375,9.67,1.596
502006.SH,20191121,1.007,1.007,1.007,1.0,1.0,-0.007,-0.6951,155.0,15.541
502008.SH,20191121,0.99,0.971,0.989,0.971,0.989,-0.001,-0.101,14.91,1.466
150309.SZ,20191121,1.004,1.02,1.02,1.02,1.02,0.016,1.5936,60.0,6.12
501000.SH,20191121,1.119,1.113,1.113,1.008,1.044,-0.075,-6.7024,36.0,3.782
150321.SZ,20191121,1.069,1.069,1.069,1.069,1.069,0.0,0.0,1583.32,169.256
518800.SH,20191121,3.274,3.275,3.28,3.264,3.265,-0.009,-0.2749,467134.0,152731.079
150143.SZ,20191121,1.023,1.024,1.024,1.024,1.024,0.001,0.0978,147.0,15.052
150144.SZ,20191121,1.14,1.15,1.16,1.15,1.16,0.02,1.7544,146.0,16.863
159929.SZ,20191121,1.642,1.636,1.636,1.608,1.62,-0.022,-1.3398,45180.0,7312.602
159928.SZ,20191121,3.067,3.05,3.069,3.042,3.053,-0.014,-0.4565,61874.0,18898.791
159930.SZ,20191121,0.665,0.663,0.666,0.66,0.664,-0.001,-0.1504,5806.0,384.928
159931.SZ,20191121,1.738,1.718,1.73,1.718,1.719,-0.019,-1.0932,1541.42,265.54
150148.SZ,20191121,1.068,1.053,1.053,1.053,1.053,-0.015,-1.4045,1.0,0.105
150149.SZ,20191121,0.763,0.746,0.757,0.743,0.749,-0.014,-1.8349,4034.0,302.029
160515.SZ,20191121,1.045,1.044,1.044,1.037,1.037,-0.008,-0.7656,91.0,9.465
150130.SZ,20191121,1.058,1.056,1.059,1.056,1.057,-0.001,-0.0945,3176.81,335.926
150131.SZ,20191121,1.917,1.916,1.919,1.863,1.875,-0.042,-2.1909,103408.85,19467.873
150150.SZ,20191121,1.025,1.025,1.027,1.025,1.027,0.002,0.1951,2106.8,215.947
150152.SZ,20191121,1.043,1.042,1.043,1.041,1.042,-0.001,-0.0959,20802.0,2167.333
150153.SZ,20191121,1.225,1.214,1.234,1.211,1.224,-0.001,-0.0816,720116.95,87893.134
159932.SZ,20191121,1.37,1.348,1.382,1.323,1.379,0.009,0.6569,396.13,53.718
512010.SH,20191121,2.001,1.996,1.996,1.954,1.964,-0.037,-1.8491,406676.0,79886.249
159933.SZ,20191121,2.121,2.096,2.116,2.096,2.096,-0.025,-1.1787,82.78,17.369
160915.SZ,20191121,1.151,1.152,1.152,1.152,1.152,0.001,0.0869,12.31,1.418
160131.SZ,20191121,1.034,1.044,1.045,1.044,1.045,0.011,1.0638,165.0,17.239
159934.SZ,20191121,3.275,3.277,3.283,3.266,3.268,-0.007,-0.2137,614563.0,201261.198
513500.SH,20191121,2.053,2.047,2.047,2.034,2.035,-0.018,-0.8768,202598.0,41248.999
512120.SH,20191121,1.634,1.626,1.626,1.605,1.61,-0.024,-1.4688,2746.0,443.389
150157.SZ,20191121,1.029,1.029,1.029,1.029,1.029,0.0,0.0,3200.0,329.28
150158.SZ,20191121,1.069,1.063,1.067,1.061,1.064,-0.005,-0.4677,8969.0,953.769
159935.SZ,20191121,1.376,1.38,1.381,1.342,1.381,0.005,0.3634,83.0,11.408
160220.SZ,20191121,1.385,1.372,1.372,1.359,1.372,-0.013,-0.9386,84.85,11.576
164705.SZ,20191121,1.187,1.187,1.187,1.177,1.177,-0.01,-0.8425,41.0,4.838
150170.SZ,20191121,1.316,1.266,1.316,1.266,1.315,-0.001,-0.076,161.63,20.784
150171.SZ,20191121,1.013,1.011,1.013,1.011,1.013,0.0,0.0,5695.39,576.941
150172.SZ,20191121,0.907,0.899,0.91,0.896,0.903,-0.004,-0.441,111790.98,10103.086
161831.SZ,20191121,0.989,0.979,0.979,0.978,0.978,-0.011,-1.1122,2152.58,210.527
150175.SZ,20191121,1.039,1.038,1.04,1.038,1.039,0.0,0.0,13108.0,1362.788
150176.SZ,20191121,0.934,0.93,0.93,0.914,0.916,-0.018,-1.9272,37413.0,3435.787
150181.SZ,20191121,1.025,1.024,1.026,1.024,1.026,0.001,0.0976,27255.77,2793.848
150182.SZ,20191121,1.153,1.153,1.175,1.15,1.169,0.016,1.3877,135098.37,15797.284
150177.SZ,20191121,1.019,1.019,1.02,1.019,1.019,0.0,0.0,22283.0,2270.838
