ts_code,trade_date,pre_close,open,high,low,close,change,pct_chg,vol,amount
150243.SZ,20190513,0.986,0.983,0.986,0.983,0.986,0.0,0.0,1562.0,153.983
150244.SZ,20190513,1.135,1.096,1.129,1.063,1.085,-0.05,-4.4053,21169.49,2316.077
150295.SZ,20190513,0.99,0.99,0.99,0.99,0.99,0.0,0.0,78.07,7.728
150296.SZ,20190513,0.85,0.933,0.933,0.773,0.8,-0.05,-5.8824,267.79,21.266
150287.SZ,20190513,0.999,0.998,0.999,0.998,0.999,0.0,0.0,8913.0,890.378
150288.SZ,20190513,0.906,0.895,0.895,0.864,0.87,-0.036,-3.9735,33118.11,2897.06
150289.SZ,20190513,1.013,1.014,1.014,1.007,1.014,0.001,0.0987,238.0,24.031
150290.SZ,20190513,0.93,0.92,0.93,0.909,0.913,-0.017,-1.828,36311.69,3338.438
150302.SZ,20190513,0.878,0.869,0.885,0.86,0.882,0.004,0.4556,705.0,62.053
150299.SZ,20190513,1.0,1.0,1.001,0.999,1.001,0.001,0.1,18626.0,1862.557
150300.SZ,20190513,0.697,0.685,0.686,0.673,0.673,-0.024,-3.4433,26504.0,1804.829
162414.SZ,20190513,1.183,1.177,1.183,1.121,1.183,0.0,0.0,110.76,12.498
150315.SZ,20190513,0.983,0.999,1.0,0.999,1.0,0.017,1.7294,8.42,0.841
150316.SZ,20190513,1.183,1.187,1.194,1.18,1.181,-0.002,-0.1691,475.0,56.182
150292.SZ,20190513,0.723,0.712,0.713,0.712,0.713,-0.01,-1.3831,191.0,13.614
150237.SZ,20190513,0.991,0.986,0.987,0.986,0.986,-0.005,-0.5045,2885.26,284.515
150238.SZ,20190513,0.568,0.516,0.618,0.516,0.517,-0.051,-8.9789,1208.27,63.755
150245.SZ,20190513,0.985,0.985,0.988,0.985,0.988,0.003,0.3046,6584.57,648.811
150246.SZ,20190513,0.802,0.801,0.882,0.801,0.88,0.078,9.7257,515.0,41.413
150283.SZ,20190513,1.006,1.008,1.009,1.004,1.006,0.0,0.0,877.0,88.404
150284.SZ,20190513,0.689,0.679,0.679,0.64,0.658,-0.031,-4.4993,242.0,15.493
501023.SH,20190513,1.1,1.099,1.099,1.099,1.099,-0.001,-0.0909,5.0,0.55
511600.SH,20190513,100.01,100.002,100.003,99.998,100.003,-0.007,-0.007,1884.16,18841.736
160722.SZ,20190513,1.035,1.059,1.059,1.048,1.048,0.013,1.256,4.0,0.42
163119.SZ,20190513,0.763,0.786,0.786,0.78,0.782,0.019,2.4902,175.0,13.685
511690.SH,20190513,100.014,100.0,100.004,99.996,100.003,-0.011,-0.011,14162.6,141627.527
511700.SH,20190513,100.019,100.001,100.007,100.001,100.005,-0.014,-0.014,452.36,4523.813
501050.SH,20190513,1.24,1.235,1.235,1.212,1.214,-0.026,-2.0968,31478.14,3834.381
164210.SZ,20190513,1.068,1.068,1.068,1.068,1.068,0.0,0.0,612.09,65.371
160223.SZ,20190513,0.73,0.727,0.727,0.714,0.715,-0.015,-2.0548,3047.0,219.074
161035.SZ,20190513,0.996,1.092,1.092,0.984,1.0,0.004,0.4016,497.77,49.748
501025.SH,20190513,1.073,1.073,1.073,1.056,1.064,-0.009,-0.8388,6.0,0.638
161124.SZ,20190513,1.051,1.098,1.098,1.051,1.064,0.013,1.2369,531.0,57.098
501028.SH,20190513,0.867,0.875,0.875,0.837,0.837,-0.03,-3.4602,467.23,40.124
160922.SZ,20190513,1.028,1.11,1.11,0.972,1.097,0.069,6.7121,7.0,0.758
501300.SH,20190513,1.016,1.019,1.041,1.019,1.031,0.015,1.4764,15072.86,1555.388
161126.SZ,20190513,1.228,1.214,1.215,1.175,1.209,-0.019,-1.5472,168.0,20.24
161125.SZ,20190513,1.234,1.22,1.234,1.22,1.223,-0.011,-0.8914,50.0,6.116
168301.SZ,20190513,0.988,0.948,0.948,0.948,0.948,-0.04,-4.0486,50.0,4.74
161127.SZ,20190513,1.245,1.239,1.239,1.235,1.236,-0.009,-0.7229,150.86,18.646
161128.SZ,20190513,1.48,1.46,1.498,1.46,1.465,-0.015,-1.0135,173.0,25.482
161129.SZ,20190513,1.157,1.158,1.175,1.158,1.168,0.011,0.9507,10150.15,1182.856
501029.SH,20190513,0.984,0.972,0.978,0.966,0.975,-0.009,-0.9146,100982.99,9822.512
501007.SH,20190513,0.96,0.884,0.935,0.884,0.906,-0.054,-5.625,631.78,56.32
501011.SH,20190513,0.86,0.821,0.928,0.812,0.928,0.068,7.907,1492.0,135.648
501012.SH,20190513,0.831,0.832,0.832,0.832,0.832,0.001,0.1203,139.5,11.606
501009.SH,20190513,1.063,1.08,1.08,1.06,1.065,0.002,0.1881,337.78,36.016
501030.SH,20190513,0.578,0.578,0.581,0.577,0.579,0.001,0.173,215.0,12.411
501010.SH,20190513,1.18,1.086,1.17,1.08,1.167,-0.013,-1.1017,293.83,31.859
501031.SH,20190513,0.588,0.585,0.585,0.575,0.581,-0.007,-1.1905,75.0,4.35
513050.SH,20190513,1.275,1.269,1.269,1.256,1.259,-0.016,-1.2549,71068.0,8968.422
511650.SH,20190513,100.008,99.999,99.999,99.981,99.998,-0.01,-0.01,1230.01,12299.773
161626.SZ,20190513,1.085,1.088,1.159,1.088,1.159,0.074,6.8203,19.0,2.088
162718.SZ,20190513,0.939,0.94,0.94,0.94,0.94,0.001,0.1065,1.0,0.094
501032.SH,20190513,0.729,0.728,0.728,0.714,0.714,-0.015,-2.0576,44.0,3.195
512580.SH,20190513,0.748,0.735,0.745,0.734,0.737,-0.011,-1.4706,164589.0,12161.067
161631.SZ,20190513,0.932,0.92,0.93,0.909,0.915,-0.017,-1.824,50518.62,4648.78
162719.SZ,20190513,0.947,0.947,0.952,0.947,0.951,0.004,0.4224,268.02,25.455
512900.SH,20190513,0.904,0.889,0.894,0.882,0.885,-0.019,-2.1018,38790.92,3445.369
161036.SZ,20190513,0.621,0.626,0.664,0.626,0.634,0.013,2.0934,17.0,1.086
167003.SZ,20190513,1.088,1.195,1.195,1.1,1.192,0.104,9.5588,5.0,0.587
511770.SH,20190513,100.006,99.99,100.0,99.989,99.996,-0.01,-0.01,31.04,310.392
501019.SH,20190513,0.735,0.734,0.734,0.72,0.727,-0.008,-1.0884,3223.0,234.773
501301.SH,20190513,1.167,1.141,1.165,1.141,1.165,-0.002,-0.1714,25.0,2.888
160723.SZ,20190513,1.196,1.197,1.205,1.196,1.198,0.002,0.1672,2566.95,308.081
161835.SZ,20190513,1.046,1.047,1.051,1.044,1.044,-0.002,-0.1912,34.0,3.572
159952.SZ,20190513,0.887,0.873,0.881,0.863,0.87,-0.017,-1.9166,623227.0,54359.433
501016.SH,20190513,0.979,0.969,0.972,0.955,0.962,-0.017,-1.7365,9011.89,868.878
161037.SZ,20190513,1.028,0.962,1.02,0.962,1.01,-0.018,-1.751,1786.5,175.095
159950.SZ,20190513,0.975,0.944,0.971,0.94,0.944,-0.031,-3.1795,1102.0,105.213
512550.SH,20190513,1.113,1.105,1.105,1.092,1.095,-0.018,-1.6173,3261.0,357.291
160324.SZ,20190513,0.921,0.93,0.93,0.93,0.93,0.009,0.9772,71.0,6.603
501302.SH,20190513,1.127,1.07,1.097,1.07,1.097,-0.03,-2.6619,16.0,1.722
159955.SZ,20190513,0.826,0.816,0.826,0.805,0.81,-0.016,-1.937,15798.0,1282.926
160643.SZ,20190513,0.818,0.805,0.809,0.795,0.795,-0.023,-2.8117,69.0,5.558
159953.SZ,20190513,0.74,0.733,0.739,0.729,0.738,-0.002,-0.2703,8.0,0.586
159951.SZ,20190513,0.764,0.76,0.765,0.76,0.763,-0.001,-0.1309,139.0,10.614
163111.SZ,20190513,0.906,0.882,0.908,0.882,0.884,-0.022,-2.4283,45.42,4.036
512200.SH,20190513,0.867,0.867,0.867,0.854,0.865,-0.002,-0.2307,5419.0,466.308
512700.SH,20190513,1.071,1.025,1.06,1.025,1.056,-0.015,-1.4006,9347.0,981.546
512800.SH,20190513,1.031,1.02,1.023,1.015,1.016,-0.015,-1.4549,477722.43,48645.712
161038.SZ,20190513,0.872,0.94,0.953,0.93,0.93,0.058,6.6514,201.0,18.795
512400.SH,20190513,0.616,0.605,0.612,0.603,0.606,-0.01,-1.6234,150930.0,9165.966
512560.SH,20190513,0.806,0.829,0.829,0.79,0.812,0.006,0.7444,10269.0,832.915
512570.SH,20190513,0.883,0.883,0.883,0.855,0.867,-0.016,-1.812,3543.0,306.079
161715.SZ,20190513,0.915,0.9,0.9,0.882,0.882,-0.033,-3.6066,152.0,13.431
160924.SZ,20190513,1.04,1.03,1.03,1.004,1.027,-0.013,-1.25,42.0,4.281
501036.SH,20190513,0.815,0.815,0.815,0.799,0.806,-0.009,-1.1043,1168.96,93.568
501037.SH,20190513,0.81,0.81,0.81,0.79,0.8,-0.01,-1.2346,757.83,60.243
501038.SH,20190513,1.025,1.01,1.02,1.007,1.009,-0.016,-1.561,4790.0,484.184
511260.SH,20190513,105.53,105.63,105.997,105.63,105.949,0.419,0.397,1098.0,11628.182
511620.SH,20190513,99.997,99.997,99.998,99.975,99.991,-0.006,-0.006,31.02,310.168
166023.SZ,20190513,1.008,1.032,1.032,1.0,1.01,0.002,0.1984,2226.0,226.519
511670.SH,20190513,100.02,100.009,100.009,100.0,100.006,-0.014,-0.014,1941.01,19410.628
501039.SH,20190513,1.05,1.134,1.134,1.134,1.134,0.084,8.0,1.0,0.113
501043.SH,20190513,1.007,1.002,1.002,0.979,0.986,-0.021,-2.0854,3491.66,345.517
501045.SH,20190513,1.012,0.982,1.002,0.982,0.988,-0.024,-2.3715,258.0,25.633
160140.SZ,20190513,1.077,1.083,1.098,1.078,1.079,0.002,0.1857,615.92,66.479
501046.SH,20190513,0.946,0.932,0.939,0.931,0.937,-0.009,-0.9514,12951.71,1212.473
510380.SH,20190513,0.941,0.933,0.938,0.924,0.924,-0.017,-1.8066,306.0,28.3
160644.SZ,20190513,0.852,0.852,0.897,0.851,0.86,0.008,0.939,39.0,3.326
166024.SZ,20190513,0.898,0.888,0.893,0.882,0.883,-0.015,-1.6704,15165.82,1344.593
501047.SH,20190513,0.956,0.923,0.929,0.923,0.929,-0.027,-2.8243,406.0,37.574
501048.SH,20190513,0.98,0.979,0.979,0.93,0.935,-0.045,-4.5918,238.0,22.222
159957.SZ,20190513,0.899,0.894,0.899,0.82,0.885,-0.014,-1.5573,72420.1,6412.446
501106.SH,20190513,1.101,1.102,1.102,1.1,1.101,0.0,0.0,301.0,33.148
501049.SH,20190513,0.912,0.9,0.907,0.891,0.897,-0.015,-1.6447,14207.84,1274.639
501305.SH,20190513,0.925,0.915,0.925,0.893,0.9,-0.025,-2.7027,455.63,40.816
159958.SZ,20190513,0.892,0.88,0.885,0.865,0.875,-0.017,-1.9058,25716.0,2255.708
510800.SH,20190513,0.98,0.971,0.972,0.961,0.962,-0.018,-1.8367,47987.0,4631.073
512980.SH,20190513,0.769,0.756,0.763,0.748,0.753,-0.016,-2.0806,86808.0,6549.271
159954.SZ,20190513,0.971,0.969,0.969,0.962,0.964,-0.007,-0.7209,2726.0,262.632
510390.SH,20190513,3.795,3.757,3.757,3.707,3.725,-0.07,-1.8445,72519.0,27022.441
161014.SZ,20190513,1.187,1.188,1.193,1.187,1.192,0.005,0.4212,3938.24,468.792
511290.SH,20190513,102.8,97.1,97.1,97.1,97.1,-5.7,-5.5447,1.0,9.71
163417.SZ,20190513,0.952,0.943,0.948,0.941,0.943,-0.009,-0.9454,365057.75,34452.083
159956.SZ,20190513,0.874,0.862,0.873,0.853,0.854,-0.02,-2.2883,1049.01,89.787
501054.SH,20190513,0.895,0.89,0.89,0.877,0.883,-0.012,-1.3408,66497.81,5870.511
511280.SH,20190513,101.3,101.7,101.7,100.701,101.7,0.4,0.3949,2.4,24.388
162416.SZ,20190513,1.041,1.035,1.035,1.035,1.035,-0.006,-0.5764,300.0,31.05
510590.SH,20190513,5.16,5.108,5.12,5.071,5.098,-0.062,-1.2016,36049.0,18376.103
169106.SZ,20190513,1.004,1.001,1.006,1.001,1.006,0.002,0.1992,14018.04,1408.159
512160.SH,20190513,1.012,0.998,1.006,0.995,0.999,-0.013,-1.2846,392206.0,39260.587
512520.SH,20190513,0.996,0.98,0.991,0.978,0.983,-0.013,-1.3052,45379.0,4468.033
512180.SH,20190513,0.993,0.987,0.987,0.973,0.979,-0.014,-1.4099,235780.0,23098.245
512780.SH,20190513,0.806,0.789,0.805,0.789,0.801,-0.005,-0.6203,826.0,66.095
513900.SH,20190513,0.99,0.984,0.989,0.984,0.989,-0.001,-0.101,56.0,5.516
512280.SH,20190513,0.991,0.986,0.986,0.971,0.978,-0.013,-1.3118,1159052.0,113438.545
501057.SH,20190513,0.829,0.829,0.836,0.819,0.83,0.001,0.1206,1399.0,116.159
501058.SH,20190513,0.852,0.88,0.88,0.877,0.877,0.025,2.9343,7.0,0.614
512090.SH,20190513,1.014,1.0,1.005,0.994,0.998,-0.016,-1.5779,725190.0,72546.933
512360.SH,20190513,1.033,1.023,1.025,1.011,1.011,-0.022,-2.1297,3432.0,347.197
161039.SZ,20190513,1.046,1.049,1.078,1.049,1.078,0.032,3.0593,105.0,11.034
512770.SH,20190513,0.982,0.98,0.981,0.964,0.969,-0.013,-1.3238,1189.0,116.059
164824.SZ,20190513,0.963,0.926,0.961,0.926,0.961,-0.002,-0.2077,109.0,10.281
512390.SH,20190513,0.99,0.98,0.986,0.978,0.983,-0.007,-0.7071,4215.0,412.516
501059.SH,20190513,1.243,1.185,1.185,1.132,1.132,-0.111,-8.93,102.0,11.557
161131.SZ,20190513,1.024,1.023,1.025,1.02,1.023,-0.001,-0.0977,215493.97,22036.359
161728.SZ,20190513,1.029,1.029,1.03,1.025,1.029,0.0,0.0,104625.17,10757.678
501186.SH,20190513,1.044,1.043,1.048,1.042,1.046,0.002,0.1916,127129.23,13285.31
501188.SH,20190513,1.04,1.04,1.043,1.038,1.039,-0.001,-0.0962,142294.62,14801.447
501189.SH,20190513,1.037,1.036,1.039,1.035,1.036,-0.001,-0.0964,115923.13,12017.895
160142.SZ,20190513,1.032,1.031,1.034,1.03,1.032,0.0,0.0,141971.41,14641.627
510600.SH,20190513,2.757,2.738,2.738,2.709,2.716,-0.041,-1.4871,1801.0,490.994
511270.SH,20190513,99.5,99.6,99.725,99.561,99.725,0.225,0.2261,233.1,2322.799
160726.SZ,20190513,1.022,1.007,1.015,1.006,1.01,-0.012,-1.1742,16304.38,1649.091
512850.SH,20190513,1.083,1.064,1.064,1.064,1.064,-0.019,-1.7544,80.0,8.512
512820.SH,20190513,1.079,1.061,1.066,1.061,1.065,-0.014,-1.2975,19821.0,2110.903
501060.SH,20190513,1.119,1.11,1.112,1.108,1.108,-0.011,-0.983,9356.0,1039.153
501061.SH,20190513,1.132,1.103,1.115,1.103,1.115,-0.017,-1.5018,780.0,86.169
501062.SH,20190513,0.895,0.89,0.892,0.88,0.889,-0.006,-0.6704,17473.55,1551.284
512860.SH,20190513,1.182,1.182,1.182,1.161,1.163,-0.019,-1.6074,5854.0,683.253
501309.SH,20190513,1.055,1.039,1.039,1.039,1.039,-0.016,-1.5166,5.0,0.52
501310.SH,20190513,1.013,1.009,1.009,1.002,1.003,-0.01,-0.9872,4899.91,491.955
512960.SH,20190513,0.982,0.98,0.98,0.965,0.968,-0.014,-1.4257,67431.99,6542.023
512950.SH,20190513,0.982,0.984,0.984,0.966,0.969,-0.013,-1.3238,85974.63,8349.28
159959.SZ,20190513,1.029,1.039,1.039,1.016,1.018,-0.011,-1.069,120869.0,12321.492
501065.SH,20190513,1.057,1.058,1.058,1.042,1.054,-0.003,-0.2838,2640.88,277.219
159960.SZ,20190513,0.989,0.985,0.986,0.984,0.985,-0.004,-0.4044,2655.0,261.465
161132.SZ,20190513,1.025,1.013,1.025,1.011,1.02,-0.005,-0.4878,1783.0,182.021
512920.SH,20190513,1.137,1.123,1.128,1.119,1.119,-0.018,-1.5831,2799.0,313.601
512040.SH,20190513,1.11,1.106,1.106,1.093,1.099,-0.011,-0.991,125833.77,13841.921
501066.SH,20190513,1.15,1.158,1.161,1.141,1.159,0.009,0.7826,368.53,42.582
502006.SH,20190513,0.958,0.95,0.953,0.942,0.945,-0.013,-1.357,1674.03,158.284
502007.SH,20190513,1.019,1.017,1.024,1.017,1.024,0.005,0.4907,1328.62,135.799
502008.SH,20190513,0.89,0.864,0.871,0.863,0.865,-0.025,-2.809,4884.31,423.619
150310.SZ,20190513,1.513,1.627,1.627,1.363,1.608,0.095,6.2789,446.22,64.586
501000.SH,20190513,0.951,0.946,0.946,0.946,0.946,-0.005,-0.5258,1.0,0.095
150321.SZ,20190513,1.037,1.03,1.036,1.03,1.036,-0.001,-0.0964,101.0,10.403
150322.SZ,20190513,0.94,0.939,0.939,0.921,0.923,-0.017,-1.8085,1083.28,99.97
150312.SZ,20190513,1.56,1.488,1.542,1.404,1.512,-0.048,-3.0769,270.0,38.678
512330.SH,20190513,0.756,0.741,0.755,0.734,0.739,-0.017,-2.2487,103350.0,7672.97
159945.SZ,20190513,0.679,0.675,0.675,0.659,0.668,-0.011,-1.62,1273.0,85.439
159944.SZ,20190513,0.71,0.707,0.707,0.699,0.704,-0.006,-0.8451,1956.0,136.95
150298.SZ,20190513,1.2,1.248,1.248,1.248,1.248,0.048,4.0,1.0,0.124
502036.SH,20190513,0.831,0.834,0.837,0.834,0.837,0.006,0.722,3.0,0.251
502037.SH,20190513,0.99,0.996,0.997,0.996,0.997,0.007,0.7071,922.08,91.923
502038.SH,20190513,0.656,0.722,0.722,0.722,0.722,0.066,10.061,564.0,40.721
150325.SZ,20190513,0.989,0.992,0.992,0.992,0.992,0.003,0.3033,0.03,0.002
150326.SZ,20190513,1.092,1.064,1.068,1.064,1.068,-0.024,-2.1978,15.9,1.692
150324.SZ,20190513,0.62,0.678,0.678,0.678,0.678,0.058,9.3548,100.0,6.78
150335.SZ,20190513,0.998,0.998,0.999,0.996,0.999,0.001,0.1002,2191.0,218.479
150336.SZ,20190513,0.704,0.7,0.7,0.651,0.666,-0.038,-5.3977,2830.07,188.443
502010.SH,20190513,1.055,1.04,1.071,1.038,1.041,-0.014,-1.327,24565.7,2585.465
502012.SH,20190513,1.108,1.087,1.15,1.075,1.086,-0.022,-1.9856,80977.35,8989.44
502011.SH,20190513,1.003,1.003,1.005,1.002,1.004,0.001,0.0997,23814.5,2390.193
502003.SH,20190513,1.2,1.208,1.208,1.189,1.189,-0.011,-0.9167,934.0,112.139
502004.SH,20190513,0.992,0.994,0.994,0.992,0.992,0.0,0.0,1711.0,169.882
502005.SH,20190513,1.437,1.427,1.43,1.377,1.393,-0.044,-3.0619,6046.25,844.004
168101.SZ,20190513,0.944,0.926,0.939,0.926,0.93,-0.014,-1.4831,7040.01,654.925
150303.SZ,20190513,1.006,1.002,1.006,1.002,1.006,0.0,0.0,640.0,64.302
150304.SZ,20190513,0.978,0.96,0.978,0.926,0.928,-0.05,-5.1125,26214.9,2485.223
502023.SH,20190513,0.82,0.82,0.82,0.78,0.796,-0.024,-2.9268,117.13,9.485
502024.SH,20190513,0.996,0.996,0.996,0.996,0.996,0.0,0.0,2.5,0.249
502025.SH,20190513,0.639,0.645,0.65,0.61,0.612,-0.027,-4.2254,155.0,9.988
150329.SZ,20190513,0.983,0.983,0.984,0.983,0.984,0.001,0.1017,3592.0,353.263
150330.SZ,20190513,1.555,1.535,1.535,1.456,1.47,-0.085,-5.4662,11400.79,1694.423
184801.SZ,20190513,88.877,88.875,89.0,88.875,88.877,0.0,0.0,36.55,324.884
502040.SH,20190513,1.124,1.119,1.119,1.111,1.111,-0.013,-1.1566,51.0,5.706
502042.SH,20190513,1.233,1.143,1.143,1.143,1.143,-0.09,-7.2993,5.0,0.572
502056.SH,20190513,1.004,0.996,1.015,0.996,1.015,0.011,1.0956,31.41,3.161
502058.SH,20190513,1.074,0.971,1.07,0.97,1.07,-0.004,-0.3724,350.0,36.453
511830.SH,20190513,100.008,99.995,100.004,99.995,100.003,-0.005,-0.005,1034.08,10340.963
150344.SZ,20190513,1.242,1.118,1.2,1.118,1.119,-0.123,-9.9034,473.9,53.036
150343.SZ,20190513,0.995,0.995,0.999,0.995,0.997,0.002,0.201,1254.64,125.203
510360.SH,20190513,1.2,1.188,1.19,1.176,1.18,-0.02,-1.6667,221401.0,26171.144
502053.SH,20190513,0.95,0.944,0.979,0.942,0.952,0.002,0.2105,1934.56,186.691
502054.SH,20190513,0.991,0.991,0.991,0.991,0.991,0.0,0.0,1557.5,154.348
502055.SH,20190513,0.935,0.908,1.021,0.901,0.936,0.001,0.107,5681.98,555.953
161226.SZ,20190513,0.752,0.752,0.752,0.749,0.75,-0.002,-0.266,34900.66,2618.893
167501.SZ,20190513,1.168,1.167,1.168,1.167,1.168,0.0,0.0,24333.69,2841.917
510580.SH,20190513,5.069,5.05,5.05,4.994,5.0,-0.069,-1.3612,2767.0,1388.289
161227.SZ,20190513,0.933,0.932,0.932,0.917,0.918,-0.015,-1.6077,1300.08,119.456
511980.SH,20190513,100.009,99.999,100.002,99.997,100.002,-0.007,-0.007,467.32,4673.236
511900.SH,20190513,100.009,99.996,100.004,99.996,100.003,-0.006,-0.006,2679.66,26796.77
511930.SH,20190513,100.048,99.995,100.037,99.995,100.037,-0.011,-0.011,22.0,220.077
161229.SZ,20190513,1.185,1.163,1.163,1.16,1.16,-0.025,-2.1097,12.0,1.392
501005.SH,20190513,0.819,0.816,0.828,0.816,0.824,0.005,0.6105,1295.12,106.583
511960.SH,20190513,100.009,99.993,99.997,99.993,99.997,-0.012,-0.012,15.0,149.993
161033.SZ,20190513,0.86,0.859,0.859,0.832,0.849,-0.011,-1.2791,379.06,31.855
163907.SZ,20190513,0.919,0.929,0.982,0.924,0.924,0.005,0.5441,677.0,66.399
169103.SZ,20190513,1.183,1.184,1.186,1.182,1.182,-0.001,-0.0845,751.0,88.983
511820.SH,20190513,100.008,99.991,100.001,99.991,100.0,-0.008,-0.008,1016.28,10162.532
168102.SZ,20190513,0.859,0.836,0.855,0.836,0.849,-0.01,-1.1641,8926.0,755.21
501015.SH,20190513,0.787,0.772,0.782,0.772,0.782,-0.005,-0.6353,2505.44,194.892
162415.SZ,20190513,1.518,1.504,1.522,1.504,1.511,-0.007,-0.4611,144.0,21.74
160518.SZ,20190513,1.087,1.087,1.087,1.054,1.063,-0.024,-2.2079,8087.07,858.148
511920.SH,20190513,100.0,99.996,99.999,99.996,99.999,-0.001,-0.001,1.02,10.2
159948.SZ,20190513,1.605,1.58,1.59,1.557,1.568,-0.037,-2.3053,27914.0,4378.849
161232.SZ,20190513,0.652,0.652,0.652,0.632,0.641,-0.011,-1.6871,2284.07,144.577
160519.SZ,20190513,1.024,1.002,1.02,1.002,1.019,-0.005,-0.4883,474.11,47.846
501018.SH,20190513,1.143,1.137,1.153,1.135,1.151,0.008,0.6999,11913.0,1363.174
501021.SH,20190513,1.332,1.332,1.332,1.322,1.325,-0.007,-0.5255,2311.0,306.348
159949.SZ,20190513,0.53,0.522,0.525,0.516,0.52,-0.01,-1.8868,8516045.53,443685.088
511850.SH,20190513,100.026,100.011,100.023,100.009,100.02,-0.006,-0.006,24565.74,245694.022
169104.SZ,20190513,1.223,1.223,1.225,1.206,1.211,-0.012,-0.9812,19036.21,2316.321
512660.SH,20190513,0.747,0.74,0.747,0.733,0.739,-0.008,-1.071,1092471.0,80916.917
511910.SH,20190513,100.0,99.992,100.008,99.992,100.008,0.008,0.008,2.89,28.901
512880.SH,20190513,0.938,0.921,0.927,0.912,0.916,-0.022,-2.3454,3512906.8,323149.298
167001.SZ,20190513,0.69,0.644,0.684,0.642,0.68,-0.01,-1.4493,3210.46,212.646
161834.SZ,20190513,0.776,0.772,0.773,0.771,0.773,-0.003,-0.3866,18366.76,1417.814
160520.SZ,20190513,0.999,1.004,1.004,1.004,1.004,0.005,0.5005,1.0,0.1
163003.SZ,20190513,0.627,0.627,0.627,0.627,0.627,0.0,0.0,10.0,0.627
160225.SZ,20190513,0.768,0.768,0.768,0.75,0.754,-0.014,-1.8229,841.0,63.892
511970.SH,20190513,99.995,99.992,100.004,99.992,99.995,0.0,0.0,12.0,119.996
168103.SZ,20190513,0.794,0.789,0.789,0.781,0.782,-0.012,-1.5113,62011.95,4857.447
512810.SH,20190513,0.711,0.69,0.71,0.69,0.704,-0.007,-0.9845,8599.0,605.095
510810.SH,20190513,0.937,0.925,0.936,0.92,0.928,-0.009,-0.9605,68480.0,6363.698
160921.SZ,20190513,0.871,0.87,0.873,0.87,0.873,0.002,0.2296,300.0,26.136
160522.SZ,20190513,0.931,0.944,0.944,0.944,0.944,0.013,1.3963,6.0,0.566
160635.SZ,20190513,0.975,0.966,0.966,0.956,0.96,-0.015,-1.5385,1194.0,114.915
164403.SZ,20190513,1.133,1.123,1.124,1.12,1.12,-0.013,-1.1474,51.0,5.728
169105.SZ,20190513,1.234,1.223,1.223,1.192,1.196,-0.038,-3.0794,91975.0,11083.799
512680.SH,20190513,0.739,0.735,0.74,0.726,0.731,-0.008,-1.0825,31578.0,2314.435
168104.SZ,20190513,1.1,1.1,1.12,1.1,1.12,0.02,1.8182,12.0,1.322
512000.SH,20190513,0.892,0.878,0.883,0.868,0.873,-0.019,-2.13,2076901.84,181830.619
165525.SZ,20190513,0.805,0.798,0.801,0.791,0.798,-0.007,-0.8696,3260.62,259.459
160421.SZ,20190513,1.034,1.038,1.039,1.023,1.024,-0.01,-0.9671,1472.16,151.079
501026.SH,20190513,0.825,0.777,0.779,0.777,0.779,-0.046,-5.5758,1053.6,81.878
511660.SH,20190513,100.019,100.003,100.014,99.999,100.009,-0.01,-0.01,136347.84,1363557.168
168105.SZ,20190513,0.786,0.782,0.782,0.775,0.778,-0.008,-1.0178,662.0,51.417
512100.SH,20190513,0.655,0.645,0.654,0.639,0.648,-0.007,-1.0687,146237.0,9485.976
501022.SH,20190513,0.968,0.934,0.942,0.934,0.942,-0.026,-2.686,9.0,0.844
150184.SZ,20190513,1.093,1.006,1.04,1.006,1.015,-0.078,-7.1363,30.89,3.176
150185.SZ,20190513,1.038,1.032,1.033,1.017,1.017,-0.021,-2.0231,2910.07,297.818
159936.SZ,20190513,1.294,1.285,1.289,1.255,1.279,-0.015,-1.1592,1315.0,168.049
512600.SH,20190513,2.66,2.652,2.659,2.59,2.655,-0.005,-0.188,971.0,255.84
512610.SH,20190513,1.373,1.345,1.364,1.336,1.364,-0.009,-0.6555,265.0,35.623
512640.SH,20190513,1.912,1.894,1.894,1.884,1.885,-0.027,-1.4121,16.0,3.018
161015.SZ,20190513,1.01,1.019,1.019,1.019,1.019,0.009,0.8911,1.0,0.101
512070.SH,20190513,2.152,2.1,2.152,2.067,2.071,-0.081,-3.7639,38509.0,8026.89
512220.SH,20190513,1.154,1.153,1.155,1.143,1.143,-0.011,-0.9532,1369.0,157.448
150186.SZ,20190513,1.0,1.0,1.001,1.0,1.0,0.0,0.0,10156.17,1015.637
150187.SZ,20190513,1.062,1.062,1.065,1.012,1.045,-0.017,-1.6008,1751.16,183.51
160133.SZ,20190513,2.263,2.243,2.259,2.23,2.244,-0.019,-0.8396,2124.26,475.544
150188.SZ,20190513,1.003,1.001,1.004,1.001,1.004,0.001,0.0997,2531.57,254.111
150189.SZ,20190513,0.647,0.621,0.666,0.621,0.666,0.019,2.9366,14.38,0.897
513030.SH,20190513,1.006,1.009,1.009,0.996,1.006,0.0,0.0,13441.0,1347.631
159937.SZ,20190513,2.808,2.819,2.828,2.819,2.826,0.018,0.641,465021.0,131352.62
150190.SZ,20190513,1.014,0.997,0.997,0.997,0.997,-0.017,-1.6765,65.0,6.48
150191.SZ,20190513,1.417,1.295,1.413,1.295,1.37,-0.047,-3.3169,152.82,19.806
150194.SZ,20190513,0.984,0.982,0.985,0.982,0.984,0.0,0.0,150805.72,14839.945
150195.SZ,20190513,0.759,0.742,0.749,0.717,0.727,-0.032,-4.2161,148619.1,10929.211
150193.SZ,20190513,1.007,0.967,0.983,0.967,0.983,-0.024,-2.3833,2089.0,202.321
169101.SZ,20190513,1.399,1.388,1.388,1.361,1.362,-0.037,-2.6447,27992.96,3839.105
150198.SZ,20190513,0.986,0.99,0.99,0.958,0.983,-0.003,-0.3043,1195.0,117.359
150199.SZ,20190513,0.912,0.888,0.934,0.882,0.919,0.007,0.7675,18627.0,1704.238
505888.SH,20190513,0.97,0.966,0.984,0.962,0.981,0.011,1.134,497830.07,48275.789
512300.SH,20190513,1.034,1.034,1.035,1.022,1.025,-0.009,-0.8704,5849.0,599.799
511220.SH,20190513,95.902,96.0,96.2,96.0,96.106,0.204,0.2127,428.0,4112.729
150200.SZ,20190513,0.984,0.984,0.986,0.984,0.985,0.001,0.1016,165366.2,16288.654
150201.SZ,20190513,1.188,1.148,1.174,1.125,1.136,-0.052,-4.3771,1932541.36,222197.005
150205.SZ,20190513,0.989,0.989,0.99,0.988,0.99,0.001,0.1011,41803.49,4135.133
150206.SZ,20190513,0.506,0.497,0.515,0.49,0.497,-0.009,-1.7787,1087174.71,54668.968
159938.SZ,20190513,1.241,1.233,1.237,1.217,1.23,-0.011,-0.8864,95162.0,11695.535
150207.SZ,20190513,0.999,0.999,0.999,0.999,0.999,0.0,0.0,1.0,0.099
150208.SZ,20190513,1.367,1.294,1.396,1.294,1.396,0.029,2.1214,26.46,3.689
160813.SZ,20190513,0.736,0.734,0.734,0.715,0.725,-0.011,-1.4946,1343.0,96.129
150173.SZ,20190513,0.985,0.985,0.985,0.984,0.984,-0.001,-0.1015,609.04,59.99
150174.SZ,20190513,1.088,1.098,1.098,1.042,1.042,-0.046,-4.2279,250.0,27.17
511810.SH,20190513,100.021,100.0,100.019,100.0,100.01,-0.011,-0.011,53164.72,531674.294
511860.SH,20190513,100.006,99.991,99.999,99.991,99.999,-0.007,-0.007,940.02,9399.821
164208.SZ,20190513,1.085,1.084,1.084,1.084,1.084,-0.001,-0.0922,1.0,0.108
150204.SZ,20190513,0.93,0.884,0.9,0.884,0.887,-0.043,-4.6237,324.61,28.868
511800.SH,20190513,100.005,99.994,100.004,99.994,100.0,-0.005,-0.005,1429.13,14291.022
150209.SZ,20190513,0.985,0.984,0.986,0.984,0.985,0.0,0.0,41410.56,4079.735
150210.SZ,20190513,0.69,0.673,0.685,0.667,0.672,-0.018,-2.6087,34833.14,2351.891
160618.SZ,20190513,1.293,1.292,1.294,1.292,1.293,0.0,0.0,2305.53,298.124
513660.SH,20190513,2.58,2.576,2.594,2.576,2.586,0.006,0.2326,431.0,111.45
513600.SH,20190513,2.586,2.588,2.665,2.58,2.665,0.079,3.0549,244.0,63.159
159005.SZ,20190513,99.999,100.0,100.001,99.999,100.001,0.002,0.002,640.0,6400.034
159939.SZ,20190513,0.955,0.933,0.939,0.918,0.919,-0.036,-3.7696,514639.0,47734.217
169102.SZ,20190513,1.004,0.998,1.005,0.98,0.98,-0.024,-2.3904,9087.0,898.019
160919.SZ,20190513,1.199,1.186,1.198,1.186,1.197,-0.002,-0.1668,1132.85,135.35
161222.SZ,20190513,1.156,1.156,1.222,1.156,1.222,0.066,5.7093,41.0,4.944
150143.SZ,20190513,0.994,0.994,0.994,0.994,0.994,0.0,0.0,99.0,9.84
150144.SZ,20190513,1.06,1.03,1.034,1.03,1.033,-0.027,-2.5472,255.2,26.334
159929.SZ,20190513,1.414,1.4,1.414,1.392,1.405,-0.009,-0.6365,16030.0,2255.165
159928.SZ,20190513,2.687,2.679,2.721,2.633,2.701,0.014,0.521,187795.96,50529.689
159930.SZ,20190513,0.732,0.723,0.735,0.712,0.734,0.002,0.2732,2465.0,179.349
159931.SZ,20190513,1.672,1.67,1.67,1.631,1.658,-0.014,-0.8373,1349.0,222.069
150149.SZ,20190513,0.605,0.596,0.597,0.585,0.591,-0.014,-2.314,4834.0,284.961
160515.SZ,20190513,1.045,1.046,1.051,1.046,1.05,0.005,0.4785,10580.83,1109.92
150130.SZ,20190513,1.011,1.01,1.016,1.01,1.015,0.004,0.3956,16506.46,1670.19
150131.SZ,20190513,1.384,1.345,1.369,1.33,1.349,-0.035,-2.5289,163292.27,22040.098
150150.SZ,20190513,0.986,0.986,0.986,0.986,0.986,0.0,0.0,3000.0,295.8
150152.SZ,20190513,0.996,0.996,0.998,0.995,0.997,0.001,0.1004,83619.25,8336.05
150153.SZ,20190513,1.087,1.054,1.063,1.017,1.03,-0.057,-5.2438,1819672.81,189546.001
159932.SZ,20190513,1.39,1.445,1.445,1.365,1.38,-0.01,-0.7194,651.0,89.418
512010.SH,20190513,1.612,1.586,1.615,1.581,1.604,-0.008,-0.4963,128617.0,20614.277
510680.SH,20190513,2.358,2.27,2.345,2.226,2.229,-0.129,-5.4707,85.0,19.023
160131.SZ,20190513,1.005,1.073,1.073,1.04,1.04,0.035,3.4826,10.0,1.069
159934.SZ,20190513,2.787,2.801,2.808,2.8,2.805,0.018,0.6459,843686.0,236541.66
513500.SH,20190513,1.817,1.818,1.826,1.818,1.826,0.009,0.4953,1165770.65,212633.512
512120.SH,20190513,1.412,1.4,1.412,1.345,1.398,-0.014,-0.9915,13277.0,1858.19
150157.SZ,20190513,0.989,0.987,0.989,0.987,0.989,0.0,0.0,5771.0,569.798
150158.SZ,20190513,1.038,1.01,1.018,0.99,0.998,-0.04,-3.8536,14072.0,1411.931
159935.SZ,20190513,1.385,1.383,1.386,1.372,1.386,0.001,0.0722,437.0,60.083
160220.SZ,20190513,1.179,1.238,1.238,1.144,1.212,0.033,2.799,318.0,37.249
150168.SZ,20190513,0.702,0.69,0.69,0.69,0.69,-0.012,-1.7094,37.0,2.553
150170.SZ,20190513,1.369,1.365,1.365,1.365,1.365,-0.004,-0.2922,10.0,1.365
150171.SZ,20190513,0.974,0.974,0.975,0.974,0.975,0.001,0.1027,19984.25,1947.072
150172.SZ,20190513,1.356,1.301,1.353,1.3,1.315,-0.041,-3.0236,400987.27,52948.391
161831.SZ,20190513,0.971,0.961,0.966,0.96,0.96,-0.011,-1.1329,1985.0,190.819
150175.SZ,20190513,0.994,0.994,0.996,0.993,0.995,0.001,0.1006,44814.0,4458.628
150176.SZ,20190513,0.948,0.948,0.948,0.926,0.927,-0.021,-2.2152,19571.15,1826.54
150181.SZ,20190513,0.984,0.983,0.985,0.983,0.984,0.0,0.0,22352.75,2200.938
150182.SZ,20190513,1.328,1.293,1.313,1.269,1.283,-0.045,-3.3886,278294.01,36033.359
150177.SZ,20190513,0.984,0.981,0.982,0.981,0.982,-0.002,-0.2033,1387.17,136.131
150178.SZ,20190513,1.389,1.359,1.399,1.301,1.321,-0.068,-4.8956,3254.0,436.991
150179.SZ,20190513,0.981,0.982,0.982,0.981,0.982,0.001,0.1019,820.55,80.568
150180.SZ,20190513,1.082,1.082,1.088,1.03,1.047,-0.035,-3.2348,705.06,74.379
160812.SZ,20190513,1.278,1.345,1.345,1.28,1.28,0.002,0.1565,2901.0,371.718
150164.SZ,20190513,0.987,0.989,0.99,0.986,0.986,-0.001,-0.1013,889.34,87.956
150165.SZ,20190513,1.104,1.014,1.014,1.014,1.014,-0.09,-8.1522,169.0,17.136
162006.SZ,20190513,1.033,1.053,1.053,1.035,1.035,0.002,0.1936,45.0,4.693
160910.SZ,20190513,1.032,0.98,0.98,0.98,0.98,-0.052,-5.0388,94.0,9.212
160805.SZ,20190513,0.723,0.702,0.702,0.702,0.702,-0.021,-2.9046,7.0,0.491
160311.SZ,20190513,1.494,1.494,1.494,1.468,1.479,-0.015,-1.004,790.0,117.462
161610.SZ,20190513,1.002,0.999,1.002,0.988,0.989,-0.013,-1.2974,1406.97,139.603
159961.SZ,20190513,1.267,1.262,1.262,1.245,1.249,-0.018,-1.4207,2020.0,252.891
512260.SH,20190513,1.198,1.189,1.191,1.181,1.186,-0.012,-1.0017,47690.0,5656.918
501067.SH,20190513,1.165,1.123,1.145,1.123,1.135,-0.03,-2.5751,1487.0,168.955
501068.SH,20190513,1.162,1.162,1.162,1.121,1.121,-0.041,-3.5284,647.0,72.646
512870.SH,20190513,1.138,1.138,1.138,1.112,1.119,-0.019,-1.6696,12389.0,1391.149
510850.SH,20190513,2.777,2.761,2.761,2.717,2.724,-0.053,-1.9085,470675.07,128604.209
510550.SH,20190513,1.166,1.142,1.16,1.142,1.153,-0.013,-1.1149,164546.0,18962.66
501069.SH,20190513,0.999,0.983,0.996,0.983,0.986,-0.013,-1.3013,383.48,37.985
513680.SH,20190513,0.982,1.039,1.039,0.976,0.983,0.001,0.1018,4.0,0.398
512150.SH,20190513,1.154,1.132,1.16,1.113,1.132,-0.022,-1.9064,2699.0,305.083
512890.SH,20190513,1.116,1.1,1.109,1.097,1.106,-0.01,-0.8961,19251.0,2126.831
159962.SZ,20190513,0.987,0.989,0.998,0.985,0.986,-0.001,-0.1013,1065.0,105.834
501311.SH,20190513,1.068,1.098,1.175,1.022,1.15,0.082,7.6779,412.17,45.143
159963.SZ,20190513,0.958,0.948,0.951,0.948,0.949,-0.009,-0.9395,29804.79,2831.197
511020.SH,20190513,99.37,99.373,99.5,99.373,99.475,0.105,0.1057,6.1,60.681
512270.SH,20190513,0.971,0.959,0.965,0.955,0.957,-0.014,-1.4418,23385.0,2245.557
511030.SH,20190513,100.0,99.977,100.01,99.977,100.0,0.0,0.0,69.5,695.02
159965.SZ,20190513,0.977,0.963,0.968,0.949,0.951,-0.026,-2.6612,76615.1,7341.312
512380.SH,20190513,0.914,0.9,0.912,0.899,0.903,-0.011,-1.2035,200165.01,18139.033
512590.SH,20190513,0.991,0.981,0.991,0.972,0.986,-0.005,-0.5045,24456.0,2397.029
160925.SZ,20190513,0.94,0.993,0.993,0.989,0.989,0.049,5.2128,2.0,0.198
159964.SZ,20190513,0.908,0.89,0.906,0.884,0.893,-0.015,-1.652,2422.0,216.405
512690.SH,20190513,0.967,0.966,0.981,0.941,0.972,0.005,0.5171,248063.18,24124.112
160105.SZ,20190513,0.921,0.908,0.908,0.86,0.898,-0.023,-2.4973,90.0,7.85
163801.SZ,20190513,1.208,1.2,1.207,1.166,1.191,-0.017,-1.4073,144.0,17.091
160505.SZ,20190513,1.544,1.534,1.534,1.518,1.522,-0.022,-1.4249,18468.12,2821.575
510050.SH,20190513,2.777,2.745,2.75,2.719,2.725,-0.052,-1.8725,7508046.29,2052475.838
162703.SZ,20190513,1.35,1.335,1.336,1.3,1.319,-0.031,-2.2963,8640.53,1142.7
162605.SZ,20190513,1.578,1.556,1.576,1.543,1.553,-0.025,-1.5843,52513.84,8173.759
161607.SZ,20190513,1.164,1.157,1.16,1.147,1.16,-0.004,-0.3436,11.0,1.269
160106.SZ,20190513,0.936,0.936,0.936,0.918,0.919,-0.017,-1.8162,781.0,72.201
161903.SZ,20190513,0.89,0.878,0.878,0.878,0.878,-0.012,-1.3483,3.0,0.263
160706.SZ,20190513,1.062,1.042,1.056,1.042,1.048,-0.014,-1.3183,26581.27,2781.951
161005.SZ,20190513,1.98,1.96,1.974,1.92,1.957,-0.023,-1.1616,14303.0,2802.295
163402.SZ,20190513,0.736,0.73,0.732,0.721,0.724,-0.012,-1.6304,87778.27,6377.641
161706.SZ,20190513,1.695,1.683,1.694,1.668,1.686,-0.009,-0.531,1394.0,235.594
163503.SZ,20190513,0.398,0.398,0.398,0.393,0.395,-0.003,-0.7538,1226.0,48.3
162607.SZ,20190513,0.475,0.475,0.475,0.466,0.47,-0.005,-1.0526,3222.0,150.819
159901.SZ,20190513,4.387,4.33,4.36,4.296,4.315,-0.072,-1.6412,416509.63,180327.41
510180.SH,20190513,3.351,3.333,3.333,3.29,3.301,-0.05,-1.4921,147607.5,48867.148
150031.SZ,20190513,0.882,0.804,0.824,0.804,0.824,-0.058,-6.576,543.58,44.765
150030.SZ,20190513,0.977,0.976,1.02,0.976,1.02,0.043,4.4012,82.0,8.362
150033.SZ,20190513,0.9,0.915,0.915,0.915,0.915,0.015,1.6667,1.0,0.091
161216.SZ,20190513,1.144,1.115,1.115,1.115,1.115,-0.029,-2.535,50.0,5.575
510230.SH,20190513,5.756,5.75,5.75,5.622,5.631,-0.125,-2.1716,19506.0,11016.826
510260.SH,20190513,1.087,1.078,1.078,1.035,1.035,-0.052,-4.7838,604.0,62.942
161116.SZ,20190513,0.668,0.669,0.669,0.663,0.666,-0.002,-0.2994,3118.0,207.425
510120.SH,20190513,2.85,2.85,2.85,2.85,2.85,0.0,0.0,3.0,0.855
150037.SZ,20190513,1.6,1.447,1.447,1.447,1.447,-0.153,-9.5625,0.46,0.066
163409.SZ,20190513,1.569,1.568,1.571,1.564,1.569,0.0,0.0,33.0,5.171
160512.SZ,20190513,1.638,1.641,1.661,1.641,1.66,0.022,1.3431,306.0,50.545
159908.SZ,20190513,1.321,1.321,1.321,1.287,1.291,-0.03,-2.271,22561.0,2938.119
159907.SZ,20190513,1.165,1.158,1.158,1.138,1.14,-0.025,-2.1459,6552.0,750.926
163110.SZ,20190513,1.59,1.56,1.611,1.56,1.58,-0.01,-0.6289,495.24,78.177
159909.SZ,20190513,4.14,4.14,4.14,3.853,4.006,-0.134,-3.2367,3959.0,1597.086
510270.SH,20190513,1.078,1.076,1.076,1.056,1.058,-0.02,-1.8553,108.0,11.488
161217.SZ,20190513,0.615,0.606,0.606,0.601,0.601,-0.014,-2.2764,6.0,0.361
165512.SZ,20190513,1.855,1.827,1.827,1.827,1.827,-0.028,-1.5094,2.0,0.365
159910.SZ,20190513,1.784,1.784,1.784,1.755,1.76,-0.024,-1.3453,3989.0,703.526
160719.SZ,20190513,0.701,0.702,0.703,0.701,0.702,0.001,0.1427,9010.0,632.535
159911.SZ,20190513,3.562,3.494,3.494,3.494,3.494,-0.068,-1.909,8.0,2.795
164701.SZ,20190513,0.594,0.598,0.598,0.595,0.597,0.003,0.5051,331.0,19.717
159915.SZ,20190513,1.465,1.448,1.457,1.43,1.441,-0.024,-1.6382,7567191.99,1094202.583
159916.SZ,20190513,3.97,3.969,3.969,3.802,3.945,-0.025,-0.6297,618.0,240.754
159912.SZ,20190513,1.222,1.187,1.214,1.185,1.195,-0.027,-2.2095,5451.0,651.909
510290.SH,20190513,1.374,1.36,1.366,1.357,1.362,-0.012,-0.8734,1182.0,160.859
160125.SZ,20190513,1.048,1.023,1.023,1.023,1.023,-0.025,-2.3855,58.86,6.021
159913.SZ,20190513,1.8,1.758,1.784,1.744,1.771,-0.029,-1.6111,796.0,140.197
163208.SZ,20190513,0.824,0.825,0.888,0.814,0.814,-0.01,-1.2136,182.0,15.036
161017.SZ,20190513,1.76,1.746,1.759,1.737,1.739,-0.021,-1.1932,14249.9,2493.141
162411.SZ,20190513,0.507,0.505,0.507,0.504,0.507,0.0,0.0,494099.93,24984.111
150048.SZ,20190513,1.312,1.3,1.374,1.3,1.358,0.046,3.5061,28.0,3.712
150053.SZ,20190513,0.986,0.982,0.982,0.982,0.982,-0.004,-0.4057,4.56,0.447
150065.SZ,20190513,0.829,0.746,0.746,0.746,0.746,-0.083,-10.0121,22.96,1.712
165513.SZ,20190513,0.408,0.41,0.41,0.406,0.408,0.0,0.0,602.0,24.509
161219.SZ,20190513,1.316,1.318,1.318,1.318,1.318,0.002,0.152,87.0,11.466
150066.SZ,20190513,1.014,0.98,0.981,0.98,0.981,-0.033,-3.2544,34.0,3.333
150051.SZ,20190513,0.985,0.984,0.986,0.983,0.986,0.001,0.1015,28644.03,2818.768
150052.SZ,20190513,1.023,0.985,0.998,0.954,0.96,-0.063,-6.1584,104325.6,10184.026
150056.SZ,20190513,1.155,1.27,1.27,1.27,1.27,0.115,9.9567,1.0,0.127
150050.SZ,20190513,1.203,1.215,1.215,1.146,1.187,-0.016,-1.33,535.08,62.534
159918.SZ,20190513,1.372,1.365,1.365,1.347,1.347,-0.025,-1.8222,55.0,7.502
160416.SZ,20190513,0.989,0.983,0.998,0.983,0.991,0.002,0.2022,540.47,53.754
150075.SZ,20190513,0.625,0.666,0.666,0.666,0.666,0.041,6.56,30.0,1.998
163412.SZ,20190513,3.216,3.2,3.213,3.17,3.19,-0.026,-0.8085,8736.0,2790.827
510410.SH,20190513,0.597,0.595,0.597,0.589,0.595,-0.002,-0.335,19942.9,1182.878
165516.SZ,20190513,1.949,1.953,1.96,1.943,1.943,-0.006,-0.3079,24.0,4.692
160216.SZ,20190513,0.502,0.498,0.504,0.498,0.504,0.002,0.3984,12256.78,614.52
150083.SZ,20190513,0.975,0.936,1.068,0.936,1.068,0.093,9.5385,150.0,14.7
159919.SZ,20190513,3.711,3.655,3.687,3.627,3.642,-0.069,-1.8593,742826.53,271671.352
510300.SH,20190513,3.72,3.685,3.688,3.642,3.652,-0.068,-1.828,4257770.21,1560795.956
161019.SZ,20190513,1.079,1.047,1.047,1.047,1.047,-0.032,-2.9657,200.0,20.94
163821.SZ,20190513,1.301,1.291,1.291,1.287,1.287,-0.014,-1.0761,11.26,1.449
160128.SZ,20190513,1.038,1.035,1.036,1.035,1.036,-0.002,-0.1927,219.0,22.671
164810.SZ,20190513,0.99,0.99,0.99,0.99,0.99,0.0,0.0,300.0,29.7
164702.SZ,20190513,1.028,1.032,1.032,1.032,1.032,0.004,0.3891,2.0,0.206
159920.SZ,20190513,1.504,1.503,1.504,1.494,1.498,-0.006,-0.3989,1240456.0,185860.763
510900.SH,20190513,1.18,1.176,1.176,1.166,1.168,-0.012,-1.0169,4409929.0,516505.258
161820.SZ,20190513,1.106,1.109,1.109,1.109,1.109,0.003,0.2712,10.0,1.109
510430.SH,20190513,1.517,1.517,1.517,1.514,1.514,-0.003,-0.1978,9.0,1.364
160916.SZ,20190513,2.715,2.696,2.713,2.689,2.703,-0.012,-0.442,745.25,201.119
510440.SH,20190513,1.535,1.531,1.531,1.479,1.496,-0.039,-2.5407,201.0,29.987
150095.SZ,20190513,1.346,1.211,1.211,1.211,1.211,-0.135,-10.0297,100.0,12.11
150106.SZ,20190513,1.043,1.044,1.044,1.043,1.044,0.001,0.0959,33835.0,3531.955
150107.SZ,20190513,0.655,0.639,0.642,0.613,0.619,-0.036,-5.4962,392029.61,24675.173
150100.SZ,20190513,0.983,0.983,0.983,0.982,0.982,-0.001,-0.1017,1358.0,133.416
150101.SZ,20190513,1.03,1.023,1.023,1.002,1.021,-0.009,-0.8738,370.0,37.72
161119.SZ,20190513,1.35,1.35,1.35,1.35,1.35,0.0,0.0,122.97,16.6
166902.SZ,20190513,1.04,1.082,1.082,1.082,1.082,0.042,4.0385,270.0,29.214
163415.SZ,20190513,1.756,1.745,1.745,1.711,1.732,-0.024,-1.3667,835.04,144.608
510330.SH,20190513,3.718,3.67,3.698,3.649,3.662,-0.056,-1.5062,975915.65,358856.874
511990.SH,20190513,100.03,100.005,100.014,100.002,100.011,-0.019,-0.019,925823.52,9259068.542
160720.SZ,20190513,1.115,1.132,1.133,1.132,1.133,0.018,1.6143,19.0,2.152
159922.SZ,20190513,5.285,5.186,5.268,5.164,5.19,-0.095,-1.7975,120636.0,62728.579
510500.SH,20190513,5.416,5.331,5.378,5.314,5.337,-0.079,-1.4586,3063995.88,1638262.434
150117.SZ,20190513,0.998,0.998,1.003,0.996,1.002,0.004,0.4008,24200.0,2420.956
150118.SZ,20190513,1.083,1.062,1.073,1.044,1.062,-0.021,-1.9391,56486.73,5974.249
159923.SZ,20190513,1.619,1.618,1.618,1.594,1.605,-0.014,-0.8647,829.0,133.01
510310.SH,20190513,1.614,1.6,1.603,1.587,1.592,-0.022,-1.3631,250143.0,39942.304
511010.SH,20190513,116.385,116.401,116.49,116.401,116.485,0.1,0.0859,18126.0,211133.485
160212.SZ,20190513,1.899,1.899,1.902,1.856,1.889,-0.01,-0.5266,3418.0,644.965
510660.SH,20190513,1.689,1.679,1.681,1.65,1.665,-0.024,-1.421,16189.0,2707.748
510650.SH,20190513,1.84,1.833,1.833,1.814,1.823,-0.017,-0.9239,515.0,94.092
510630.SH,20190513,2.685,2.675,2.699,2.628,2.681,-0.004,-0.149,13544.0,3612.899
159925.SZ,20190513,1.599,1.599,1.605,1.562,1.571,-0.028,-1.7511,1541.37,242.13
150123.SZ,20190513,1.016,1.015,1.017,1.014,1.017,0.001,0.0984,2191.46,222.464
150124.SZ,20190513,0.683,0.66,0.675,0.654,0.655,-0.028,-4.0996,8511.0,564.09
163210.SZ,20190513,1.0,1.0,1.005,0.999,1.005,0.005,0.5,3514.08,351.855
510510.SH,20190513,1.44,1.416,1.431,1.4,1.419,-0.021,-1.4583,212024.7,30112.669
511880.SH,20190513,101.093,101.1,101.11,101.1,101.108,0.015,0.0148,594249.06,6008228.244
165313.SZ,20190513,1.325,1.323,1.336,1.316,1.32,-0.005,-0.3774,2963.16,395.484
159001.SZ,20190513,99.996,99.999,100.002,99.999,100.002,0.006,0.006,234592.74,2345927.295
161911.SZ,20190513,1.054,1.054,1.055,1.054,1.055,0.001,0.0949,14469.46,1525.882
513100.SH,20190513,2.689,2.677,2.684,2.671,2.679,-0.01,-0.3719,730403.03,195629.346
159926.SZ,20190513,116.0,117.58,117.58,113.53,115.301,-0.699,-0.6026,22.0,255.246
159003.SZ,20190513,100.001,99.999,100.0,99.998,100.0,-0.001,-0.001,4832.25,48322.154
518880.SH,20190513,2.808,2.821,2.828,2.821,2.826,0.018,0.641,2053881.61,580144.581
518800.SH,20190513,2.785,2.795,2.806,2.795,2.804,0.019,0.6822,565029.0,158369.051
150146.SZ,20190513,0.88,0.962,0.962,0.88,0.936,0.056,6.3636,240.0,22.33
166904.SZ,20190513,1.036,1.036,1.036,1.036,1.036,0.0,0.0,10.0,1.036
166006.SZ,20190513,1.099,1.086,1.086,1.065,1.082,-0.017,-1.5469,84.0,9.01
510020.SH,20190513,2.717,2.727,2.727,2.681,2.681,-0.036,-1.325,98.8,26.52
160716.SZ,20190513,1.539,1.53,1.53,1.515,1.52,-0.019,-1.2346,4492.0,685.158
160616.SZ,20190513,1.113,1.11,1.11,1.11,1.11,-0.003,-0.2695,338.93,37.621
163001.SZ,20190513,0.938,0.926,0.926,0.926,0.926,-0.012,-1.2793,3.0,0.277
510030.SH,20190513,5.057,5.012,5.012,4.96,4.98,-0.077,-1.5226,591.0,294.832
150016.SZ,20190513,0.97,0.967,0.97,0.966,0.97,0.0,0.0,2095.0,202.445
150017.SZ,20190513,0.976,0.96,0.97,0.959,0.962,-0.014,-1.4344,1171.25,112.926
150012.SZ,20190513,0.972,0.972,0.972,0.972,0.972,0.0,0.0,150.32,14.611
150013.SZ,20190513,1.018,0.932,1.014,0.932,0.998,-0.02,-1.9646,1001.2,94.23
150018.SZ,20190513,0.983,0.983,0.984,0.981,0.984,0.001,0.1017,344698.89,33873.253
150019.SZ,20190513,0.873,0.846,0.86,0.83,0.833,-0.04,-4.5819,2950373.61,249143.672
161713.SZ,20190513,1.02,1.02,1.02,1.02,1.02,0.0,0.0,1.0,0.102
160807.SZ,20190513,1.206,1.213,1.22,1.213,1.213,0.007,0.5804,42.0,5.114
510070.SH,20190513,1.664,1.653,1.653,1.645,1.645,-0.019,-1.1418,33.0,5.44
160215.SZ,20190513,1.337,1.313,1.336,1.313,1.325,-0.012,-0.8975,666.79,87.667
510160.SH,20190513,0.547,0.541,0.541,0.535,0.537,-0.01,-1.8282,4460.87,239.885
510110.SH,20190513,3.599,3.481,3.51,3.481,3.5,-0.099,-2.7508,276.04,96.466
160717.SZ,20190513,0.813,0.805,0.812,0.8,0.801,-0.012,-1.476,7003.02,562.089
163407.SZ,20190513,1.895,1.87,1.884,1.849,1.857,-0.038,-2.0053,5822.8,1085.843
159905.SZ,20190513,1.777,1.749,1.773,1.745,1.755,-0.022,-1.238,95103.0,16710.426
510190.SH,20190513,3.256,3.2,3.232,3.2,3.202,-0.054,-1.6585,570.0,183.241
150022.SZ,20190513,0.786,0.779,0.78,0.774,0.776,-0.01,-1.2723,187178.85,14549.797
150023.SZ,20190513,0.23,0.224,0.225,0.217,0.219,-0.011,-4.7826,1004629.0,22195.807
510170.SH,20190513,1.573,1.585,1.585,1.546,1.551,-0.022,-1.3986,770.0,119.534
161815.SZ,20190513,0.463,0.464,0.465,0.462,0.463,0.0,0.0,141.0,6.517
510150.SH,20190513,4.84,4.838,4.838,4.744,4.787,-0.053,-1.095,37107.0,17812.765
165510.SZ,20190513,0.735,0.748,0.748,0.722,0.729,-0.006,-0.8163,714.0,52.421
161213.SZ,20190513,1.503,1.526,1.526,1.526,1.526,0.023,1.5303,2.0,0.305
159906.SZ,20190513,0.777,0.777,0.777,0.755,0.763,-0.014,-1.8018,765.0,58.552
510220.SH,20190513,3.845,3.8,3.838,3.78,3.8,-0.045,-1.1704,316.0,119.863
510210.SH,20190513,3.529,3.522,3.522,3.468,3.478,-0.051,-1.4452,10184.0,3546.598
164902.SZ,20190513,1.247,1.268,1.268,1.268,1.268,0.021,1.684,50.0,6.34
161714.SZ,20190513,1.013,1.036,1.044,1.009,1.015,0.002,0.1974,940.0,96.256
166009.SZ,20190513,1.639,1.614,1.614,1.614,1.614,-0.025,-1.5253,3.0,0.484
150028.SZ,20190513,0.981,0.981,0.981,0.979,0.981,0.0,0.0,107.18,10.514
150029.SZ,20190513,1.098,1.032,1.068,1.032,1.068,-0.03,-2.7322,629.0,65.547
161907.SZ,20190513,1.643,1.632,1.651,1.632,1.651,0.008,0.4869,21.0,3.46
512990.SH,20190513,1.087,1.077,1.08,1.066,1.071,-0.016,-1.4719,114529.0,12293.52
159940.SZ,20190513,0.966,0.961,0.963,0.941,0.946,-0.02,-2.0704,785.0,74.221
150214.SZ,20190513,1.199,1.199,1.199,1.108,1.113,-0.086,-7.1726,714.99,79.42
150215.SZ,20190513,1.009,1.007,1.007,0.986,1.005,-0.004,-0.3964,3.3,0.331
150216.SZ,20190513,0.767,0.732,0.76,0.713,0.728,-0.039,-5.0847,4557.32,338.094
161716.SZ,20190513,1.241,1.233,1.243,1.233,1.243,0.002,0.1612,730.0,90.611
150135.SZ,20190513,0.998,1.018,1.018,1.018,1.018,0.02,2.004,2135.0,217.343
150217.SZ,20190513,0.981,0.982,0.982,0.981,0.981,0.0,0.0,2229.83,218.812
150218.SZ,20190513,0.925,0.886,0.965,0.886,0.965,0.04,4.3243,188.0,17.062
150211.SZ,20190513,0.99,0.989,0.991,0.989,0.991,0.001,0.101,153.72,15.209
150212.SZ,20190513,0.858,0.85,0.85,0.821,0.823,-0.035,-4.0793,15009.12,1249.521
150223.SZ,20190513,0.999,0.998,1.001,0.998,1.0,0.001,0.1001,131610.13,13159.401
150224.SZ,20190513,0.923,0.888,0.907,0.876,0.883,-0.04,-4.3337,197619.16,17623.936
161224.SZ,20190513,0.977,0.993,0.993,0.987,0.987,0.01,1.0235,13.0,1.284
150196.SZ,20190513,0.995,0.995,0.997,0.993,0.996,0.001,0.1005,756282.34,75252.667
150197.SZ,20190513,0.512,0.495,0.502,0.477,0.477,-0.035,-6.8359,1443349.29,70946.121
150221.SZ,20190513,1.023,1.024,1.025,1.023,1.025,0.002,0.1955,16572.27,1697.389
150222.SZ,20190513,0.974,0.955,0.969,0.932,0.945,-0.029,-2.9774,59163.3,5641.166
512310.SH,20190513,0.483,0.475,0.48,0.475,0.478,-0.005,-1.0352,1805.0,86.101
502048.SH,20190513,0.906,0.903,0.903,0.884,0.891,-0.015,-1.6556,5331.43,475.714
502049.SH,20190513,0.971,0.97,0.972,0.97,0.971,0.0,0.0,17457.5,1695.612
502050.SH,20190513,0.841,0.821,0.824,0.804,0.807,-0.034,-4.0428,90001.97,7335.26
512340.SH,20190513,0.741,0.725,0.734,0.725,0.733,-0.008,-1.0796,989.0,72.092
502000.SH,20190513,0.867,0.872,0.872,0.872,0.872,0.005,0.5767,39.0,3.401
502002.SH,20190513,0.804,0.739,0.743,0.739,0.743,-0.061,-7.5871,54.95,4.062
150220.SZ,20190513,0.756,0.739,0.744,0.73,0.732,-0.024,-3.1746,20470.0,1510.224
166011.SZ,20190513,1.234,1.201,1.201,1.201,1.201,-0.033,-2.6742,10.0,1.201
512500.SH,20190513,2.518,2.47,2.5,2.469,2.479,-0.039,-1.5488,515136.4,128013.551
150227.SZ,20190513,0.991,0.99,0.993,0.989,0.992,0.001,0.1009,97042.98,9613.17
150228.SZ,20190513,0.864,0.845,0.848,0.83,0.833,-0.031,-3.588,629377.0,52801.189
161722.SZ,20190513,1.039,1.021,1.021,1.021,1.021,-0.018,-1.7324,3.0,0.306
165517.SZ,20190513,0.81,0.806,0.806,0.806,0.806,-0.004,-0.4938,10.0,0.806
512510.SH,20190513,1.077,1.065,1.072,1.059,1.066,-0.011,-1.0214,76718.0,8178.964
150230.SZ,20190513,1.034,1.054,1.119,1.017,1.036,0.002,0.1934,232.71,24.35
150231.SZ,20190513,1.027,1.008,1.022,1.001,1.011,-0.016,-1.5579,11006.0,1102.687
150232.SZ,20190513,0.726,0.702,0.714,0.67,0.682,-0.044,-6.0606,5273.98,368.157
150235.SZ,20190513,0.974,0.974,0.974,0.974,0.974,0.0,0.0,914.0,89.023
150236.SZ,20190513,0.971,0.967,0.968,0.935,0.936,-0.035,-3.6045,1705.0,162.468
164906.SZ,20190513,1.24,1.238,1.238,1.205,1.213,-0.027,-2.1774,2650.0,321.55
150247.SZ,20190513,0.996,0.994,0.994,0.994,0.994,-0.002,-0.2008,1314.0,130.611
150248.SZ,20190513,0.927,0.837,0.899,0.836,0.895,-0.032,-3.452,164.84,14.049
150250.SZ,20190513,1.15,1.035,1.035,1.035,1.035,-0.115,-10.0,108.0,11.178
510710.SH,20190513,3.029,2.992,3.002,2.967,2.971,-0.058,-1.9148,86895.0,25936.282
162108.SZ,20190513,1.184,1.169,1.169,1.169,1.169,-0.015,-1.2669,4.0,0.467
150252.SZ,20190513,0.936,0.94,0.94,0.89,0.912,-0.024,-2.5641,1960.0,175.308
150265.SZ,20190513,0.997,0.999,0.999,0.998,0.998,0.001,0.1003,2977.0,297.128
150266.SZ,20190513,0.945,0.945,0.945,0.915,0.943,-0.002,-0.2116,1282.17,119.117
150274.SZ,20190513,1.34,1.333,1.352,1.333,1.352,0.012,0.8955,295.09,39.758
159943.SZ,20190513,9.865,9.82,9.82,9.7,9.745,-0.12,-1.2164,103.28,100.709
150261.SZ,20190513,0.998,0.997,0.999,0.997,0.999,0.001,0.1002,3237.75,323.397
150262.SZ,20190513,0.808,0.805,0.824,0.801,0.803,-0.005,-0.6188,4376.19,355.635
510560.SH,20190513,1.062,1.076,1.076,1.066,1.066,0.004,0.3766,160.0,17.11
502013.SH,20190513,1.393,1.39,1.532,1.255,1.504,0.111,7.9684,113882.07,16398.816
502014.SH,20190513,1.003,0.994,1.012,0.994,1.003,0.0,0.0,6761.47,676.766
502015.SH,20190513,1.93,1.737,2.05,1.737,2.04,0.11,5.6995,8258.63,1534.141
502020.SH,20190513,0.963,0.932,0.932,0.932,0.932,-0.031,-3.2191,3.1,0.289
502022.SH,20190513,1.139,1.239,1.239,1.239,1.239,0.1,8.7796,1.0,0.124
150275.SZ,20190513,0.984,0.984,0.984,0.983,0.984,0.0,0.0,1353.46,133.153
150276.SZ,20190513,1.228,1.154,1.19,1.154,1.179,-0.049,-3.9902,3161.56,373.982
150269.SZ,20190513,0.988,0.983,0.988,0.983,0.987,-0.001,-0.1012,2272.0,223.773
150270.SZ,20190513,1.648,1.607,1.682,1.581,1.661,0.013,0.7888,102450.27,16955.064
150259.SZ,20190513,1.006,1.003,1.004,1.003,1.004,-0.002,-0.1988,315.0,31.603
150260.SZ,20190513,0.81,0.754,0.754,0.754,0.754,-0.056,-6.9136,12.48,0.94
150257.SZ,20190513,1.007,1.008,1.008,1.008,1.008,0.001,0.0993,121.0,12.196
150258.SZ,20190513,1.089,1.088,1.088,1.088,1.088,-0.001,-0.0918,100.0,10.88
150255.SZ,20190513,1.008,0.986,0.995,0.986,0.994,-0.014,-1.3889,2243.0,222.342
150256.SZ,20190513,0.948,0.888,0.888,0.888,0.888,-0.06,-6.3291,25.0,2.22
150277.SZ,20190513,0.998,0.999,0.999,0.998,0.999,0.001,0.1002,1596.0,159.383
150278.SZ,20190513,0.828,0.746,0.828,0.746,0.828,0.0,0.0,19.86,1.576
159941.SZ,20190513,1.672,1.67,1.67,1.65,1.658,-0.014,-0.8373,2393.0,396.686
150271.SZ,20190513,0.98,0.987,0.987,0.987,0.987,0.007,0.7143,29.0,2.862
150272.SZ,20190513,0.981,0.988,0.988,0.95,0.95,-0.031,-3.16,39.78,3.917
150263.SZ,20190513,0.994,0.995,1.0,0.995,1.0,0.006,0.6036,299.91,29.986
150268.SZ,20190513,1.029,1.132,1.132,1.132,1.132,0.103,10.0097,1.0,0.113
160806.SZ,20190513,1.359,1.347,1.347,1.338,1.341,-0.018,-1.3245,17.43,2.339
150282.SZ,20190513,0.758,0.758,0.829,0.682,0.788,0.03,3.9578,194.0,13.495
150294.SZ,20190513,0.527,0.566,0.566,0.566,0.566,0.039,7.4004,10.0,0.566
162207.SZ,20190513,1.211,1.193,1.22,1.193,1.22,0.009,0.7432,11.0,1.315
159902.SZ,20190513,2.8,2.772,2.776,2.73,2.744,-0.056,-2.0,293891.39,81055.474
160607.SZ,20190513,0.662,0.65,0.66,0.647,0.649,-0.013,-1.9637,2335.54,152.175
510880.SH,20190513,2.76,2.72,2.739,2.715,2.722,-0.038,-1.3768,117919.0,32139.558
160610.SZ,20190513,0.872,0.855,0.874,0.855,0.874,0.002,0.2294,152.05,13.022
166001.SZ,20190513,1.135,1.126,1.133,1.113,1.113,-0.022,-1.9383,821.86,92.15
160611.SZ,20190513,0.759,0.781,0.781,0.775,0.775,0.016,2.108,73.0,5.663
160314.SZ,20190513,0.958,0.956,0.956,0.944,0.946,-0.012,-1.2526,1230.04,116.225
160613.SZ,20190513,1.247,1.263,1.263,1.263,1.263,0.016,1.2831,3.0,0.378
161010.SZ,20190513,1.077,1.076,1.077,1.074,1.077,0.0,0.0,451.0,48.526
160615.SZ,20190513,1.525,1.516,1.531,1.516,1.531,0.006,0.3934,214.24,32.782
161810.SZ,20190513,1.652,1.65,1.65,1.616,1.638,-0.014,-0.8475,13541.83,2203.61
510060.SH,20190513,1.79,1.762,1.785,1.762,1.765,-0.025,-1.3966,502.71,88.834
160119.SZ,20190513,1.283,1.255,1.275,1.255,1.268,-0.015,-1.1691,19526.79,2475.824
510010.SH,20190513,1.122,1.133,1.133,1.116,1.12,-0.002,-0.1783,310.0,34.901
162307.SZ,20190513,1.317,1.306,1.306,1.294,1.296,-0.021,-1.5945,9.0,1.169
165309.SZ,20190513,1.181,1.181,1.181,1.175,1.175,-0.006,-0.508,108.0,12.742
160211.SZ,20190513,1.895,1.9,1.9,1.866,1.873,-0.022,-1.1609,1161.0,218.952
162711.SZ,20190513,1.103,1.089,1.1,1.085,1.089,-0.014,-1.2693,541.0,58.804
150009.SZ,20190513,1.206,1.116,1.21,1.116,1.21,0.004,0.3317,200.0,23.26
159903.SZ,20190513,1.009,1.0,1.004,0.986,0.99,-0.019,-1.8831,18720.93,1857.162
