ts_code,trade_date,pre_close,open,high,low,close,change,pct_chg,vol,amount
150213.SZ,20191120,1.039,1.036,1.039,1.036,1.039,0.0,0.0,1047.35,108.565
150216.SZ,20191120,1.039,1.0,1.059,1.0,1.026,-0.013,-1.2512,322.1,33.336
150217.SZ,20191120,1.017,1.019,1.019,1.019,1.019,0.002,0.1967,5738.0,584.702
150218.SZ,20191120,0.861,0.812,0.862,0.812,0.862,0.001,0.1161,44.4,3.61
150197.SZ,20191120,0.402,0.399,0.408,0.399,0.403,0.001,0.2488,837158.57,33704.748
502048.SH,20191120,0.995,0.987,0.992,0.98,0.985,-0.01,-1.005,745.0,73.383
502049.SH,20191120,1.01,1.009,1.011,1.009,1.011,0.001,0.099,10783.77,1088.383
502050.SH,20191120,0.974,0.972,0.973,0.95,0.954,-0.02,-2.0534,35814.51,3441.881
502001.SH,20191120,1.02,1.02,1.02,1.02,1.02,0.0,0.0,0.16,0.016
150220.SZ,20191120,0.98,0.981,0.982,0.97,0.978,-0.002,-0.2041,13143.1,1286.419
150227.SZ,20191120,0.988,0.988,0.989,0.987,0.989,0.001,0.1012,37846.64,3738.934
150278.SZ,20191120,0.679,0.676,0.713,0.618,0.7,0.021,3.0928,217.66,14.264
150268.SZ,20191120,1.171,1.225,1.225,1.179,1.18,0.009,0.7686,776.72,91.739
150293.SZ,20191120,1.044,1.038,1.039,1.038,1.039,-0.005,-0.4789,12.01,1.247
150244.SZ,20191120,1.288,1.287,1.308,1.273,1.288,0.0,0.0,7311.56,947.442
150295.SZ,20191120,1.032,1.033,1.033,1.033,1.033,0.001,0.0969,11177.0,1154.584
150287.SZ,20191120,1.044,1.045,1.045,1.045,1.045,0.001,0.0958,2259.0,236.065
150290.SZ,20191120,0.629,0.634,0.648,0.625,0.633,0.004,0.6359,46312.39,2950.56
150300.SZ,20191120,0.789,0.781,0.781,0.762,0.769,-0.02,-2.5349,13297.0,1024.709
162414.SZ,20191120,1.291,1.28,1.28,1.28,1.28,-0.011,-0.8521,1.0,0.128
150297.SZ,20191120,1.057,1.057,1.057,1.057,1.057,0.0,0.0,0.91,0.096
502036.SH,20191120,0.93,0.918,0.947,0.915,0.947,0.017,1.828,109.0,10.23
502038.SH,20191120,0.88,0.811,0.811,0.811,0.811,-0.069,-7.8409,1.0,0.081
150327.SZ,20191120,1.039,1.039,1.039,1.039,1.039,0.0,0.0,69.44,7.214
150328.SZ,20191120,0.572,0.572,0.62,0.572,0.573,0.001,0.1748,56.0,3.208
502010.SH,20191120,1.022,1.021,1.023,1.018,1.019,-0.003,-0.2935,1274.64,130.038
184801.SZ,20191120,96.0,96.0,96.3,96.0,96.29,0.29,0.3021,100.0,961.747
502040.SH,20191120,1.385,1.312,1.343,1.312,1.343,-0.042,-3.0325,444.0,59.047
502057.SH,20191120,1.055,1.055,1.055,1.055,1.055,0.0,0.0,250.0,26.375
511830.SH,20191120,100.001,100.001,100.001,99.994,99.994,-0.007,-0.007,34.0,339.99
511900.SH,20191120,99.993,99.991,99.994,99.99,99.992,-0.001,-0.001,577.07,5770.266
161033.SZ,20191120,1.129,1.13,1.136,1.125,1.125,-0.004,-0.3543,681.95,77.349
511820.SH,20191120,99.999,99.99,99.998,99.989,99.997,-0.002,-0.002,53.11,531.075
168102.SZ,20191120,0.956,0.956,0.96,0.956,0.959,0.003,0.3138,34347.84,3291.554
166016.SZ,20191120,1.205,1.201,1.201,1.201,1.201,-0.004,-0.332,40.0,4.804
160518.SZ,20191120,1.151,1.149,1.151,1.14,1.141,-0.01,-0.8688,3287.97,376.834
165528.SZ,20191120,0.933,0.928,0.929,0.928,0.929,-0.004,-0.4287,120.0,11.141
161831.SZ,20191120,0.99,0.989,0.989,0.988,0.989,-0.001,-0.101,3170.0,313.512
150175.SZ,20191120,1.039,1.038,1.039,1.038,1.039,0.0,0.0,1213.29,125.951
150176.SZ,20191120,0.948,0.941,0.944,0.934,0.934,-0.014,-1.4768,19736.5,1853.23
150181.SZ,20191120,1.025,1.024,1.025,1.023,1.025,0.0,0.0,16737.41,1714.31
150182.SZ,20191120,1.171,1.17,1.173,1.153,1.153,-0.018,-1.5371,96633.27,11252.856
150178.SZ,20191120,1.359,1.35,1.352,1.32,1.352,-0.007,-0.5151,976.96,130.384
150179.SZ,20191120,1.019,1.02,1.022,1.02,1.02,0.001,0.0981,2472.0,252.24
150180.SZ,20191120,1.449,1.449,1.481,1.338,1.427,-0.022,-1.5183,3574.79,509.482
160812.SZ,20191120,1.55,1.544,1.549,1.543,1.543,-0.007,-0.4516,2437.0,376.056
512960.SH,20191120,0.954,0.954,0.958,0.95,0.95,-0.004,-0.4193,103718.07,9903.875
512950.SH,20191120,0.957,0.958,0.961,0.954,0.954,-0.003,-0.3135,88447.08,8475.018
159959.SZ,20191120,1.003,1.002,1.006,0.999,0.999,-0.004,-0.3988,24949.0,2500.035
501065.SH,20191120,1.269,1.246,1.259,1.246,1.259,-0.01,-0.788,721.0,89.893
160716.SZ,20191120,1.592,1.592,1.592,1.575,1.581,-0.011,-0.691,3699.0,584.961
159956.SZ,20191120,0.98,0.979,0.989,0.977,0.98,0.0,0.0,3078.03,303.07
512160.SH,20191120,1.118,1.11,1.12,1.106,1.109,-0.009,-0.805,297986.0,33131.305
512180.SH,20191120,1.072,1.068,1.069,1.059,1.061,-0.011,-1.0261,48710.0,5171.467
512780.SH,20191120,0.736,0.737,0.737,0.731,0.731,-0.005,-0.6793,1486.0,109.149
513900.SH,20191120,0.986,0.985,0.985,0.98,0.98,-0.006,-0.6085,7015.0,689.064
501057.SH,20191120,0.877,0.877,0.877,0.868,0.868,-0.009,-1.0262,613.19,53.308
512360.SH,20191120,1.128,1.13,1.13,1.124,1.124,-0.004,-0.3546,85.0,9.567
501189.SH,20191120,1.049,1.049,1.05,1.046,1.048,-0.001,-0.0953,103071.83,10805.248
510600.SH,20191120,3.121,3.115,3.116,3.08,3.082,-0.039,-1.2496,61791.0,19107.017
511270.SH,20191120,101.349,101.352,101.4,101.267,101.386,0.037,0.0365,1384.0,14031.47
160726.SZ,20191120,1.29,1.293,1.293,1.28,1.283,-0.007,-0.5426,19780.74,2539.778
512850.SH,20191120,1.028,1.061,1.065,1.048,1.05,0.022,2.1401,322.8,34.212
512820.SH,20191120,1.157,1.156,1.156,1.136,1.138,-0.019,-1.6422,64388.0,7354.131
501060.SH,20191120,1.232,1.219,1.219,1.219,1.219,-0.013,-1.0552,21.0,2.56
501062.SH,20191120,0.97,0.973,0.973,0.966,0.969,-0.001,-0.1031,23725.66,2299.211
159960.SZ,20191120,1.037,1.027,1.05,1.0,1.015,-0.022,-2.1215,2853.0,290.56
512040.SH,20191120,1.124,1.125,1.126,1.117,1.119,-0.005,-0.4448,65719.0,7372.049
501066.SH,20191120,1.376,1.377,1.383,1.376,1.378,0.002,0.1453,3796.0,523.312
160622.SZ,20191120,1.022,1.027,1.027,1.027,1.027,0.005,0.4892,35.99,3.696
501017.SH,20191120,0.861,0.86,0.86,0.86,0.86,-0.001,-0.1161,19.71,1.695
160519.SZ,20191120,1.153,1.153,1.153,1.15,1.15,-0.003,-0.2602,1186.0,136.486
501018.SH,20191120,1.097,1.076,1.083,1.075,1.078,-0.019,-1.732,31645.0,3413.439
501021.SH,20191120,1.464,1.458,1.469,1.452,1.458,-0.006,-0.4098,4139.33,603.206
169104.SZ,20191120,1.408,1.408,1.427,1.398,1.416,0.008,0.5682,387.0,54.793
512810.SH,20191120,0.703,0.703,0.703,0.695,0.696,-0.007,-0.9957,9327.0,652.686
510810.SH,20191120,0.898,0.896,0.897,0.889,0.889,-0.009,-1.0022,189283.29,16917.981
164403.SZ,20191120,1.197,1.204,1.204,1.195,1.195,-0.002,-0.1671,126.0,15.078
512680.SH,20191120,0.738,0.738,0.739,0.731,0.734,-0.004,-0.542,29018.0,2135.157
165525.SZ,20191120,0.698,0.698,0.698,0.692,0.693,-0.005,-0.7163,6725.0,467.282
160421.SZ,20191120,1.281,1.283,1.283,1.167,1.279,-0.002,-0.1561,6836.13,870.333
501026.SH,20191120,0.87,0.869,0.869,0.869,0.869,-0.001,-0.1149,1200.4,104.315
160722.SZ,20191120,1.16,1.15,1.151,1.149,1.149,-0.011,-0.9483,147.0,16.905
511700.SH,20191120,100.004,100.004,100.008,100.003,100.005,0.001,0.001,234.15,2341.627
501050.SH,20191120,1.333,1.332,1.337,1.326,1.328,-0.005,-0.3751,11736.65,1560.627
161035.SZ,20191120,1.309,1.309,1.318,1.308,1.312,0.003,0.2292,918.73,120.539
501025.SH,20191120,1.071,1.067,1.079,1.066,1.07,-0.001,-0.0934,1038.0,111.704
160322.SZ,20191120,1.112,1.173,1.173,1.157,1.157,0.045,4.0468,12.0,1.4
162717.SZ,20191120,1.11,1.183,1.183,1.116,1.18,0.07,6.3063,13.0,1.495
511950.SH,20191120,100.001,103.978,103.978,103.978,103.978,3.977,3.977,2.0,20.796
160922.SZ,20191120,0.991,0.987,1.023,0.987,0.993,0.002,0.2018,2260.0,227.208
161126.SZ,20191120,1.369,1.368,1.374,1.368,1.37,0.001,0.073,15.24,2.086
168301.SZ,20191120,1.107,1.107,1.109,1.1,1.1,-0.007,-0.6323,3025.07,333.71
161128.SZ,20191120,1.76,1.765,1.779,1.765,1.77,0.01,0.5682,852.36,151.21
501029.SH,20191120,0.932,0.933,0.936,0.927,0.928,-0.004,-0.4292,59471.47,5531.915
501007.SH,20191120,1.048,1.045,1.052,1.045,1.05,0.002,0.1908,90.0,9.461
501011.SH,20191120,0.78,0.777,0.789,0.776,0.784,0.004,0.5128,957.57,74.608
501012.SH,20191120,0.779,0.779,0.779,0.772,0.772,-0.007,-0.8986,129.0,9.975
501030.SH,20191120,0.546,0.546,0.546,0.543,0.545,-0.001,-0.1832,125.0,6.788
501031.SH,20191120,0.534,0.541,0.551,0.541,0.551,0.017,3.1835,50.0,2.706
513050.SH,20191120,1.292,1.29,1.29,1.283,1.283,-0.009,-0.6966,159108.0,20469.093
511650.SH,20191120,99.996,99.999,100.001,99.999,100.0,0.004,0.004,320.02,3200.199
501032.SH,20191120,0.76,0.761,0.761,0.761,0.761,0.001,0.1316,1032.0,78.535
512900.SH,20191120,0.89,0.89,0.891,0.875,0.876,-0.014,-1.573,307669.0,27116.033
501019.SH,20191120,0.78,0.778,0.778,0.772,0.773,-0.007,-0.8974,645.04,50.039
501301.SH,20191120,1.171,1.169,1.178,1.164,1.164,-0.007,-0.5978,340.0,39.651
166402.SZ,20191120,1.147,1.16,1.16,1.1,1.1,-0.047,-4.0976,910.0,104.659
512550.SH,20191120,1.266,1.264,1.264,1.25,1.253,-0.013,-1.0269,4871.0,612.221
501302.SH,20191120,1.092,1.062,1.066,1.061,1.066,-0.026,-2.381,228.0,24.216
161130.SZ,20191120,1.401,1.41,1.417,1.402,1.417,0.016,1.142,202.0,28.465
159953.SZ,20191120,0.727,0.71,0.721,0.709,0.709,-0.018,-2.4759,233.0,16.601
159951.SZ,20191120,0.786,0.794,0.799,0.783,0.787,0.001,0.1272,343.0,27.034
512200.SH,20191120,0.834,0.834,0.837,0.829,0.83,-0.004,-0.4796,15432.0,1287.585
512800.SH,20191120,1.122,1.122,1.122,1.1,1.104,-0.018,-1.6043,1154915.0,127967.255
512400.SH,20191120,0.616,0.616,0.623,0.614,0.62,0.004,0.6494,144505.11,8946.49
161715.SZ,20191120,0.825,0.824,0.824,0.824,0.824,-0.001,-0.1212,7.0,0.576
501037.SH,20191120,0.8,0.801,0.803,0.794,0.803,0.003,0.375,1001.09,79.597
501038.SH,20191120,1.247,1.245,1.249,1.243,1.246,-0.001,-0.0802,12606.37,1570.532
510380.SH,20191120,1.018,1.016,1.016,1.008,1.008,-0.01,-0.9823,120.0,12.114
159957.SZ,20191120,1.025,1.023,1.034,1.017,1.018,-0.007,-0.6829,5154.05,530.083
501106.SH,20191120,1.143,1.148,1.148,1.148,1.148,0.005,0.4374,1.0,0.115
501051.SH,20191120,1.111,1.177,1.177,1.104,1.109,-0.002,-0.18,50.45,5.796
163417.SZ,20191120,1.079,1.077,1.079,1.072,1.073,-0.006,-0.5561,437408.42,47063.452
501054.SH,20191120,1.037,1.037,1.039,1.027,1.03,-0.007,-0.675,110470.72,11415.941
510590.SH,20191120,5.106,5.105,5.118,5.071,5.077,-0.029,-0.568,24216.36,12336.43
169106.SZ,20191120,1.03,1.029,1.03,1.028,1.029,-0.001,-0.0971,7598.16,782.362
512520.SH,20191120,1.106,1.1,1.106,1.094,1.097,-0.009,-0.8137,34486.1,3797.054
512280.SH,20191120,1.072,1.07,1.07,1.06,1.063,-0.009,-0.8396,465343.0,49581.176
501058.SH,20191120,0.882,0.88,0.881,0.866,0.866,-0.016,-1.8141,201.0,17.658
512090.SH,20191120,1.109,1.112,1.112,1.096,1.096,-0.013,-1.1722,270798.0,29840.788
501188.SH,20191120,1.073,1.072,1.074,1.069,1.071,-0.002,-0.1864,195817.92,20998.796
160142.SZ,20191120,1.07,1.07,1.071,1.069,1.071,0.001,0.0935,155942.49,16689.64
512860.SH,20191120,1.257,1.252,1.256,1.252,1.252,-0.005,-0.3978,154.0,19.302
161132.SZ,20191120,1.214,1.201,1.214,1.201,1.211,-0.003,-0.2471,1398.89,168.832
512920.SH,20191120,1.235,1.234,1.239,1.233,1.233,-0.002,-0.1619,18049.0,2230.041
162006.SZ,20191120,1.208,1.22,1.22,1.206,1.206,-0.002,-0.1656,696.02,84.243
160910.SZ,20191120,1.13,1.121,1.121,1.121,1.121,-0.009,-0.7965,3.0,0.336
160311.SZ,20191120,1.593,1.587,1.593,1.585,1.585,-0.008,-0.5022,100.0,15.891
161610.SZ,20191120,1.218,1.22,1.224,1.212,1.213,-0.005,-0.4105,6603.51,802.943
159961.SZ,20191120,1.436,1.438,1.438,1.426,1.426,-0.01,-0.6964,3746.02,535.409
512260.SH,20191120,1.137,1.139,1.141,1.131,1.132,-0.005,-0.4398,149094.0,16969.089
501067.SH,20191120,1.26,1.241,1.241,1.241,1.241,-0.019,-1.5079,3.0,0.372
512870.SH,20191120,1.221,1.221,1.23,1.216,1.216,-0.005,-0.4095,32483.0,3977.162
510850.SH,20191120,3.038,3.03,3.033,2.997,3.007,-0.031,-1.0204,530481.34,159970.583
510550.SH,20191120,1.178,1.18,1.182,1.171,1.172,-0.006,-0.5093,1032.0,121.046
501069.SH,20191120,1.028,1.028,1.031,1.027,1.027,-0.001,-0.0973,205.0,21.054
513680.SH,20191120,0.972,0.958,0.978,0.958,0.967,-0.005,-0.5144,19.0,1.828
512150.SH,20191120,1.299,1.3,1.3,1.288,1.288,-0.011,-0.8468,798.0,103.035
512890.SH,20191120,1.149,1.146,1.148,1.14,1.143,-0.006,-0.5222,14474.0,1657.24
159962.SZ,20191120,1.028,1.033,1.036,1.033,1.036,0.008,0.7782,82.0,8.477
501064.SH,20191120,1.292,1.284,1.29,1.284,1.29,-0.002,-0.1548,13.0,1.672
159963.SZ,20191120,0.99,0.989,0.989,0.982,0.984,-0.006,-0.6061,8919.06,877.296
511020.SH,20191120,102.05,102.1,102.4,102.1,102.1,0.05,0.049,12.1,123.571
512270.SH,20191120,0.989,0.991,0.991,0.981,0.982,-0.007,-0.7078,3112.0,306.129
511030.SH,20191120,101.497,101.5,101.699,101.5,101.501,0.004,0.0039,26.1,265.386
159965.SZ,20191120,1.111,1.109,1.109,1.097,1.097,-0.014,-1.2601,19866.0,2192.535
501063.SH,20191120,1.02,1.015,1.019,1.015,1.015,-0.005,-0.4902,12337.97,1253.746
501070.SH,20191120,1.293,1.279,1.299,1.279,1.291,-0.002,-0.1547,1177.0,152.434
512380.SH,20191120,1.005,1.005,1.005,0.996,0.997,-0.008,-0.796,606109.1,60671.627
512590.SH,20191120,1.0,1.0,1.003,0.994,0.994,-0.006,-0.6,386.0,38.618
510890.SH,20191120,1.0,1.011,1.011,0.995,0.995,-0.005,-0.5,24298.0,2424.554
510350.SH,20191120,3.937,3.929,3.931,3.888,3.896,-0.041,-1.0414,239700.09,93820.793
160925.SZ,20191120,0.99,0.997,0.997,0.997,0.997,0.007,0.7071,1.0,0.099
159964.SZ,20191120,1.025,1.025,1.033,1.014,1.014,-0.011,-1.0732,28582.09,2945.98
161912.SZ,20191120,1.067,1.067,1.075,1.056,1.062,-0.005,-0.4686,10920.06,1160.937
501071.SH,20191120,1.142,1.139,1.143,1.136,1.139,-0.003,-0.2627,9120.88,1038.343
512690.SH,20191120,1.184,1.181,1.197,1.177,1.187,0.003,0.2534,101523.0,12083.898
512290.SH,20191120,1.239,1.24,1.25,1.232,1.236,-0.003,-0.2421,266324.0,33049.91
166025.SZ,20191120,1.148,1.169,1.169,1.145,1.148,0.0,0.0,18079.17,2076.336
512750.SH,20191120,1.026,1.026,1.026,1.013,1.016,-0.01,-0.9747,236615.0,24079.254
512910.SH,20191120,1.073,1.069,1.073,1.061,1.063,-0.01,-0.932,132856.0,14190.44
512760.SH,20191120,1.382,1.379,1.386,1.356,1.364,-0.018,-1.3025,1305189.0,179318.668
512170.SH,20191120,1.365,1.36,1.382,1.36,1.37,0.005,0.3663,295207.0,40469.041
512480.SH,20191120,1.283,1.281,1.29,1.265,1.266,-0.017,-1.325,210788.0,26921.463
159966.SZ,20191120,1.214,1.214,1.221,1.202,1.206,-0.008,-0.659,904462.11,109804.155
512070.SH,20191120,2.223,2.223,2.226,2.194,2.195,-0.028,-1.2596,25357.0,5597.184
161908.SZ,20191120,1.016,1.023,1.023,1.023,1.023,0.007,0.689,18.95,1.938
512220.SH,20191120,1.33,1.33,1.341,1.316,1.331,0.001,0.0752,2252.0,300.626
150186.SZ,20191120,0.993,0.993,0.995,0.993,0.993,0.0,0.0,1002.52,99.55
150188.SZ,20191120,1.037,1.036,1.037,1.036,1.037,0.0,0.0,15.27,1.583
513030.SH,20191120,1.108,1.105,1.106,1.102,1.105,-0.003,-0.2708,26293.0,2903.1
159937.SZ,20191120,3.292,3.296,3.304,3.296,3.301,0.009,0.2734,2662142.0,878302.08
150193.SZ,20191120,1.039,1.02,1.064,1.02,1.063,0.024,2.3099,4.0,0.416
150173.SZ,20191120,1.023,1.023,1.023,1.023,1.023,0.0,0.0,817.0,83.579
159939.SZ,20191120,1.099,1.098,1.105,1.084,1.085,-0.014,-1.2739,597149.0,65503.532
150214.SZ,20191120,1.398,1.407,1.407,1.407,1.407,0.009,0.6438,1048.0,147.453
150215.SZ,20191120,1.081,1.032,1.053,1.032,1.049,-0.032,-2.9602,11.0,1.15
150223.SZ,20191120,1.045,1.046,1.046,1.045,1.046,0.001,0.0957,69651.78,7281.487
150224.SZ,20191120,0.805,0.802,0.802,0.782,0.783,-0.022,-2.7329,362069.46,28745.82
150221.SZ,20191120,1.065,1.065,1.066,1.065,1.065,0.0,0.0,44004.22,4686.649
150222.SZ,20191120,0.905,0.906,0.907,0.896,0.898,-0.007,-0.7735,4862.41,438.205
512310.SH,20191120,0.464,0.464,0.464,0.458,0.458,-0.006,-1.2931,5742.0,264.567
512340.SH,20191120,0.691,0.693,0.698,0.693,0.693,0.002,0.2894,1175.0,81.605
502000.SH,20191120,0.93,0.929,0.929,0.929,0.929,-0.001,-0.1075,0.97,0.09
150228.SZ,20191120,0.975,0.971,0.971,0.946,0.951,-0.024,-2.4615,269968.85,25821.005
159943.SZ,20191120,10.7,10.66,10.671,10.6,10.6,-0.1,-0.9346,251.25,267.812
150277.SZ,20191120,0.989,0.992,0.992,0.992,0.992,0.003,0.3033,1.0,0.099
159941.SZ,20191120,1.871,1.872,1.872,1.862,1.866,-0.005,-0.2672,1579.0,294.718
150271.SZ,20191120,1.08,1.04,1.06,1.04,1.06,-0.02,-1.8519,240.0,25.24
150272.SZ,20191120,1.529,1.565,1.565,1.52,1.521,-0.008,-0.5232,355.0,54.192
160806.SZ,20191120,1.395,1.371,1.379,1.37,1.372,-0.023,-1.6487,3942.0,541.053
150282.SZ,20191120,0.774,0.748,0.778,0.718,0.718,-0.056,-7.2351,41.0,3.06
150294.SZ,20191120,0.383,0.362,0.407,0.362,0.379,-0.004,-1.0444,256.0,9.405
150243.SZ,20191120,1.035,1.034,1.034,1.033,1.034,-0.001,-0.0966,2337.0,241.607
150296.SZ,20191120,0.92,0.91,0.91,0.91,0.91,-0.01,-1.087,100.0,9.1
150288.SZ,20191120,0.631,0.631,0.638,0.626,0.628,-0.003,-0.4754,34975.99,2211.639
150289.SZ,20191120,1.044,1.044,1.045,1.044,1.045,0.001,0.0958,11203.35,1170.629
150301.SZ,20191120,1.043,1.042,1.042,1.042,1.042,-0.001,-0.0959,653.0,68.042
150302.SZ,20191120,0.809,0.789,0.794,0.776,0.794,-0.015,-1.8541,1476.78,115.247
150299.SZ,20191120,1.048,1.047,1.048,1.047,1.048,0.0,0.0,20493.0,2147.617
150298.SZ,20191120,1.368,1.388,1.388,1.255,1.255,-0.113,-8.2602,17.1,2.159
150325.SZ,20191120,1.039,1.04,1.04,1.04,1.04,0.001,0.0962,3000.0,312.0
150323.SZ,20191120,1.034,1.039,1.039,1.039,1.039,0.005,0.4836,3397.17,352.965
502012.SH,20191120,1.05,1.045,1.049,1.035,1.035,-0.015,-1.4286,10695.0,1114.578
502011.SH,20191120,0.999,0.998,0.999,0.998,0.998,-0.001,-0.1001,2053.0,204.89
502056.SH,20191120,1.314,1.324,1.338,1.32,1.327,0.013,0.9893,1018.77,135.135
502058.SH,20191120,1.571,1.6,1.6,1.6,1.6,0.029,1.846,87.31,13.97
150344.SZ,20191120,0.939,0.954,1.033,0.954,1.033,0.094,10.0106,308.5,29.509
511980.SH,20191120,99.991,99.988,99.999,99.988,99.992,0.001,0.001,848.1,8480.363
164206.SZ,20191120,1.146,1.148,1.148,1.148,1.148,0.002,0.1745,2.0,0.229
169103.SZ,20191120,1.295,1.295,1.298,1.29,1.29,-0.005,-0.3861,461.0,59.535
163005.SZ,20191120,0.899,0.897,0.897,0.897,0.897,-0.002,-0.2225,22.0,1.973
501015.SH,20191120,0.85,0.846,0.847,0.844,0.844,-0.006,-0.7059,990.86,83.643
161727.SZ,20191120,1.153,1.147,1.147,1.147,1.147,-0.006,-0.5204,10.0,1.147
159949.SZ,20191120,0.622,0.621,0.628,0.616,0.618,-0.004,-0.6431,3926152.75,244453.73
511850.SH,20191120,99.992,99.991,99.995,99.99,99.994,0.002,0.002,7634.14,76335.861
512660.SH,20191120,0.731,0.729,0.731,0.723,0.724,-0.007,-0.9576,544821.16,39591.054
512880.SH,20191120,0.914,0.912,0.913,0.898,0.9,-0.014,-1.5317,4979054.92,451244.374
167001.SZ,20191120,0.787,0.787,0.795,0.787,0.79,0.003,0.3812,749.01,59.315
161834.SZ,20191120,0.808,0.807,0.807,0.807,0.807,-0.001,-0.1238,116.0,9.361
163003.SZ,20191120,0.705,0.648,0.648,0.648,0.648,-0.057,-8.0851,36.0,2.332
168103.SZ,20191120,0.886,0.886,0.888,0.883,0.884,-0.002,-0.2257,140029.85,12390.838
160635.SZ,20191120,1.092,1.091,1.1,1.089,1.091,-0.001,-0.0916,1344.92,147.199
169105.SZ,20191120,1.467,1.467,1.467,1.45,1.45,-0.017,-1.1588,35788.0,5214.574
512000.SH,20191120,0.87,0.868,0.869,0.856,0.857,-0.013,-1.4943,2302957.72,198507.355
511660.SH,20191120,99.995,99.99,99.995,99.99,99.994,-0.001,-0.001,67601.09,675962.698
168105.SZ,20191120,0.937,0.934,0.94,0.934,0.939,0.002,0.2134,11216.64,1051.658
163119.SZ,20191120,0.85,0.861,0.861,0.855,0.855,0.005,0.5882,13.0,1.118
160642.SZ,20191120,1.033,1.049,1.049,1.049,1.049,0.016,1.5489,10.0,1.049
161124.SZ,20191120,1.124,1.092,1.093,1.092,1.093,-0.031,-2.758,49.43,5.397
501028.SH,20191120,0.968,0.966,0.966,0.96,0.96,-0.008,-0.8264,1107.2,106.532
501300.SH,20191120,1.069,1.068,1.069,1.068,1.069,0.0,0.0,479.0,51.197
161125.SZ,20191120,1.407,1.407,1.411,1.384,1.404,-0.003,-0.2132,2941.0,411.034
161127.SZ,20191120,1.271,1.285,1.296,1.285,1.293,0.022,1.7309,1047.47,135.282
161129.SZ,20191120,1.094,1.081,1.081,1.07,1.076,-0.018,-1.6453,2777.0,298.786
501009.SH,20191120,1.391,1.391,1.409,1.391,1.391,0.0,0.0,376.95,52.738
501010.SH,20191120,1.396,1.439,1.439,1.392,1.392,-0.004,-0.2865,130.07,18.233
161626.SZ,20191120,1.106,1.124,1.124,1.124,1.124,0.018,1.6275,28.0,3.147
162718.SZ,20191120,0.967,0.975,0.976,0.975,0.976,0.009,0.9307,590.05,57.539
512580.SH,20191120,0.721,0.721,0.724,0.715,0.716,-0.005,-0.6935,117905.93,8471.906
161631.SZ,20191120,1.11,1.11,1.117,1.1,1.1,-0.01,-0.9009,34789.61,3866.325
162719.SZ,20191120,0.892,0.883,0.883,0.88,0.881,-0.011,-1.2332,331.0,29.202
161036.SZ,20191120,0.634,0.644,0.648,0.644,0.647,0.013,2.0505,693.0,44.849
167003.SZ,20191120,1.119,1.118,1.118,1.08,1.08,-0.039,-3.4853,12.0,1.301
160723.SZ,20191120,1.143,1.14,1.14,1.125,1.129,-0.014,-1.2248,1977.0,223.357
159952.SZ,20191120,1.004,1.003,1.012,0.995,0.998,-0.006,-0.5976,304888.04,30641.676
501016.SH,20191120,0.98,0.975,0.98,0.966,0.968,-0.012,-1.2245,6613.0,642.974
161037.SZ,20191120,1.178,1.18,1.18,1.18,1.18,0.002,0.1698,10.0,1.18
160324.SZ,20191120,1.067,1.067,1.067,1.065,1.065,-0.002,-0.1874,111.0,11.823
159955.SZ,20191120,0.929,0.93,0.938,0.926,0.926,-0.003,-0.3229,12209.0,1136.654
163111.SZ,20191120,0.99,0.99,0.997,0.981,0.981,-0.009,-0.9091,557.0,55.189
512700.SH,20191120,1.222,1.219,1.219,1.198,1.2,-0.022,-1.8003,25330.0,3059.966
512560.SH,20191120,0.787,0.788,0.792,0.78,0.785,-0.002,-0.2541,2566.0,201.868
512570.SH,20191120,0.868,0.863,0.87,0.858,0.858,-0.01,-1.1521,1449.0,124.926
501036.SH,20191120,0.805,0.806,0.808,0.803,0.803,-0.002,-0.2484,63.0,5.081
501043.SH,20191120,1.082,1.082,1.082,1.076,1.077,-0.005,-0.4621,1537.0,165.763
501048.SH,20191120,0.978,0.916,0.967,0.916,0.936,-0.042,-4.2945,1365.24,128.718
501049.SH,20191120,1.088,1.09,1.094,1.083,1.086,-0.002,-0.1838,25653.65,2794.804
501305.SH,20191120,0.927,0.926,0.927,0.926,0.927,0.0,0.0,1254.07,116.247
150165.SZ,20191120,1.177,1.095,1.138,1.095,1.138,-0.039,-3.3135,52.74,5.957
160918.SZ,20191120,2.074,2.08,2.101,2.072,2.074,0.0,0.0,2016.56,422.823
161505.SZ,20191120,1.205,1.183,1.229,1.183,1.225,0.02,1.6598,22.0,2.606
150184.SZ,20191120,1.024,1.009,1.019,1.009,1.019,-0.005,-0.4883,205.0,20.688
150185.SZ,20191120,1.015,1.015,1.027,1.005,1.005,-0.01,-0.9852,120.29,12.198
159936.SZ,20191120,1.345,1.345,1.345,1.334,1.334,-0.011,-0.8178,310.0,41.565
512600.SH,20191120,3.023,3.009,3.036,3.0,3.007,-0.016,-0.5293,1036.0,313.591
512610.SH,20191120,1.541,1.541,1.566,1.541,1.564,0.023,1.4925,457.0,71.423
512640.SH,20191120,2.105,1.982,2.1,1.98,2.082,-0.023,-1.0926,134.0,27.733
161015.SZ,20191120,1.038,1.048,1.048,1.048,1.048,0.01,0.9634,1.0,0.104
150195.SZ,20191120,1.045,1.045,1.063,1.024,1.034,-0.011,-1.0526,158396.34,16594.163
150198.SZ,20191120,1.029,1.03,1.03,1.028,1.029,0.0,0.0,12858.08,1323.266
150199.SZ,20191120,1.203,1.204,1.213,1.202,1.204,0.001,0.0831,10116.37,1220.764
512300.SH,20191120,1.145,1.146,1.155,1.144,1.146,0.001,0.0873,3060.0,351.025
511220.SH,20191120,96.15,96.01,96.178,95.795,95.884,-0.266,-0.2767,224.0,2149.769
150200.SZ,20191120,1.022,1.022,1.024,1.022,1.024,0.002,0.1957,204612.09,20923.507
150201.SZ,20191120,1.163,1.161,1.161,1.127,1.129,-0.034,-2.9235,1626348.46,185993.515
150205.SZ,20191120,1.026,1.026,1.027,1.026,1.026,0.0,0.0,29076.71,2983.29
150206.SZ,20191120,0.5,0.497,0.501,0.482,0.482,-0.018,-3.6,513976.72,25256.881
150174.SZ,20191120,1.296,1.296,1.3,1.272,1.285,-0.011,-0.8488,1218.32,156.177
511810.SH,20191120,99.992,99.99,99.994,99.99,99.993,0.001,0.001,96081.38,960740.295
511860.SH,20191120,99.996,99.99,99.996,99.99,99.996,0.0,0.0,98.01,980.042
164208.SZ,20191120,1.09,1.063,1.099,1.063,1.099,0.009,0.8257,13.0,1.386
150204.SZ,20191120,0.892,0.909,0.912,0.88,0.911,0.019,2.13,2568.8,226.937
511800.SH,20191120,99.99,99.99,100.001,99.989,99.995,0.005,0.005,1881.68,18815.825
150209.SZ,20191120,1.023,1.024,1.024,1.023,1.024,0.001,0.0978,7175.0,734.679
150210.SZ,20191120,0.71,0.703,0.709,0.699,0.703,-0.007,-0.9859,10651.81,749.867
160618.SZ,20191120,1.324,1.324,1.325,1.323,1.324,0.0,0.0,2805.25,371.413
513660.SH,20191120,2.598,2.593,2.593,2.578,2.586,-0.012,-0.4619,13047.0,3375.418
513600.SH,20191120,2.607,2.607,2.621,2.587,2.603,-0.004,-0.1534,9423.0,2450.261
159005.SZ,20191120,99.999,99.999,100.0,99.999,99.999,0.0,0.0,184.55,1845.492
169102.SZ,20191120,1.181,1.178,1.187,1.177,1.177,-0.004,-0.3387,943.0,111.2
160919.SZ,20191120,1.403,1.415,1.42,1.404,1.416,0.013,0.9266,1555.01,219.931
512990.SH,20191120,1.203,1.202,1.202,1.189,1.191,-0.012,-0.9975,218699.0,26128.647
159940.SZ,20191120,1.029,1.03,1.03,1.016,1.017,-0.012,-1.1662,31605.0,3232.276
161716.SZ,20191120,1.275,1.275,1.276,1.274,1.275,0.0,0.0,3807.0,485.479
150211.SZ,20191120,1.035,1.034,1.038,1.034,1.035,0.0,0.0,15396.35,1594.632
150212.SZ,20191120,1.002,1.01,1.025,0.996,1.006,0.004,0.3992,11639.18,1174.586
161224.SZ,20191120,1.017,1.017,1.02,1.017,1.02,0.003,0.295,64.0,6.51
150196.SZ,20191120,1.041,1.041,1.042,1.04,1.041,0.0,0.0,77519.36,8072.86
166011.SZ,20191120,1.425,1.44,1.44,1.44,1.44,0.015,1.0526,1863.11,268.287
512500.SH,20191120,2.497,2.5,2.506,2.482,2.483,-0.014,-0.5607,757060.26,188875.05
512510.SH,20191120,1.099,1.099,1.1,1.09,1.091,-0.008,-0.7279,73716.72,8088.389
150229.SZ,20191120,1.008,1.012,1.012,1.009,1.01,0.002,0.1984,1339.0,135.457
150230.SZ,20191120,1.409,1.412,1.42,1.402,1.409,0.0,0.0,1389.0,196.116
161225.SZ,20191120,1.355,1.355,1.355,1.351,1.351,-0.004,-0.2952,256.0,34.685
150231.SZ,20191120,1.002,1.003,1.003,1.003,1.003,0.001,0.0998,401.0,40.22
150232.SZ,20191120,1.131,1.131,1.131,1.078,1.11,-0.021,-1.8568,2259.0,250.604
150225.SZ,20191120,1.033,1.033,1.033,1.033,1.033,0.0,0.0,0.99,0.102
150226.SZ,20191120,1.346,1.335,1.335,1.215,1.239,-0.107,-7.9495,72.0,8.957
150235.SZ,20191120,0.982,0.982,0.982,0.982,0.982,0.0,0.0,2000.0,196.4
150236.SZ,20191120,0.898,0.882,0.882,0.874,0.875,-0.023,-2.5612,1928.01,169.541
164906.SZ,20191120,1.294,1.282,1.299,1.281,1.282,-0.012,-0.9274,1800.87,231.577
150247.SZ,20191120,1.04,1.044,1.045,1.044,1.044,0.004,0.3846,633.0,66.124
150248.SZ,20191120,0.857,0.857,0.876,0.845,0.854,-0.003,-0.3501,1263.12,109.25
150250.SZ,20191120,1.205,1.302,1.302,1.107,1.23,0.025,2.0747,372.0,44.429
510710.SH,20191120,3.366,3.363,3.363,3.324,3.329,-0.037,-1.0992,90566.0,30262.702
162108.SZ,20191120,1.073,1.07,1.088,1.07,1.088,0.015,1.3979,34.0,3.693
150252.SZ,20191120,0.657,0.62,0.691,0.62,0.656,-0.001,-0.1522,2127.46,142.431
150265.SZ,20191120,1.054,1.041,1.041,1.041,1.041,-0.013,-1.2334,4.0,0.416
150266.SZ,20191120,0.859,0.856,0.859,0.855,0.858,-0.001,-0.1164,42.81,3.664
150273.SZ,20191120,1.232,1.109,1.109,1.109,1.109,-0.123,-9.9838,1.0,0.11
150274.SZ,20191120,1.072,1.058,1.093,1.058,1.059,-0.013,-1.2127,254.0,26.896
150261.SZ,20191120,1.056,1.04,1.04,1.04,1.04,-0.016,-1.5152,1.0,0.104
150262.SZ,20191120,1.365,1.356,1.385,1.356,1.37,0.005,0.3663,7661.89,1054.453
502013.SH,20191120,1.088,1.082,1.088,1.077,1.08,-0.008,-0.7353,1926.02,208.54
502014.SH,20191120,1.032,1.033,1.034,1.033,1.033,0.001,0.0969,3850.84,397.797
502015.SH,20191120,1.155,1.103,1.138,1.103,1.138,-0.017,-1.4719,295.0,33.365
150275.SZ,20191120,1.021,1.021,1.022,1.021,1.022,0.001,0.0979,202.0,20.634
150276.SZ,20191120,1.063,1.047,1.05,1.047,1.05,-0.013,-1.223,248.56,26.028
150269.SZ,20191120,0.998,0.996,0.998,0.996,0.998,0.0,0.0,866.81,86.488
150270.SZ,20191120,1.041,1.04,1.055,1.032,1.04,-0.001,-0.0961,72980.81,7631.13
150258.SZ,20191120,1.468,1.486,1.59,1.486,1.59,0.122,8.3106,30.37,4.523
150255.SZ,20191120,1.003,0.998,0.998,0.998,0.998,-0.005,-0.4985,650.03,64.872
150316.SZ,20191120,1.632,1.624,1.639,1.573,1.637,0.005,0.3064,175.37,28.491
150291.SZ,20191120,1.045,1.045,1.047,1.045,1.047,0.002,0.1914,297.0,31.055
150292.SZ,20191120,0.823,0.804,0.826,0.803,0.815,-0.008,-0.9721,458.45,37.137
150238.SZ,20191120,0.535,0.482,0.55,0.482,0.55,0.015,2.8037,2.0,0.103
150246.SZ,20191120,0.951,1.029,1.029,1.001,1.019,0.068,7.1504,239.0,23.995
150283.SZ,20191120,0.999,0.999,0.999,0.999,0.999,0.0,0.0,358.0,35.764
150284.SZ,20191120,0.95,0.936,0.936,0.936,0.936,-0.014,-1.4737,100.0,9.36
150307.SZ,20191120,1.021,1.022,1.022,1.022,1.022,0.001,0.0979,11.77,1.202
150308.SZ,20191120,1.671,1.6,1.6,1.6,1.6,-0.071,-4.249,1.89,0.302
502006.SH,20191120,1.011,1.013,1.013,1.004,1.007,-0.004,-0.3956,48.32,4.865
502007.SH,20191120,1.015,1.015,1.023,1.015,1.017,0.002,0.197,2067.0,210.418
502008.SH,20191120,1.007,0.989,1.009,0.989,0.99,-0.017,-1.6882,3367.15,333.472
501000.SH,20191120,1.017,1.059,1.119,1.004,1.119,0.102,10.0295,106.0,10.713
150321.SZ,20191120,1.068,1.068,1.069,1.068,1.069,0.001,0.0936,4402.71,470.259
150322.SZ,20191120,0.76,0.76,0.774,0.76,0.774,0.014,1.8421,42.71,3.301
150312.SZ,20191120,1.688,1.76,1.76,1.521,1.521,-0.167,-9.8934,154.0,23.967
501001.SH,20191120,1.084,1.085,1.094,1.078,1.078,-0.006,-0.5535,2052.09,224.278
512330.SH,20191120,0.904,0.907,0.914,0.896,0.898,-0.006,-0.6637,235845.0,21386.596
159945.SZ,20191120,0.604,0.601,0.604,0.601,0.604,0.0,0.0,337.0,20.328
159944.SZ,20191120,0.7,0.69,0.7,0.683,0.7,0.0,0.0,114.0,7.816
502003.SH,20191120,1.169,1.157,1.169,1.157,1.169,0.0,0.0,417.06,48.715
502005.SH,20191120,1.343,1.324,1.344,1.324,1.344,0.001,0.0745,21.0,2.782
168101.SZ,20191120,1.094,1.091,1.091,1.086,1.086,-0.008,-0.7313,9845.08,1071.347
150303.SZ,20191120,1.051,1.052,1.054,1.049,1.052,0.001,0.0951,7921.0,832.898
150304.SZ,20191120,1.201,1.199,1.22,1.185,1.187,-0.014,-1.1657,12758.9,1532.232
502023.SH,20191120,0.722,0.72,0.726,0.706,0.726,0.004,0.554,117.0,8.423
502025.SH,20191120,0.5,0.549,0.549,0.549,0.549,0.049,9.8,1.0,0.055
150329.SZ,20191120,1.021,1.021,1.022,1.021,1.022,0.001,0.0979,3679.0,375.688
150330.SZ,20191120,1.751,1.749,1.749,1.719,1.72,-0.031,-1.7704,8603.0,1485.437
510360.SH,20191120,1.295,1.293,1.295,1.28,1.283,-0.012,-0.9266,33814.0,4355.596
502054.SH,20191120,1.035,1.033,1.035,1.033,1.035,0.0,0.0,110.0,11.373
502055.SH,20191120,0.874,0.85,0.885,0.85,0.885,0.011,1.2586,41.0,3.491
161226.SZ,20191120,0.851,0.849,0.853,0.848,0.852,0.001,0.1175,144339.37,12278.278
167501.SZ,20191120,1.129,1.129,1.13,1.129,1.13,0.001,0.0886,1764.14,199.224
510580.SH,20191120,5.075,5.075,5.086,5.037,5.037,-0.038,-0.7488,64495.0,32677.828
161227.SZ,20191120,1.051,1.048,1.049,1.039,1.042,-0.009,-0.8563,3825.05,398.166
501005.SH,20191120,1.11,1.108,1.11,1.098,1.108,-0.002,-0.1802,1717.8,189.705
162415.SZ,20191120,1.627,1.619,1.62,1.612,1.617,-0.01,-0.6146,639.0,103.209
159948.SZ,20191120,1.809,1.809,1.826,1.798,1.799,-0.01,-0.5528,9387.4,1703.438
161232.SZ,20191120,0.732,0.726,0.732,0.726,0.729,-0.003,-0.4098,4155.81,303.192
165807.SZ,20191120,0.854,0.872,0.874,0.872,0.873,0.019,2.2248,12.0,1.047
160225.SZ,20191120,0.776,0.774,0.78,0.771,0.774,-0.002,-0.2577,1524.35,118.28
512100.SH,20191120,0.675,0.675,0.676,0.669,0.669,-0.006,-0.8889,245194.0,16525.579
501022.SH,20191120,1.046,1.038,1.038,1.027,1.027,-0.019,-1.8164,15.0,1.556
511600.SH,20191120,99.996,99.995,99.999,99.988,99.997,0.001,0.001,327.03,3270.17
511690.SH,20191120,99.996,99.994,99.996,99.99,99.996,0.0,0.0,6041.32,60409.389
160223.SZ,20191120,0.82,0.819,0.825,0.819,0.819,-0.001,-0.122,2178.56,179.322
164814.SZ,20191120,1.08,1.082,1.09,1.082,1.09,0.01,0.9259,101.0,10.929
164703.SZ,20191120,0.886,0.886,0.886,0.886,0.886,0.0,0.0,0.72,0.063
511260.SH,20191120,107.541,107.55,107.639,107.55,107.606,0.065,0.0604,1168.0,12566.052
511620.SH,20191120,99.985,99.983,99.997,99.983,99.997,0.012,0.012,6.02,60.197
166023.SZ,20191120,1.31,1.31,1.31,1.278,1.288,-0.022,-1.6794,921.0,119.058
511670.SH,20191120,99.992,99.989,99.994,99.989,99.993,0.001,0.001,238.01,2379.929
501303.SH,20191120,0.872,0.885,0.885,0.885,0.885,0.013,1.4908,55.0,4.868
501040.SH,20191120,1.132,1.129,1.129,1.129,1.129,-0.003,-0.265,61.26,6.916
501045.SH,20191120,1.08,1.08,1.084,1.01,1.081,0.001,0.0926,1239.05,130.147
160140.SZ,20191120,1.198,1.194,1.194,1.184,1.192,-0.006,-0.5008,135.0,16.02
501046.SH,20191120,1.365,1.367,1.367,1.35,1.353,-0.012,-0.8791,12448.83,1691.28
160644.SZ,20191120,0.915,0.914,0.914,0.914,0.914,-0.001,-0.1093,1.0,0.091
166024.SZ,20191120,0.907,0.908,0.908,0.903,0.904,-0.003,-0.3308,23172.0,2097.044
159958.SZ,20191120,1.005,1.005,1.015,1.0,1.002,-0.003,-0.2985,11659.06,1178.049
510800.SH,20191120,1.109,1.109,1.109,1.095,1.096,-0.013,-1.1722,139068.0,15275.269
512980.SH,20191120,0.774,0.778,0.787,0.768,0.768,-0.006,-0.7752,458709.0,35699.559
159954.SZ,20191120,1.008,1.0,1.021,1.0,1.013,0.005,0.496,47919.4,4835.388
510390.SH,20191120,4.094,4.085,4.087,4.04,4.05,-0.044,-1.0747,32543.72,13228.707
501053.SH,20191120,1.035,1.035,1.043,1.035,1.036,0.001,0.0966,478.42,49.678
161014.SZ,20191120,1.209,1.209,1.209,1.208,1.208,-0.001,-0.0827,12374.0,1495.129
162416.SZ,20191120,0.996,0.991,0.991,0.991,0.991,-0.005,-0.502,450.12,44.606
161039.SZ,20191120,1.083,1.12,1.12,1.12,1.12,0.037,3.4164,45.0,5.04
512770.SH,20191120,1.15,1.153,1.162,1.146,1.148,-0.002,-0.1739,4066.0,468.793
164824.SZ,20191120,0.968,0.968,0.982,0.968,0.979,0.011,1.1364,378.0,36.964
512390.SH,20191120,1.079,1.072,1.072,1.072,1.072,-0.007,-0.6487,10.0,1.072
161131.SZ,20191120,1.058,1.058,1.06,1.057,1.059,0.001,0.0945,329803.15,34913.429
161728.SZ,20191120,1.058,1.058,1.062,1.058,1.061,0.003,0.2836,156902.12,16630.923
501186.SH,20191120,1.06,1.058,1.06,1.057,1.059,-0.001,-0.0943,267107.86,28269.485
501309.SH,20191120,0.992,1.005,1.008,1.005,1.007,0.015,1.5121,40.0,4.028
501310.SH,20191120,0.963,0.96,0.966,0.96,0.96,-0.003,-0.3115,2403.0,231.009
159967.SZ,20191120,1.218,1.218,1.226,1.208,1.212,-0.006,-0.4926,130655.19,15915.735
512790.SH,20191120,1.001,1.004,1.006,1.001,1.001,0.0,0.0,1187.21,119.085
159969.SZ,20191120,1.097,1.096,1.097,1.086,1.086,-0.011,-1.0027,90772.19,9918.998
512930.SH,20191120,1.144,1.144,1.155,1.136,1.138,-0.006,-0.5245,21747.0,2495.89
159971.SZ,20191120,1.19,1.191,1.202,1.185,1.185,-0.005,-0.4202,1687.0,201.849
161029.SZ,20191120,1.121,1.116,1.117,1.11,1.11,-0.011,-0.9813,392.63,43.602
512650.SH,20191120,0.979,0.979,0.981,0.972,0.972,-0.007,-0.715,321961.0,31483.756
159968.SZ,20191120,4.972,4.963,4.991,4.944,4.951,-0.021,-0.4224,151456.94,75242.074
512710.SH,20191120,0.991,0.991,0.993,0.981,0.984,-0.007,-0.7064,1124531.0,111214.515
513880.SH,20191120,1.09,1.088,1.088,1.082,1.085,-0.005,-0.4587,5799.0,628.861
513800.SH,20191120,1.125,1.125,1.125,1.105,1.125,0.0,0.0,1511.0,167.897
513520.SH,20191120,1.109,1.109,1.109,1.102,1.102,-0.007,-0.6312,8378.0,924.988
513000.SH,20191120,1.115,1.115,1.115,1.105,1.109,-0.006,-0.5381,13115.0,1451.923
512720.SH,20191120,1.132,1.129,1.147,1.123,1.128,-0.004,-0.3534,598259.0,68020.646
501075.SH,20191120,0.941,0.941,0.941,0.934,0.935,-0.006,-0.6376,25338.0,2373.844
501078.SH,20191120,0.986,0.988,1.0,0.987,0.994,0.008,0.8114,44070.36,4383.088
501077.SH,20191120,1.04,1.045,1.049,1.038,1.039,-0.001,-0.0962,60690.94,6336.855
512670.SH,20191120,1.007,1.008,1.008,0.997,1.001,-0.006,-0.5958,66496.0,6668.987
510100.SH,20191120,1.038,1.036,1.037,1.024,1.027,-0.011,-1.0597,97461.0,10044.212
512970.SH,20191120,0.993,0.99,0.99,0.98,0.981,-0.012,-1.2085,5455.0,535.91
159973.SZ,20191120,1.118,1.131,1.131,1.123,1.123,0.005,0.4472,154.03,17.321
501081.SH,20191120,0.991,0.992,0.994,0.988,0.992,0.001,0.1009,21502.37,2132.105
512190.SH,20191120,1.017,1.019,1.025,1.015,1.017,0.0,0.0,36055.0,3670.824
515300.SH,20191120,1.007,1.005,1.007,0.998,1.0,-0.007,-0.6951,61819.45,6204.255
515000.SH,20191120,1.246,1.243,1.255,1.235,1.238,-0.008,-0.6421,3446145.29,429422.857
159972.SZ,20191120,100.083,100.583,100.681,100.015,100.681,0.598,0.5975,2420.2,24366.582
501086.SH,20191120,1.024,1.007,1.021,1.007,1.019,-0.005,-0.4883,421.26,42.492
515880.SH,20191120,1.017,1.015,1.019,1.006,1.008,-0.009,-0.885,856534.44,86804.241
512530.SH,20191120,0.997,0.996,0.999,0.99,0.991,-0.006,-0.6018,52398.16,5215.405
515360.SH,20191120,3.875,3.866,3.866,3.841,3.841,-0.034,-0.8774,1664.17,640.027
515650.SH,20191120,1.005,1.0,1.007,0.999,1.0,-0.005,-0.4975,310181.0,31141.805
515010.SH,20191120,0.94,0.938,0.939,0.927,0.927,-0.013,-1.383,36181.0,3370.825
515520.SH,20191120,1.002,1.0,1.001,0.994,0.995,-0.007,-0.6986,303678.0,30326.337
159977.SZ,20191120,1.727,1.727,1.744,1.716,1.719,-0.008,-0.4632,361383.23,62654.604
515050.SH,20191120,0.987,0.987,0.991,0.977,0.978,-0.009,-0.9119,1690647.98,166356.612
515810.SH,20191120,0.954,0.952,0.953,0.946,0.948,-0.006,-0.6289,227208.95,21569.646
515860.SH,20191120,1.059,1.059,1.07,1.05,1.052,-0.007,-0.661,680983.88,72260.248
515200.SH,20191120,1.028,1.028,1.036,1.021,1.022,-0.006,-0.5837,465215.17,47940.913
515580.SH,20191120,1.049,1.045,1.052,1.038,1.04,-0.009,-0.858,427082.0,44692.469
161118.SZ,20191120,1.01,1.01,1.01,1.001,1.001,-0.009,-0.8911,7907.21,793.773
502020.SH,20191120,1.025,1.023,1.023,1.006,1.006,-0.019,-1.8537,104.0,10.551
159987.SZ,20191120,1.03,1.028,1.034,1.019,1.022,-0.008,-0.7767,709088.8,72838.088
160105.SZ,20191120,0.993,1.053,1.053,0.993,0.993,0.0,0.0,513.0,51.458
163801.SZ,20191120,1.454,1.46,1.468,1.46,1.465,0.011,0.7565,449.0,65.737
160505.SZ,20191120,1.458,1.461,1.468,1.456,1.46,0.002,0.1372,32768.02,4794.111
510050.SH,20191120,3.046,3.044,3.044,3.006,3.013,-0.033,-1.0834,3575295.0,1081041.743
162703.SZ,20191120,1.905,1.909,1.944,1.902,1.918,0.013,0.6824,35190.99,6766.941
162605.SZ,20191120,1.778,1.78,1.78,1.763,1.769,-0.009,-0.5062,29597.11,5251.424
161607.SZ,20191120,1.195,1.195,1.195,1.193,1.193,-0.002,-0.1674,17.0,2.029
160106.SZ,20191120,1.138,1.138,1.138,1.129,1.13,-0.008,-0.703,1678.0,189.973
161903.SZ,20191120,1.211,1.211,1.223,1.2,1.206,-0.005,-0.4129,11396.07,1381.481
160706.SZ,20191120,1.138,1.138,1.138,1.126,1.128,-0.01,-0.8787,21083.82,2387.175
161005.SZ,20191120,2.3,2.302,2.318,2.296,2.299,-0.001,-0.0435,21979.4,5071.043
163402.SZ,20191120,0.687,0.686,0.687,0.681,0.681,-0.006,-0.8734,121809.11,8325.59
161706.SZ,20191120,1.898,1.896,1.91,1.879,1.898,0.0,0.0,3507.88,661.91
163503.SZ,20191120,0.451,0.451,0.452,0.448,0.448,-0.003,-0.6652,820.0,36.928
162607.SZ,20191120,0.579,0.578,0.582,0.577,0.577,-0.002,-0.3454,2079.0,120.493
159901.SZ,20191120,4.994,4.99,4.99,4.928,4.936,-0.058,-1.1614,229047.0,113712.176
510180.SH,20191120,3.435,3.435,3.435,3.394,3.403,-0.032,-0.9316,195062.5,66598.064
162207.SZ,20191120,1.493,1.481,1.481,1.481,1.481,-0.012,-0.8038,300.0,44.43
159902.SZ,20191120,3.119,3.119,3.128,3.086,3.09,-0.029,-0.9298,84219.45,26194.213
160607.SZ,20191120,0.796,0.796,0.802,0.792,0.792,-0.004,-0.5025,4668.24,373.364
510880.SH,20191120,2.75,2.751,2.754,2.736,2.738,-0.012,-0.4364,153295.0,42057.178
160610.SZ,20191120,1.059,1.058,1.065,1.058,1.065,0.006,0.5666,3407.7,362.43
166001.SZ,20191120,1.325,1.308,1.324,1.308,1.309,-0.016,-1.2075,1167.42,152.838
160611.SZ,20191120,0.994,0.997,1.0,0.997,1.0,0.006,0.6036,515.0,51.47
160314.SZ,20191120,1.031,1.032,1.036,1.029,1.029,-0.002,-0.194,3226.91,333.166
160613.SZ,20191120,1.511,1.483,1.483,1.482,1.483,-0.028,-1.8531,19.9,2.95
161010.SZ,20191120,1.113,1.112,1.114,1.112,1.114,0.001,0.0898,2667.0,296.753
160615.SZ,20191120,1.69,1.674,1.689,1.671,1.689,-0.001,-0.0592,203.0,34.183
161810.SZ,20191120,2.144,2.138,2.155,2.12,2.12,-0.024,-1.1194,33443.2,7138.094
510060.SH,20191120,1.822,1.821,1.821,1.81,1.811,-0.011,-0.6037,299.0,54.26
160119.SZ,20191120,1.267,1.266,1.27,1.261,1.261,-0.006,-0.4736,5794.19,733.899
510010.SH,20191120,1.175,1.158,1.185,1.158,1.162,-0.013,-1.1064,217.0,25.207
165309.SZ,20191120,1.263,1.261,1.261,1.256,1.257,-0.006,-0.4751,14.0,1.76
160211.SZ,20191120,2.45,2.45,2.47,2.442,2.447,-0.003,-0.1224,1228.0,301.828
162711.SZ,20191120,1.082,1.093,1.093,1.077,1.077,-0.005,-0.4621,25.0,2.724
150008.SZ,20191120,0.973,0.962,0.962,0.958,0.959,-0.014,-1.4388,1440.7,138.421
159903.SZ,20191120,1.087,1.086,1.092,1.077,1.079,-0.008,-0.736,10827.8,1173.721
166006.SZ,20191120,1.354,1.354,1.364,1.354,1.36,0.006,0.4431,1236.0,168.168
510020.SH,20191120,2.905,2.905,2.95,2.891,2.95,0.045,1.5491,3230.92,939.304
160616.SZ,20191120,1.12,1.124,1.136,1.11,1.123,0.003,0.2679,1517.87,170.451
163001.SZ,20191120,1.219,1.206,1.265,1.206,1.219,0.0,0.0,324.0,40.352
510130.SH,20191120,3.816,3.797,3.8,3.797,3.8,-0.016,-0.4193,4.0,1.519
510030.SH,20191120,5.397,5.376,5.376,5.318,5.318,-0.079,-1.4638,3775.0,2023.043
150016.SZ,20191120,0.987,0.99,0.99,0.987,0.987,0.0,0.0,902.99,89.306
150017.SZ,20191120,1.182,1.161,1.19,1.161,1.182,0.0,0.0,1001.52,116.702
150012.SZ,20191120,1.016,1.015,1.016,1.015,1.016,0.0,0.0,301.0,30.581
150013.SZ,20191120,1.07,1.084,1.084,1.054,1.079,0.009,0.8411,172.33,18.416
150018.SZ,20191120,1.03,1.03,1.031,1.03,1.03,0.0,0.0,18341.41,1889.67
150019.SZ,20191120,1.015,1.009,1.015,0.992,0.994,-0.021,-2.069,1253567.75,125579.192
161713.SZ,20191120,1.017,1.017,1.018,1.017,1.018,0.001,0.0983,508.0,51.673
165508.SZ,20191120,1.758,1.809,1.809,1.809,1.809,0.051,2.901,10.0,1.809
160807.SZ,20191120,1.33,1.343,1.343,1.337,1.34,0.01,0.7519,4.0,0.536
510070.SH,20191120,1.807,1.807,1.811,1.807,1.811,0.004,0.2214,6.0,1.086
160215.SZ,20191120,1.529,1.529,1.535,1.506,1.527,-0.002,-0.1308,630.2,95.192
510160.SH,20191120,0.551,0.551,0.551,0.546,0.551,0.0,0.0,6954.79,381.052
510110.SH,20191120,3.78,3.78,3.888,3.78,3.782,0.002,0.0529,19.0,7.285
160717.SZ,20191120,0.836,0.836,0.836,0.832,0.832,-0.004,-0.4785,1792.19,149.358
163407.SZ,20191120,2.048,2.04,2.048,2.028,2.029,-0.019,-0.9277,3294.16,671.203
159905.SZ,20191120,1.967,1.966,1.966,1.945,1.948,-0.019,-0.9659,308634.0,60322.056
510190.SH,20191120,3.319,3.321,3.321,3.295,3.295,-0.024,-0.7231,195.0,64.455
150022.SZ,20191120,0.838,0.838,0.839,0.834,0.836,-0.002,-0.2387,200521.0,16773.425
150023.SZ,20191120,0.238,0.238,0.239,0.234,0.235,-0.003,-1.2605,369453.0,8741.26
510170.SH,20191120,1.571,1.576,1.583,1.561,1.581,0.01,0.6365,2533.0,399.973
161815.SZ,20191120,0.482,0.482,0.483,0.482,0.482,0.0,0.0,334.0,16.099
160617.SZ,20191120,1.103,1.104,1.104,1.104,1.104,0.001,0.0907,32.93,3.635
510150.SH,20191120,5.555,5.555,5.581,5.528,5.532,-0.023,-0.414,3804.91,2114.912
165510.SZ,20191120,0.754,0.743,0.756,0.742,0.743,-0.011,-1.4589,306.0,22.743
159906.SZ,20191120,0.921,0.925,0.935,0.92,0.92,-0.001,-0.1086,10880.0,1014.721
510220.SH,20191120,3.996,4.003,4.038,4.003,4.016,0.02,0.5005,251.68,101.29
510210.SH,20191120,3.744,3.739,3.739,3.71,3.715,-0.029,-0.7746,9345.0,3482.943
161714.SZ,20191120,1.124,1.093,1.093,1.067,1.073,-0.051,-4.5374,1598.0,172.211
166009.SZ,20191120,1.992,2.171,2.171,1.991,2.0,0.008,0.4016,165.14,33.156
150028.SZ,20191120,1.019,1.017,1.02,1.017,1.02,0.001,0.0981,1.18,0.12
150029.SZ,20191120,1.119,1.12,1.12,1.072,1.072,-0.047,-4.2002,518.0,57.937
164808.SZ,20191120,1.073,1.067,1.075,1.067,1.075,0.002,0.1864,58.0,6.231
150031.SZ,20191120,1.009,1.028,1.03,0.982,0.995,-0.014,-1.3875,90.54,9.216
150030.SZ,20191120,1.05,1.051,1.051,1.051,1.051,0.001,0.0952,8.55,0.898
150032.SZ,20191120,1.017,1.018,1.02,1.018,1.02,0.003,0.295,2697.28,275.028
150033.SZ,20191120,0.801,0.818,0.818,0.801,0.801,0.0,0.0,35.32,2.88
510230.SH,20191120,5.817,5.801,5.818,5.723,5.734,-0.083,-1.4269,45899.0,26452.343
161116.SZ,20191120,0.778,0.782,0.785,0.782,0.784,0.006,0.7712,6546.32,513.133
510120.SH,20191120,3.065,3.119,3.119,3.116,3.116,0.051,1.6639,8.0,2.493
163409.SZ,20191120,1.795,1.818,1.818,1.761,1.768,-0.027,-1.5042,31.0,5.521
160512.SZ,20191120,2.025,2.029,2.029,2.028,2.028,0.003,0.1481,116.0,23.526
159908.SZ,20191120,1.485,1.492,1.504,1.482,1.483,-0.002,-0.1347,3260.0,485.042
159907.SZ,20191120,1.253,1.253,1.253,1.247,1.247,-0.006,-0.4789,630.0,78.847
159909.SZ,20191120,4.913,4.92,4.936,4.852,4.852,-0.061,-1.2416,6256.1,3069.134
510270.SH,20191120,1.121,1.12,1.159,1.11,1.11,-0.011,-0.9813,582.0,64.844
161217.SZ,20191120,0.611,0.601,0.607,0.601,0.605,-0.006,-0.982,495.0,29.924
159910.SZ,20191120,1.876,1.877,1.877,1.856,1.858,-0.018,-0.9595,2956.0,551.466
160719.SZ,20191120,0.813,0.814,0.816,0.813,0.816,0.003,0.369,413.0,33.625
159911.SZ,20191120,4.042,4.042,4.042,4.042,4.042,0.0,0.0,1.0,0.404
164701.SZ,20191120,0.69,0.693,0.693,0.691,0.691,0.001,0.1449,1156.0,79.91
159915.SZ,20191120,1.666,1.664,1.679,1.654,1.655,-0.011,-0.6603,3802884.76,634036.65
159916.SZ,20191120,4.198,4.19,4.199,4.179,4.187,-0.011,-0.262,291.0,121.891
159912.SZ,20191120,1.322,1.318,1.329,1.313,1.313,-0.009,-0.6808,1257.0,165.662
510290.SH,20191120,1.42,1.415,1.422,1.415,1.422,0.002,0.1408,3845.0,546.377
160125.SZ,20191120,1.079,1.075,1.081,1.066,1.07,-0.009,-0.8341,743.0,80.066
159913.SZ,20191120,1.909,1.931,1.932,1.91,1.925,0.016,0.8381,224.0,43.251
163208.SZ,20191120,0.766,0.764,0.764,0.743,0.76,-0.006,-0.7833,42.0,3.196
161017.SZ,20191120,1.604,1.603,1.608,1.596,1.6,-0.004,-0.2494,3624.0,581.239
162411.SZ,20191120,0.384,0.38,0.381,0.378,0.379,-0.005,-1.3021,3666906.93,139307.428
150048.SZ,20191120,1.453,1.445,1.474,1.445,1.473,0.02,1.3765,228.0,33.591
150064.SZ,20191120,1.033,1.033,1.033,1.033,1.033,0.0,0.0,1.0,0.103
150065.SZ,20191120,0.759,0.785,0.785,0.785,0.785,0.026,3.4256,0.84,0.065
150060.SZ,20191120,0.719,0.7,0.7,0.681,0.7,-0.019,-2.6426,196.0,13.416
165513.SZ,20191120,0.402,0.402,0.402,0.397,0.397,-0.005,-1.2438,1880.0,75.205
161219.SZ,20191120,1.6,1.622,1.622,1.622,1.622,0.022,1.375,1.0,0.162
150066.SZ,20191120,0.985,0.981,0.981,0.981,0.981,-0.004,-0.4061,200.0,19.62
150051.SZ,20191120,1.031,1.03,1.033,1.03,1.033,0.002,0.194,4419.15,455.867
150052.SZ,20191120,1.393,1.382,1.392,1.356,1.358,-0.035,-2.5126,48593.45,6672.556
150055.SZ,20191120,1.03,1.029,1.029,1.028,1.029,-0.001,-0.0971,63.88,6.571
150056.SZ,20191120,1.048,1.07,1.07,1.036,1.062,0.014,1.3359,155.0,16.312
161614.SZ,20191120,1.051,1.053,1.053,1.053,1.053,0.002,0.1903,20.52,2.16
150050.SZ,20191120,1.677,1.642,1.672,1.642,1.66,-0.017,-1.0137,151.0,25.042
159918.SZ,20191120,1.41,1.417,1.417,1.417,1.417,0.007,0.4965,34.0,4.817
160416.SZ,20191120,1.005,0.992,1.003,0.992,0.997,-0.008,-0.796,1618.98,161.188
163412.SZ,20191120,3.652,3.655,3.655,3.608,3.629,-0.023,-0.6298,2136.6,776.573
510410.SH,20191120,0.571,0.571,0.573,0.567,0.572,0.001,0.1751,43953.0,2509.546
160216.SZ,20191120,0.469,0.463,0.463,0.46,0.46,-0.009,-1.919,83929.55,3864.825
150083.SZ,20191120,1.054,1.05,1.05,1.05,1.05,-0.004,-0.3795,9.0,0.945
159919.SZ,20191120,4.008,4.008,4.008,3.956,3.967,-0.041,-1.023,1018609.1,405728.768
510300.SH,20191120,4.011,4.01,4.01,3.959,3.97,-0.041,-1.0222,2166102.92,863321.146
161019.SZ,20191120,1.078,1.079,1.079,1.079,1.079,0.001,0.0928,4800.0,517.92
163821.SZ,20191120,1.374,1.419,1.419,1.419,1.419,0.045,3.2751,1.0,0.141
160128.SZ,20191120,1.041,1.032,1.039,1.032,1.039,-0.002,-0.1921,289.0,29.936
164810.SZ,20191120,1.03,1.029,1.039,1.029,1.035,0.005,0.4854,151.0,15.647
150104.SZ,20191120,1.025,1.031,1.031,1.031,1.031,0.006,0.5854,3.43,0.353
150105.SZ,20191120,1.891,1.71,1.881,1.71,1.768,-0.123,-6.5045,256.0,43.834
159920.SZ,20191120,1.494,1.487,1.492,1.483,1.487,-0.007,-0.4685,4521734.52,672927.834
510900.SH,20191120,1.219,1.211,1.216,1.209,1.211,-0.008,-0.6563,9615240.0,1165631.782
161820.SZ,20191120,1.125,1.126,1.126,1.126,1.126,0.001,0.0889,312.0,35.131
160916.SZ,20191120,2.673,2.676,2.676,2.659,2.659,-0.014,-0.5238,969.55,258.474
150092.SZ,20191120,1.018,1.018,1.018,1.018,1.018,0.0,0.0,24.47,2.491
150093.SZ,20191120,0.714,0.643,0.708,0.643,0.708,-0.006,-0.8403,50.57,3.286
510440.SH,20191120,1.529,1.559,1.559,1.531,1.532,0.003,0.1962,14.0,2.174
150095.SZ,20191120,0.888,0.895,0.951,0.83,0.929,0.041,4.6171,470.08,39.316
150100.SZ,20191120,1.019,1.019,1.02,1.019,1.02,0.001,0.0981,2924.0,298.16
150101.SZ,20191120,0.957,0.883,0.978,0.883,0.969,0.012,1.2539,330.0,31.825
161119.SZ,20191120,1.394,1.394,1.394,1.392,1.394,0.0,0.0,61.0,8.492
163415.SZ,20191120,2.083,2.082,2.095,2.078,2.083,0.0,0.0,4669.01,973.83
510330.SH,20191120,4.019,4.006,4.014,3.968,3.979,-0.04,-0.9953,919745.0,367483.033
511990.SH,20191120,99.993,99.991,99.993,99.99,99.992,-0.001,-0.001,554317.44,5542723.56
160720.SZ,20191120,1.146,1.186,1.186,1.186,1.186,0.04,3.4904,1.0,0.118
159922.SZ,20191120,5.246,5.246,5.262,5.211,5.215,-0.031,-0.5909,220343.0,115532.669
510500.SH,20191120,5.371,5.373,5.388,5.334,5.337,-0.034,-0.633,2351096.67,1261321.822
150117.SZ,20191120,1.045,1.042,1.045,1.042,1.045,0.0,0.0,118.83,12.41
150118.SZ,20191120,0.992,0.992,0.995,0.982,0.985,-0.007,-0.7056,6234.5,616.585
159923.SZ,20191120,1.778,1.778,1.778,1.758,1.758,-0.02,-1.1249,1091.0,192.484
510310.SH,20191120,1.747,1.747,1.747,1.726,1.729,-0.018,-1.0303,360843.04,62640.925
511010.SH,20191120,118.695,118.695,118.699,118.55,118.631,-0.064,-0.0539,16700.0,198208.879
160212.SZ,20191120,2.458,2.458,2.471,2.45,2.452,-0.006,-0.2441,3948.0,971.545
510660.SH,20191120,1.979,1.979,1.99,1.966,1.971,-0.008,-0.4042,13138.0,2600.86
510650.SH,20191120,1.991,2.001,2.001,1.961,1.965,-0.026,-1.3059,736.0,144.832
510630.SH,20191120,3.056,3.056,3.07,3.043,3.05,-0.006,-0.1963,1670.0,510.847
159925.SZ,20191120,1.736,1.736,1.737,1.719,1.719,-0.017,-0.9793,2276.0,392.963
150124.SZ,20191120,0.865,0.865,0.865,0.846,0.855,-0.01,-1.1561,1832.0,156.383
163210.SZ,20191120,1.017,1.017,1.017,1.016,1.016,-0.001,-0.0983,2586.53,262.938
510510.SH,20191120,1.426,1.427,1.43,1.416,1.418,-0.008,-0.561,168861.0,24033.667
511880.SH,20191120,102.337,102.341,102.352,102.339,102.348,0.011,0.0107,601755.6,6158656.573
165313.SZ,20191120,1.609,1.609,1.627,1.609,1.613,0.004,0.2486,2027.05,329.01
150187.SZ,20191120,1.043,1.011,1.042,1.011,1.042,-0.001,-0.0959,317.31,32.151
160133.SZ,20191120,2.832,2.835,2.854,2.835,2.843,0.011,0.3884,4910.8,1397.042
150189.SZ,20191120,0.635,0.635,0.649,0.635,0.637,0.002,0.315,692.24,44.1
150191.SZ,20191120,1.157,1.129,1.16,1.12,1.156,-0.001,-0.0864,52.0,5.849
150194.SZ,20191120,1.023,1.023,1.025,1.023,1.024,0.001,0.0978,11122.12,1138.896
169101.SZ,20191120,1.598,1.598,1.6,1.582,1.585,-0.013,-0.8135,13768.21,2191.65
159938.SZ,20191120,1.433,1.433,1.445,1.428,1.431,-0.002,-0.1396,178409.0,25620.552
150208.SZ,20191120,1.54,1.45,1.458,1.45,1.458,-0.082,-5.3247,12.47,1.817
160813.SZ,20191120,0.799,0.798,0.798,0.789,0.789,-0.01,-1.2516,112.48,8.964
159001.SZ,20191120,100.0,100.0,100.001,99.999,100.0,0.0,0.0,92222.84,922228.38
161911.SZ,20191120,1.017,1.016,1.017,1.015,1.016,-0.001,-0.0983,14483.42,1471.0
513100.SH,20191120,3.044,3.042,3.046,3.028,3.03,-0.014,-0.4599,130020.0,39495.54
159926.SZ,20191120,110.69,110.601,110.68,110.601,110.68,-0.01,-0.009,3.0,33.188
159003.SZ,20191120,100.0,99.999,100.001,99.999,100.0,0.0,0.0,300.82,3008.192
518880.SH,20191120,3.29,3.297,3.303,3.296,3.301,0.011,0.3343,4672989.0,1541602.281
518800.SH,20191120,3.263,3.265,3.274,3.265,3.274,0.011,0.3371,271443.0,88775.349
150143.SZ,20191120,1.022,1.023,1.023,1.023,1.023,0.001,0.0978,500.0,51.15
159929.SZ,20191120,1.643,1.633,1.653,1.633,1.642,-0.001,-0.0609,33888.0,5567.494
159928.SZ,20191120,3.072,3.065,3.092,3.061,3.067,-0.005,-0.1628,72817.0,22412.912
159930.SZ,20191120,0.667,0.663,0.67,0.661,0.665,-0.002,-0.2999,9087.0,603.829
159931.SZ,20191120,1.734,1.733,1.738,1.723,1.738,0.004,0.2307,3148.0,544.236
150148.SZ,20191120,1.065,1.168,1.168,1.068,1.068,0.003,0.2817,12.0,1.391
150149.SZ,20191120,0.751,0.753,0.764,0.743,0.763,0.012,1.5979,16500.0,1246.136
160515.SZ,20191120,1.045,1.037,1.045,1.037,1.045,0.0,0.0,754.0,78.429
150130.SZ,20191120,1.06,1.058,1.061,1.04,1.058,-0.002,-0.1887,11651.0,1234.084
150131.SZ,20191120,1.917,1.916,1.953,1.901,1.917,0.0,0.0,163935.44,31614.069
150150.SZ,20191120,1.025,1.025,1.026,1.025,1.025,0.0,0.0,5682.06,582.641
150152.SZ,20191120,1.039,1.04,1.044,1.039,1.043,0.004,0.385,284284.08,29606.7
150153.SZ,20191120,1.24,1.238,1.253,1.22,1.225,-0.015,-1.2097,1121114.72,138864.883
159932.SZ,20191120,1.377,1.386,1.387,1.358,1.37,-0.007,-0.5084,458.0,63.124
512010.SH,20191120,2.01,2.013,2.017,1.993,2.001,-0.009,-0.4478,175454.0,35198.479
159933.SZ,20191120,2.144,2.143,2.143,2.121,2.121,-0.023,-1.0728,42.0,8.912
510680.SH,20191120,2.532,2.541,2.588,2.502,2.502,-0.03,-1.1848,439.0,112.129
159934.SZ,20191120,3.265,3.27,3.277,3.269,3.275,0.01,0.3063,2861896.0,936618.85
513500.SH,20191120,2.082,2.08,2.083,2.05,2.053,-0.029,-1.3929,117273.0,24166.314
512120.SH,20191120,1.638,1.638,1.648,1.629,1.634,-0.004,-0.2442,6455.0,1057.972
150158.SZ,20191120,1.093,1.093,1.099,1.064,1.069,-0.024,-2.1958,8151.0,875.077
159935.SZ,20191120,1.373,1.39,1.39,1.376,1.376,0.003,0.2185,29.0,4.011
160220.SZ,20191120,1.375,1.385,1.385,1.385,1.385,0.01,0.7273,10.0,1.385
164705.SZ,20191120,1.181,1.187,1.187,1.175,1.187,0.006,0.508,311.0,36.907
150170.SZ,20191120,1.316,1.301,1.316,1.301,1.316,0.0,0.0,87.0,11.321
150171.SZ,20191120,1.012,1.012,1.013,1.011,1.013,0.001,0.0988,16654.95,1686.131
150172.SZ,20191120,0.933,0.934,0.939,0.907,0.907,-0.026,-2.7867,180471.09,16657.984
