ts_code,trade_date,pre_close,open,high,low,close,change,pct_chg,vol,amount
502022.SH,20190419,1.047,1.052,1.052,1.021,1.04,-0.007,-0.6686,576.93,59.61
150275.SZ,20190419,0.983,0.982,0.984,0.982,0.983,0.0,0.0,16046.16,1577.575
150276.SZ,20190419,1.599,1.599,1.75,1.588,1.713,0.114,7.1295,16566.68,2781.956
150269.SZ,20190419,0.984,0.984,0.987,0.984,0.986,0.002,0.2033,32186.45,3172.592
150270.SZ,20190419,1.752,1.76,1.761,1.7,1.743,-0.009,-0.5137,140295.16,24305.175
150259.SZ,20190419,1.004,1.003,1.005,1.003,1.005,0.001,0.0996,1710.57,171.793
150260.SZ,20190419,0.993,0.965,1.02,0.96,1.02,0.027,2.719,404.81,40.786
150258.SZ,20190419,1.137,1.08,1.128,1.077,1.128,-0.009,-0.7916,189.0,21.01
150279.SZ,20190419,1.04,1.02,1.03,1.02,1.03,-0.01,-0.9615,340.0,34.79
150280.SZ,20190419,1.448,1.368,1.524,1.367,1.522,0.074,5.1105,176.0,25.364
150277.SZ,20190419,0.996,0.995,0.997,0.995,0.997,0.001,0.1004,20720.82,2061.925
150278.SZ,20190419,1.02,0.966,1.02,0.966,1.02,0.0,0.0,125.41,12.772
159941.SZ,20190419,1.655,1.657,1.67,1.647,1.661,0.006,0.3625,3055.03,505.975
150272.SZ,20190419,1.15,1.101,1.142,1.101,1.123,-0.027,-2.3478,42.0,4.635
150263.SZ,20190419,0.996,0.993,0.993,0.993,0.993,-0.003,-0.3012,108.01,10.725
150264.SZ,20190419,1.111,1.049,1.1,1.0,1.077,-0.034,-3.0603,371.28,38.198
150267.SZ,20190419,0.99,0.998,0.998,0.998,0.998,0.008,0.8081,400.0,39.92
150268.SZ,20190419,1.135,1.143,1.145,1.143,1.144,0.009,0.793,501.0,57.324
160806.SZ,20190419,1.474,1.474,1.484,1.468,1.484,0.01,0.6784,1256.42,185.199
150281.SZ,20190419,0.991,0.993,0.993,0.992,0.993,0.002,0.2018,466.0,46.273
150282.SZ,20190419,0.819,0.816,0.848,0.751,0.843,0.024,2.9304,2483.06,193.167
150293.SZ,20190419,0.998,0.999,1.0,0.999,0.999,0.001,0.1002,784.0,78.35
150243.SZ,20190419,0.988,0.989,0.993,0.987,0.987,-0.001,-0.1012,4002.0,395.862
150244.SZ,20190419,1.305,1.31,1.323,1.29,1.323,0.018,1.3793,14044.77,1833.361
150295.SZ,20190419,0.992,0.992,0.992,0.991,0.991,-0.001,-0.1008,13413.0,1329.28
150296.SZ,20190419,0.962,0.962,0.973,0.95,0.97,0.008,0.8316,106.61,10.259
150287.SZ,20190419,0.997,0.997,0.998,0.997,0.997,0.0,0.0,13931.6,1389.046
150288.SZ,20190419,1.16,1.164,1.184,1.131,1.182,0.022,1.8966,71980.95,8363.195
150289.SZ,20190419,1.01,1.008,1.01,1.007,1.009,-0.001,-0.099,33647.0,3393.805
150290.SZ,20190419,1.183,1.183,1.28,1.16,1.258,0.075,6.3398,127660.31,15515.179
150302.SZ,20190419,1.113,1.113,1.121,1.11,1.121,0.008,0.7188,598.04,66.67
150299.SZ,20190419,1.0,1.001,1.001,0.999,1.0,0.0,0.0,17540.37,1754.151
150300.SZ,20190419,0.806,0.806,0.828,0.802,0.82,0.014,1.737,68816.88,5619.216
162414.SZ,20190419,1.228,1.227,1.227,1.227,1.227,-0.001,-0.0814,2.0,0.245
150315.SZ,20190419,1.005,1.0,1.0,0.999,0.999,-0.006,-0.597,10.42,1.041
150316.SZ,20190419,1.379,1.374,1.39,1.361,1.386,0.007,0.5076,332.07,45.703
150291.SZ,20190419,0.999,1.0,1.001,1.0,1.0,0.001,0.1001,480.0,48.047
150292.SZ,20190419,0.842,0.852,0.858,0.836,0.853,0.011,1.3064,13884.04,1182.87
150237.SZ,20190419,0.987,0.99,0.991,0.989,0.991,0.004,0.4053,545.94,54.057
150238.SZ,20190419,0.732,0.73,0.762,0.68,0.762,0.03,4.0984,505.0,36.418
150245.SZ,20190419,0.982,1.0,1.0,1.0,1.0,0.018,1.833,134.0,13.4
150246.SZ,20190419,1.033,0.936,1.029,0.936,0.976,-0.057,-5.5179,126.0,11.943
150283.SZ,20190419,1.005,1.005,1.005,1.005,1.005,0.0,0.0,245.64,24.686
150284.SZ,20190419,0.785,0.788,0.788,0.771,0.785,0.0,0.0,135.02,10.418
150307.SZ,20190419,0.984,0.985,0.985,0.985,0.985,0.001,0.1016,1010.0,99.485
150308.SZ,20190419,1.59,1.592,1.592,1.592,1.592,0.002,0.1258,4.02,0.639
502006.SH,20190419,1.051,1.053,1.057,1.05,1.054,0.003,0.2854,1970.69,207.409
502007.SH,20190419,1.01,1.01,1.01,1.005,1.01,0.0,0.0,475.15,47.99
502008.SH,20190419,1.085,1.076,1.1,1.074,1.1,0.015,1.3825,1058.05,115.801
150309.SZ,20190419,0.984,0.983,0.988,0.983,0.988,0.004,0.4065,441.05,43.448
150310.SZ,20190419,1.669,1.672,1.771,1.672,1.683,0.014,0.8388,443.0,74.511
501000.SH,20190419,0.935,0.933,0.945,0.933,0.94,0.005,0.5348,143.0,13.424
150321.SZ,20190419,1.03,1.037,1.037,1.036,1.037,0.007,0.6796,1042.0,108.026
150322.SZ,20190419,1.175,1.175,1.26,1.165,1.23,0.055,4.6809,4886.22,598.944
150311.SZ,20190419,0.986,0.979,0.985,0.979,0.985,-0.001,-0.1014,601.25,59.222
150312.SZ,20190419,1.54,1.487,1.583,1.472,1.569,0.029,1.8831,621.63,95.822
501001.SH,20190419,1.079,1.083,1.103,1.081,1.086,0.007,0.6487,1698.0,183.786
512330.SH,20190419,0.842,0.842,0.846,0.83,0.846,0.004,0.4751,68076.0,5732.544
159945.SZ,20190419,0.745,0.716,0.763,0.716,0.755,0.01,1.3423,3487.01,260.288
159944.SZ,20190419,0.827,0.811,0.828,0.81,0.828,0.001,0.1209,8338.19,681.342
150297.SZ,20190419,0.987,1.012,1.012,1.012,1.012,0.025,2.5329,226.0,22.871
150298.SZ,20190419,1.4,1.369,1.369,1.337,1.337,-0.063,-4.5,1.54,0.207
502036.SH,20190419,0.952,0.949,0.955,0.949,0.952,0.0,0.0,152.15,14.469
502037.SH,20190419,0.995,0.996,0.997,0.996,0.997,0.002,0.201,685.0,68.253
502038.SH,20190419,0.885,0.867,0.957,0.867,0.922,0.037,4.1808,75.51,6.825
150328.SZ,20190419,0.86,0.85,0.855,0.85,0.855,-0.005,-0.5814,148.88,12.724
150325.SZ,20190419,0.993,0.994,0.994,0.994,0.994,0.001,0.1007,453.11,45.039
150324.SZ,20190419,0.833,0.75,0.885,0.75,0.885,0.052,6.2425,111.0,8.352
150335.SZ,20190419,0.997,0.997,0.998,0.997,0.998,0.001,0.1003,1036.0,103.292
150336.SZ,20190419,0.87,0.881,0.881,0.86,0.865,-0.005,-0.5747,579.47,50.215
502010.SH,20190419,1.239,1.238,1.266,1.235,1.245,0.006,0.4843,43225.98,5388.183
502012.SH,20190419,1.474,1.48,1.52,1.47,1.493,0.019,1.289,49274.04,7344.176
502011.SH,20190419,1.003,1.003,1.006,1.003,1.004,0.001,0.0997,23916.13,2401.815
502003.SH,20190419,1.389,1.388,1.389,1.358,1.389,0.0,0.0,1272.32,174.946
502004.SH,20190419,0.989,0.989,0.992,0.989,0.992,0.003,0.3033,1442.63,143.002
502005.SH,20190419,1.794,1.656,1.839,1.656,1.793,-0.001,-0.0557,3047.4,540.189
168101.SZ,20190419,1.033,1.032,1.034,1.028,1.033,0.0,0.0,12846.89,1325.509
150303.SZ,20190419,1.008,1.008,1.009,1.006,1.009,0.001,0.0992,16180.05,1631.032
150304.SZ,20190419,1.166,1.164,1.18,1.149,1.179,0.013,1.1149,32159.23,3764.806
502023.SH,20190419,0.948,0.947,0.947,0.899,0.93,-0.018,-1.8987,87.0,8.074
502024.SH,20190419,0.995,0.997,0.997,0.997,0.997,0.002,0.201,360.0,35.892
502025.SH,20190419,0.835,0.805,0.835,0.805,0.835,0.0,0.0,1051.0,84.756
150329.SZ,20190419,0.983,0.984,0.984,0.984,0.984,0.001,0.1017,7200.0,708.48
150330.SZ,20190419,1.773,1.796,1.874,1.796,1.859,0.086,4.8505,32648.0,5991.137
184801.SZ,20190419,89.0,89.349,89.58,88.95,89.104,0.104,0.1169,112.0,1000.199
502040.SH,20190419,1.238,1.204,1.22,1.203,1.22,-0.018,-1.454,392.47,47.351
162006.SZ,20190419,1.125,1.13,1.134,1.13,1.134,0.009,0.8,352.17,39.867
160910.SZ,20190419,1.058,1.052,1.074,1.051,1.073,0.015,1.4178,97.0,10.233
160805.SZ,20190419,0.766,0.761,0.768,0.761,0.768,0.002,0.2611,183.78,14.044
160311.SZ,20190419,1.618,1.635,1.635,1.612,1.63,0.012,0.7417,2321.34,376.99
161610.SZ,20190419,1.072,1.064,1.079,1.064,1.078,0.006,0.5597,1670.49,178.629
159961.SZ,20190419,1.386,1.358,1.409,1.358,1.409,0.023,1.6595,4114.27,573.835
512260.SH,20190419,1.366,1.373,1.373,1.347,1.37,0.004,0.2928,95818.0,13025.081
501067.SH,20190419,1.373,1.29,1.51,1.29,1.51,0.137,9.9782,225.74,33.151
501068.SH,20190419,1.331,1.22,1.464,1.22,1.464,0.133,9.9925,311.97,41.638
512870.SH,20190419,1.268,1.273,1.275,1.258,1.275,0.007,0.5521,19395.0,2460.966
510850.SH,20190419,2.983,2.983,3.029,2.963,3.018,0.035,1.1733,521551.57,156403.282
510550.SH,20190419,1.323,1.318,1.33,1.308,1.329,0.006,0.4535,220858.39,29027.415
501069.SH,20190419,1.11,1.118,1.118,1.089,1.11,0.0,0.0,650.0,71.745
513680.SH,20190419,1.043,1.029,1.05,1.029,1.05,0.007,0.6711,25.0,2.586
512150.SH,20190419,1.233,1.234,1.25,1.228,1.25,0.017,1.3788,7869.0,974.761
512890.SH,20190419,1.213,1.215,1.225,1.206,1.221,0.008,0.6595,25611.0,3106.158
159962.SZ,20190419,1.081,1.081,1.081,1.05,1.08,-0.001,-0.0925,9236.46,990.174
501311.SH,20190419,1.03,1.024,1.024,1.024,1.024,-0.006,-0.5825,7.0,0.717
159963.SZ,20190419,1.012,1.008,1.018,1.008,1.017,0.005,0.4941,130771.39,13288.762
511020.SH,20190419,99.0,99.05,99.245,99.0,99.245,0.245,0.2475,3.3,32.726
512270.SH,20190419,1.05,1.05,1.058,1.045,1.054,0.004,0.381,24790.0,2606.297
511030.SH,20190419,100.003,100.0,100.0,99.994,99.994,-0.009,-0.009,0.8,8.0
512590.SH,20190419,1.068,1.062,1.069,1.051,1.069,0.001,0.0936,44658.0,4729.533
160925.SZ,20190419,0.996,0.995,1.008,0.993,1.008,0.012,1.2048,849.0,84.31
159964.SZ,20190419,1.008,1.005,1.09,0.997,1.011,0.003,0.2976,27248.03,2743.499
160105.SZ,20190419,0.924,0.94,0.94,0.93,0.933,0.009,0.974,241.0,22.479
163801.SZ,20190419,1.251,1.249,1.27,1.246,1.253,0.002,0.1599,1679.0,211.037
160505.SZ,20190419,1.624,1.631,1.65,1.627,1.65,0.026,1.601,66290.71,10877.9
510050.SH,20190419,2.987,2.997,3.031,2.97,3.024,0.037,1.2387,15202930.34,4568266.831
162703.SZ,20190419,1.413,1.413,1.42,1.401,1.42,0.007,0.4954,4758.0,672.004
162605.SZ,20190419,1.638,1.63,1.668,1.625,1.668,0.03,1.8315,58079.91,9563.667
161607.SZ,20190419,1.267,1.267,1.273,1.261,1.272,0.005,0.3946,318.19,40.412
160106.SZ,20190419,1.032,1.033,1.039,1.022,1.03,-0.002,-0.1938,657.02,67.797
161903.SZ,20190419,0.933,0.912,0.927,0.911,0.925,-0.008,-0.8574,506.74,46.683
160706.SZ,20190419,1.152,1.151,1.163,1.143,1.162,0.01,0.8681,60464.18,6988.006
163302.SZ,20190419,1.142,1.161,1.161,1.154,1.154,0.012,1.0508,348.0,40.191
161005.SZ,20190419,2.091,2.095,2.104,2.08,2.1,0.009,0.4304,8391.89,1753.775
502042.SH,20190419,1.398,1.396,1.418,1.341,1.418,0.02,1.4306,177.0,24.676
502056.SH,20190419,1.05,1.05,1.062,1.05,1.062,0.012,1.1429,53.0,5.595
511830.SH,20190419,99.994,100.011,100.011,100.001,100.007,0.013,0.013,647.1,6471.312
150344.SZ,20190419,1.198,1.197,1.233,1.197,1.223,0.025,2.0868,175.0,20.975
150343.SZ,20190419,0.997,0.994,0.994,0.994,0.994,-0.003,-0.3009,5.18,0.514
510360.SH,20190419,1.305,1.307,1.32,1.295,1.32,0.015,1.1494,459912.0,60111.361
502053.SH,20190419,1.074,1.099,1.099,1.077,1.099,0.025,2.3277,769.34,83.102
502054.SH,20190419,0.99,0.992,0.993,0.991,0.991,0.001,0.101,430.0,42.653
163402.SZ,20190419,0.773,0.773,0.779,0.77,0.779,0.006,0.7762,132905.82,10287.495
161706.SZ,20190419,1.766,1.751,1.767,1.75,1.767,0.001,0.0566,1551.52,272.299
163503.SZ,20190419,0.44,0.441,0.441,0.435,0.441,0.001,0.2273,1052.33,46.117
162607.SZ,20190419,0.501,0.5,0.503,0.499,0.502,0.001,0.1996,2543.74,127.51
159901.SZ,20190419,4.817,4.811,4.904,4.781,4.894,0.077,1.5985,608898.01,294489.147
510180.SH,20190419,3.644,3.644,3.69,3.621,3.681,0.037,1.0154,192235.75,70366.915
162207.SZ,20190419,1.236,1.259,1.259,1.259,1.259,0.023,1.8608,2.0,0.251
159902.SZ,20190419,3.152,3.151,3.184,3.128,3.184,0.032,1.0152,236966.02,74681.178
160607.SZ,20190419,0.71,0.712,0.72,0.709,0.72,0.01,1.4085,4598.18,328.024
510880.SH,20190419,3.025,3.025,3.04,3.002,3.032,0.007,0.2314,72924.0,22040.679
160610.SZ,20190419,0.93,0.943,0.943,0.943,0.943,0.013,1.3978,1.0,0.094
166001.SZ,20190419,1.196,1.186,1.196,1.176,1.196,0.0,0.0,2319.69,274.005
160611.SZ,20190419,0.804,0.806,0.816,0.806,0.813,0.009,1.1194,1599.02,129.662
160314.SZ,20190419,1.037,1.026,1.054,1.026,1.045,0.008,0.7715,909.66,94.842
160613.SZ,20190419,1.37,1.369,1.375,1.369,1.375,0.005,0.365,40.0,5.499
161010.SZ,20190419,1.084,1.081,1.085,1.081,1.082,-0.002,-0.1845,612.07,66.221
160615.SZ,20190419,1.66,1.654,1.676,1.654,1.676,0.016,0.9639,196.1,32.535
161810.SZ,20190419,1.7,1.699,1.713,1.682,1.709,0.009,0.5294,19725.73,3351.989
510060.SH,20190419,1.976,1.983,1.995,1.963,1.988,0.012,0.6073,2359.21,467.639
160119.SZ,20190419,1.446,1.449,1.455,1.435,1.455,0.009,0.6224,13706.87,1979.455
510010.SH,20190419,1.25,1.239,1.256,1.239,1.256,0.006,0.48,15515.31,1935.011
162307.SZ,20190419,1.413,1.419,1.419,1.408,1.408,-0.005,-0.3539,7.0,0.987
165309.SZ,20190419,1.283,1.289,1.289,1.285,1.289,0.006,0.4677,298.0,38.381
160211.SZ,20190419,2.032,2.032,2.05,2.02,2.05,0.018,0.8858,1353.0,275.512
162711.SZ,20190419,1.236,1.236,1.239,1.223,1.233,-0.003,-0.2427,1385.37,170.259
150008.SZ,20190419,1.23,1.226,1.235,1.226,1.23,0.0,0.0,824.01,101.302
150009.SZ,20190419,1.289,1.326,1.332,1.291,1.332,0.043,3.3359,1248.53,165.877
159903.SZ,20190419,1.115,1.115,1.128,1.11,1.127,0.012,1.0762,16438.66,1841.131
166006.SZ,20190419,1.139,1.143,1.145,1.133,1.142,0.003,0.2634,979.0,111.854
510020.SH,20190419,2.998,2.992,3.01,2.986,3.006,0.008,0.2668,2927.44,877.842
160716.SZ,20190419,1.659,1.659,1.672,1.643,1.671,0.012,0.7233,7109.01,1180.347
160616.SZ,20190419,1.249,1.258,1.258,1.238,1.241,-0.008,-0.6405,401.0,50.103
510130.SH,20190419,4.217,4.197,4.216,4.168,4.216,-0.001,-0.0237,53.41,22.36
510030.SH,20190419,5.471,5.493,5.699,5.47,5.5,0.029,0.5301,1380.0,759.443
510090.SH,20190419,1.841,1.847,1.858,1.847,1.85,0.009,0.4889,65.0,12.015
150016.SZ,20190419,1.202,1.202,1.203,1.202,1.203,0.001,0.0832,2394.0,287.998
150017.SZ,20190419,1.628,1.636,1.648,1.635,1.647,0.019,1.1671,1896.74,311.005
150012.SZ,20190419,0.979,0.98,0.98,0.978,0.978,-0.001,-0.1021,2829.4,276.995
150013.SZ,20190419,1.045,1.045,1.065,1.033,1.057,0.012,1.1483,2947.19,309.442
150018.SZ,20190419,0.982,0.982,0.983,0.981,0.983,0.001,0.1018,337308.03,33128.173
150019.SZ,20190419,1.011,1.013,1.046,1.006,1.043,0.032,3.1652,3735688.14,383054.851
161713.SZ,20190419,1.014,1.013,1.017,1.013,1.017,0.003,0.2959,3.0,0.304
160807.SZ,20190419,1.346,1.339,1.339,1.339,1.339,-0.007,-0.5201,1.0,0.133
510070.SH,20190419,1.846,1.839,1.846,1.839,1.846,0.0,0.0,724.0,133.508
160215.SZ,20190419,1.432,1.431,1.435,1.425,1.435,0.003,0.2095,452.0,64.653
510160.SH,20190419,0.61,0.612,0.615,0.604,0.615,0.005,0.8197,6174.0,375.676
510110.SH,20190419,3.927,3.929,3.959,3.833,3.954,0.027,0.6875,1958.0,769.486
160717.SZ,20190419,0.858,0.86,0.861,0.856,0.86,0.002,0.2331,2195.52,188.751
164105.SZ,20190419,1.372,1.337,1.337,1.337,1.337,-0.035,-2.551,1.0,0.133
163407.SZ,20190419,2.029,2.032,2.048,2.016,2.048,0.019,0.9364,2291.0,466.222
159905.SZ,20190419,1.914,1.913,1.964,1.903,1.959,0.045,2.3511,260694.0,50475.969
510190.SH,20190419,3.618,3.617,3.632,3.602,3.632,0.014,0.387,689.0,248.845
150022.SZ,20190419,0.848,0.849,0.855,0.844,0.855,0.007,0.8255,547884.24,46486.72
150023.SZ,20190419,0.259,0.258,0.268,0.256,0.268,0.009,3.4749,1435650.22,37601.065
510170.SH,20190419,1.832,1.835,1.835,1.802,1.831,-0.001,-0.0546,706.0,127.542
161815.SZ,20190419,0.469,0.469,0.476,0.469,0.472,0.003,0.6397,563.0,26.568
510150.SH,20190419,5.142,5.14,5.189,5.094,5.184,0.042,0.8168,6159.0,3159.417
165510.SZ,20190419,0.765,0.747,0.763,0.747,0.752,-0.013,-1.6993,130.0,9.791
161213.SZ,20190419,1.636,1.631,1.631,1.631,1.631,-0.005,-0.3056,2.0,0.326
159906.SZ,20190419,0.883,0.881,0.889,0.88,0.889,0.006,0.6795,278.0,24.52
510220.SH,20190419,4.378,4.336,4.375,4.307,4.356,-0.022,-0.5025,316.0,137.37
510210.SH,20190419,3.879,3.88,3.9,3.85,3.9,0.021,0.5414,2317.0,897.246
164902.SZ,20190419,1.321,1.32,1.32,1.32,1.32,-0.001,-0.0757,4.0,0.528
161714.SZ,20190419,1.054,1.056,1.056,1.033,1.044,-0.01,-0.9488,135.0,14.065
166009.SZ,20190419,1.818,1.8,1.823,1.8,1.81,-0.008,-0.44,21.0,3.802
150028.SZ,20190419,0.981,0.981,0.982,0.981,0.981,0.0,0.0,2696.0,264.485
150029.SZ,20190419,1.283,1.312,1.312,1.268,1.292,0.009,0.7015,5000.89,638.033
164808.SZ,20190419,1.06,1.063,1.063,1.063,1.063,0.003,0.283,23.57,2.505
161907.SZ,20190419,1.798,1.798,1.798,1.798,1.798,0.0,0.0,2.0,0.359
150031.SZ,20190419,1.04,1.099,1.099,1.042,1.083,0.043,4.1346,297.11,31.589
150030.SZ,20190419,1.0,1.099,1.099,1.099,1.099,0.099,9.9,4.36,0.479
150032.SZ,20190419,0.975,0.974,0.975,0.974,0.975,0.0,0.0,3.12,0.303
513100.SH,20190419,2.67,2.676,2.69,2.672,2.676,0.006,0.2247,873147.0,234104.032
159926.SZ,20190419,114.747,114.891,114.891,114.891,114.891,0.144,0.1255,2.0,22.978
159003.SZ,20190419,100.0,99.995,100.001,99.995,100.0,0.0,0.0,3893.02,38929.97
518880.SH,20190419,2.751,2.763,2.769,2.762,2.762,0.011,0.3999,7208711.0,1994548.905
518800.SH,20190419,2.73,2.738,2.749,2.738,2.742,0.012,0.4396,523017.0,143593.584
150145.SZ,20190419,0.991,0.999,0.999,0.993,0.998,0.007,0.7064,201.0,20.009
150146.SZ,20190419,0.997,0.95,1.049,0.932,0.996,-0.001,-0.1003,2392.43,231.311
166904.SZ,20190419,1.04,1.031,1.031,1.031,1.031,-0.009,-0.8654,8.0,0.824
150143.SZ,20190419,0.995,0.994,0.994,0.994,0.994,-0.001,-0.1005,200.0,19.88
150144.SZ,20190419,1.236,1.226,1.248,1.226,1.246,0.01,0.8091,32.54,4.029
159929.SZ,20190419,1.53,1.53,1.546,1.52,1.537,0.007,0.4575,50084.0,7678.233
159928.SZ,20190419,2.741,2.739,2.747,2.699,2.743,0.002,0.073,116062.0,31596.738
159930.SZ,20190419,0.824,0.826,0.838,0.808,0.832,0.008,0.9709,5865.0,483.212
159931.SZ,20190419,1.817,1.819,1.848,1.819,1.829,0.012,0.6604,2534.0,464.386
150148.SZ,20190419,1.015,1.019,1.019,1.019,1.019,0.004,0.3941,29.0,2.955
150149.SZ,20190419,0.745,0.744,0.749,0.73,0.748,0.003,0.4027,2603.0,193.42
160515.SZ,20190419,1.03,1.03,1.032,1.03,1.032,0.002,0.1942,8483.25,874.645
150130.SZ,20190419,1.005,1.005,1.005,1.003,1.005,0.0,0.0,20903.01,2099.261
150131.SZ,20190419,1.523,1.523,1.545,1.511,1.534,0.011,0.7223,174213.52,26638.105
150150.SZ,20190419,0.985,0.986,0.986,0.985,0.986,0.001,0.1015,2112.92,208.303
150151.SZ,20190419,0.917,0.866,0.947,0.866,0.936,0.019,2.072,187.7,16.403
150152.SZ,20190419,1.004,1.005,1.005,1.002,1.003,-0.001,-0.0996,114810.88,11510.831
150153.SZ,20190419,1.219,1.218,1.235,1.205,1.232,0.013,1.0664,1554659.22,189840.271
159932.SZ,20190419,1.571,1.571,1.584,1.565,1.584,0.013,0.8275,789.0,124.622
512010.SH,20190419,1.711,1.711,1.731,1.702,1.721,0.01,0.5845,176404.0,30238.354
159933.SZ,20190419,2.145,2.168,2.169,2.149,2.164,0.019,0.8858,460.0,99.078
510680.SH,20190419,2.451,2.459,2.46,2.433,2.453,0.002,0.0816,309.0,75.894
160131.SZ,20190419,1.048,1.04,1.048,1.04,1.048,0.0,0.0,87.0,9.112
159934.SZ,20190419,2.731,2.742,2.75,2.742,2.745,0.014,0.5126,1258436.0,345855.094
513500.SH,20190419,1.806,1.818,1.831,1.815,1.816,0.01,0.5537,2261094.0,412107.764
512120.SH,20190419,1.543,1.544,1.556,1.534,1.548,0.005,0.324,10392.0,1602.992
150157.SZ,20190419,0.988,0.989,0.99,0.988,0.988,0.0,0.0,6478.0,640.034
150158.SZ,20190419,1.192,1.198,1.227,1.192,1.22,0.028,2.349,34430.57,4172.808
159935.SZ,20190419,1.571,1.562,1.573,1.552,1.572,0.001,0.0637,163.0,25.463
160220.SZ,20190419,1.258,1.237,1.243,1.237,1.243,-0.015,-1.1924,117.0,14.473
150168.SZ,20190419,0.884,0.882,0.882,0.882,0.882,-0.002,-0.2262,260.0,22.932
510520.SH,20190419,1.43,1.429,1.436,1.429,1.434,0.004,0.2797,188.0,26.923
164705.SZ,20190419,1.222,1.222,1.23,1.221,1.223,0.001,0.0818,1600.0,196.015
150169.SZ,20190419,1.015,1.014,1.014,1.014,1.014,-0.001,-0.0985,2019.0,204.726
150170.SZ,20190419,1.424,1.424,1.438,1.417,1.426,0.002,0.1404,717.48,102.35
150171.SZ,20190419,0.974,0.973,0.975,0.973,0.975,0.001,0.1027,43529.62,4242.767
150172.SZ,20190419,1.583,1.586,1.64,1.58,1.624,0.041,2.59,525668.3,84629.928
161831.SZ,20190419,1.024,1.024,1.026,0.975,1.026,0.002,0.1953,150.5,15.41
150175.SZ,20190419,0.995,0.995,0.995,0.993,0.995,0.0,0.0,132033.0,13123.264
150176.SZ,20190419,1.05,1.05,1.064,1.048,1.063,0.013,1.2381,39735.4,4207.31
150181.SZ,20190419,0.983,0.983,0.984,0.983,0.983,0.0,0.0,49656.48,4884.976
150182.SZ,20190419,1.639,1.623,1.66,1.594,1.641,0.002,0.122,221082.71,35881.903
150177.SZ,20190419,0.981,0.982,0.984,0.982,0.982,0.001,0.1019,2426.0,238.395
150178.SZ,20190419,1.615,1.653,1.658,1.617,1.65,0.035,2.1672,6862.27,1132.444
150179.SZ,20190419,0.98,0.982,0.982,0.976,0.982,0.002,0.2041,5163.8,506.498
150180.SZ,20190419,1.28,1.263,1.283,1.24,1.278,-0.002,-0.1563,1839.42,233.602
160812.SZ,20190419,1.439,1.423,1.439,1.422,1.439,0.0,0.0,3453.45,496.548
150164.SZ,20190419,0.986,0.985,0.985,0.985,0.985,-0.001,-0.1014,19.46,1.916
150165.SZ,20190419,1.234,1.314,1.314,1.236,1.236,0.002,0.1621,26.0,3.26
160918.SZ,20190419,1.967,1.947,1.972,1.947,1.972,0.005,0.2542,787.0,154.015
150033.SZ,20190419,0.93,0.93,0.93,0.93,0.93,0.0,0.0,50.0,4.65
161216.SZ,20190419,1.127,1.112,1.14,1.112,1.14,0.013,1.1535,42.0,4.684
510230.SH,20190419,6.233,6.222,6.344,6.222,6.322,0.089,1.4279,45197.0,28523.504
510260.SH,20190419,1.165,1.14,1.178,1.14,1.171,0.006,0.515,327.0,37.954
161116.SZ,20190419,0.697,0.7,0.7,0.696,0.699,0.002,0.2869,1219.0,85.09
510120.SH,20190419,3.125,3.077,3.18,3.074,3.18,0.055,1.76,202.0,62.367
150037.SZ,20190419,1.83,1.841,1.841,1.841,1.841,0.011,0.6011,0.02,0.003
163409.SZ,20190419,1.655,1.652,1.66,1.646,1.66,0.005,0.3021,7.0,1.156
160512.SZ,20190419,1.798,1.747,1.785,1.747,1.771,-0.027,-1.5017,72.0,12.659
159908.SZ,20190419,1.465,1.464,1.475,1.456,1.475,0.01,0.6826,36422.0,5336.347
159907.SZ,20190419,1.34,1.325,1.35,1.322,1.35,0.01,0.7463,5523.0,739.183
163110.SZ,20190419,1.745,1.735,1.763,1.735,1.763,0.018,1.0315,1720.0,298.747
159909.SZ,20190419,4.684,4.686,4.756,4.667,4.756,0.072,1.5371,3003.0,1412.815
510270.SH,20190419,1.181,1.174,1.183,1.168,1.179,-0.002,-0.1693,2636.68,310.424
161217.SZ,20190419,0.692,0.69,0.692,0.681,0.692,0.0,0.0,260.0,17.867
165512.SZ,20190419,1.996,1.996,2.02,1.996,2.011,0.015,0.7515,46.76,9.359
159910.SZ,20190419,1.961,1.96,1.995,1.947,1.995,0.034,1.7338,7656.0,1512.189
162712.SZ,20190419,1.427,1.423,1.429,1.423,1.426,-0.001,-0.0701,355.63,50.622
160719.SZ,20190419,0.697,0.695,0.698,0.695,0.698,0.001,0.1435,982.0,68.469
159911.SZ,20190419,3.95,3.95,3.95,3.95,3.95,0.0,0.0,20.0,7.9
164701.SZ,20190419,0.596,0.602,0.602,0.596,0.596,0.0,0.0,230.0,13.725
160415.SZ,20190419,1.279,1.265,1.27,1.265,1.27,-0.009,-0.7037,86.0,10.907
159915.SZ,20190419,1.629,1.63,1.645,1.617,1.645,0.016,0.9822,4125438.8,672817.895
159916.SZ,20190419,4.249,4.249,4.305,4.215,4.304,0.055,1.2944,1757.0,751.676
159912.SZ,20190419,1.339,1.338,1.348,1.328,1.346,0.007,0.5228,6306.0,844.127
510290.SH,20190419,1.56,1.551,1.561,1.543,1.561,0.001,0.0641,20861.0,3238.583
160125.SZ,20190419,1.078,1.097,1.097,1.069,1.076,-0.002,-0.1855,2255.0,242.414
159913.SZ,20190419,1.963,1.942,2.03,1.941,2.03,0.067,3.4131,908.0,178.982
163208.SZ,20190419,0.844,0.839,0.841,0.839,0.839,-0.005,-0.5924,2439.14,204.667
161017.SZ,20190419,1.974,1.972,1.984,1.958,1.981,0.007,0.3546,12399.75,2443.504
162411.SZ,20190419,0.53,0.528,0.53,0.527,0.529,-0.001,-0.1887,364169.06,19257.759
150047.SZ,20190419,0.996,0.996,0.996,0.996,0.996,0.0,0.0,200.0,19.92
150048.SZ,20190419,1.284,1.291,1.299,1.264,1.29,0.006,0.4673,2201.0,283.238
150054.SZ,20190419,0.999,0.999,0.999,0.999,0.999,0.0,0.0,50.0,4.995
150064.SZ,20190419,0.988,0.99,0.99,0.99,0.99,0.002,0.2024,90.0,8.91
150065.SZ,20190419,0.916,0.908,0.911,0.908,0.911,-0.005,-0.5459,133.89,12.174
165513.SZ,20190419,0.412,0.413,0.414,0.412,0.413,0.001,0.2427,1973.0,81.389
161219.SZ,20190419,1.374,1.374,1.375,1.374,1.375,0.001,0.0728,21.0,2.887
150051.SZ,20190419,0.984,0.984,0.985,0.984,0.984,0.0,0.0,6010.0,591.385
150052.SZ,20190419,1.077,1.061,1.149,1.061,1.146,0.069,6.4067,109089.38,11963.934
161614.SZ,20190419,1.059,1.062,1.062,1.06,1.06,0.001,0.0944,11.0,1.167
150049.SZ,20190419,0.974,0.973,0.974,0.973,0.974,0.0,0.0,110.0,10.708
150050.SZ,20190419,1.335,1.353,1.353,1.31,1.347,0.012,0.8989,1230.0,164.683
159918.SZ,20190419,1.564,1.504,1.57,1.502,1.57,0.006,0.3836,934.0,145.166
160416.SZ,20190419,1.021,1.017,1.017,1.012,1.014,-0.007,-0.6856,3204.17,324.857
150075.SZ,20190419,0.7,0.637,0.637,0.637,0.637,-0.063,-9.0,7.44,0.473
163412.SZ,20190419,3.445,3.456,3.471,3.434,3.47,0.025,0.7257,4403.0,1521.827
510410.SH,20190419,0.685,0.683,0.693,0.678,0.693,0.008,1.1679,30877.0,2118.225
165516.SZ,20190419,2.043,2.05,2.055,2.05,2.055,0.012,0.5874,3.0,0.615
160216.SZ,20190419,0.56,0.546,0.56,0.542,0.557,-0.003,-0.5357,58629.72,3239.148
150084.SZ,20190419,1.445,1.478,1.478,1.478,1.478,0.033,2.2837,1.0,0.147
159919.SZ,20190419,4.054,4.054,4.104,4.021,4.103,0.049,1.2087,908456.0,369566.913
510300.SH,20190419,4.06,4.063,4.12,4.029,4.12,0.06,1.4778,4578385.76,1866441.12
161019.SZ,20190419,1.05,1.052,1.054,1.052,1.054,0.004,0.381,415.0,43.716
163821.SZ,20190419,1.445,1.463,1.463,1.437,1.437,-0.008,-0.5536,22.0,3.215
160128.SZ,20190419,1.034,1.033,1.033,1.033,1.033,-0.001,-0.0967,10.0,1.033
164810.SZ,20190419,0.992,0.999,0.999,0.999,0.999,0.007,0.7056,11.0,1.098
150104.SZ,20190419,1.012,0.96,0.96,0.96,0.96,-0.052,-5.1383,25.0,2.4
150105.SZ,20190419,1.847,1.847,1.847,1.847,1.847,0.0,0.0,100.65,18.59
164702.SZ,20190419,1.036,1.036,1.038,1.032,1.033,-0.003,-0.2896,1261.0,130.313
159920.SZ,20190419,1.553,1.556,1.57,1.556,1.562,0.009,0.5795,2475517.07,387108.74
510900.SH,20190419,1.245,1.248,1.26,1.247,1.254,0.009,0.7229,13127501.0,1646520.666
161820.SZ,20190419,1.109,1.12,1.12,1.101,1.11,0.001,0.0902,227.0,25.272
510430.SH,20190419,1.55,1.569,1.6,1.56,1.56,0.01,0.6452,121.15,19.268
160916.SZ,20190419,2.8,2.783,2.816,2.771,2.803,0.003,0.1071,1614.26,450.143
510440.SH,20190419,1.724,1.693,1.72,1.69,1.719,-0.005,-0.29,1951.27,330.422
150095.SZ,20190419,1.386,1.5,1.5,1.5,1.5,0.114,8.2251,1.0,0.15
150106.SZ,20190419,1.04,1.04,1.041,1.04,1.041,0.001,0.0962,18224.11,1895.563
150107.SZ,20190419,0.802,0.804,0.819,0.792,0.819,0.017,2.1197,371238.7,29976.442
150100.SZ,20190419,0.979,0.981,0.982,0.98,0.981,0.002,0.2043,19178.99,1880.985
150101.SZ,20190419,1.341,1.334,1.364,1.302,1.363,0.022,1.6406,1896.27,254.717
161119.SZ,20190419,1.348,1.348,1.352,1.348,1.352,0.004,0.2967,112.02,15.102
166902.SZ,20190419,1.006,1.057,1.057,1.018,1.018,0.012,1.1928,6.0,0.63
160621.SZ,20190419,1.086,1.092,1.092,1.092,1.092,0.006,0.5525,4.0,0.436
163415.SZ,20190419,1.827,1.816,1.84,1.81,1.84,0.013,0.7115,5102.98,932.843
510330.SH,20190419,4.06,4.06,4.12,4.033,4.12,0.06,1.4778,1282216.0,522659.363
511990.SH,20190419,99.994,100.002,100.017,100.001,100.016,0.022,0.022,859250.43,8593209.674
159922.SZ,20190419,6.007,6.007,6.049,5.923,6.049,0.042,0.6992,135470.0,81121.792
510500.SH,20190419,6.172,6.163,6.228,6.097,6.225,0.053,0.8587,1975160.79,1216562.352
150117.SZ,20190419,0.995,0.995,0.995,0.995,0.995,0.0,0.0,2660.71,264.74
150118.SZ,20190419,1.322,1.325,1.35,1.314,1.342,0.02,1.5129,64964.09,8649.375
159923.SZ,20190419,1.74,1.723,1.751,1.7,1.75,0.01,0.5747,4010.06,697.407
510310.SH,20190419,1.762,1.76,1.785,1.747,1.785,0.023,1.3053,305942.0,54008.819
511010.SH,20190419,115.859,115.86,116.016,115.86,115.958,0.099,0.0854,11600.0,134541.766
160212.SZ,20190419,2.045,2.045,2.06,2.026,2.059,0.014,0.6846,3381.0,690.131
510660.SH,20190419,1.837,1.838,1.847,1.823,1.842,0.005,0.2722,20420.0,3737.646
510650.SH,20190419,2.004,2.003,2.028,2.001,2.021,0.017,0.8483,3346.53,673.906
510630.SH,20190419,2.708,2.712,2.72,2.679,2.718,0.01,0.3693,7155.0,1932.991
159925.SZ,20190419,1.738,1.72,1.758,1.72,1.757,0.019,1.0932,11562.36,2009.544
150123.SZ,20190419,1.016,1.017,1.018,1.017,1.018,0.002,0.1969,2922.0,297.292
150124.SZ,20190419,0.83,0.832,0.858,0.825,0.858,0.028,3.3735,12491.99,1050.117
163210.SZ,20190419,1.167,1.168,1.169,1.167,1.168,0.001,0.0857,27202.13,3176.728
510510.SH,20190419,1.632,1.629,1.644,1.617,1.642,0.01,0.6127,248144.43,40419.172
511880.SH,20190419,100.925,100.941,100.945,100.935,100.938,0.013,0.0129,623337.76,6291953.388
165313.SZ,20190419,1.436,1.444,1.45,1.43,1.45,0.014,0.9749,2793.0,400.173
159001.SZ,20190419,100.003,100.0,100.001,99.996,100.0,-0.003,-0.003,62170.84,621703.807
160130.SZ,20190419,0.993,0.99,1.001,0.99,1.001,0.008,0.8056,227.0,22.718
161911.SZ,20190419,1.048,1.049,1.049,1.048,1.049,0.001,0.0954,19214.0,2015.446
162715.SZ,20190419,1.111,1.11,1.11,1.11,1.11,-0.001,-0.09,2.0,0.222
502055.SH,20190419,1.167,1.158,1.193,1.155,1.162,-0.005,-0.4284,3563.43,415.312
161226.SZ,20190419,0.751,0.753,0.754,0.751,0.753,0.002,0.2663,43594.07,3278.127
167501.SZ,20190419,1.159,1.159,1.16,1.159,1.16,0.001,0.0863,2826.25,327.733
510580.SH,20190419,5.728,5.73,5.756,5.675,5.756,0.028,0.4888,1716.0,981.043
161227.SZ,20190419,1.017,1.014,1.03,1.012,1.03,0.013,1.2783,13482.77,1380.377
511980.SH,20190419,99.995,100.001,100.01,100.001,100.01,0.015,0.015,735.32,7353.648
511900.SH,20190419,99.995,99.999,100.011,99.999,100.009,0.014,0.014,3955.21,39554.303
161229.SZ,20190419,1.213,1.22,1.22,1.22,1.22,0.007,0.5771,2.0,0.244
164206.SZ,20190419,1.131,1.135,1.14,1.135,1.139,0.008,0.7073,7.0,0.797
501005.SH,20190419,0.871,0.866,0.878,0.866,0.874,0.003,0.3444,1670.05,145.569
511960.SH,20190419,100.001,100.02,100.066,100.0,100.012,0.011,0.011,412.06,4121.82
161033.SZ,20190419,0.987,0.987,0.989,0.969,0.989,0.002,0.2026,571.0,55.888
169103.SZ,20190419,1.282,1.283,1.303,1.28,1.284,0.002,0.156,1905.0,246.729
511820.SH,20190419,99.997,99.997,100.007,99.997,100.005,0.008,0.008,921.0,9210.32
168102.SZ,20190419,0.933,0.934,0.938,0.928,0.937,0.004,0.4287,12868.32,1201.77
161823.SZ,20190419,1.103,1.132,1.132,1.132,1.132,0.029,2.6292,10.0,1.132
163005.SZ,20190419,0.868,0.877,0.877,0.863,0.876,0.008,0.9217,555.0,48.162
501015.SH,20190419,0.858,0.85,0.859,0.85,0.858,0.0,0.0,6372.15,541.895
162415.SZ,20190419,1.512,1.512,1.518,1.512,1.518,0.006,0.3968,611.0,92.746
160518.SZ,20190419,1.199,1.204,1.204,1.193,1.202,0.003,0.2502,11620.04,1389.892
511920.SH,20190419,100.0,99.996,100.03,99.996,100.003,0.003,0.003,7.27,72.703
159948.SZ,20190419,1.78,1.781,1.792,1.768,1.791,0.011,0.618,43551.0,7739.012
161232.SZ,20190419,0.693,0.709,0.709,0.691,0.696,0.003,0.4329,4889.16,343.72
165528.SZ,20190419,0.877,0.876,0.876,0.873,0.873,-0.004,-0.4561,521.0,45.636
501017.SH,20190419,0.846,0.834,0.851,0.834,0.851,0.005,0.591,438.54,36.851
160519.SZ,20190419,1.082,1.093,1.1,1.089,1.099,0.017,1.5712,3794.23,415.483
501018.SH,20190419,1.141,1.142,1.145,1.137,1.14,-0.001,-0.0876,4493.94,512.147
162215.SZ,20190419,1.19,1.19,1.19,1.087,1.087,-0.103,-8.6555,21.0,2.488
501021.SH,20190419,1.434,1.44,1.444,1.434,1.444,0.01,0.6974,2298.6,330.557
159949.SZ,20190419,0.591,0.593,0.599,0.588,0.599,0.008,1.3536,6249906.65,370875.748
511850.SH,20190419,100.002,100.011,100.018,100.009,100.017,0.015,0.015,13129.26,131311.715
169104.SZ,20190419,1.328,1.328,1.334,1.316,1.334,0.006,0.4518,5165.0,686.529
512660.SH,20190419,0.845,0.84,0.843,0.828,0.842,-0.003,-0.355,1113388.43,92942.983
511910.SH,20190419,100.01,100.087,100.087,100.002,100.002,-0.008,-0.008,8.14,81.461
512880.SH,20190419,1.065,1.069,1.085,1.064,1.08,0.015,1.4085,5121050.69,550627.795
167001.SZ,20190419,0.734,0.737,0.743,0.731,0.74,0.006,0.8174,3776.32,279.169
161834.SZ,20190419,0.824,0.823,0.826,0.822,0.826,0.002,0.2427,62634.94,5160.183
160520.SZ,20190419,1.029,1.028,1.029,1.028,1.029,0.0,0.0,13.0,1.337
163003.SZ,20190419,0.638,0.639,0.639,0.639,0.639,0.001,0.1567,14.0,0.894
160225.SZ,20190419,0.905,0.902,0.919,0.87,0.904,-0.001,-0.1105,1237.29,111.318
511970.SH,20190419,100.009,100.0,100.37,99.985,100.01,0.001,0.001,289.39,2897.961
168103.SZ,20190419,0.864,0.867,0.872,0.859,0.87,0.006,0.6944,80688.34,6982.36
512810.SH,20190419,0.8,0.8,0.8,0.786,0.798,-0.002,-0.25,34699.0,2749.994
510810.SH,20190419,1.027,1.027,1.035,1.016,1.03,0.003,0.2921,2328715.8,239875.207
160921.SZ,20190419,0.899,0.901,0.913,0.899,0.913,0.014,1.5573,18.12,1.633
160522.SZ,20190419,0.989,1.0,1.006,0.988,1.006,0.017,1.7189,278.01,27.719
160635.SZ,20190419,1.047,1.052,1.055,1.043,1.048,0.001,0.0955,796.0,83.251
164403.SZ,20190419,1.168,1.181,1.185,1.181,1.185,0.017,1.4555,41.0,4.849
169105.SZ,20190419,1.331,1.329,1.345,1.321,1.342,0.011,0.8264,75004.08,10000.844
512680.SH,20190419,0.836,0.836,0.837,0.818,0.833,-0.003,-0.3589,65139.0,5380.922
512000.SH,20190419,1.015,1.017,1.034,1.014,1.027,0.012,1.1823,2721026.93,278681.496
165525.SZ,20190419,0.925,0.923,0.935,0.922,0.934,0.009,0.973,10108.61,936.252
160421.SZ,20190419,1.083,1.08,1.101,1.079,1.101,0.018,1.662,43377.1,4731.341
501026.SH,20190419,0.835,0.834,0.858,0.833,0.852,0.017,2.0359,5192.25,433.407
160723.SZ,20190419,1.197,1.197,1.199,1.196,1.198,0.001,0.0835,829.0,99.222
166402.SZ,20190419,1.118,1.113,1.113,1.113,1.113,-0.005,-0.4472,2.0,0.222
161835.SZ,20190419,1.038,1.043,1.043,1.043,1.043,0.005,0.4817,2.0,0.208
159952.SZ,20190419,0.986,0.987,0.992,0.978,0.992,0.006,0.6085,422839.0,41716.513
501016.SH,20190419,1.091,1.095,1.113,1.085,1.097,0.006,0.55,16654.0,1819.332
161037.SZ,20190419,1.085,1.059,1.091,1.059,1.086,0.001,0.0922,815.0,88.284
159950.SZ,20190419,1.052,1.041,1.054,1.041,1.054,0.002,0.1901,1336.0,139.995
512550.SH,20190419,1.192,1.2,1.214,1.188,1.214,0.022,1.8456,8555.0,1026.922
160324.SZ,20190419,1.018,1.02,1.021,1.011,1.021,0.003,0.2947,1438.07,146.686
501302.SH,20190419,1.185,1.105,1.185,1.105,1.185,0.0,0.0,14.0,1.587
161130.SZ,20190419,1.258,1.327,1.327,1.325,1.325,0.067,5.3259,79.0,10.468
159955.SZ,20190419,0.918,0.918,0.924,0.911,0.924,0.006,0.6536,13540.0,1243.946
160643.SZ,20190419,0.881,0.881,0.881,0.873,0.881,0.0,0.0,87.0,7.619
159953.SZ,20190419,0.855,0.851,0.856,0.842,0.856,0.001,0.117,540.44,45.879
159951.SZ,20190419,0.865,0.848,0.872,0.848,0.871,0.006,0.6936,305.0,26.386
163111.SZ,20190419,1.003,0.992,1.004,0.986,1.004,0.001,0.0997,920.65,91.705
512200.SH,20190419,0.978,0.967,0.98,0.963,0.978,0.0,0.0,42669.0,4148.141
512700.SH,20190419,1.142,1.149,1.159,1.143,1.15,0.008,0.7005,7703.0,886.883
512800.SH,20190419,1.103,1.105,1.119,1.1,1.113,0.01,0.9066,962699.92,106819.687
161038.SZ,20190419,1.014,1.013,1.013,1.013,1.013,-0.001,-0.0986,5.0,0.506
512400.SH,20190419,0.719,0.716,0.726,0.711,0.725,0.006,0.8345,169973.0,12213.914
512560.SH,20190419,0.914,0.905,0.923,0.901,0.913,-0.001,-0.1094,5465.0,495.052
512570.SH,20190419,1.01,1.011,1.023,1.01,1.013,0.003,0.297,4568.0,464.104
161715.SZ,20190419,1.017,1.0,1.029,1.0,1.025,0.008,0.7866,450.06,45.485
160924.SZ,20190419,1.075,1.088,1.183,1.088,1.099,0.024,2.2326,559.0,61.315
501036.SH,20190419,0.911,0.911,0.916,0.9,0.913,0.002,0.2195,1147.0,104.525
501037.SH,20190419,0.905,0.905,0.918,0.9,0.918,0.013,1.4365,224.0,20.19
501038.SH,20190419,1.086,1.081,1.094,1.079,1.089,0.003,0.2762,21774.79,2361.255
511260.SH,20190419,104.801,104.9,104.99,104.889,104.911,0.11,0.105,1124.0,11796.233
511620.SH,20190419,99.98,99.923,100.098,99.923,99.993,0.013,0.013,12.06,120.689
166023.SZ,20190419,1.052,1.052,1.056,1.0,1.05,-0.002,-0.1901,2489.9,256.545
511670.SH,20190419,99.994,100.001,100.01,100.001,100.01,0.016,0.016,1518.23,15183.325
501039.SH,20190419,1.06,1.059,1.059,1.059,1.059,-0.001,-0.0943,9.0,0.953
501040.SH,20190419,1.053,1.053,1.053,1.053,1.053,0.0,0.0,1.0,0.105
501043.SH,20190419,1.085,1.082,1.098,1.082,1.09,0.005,0.4608,6743.17,734.808
501045.SH,20190419,1.082,1.087,1.09,1.076,1.09,0.008,0.7394,945.01,102.688
160140.SZ,20190419,1.079,1.07,1.07,1.056,1.064,-0.015,-1.3902,1118.0,118.286
501046.SH,20190419,1.179,1.175,1.188,1.163,1.187,0.008,0.6785,40682.03,4788.882
510380.SH,20190419,1.025,1.035,1.035,1.026,1.035,0.01,0.9756,253.0,26.066
160644.SZ,20190419,0.868,0.893,0.893,0.893,0.893,0.025,2.8802,6.0,0.535
166024.SZ,20190419,0.994,0.996,0.997,0.987,0.996,0.002,0.2012,35238.4,3496.643
501047.SH,20190419,1.097,1.203,1.203,1.057,1.085,-0.012,-1.0939,2154.44,230.606
501048.SH,20190419,1.072,1.072,1.093,1.067,1.069,-0.003,-0.2799,877.5,94.17
159957.SZ,20190419,0.999,1.0,1.003,0.992,1.002,0.003,0.3003,6513.01,649.063
501106.SH,20190419,1.092,1.094,1.094,1.093,1.093,0.001,0.0916,191.0,20.881
501049.SH,20190419,1.008,1.002,1.016,0.995,1.013,0.005,0.496,25834.38,2591.375
501051.SH,20190419,1.081,1.082,1.09,1.074,1.088,0.007,0.6475,4499.71,486.065
501305.SH,20190419,0.97,0.967,0.967,0.966,0.966,-0.004,-0.4124,158.93,15.364
159958.SZ,20190419,0.987,0.99,0.996,0.979,0.993,0.006,0.6079,21004.0,2073.478
510800.SH,20190419,1.055,1.054,1.072,1.048,1.072,0.017,1.6114,57342.0,6085.3
512980.SH,20190419,0.877,0.878,0.883,0.868,0.883,0.006,0.6842,48685.0,4270.738
159954.SZ,20190419,1.028,1.03,1.032,1.029,1.032,0.004,0.3891,18840.14,1941.35
510390.SH,20190419,4.131,4.122,4.184,4.101,4.183,0.052,1.2588,129692.73,53726.132
501053.SH,20190419,1.031,1.03,1.037,1.03,1.034,0.003,0.291,1105.67,114.015
161014.SZ,20190419,1.172,1.172,1.175,1.172,1.173,0.001,0.0853,2452.67,287.81
163417.SZ,20190419,0.974,0.974,0.984,0.973,0.982,0.008,0.8214,472316.05,46175.26
159956.SZ,20190419,0.965,0.965,0.97,0.955,0.968,0.003,0.3109,3230.07,310.215
501054.SH,20190419,0.941,0.941,0.949,0.936,0.948,0.007,0.7439,109096.67,10290.551
511280.SH,20190419,102.2,101.003,101.003,101.003,101.003,-1.197,-1.1712,1.0,10.1
162416.SZ,20190419,1.065,1.067,1.067,1.067,1.067,0.002,0.1878,515.08,54.959
510590.SH,20190419,5.885,5.87,5.919,5.815,5.919,0.034,0.5777,43291.35,25443.968
169106.SZ,20190419,1.029,1.029,1.032,1.027,1.032,0.003,0.2915,20308.01,2089.385
512160.SH,20190419,1.107,1.107,1.119,1.098,1.119,0.012,1.084,869744.0,96716.105
512520.SH,20190419,1.087,1.083,1.098,1.079,1.095,0.008,0.736,99417.49,10860.419
512180.SH,20190419,1.08,1.08,1.093,1.074,1.09,0.01,0.9259,326864.0,35404.609
512780.SH,20190419,0.927,0.931,0.938,0.925,0.938,0.011,1.1866,8582.0,800.101
513900.SH,20190419,1.019,1.015,1.015,1.015,1.015,-0.004,-0.3925,360.0,36.54
512280.SH,20190419,1.078,1.078,1.09,1.07,1.09,0.012,1.1132,1184224.0,127860.868
501057.SH,20190419,0.979,0.978,0.991,0.963,0.986,0.007,0.715,1705.17,166.503
501058.SH,20190419,0.974,0.986,0.986,0.97,0.982,0.008,0.8214,28.0,2.739
512090.SH,20190419,1.105,1.104,1.116,1.095,1.115,0.01,0.905,1051930.05,116221.111
512360.SH,20190419,1.127,1.137,1.137,1.122,1.134,0.007,0.6211,2408.0,272.056
161039.SZ,20190419,1.176,1.176,1.191,1.171,1.188,0.012,1.0204,144.27,17.002
512770.SH,20190419,1.075,1.075,1.088,1.075,1.088,0.013,1.2093,4778.0,517.347
164824.SZ,20190419,0.995,0.982,0.998,0.982,0.985,-0.01,-1.005,392.0,38.921
512390.SH,20190419,1.05,1.052,1.056,1.045,1.053,0.003,0.2857,261.0,27.439
161131.SZ,20190419,1.02,1.019,1.033,1.019,1.032,0.012,1.1765,601540.18,61790.389
161728.SZ,20190419,1.023,1.022,1.036,1.021,1.034,0.011,1.0753,299215.77,30794.136
501186.SH,20190419,1.043,1.041,1.065,1.041,1.06,0.017,1.6299,486185.47,51182.085
501188.SH,20190419,1.04,1.04,1.054,1.038,1.052,0.012,1.1538,552920.98,57971.723
501189.SH,20190419,1.038,1.038,1.062,1.038,1.059,0.021,2.0231,329721.5,34753.002
160142.SZ,20190419,1.029,1.028,1.043,1.028,1.042,0.013,1.2634,603847.06,62603.75
510600.SH,20190419,2.97,2.978,3.0,2.96,2.997,0.027,0.9091,2490.87,740.372
511270.SH,20190419,99.25,99.25,99.3,99.25,99.259,0.009,0.0091,421.0,4179.935
160726.SZ,20190419,1.064,1.062,1.071,1.062,1.071,0.007,0.6579,39728.45,4239.238
512850.SH,20190419,1.216,1.201,1.211,1.193,1.204,-0.012,-0.9868,4198.0,506.382
512820.SH,20190419,1.148,1.153,1.164,1.147,1.157,0.009,0.784,960371.0,110720.846
501060.SH,20190419,1.213,1.219,1.228,1.204,1.228,0.015,1.2366,2029.0,245.176
501061.SH,20190419,1.212,1.205,1.216,1.2,1.216,0.004,0.33,2392.0,287.833
501062.SH,20190419,0.927,0.927,0.931,0.926,0.929,0.002,0.2157,20009.94,1857.276
512860.SH,20190419,1.286,1.286,1.302,1.281,1.302,0.016,1.2442,10408.0,1347.598
501309.SH,20190419,1.136,1.036,1.138,1.036,1.137,0.001,0.088,326.91,34.975
501310.SH,20190419,1.094,1.095,1.099,1.088,1.093,-0.001,-0.0914,10659.12,1163.769
512960.SH,20190419,1.113,1.113,1.118,1.101,1.116,0.003,0.2695,638278.64,70888.751
512950.SH,20190419,1.112,1.112,1.118,1.103,1.118,0.006,0.5396,126014.81,13992.483
159959.SZ,20190419,1.154,1.155,1.16,1.145,1.159,0.005,0.4333,112310.18,12956.304
159960.SZ,20190419,1.043,1.044,1.048,1.044,1.048,0.005,0.4794,6360.0,665.418
161132.SZ,20190419,1.068,1.069,1.074,1.064,1.074,0.006,0.5618,2691.0,287.547
512920.SH,20190419,1.273,1.238,1.287,1.238,1.273,0.0,0.0,1143.0,145.181
512040.SH,20190419,1.23,1.231,1.239,1.22,1.238,0.008,0.6504,102789.0,12634.801
167002.SZ,20190419,1.024,0.981,1.024,0.981,1.024,0.0,0.0,11.0,1.083
511660.SH,20190419,100.005,100.007,100.017,100.005,100.016,0.011,0.011,87201.74,872110.55
168105.SZ,20190419,0.858,0.862,0.863,0.851,0.862,0.004,0.4662,6366.25,546.55
512100.SH,20190419,0.745,0.74,0.752,0.736,0.752,0.007,0.9396,298426.0,22162.83
501022.SH,20190419,1.006,1.0,1.009,0.995,1.009,0.003,0.2982,2769.56,277.44
501023.SH,20190419,1.154,1.141,1.141,1.141,1.141,-0.013,-1.1265,20.0,2.282
511600.SH,20190419,99.995,100.0,100.01,100.0,100.01,0.015,0.015,2548.41,25485.417
160722.SZ,20190419,1.088,1.09,1.095,1.09,1.095,0.007,0.6434,1014.19,110.769
511690.SH,20190419,99.994,100.0,100.01,100.0,100.01,0.016,0.016,31774.03,317758.674
511700.SH,20190419,99.996,100.0,100.011,100.0,100.006,0.01,0.01,1041.35,10414.21
501050.SH,20190419,1.315,1.315,1.32,1.309,1.318,0.003,0.2281,25770.9,3389.89
160223.SZ,20190419,0.8,0.803,0.805,0.794,0.805,0.005,0.625,1205.0,96.465
161035.SZ,20190419,1.04,1.017,1.03,1.017,1.03,-0.01,-0.9615,27.0,2.769
501025.SH,20190419,1.124,1.123,1.123,1.115,1.121,-0.003,-0.2669,1679.54,187.28
501028.SH,20190419,0.907,0.901,0.903,0.891,0.903,-0.004,-0.441,790.95,71.302
169201.SZ,20190419,1.1,1.1,1.1,1.1,1.1,0.0,0.0,1000.01,110.001
162717.SZ,20190419,0.937,0.967,0.967,0.966,0.966,0.029,3.095,5.0,0.483
511950.SH,20190419,99.997,99.997,100.11,99.997,100.11,0.113,0.113,0.2,2.001
164703.SZ,20190419,0.868,0.868,0.868,0.868,0.868,0.0,0.0,7.0,0.607
501300.SH,20190419,0.992,0.993,0.994,0.993,0.994,0.002,0.2016,257.0,25.536
161126.SZ,20190419,1.194,1.191,1.195,1.177,1.189,-0.005,-0.4188,999.8,117.931
161125.SZ,20190419,1.245,1.224,1.247,1.224,1.24,-0.005,-0.4016,255.0,31.469
168301.SZ,20190419,0.995,0.998,1.011,0.996,1.0,0.005,0.5025,15245.03,1526.136
160323.SZ,20190419,0.972,0.968,0.968,0.968,0.968,-0.004,-0.4115,150.0,14.52
161127.SZ,20190419,1.268,1.268,1.269,1.255,1.259,-0.009,-0.7098,2475.0,311.881
161128.SZ,20190419,1.489,1.473,1.479,1.473,1.478,-0.011,-0.7388,32.0,4.725
168401.SZ,20190419,1.151,1.164,1.17,1.164,1.17,0.019,1.6507,11.0,1.286
161129.SZ,20190419,1.175,1.184,1.186,1.149,1.15,-0.025,-2.1277,18059.05,2083.443
501029.SH,20190419,1.111,1.107,1.117,1.102,1.116,0.005,0.45,73097.12,8122.317
501007.SH,20190419,0.963,0.963,0.983,0.963,0.983,0.02,2.0768,262.0,25.402
501008.SH,20190419,0.978,0.978,0.978,0.976,0.976,-0.002,-0.2045,568.7,55.55
501011.SH,20190419,0.937,0.936,0.941,0.927,0.94,0.003,0.3202,320.0,29.72
501012.SH,20190419,0.935,0.924,0.924,0.924,0.924,-0.011,-1.1765,1.0,0.092
501009.SH,20190419,1.154,1.165,1.165,1.139,1.153,-0.001,-0.0867,247.0,28.532
501030.SH,20190419,0.669,0.666,0.674,0.666,0.667,-0.002,-0.299,201.0,13.531
501010.SH,20190419,1.16,1.16,1.16,1.155,1.155,-0.005,-0.431,101.0,11.716
501031.SH,20190419,0.669,0.669,0.669,0.669,0.669,0.0,0.0,800.0,53.52
501027.SH,20190419,1.021,1.021,1.028,1.021,1.028,0.007,0.6856,158.0,16.169
513050.SH,20190419,1.306,1.306,1.316,1.306,1.316,0.01,0.7657,82098.0,10777.232
511650.SH,20190419,99.993,100.0,100.01,100.0,100.009,0.016,0.016,4306.03,43062.354
162718.SZ,20190419,0.977,0.97,0.971,0.97,0.971,-0.006,-0.6141,130.13,12.632
501032.SH,20190419,0.756,0.739,0.764,0.739,0.758,0.002,0.2646,1687.9,128.835
512580.SH,20190419,0.854,0.855,0.864,0.846,0.863,0.009,1.0539,87437.0,7487.709
161631.SZ,20190419,1.033,1.032,1.04,1.026,1.04,0.007,0.6776,56588.77,5846.777
162719.SZ,20190419,0.99,0.983,0.985,0.981,0.985,-0.005,-0.5051,221.0,21.726
512900.SH,20190419,1.028,1.028,1.048,1.028,1.041,0.013,1.2646,65631.0,6814.032
161036.SZ,20190419,0.714,0.694,0.707,0.694,0.707,-0.007,-0.9804,30.06,2.125
511770.SH,20190419,99.999,100.005,100.005,99.999,100.003,0.004,0.004,4.33,43.302
501019.SH,20190419,0.828,0.823,0.828,0.814,0.822,-0.006,-0.7246,5875.61,481.1
501301.SH,20190419,1.218,1.213,1.219,1.204,1.218,0.0,0.0,652.0,79.027
150184.SZ,20190419,1.018,1.019,1.025,1.019,1.025,0.007,0.6876,4305.11,441.004
150185.SZ,20190419,1.33,1.335,1.349,1.311,1.34,0.01,0.7519,6691.09,892.608
159936.SZ,20190419,1.473,1.48,1.481,1.454,1.477,0.004,0.2716,4959.0,725.16
512600.SH,20190419,2.71,2.701,2.729,2.681,2.717,0.007,0.2583,297.0,80.423
512610.SH,20190419,1.488,1.507,1.507,1.486,1.49,0.002,0.1344,396.0,58.982
512640.SH,20190419,2.09,2.096,2.109,2.096,2.109,0.019,0.9091,1651.0,347.867
512070.SH,20190419,2.33,2.33,2.384,2.33,2.383,0.053,2.2747,29514.0,6973.033
512220.SH,20190419,1.34,1.331,1.343,1.288,1.343,0.003,0.2239,1265.0,167.638
150186.SZ,20190419,1.001,1.001,1.001,0.999,1.001,0.0,0.0,2.99,0.299
150187.SZ,20190419,1.285,1.275,1.284,1.265,1.283,-0.002,-0.1556,1147.72,146.453
160133.SZ,20190419,2.406,2.395,2.414,2.391,2.414,0.008,0.3325,1647.93,395.597
150188.SZ,20190419,0.999,0.999,1.001,0.999,1.001,0.002,0.2002,558.05,55.853
150189.SZ,20190419,0.664,0.646,0.663,0.646,0.65,-0.014,-2.1084,17.2,1.123
513030.SH,20190419,1.021,1.025,1.028,1.023,1.025,0.004,0.3918,23433.0,2404.88
159937.SZ,20190419,2.751,2.761,2.771,2.761,2.764,0.013,0.4726,1059097.0,293177.568
150190.SZ,20190419,1.001,1.005,1.005,1.005,1.005,0.004,0.3996,68.0,6.834
150191.SZ,20190419,1.639,1.543,1.671,1.543,1.64,0.001,0.061,192.88,31.298
150194.SZ,20190419,0.984,0.984,0.985,0.983,0.985,0.001,0.1016,37111.0,3652.035
150195.SZ,20190419,0.91,0.91,0.928,0.903,0.926,0.016,1.7582,138742.6,12723.716
150193.SZ,20190419,1.254,1.278,1.296,1.249,1.296,0.042,3.3493,4446.42,559.525
169101.SZ,20190419,1.529,1.526,1.543,1.52,1.542,0.013,0.8502,38556.77,5907.747
150198.SZ,20190419,0.983,0.983,0.983,0.981,0.982,-0.001,-0.1017,6156.46,604.139
150199.SZ,20190419,0.96,0.96,0.97,0.935,0.966,0.006,0.625,8482.15,807.173
505888.SH,20190419,1.012,1.011,1.011,1.008,1.01,-0.002,-0.1976,504462.83,50946.699
512300.SH,20190419,1.142,1.141,1.145,1.132,1.145,0.003,0.2627,2401.0,273.488
511220.SH,20190419,95.466,95.5,95.53,95.403,95.505,0.039,0.0409,584.76,5584.831
150200.SZ,20190419,0.983,0.983,0.984,0.983,0.984,0.001,0.1017,115453.47,11354.921
150201.SZ,20190419,1.419,1.427,1.463,1.42,1.452,0.033,2.3256,2310155.81,333181.915
150205.SZ,20190419,0.985,0.985,0.986,0.985,0.985,0.0,0.0,76356.77,7525.316
150206.SZ,20190419,0.685,0.68,0.694,0.666,0.693,0.008,1.1679,781784.77,53119.517
159938.SZ,20190419,1.35,1.35,1.363,1.342,1.359,0.009,0.6667,65094.0,8799.918
150207.SZ,20190419,0.985,0.989,0.989,0.985,0.985,0.0,0.0,275.08,27.173
150208.SZ,20190419,1.666,1.665,1.666,1.613,1.613,-0.053,-3.1813,198.12,32.982
160813.SZ,20190419,0.795,0.797,0.799,0.788,0.799,0.004,0.5031,6277.51,495.255
150173.SZ,20190419,0.983,0.984,0.985,0.983,0.985,0.002,0.2035,5216.0,513.142
150174.SZ,20190419,1.332,1.357,1.357,1.313,1.342,0.01,0.7508,235.0,30.913
511810.SH,20190419,99.999,100.003,100.014,100.003,100.013,0.014,0.014,52851.52,528560.528
511860.SH,20190419,99.993,100.001,100.016,99.994,100.007,0.014,0.014,686.94,6869.715
150204.SZ,20190419,1.126,1.114,1.135,1.109,1.133,0.007,0.6217,1537.5,171.388
150203.SZ,20190419,0.986,0.981,0.986,0.981,0.986,0.0,0.0,1419.91,139.893
511800.SH,20190419,99.996,99.998,100.009,99.998,100.009,0.013,0.013,1338.16,13382.288
150209.SZ,20190419,0.983,0.984,0.986,0.984,0.986,0.003,0.3052,51250.9,5045.327
150210.SZ,20190419,0.818,0.822,0.831,0.806,0.831,0.013,1.5892,95476.12,7827.855
160618.SZ,20190419,1.281,1.282,1.283,1.282,1.283,0.002,0.1561,15529.74,1991.132
513660.SH,20190419,2.67,2.684,2.684,2.676,2.677,0.007,0.2622,1546.0,414.501
513600.SH,20190419,2.663,2.661,2.689,2.653,2.685,0.022,0.8261,11810.0,3162.616
159005.SZ,20190419,99.999,99.999,100.001,99.999,100.001,0.002,0.002,1131.49,11314.895
159939.SZ,20190419,1.066,1.065,1.078,1.062,1.077,0.011,1.0319,357498.88,38331.614
169102.SZ,20190419,1.149,1.149,1.151,1.141,1.15,0.001,0.087,6232.1,715.051
160919.SZ,20190419,1.282,1.282,1.291,1.268,1.291,0.009,0.702,4477.0,571.286
161222.SZ,20190419,1.231,1.223,1.225,1.223,1.225,-0.006,-0.4874,400.04,48.984
512990.SH,20190419,1.186,1.184,1.198,1.177,1.197,0.011,0.9275,206136.0,24488.718
159940.SZ,20190419,1.056,1.045,1.069,1.045,1.058,0.002,0.1894,1615.3,170.938
150213.SZ,20190419,0.991,0.991,0.994,0.991,0.991,0.0,0.0,1361.0,135.003
150214.SZ,20190419,1.394,1.325,1.417,1.316,1.417,0.023,1.6499,781.03,108.065
150215.SZ,20190419,0.995,1.012,1.012,1.0,1.011,0.016,1.608,508.0,50.808
150216.SZ,20190419,0.985,0.987,0.999,0.969,0.985,0.0,0.0,2498.73,244.473
161716.SZ,20190419,1.226,1.227,1.227,1.227,1.227,0.001,0.0816,101.0,12.392
150217.SZ,20190419,0.982,0.982,0.983,0.982,0.983,0.001,0.1018,14209.0,1395.338
150218.SZ,20190419,1.234,1.228,1.25,1.214,1.233,-0.001,-0.081,689.73,84.598
150211.SZ,20190419,0.992,0.99,0.992,0.989,0.991,-0.001,-0.1008,14426.0,1427.5
150212.SZ,20190419,1.121,1.131,1.133,1.094,1.116,-0.005,-0.446,38907.36,4340.586
150223.SZ,20190419,1.0,1.0,1.001,1.0,1.0,0.0,0.0,70768.68,7082.085
150224.SZ,20190419,1.119,1.122,1.156,1.117,1.14,0.021,1.8767,223550.89,25372.465
161224.SZ,20190419,1.078,1.061,1.077,1.061,1.074,-0.004,-0.3711,415.0,44.216
150196.SZ,20190419,0.995,0.994,0.995,0.994,0.994,-0.001,-0.1005,357798.46,35574.609
150197.SZ,20190419,0.717,0.705,0.725,0.692,0.72,0.003,0.4184,1189441.47,84188.884
150221.SZ,20190419,1.025,1.026,1.026,1.024,1.025,0.0,0.0,19136.0,1960.329
150222.SZ,20190419,1.21,1.211,1.211,1.187,1.208,-0.002,-0.1653,61592.63,7379.362
512310.SH,20190419,0.557,0.557,0.561,0.552,0.561,0.004,0.7181,2234.0,124.129
502048.SH,20190419,0.965,0.968,0.976,0.96,0.975,0.01,1.0363,43671.11,4225.668
502049.SH,20190419,0.969,0.97,0.971,0.969,0.969,0.0,0.0,114798.39,11134.426
502050.SH,20190419,0.964,0.969,0.984,0.954,0.984,0.02,2.0747,164290.34,15967.547
512340.SH,20190419,0.869,0.864,0.868,0.855,0.868,-0.001,-0.1151,1014.0,87.272
502000.SH,20190419,1.001,0.973,0.973,0.973,0.973,-0.028,-2.7972,34.74,3.38
502001.SH,20190419,0.986,0.986,0.986,0.986,0.986,0.0,0.0,191.5,18.882
502002.SH,20190419,1.075,0.971,1.075,0.971,1.075,0.0,0.0,29.23,2.849
150220.SZ,20190419,0.87,0.875,0.876,0.857,0.871,0.001,0.1149,24811.0,2153.224
166011.SZ,20190419,1.313,1.313,1.338,1.313,1.313,0.0,0.0,205.0,26.921
512500.SH,20190419,2.869,2.869,2.885,2.836,2.884,0.015,0.5228,360903.8,103340.063
150227.SZ,20190419,0.989,0.989,0.99,0.988,0.99,0.001,0.1011,167017.16,16531.594
150228.SZ,20190419,1.002,1.005,1.03,0.999,1.022,0.02,1.996,1146838.53,116343.121
512510.SH,20190419,1.225,1.222,1.234,1.213,1.234,0.009,0.7347,90087.86,11031.984
150241.SZ,20190419,1.003,1.004,1.004,1.004,1.004,0.001,0.0997,11584.13,1163.046
150242.SZ,20190419,1.172,1.172,1.2,1.172,1.195,0.023,1.9625,2947.78,351.255
166012.SZ,20190419,1.08,1.051,1.051,1.051,1.051,-0.029,-2.6852,9.0,0.945
150229.SZ,20190419,0.972,0.972,0.973,0.972,0.972,0.0,0.0,339.26,32.989
150230.SZ,20190419,1.097,1.123,1.123,1.077,1.098,0.001,0.0912,875.65,95.332
150231.SZ,20190419,1.012,1.011,1.014,1.011,1.014,0.002,0.1976,2122.0,214.893
150232.SZ,20190419,0.938,0.943,0.954,0.92,0.935,-0.003,-0.3198,2388.75,222.375
150226.SZ,20190419,1.52,1.53,1.574,1.53,1.56,0.04,2.6316,91.98,14.21
150235.SZ,20190419,0.973,0.975,0.975,0.975,0.975,0.002,0.2055,1.0,0.097
150236.SZ,20190419,1.19,1.205,1.205,1.186,1.194,0.004,0.3361,593.05,70.97
164906.SZ,20190419,1.262,1.268,1.27,1.262,1.266,0.004,0.317,6584.0,833.674
150247.SZ,20190419,0.999,0.995,0.999,0.995,0.999,0.0,0.0,121.65,12.121
150248.SZ,20190419,1.147,1.117,1.148,1.095,1.143,-0.004,-0.3487,177.18,19.86
150249.SZ,20190419,0.983,0.983,0.985,0.983,0.985,0.002,0.2035,996.0,97.979
150250.SZ,20190419,1.17,1.168,1.173,1.163,1.163,-0.007,-0.5983,930.0,108.456
510710.SH,20190419,3.256,3.255,3.299,3.242,3.297,0.041,1.2592,188332.92,61703.926
150251.SZ,20190419,0.982,0.999,1.038,0.999,1.038,0.056,5.7026,4527.14,461.439
150252.SZ,20190419,1.16,1.155,1.268,1.146,1.259,0.099,8.5345,27096.52,3249.784
150265.SZ,20190419,0.996,0.996,0.997,0.996,0.997,0.001,0.1004,1161.57,115.737
150266.SZ,20190419,1.243,1.233,1.266,1.233,1.265,0.022,1.7699,5474.17,685.638
150273.SZ,20190419,0.996,0.997,0.997,0.997,0.997,0.001,0.1004,0.54,0.053
150274.SZ,20190419,1.485,1.579,1.579,1.452,1.55,0.065,4.3771,1432.4,222.359
159943.SZ,20190419,10.942,10.868,11.09,10.868,10.976,0.034,0.3107,329.11,360.635
150261.SZ,20190419,0.998,0.997,0.997,0.996,0.997,-0.001,-0.1002,12638.0,1259.562
150262.SZ,20190419,0.893,0.908,0.908,0.885,0.907,0.014,1.5677,6210.65,559.389
510560.SH,20190419,1.238,1.235,1.235,1.235,1.235,-0.003,-0.2423,4.63,0.572
502013.SH,20190419,1.655,1.668,1.821,1.668,1.821,0.166,10.0302,75449.21,13348.055
502014.SH,20190419,1.045,1.034,1.14,1.02,1.14,0.095,9.0909,1441.91,150.107
502015.SH,20190419,2.368,2.367,2.588,2.367,2.588,0.22,9.2905,4194.13,1050.672
502020.SH,20190419,1.012,1.01,1.025,1.008,1.008,-0.004,-0.3953,302.02,30.462
502021.SH,20190419,0.991,0.992,0.992,0.99,0.99,-0.001,-0.1009,252.69,25.066
