ts_code,trade_date,pre_close,open,high,low,close,change,pct_chg,vol,amount
162607.SZ,20190829,0.524,0.524,0.528,0.524,0.527,0.003,0.5725,4860.0,255.979
160211.SZ,20190829,2.172,2.174,2.204,2.174,2.204,0.032,1.4733,1979.27,432.951
163402.SZ,20190829,0.766,0.767,0.768,0.764,0.765,-0.001,-0.1305,86896.31,6650.157
163302.SZ,20190829,1.065,1.06,1.06,1.058,1.058,-0.007,-0.6573,4.0,0.423
161005.SZ,20190829,2.197,2.197,2.205,2.188,2.199,0.002,0.091,10701.0,2350.27
161706.SZ,20190829,1.821,1.822,1.842,1.822,1.83,0.009,0.4942,2086.0,383.4
163503.SZ,20190829,0.441,0.437,0.44,0.434,0.435,-0.006,-1.3605,1030.0,44.829
159901.SZ,20190829,4.649,4.655,4.658,4.614,4.63,-0.019,-0.4087,379931.6,176142.094
510180.SH,20190829,3.467,3.471,3.475,3.441,3.459,-0.008,-0.2307,226438.01,78297.894
162207.SZ,20190829,1.39,1.388,1.399,1.386,1.399,0.009,0.6475,664.0,92.201
159902.SZ,20190829,2.905,2.912,2.928,2.894,2.91,0.005,0.1721,82852.0,24126.502
160607.SZ,20190829,0.721,0.722,0.727,0.715,0.72,-0.001,-0.1387,6293.11,452.263
510880.SH,20190829,2.767,2.77,2.772,2.747,2.754,-0.013,-0.4698,64332.0,17719.684
160610.SZ,20190829,0.944,0.936,0.944,0.936,0.944,0.0,0.0,46.0,4.317
166001.SZ,20190829,1.252,1.246,1.252,1.246,1.249,-0.003,-0.2396,333.81,41.672
160611.SZ,20190829,0.9,0.9,0.907,0.9,0.905,0.005,0.5556,264.0,23.798
160314.SZ,20190829,0.99,0.978,0.981,0.978,0.979,-0.011,-1.1111,1594.0,156.16
160613.SZ,20190829,1.446,1.44,1.446,1.44,1.446,0.0,0.0,2.0,0.288
161010.SZ,20190829,1.098,1.097,1.099,1.097,1.099,0.001,0.0911,933.0,102.453
160615.SZ,20190829,1.606,1.603,1.603,1.603,1.603,-0.003,-0.1868,1.0,0.16
161810.SZ,20190829,1.797,1.801,1.818,1.795,1.815,0.018,1.0017,10266.87,1858.981
510060.SH,20190829,1.819,1.812,1.828,1.812,1.827,0.008,0.4398,273.0,49.596
160119.SZ,20190829,1.253,1.255,1.258,1.247,1.254,0.001,0.0798,13450.42,1684.075
510010.SH,20190829,1.146,1.139,1.139,1.138,1.138,-0.008,-0.6981,146.0,16.615
162307.SZ,20190829,1.156,1.092,1.223,1.092,1.223,0.067,5.7958,2.0,0.231
165309.SZ,20190829,1.225,1.221,1.227,1.218,1.224,-0.001,-0.0816,128.0,15.657
150008.SZ,20190829,1.177,1.179,1.179,1.179,1.179,0.002,0.1699,17.0,2.004
159903.SZ,20190829,1.034,1.038,1.038,1.026,1.034,0.0,0.0,11164.0,1152.907
510020.SH,20190829,2.76,2.749,2.75,2.744,2.75,-0.01,-0.3623,198.0,54.355
160716.SZ,20190829,1.553,1.554,1.56,1.549,1.55,-0.003,-0.1932,1665.0,258.286
160616.SZ,20190829,1.109,1.111,1.111,1.1,1.107,-0.002,-0.1803,347.0,38.342
510130.SH,20190829,3.865,3.872,3.872,3.872,3.872,0.007,0.1811,2.0,0.774
510030.SH,20190829,5.14,5.133,5.133,5.086,5.087,-0.053,-1.0311,1055.0,537.605
510090.SH,20190829,1.773,1.773,1.773,1.773,1.773,0.0,0.0,60.0,10.638
150016.SZ,20190829,0.983,0.982,0.984,0.982,0.983,0.0,0.0,402.66,39.601
150017.SZ,20190829,1.146,1.133,1.146,1.133,1.146,0.0,0.0,990.28,113.016
150012.SZ,20190829,1.006,1.006,1.006,1.006,1.006,0.0,0.0,70.0,7.042
150013.SZ,20190829,1.0,0.973,0.998,0.973,0.998,-0.002,-0.2,120.21,11.84
150018.SZ,20190829,1.022,1.022,1.023,1.02,1.022,0.0,0.0,101118.9,10329.381
150019.SZ,20190829,0.895,0.899,0.899,0.883,0.887,-0.008,-0.8939,1158131.08,103035.23
161713.SZ,20190829,1.026,1.027,1.027,1.027,1.027,0.001,0.0975,11.0,1.129
510070.SH,20190829,1.71,1.702,1.709,1.702,1.709,-0.001,-0.0585,113.71,19.382
160215.SZ,20190829,1.413,1.43,1.43,1.424,1.428,0.015,1.0616,159.0,22.697
510160.SH,20190829,0.553,0.553,0.553,0.55,0.553,0.0,0.0,219.0,12.077
510110.SH,20190829,3.72,3.706,3.71,3.705,3.706,-0.014,-0.3763,47.0,17.422
160717.SZ,20190829,0.805,0.807,0.807,0.801,0.801,-0.004,-0.4969,228.0,18.304
164105.SZ,20190829,1.371,1.381,1.381,1.381,1.381,0.01,0.7294,40.0,5.524
165509.SZ,20190829,1.117,1.117,1.117,1.117,1.117,0.0,0.0,30.0,3.351
163407.SZ,20190829,1.969,1.97,1.97,1.95,1.962,-0.007,-0.3555,16747.55,3281.92
159905.SZ,20190829,1.884,1.884,1.889,1.864,1.878,-0.006,-0.3185,87692.0,16451.872
510190.SH,20190829,3.273,3.27,3.292,3.265,3.285,0.012,0.3666,53.0,17.365
150022.SZ,20190829,0.819,0.816,0.819,0.816,0.817,-0.002,-0.2442,68271.69,5576.715
150023.SZ,20190829,0.227,0.227,0.228,0.224,0.225,-0.002,-0.8811,258929.0,5841.465
510170.SH,20190829,1.634,1.632,1.639,1.632,1.637,0.003,0.1836,210.0,34.328
161815.SZ,20190829,0.474,0.474,0.475,0.474,0.475,0.001,0.211,338.0,16.024
510150.SH,20190829,5.279,5.286,5.289,5.218,5.268,-0.011,-0.2084,12484.0,6540.408
165510.SZ,20190829,0.725,0.724,0.726,0.724,0.724,-0.001,-0.1379,48.0,3.475
161213.SZ,20190829,1.643,1.668,1.668,1.65,1.65,0.007,0.426,30.0,4.951
159906.SZ,20190829,0.845,0.841,0.848,0.839,0.847,0.002,0.2367,1181.0,99.808
510220.SH,20190829,3.933,3.933,3.999,3.908,3.918,-0.015,-0.3814,199.0,78.156
510210.SH,20190829,3.662,3.661,3.666,3.642,3.66,-0.002,-0.0546,47914.0,17502.93
161714.SZ,20190829,0.988,0.984,0.984,0.979,0.981,-0.007,-0.7085,94.0,9.214
166009.SZ,20190829,1.8,1.79,1.79,1.79,1.79,-0.01,-0.5556,14.0,2.506
150028.SZ,20190829,1.006,1.006,1.007,1.006,1.006,0.0,0.0,10703.0,1076.743
150029.SZ,20190829,1.061,1.065,1.085,1.047,1.085,0.024,2.262,1178.35,125.389
161907.SZ,20190829,1.63,1.592,1.62,1.592,1.62,-0.01,-0.6135,13.0,2.072
150031.SZ,20190829,0.92,0.918,0.92,0.891,0.92,0.0,0.0,36.2,3.316
150030.SZ,20190829,1.008,1.02,1.02,1.02,1.02,0.012,1.1905,1.64,0.167
150032.SZ,20190829,1.004,1.004,1.005,1.004,1.005,0.001,0.0996,4121.48,413.902
150033.SZ,20190829,0.898,0.898,0.898,0.816,0.816,-0.082,-9.1314,20.26,1.817
161216.SZ,20190829,1.166,1.167,1.167,1.167,1.167,0.001,0.0858,108.61,12.674
510230.SH,20190829,5.589,5.589,5.597,5.543,5.556,-0.033,-0.5904,39194.0,21796.878
161116.SZ,20190829,0.861,0.862,0.883,0.862,0.874,0.013,1.5099,24524.13,2125.476
510120.SH,20190829,3.05,3.15,3.15,2.99,3.048,-0.002,-0.0656,3.0,0.919
163409.SZ,20190829,1.74,1.74,1.765,1.74,1.741,0.001,0.0575,397.0,69.704
160512.SZ,20190829,1.836,1.836,1.836,1.836,1.836,0.0,0.0,3.0,0.55
159908.SZ,20190829,1.405,1.401,1.405,1.397,1.398,-0.007,-0.4982,8041.0,1125.394
159907.SZ,20190829,1.188,1.196,1.212,1.189,1.2,0.012,1.0101,2091.0,249.947
163110.SZ,20190829,1.655,1.641,1.651,1.641,1.651,-0.004,-0.2417,13.86,2.275
159909.SZ,20190829,4.427,4.422,4.472,4.407,4.426,-0.001,-0.0226,5187.0,2302.412
510270.SH,20190829,1.113,1.127,1.127,1.108,1.11,-0.003,-0.2695,400.0,44.458
161217.SZ,20190829,0.611,0.608,0.608,0.608,0.608,-0.003,-0.491,32.0,1.945
159910.SZ,20190829,1.8,1.809,1.809,1.783,1.788,-0.012,-0.6667,5516.0,987.178
162712.SZ,20190829,1.461,1.463,1.463,1.462,1.463,0.002,0.1369,103.0,15.067
160719.SZ,20190829,0.863,0.863,0.873,0.863,0.873,0.01,1.1587,2649.0,229.608
164701.SZ,20190829,0.732,0.735,0.74,0.733,0.74,0.008,1.0929,1682.0,123.768
159915.SZ,20190829,1.565,1.566,1.573,1.557,1.558,-0.007,-0.4473,3319307.42,518872.181
159916.SZ,20190829,4.018,4.034,4.035,3.987,3.994,-0.024,-0.5973,1890.0,755.973
159912.SZ,20190829,1.25,1.246,1.263,1.242,1.259,0.009,0.72,3827.0,478.424
160125.SZ,20190829,1.031,1.034,1.034,1.034,1.034,0.003,0.291,1.0,0.103
159913.SZ,20190829,1.874,1.853,1.873,1.834,1.871,-0.003,-0.1601,342.0,62.968
163208.SZ,20190829,0.744,0.754,0.754,0.749,0.751,0.007,0.9409,30.0,2.254
161017.SZ,20190829,1.757,1.757,1.759,1.751,1.758,0.001,0.0569,6149.29,1079.618
162411.SZ,20190829,0.385,0.388,0.389,0.386,0.387,0.002,0.5195,1116341.42,43254.905
150048.SZ,20190829,1.359,1.377,1.377,1.341,1.342,-0.017,-1.2509,68.0,9.194
150060.SZ,20190829,0.803,0.789,0.789,0.789,0.789,-0.014,-1.7435,10.0,0.789
165513.SZ,20190829,0.394,0.393,0.393,0.391,0.393,-0.001,-0.2538,2544.0,99.927
161219.SZ,20190829,1.535,1.52,1.553,1.52,1.553,0.018,1.1726,64.0,9.926
150051.SZ,20190829,1.01,1.009,1.01,1.009,1.01,0.0,0.0,100.0,10.098
150052.SZ,20190829,1.224,1.239,1.27,1.212,1.232,0.008,0.6536,46525.86,5742.391
150050.SZ,20190829,1.395,1.393,1.449,1.391,1.398,0.003,0.2151,1807.55,252.355
510500.SH,20190829,5.314,5.321,5.35,5.297,5.329,0.015,0.2823,1716677.07,913860.349
150049.SZ,20190829,1.004,1.004,1.005,1.0,1.004,0.0,0.0,2006.77,201.472
159918.SZ,20190829,1.381,1.374,1.38,1.368,1.377,-0.004,-0.2896,583.0,80.06
160416.SZ,20190829,0.947,0.95,0.953,0.939,0.948,0.001,0.1056,1246.28,118.119
163412.SZ,20190829,3.544,3.544,3.554,3.522,3.536,-0.008,-0.2257,3954.68,1397.977
510410.SH,20190829,0.611,0.608,0.611,0.606,0.61,-0.001,-0.1637,7185.04,436.663
160216.SZ,20190829,0.462,0.462,0.463,0.459,0.46,-0.002,-0.4329,36631.0,1686.853
150084.SZ,20190829,1.289,1.222,1.222,1.201,1.203,-0.086,-6.6718,112.0,13.598
159919.SZ,20190829,3.859,3.863,3.864,3.822,3.842,-0.017,-0.4405,473122.23,181636.017
510300.SH,20190829,3.862,3.867,3.869,3.828,3.851,-0.011,-0.2848,2339282.53,899467.51
161019.SZ,20190829,1.07,1.071,1.071,1.071,1.071,0.001,0.0935,1243.0,133.125
160128.SZ,20190829,1.06,1.055,1.055,1.055,1.055,-0.005,-0.4717,8.0,0.844
150105.SZ,20190829,1.771,1.596,1.596,1.596,1.596,-0.175,-9.8814,202.81,32.368
159920.SZ,20190829,1.434,1.435,1.437,1.42,1.429,-0.005,-0.3487,7428364.95,1061466.096
510900.SH,20190829,1.162,1.161,1.166,1.155,1.159,-0.003,-0.2582,6260207.0,727382.488
161820.SZ,20190829,1.127,1.113,1.113,1.113,1.113,-0.014,-1.2422,210.0,23.373
510430.SH,20190829,1.436,1.417,1.444,1.417,1.424,-0.012,-0.8357,83.0,11.821
160916.SZ,20190829,2.961,2.961,2.961,2.916,2.958,-0.003,-0.1013,1690.11,496.624
150092.SZ,20190829,1.003,1.001,1.002,1.001,1.002,-0.001,-0.0997,17.32,1.734
150093.SZ,20190829,0.663,0.598,0.665,0.598,0.665,0.002,0.3017,19.18,1.153
510440.SH,20190829,1.495,1.495,1.495,1.489,1.489,-0.006,-0.4013,4.0,0.597
150095.SZ,20190829,0.95,0.861,0.952,0.861,0.952,0.002,0.2105,79.65,6.873
150106.SZ,20190829,1.061,1.061,1.062,1.061,1.062,0.001,0.0943,84172.05,8937.559
150107.SZ,20190829,0.639,0.644,0.652,0.634,0.64,0.001,0.1565,279727.08,17963.053
161127.SZ,20190829,1.223,1.242,1.242,1.218,1.22,-0.003,-0.2453,480.0,58.621
161128.SZ,20190829,1.601,1.605,1.629,1.603,1.606,0.005,0.3123,163.01,26.288
168401.SZ,20190829,1.297,1.25,1.25,1.24,1.24,-0.057,-4.3948,140.0,17.38
161129.SZ,20190829,1.071,1.073,1.078,1.066,1.066,-0.005,-0.4669,4253.0,454.646
511650.SH,20190829,99.992,99.991,99.993,99.989,99.99,-0.002,-0.002,782.02,7819.486
162719.SZ,20190829,0.839,0.831,0.839,0.831,0.837,-0.002,-0.2384,149.79,12.472
159952.SZ,20190829,0.942,0.944,0.947,0.936,0.938,-0.004,-0.4246,192825.0,18140.004
512400.SH,20190829,0.664,0.664,0.668,0.66,0.666,0.002,0.3012,117686.0,7810.78
501008.SH,20190829,0.961,0.957,0.958,0.957,0.958,-0.003,-0.3122,13.12,1.257
501029.SH,20190829,0.92,0.917,0.919,0.914,0.915,-0.005,-0.5435,86651.0,7943.325
501007.SH,20190829,0.957,0.952,0.99,0.952,0.968,0.011,1.1494,360.41,35.516
501011.SH,20190829,0.795,0.795,0.798,0.755,0.795,0.0,0.0,424.0,33.091
501012.SH,20190829,0.79,0.791,0.792,0.778,0.778,-0.012,-1.519,7.0,0.553
501009.SH,20190829,1.243,1.264,1.265,1.24,1.24,-0.003,-0.2414,754.0,93.583
501030.SH,20190829,0.562,0.56,0.566,0.559,0.559,-0.003,-0.5338,325.0,18.188
501010.SH,20190829,1.286,1.375,1.375,1.228,1.295,0.009,0.6998,277.0,34.642
501031.SH,20190829,0.554,0.558,0.568,0.558,0.568,0.014,2.5271,336.0,19.074
513050.SH,20190829,1.192,1.195,1.198,1.19,1.192,0.0,0.0,319054.01,38095.998
162718.SZ,20190829,0.95,0.961,0.961,0.951,0.953,0.003,0.3158,147.0,13.988
501032.SH,20190829,0.737,0.723,0.737,0.723,0.737,0.0,0.0,24.0,1.758
512580.SH,20190829,0.73,0.731,0.734,0.727,0.729,-0.001,-0.137,98311.0,7171.352
161631.SZ,20190829,1.034,1.039,1.046,1.03,1.04,0.006,0.5803,46993.28,4888.529
512900.SH,20190829,0.907,0.905,0.911,0.9,0.902,-0.005,-0.5513,34368.0,3106.882
161036.SZ,20190829,0.61,0.618,0.618,0.618,0.618,0.008,1.3115,8.0,0.494
167003.SZ,20190829,1.087,1.159,1.159,1.159,1.159,0.072,6.6237,3.0,0.347
501019.SH,20190829,0.812,0.812,0.849,0.81,0.834,0.022,2.7094,26166.74,2178.556
501301.SH,20190829,1.109,1.108,1.111,1.092,1.109,0.0,0.0,1630.0,180.049
164509.SZ,20190829,0.973,0.976,0.976,0.976,0.976,0.003,0.3083,20.0,1.952
160723.SZ,20190829,1.099,1.104,1.104,1.099,1.102,0.003,0.273,3463.38,381.401
166402.SZ,20190829,1.009,1.035,1.035,1.035,1.035,0.026,2.5768,4.0,0.414
161835.SZ,20190829,1.095,1.094,1.094,1.094,1.094,-0.001,-0.0913,50.0,5.47
501016.SH,20190829,0.991,0.992,0.992,0.986,0.988,-0.003,-0.3027,2594.0,256.699
161037.SZ,20190829,1.1,1.072,1.101,1.072,1.101,0.001,0.0909,78.0,8.57
512550.SH,20190829,1.18,1.18,1.18,1.168,1.172,-0.008,-0.678,2533.0,296.844
161130.SZ,20190829,1.306,1.313,1.313,1.313,1.313,0.007,0.536,1.0,0.131
159955.SZ,20190829,0.874,0.874,0.879,0.871,0.873,-0.001,-0.1144,2574.0,224.598
160643.SZ,20190829,0.847,0.848,0.857,0.848,0.852,0.005,0.5903,128.01,10.9
159953.SZ,20190829,0.725,0.723,0.723,0.72,0.721,-0.004,-0.5517,426.0,30.703
159951.SZ,20190829,0.769,0.77,0.77,0.764,0.77,0.001,0.13,1158.08,89.065
512200.SH,20190829,0.831,0.835,0.835,0.822,0.823,-0.008,-0.9627,50249.0,4161.587
512700.SH,20190829,1.114,1.113,1.113,1.103,1.105,-0.009,-0.8079,48182.0,5325.765
512800.SH,20190829,1.032,1.032,1.033,1.022,1.026,-0.006,-0.5814,687209.0,70483.057
161038.SZ,20190829,0.909,0.893,0.893,0.893,0.893,-0.016,-1.7602,9.0,0.803
512560.SH,20190829,0.856,0.857,0.865,0.851,0.858,0.002,0.2336,4802.0,412.85
512570.SH,20190829,0.89,0.89,0.89,0.885,0.888,-0.002,-0.2247,1952.0,172.799
161715.SZ,20190829,0.869,0.864,0.864,0.864,0.864,-0.005,-0.5754,4.99,0.431
160924.SZ,20190829,0.983,0.969,0.998,0.961,0.961,-0.022,-2.238,377.48,37.358
501036.SH,20190829,0.79,0.792,0.796,0.791,0.795,0.005,0.6329,952.0,75.525
501037.SH,20190829,0.79,0.785,0.791,0.785,0.785,-0.005,-0.6329,210.66,16.585
501038.SH,20190829,1.155,1.175,1.175,1.156,1.16,0.005,0.4329,26159.54,3031.98
511260.SH,20190829,108.132,108.131,108.267,108.01,108.232,0.1,0.0925,1476.0,15959.135
511620.SH,20190829,99.98,99.944,99.985,99.944,99.981,0.001,0.001,22.45,224.453
166023.SZ,20190829,1.178,1.187,1.187,1.174,1.183,0.005,0.4244,391.0,46.137
501043.SH,20190829,1.04,1.04,1.04,1.036,1.037,-0.003,-0.2885,1524.8,158.076
501302.SH,20190829,1.027,1.028,1.045,1.016,1.028,0.001,0.0974,538.15,55.097
163111.SZ,20190829,0.927,0.925,0.927,0.919,0.926,-0.001,-0.1079,100.11,9.268
511670.SH,20190829,100.0,100.0,100.0,99.993,99.998,-0.002,-0.002,524.0,5239.842
501303.SH,20190829,0.849,0.849,0.849,0.849,0.849,0.0,0.0,1.0,0.085
168002.SZ,20190829,1.136,1.136,1.136,1.136,1.136,0.0,0.0,100.0,11.36
501040.SH,20190829,1.065,1.065,1.065,1.065,1.065,0.0,0.0,40.0,4.26
501045.SH,20190829,1.047,1.047,1.047,1.036,1.04,-0.007,-0.6686,384.0,39.893
160140.SZ,20190829,1.181,1.185,1.197,1.185,1.187,0.006,0.508,271.0,32.252
510380.SH,20190829,0.974,0.974,0.974,0.973,0.973,-0.001,-0.1027,166.0,16.167
166024.SZ,20190829,0.861,0.86,0.866,0.857,0.861,0.0,0.0,10048.02,864.131
159957.SZ,20190829,0.963,0.964,0.97,0.958,0.958,-0.005,-0.5192,13088.02,1261.599
501046.SH,20190829,1.194,1.194,1.213,1.194,1.212,0.018,1.5075,12408.17,1498.454
501047.SH,20190829,0.945,0.935,0.935,0.935,0.935,-0.01,-1.0582,10.0,0.935
501048.SH,20190829,0.968,0.96,0.983,0.943,0.983,0.015,1.5496,20.0,1.899
501106.SH,20190829,1.169,1.17,1.17,1.142,1.143,-0.026,-2.2241,413.0,47.913
501049.SH,20190829,0.957,0.955,0.955,0.948,0.952,-0.005,-0.5225,5243.03,498.251
501051.SH,20190829,1.077,1.081,1.081,1.072,1.079,0.002,0.1857,5074.31,545.693
501305.SH,20190829,0.847,0.841,0.845,0.84,0.84,-0.007,-0.8264,193.0,16.238
512980.SH,20190829,0.732,0.734,0.746,0.73,0.74,0.008,1.0929,239183.0,17688.54
159958.SZ,20190829,0.946,0.95,0.95,0.941,0.942,-0.004,-0.4228,6630.03,625.838
510800.SH,20190829,1.047,1.052,1.052,1.037,1.04,-0.007,-0.6686,35723.0,3720.471
159954.SZ,20190829,0.958,0.958,0.96,0.952,0.953,-0.005,-0.5219,41688.0,3979.984
510390.SH,20190829,3.936,3.929,3.931,3.907,3.927,-0.009,-0.2287,36335.15,14243.209
501053.SH,20190829,1.035,1.034,1.034,1.034,1.034,-0.001,-0.0966,28.0,2.895
161014.SZ,20190829,1.201,1.201,1.201,1.201,1.201,0.0,0.0,135.0,16.213
511290.SH,20190829,100.014,100.0,100.001,100.0,100.001,-0.013,-0.013,3.0,30.0
159956.SZ,20190829,0.921,0.923,0.926,0.915,0.918,-0.003,-0.3257,1129.01,104.094
163417.SZ,20190829,1.041,1.041,1.043,1.039,1.04,-0.001,-0.0961,503942.93,52455.981
511310.SH,20190829,103.9,103.79,103.79,103.19,103.19,-0.71,-0.6833,2.0,20.698
501054.SH,20190829,0.92,0.918,0.919,0.914,0.916,-0.004,-0.4348,30638.04,2807.205
162416.SZ,20190829,0.972,0.979,0.979,0.976,0.976,0.004,0.4115,54.0,5.279
501307.SH,20190829,0.9,0.987,0.987,0.907,0.907,0.007,0.7778,18.0,1.686
510590.SH,20190829,5.047,5.056,5.084,5.037,5.056,0.009,0.1783,37284.43,18854.347
169106.SZ,20190829,1.017,1.016,1.016,1.015,1.015,-0.002,-0.1967,3594.17,365.06
512160.SH,20190829,1.074,1.073,1.075,1.067,1.072,-0.002,-0.1862,433839.0,46469.629
512520.SH,20190829,1.056,1.056,1.059,1.049,1.053,-0.003,-0.2841,36463.23,3843.962
512180.SH,20190829,1.036,1.035,1.036,1.028,1.032,-0.004,-0.3861,154887.0,15974.537
512780.SH,20190829,0.741,0.738,0.742,0.737,0.737,-0.004,-0.5398,488.0,36.054
513900.SH,20190829,0.943,0.943,0.943,0.939,0.943,0.0,0.0,461.0,43.458
512280.SH,20190829,1.037,1.037,1.038,1.028,1.033,-0.004,-0.3857,873706.0,90210.162
501057.SH,20190829,0.858,0.859,0.859,0.841,0.841,-0.017,-1.9814,572.8,48.399
501058.SH,20190829,0.815,0.852,0.852,0.852,0.852,0.037,4.5399,1.0,0.085
161039.SZ,20190829,1.069,1.068,1.078,1.067,1.078,0.009,0.8419,159.04,17.1
512090.SH,20190829,1.063,1.063,1.065,1.056,1.062,-0.001,-0.0941,830784.0,88088.238
512360.SH,20190829,1.069,1.068,1.069,1.064,1.069,0.0,0.0,1519.0,161.799
512770.SH,20190829,1.031,1.03,1.037,1.028,1.031,0.0,0.0,31493.0,3244.578
164824.SZ,20190829,0.933,0.947,0.947,0.925,0.93,-0.003,-0.3215,630.0,58.542
512390.SH,20190829,1.048,1.042,1.042,1.041,1.041,-0.007,-0.6679,7.0,0.729
501186.SH,20190829,1.045,1.047,1.051,1.046,1.05,0.005,0.4785,422184.64,44297.691
161728.SZ,20190829,1.027,1.027,1.03,1.026,1.03,0.003,0.2921,317166.76,32619.437
161131.SZ,20190829,1.048,1.05,1.055,1.048,1.054,0.006,0.5725,645309.02,67902.552
501188.SH,20190829,1.041,1.041,1.045,1.04,1.044,0.003,0.2882,235898.85,24608.564
501189.SH,20190829,1.013,1.014,1.015,1.012,1.014,0.001,0.0987,264736.65,26825.746
160142.SZ,20190829,1.058,1.059,1.065,1.059,1.064,0.006,0.5671,556583.88,59111.448
510600.SH,20190829,2.93,2.927,2.929,2.905,2.919,-0.011,-0.3754,25289.07,7376.6
511270.SH,20190829,101.698,101.76,101.78,101.6,101.6,-0.098,-0.0964,214.3,2180.582
160726.SZ,20190829,1.148,1.145,1.148,1.142,1.148,0.0,0.0,16394.78,1877.536
512850.SH,20190829,1.042,1.039,1.045,1.039,1.039,-0.003,-0.2879,510.0,52.99
512010.SH,20190829,1.764,1.761,1.767,1.748,1.762,-0.002,-0.1134,211696.0,37241.36
159933.SZ,20190829,2.056,2.035,2.035,2.034,2.034,-0.022,-1.07,101.0,20.543
159934.SZ,20190829,3.494,3.501,3.538,3.501,3.537,0.043,1.2307,1397605.0,491159.41
512120.SH,20190829,1.512,1.505,1.51,1.496,1.505,-0.007,-0.463,10797.0,1622.837
150157.SZ,20190829,1.013,1.012,1.013,1.011,1.013,0.0,0.0,26892.0,2722.884
150158.SZ,20190829,1.046,1.036,1.04,1.034,1.035,-0.011,-1.0516,13193.0,1366.433
160220.SZ,20190829,1.307,1.338,1.338,1.308,1.309,0.002,0.153,207.0,27.463
150167.SZ,20190829,1.014,1.015,1.027,1.015,1.016,0.002,0.1972,11705.23,1189.531
150170.SZ,20190829,1.255,1.25,1.252,1.25,1.251,-0.004,-0.3187,563.81,70.481
510680.SH,20190829,2.36,2.36,2.36,2.36,2.36,0.0,0.0,69.09,16.305
164705.SZ,20190829,1.164,1.157,1.157,1.13,1.141,-0.023,-1.9759,245.0,28.27
160812.SZ,20190829,1.419,1.424,1.424,1.414,1.414,-0.005,-0.3524,1662.08,236.653
150165.SZ,20190829,1.061,1.062,1.073,1.061,1.073,0.012,1.131,1015.14,108.559
150176.SZ,20190829,0.883,0.882,0.884,0.876,0.878,-0.005,-0.5663,15003.8,1319.378
150171.SZ,20190829,0.997,0.998,0.998,0.998,0.998,0.001,0.1003,14534.84,1450.577
150172.SZ,20190829,1.284,1.291,1.292,1.273,1.273,-0.011,-0.8567,109883.18,14067.221
161831.SZ,20190829,0.95,0.946,0.948,0.946,0.948,-0.002,-0.2105,4172.1,394.992
150175.SZ,20190829,1.019,1.018,1.02,1.018,1.02,0.001,0.0981,66524.83,6782.521
150181.SZ,20190829,1.01,1.009,1.01,1.009,1.01,0.0,0.0,14885.67,1503.334
150182.SZ,20190829,1.358,1.365,1.38,1.36,1.367,0.009,0.6627,262991.7,36030.283
150177.SZ,20190829,1.006,1.005,1.005,1.005,1.005,-0.001,-0.0994,250.0,25.125
150178.SZ,20190829,1.422,1.428,1.428,1.406,1.42,-0.002,-0.1406,620.35,87.528
150179.SZ,20190829,1.006,1.007,1.007,1.006,1.006,0.0,0.0,853.0,85.829
150180.SZ,20190829,1.216,1.216,1.249,1.216,1.218,0.002,0.1645,2756.29,339.133
150164.SZ,20190829,1.008,1.008,1.01,1.008,1.01,0.002,0.1984,2057.5,207.615
160918.SZ,20190829,1.961,1.966,1.97,1.963,1.963,0.002,0.102,269.0,52.894
150185.SZ,20190829,1.03,1.035,1.035,1.02,1.022,-0.008,-0.7767,592.19,61.061
159936.SZ,20190829,1.298,1.313,1.324,1.303,1.305,0.007,0.5393,1124.0,147.049
512600.SH,20190829,2.988,2.988,2.991,2.964,2.988,0.0,0.0,729.0,217.333
512610.SH,20190829,1.439,1.448,1.448,1.418,1.435,-0.004,-0.278,893.0,128.043
512640.SH,20190829,1.94,1.902,1.978,1.902,1.978,0.038,1.9588,13.0,2.563
512070.SH,20190829,2.221,2.222,2.224,2.209,2.211,-0.01,-0.4502,30532.0,6763.872
512220.SH,20190829,1.211,1.208,1.225,1.208,1.218,0.007,0.578,1024.0,124.676
150186.SZ,20190829,0.984,0.984,0.984,0.984,0.984,0.0,0.0,3116.0,306.614
150187.SZ,20190829,1.128,1.093,1.15,1.093,1.12,-0.008,-0.7092,3459.3,388.567
160133.SZ,20190829,2.615,2.612,2.645,2.608,2.633,0.018,0.6883,3106.78,815.187
513030.SH,20190829,1.004,1.002,1.003,1.0,1.0,-0.004,-0.3984,14756.0,1477.035
150188.SZ,20190829,1.026,1.026,1.026,1.026,1.026,0.0,0.0,10.0,1.026
150189.SZ,20190829,0.636,0.641,0.641,0.61,0.629,-0.007,-1.1006,4.02,0.254
159937.SZ,20190829,3.523,3.53,3.564,3.53,3.564,0.041,1.1638,606282.0,214829.598
150191.SZ,20190829,1.242,1.18,1.18,1.18,1.18,-0.062,-4.9919,10.0,1.18
150194.SZ,20190829,1.008,1.008,1.009,1.008,1.009,0.001,0.0992,8895.06,897.3
150195.SZ,20190829,0.878,0.882,0.9,0.878,0.889,0.011,1.2528,135931.62,12080.724
150193.SZ,20190829,1.043,0.996,1.021,0.996,1.021,-0.022,-2.1093,257.0,26.134
169101.SZ,20190829,1.46,1.456,1.463,1.451,1.458,-0.002,-0.137,8904.22,1296.039
150198.SZ,20190829,1.015,1.015,1.016,1.014,1.015,0.0,0.0,17244.97,1748.746
150199.SZ,20190829,1.14,1.149,1.154,1.131,1.15,0.01,0.8772,19530.0,2236.312
512300.SH,20190829,1.109,1.109,1.117,1.104,1.111,0.002,0.1803,19537.0,2172.96
511220.SH,20190829,96.953,96.997,97.097,96.967,96.993,0.04,0.0413,202.86,1967.413
150200.SZ,20190829,1.011,1.01,1.011,1.009,1.01,-0.001,-0.0989,50564.0,5107.229
150201.SZ,20190829,1.132,1.135,1.138,1.117,1.118,-0.014,-1.2367,1491379.81,168009.911
150205.SZ,20190829,1.01,1.01,1.011,1.01,1.011,0.001,0.099,97146.81,9816.422
150206.SZ,20190829,0.523,0.527,0.538,0.524,0.531,0.008,1.5296,954825.9,50888.164
159938.SZ,20190829,1.322,1.316,1.324,1.311,1.321,-0.001,-0.0756,135575.0,17863.242
150174.SZ,20190829,1.082,1.081,1.162,1.081,1.114,0.032,2.9575,1182.01,131.925
160813.SZ,20190829,0.786,0.794,0.797,0.794,0.796,0.01,1.2723,1180.31,93.867
150173.SZ,20190829,1.008,1.012,1.012,1.007,1.011,0.003,0.2976,332.02,33.572
511810.SH,20190829,99.991,99.991,99.993,99.989,99.992,0.001,0.001,51738.55,517341.065
511860.SH,20190829,99.993,99.993,99.993,99.99,99.991,-0.002,-0.002,308.22,3081.911
150204.SZ,20190829,0.826,0.822,0.838,0.808,0.83,0.004,0.4843,366.74,30.482
511800.SH,20190829,99.998,99.991,99.996,99.991,99.995,-0.003,-0.003,832.36,8323.044
160618.SZ,20190829,1.321,1.32,1.321,1.318,1.32,-0.001,-0.0757,23542.81,3106.982
513660.SH,20190829,2.491,2.485,2.503,2.48,2.488,-0.003,-0.1204,30.0,7.474
513600.SH,20190829,2.507,2.504,2.508,2.5,2.508,0.001,0.0399,191.0,47.806
159005.SZ,20190829,100.0,100.0,100.001,99.999,100.001,0.001,0.001,140.22,1402.197
159939.SZ,20190829,1.002,1.005,1.021,1.0,1.014,0.012,1.1976,1040513.13,105323.965
169102.SZ,20190829,1.042,1.049,1.049,1.035,1.038,-0.004,-0.3839,1516.0,157.127
160919.SZ,20190829,1.267,1.275,1.276,1.267,1.276,0.009,0.7103,4633.0,588.881
512990.SH,20190829,1.156,1.155,1.156,1.147,1.152,-0.004,-0.346,133401.0,15359.349
159940.SZ,20190829,0.992,0.985,0.987,0.98,0.987,-0.005,-0.504,728.0,71.659
150214.SZ,20190829,1.189,1.172,1.172,1.172,1.172,-0.017,-1.4298,0.7,0.082
150215.SZ,20190829,1.017,1.02,1.02,1.02,1.02,0.003,0.295,1.0,0.102
150216.SZ,20190829,0.869,0.848,0.891,0.848,0.883,0.014,1.611,2822.32,248.631
161716.SZ,20190829,1.267,1.266,1.266,1.265,1.266,-0.001,-0.0789,8705.59,1101.9
150218.SZ,20190829,0.845,0.856,0.875,0.856,0.874,0.029,3.432,352.27,30.192
150211.SZ,20190829,1.019,1.02,1.02,1.019,1.019,0.0,0.0,11620.0,1184.078
150212.SZ,20190829,0.866,0.853,0.879,0.853,0.867,0.001,0.1155,3741.02,322.81
150223.SZ,20190829,1.035,1.035,1.038,1.035,1.037,0.002,0.1932,57315.84,5939.78
150224.SZ,20190829,0.822,0.824,0.829,0.812,0.813,-0.009,-1.0949,227806.57,18676.544
161224.SZ,20190829,0.994,1.003,1.003,0.98,1.0,0.006,0.6036,1020.0,99.981
150196.SZ,20190829,1.03,1.03,1.032,1.03,1.032,0.002,0.1942,78616.95,8107.345
150197.SZ,20190829,0.506,0.506,0.51,0.504,0.508,0.002,0.3953,586899.7,29746.742
502050.SH,20190829,0.889,0.89,0.891,0.874,0.879,-0.01,-1.1249,49726.15,4383.477
150274.SZ,20190829,1.174,1.099,1.188,1.099,1.183,0.009,0.7666,7.71,0.899
512310.SH,20190829,0.472,0.473,0.473,0.47,0.472,0.0,0.0,1363.0,64.328
164208.SZ,20190829,1.051,1.056,1.056,1.056,1.056,0.005,0.4757,94.0,9.926
150209.SZ,20190829,1.01,1.009,1.01,1.008,1.01,0.0,0.0,57864.43,5840.727
150210.SZ,20190829,0.684,0.683,0.684,0.673,0.675,-0.009,-1.3158,31551.23,2136.284
150221.SZ,20190829,1.061,1.061,1.065,1.061,1.064,0.003,0.2828,58894.31,6261.682
150222.SZ,20190829,0.995,1.001,1.014,1.0,1.006,0.011,1.1055,44430.06,4479.342
502048.SH,20190829,0.94,0.94,0.94,0.933,0.938,-0.002,-0.2128,3976.67,373.243
502049.SH,20190829,0.995,0.995,0.996,0.993,0.996,0.001,0.1005,10301.04,1024.642
512340.SH,20190829,0.714,0.709,0.712,0.708,0.712,-0.002,-0.2801,1640.0,116.343
502001.SH,20190829,1.014,1.014,1.014,1.014,1.014,0.0,0.0,170.0,17.238
150220.SZ,20190829,0.791,0.792,0.792,0.783,0.788,-0.003,-0.3793,6826.0,537.497
512500.SH,20190829,2.475,2.479,2.49,2.466,2.482,0.007,0.2828,602564.04,149304.996
150227.SZ,20190829,1.015,1.015,1.016,1.014,1.016,0.001,0.0985,36321.9,3683.572
150228.SZ,20190829,0.871,0.875,0.875,0.861,0.862,-0.009,-1.0333,191150.01,16519.312
512510.SH,20190829,1.078,1.08,1.085,1.075,1.081,0.003,0.2783,102110.13,11017.49
166012.SZ,20190829,1.1,1.105,1.125,1.102,1.102,0.002,0.1818,303.0,33.981
150230.SZ,20190829,1.381,1.343,1.396,1.34,1.392,0.011,0.7965,293.0,39.952
161225.SZ,20190829,1.287,1.288,1.297,1.288,1.297,0.01,0.777,2156.0,279.281
150231.SZ,20190829,0.989,0.989,0.989,0.989,0.989,0.0,0.0,6764.0,668.959
150232.SZ,20190829,0.908,0.919,0.923,0.9,0.91,0.002,0.2203,4007.8,365.9
150236.SZ,20190829,0.921,0.912,0.927,0.912,0.916,-0.005,-0.5429,615.0,56.394
164906.SZ,20190829,1.144,1.147,1.149,1.145,1.148,0.004,0.3497,1433.07,164.175
150247.SZ,20190829,1.023,1.023,1.023,1.023,1.023,0.0,0.0,1400.0,143.22
150248.SZ,20190829,0.793,0.793,0.812,0.782,0.806,0.013,1.6393,614.82,49.299
150250.SZ,20190829,1.065,1.1,1.1,0.965,1.09,0.025,2.3474,450.0,48.103
510710.SH,20190829,3.193,3.192,3.198,3.166,3.181,-0.012,-0.3758,126128.0,40112.334
150252.SZ,20190829,0.732,0.678,0.749,0.678,0.702,-0.03,-4.0984,129.32,9.354
150266.SZ,20190829,0.84,0.831,0.854,0.821,0.85,0.01,1.1905,112.2,9.415
159943.SZ,20190829,10.195,10.195,10.219,10.15,10.212,0.017,0.1667,185.9,189.393
150261.SZ,20190829,1.031,1.03,1.032,1.03,1.032,0.001,0.097,5760.92,593.43
150262.SZ,20190829,1.032,1.039,1.039,1.022,1.023,-0.009,-0.8721,722.04,74.148
510560.SH,20190829,1.062,1.062,1.062,1.059,1.062,0.0,0.0,18.0,1.909
502013.SH,20190829,1.082,1.082,1.084,1.077,1.078,-0.004,-0.3697,8898.88,960.575
502014.SH,20190829,1.018,1.019,1.019,1.018,1.018,0.0,0.0,2289.37,233.111
502015.SH,20190829,1.192,1.146,1.205,1.126,1.167,-0.025,-2.0973,3122.63,356.704
150275.SZ,20190829,1.008,1.008,1.008,1.005,1.008,0.0,0.0,978.2,98.6
150276.SZ,20190829,1.099,1.086,1.086,1.078,1.079,-0.02,-1.8198,1718.25,186.581
150269.SZ,20190829,0.984,0.983,0.985,0.983,0.984,0.0,0.0,5103.44,502.457
150270.SZ,20190829,1.213,1.213,1.225,1.19,1.199,-0.014,-1.1542,68311.49,8204.744
150259.SZ,20190829,0.986,0.984,0.984,0.984,0.984,-0.002,-0.2028,4.59,0.451
150260.SZ,20190829,0.773,0.756,0.825,0.756,0.761,-0.012,-1.5524,25.79,2.122
150279.SZ,20190829,1.027,1.026,1.026,1.026,1.026,-0.001,-0.0974,0.52,0.053
150280.SZ,20190829,1.206,1.308,1.308,1.307,1.307,0.101,8.3748,73.0,9.541
150277.SZ,20190829,1.023,1.023,1.023,1.023,1.023,0.0,0.0,187.82,19.213
150278.SZ,20190829,0.693,0.686,0.686,0.686,0.686,-0.007,-1.0101,202.56,13.895
159941.SZ,20190829,1.726,1.747,1.747,1.719,1.721,-0.005,-0.2897,3195.0,550.148
150271.SZ,20190829,1.003,1.005,1.01,1.005,1.005,0.002,0.1994,599.0,60.289
150272.SZ,20190829,1.332,1.33,1.33,1.329,1.329,-0.003,-0.2252,401.0,53.332
150268.SZ,20190829,1.093,1.188,1.188,1.188,1.188,0.095,8.6917,1.0,0.118
160806.SZ,20190829,1.387,1.388,1.388,1.383,1.383,-0.004,-0.2884,12.38,1.712
150293.SZ,20190829,1.025,1.028,1.028,1.028,1.028,0.003,0.2927,334.24,34.359
150294.SZ,20190829,0.5,0.45,0.452,0.45,0.452,-0.048,-9.6,95.97,4.336
150243.SZ,20190829,1.01,1.01,1.01,1.01,1.01,0.0,0.0,1158.0,116.958
150244.SZ,20190829,1.195,1.181,1.199,1.181,1.193,-0.002,-0.1674,2507.93,298.308
150295.SZ,20190829,1.019,1.019,1.021,1.016,1.021,0.002,0.1963,98.09,9.981
150296.SZ,20190829,0.849,0.849,0.851,0.849,0.851,0.002,0.2356,11.0,0.935
150287.SZ,20190829,1.03,1.03,1.031,1.03,1.031,0.001,0.0971,2520.0,259.612
150288.SZ,20190829,0.687,0.689,0.689,0.675,0.68,-0.007,-1.0189,9773.0,665.053
150289.SZ,20190829,1.032,1.033,1.034,1.032,1.033,0.001,0.0969,2346.0,242.314
150290.SZ,20190829,0.742,0.743,0.745,0.733,0.734,-0.008,-1.0782,9066.26,671.241
150301.SZ,20190829,1.026,1.025,1.025,1.025,1.025,-0.001,-0.0975,1.0,0.102
150302.SZ,20190829,0.807,0.816,0.816,0.79,0.814,0.007,0.8674,2.4,0.194
150299.SZ,20190829,1.033,1.033,1.033,1.033,1.033,0.0,0.0,3098.0,320.023
150300.SZ,20190829,0.686,0.69,0.69,0.674,0.678,-0.008,-1.1662,22182.0,1506.16
150315.SZ,20190829,1.002,1.072,1.073,1.021,1.021,0.019,1.8962,244.81,25.23
150316.SZ,20190829,1.381,1.414,1.414,1.381,1.381,0.0,0.0,194.72,26.929
150291.SZ,20190829,1.03,1.03,1.03,1.028,1.028,-0.002,-0.1942,571.0,58.775
150292.SZ,20190829,0.705,0.71,0.71,0.68,0.7,-0.005,-0.7092,533.0,36.921
150238.SZ,20190829,0.575,0.63,0.63,0.63,0.63,0.055,9.5652,1.0,0.063
150246.SZ,20190829,0.911,0.916,0.916,0.916,0.916,0.005,0.5488,3.0,0.274
150283.SZ,20190829,0.984,0.985,0.985,0.984,0.985,0.001,0.1016,33288.12,3278.599
150284.SZ,20190829,0.818,0.874,0.874,0.873,0.874,0.056,6.846,1146.02,100.157
150308.SZ,20190829,1.515,1.488,1.519,1.418,1.5,-0.015,-0.9901,52.68,7.907
502006.SH,20190829,0.969,0.964,0.972,0.964,0.964,-0.005,-0.516,561.31,54.12
502007.SH,20190829,0.99,0.988,0.988,0.988,0.988,-0.002,-0.202,0.5,0.049
502008.SH,20190829,0.944,0.89,0.958,0.89,0.958,0.014,1.4831,175.23,15.753
501000.SH,20190829,0.948,0.978,0.978,0.978,0.978,0.03,3.1646,1.0,0.098
150310.SZ,20190829,1.678,1.51,1.846,1.51,1.677,-0.001,-0.0596,41.23,6.282
150321.SZ,20190829,1.057,1.062,1.063,1.061,1.063,0.006,0.5676,5637.04,598.95
150322.SZ,20190829,0.853,0.851,0.858,0.851,0.851,-0.002,-0.2345,1389.0,118.401
150311.SZ,20190829,1.008,1.01,1.011,1.01,1.011,0.003,0.2976,83.1,8.396
150312.SZ,20190829,1.243,1.255,1.26,1.227,1.227,-0.016,-1.2872,259.67,32.602
501001.SH,20190829,1.062,1.05,1.05,1.05,1.05,-0.012,-1.1299,1656.0,173.88
512330.SH,20190829,0.825,0.83,0.85,0.827,0.842,0.017,2.0606,72135.0,6073.609
159945.SZ,20190829,0.624,0.624,0.624,0.617,0.619,-0.005,-0.8013,744.1,46.097
159944.SZ,20190829,0.694,0.687,0.694,0.686,0.693,-0.001,-0.1441,277.0,19.095
150304.SZ,20190829,1.022,1.025,1.031,1.008,1.019,-0.003,-0.2935,5628.4,574.084
502036.SH,20190829,0.847,0.859,0.862,0.855,0.862,0.015,1.771,377.6,32.464
150318.SZ,20190829,1.521,1.369,1.369,1.369,1.369,-0.152,-9.9934,1.0,0.136
150324.SZ,20190829,0.669,0.602,0.707,0.602,0.707,0.038,5.6801,179.61,10.955
150335.SZ,20190829,1.03,1.031,1.032,1.028,1.028,-0.002,-0.1942,309.0,31.882
150336.SZ,20190829,0.729,0.729,0.735,0.716,0.733,0.004,0.5487,419.43,30.502
502010.SH,20190829,1.019,1.02,1.03,1.019,1.021,0.002,0.1963,4447.9,454.278
502012.SH,20190829,1.059,1.065,1.073,1.056,1.059,0.0,0.0,14012.68,1489.911
502011.SH,20190829,0.984,0.983,0.984,0.983,0.984,0.0,0.0,26004.0,2557.608
502003.SH,20190829,1.236,1.224,1.244,1.224,1.244,0.008,0.6472,737.11,91.321
502004.SH,20190829,0.985,0.985,0.988,0.981,0.987,0.002,0.203,2529.0,249.386
502005.SH,20190829,1.478,1.515,1.515,1.427,1.499,0.021,1.4208,4192.5,619.466
168101.SZ,20190829,1.0,1.003,1.004,0.999,1.0,0.0,0.0,14398.28,1439.329
150303.SZ,20190829,1.036,1.037,1.037,1.035,1.035,-0.001,-0.0965,61.0,6.313
502023.SH,20190829,0.786,0.786,0.786,0.786,0.786,0.0,0.0,5.28,0.415
502024.SH,20190829,1.021,1.021,1.021,1.021,1.021,0.0,0.0,1561.0,159.378
502025.SH,20190829,0.526,0.515,0.52,0.49,0.516,-0.01,-1.9011,345.0,17.223
150329.SZ,20190829,1.006,1.007,1.007,1.007,1.007,0.001,0.0994,662.0,66.663
150330.SZ,20190829,1.843,1.859,1.859,1.815,1.816,-0.027,-1.465,10627.0,1945.209
184801.SZ,20190829,94.478,94.009,94.49,94.009,94.445,-0.033,-0.0349,35.0,329.824
502056.SH,20190829,1.136,1.135,1.14,1.131,1.131,-0.005,-0.4401,593.0,67.106
502057.SH,20190829,1.024,1.047,1.047,1.047,1.047,0.023,2.2461,286.0,29.944
511830.SH,20190829,99.995,99.996,99.997,99.996,99.997,0.002,0.002,171.0,1709.948
150343.SZ,20190829,1.023,1.026,1.026,1.026,1.026,0.003,0.2933,7.0,0.718
510360.SH,20190829,1.249,1.247,1.248,1.238,1.244,-0.005,-0.4003,50728.0,6307.17
502053.SH,20190829,0.962,0.962,0.994,0.906,0.911,-0.051,-5.3015,143.41,13.689
502055.SH,20190829,0.92,0.887,0.914,0.887,0.914,-0.006,-0.6522,121.0,10.808
511930.SH,20190829,99.994,99.961,99.961,99.961,99.961,-0.033,-0.033,1.0,9.996
501005.SH,20190829,0.952,0.944,0.953,0.94,0.949,-0.003,-0.3151,681.1,64.582
511960.SH,20190829,99.989,99.987,101.8,99.987,99.991,0.002,0.002,212.45,2132.722
169103.SZ,20190829,1.16,1.166,1.166,1.152,1.152,-0.008,-0.6897,118.0,13.604
511820.SH,20190829,99.992,99.984,100.008,99.984,99.986,-0.006,-0.006,50.02,500.16
501015.SH,20190829,0.838,0.835,0.838,0.829,0.834,-0.004,-0.4773,4258.44,354.6
162415.SZ,20190829,1.574,1.582,1.593,1.582,1.587,0.013,0.8259,431.0,68.313
165528.SZ,20190829,0.9,0.895,0.9,0.895,0.9,0.0,0.0,2500.13,224.026
160519.SZ,20190829,1.076,1.069,1.07,1.068,1.07,-0.006,-0.5576,2876.0,307.713
501021.SH,20190829,1.336,1.341,1.342,1.324,1.331,-0.005,-0.3743,4545.35,604.812
511850.SH,20190829,99.993,99.992,99.995,99.991,99.993,0.0,0.0,18532.64,185313.494
512660.SH,20190829,0.791,0.795,0.798,0.788,0.793,0.002,0.2528,2042210.3,162121.238
511910.SH,20190829,99.998,99.997,99.997,99.997,99.997,-0.001,-0.001,1.0,10.0
512880.SH,20190829,0.934,0.935,0.936,0.927,0.928,-0.006,-0.6424,2924531.0,272201.301
167001.SZ,20190829,0.709,0.706,0.706,0.703,0.704,-0.005,-0.7052,1113.15,78.408
161834.SZ,20190829,0.795,0.793,0.794,0.793,0.794,-0.001,-0.1258,240.03,19.036
160225.SZ,20190829,0.764,0.764,0.764,0.756,0.761,-0.003,-0.3927,1534.0,116.522
168103.SZ,20190829,0.8,0.801,0.801,0.799,0.8,0.0,0.0,35535.4,2842.888
160921.SZ,20190829,0.983,0.973,0.973,0.973,0.973,-0.01,-1.0173,150.01,14.595
161226.SZ,20190829,0.944,0.947,0.965,0.947,0.965,0.021,2.2246,844268.15,80702.476
167501.SZ,20190829,1.123,1.124,1.125,1.122,1.124,0.001,0.089,1599.88,179.724
510580.SH,20190829,4.981,4.991,5.013,4.966,4.993,0.012,0.2409,58265.0,29075.835
161227.SZ,20190829,0.983,0.983,0.984,0.974,0.98,-0.003,-0.3052,1661.42,162.685
511980.SH,20190829,99.993,99.991,99.993,99.991,99.992,-0.001,-0.001,107.14,1071.311
511900.SH,20190829,99.996,99.992,99.995,99.99,99.995,-0.001,-0.001,1501.25,15011.307
161033.SZ,20190829,0.969,0.969,0.992,0.959,0.97,0.001,0.1032,1736.29,168.364
168102.SZ,20190829,0.871,0.872,0.872,0.869,0.869,-0.002,-0.2296,8157.9,709.82
160518.SZ,20190829,1.09,1.084,1.09,1.08,1.08,-0.01,-0.9174,2522.08,273.454
511920.SH,20190829,99.998,99.976,99.976,99.976,99.976,-0.022,-0.022,0.01,0.1
159948.SZ,20190829,1.701,1.711,1.711,1.69,1.695,-0.006,-0.3527,8630.28,1465.882
161232.SZ,20190829,0.712,0.712,0.715,0.709,0.714,0.002,0.2809,1321.01,94.21
501018.SH,20190829,1.066,1.066,1.069,1.062,1.064,-0.002,-0.1876,14540.0,1548.691
159949.SZ,20190829,0.564,0.564,0.567,0.559,0.561,-0.003,-0.5319,3186871.82,179294.11
169104.SZ,20190829,1.262,1.249,1.27,1.249,1.27,0.008,0.6339,103.0,12.871
512810.SH,20190829,0.755,0.756,0.765,0.755,0.761,0.006,0.7947,18433.0,1404.805
510810.SH,20190829,0.938,0.935,0.938,0.927,0.932,-0.006,-0.6397,99458.25,9266.499
160522.SZ,20190829,0.989,0.986,0.986,0.986,0.986,-0.003,-0.3033,518.0,51.074
160635.SZ,20190829,1.014,1.011,1.021,1.003,1.008,-0.006,-0.5917,698.32,70.316
164403.SZ,20190829,1.38,1.33,1.35,1.322,1.323,-0.057,-4.1304,714.36,95.191
169105.SZ,20190829,1.335,1.335,1.337,1.321,1.332,-0.003,-0.2247,28435.0,3779.133
512680.SH,20190829,0.795,0.798,0.805,0.794,0.798,0.003,0.3774,41178.0,3290.567
168104.SZ,20190829,1.404,1.367,1.367,1.367,1.367,-0.037,-2.6353,10.0,1.367
512000.SH,20190829,0.888,0.894,0.894,0.882,0.883,-0.005,-0.5631,1418291.0,125594.046
511660.SH,20190829,99.997,99.997,100.0,99.79,99.937,-0.06,-0.06,54846.91,548436.025
165525.SZ,20190829,0.739,0.737,0.737,0.731,0.735,-0.004,-0.5413,3595.0,263.558
160421.SZ,20190829,1.167,1.171,1.177,1.163,1.175,0.008,0.6855,6087.3,714.037
501026.SH,20190829,0.837,0.834,0.841,0.83,0.841,0.004,0.4779,20267.45,1685.735
150100.SZ,20190829,1.005,1.005,1.005,1.005,1.005,0.0,0.0,12714.0,1277.757
150101.SZ,20190829,0.991,1.009,1.009,1.009,1.009,0.018,1.8163,1.0,0.1
161119.SZ,20190829,1.39,1.39,1.392,1.387,1.387,-0.003,-0.2158,491.1,68.27
166902.SZ,20190829,1.059,1.058,1.058,1.058,1.058,-0.001,-0.0944,7.0,0.74
163415.SZ,20190829,2.006,2.0,2.011,2.0,2.006,0.0,0.0,4958.95,994.836
510330.SH,20190829,3.867,3.868,3.873,3.835,3.857,-0.01,-0.2586,1069433.0,411732.737
511990.SH,20190829,99.995,99.993,100.0,99.993,99.997,0.002,0.002,714508.3,7144776.444
159922.SZ,20190829,5.173,5.171,5.204,5.154,5.18,0.007,0.1353,138834.71,71878.952
150117.SZ,20190829,1.04,1.036,1.037,1.036,1.037,-0.003,-0.2885,233.0,24.153
150118.SZ,20190829,0.975,0.973,0.973,0.943,0.949,-0.026,-2.6667,38413.05,3671.058
159923.SZ,20190829,1.716,1.715,1.716,1.695,1.714,-0.002,-0.1166,1019.0,173.397
510310.SH,20190829,1.681,1.683,1.683,1.667,1.678,-0.003,-0.1785,783659.0,131263.254
511010.SH,20190829,118.24,118.24,118.276,118.201,118.27,0.03,0.0254,11171.6,132090.501
160212.SZ,20190829,2.178,2.178,2.205,2.174,2.205,0.027,1.2397,6079.48,1333.884
510660.SH,20190829,1.833,1.833,1.833,1.812,1.823,-0.01,-0.5456,6873.0,1251.623
510650.SH,20190829,1.906,1.898,1.898,1.885,1.885,-0.021,-1.1018,260.0,49.113
510630.SH,20190829,2.959,2.959,2.967,2.938,2.962,0.003,0.1014,1196.0,353.442
159925.SZ,20190829,1.66,1.66,1.661,1.65,1.657,-0.003,-0.1807,920.25,152.262
150123.SZ,20190829,1.041,1.042,1.044,1.042,1.043,0.002,0.1921,294.0,30.665
150124.SZ,20190829,0.742,0.731,0.736,0.722,0.733,-0.009,-1.2129,9872.63,717.512
163210.SZ,20190829,1.01,1.009,1.01,1.008,1.009,-0.001,-0.099,3419.6,345.003
510510.SH,20190829,1.413,1.413,1.42,1.407,1.416,0.003,0.2123,149306.0,21110.51
511880.SH,20190829,101.792,101.798,101.81,101.798,101.809,0.017,0.0167,681075.51,6933508.097
165313.SZ,20190829,1.501,1.48,1.501,1.48,1.501,0.0,0.0,1920.0,284.71
159001.SZ,20190829,100.0,100.0,100.001,99.999,100.001,0.001,0.001,310443.07,3104431.91
161911.SZ,20190829,1.007,1.006,1.007,1.006,1.006,-0.001,-0.0993,12778.26,1285.753
513100.SH,20190829,2.804,2.805,2.806,2.797,2.798,-0.006,-0.214,438795.0,122932.716
167002.SZ,20190829,0.965,0.969,0.969,0.969,0.969,0.004,0.4145,13.68,1.325
501022.SH,20190829,0.943,0.943,0.943,0.911,0.911,-0.032,-3.3934,3146.03,293.814
168105.SZ,20190829,0.806,0.802,0.806,0.799,0.806,0.0,0.0,8673.83,696.619
512100.SH,20190829,0.665,0.668,0.67,0.665,0.666,0.001,0.1504,137802.0,9202.216
501023.SH,20190829,1.011,1.011,1.011,1.011,1.011,0.0,0.0,10.0,1.011
511690.SH,20190829,99.995,99.994,99.995,99.992,99.994,-0.001,-0.001,9152.58,91519.957
511600.SH,20190829,100.005,100.002,100.002,99.98,99.992,-0.013,-0.013,1921.76,19216.465
160722.SZ,20190829,1.12,1.105,1.105,1.102,1.102,-0.018,-1.6071,291.01,32.099
511700.SH,20190829,99.997,99.994,99.998,99.992,99.996,-0.001,-0.001,658.72,6586.944
501050.SH,20190829,1.258,1.26,1.26,1.248,1.253,-0.005,-0.3975,13056.0,1634.479
160223.SZ,20190829,0.775,0.774,0.775,0.771,0.774,-0.001,-0.129,221.66,17.14
161035.SZ,20190829,1.166,1.148,1.154,1.134,1.154,-0.012,-1.0292,718.76,82.262
501025.SH,20190829,1.015,1.01,1.012,1.009,1.009,-0.006,-0.5911,30.0,3.031
161124.SZ,20190829,1.09,1.061,1.167,1.061,1.167,0.077,7.0642,31.0,3.299
511950.SH,20190829,100.39,100.188,100.188,100.188,100.188,-0.202,-0.2012,1.0,10.019
164703.SZ,20190829,0.885,0.88,0.88,0.88,0.88,-0.005,-0.565,5.0,0.44
501300.SH,20190829,1.071,1.06,1.078,1.06,1.073,0.002,0.1867,14649.0,1572.686
161125.SZ,20190829,1.288,1.296,1.296,1.294,1.294,0.006,0.4658,52.0,6.73
501028.SH,20190829,0.91,0.914,0.915,0.901,0.914,0.004,0.4396,709.05,64.76
169201.SZ,20190829,1.109,1.119,1.119,1.1,1.1,-0.009,-0.8115,505.01,55.56
162717.SZ,20190829,1.01,1.01,1.013,1.01,1.013,0.003,0.297,267.0,26.967
161126.SZ,20190829,1.296,1.337,1.338,1.26,1.297,0.001,0.0772,364.0,46.859
168301.SZ,20190829,1.05,1.09,1.09,1.044,1.05,0.0,0.0,1347.11,140.851
501060.SH,20190829,1.205,1.182,1.186,1.182,1.185,-0.02,-1.6598,215.92,25.586
501062.SH,20190829,0.96,0.961,0.964,0.96,0.963,0.003,0.3125,15709.63,1510.962
512860.SH,20190829,1.219,1.217,1.222,1.214,1.218,-0.001,-0.082,10273.0,1247.88
512960.SH,20190829,0.986,0.986,0.986,0.979,0.981,-0.005,-0.5071,220724.32,21668.692
512820.SH,20190829,1.073,1.067,1.067,1.065,1.065,-0.008,-0.7456,2078.0,221.513
501309.SH,20190829,0.992,0.992,0.999,0.968,0.973,-0.019,-1.9153,1163.07,114.545
501310.SH,20190829,0.937,0.935,0.938,0.933,0.936,-0.001,-0.1067,3089.0,288.649
512950.SH,20190829,0.987,0.988,0.988,0.981,0.982,-0.005,-0.5066,85038.22,8367.866
159959.SZ,20190829,1.035,1.032,1.032,1.028,1.029,-0.006,-0.5797,7223.0,744.386
501065.SH,20190829,1.169,1.151,1.167,1.151,1.167,-0.002,-0.1711,381.0,44.058
159960.SZ,20190829,0.983,0.957,1.0,0.957,0.979,-0.004,-0.4069,1339.0,132.515
161132.SZ,20190829,1.173,1.184,1.19,1.183,1.184,0.011,0.9378,312.0,36.925
512040.SH,20190829,1.123,1.12,1.12,1.113,1.115,-0.008,-0.7124,50151.0,5592.12
501066.SH,20190829,1.24,1.238,1.243,1.216,1.239,-0.001,-0.0806,1058.0,130.107
159926.SZ,20190829,113.203,113.475,113.475,113.475,113.475,0.272,0.2403,1.0,11.347
518880.SH,20190829,3.524,3.53,3.566,3.529,3.565,0.041,1.1635,2889056.0,1024193.293
518800.SH,20190829,3.493,3.501,3.54,3.501,3.538,0.045,1.2883,269951.0,94901.107
150144.SZ,20190829,1.12,1.121,1.121,1.06,1.06,-0.06,-5.3571,621.01,69.158
150146.SZ,20190829,1.081,1.119,1.119,1.119,1.119,0.038,3.5153,1.0,0.111
159003.SZ,20190829,100.0,100.0,100.005,99.999,100.005,0.005,0.005,10064.82,100648.188
163824.SZ,20190829,1.067,1.069,1.069,1.069,1.069,0.002,0.1874,1.0,0.106
166904.SZ,20190829,1.032,1.034,1.034,1.034,1.034,0.002,0.1938,21.0,2.171
150143.SZ,20190829,1.009,1.009,1.009,1.009,1.009,0.0,0.0,9791.64,987.976
513500.SH,20190829,1.918,1.924,1.927,1.92,1.926,0.008,0.4171,585215.0,112572.104
159935.SZ,20190829,1.386,1.378,1.398,1.378,1.398,0.012,0.8658,90.0,12.476
159930.SZ,20190829,0.687,0.689,0.693,0.682,0.686,-0.001,-0.1456,4206.9,288.949
159929.SZ,20190829,1.51,1.509,1.509,1.498,1.505,-0.005,-0.3311,34112.0,5123.752
159928.SZ,20190829,3.022,3.022,3.036,3.0,3.028,0.006,0.1985,82861.65,25010.693
159931.SZ,20190829,1.728,1.72,1.733,1.708,1.732,0.004,0.2315,386.0,66.366
150149.SZ,20190829,0.658,0.658,0.658,0.647,0.656,-0.002,-0.304,6930.0,450.996
160515.SZ,20190829,1.071,1.07,1.07,1.07,1.07,-0.001,-0.0934,601.0,64.307
150130.SZ,20190829,1.042,1.041,1.043,1.04,1.042,0.0,0.0,12391.88,1290.414
150131.SZ,20190829,1.59,1.589,1.59,1.571,1.582,-0.008,-0.5031,94858.0,14983.527
150150.SZ,20190829,1.012,1.013,1.013,1.013,1.013,0.001,0.0988,6.0,0.607
150151.SZ,20190829,0.698,0.681,0.688,0.681,0.688,-0.01,-1.4327,20.53,1.409
150152.SZ,20190829,1.019,1.018,1.02,1.018,1.018,-0.001,-0.0981,279144.73,28442.133
150153.SZ,20190829,1.147,1.145,1.16,1.138,1.145,-0.002,-0.1744,915896.09,105096.605
159932.SZ,20190829,1.344,1.344,1.35,1.344,1.35,0.006,0.4464,1070.0,144.252
162006.SZ,20190829,1.112,1.11,1.12,1.11,1.116,0.004,0.3597,110.0,12.262
160910.SZ,20190829,1.068,1.082,1.082,1.066,1.066,-0.002,-0.1873,18.0,1.934
160805.SZ,20190829,0.768,0.767,0.767,0.757,0.757,-0.011,-1.4323,83.32,6.318
512270.SH,20190829,0.967,0.964,0.967,0.96,0.965,-0.002,-0.2068,5396.0,519.908
512590.SH,20190829,0.987,0.986,0.996,0.98,0.996,0.009,0.9119,19785.0,1947.507
159969.SZ,20190829,1.023,1.024,1.027,1.016,1.021,-0.002,-0.1955,662034.44,67714.834
512720.SH,20190829,1.057,1.057,1.078,1.05,1.067,0.01,0.9461,476673.77,50792.291
160311.SZ,20190829,1.553,1.55,1.55,1.539,1.548,-0.005,-0.322,971.0,149.714
161610.SZ,20190829,1.106,1.104,1.104,1.096,1.102,-0.004,-0.3617,880.16,96.822
159961.SZ,20190829,1.343,1.345,1.345,1.334,1.34,-0.003,-0.2234,163.39,21.897
512260.SH,20190829,1.149,1.159,1.162,1.144,1.146,-0.003,-0.2611,112948.0,12959.824
501067.SH,20190829,1.191,1.191,1.191,1.191,1.191,0.0,0.0,42.0,5.002
512870.SH,20190829,1.15,1.15,1.153,1.144,1.149,-0.001,-0.087,13306.0,1526.386
510850.SH,20190829,2.904,2.907,2.909,2.882,2.895,-0.009,-0.3099,446002.25,129042.472
510550.SH,20190829,1.168,1.169,1.171,1.163,1.166,-0.002,-0.1712,3038.81,355.055
501069.SH,20190829,1.009,1.009,1.011,1.009,1.011,0.002,0.1982,35.0,3.537
513680.SH,20190829,0.926,0.92,0.92,0.913,0.913,-0.013,-1.4039,13.0,1.188
512150.SH,20190829,1.215,1.215,1.216,1.206,1.212,-0.003,-0.2469,6544.0,795.01
512890.SH,20190829,1.125,1.135,1.135,1.115,1.116,-0.009,-0.8,227786.0,25456.546
159962.SZ,20190829,1.05,1.06,1.065,1.053,1.062,0.012,1.1429,49704.0,5255.114
512920.SH,20190829,1.192,1.185,1.188,1.177,1.177,-0.015,-1.2584,980.0,115.453
501064.SH,20190829,1.188,1.225,1.225,1.139,1.213,0.025,2.1044,1123.0,133.854
159963.SZ,20190829,0.945,0.944,0.946,0.938,0.943,-0.002,-0.2116,26314.08,2480.704
511020.SH,20190829,102.0,101.981,101.981,101.981,101.981,-0.019,-0.0186,1.0,10.198
511030.SH,20190829,100.803,100.806,100.898,100.6,100.898,0.095,0.0942,3.1,31.236
159965.SZ,20190829,1.005,1.01,1.01,1.0,1.002,-0.003,-0.2985,61714.1,6192.591
501063.SH,20190829,0.941,0.946,0.946,0.941,0.945,0.004,0.4251,1080.09,101.685
501070.SH,20190829,1.048,1.058,1.065,1.046,1.061,0.013,1.2405,1373.97,144.919
512380.SH,20190829,0.971,0.973,0.973,0.964,0.968,-0.003,-0.309,984955.0,95258.601
510890.SH,20190829,0.995,0.995,0.997,0.993,0.997,0.002,0.201,49.0,4.872
510350.SH,20190829,3.79,3.798,3.798,3.761,3.78,-0.01,-0.2639,239233.82,90362.172
159964.SZ,20190829,0.968,0.962,0.969,0.959,0.969,0.001,0.1033,3048.0,294.567
161912.SZ,20190829,0.953,0.947,0.952,0.946,0.951,-0.002,-0.2099,2586.56,244.968
512690.SH,20190829,1.112,1.114,1.13,1.107,1.126,0.014,1.259,125823.0,14074.945
512290.SH,20190829,1.13,1.125,1.128,1.117,1.124,-0.006,-0.531,354733.0,39822.755
166025.SZ,20190829,1.032,1.032,1.039,1.032,1.038,0.006,0.5814,27025.54,2799.943
512750.SH,20190829,1.002,1.002,1.004,0.993,0.997,-0.005,-0.499,211519.0,21075.463
512910.SH,20190829,1.03,1.03,1.031,1.02,1.026,-0.004,-0.3883,101782.0,10436.993
512760.SH,20190829,1.194,1.193,1.216,1.189,1.212,0.018,1.5075,576182.0,69433.762
512170.SH,20190829,1.161,1.157,1.166,1.155,1.159,-0.002,-0.1723,44364.0,5151.983
512480.SH,20190829,1.111,1.111,1.131,1.106,1.13,0.019,1.7102,68954.0,7748.868
159966.SZ,20190829,1.095,1.094,1.096,1.086,1.089,-0.006,-0.5479,272556.76,29742.445
159967.SZ,20190829,1.108,1.108,1.112,1.099,1.108,0.0,0.0,124640.1,13767.011
512930.SH,20190829,1.069,1.069,1.085,1.064,1.085,0.016,1.4967,6281.0,673.941
159971.SZ,20190829,1.128,1.12,1.135,1.117,1.126,-0.002,-0.1773,25791.0,2908.492
161029.SZ,20190829,1.04,1.033,1.049,1.033,1.035,-0.005,-0.4808,1423.79,147.087
512710.SH,20190829,1.032,1.037,1.049,1.033,1.042,0.01,0.969,2399578.02,250006.175
169301.SZ,20190829,0.99,0.988,0.988,0.988,0.988,-0.002,-0.202,50.0,4.94
513880.SH,20190829,0.994,0.991,0.994,0.986,0.994,0.0,0.0,35788.0,3544.471
513800.SH,20190829,1.005,1.003,1.006,1.003,1.006,0.001,0.0995,1429.0,143.666
513520.SH,20190829,1.003,1.005,1.005,1.0,1.004,0.001,0.0997,13697.0,1373.143
513000.SH,20190829,1.005,1.001,1.005,1.001,1.005,0.0,0.0,8743.0,876.905
512670.SH,20190829,1.022,1.025,1.041,1.023,1.036,0.014,1.3699,367350.34,38027.293
159973.SZ,20190829,1.045,1.045,1.141,1.04,1.043,-0.002,-0.1914,460.0,48.535
515000.SH,20190829,1.087,1.088,1.103,1.084,1.096,0.009,0.828,2672593.27,292373.368
160105.SZ,20190829,0.923,0.921,0.923,0.921,0.923,0.0,0.0,24.0,2.214
163801.SZ,20190829,1.34,1.342,1.342,1.336,1.338,-0.002,-0.1493,582.0,77.994
160505.SZ,20190829,1.641,1.643,1.645,1.636,1.641,0.0,0.0,19598.94,3215.149
510050.SH,20190829,2.912,2.912,2.916,2.886,2.901,-0.011,-0.3777,4889349.57,1417362.508
162703.SZ,20190829,1.6,1.602,1.63,1.593,1.622,0.022,1.375,9592.03,1550.831
162605.SZ,20190829,1.704,1.714,1.717,1.698,1.714,0.01,0.5869,56328.78,9617.748
161607.SZ,20190829,1.269,1.256,1.256,1.256,1.256,-0.013,-1.0244,3.84,0.482
160106.SZ,20190829,1.036,1.038,1.041,1.035,1.04,0.004,0.3861,696.25,72.281
161903.SZ,20190829,1.089,1.077,1.095,1.077,1.093,0.004,0.3673,4644.63,505.598
160706.SZ,20190829,1.098,1.098,1.1,1.09,1.095,-0.003,-0.2732,22391.36,2449.839
