ts_code,trade_date,pre_close,open,high,low,close,change,pct_chg,vol,amount
502049.SH,20190603,0.974,0.974,0.976,0.974,0.975,0.001,0.1027,5387.0,525.372
502050.SH,20190603,0.806,0.81,0.82,0.8,0.811,0.005,0.6203,55508.43,4492.109
512340.SH,20190603,0.742,0.739,0.741,0.728,0.73,-0.012,-1.6173,1266.0,92.99
150220.SZ,20190603,0.738,0.741,0.743,0.73,0.732,-0.006,-0.813,15932.0,1172.278
512500.SH,20190603,2.445,2.452,2.467,2.416,2.426,-0.019,-0.7771,619672.36,150730.08
150227.SZ,20190603,0.994,0.995,0.995,0.994,0.995,0.001,0.1006,103299.33,10277.697
150228.SZ,20190603,0.832,0.833,0.844,0.826,0.832,0.0,0.0,411318.33,34341.522
512510.SH,20190603,1.05,1.055,1.058,1.035,1.04,-0.01,-0.9524,131789.58,13724.157
166012.SZ,20190603,1.089,1.084,1.084,1.084,1.084,-0.005,-0.4591,8.0,0.867
150229.SZ,20190603,0.973,0.974,0.974,0.974,0.974,0.001,0.1028,54.87,5.344
150230.SZ,20190603,1.079,1.005,1.078,1.005,1.022,-0.057,-5.2827,202.58,21.822
161225.SZ,20190603,1.079,1.082,1.082,1.081,1.081,0.002,0.1854,50.0,5.406
150231.SZ,20190603,0.967,0.968,0.968,0.968,0.968,0.001,0.1034,2000.0,193.6
150232.SZ,20190603,0.673,0.675,0.684,0.666,0.674,0.001,0.1486,1661.0,112.604
150236.SZ,20190603,0.922,0.909,0.936,0.909,0.912,-0.01,-1.0846,905.42,83.028
164906.SZ,20190603,1.116,1.118,1.124,1.105,1.119,0.003,0.2688,1054.28,117.53
150247.SZ,20190603,1.003,1.002,1.004,1.002,1.004,0.001,0.0997,1305.97,130.909
150248.SZ,20190603,0.861,0.868,0.868,0.78,0.849,-0.012,-1.3937,213.65,17.702
510710.SH,20190603,2.978,3.0,3.009,2.97,2.989,0.011,0.3694,100713.22,30101.793
150252.SZ,20190603,0.843,0.84,0.84,0.823,0.83,-0.013,-1.5421,545.0,45.152
150265.SZ,20190603,1.008,1.008,1.008,1.007,1.008,0.0,0.0,2026.0,204.218
150266.SZ,20190603,0.891,0.891,0.908,0.846,0.896,0.005,0.5612,1837.01,163.026
150273.SZ,20190603,1.0,1.008,1.008,1.008,1.008,0.008,0.8,170.0,17.136
159943.SZ,20190603,9.678,9.6,9.682,9.501,9.56,-0.118,-1.2193,66.87,63.887
150261.SZ,20190603,1.008,1.008,1.008,1.006,1.008,0.0,0.0,4732.0,476.765
150262.SZ,20190603,0.788,0.775,0.799,0.774,0.798,0.01,1.269,548.26,42.833
162006.SZ,20190603,1.031,1.004,1.105,1.004,1.021,-0.01,-0.9699,66.0,6.853
160910.SZ,20190603,0.985,0.985,0.985,0.985,0.985,0.0,0.0,62.45,6.151
160311.SZ,20190603,1.481,1.489,1.491,1.473,1.485,0.004,0.2701,618.04,91.899
161610.SZ,20190603,0.999,0.981,1.022,0.98,0.983,-0.016,-1.6016,834.0,81.989
159961.SZ,20190603,1.23,1.234,1.241,1.228,1.228,-0.002,-0.1626,16947.07,2082.765
512260.SH,20190603,1.155,1.156,1.162,1.139,1.144,-0.011,-0.9524,88665.0,10185.673
501067.SH,20190603,1.139,1.123,1.138,1.123,1.138,-0.001,-0.0878,499.0,56.064
501068.SH,20190603,1.14,1.117,1.138,1.117,1.138,-0.002,-0.1754,75.0,8.409
512870.SH,20190603,1.09,1.079,1.092,1.077,1.078,-0.012,-1.1009,27427.0,2966.115
510850.SH,20190603,2.724,2.725,2.759,2.72,2.741,0.017,0.6241,566363.97,155048.183
510550.SH,20190603,1.138,1.139,1.139,1.118,1.125,-0.013,-1.1424,1473.0,165.776
501069.SH,20190603,0.984,0.978,0.981,0.975,0.978,-0.006,-0.6098,1330.45,130.122
513680.SH,20190603,0.959,0.95,0.96,0.942,0.96,0.001,0.1043,40.0,3.803
512150.SH,20190603,1.13,1.139,1.141,1.122,1.132,0.002,0.177,980.0,110.993
512890.SH,20190603,1.103,1.104,1.115,1.098,1.104,0.001,0.0907,10876.0,1198.365
159962.SZ,20190603,0.972,0.98,0.98,0.964,0.964,-0.008,-0.823,527.0,50.843
501311.SH,20190603,0.917,0.92,0.936,0.92,0.936,0.019,2.072,18.0,1.658
159963.SZ,20190603,0.934,0.933,0.939,0.932,0.939,0.005,0.5353,16563.01,1550.952
511020.SH,20190603,100.0,99.997,100.15,99.701,100.136,0.136,0.136,650.8,6515.227
512270.SH,20190603,0.956,0.956,0.962,0.949,0.951,-0.005,-0.523,9376.0,894.083
511030.SH,20190603,100.049,100.074,100.074,100.0,100.001,-0.048,-0.048,21.6,216.155
159965.SZ,20190603,0.939,0.942,0.947,0.934,0.94,0.001,0.1065,14018.21,1318.041
512380.SH,20190603,0.906,0.905,0.914,0.899,0.905,-0.001,-0.1104,335106.1,30431.187
512590.SH,20190603,0.983,0.989,0.993,0.972,0.976,-0.007,-0.7121,5836.0,568.812
160925.SZ,20190603,0.922,0.912,0.912,0.912,0.912,-0.01,-1.0846,53.0,4.833
159964.SZ,20190603,0.882,0.884,0.888,0.875,0.876,-0.006,-0.6803,4985.02,437.503
512690.SH,20190603,0.959,0.964,0.97,0.945,0.95,-0.009,-0.9385,310763.0,29603.076
512290.SH,20190603,0.971,0.972,0.978,0.955,0.959,-0.012,-1.2358,157692.0,15183.893
166025.SZ,20190603,0.933,0.935,0.94,0.922,0.924,-0.009,-0.9646,4702.01,436.373
160105.SZ,20190603,0.872,0.949,0.949,0.816,0.867,-0.005,-0.5734,74.0,6.214
163801.SZ,20190603,1.185,1.185,1.185,1.171,1.171,-0.014,-1.1814,728.0,85.57
160505.SZ,20190603,1.527,1.527,1.534,1.519,1.524,-0.003,-0.1965,12768.48,1948.089
510050.SH,20190603,2.728,2.737,2.762,2.722,2.74,0.012,0.4399,6299664.5,1726338.572
162703.SZ,20190603,1.36,1.366,1.369,1.351,1.359,-0.001,-0.0735,1032.46,140.25
162605.SZ,20190603,1.598,1.6,1.625,1.586,1.588,-0.01,-0.6258,45230.72,7244.42
160106.SZ,20190603,0.919,0.915,0.938,0.915,0.919,0.0,0.0,615.0,56.332
161903.SZ,20190603,0.876,0.872,0.872,0.861,0.861,-0.015,-1.7123,43.0,3.71
160706.SZ,20190603,1.038,1.039,1.049,1.035,1.038,0.0,0.0,15697.75,1632.484
163302.SZ,20190603,1.105,1.105,1.105,1.105,1.105,0.0,0.0,2.0,0.221
161005.SZ,20190603,1.952,1.952,1.972,1.932,1.952,0.0,0.0,4158.98,810.367
163402.SZ,20190603,0.733,0.734,0.738,0.728,0.731,-0.002,-0.2729,53631.64,3923.856
161706.SZ,20190603,1.681,1.691,1.692,1.669,1.675,-0.006,-0.3569,1468.0,246.184
163503.SZ,20190603,0.389,0.395,0.395,0.388,0.389,0.0,0.0,480.0,18.761
162607.SZ,20190603,0.463,0.462,0.468,0.462,0.462,-0.001,-0.216,693.0,32.062
159901.SZ,20190603,4.26,4.273,4.312,4.225,4.245,-0.015,-0.3521,523426.7,223074.967
510180.SH,20190603,3.298,3.296,3.334,3.278,3.301,0.003,0.091,208363.01,68797.638
162207.SZ,20190603,1.232,1.226,1.232,1.226,1.232,0.0,0.0,150.0,18.45
159902.SZ,20190603,2.688,2.692,2.716,2.66,2.675,-0.013,-0.4836,177187.45,47498.287
160607.SZ,20190603,0.652,0.633,0.652,0.633,0.651,-0.001,-0.1534,232.0,15.121
510880.SH,20190603,2.713,2.721,2.729,2.695,2.701,-0.012,-0.4423,83751.0,22695.758
160610.SZ,20190603,0.877,0.861,0.888,0.861,0.888,0.011,1.2543,85.66,7.416
166001.SZ,20190603,1.116,1.132,1.136,1.128,1.136,0.02,1.7921,1136.37,128.726
160611.SZ,20190603,0.745,0.751,0.751,0.751,0.751,0.006,0.8054,62.26,4.675
160314.SZ,20190603,0.924,0.925,0.928,0.92,0.928,0.004,0.4329,166.0,15.322
160613.SZ,20190603,1.283,1.261,1.261,1.261,1.261,-0.022,-1.7147,2.0,0.252
510410.SH,20190603,0.617,0.614,0.615,0.609,0.609,-0.008,-1.2966,11585.0,709.036
160216.SZ,20190603,0.471,0.453,0.464,0.453,0.457,-0.014,-2.9724,34023.58,1556.927
159919.SZ,20190603,3.622,3.627,3.68,3.606,3.633,0.011,0.3037,662918.29,241432.577
510300.SH,20190603,3.632,3.645,3.682,3.613,3.64,0.008,0.2203,3308130.6,1205594.361
161019.SZ,20190603,1.025,1.025,1.052,1.025,1.052,0.027,2.6341,668.01,69.674
163821.SZ,20190603,1.283,1.275,1.275,1.275,1.275,-0.008,-0.6235,1.0,0.127
164810.SZ,20190603,0.998,1.008,1.008,1.008,1.008,0.01,1.002,19.0,1.915
161117.SZ,20190603,1.065,1.066,1.066,1.065,1.065,0.0,0.0,30.0,3.196
164702.SZ,20190603,1.037,1.032,1.037,1.032,1.037,0.0,0.0,1065.0,109.911
159920.SZ,20190603,1.447,1.445,1.448,1.435,1.444,-0.003,-0.2073,1751406.68,252439.258
510900.SH,20190603,1.144,1.145,1.15,1.141,1.149,0.005,0.4371,8433319.46,966367.611
161820.SZ,20190603,1.122,1.12,1.121,1.12,1.121,-0.001,-0.0891,505.0,56.56
510430.SH,20190603,1.54,1.486,1.54,1.421,1.54,0.0,0.0,31.58,4.765
160916.SZ,20190603,2.698,2.71,2.72,2.693,2.693,-0.005,-0.1853,848.0,229.768
510440.SH,20190603,1.494,1.473,1.493,1.473,1.491,-0.003,-0.2008,50.0,7.421
150106.SZ,20190603,1.05,1.05,1.05,1.045,1.049,-0.001,-0.0952,94762.0,9933.167
150107.SZ,20190603,0.59,0.593,0.602,0.581,0.591,0.001,0.1695,154248.72,9124.144
150100.SZ,20190603,0.985,0.986,0.986,0.986,0.986,0.001,0.1015,1260.0,124.236
150101.SZ,20190603,1.026,1.0,1.026,0.987,1.025,-0.001,-0.0975,1592.96,159.603
166902.SZ,20190603,1.06,1.088,1.088,1.088,1.088,0.028,2.6415,1.0,0.108
163415.SZ,20190603,1.74,1.73,1.749,1.72,1.73,-0.01,-0.5747,1157.0,199.409
510330.SH,20190603,3.637,3.639,3.686,3.618,3.642,0.005,0.1375,917732.92,335189.506
511990.SH,20190603,100.012,99.999,100.007,99.998,100.002,-0.01,-0.01,794260.8,7942911.298
159922.SZ,20190603,5.111,5.12,5.164,5.038,5.068,-0.043,-0.8413,108166.0,55056.196
510500.SH,20190603,5.261,5.283,5.31,5.199,5.22,-0.041,-0.7793,1933544.81,1013172.094
150117.SZ,20190603,1.007,1.008,1.008,1.006,1.007,0.0,0.0,4044.0,407.26
150118.SZ,20190603,1.019,1.017,1.03,1.001,1.003,-0.016,-1.5702,19662.85,1987.866
159923.SZ,20190603,1.593,1.615,1.615,1.579,1.595,0.002,0.1255,982.0,156.715
510310.SH,20190603,1.581,1.582,1.603,1.574,1.584,0.003,0.1898,678060.0,107574.831
511010.SH,20190603,116.956,116.956,117.05,116.956,116.996,0.04,0.0342,12013.0,140554.591
160212.SZ,20190603,1.822,1.821,1.828,1.801,1.812,-0.01,-0.5488,1923.0,349.158
510660.SH,20190603,1.6,1.6,1.624,1.59,1.603,0.003,0.1875,15737.0,2522.645
510650.SH,20190603,1.827,1.837,1.839,1.81,1.827,0.0,0.0,2701.0,493.579
510630.SH,20190603,2.71,2.71,2.735,2.695,2.712,0.002,0.0738,11306.0,3060.638
159925.SZ,20190603,1.558,1.555,1.579,1.555,1.571,0.013,0.8344,6239.76,972.838
150123.SZ,20190603,1.017,1.017,1.02,1.017,1.02,0.003,0.295,4275.0,435.597
150124.SZ,20190603,0.646,0.646,0.658,0.636,0.64,-0.006,-0.9288,1479.67,96.104
163210.SZ,20190603,1.007,1.007,1.017,1.007,1.014,0.007,0.6951,3967.88,400.813
510510.SH,20190603,1.397,1.405,1.408,1.379,1.386,-0.011,-0.7874,563802.89,78276.096
511880.SH,20190603,101.237,101.238,101.25,101.237,101.244,0.007,0.0069,521301.69,5277909.172
165313.SZ,20190603,1.319,1.315,1.33,1.315,1.327,0.008,0.6065,3332.68,442.416
159001.SZ,20190603,100.0,99.999,100.001,99.999,100.0,0.0,0.0,161685.44,1616855.098
160130.SZ,20190603,1.0,1.002,1.002,1.002,1.002,0.002,0.2,136.0,13.627
161911.SZ,20190603,1.05,1.05,1.051,1.048,1.049,-0.001,-0.0952,3890.25,408.007
162715.SZ,20190603,1.116,1.114,1.114,1.114,1.114,-0.002,-0.1792,339.47,37.816
513100.SH,20190603,2.573,2.544,2.544,2.532,2.538,-0.035,-1.3603,133350.0,33837.115
159926.SZ,20190603,114.32,113.738,113.738,113.738,113.738,-0.582,-0.5091,1.0,11.373
159003.SZ,20190603,100.001,99.999,100.001,99.998,100.0,-0.001,-0.001,3114.51,31144.91
518880.SH,20190603,2.878,2.906,2.917,2.906,2.914,0.036,1.2509,2734334.2,796891.162
518800.SH,20190603,2.853,2.888,2.894,2.885,2.892,0.039,1.367,975878.1,282133.117
150146.SZ,20190603,1.05,1.089,1.089,1.073,1.074,0.024,2.2857,68.0,7.3
166904.SZ,20190603,1.036,1.036,1.036,1.036,1.036,0.0,0.0,20.0,2.072
150144.SZ,20190603,1.039,0.996,1.026,0.96,0.96,-0.079,-7.6035,1046.0,104.922
159929.SZ,20190603,1.373,1.372,1.38,1.361,1.368,-0.005,-0.3642,19022.0,2606.168
159928.SZ,20190603,2.712,2.719,2.755,2.701,2.717,0.005,0.1844,145365.08,39611.435
159930.SZ,20190603,0.722,0.716,0.725,0.708,0.72,-0.002,-0.277,3260.0,231.825
159931.SZ,20190603,1.635,1.634,1.645,1.622,1.632,-0.003,-0.1835,254.0,41.428
150149.SZ,20190603,0.565,0.569,0.574,0.555,0.562,-0.003,-0.531,3551.0,198.11
160515.SZ,20190603,1.057,1.056,1.057,1.055,1.057,0.0,0.0,4964.52,524.319
150130.SZ,20190603,1.012,1.011,1.013,1.011,1.013,0.001,0.0988,3162.96,320.093
150131.SZ,20190603,1.317,1.319,1.339,1.3,1.305,-0.012,-0.9112,111245.36,14647.703
150150.SZ,20190603,0.991,0.992,0.992,0.991,0.991,0.0,0.0,1300.0,128.86
150151.SZ,20190603,0.721,0.686,0.725,0.686,0.725,0.004,0.5548,3.33,0.232
150152.SZ,20190603,0.998,0.998,0.999,0.998,0.998,0.0,0.0,42943.78,4286.626
150153.SZ,20190603,1.0,1.008,1.015,0.987,0.989,-0.011,-1.1,1737419.66,173589.221
159932.SZ,20190603,1.405,1.392,1.392,1.295,1.33,-0.075,-5.3381,7998.0,1066.573
512010.SH,20190603,1.575,1.575,1.592,1.57,1.577,0.002,0.127,222374.0,35084.534
160131.SZ,20190603,1.041,1.041,1.043,1.041,1.043,0.002,0.1921,473.63,49.306
159934.SZ,20190603,2.855,2.881,2.896,2.881,2.889,0.034,1.1909,602875.67,174380.703
513500.SH,20190603,1.774,1.758,1.764,1.755,1.757,-0.017,-0.9583,1600044.0,281254.634
512120.SH,20190603,1.359,1.359,1.367,1.351,1.355,-0.004,-0.2943,2723.0,370.078
150157.SZ,20190603,0.993,0.993,0.993,0.992,0.993,0.0,0.0,32882.0,3265.065
150158.SZ,20190603,0.999,0.999,1.014,0.988,0.994,-0.005,-0.5005,6708.0,669.611
159935.SZ,20190603,1.357,1.33,1.394,1.33,1.355,-0.002,-0.1474,185.0,24.962
160220.SZ,20190603,1.164,1.198,1.198,1.162,1.178,0.014,1.2027,354.0,41.719
150168.SZ,20190603,0.734,0.731,0.731,0.7,0.73,-0.004,-0.545,895.47,63.618
510520.SH,20190603,1.226,1.226,1.236,1.214,1.22,-0.006,-0.4894,324.0,39.841
164705.SZ,20190603,1.155,1.16,1.16,1.111,1.111,-0.044,-3.8095,8.0,0.923
150170.SZ,20190603,1.3,1.319,1.319,1.293,1.294,-0.006,-0.4615,136.0,17.627
150171.SZ,20190603,0.978,0.978,0.979,0.977,0.978,0.0,0.0,11153.37,1090.798
150172.SZ,20190603,1.279,1.265,1.315,1.265,1.285,0.006,0.4691,231864.7,30032.91
161831.SZ,20190603,0.945,0.941,0.941,0.94,0.94,-0.005,-0.5291,2.01,0.189
150175.SZ,20190603,0.998,0.999,0.999,0.998,0.999,0.001,0.1002,21664.0,2164.049
150176.SZ,20190603,0.891,0.891,0.896,0.885,0.886,-0.005,-0.5612,21151.0,1877.977
150181.SZ,20190603,0.988,0.988,0.988,0.987,0.987,-0.001,-0.1012,19156.72,1891.906
150182.SZ,20190603,1.265,1.292,1.301,1.256,1.256,-0.009,-0.7115,180357.47,23063.678
150177.SZ,20190603,0.986,0.986,0.987,0.986,0.986,0.0,0.0,14545.0,1434.556
150178.SZ,20190603,1.284,1.256,1.305,1.256,1.277,-0.007,-0.5452,770.0,99.132
150179.SZ,20190603,0.984,0.986,0.986,0.986,0.986,0.002,0.2033,4964.0,489.45
150180.SZ,20190603,0.956,0.911,0.953,0.911,0.933,-0.023,-2.4059,2164.26,200.538
160812.SZ,20190603,1.278,1.287,1.317,1.277,1.277,-0.001,-0.0782,3006.0,395.464
150164.SZ,20190603,0.992,0.989,0.993,0.989,0.993,0.001,0.1008,3.03,0.3
150165.SZ,20190603,1.079,1.044,1.044,1.0,1.018,-0.061,-5.6534,1213.0,122.862
160918.SZ,20190603,1.808,1.77,1.802,1.77,1.802,-0.006,-0.3319,203.0,36.351
161010.SZ,20190603,1.082,1.077,1.079,1.073,1.078,-0.004,-0.3697,1004.0,107.817
160615.SZ,20190603,1.516,1.508,1.519,1.491,1.505,-0.011,-0.7256,159.0,23.922
161810.SZ,20190603,1.599,1.591,1.6,1.575,1.581,-0.018,-1.1257,7279.94,1157.302
510060.SH,20190603,1.772,1.797,1.798,1.772,1.772,0.0,0.0,713.0,126.603
160119.SZ,20190603,1.25,1.252,1.265,1.235,1.237,-0.013,-1.04,24216.8,3007.655
510010.SH,20190603,1.111,1.108,1.122,1.099,1.115,0.004,0.36,399.0,44.219
162307.SZ,20190603,1.292,1.292,1.296,1.292,1.296,0.004,0.3096,162.0,20.994
165309.SZ,20190603,1.164,1.163,1.163,1.156,1.162,-0.002,-0.1718,7.0,0.812
160211.SZ,20190603,1.815,1.816,1.816,1.803,1.805,-0.01,-0.551,546.33,98.799
162711.SZ,20190603,1.075,1.082,1.091,1.068,1.072,-0.003,-0.2791,1633.93,175.062
150008.SZ,20190603,1.159,1.16,1.184,1.16,1.16,0.001,0.0863,16.13,1.873
150009.SZ,20190603,1.086,1.06,1.092,1.06,1.092,0.006,0.5525,23.61,2.576
159903.SZ,20190603,0.975,0.979,0.982,0.966,0.971,-0.004,-0.4103,16014.0,1558.048
166006.SZ,20190603,1.07,1.07,1.07,1.069,1.069,-0.001,-0.0935,78.0,8.345
510020.SH,20190603,2.679,2.667,2.692,2.659,2.68,0.001,0.0373,20.8,5.555
160716.SZ,20190603,1.517,1.525,1.529,1.514,1.52,0.003,0.1978,8097.0,1230.607
160616.SZ,20190603,1.087,1.077,1.077,1.077,1.077,-0.01,-0.92,5.0,0.538
163001.SZ,20190603,0.916,0.927,0.933,0.923,0.933,0.017,1.8559,5.0,0.464
510130.SH,20190603,3.685,3.717,3.719,3.566,3.718,0.033,0.8955,1219.0,451.918
510030.SH,20190603,4.999,5.0,5.027,4.98,5.001,0.002,0.04,213.0,106.404
510090.SH,20190603,1.639,1.649,1.78,1.632,1.706,0.067,4.0879,89.0,14.567
150016.SZ,20190603,0.963,0.963,0.963,0.96,0.961,-0.002,-0.2077,4751.77,456.951
150017.SZ,20190603,0.984,0.986,0.989,0.977,0.981,-0.003,-0.3049,3301.82,323.975
150012.SZ,20190603,0.975,0.975,0.977,0.975,0.977,0.002,0.2051,937.68,91.573
150013.SZ,20190603,0.905,0.91,0.938,0.906,0.93,0.025,2.7624,322.28,29.285
150018.SZ,20190603,0.986,0.986,0.987,0.986,0.986,0.0,0.0,39292.58,3874.739
150019.SZ,20190603,0.865,0.873,0.886,0.856,0.866,0.001,0.1156,2302735.52,200736.723
161713.SZ,20190603,1.027,1.021,1.027,1.021,1.027,0.0,0.0,4.0,0.41
510070.SH,20190603,1.62,1.62,1.623,1.607,1.607,-0.013,-0.8025,73.0,11.827
160215.SZ,20190603,1.315,1.296,1.304,1.283,1.304,-0.011,-0.8365,224.0,28.823
510160.SH,20190603,0.531,0.531,0.537,0.529,0.531,0.0,0.0,3649.0,193.795
510110.SH,20190603,3.528,3.53,3.581,3.431,3.517,-0.011,-0.3118,143.0,50.451
160717.SZ,20190603,0.79,0.789,0.794,0.789,0.794,0.004,0.5063,1269.0,100.489
163407.SZ,20190603,1.85,1.86,1.868,1.841,1.855,0.005,0.2703,3964.22,735.33
159905.SZ,20190603,1.744,1.745,1.765,1.731,1.739,-0.005,-0.2867,38581.0,6744.282
510190.SH,20190603,3.162,3.164,3.179,3.15,3.151,-0.011,-0.3479,127.0,40.182
150022.SZ,20190603,0.767,0.766,0.769,0.762,0.763,-0.004,-0.5215,210065.58,16061.293
150023.SZ,20190603,0.22,0.222,0.223,0.216,0.217,-0.003,-1.3636,637114.6,13972.51
510170.SH,20190603,1.635,1.635,1.641,1.635,1.641,0.006,0.367,51.0,8.342
166008.SZ,20190603,1.11,1.11,1.11,1.11,1.11,0.0,0.0,1.0,0.111
161815.SZ,20190603,0.467,0.465,0.47,0.461,0.462,-0.005,-1.0707,131.0,6.065
510150.SH,20190603,4.712,4.712,4.756,4.691,4.717,0.005,0.1061,5088.0,2395.703
165510.SZ,20190603,0.726,0.727,0.727,0.709,0.722,-0.004,-0.551,1175.0,84.278
159906.SZ,20190603,0.728,0.733,0.735,0.723,0.725,-0.003,-0.4121,1213.0,88.447
510220.SH,20190603,3.841,3.865,3.865,3.809,3.809,-0.032,-0.8331,169.0,64.534
510210.SH,20190603,3.495,3.48,3.526,3.475,3.487,-0.008,-0.2289,3698.0,1293.752
164902.SZ,20190603,1.267,1.268,1.268,1.268,1.268,0.001,0.0789,20.0,2.536
161714.SZ,20190603,0.988,0.985,0.987,0.978,0.987,-0.001,-0.1012,7.0,0.686
166009.SZ,20190603,1.67,1.65,1.65,1.555,1.555,-0.115,-6.8862,10.0,1.583
150028.SZ,20190603,0.986,0.985,0.985,0.985,0.985,-0.001,-0.1014,938.0,92.393
150029.SZ,20190603,1.045,1.002,1.076,1.002,1.069,0.024,2.2967,889.92,95.383
161907.SZ,20190603,1.646,1.646,1.668,1.643,1.643,-0.003,-0.1823,102.0,16.802
150031.SZ,20190603,0.855,0.855,0.855,0.781,0.854,-0.001,-0.117,61.27,5.235
150030.SZ,20190603,1.001,0.991,0.991,0.991,0.991,-0.01,-0.999,1.35,0.133
510230.SH,20190603,5.653,5.679,5.724,5.632,5.664,0.011,0.1946,26326.0,14914.804
510260.SH,20190603,1.018,1.01,1.021,1.009,1.009,-0.009,-0.8841,857.0,86.733
161116.SZ,20190603,0.669,0.674,0.69,0.673,0.678,0.009,1.3453,17832.32,1210.913
150037.SZ,20190603,1.686,1.608,1.608,1.608,1.608,-0.078,-4.6263,0.46,0.073
163409.SZ,20190603,1.56,1.546,1.567,1.546,1.567,0.007,0.4487,201.0,31.474
160512.SZ,20190603,1.693,1.586,1.68,1.586,1.68,-0.013,-0.7679,32.0,5.094
159908.SZ,20190603,1.281,1.277,1.277,1.265,1.267,-0.014,-1.0929,9071.0,1151.714
159907.SZ,20190603,1.133,1.122,1.14,1.109,1.124,-0.009,-0.7944,1715.0,192.649
163110.SZ,20190603,1.56,1.53,1.555,1.526,1.555,-0.005,-0.3205,263.0,40.675
159909.SZ,20190603,3.9,3.9,3.927,3.852,3.893,-0.007,-0.1795,31822.0,12354.274
510270.SH,20190603,1.057,1.056,1.059,1.048,1.059,0.002,0.1892,211.0,22.119
161217.SZ,20190603,0.617,0.616,0.616,0.616,0.616,-0.001,-0.1621,1.0,0.061
159910.SZ,20190603,1.745,1.743,1.762,1.732,1.734,-0.011,-0.6304,7274.0,1273.034
162712.SZ,20190603,1.433,1.421,1.433,1.42,1.433,0.0,0.0,462.0,66.126
160719.SZ,20190603,0.712,0.715,0.72,0.715,0.718,0.006,0.8427,9759.0,699.817
159911.SZ,20190603,3.457,3.453,3.453,3.437,3.437,-0.02,-0.5785,85.0,29.348
164701.SZ,20190603,0.608,0.607,0.615,0.607,0.612,0.004,0.6579,7488.37,457.763
160415.SZ,20190603,1.125,1.028,1.12,1.028,1.12,-0.005,-0.4444,21.83,2.343
159915.SZ,20190603,1.425,1.428,1.438,1.407,1.411,-0.014,-0.9825,5187125.94,735971.029
159916.SZ,20190603,3.881,3.874,3.916,3.83,3.845,-0.036,-0.9276,650.0,252.122
159912.SZ,20190603,1.16,1.161,1.17,1.153,1.156,-0.004,-0.3448,8773.0,1018.287
510290.SH,20190603,1.356,1.359,1.369,1.345,1.345,-0.011,-0.8112,2286.0,308.899
160125.SZ,20190603,1.006,1.016,1.016,1.016,1.016,0.01,0.994,3.0,0.304
159913.SZ,20190603,1.754,1.747,1.75,1.736,1.75,-0.004,-0.2281,452.0,78.606
163208.SZ,20190603,0.813,0.781,0.781,0.781,0.781,-0.032,-3.936,5.0,0.39
161017.SZ,20190603,1.708,1.708,1.724,1.692,1.694,-0.014,-0.8197,9816.49,1670.376
162411.SZ,20190603,0.461,0.453,0.455,0.452,0.453,-0.008,-1.7354,2416919.46,109653.588
150047.SZ,20190603,1.002,1.0,1.0,1.0,1.0,-0.002,-0.1996,10.87,1.087
150048.SZ,20190603,1.216,1.239,1.239,1.145,1.202,-0.014,-1.1513,512.0,61.503
150054.SZ,20190603,0.739,0.74,0.74,0.74,0.74,0.001,0.1353,40.0,2.96
165513.SZ,20190603,0.408,0.409,0.411,0.394,0.399,-0.009,-2.2059,4937.0,197.849
150051.SZ,20190603,0.988,0.988,0.989,0.988,0.988,0.0,0.0,72118.7,7125.332
150052.SZ,20190603,1.132,1.144,1.173,1.135,1.139,0.007,0.6184,99530.03,11426.913
150056.SZ,20190603,1.136,1.15,1.249,1.15,1.21,0.074,6.5141,4.0,0.483
150050.SZ,20190603,1.172,1.059,1.127,1.059,1.123,-0.049,-4.1809,77.41,8.534
159918.SZ,20190603,1.33,1.33,1.342,1.314,1.342,0.012,0.9023,392.0,51.818
160416.SZ,20190603,0.985,0.986,0.986,0.974,0.98,-0.005,-0.5076,1006.0,98.759
163412.SZ,20190603,3.149,3.157,3.178,3.131,3.148,-0.001,-0.0318,1831.0,575.68
502013.SH,20190603,1.256,1.256,1.256,1.193,1.202,-0.054,-4.2994,34394.41,4180.016
502014.SH,20190603,0.997,0.998,0.998,0.995,0.997,0.0,0.0,7008.13,698.242
502015.SH,20190603,1.523,1.52,1.522,1.39,1.421,-0.102,-6.6973,3267.5,472.719
150275.SZ,20190603,0.987,0.987,0.987,0.987,0.987,0.0,0.0,436.13,43.046
150276.SZ,20190603,1.135,1.141,1.169,1.125,1.13,-0.005,-0.4405,2674.02,304.25
150269.SZ,20190603,0.988,0.988,0.988,0.988,0.988,0.0,0.0,6095.82,602.267
150270.SZ,20190603,1.661,1.661,1.682,1.635,1.636,-0.025,-1.5051,41103.0,6800.299
150278.SZ,20190603,0.786,0.718,0.797,0.718,0.797,0.011,1.3995,164.07,11.877
159941.SZ,20190603,1.579,1.579,1.579,1.544,1.552,-0.027,-1.7099,2990.0,464.165
150272.SZ,20190603,0.95,0.943,0.943,0.943,0.943,-0.007,-0.7368,110.0,10.373
150267.SZ,20190603,0.999,1.015,1.015,1.015,1.015,0.016,1.6016,1.0,0.101
160806.SZ,20190603,1.333,1.336,1.343,1.327,1.328,-0.005,-0.3751,545.25,72.899
150281.SZ,20190603,0.997,0.997,0.997,0.997,0.997,0.0,0.0,500.03,49.852
150243.SZ,20190603,0.99,0.99,0.99,0.99,0.99,0.0,0.0,349.0,34.551
150244.SZ,20190603,1.045,1.059,1.062,1.032,1.047,0.002,0.1914,3777.79,397.124
150296.SZ,20190603,0.88,0.792,0.792,0.792,0.792,-0.088,-10.0,12.0,0.95
150287.SZ,20190603,1.007,1.007,1.009,1.005,1.008,0.001,0.0993,13542.59,1365.348
150288.SZ,20190603,0.858,0.862,0.879,0.852,0.853,-0.005,-0.5828,25033.31,2162.621
150289.SZ,20190603,1.018,1.013,1.03,1.013,1.022,0.004,0.3929,77727.7,7955.807
150290.SZ,20190603,0.86,0.869,0.869,0.836,0.836,-0.024,-2.7907,26163.0,2216.179
150301.SZ,20190603,1.006,1.003,1.004,1.003,1.004,-0.002,-0.1988,1035.0,103.826
150302.SZ,20190603,0.844,0.788,0.843,0.783,0.799,-0.045,-5.3318,1053.03,83.549
150299.SZ,20190603,1.009,1.009,1.01,1.009,1.01,0.001,0.0991,35721.0,3606.469
150300.SZ,20190603,0.666,0.665,0.676,0.662,0.666,0.0,0.0,18917.0,1263.888
150316.SZ,20190603,1.156,1.154,1.154,1.154,1.154,-0.002,-0.173,40.0,4.616
150291.SZ,20190603,1.008,1.008,1.009,1.007,1.009,0.001,0.0992,3730.04,375.971
150292.SZ,20190603,0.668,0.68,0.68,0.68,0.68,0.012,1.7964,86.0,5.848
150246.SZ,20190603,0.736,0.756,0.756,0.756,0.756,0.02,2.7174,1.0,0.075
150284.SZ,20190603,0.639,0.64,0.64,0.59,0.62,-0.019,-2.9734,338.0,20.294
150307.SZ,20190603,0.989,0.99,0.99,0.989,0.989,0.0,0.0,27.0,2.67
150308.SZ,20190603,1.287,1.233,1.26,1.178,1.233,-0.054,-4.1958,35.25,4.335
502006.SH,20190603,0.946,0.946,0.946,0.946,0.946,0.0,0.0,2.0,0.189
502008.SH,20190603,0.887,0.85,0.886,0.85,0.886,-0.001,-0.1127,50.74,4.493
501000.SH,20190603,0.928,0.927,0.927,0.927,0.927,-0.001,-0.1078,25.0,2.318
150321.SZ,20190603,1.034,1.036,1.036,1.034,1.035,0.001,0.0967,5010.34,518.469
150322.SZ,20190603,0.881,0.88,0.9,0.88,0.9,0.019,2.1566,55.34,4.871
501001.SH,20190603,0.978,0.97,0.995,0.969,0.97,-0.008,-0.818,803.0,78.082
512330.SH,20190603,0.732,0.736,0.74,0.718,0.73,-0.002,-0.2732,51810.0,3778.97
159945.SZ,20190603,0.652,0.643,0.643,0.635,0.64,-0.012,-1.8405,1523.0,97.429
159944.SZ,20190603,0.71,0.708,0.709,0.698,0.707,-0.003,-0.4225,2543.28,179.103
502036.SH,20190603,0.817,0.813,0.821,0.813,0.815,-0.002,-0.2448,519.0,42.425
150327.SZ,20190603,1.001,1.001,1.001,1.001,1.001,0.0,0.0,119.0,11.911
150335.SZ,20190603,1.006,1.006,1.007,1.006,1.007,0.001,0.0994,800.0,80.51
150336.SZ,20190603,0.757,0.683,0.71,0.681,0.699,-0.058,-7.6618,747.26,51.052
502010.SH,20190603,1.046,1.049,1.066,1.035,1.036,-0.01,-0.956,48083.07,5031.57
502012.SH,20190603,1.075,1.094,1.12,1.06,1.066,-0.009,-0.8372,65524.84,7087.991
502011.SH,20190603,1.011,1.011,1.012,1.009,1.011,0.0,0.0,28435.22,2873.966
502003.SH,20190603,1.177,1.183,1.183,1.162,1.174,-0.003,-0.2549,1261.0,147.435
502005.SH,20190603,1.369,1.369,1.398,1.337,1.339,-0.03,-2.1914,6416.7,863.466
168101.SZ,20190603,0.917,0.918,0.92,0.912,0.914,-0.003,-0.3272,6268.0,573.833
150303.SZ,20190603,1.008,1.008,1.009,1.008,1.009,0.001,0.0992,3678.14,371.006
150304.SZ,20190603,0.879,0.878,0.885,0.86,0.867,-0.012,-1.3652,20254.57,1761.424
502023.SH,20190603,0.806,0.806,0.806,0.8,0.806,0.0,0.0,42.0,3.385
150329.SZ,20190603,0.987,0.987,0.987,0.987,0.987,0.0,0.0,150.0,14.805
150330.SZ,20190603,1.578,1.577,1.608,1.572,1.585,0.007,0.4436,10372.0,1648.039
184801.SZ,20190603,89.022,89.056,89.732,89.053,89.095,0.073,0.082,32.0,285.248
502040.SH,20190603,1.235,1.118,1.175,1.118,1.175,-0.06,-4.8583,111.0,12.416
502042.SH,20190603,1.33,1.23,1.279,1.23,1.258,-0.072,-5.4135,880.0,108.352
502056.SH,20190603,1.0,0.986,0.99,0.986,0.987,-0.013,-1.3,256.0,25.338
511830.SH,20190603,100.004,99.991,99.996,99.991,99.994,-0.01,-0.01,251.03,2510.156
150344.SZ,20190603,1.117,1.005,1.008,1.005,1.008,-0.109,-9.7583,17.67,1.781
510360.SH,20190603,1.171,1.179,1.183,1.165,1.171,0.0,0.0,132037.0,15457.316
502053.SH,20190603,0.977,0.96,1.014,0.96,0.969,-0.008,-0.8188,34.02,3.333
502055.SH,20190603,0.965,0.995,0.996,0.89,0.944,-0.021,-2.1762,942.89,90.191
161226.SZ,20190603,0.746,0.75,0.752,0.749,0.749,0.003,0.4021,51798.08,3888.406
167501.SZ,20190603,1.17,1.17,1.17,1.169,1.17,0.0,0.0,6862.0,802.844
510580.SH,20190603,4.935,4.937,4.961,4.846,4.881,-0.054,-1.0942,83339.0,40884.168
161227.SZ,20190603,0.908,0.908,0.912,0.9,0.905,-0.003,-0.3304,174.11,15.739
511980.SH,20190603,100.003,99.997,99.998,99.992,99.996,-0.007,-0.007,298.94,2989.289
511900.SH,20190603,100.005,99.991,99.996,99.991,99.994,-0.011,-0.011,3763.13,37629.206
511930.SH,20190603,100.07,100.069,100.092,100.069,100.092,0.022,0.022,40.79,408.268
161229.SZ,20190603,1.091,1.089,1.089,1.089,1.089,-0.002,-0.1833,2.0,0.217
164206.SZ,20190603,1.137,1.105,1.105,1.105,1.105,-0.032,-2.8144,4.0,0.442
501005.SH,20190603,0.822,0.82,0.826,0.815,0.816,-0.006,-0.7299,1675.0,137.434
511960.SH,20190603,100.005,99.999,100.016,99.989,99.995,-0.01,-0.01,37.02,370.197
161033.SZ,20190603,0.826,0.825,0.826,0.812,0.821,-0.005,-0.6053,1786.0,145.652
163907.SZ,20190603,0.925,0.92,0.92,0.92,0.92,-0.005,-0.5405,3.0,0.276
169103.SZ,20190603,1.134,1.135,1.153,1.121,1.121,-0.013,-1.1464,1184.0,134.342
511820.SH,20190603,100.004,99.992,99.995,99.9,99.96,-0.044,-0.044,221.03,2210.128
168102.SZ,20190603,0.843,0.845,0.849,0.841,0.843,0.0,0.0,33556.0,2835.404
501015.SH,20190603,0.777,0.76,0.774,0.76,0.769,-0.008,-1.0296,4882.88,372.152
162415.SZ,20190603,1.48,1.451,1.492,1.443,1.452,-0.028,-1.8919,411.0,60.312
160518.SZ,20190603,1.047,1.054,1.054,1.04,1.04,-0.007,-0.6686,1599.0,167.492
511920.SH,20190603,100.043,99.973,102.88,99.973,100.067,0.024,0.024,437.58,4414.917
159948.SZ,20190603,1.553,1.563,1.57,1.534,1.538,-0.015,-0.9659,22753.0,3514.902
161232.SZ,20190603,0.637,0.638,0.639,0.633,0.639,0.002,0.314,1840.08,117.266
165528.SZ,20190603,0.835,0.779,0.834,0.779,0.826,-0.009,-1.0778,152.0,12.564
501017.SH,20190603,0.791,0.784,0.784,0.78,0.781,-0.01,-1.2642,1497.82,117.126
160519.SZ,20190603,0.993,0.983,0.983,0.983,0.983,-0.01,-1.007,1000.01,98.3
501018.SH,20190603,1.089,1.05,1.065,1.045,1.06,-0.029,-2.663,40295.67,4245.134
501021.SH,20190603,1.286,1.286,1.299,1.28,1.285,-0.001,-0.0778,3180.02,409.434
159949.SZ,20190603,0.506,0.508,0.51,0.499,0.502,-0.004,-0.7905,7179879.57,361179.823
511850.SH,20190603,100.02,100.006,100.013,100.006,100.009,-0.011,-0.011,27327.62,273301.448
169104.SZ,20190603,1.185,1.189,1.198,1.181,1.181,-0.004,-0.3376,361.0,42.807
512660.SH,20190603,0.739,0.745,0.751,0.727,0.732,-0.007,-0.9472,1010916.0,74323.802
511910.SH,20190603,100.0,100.288,100.288,100.2,100.2,0.2,0.2,23.0,230.548
512880.SH,20190603,0.899,0.906,0.918,0.896,0.899,0.0,0.0,4136321.14,374508.424
167001.SZ,20190603,0.67,0.67,0.672,0.666,0.669,-0.001,-0.1493,5845.06,391.553
161834.SZ,20190603,0.774,0.774,0.775,0.769,0.771,-0.003,-0.3876,66172.09,5103.841
160225.SZ,20190603,0.742,0.732,0.746,0.726,0.726,-0.016,-2.1563,527.0,38.571
511970.SH,20190603,99.999,99.991,99.991,99.991,99.991,-0.008,-0.008,4.08,40.796
168103.SZ,20190603,0.776,0.776,0.781,0.77,0.774,-0.002,-0.2577,47206.56,3654.422
512810.SH,20190603,0.709,0.709,0.714,0.697,0.7,-0.009,-1.2694,22129.0,1557.687
510810.SH,20190603,0.912,0.917,0.924,0.907,0.911,-0.001,-0.1096,100820.0,9190.765
160522.SZ,20190603,0.933,0.965,0.965,0.905,0.91,-0.023,-2.4652,80.0,7.267
160635.SZ,20190603,0.935,0.926,0.935,0.926,0.929,-0.006,-0.6417,780.0,72.43
164403.SZ,20190603,1.173,1.173,1.268,1.172,1.19,0.017,1.4493,272.0,32.056
169105.SZ,20190603,1.161,1.158,1.166,1.156,1.16,-0.001,-0.0861,77361.31,8964.708
512680.SH,20190603,0.735,0.739,0.743,0.723,0.727,-0.008,-1.0884,35045.0,2559.548
512000.SH,20190603,0.855,0.862,0.874,0.853,0.856,0.001,0.117,2045689.0,176211.007
165525.SZ,20190603,0.774,0.779,0.78,0.77,0.773,-0.001,-0.1292,1073.24,83.25
160421.SZ,20190603,1.027,1.027,1.027,1.011,1.018,-0.009,-0.8763,2096.04,213.426
501026.SH,20190603,0.766,0.807,0.807,0.76,0.76,-0.006,-0.7833,229.0,17.623
511660.SH,20190603,100.014,99.995,100.002,99.995,100.0,-0.014,-0.014,99949.79,999497.024
168105.SZ,20190603,0.754,0.756,0.756,0.753,0.753,-0.001,-0.1326,4232.0,319.188
512100.SH,20190603,0.643,0.646,0.647,0.63,0.635,-0.008,-1.2442,295184.0,18758.502
501022.SH,20190603,0.973,0.97,0.97,0.97,0.97,-0.003,-0.3083,1.0,0.097
511600.SH,20190603,100.011,99.999,100.001,99.992,100.001,-0.01,-0.01,381.21,3812.024
160722.SZ,20190603,0.99,1.0,1.088,1.0,1.035,0.045,4.5455,157.02,15.886
163119.SZ,20190603,0.784,0.77,0.77,0.763,0.763,-0.021,-2.6786,61.0,4.679
511690.SH,20190603,100.007,99.993,99.998,99.991,99.996,-0.011,-0.011,11098.17,110977.121
511700.SH,20190603,100.012,100.001,100.002,99.995,99.999,-0.013,-0.013,558.39,5583.916
501050.SH,20190603,1.211,1.211,1.221,1.207,1.213,0.002,0.1652,16502.66,2000.85
164210.SZ,20190603,1.07,1.075,1.075,1.075,1.075,0.005,0.4673,20.0,2.15
160223.SZ,20190603,0.708,0.71,0.71,0.701,0.702,-0.006,-0.8475,2211.0,156.48
161035.SZ,20190603,0.992,1.005,1.005,0.98,0.986,-0.006,-0.6048,36.0,3.541
501025.SH,20190603,1.079,1.095,1.095,1.087,1.087,0.008,0.7414,4.0,0.437
501028.SH,20190603,0.856,0.818,0.855,0.816,0.819,-0.037,-4.3224,2998.7,245.575
511950.SH,20190603,101.8,100.929,100.929,100.929,100.929,-0.871,-0.8556,0.4,4.037
501300.SH,20190603,1.041,1.04,1.042,1.04,1.041,0.0,0.0,5452.07,567.12
161126.SZ,20190603,1.21,1.217,1.217,1.2,1.2,-0.01,-0.8264,24.0,2.914
161125.SZ,20190603,1.212,1.212,1.23,1.195,1.204,-0.008,-0.6601,672.0,80.524
168301.SZ,20190603,0.958,0.947,0.948,0.947,0.948,-0.01,-1.0438,111.0,10.512
161127.SZ,20190603,1.243,1.232,1.232,1.2,1.201,-0.042,-3.3789,1298.0,155.87
161128.SZ,20190603,1.478,1.425,1.48,1.425,1.45,-0.028,-1.8945,84.0,12.186
168401.SZ,20190603,1.14,1.139,1.139,1.125,1.125,-0.015,-1.3158,3.0,0.338
161129.SZ,20190603,1.091,1.041,1.052,1.041,1.052,-0.039,-3.5747,18342.72,1923.152
501029.SH,20190603,0.958,0.958,0.964,0.945,0.951,-0.007,-0.7307,123510.85,11751.271
501007.SH,20190603,0.913,0.872,0.875,0.872,0.872,-0.041,-4.4907,238.32,20.837
501008.SH,20190603,0.888,0.862,0.869,0.851,0.851,-0.037,-4.1667,28.0,2.413
501011.SH,20190603,0.817,0.796,0.815,0.773,0.791,-0.026,-3.1824,641.34,50.279
501012.SH,20190603,0.806,0.795,0.795,0.795,0.795,-0.011,-1.3648,26.0,2.067
501009.SH,20190603,1.074,1.072,1.087,1.066,1.076,0.002,0.1862,2659.3,285.235
501030.SH,20190603,0.565,0.565,0.573,0.563,0.573,0.008,1.4159,141.0,8.006
501010.SH,20190603,1.09,1.09,1.09,1.09,1.09,0.0,0.0,2.0,0.218
501031.SH,20190603,0.591,0.575,0.575,0.569,0.569,-0.022,-3.7225,266.0,15.18
513050.SH,20190603,1.12,1.116,1.12,1.114,1.12,0.0,0.0,215799.0,24107.867
511650.SH,20190603,100.003,100.0,100.0,99.985,99.993,-0.01,-0.01,3729.92,37296.781
162718.SZ,20190603,0.927,0.93,0.93,0.93,0.93,0.003,0.3236,21.0,1.953
501032.SH,20190603,0.712,0.71,0.71,0.71,0.71,-0.002,-0.2809,1.0,0.071
512580.SH,20190603,0.733,0.734,0.744,0.722,0.727,-0.006,-0.8186,144678.0,10529.771
161631.SZ,20190603,0.918,0.918,0.923,0.912,0.915,-0.003,-0.3268,26373.97,2415.06
162719.SZ,20190603,0.9,0.89,0.89,0.885,0.885,-0.015,-1.6667,633.0,56.229
512900.SH,20190603,0.867,0.878,0.886,0.867,0.869,0.002,0.2307,38664.0,3385.481
161036.SZ,20190603,0.602,0.646,0.646,0.625,0.625,0.023,3.8206,5.0,0.314
511770.SH,20190603,100.001,99.997,99.999,99.98,99.991,-0.01,-0.01,47.38,473.73
501019.SH,20190603,0.734,0.736,0.738,0.724,0.729,-0.005,-0.6812,2426.0,176.832
501301.SH,20190603,1.12,1.127,1.127,1.104,1.118,-0.002,-0.1786,205.0,22.742
164509.SZ,20190603,0.971,0.971,0.971,0.971,0.971,0.0,0.0,60.0,5.826
160723.SZ,20190603,1.145,1.124,1.124,1.102,1.116,-0.029,-2.5328,3894.59,431.871
166402.SZ,20190603,1.033,1.089,1.089,1.081,1.081,0.048,4.6467,52.0,5.622
161835.SZ,20190603,1.052,1.048,1.048,1.047,1.047,-0.005,-0.4753,2.0,0.209
159952.SZ,20190603,0.86,0.862,0.869,0.851,0.853,-0.007,-0.814,709233.0,60802.409
501016.SH,20190603,0.941,0.943,0.954,0.935,0.938,-0.003,-0.3188,7919.0,747.788
161037.SZ,20190603,0.965,0.952,0.954,0.951,0.954,-0.011,-1.1399,293.0,27.915
159950.SZ,20190603,0.923,0.923,0.923,0.911,0.911,-0.012,-1.3001,147.0,13.43
512550.SH,20190603,1.094,1.092,1.105,1.09,1.094,0.0,0.0,1494.0,164.426
160324.SZ,20190603,0.967,0.903,0.903,0.901,0.901,-0.066,-6.8252,25.0,2.252
501302.SH,20190603,1.11,1.038,1.048,1.038,1.047,-0.063,-5.6757,54.07,5.659
161130.SZ,20190603,1.22,1.193,1.193,1.193,1.193,-0.027,-2.2131,60.0,7.158
159955.SZ,20190603,0.802,0.805,0.809,0.791,0.794,-0.008,-0.9975,11739.0,939.557
160643.SZ,20190603,0.801,0.793,0.793,0.793,0.793,-0.008,-0.9988,20.0,1.586
159953.SZ,20190603,0.744,0.732,0.741,0.732,0.733,-0.011,-1.4785,83.0,6.081
159951.SZ,20190603,0.753,0.732,0.739,0.732,0.734,-0.019,-2.5232,126.0,9.233
163111.SZ,20190603,0.857,0.861,0.868,0.848,0.856,-0.001,-0.1167,379.54,32.564
512200.SH,20190603,0.85,0.849,0.855,0.838,0.849,-0.001,-0.1176,3211.0,271.859
512700.SH,20190603,1.059,1.05,1.067,1.05,1.061,0.002,0.1889,6682.0,707.206
512800.SH,20190603,1.019,1.018,1.027,1.014,1.021,0.002,0.1963,506185.0,51613.713
512400.SH,20190603,0.651,0.648,0.65,0.636,0.637,-0.014,-2.1505,277802.0,17842.387
512560.SH,20190603,0.803,0.819,0.82,0.794,0.8,-0.003,-0.3736,11521.0,922.419
512570.SH,20190603,0.851,0.854,0.863,0.847,0.848,-0.003,-0.3525,2460.0,210.258
161715.SZ,20190603,0.906,0.887,0.887,0.887,0.887,-0.019,-2.0971,1.01,0.089
501036.SH,20190603,0.793,0.793,0.805,0.77,0.778,-0.015,-1.8916,548.0,43.173
501037.SH,20190603,0.786,0.795,0.795,0.777,0.783,-0.003,-0.3817,961.0,75.018
501038.SH,20190603,1.032,1.034,1.037,1.026,1.028,-0.004,-0.3876,5487.0,566.03
511260.SH,20190603,105.917,106.017,106.199,106.0,106.114,0.197,0.186,510.0,5411.601
511620.SH,20190603,99.989,99.98,100.8,99.92,99.983,-0.006,-0.006,682.46,6833.722
166023.SZ,20190603,1.005,1.01,1.01,1.006,1.006,0.001,0.0995,462.0,46.573
511670.SH,20190603,100.01,100.0,100.001,99.983,100.0,-0.01,-0.01,652.02,6520.094
501303.SH,20190603,0.903,0.903,0.903,0.903,0.903,0.0,0.0,1.0,0.09
501039.SH,20190603,1.044,1.044,1.05,1.042,1.05,0.006,0.5747,33.95,3.542
501043.SH,20190603,0.985,0.985,0.987,0.976,0.98,-0.005,-0.5076,3665.0,360.953
501045.SH,20190603,0.974,0.998,0.998,0.973,0.973,-0.001,-0.1027,363.0,35.782
160140.SZ,20190603,1.13,1.121,1.121,1.094,1.098,-0.032,-2.8319,213.0,23.847
501046.SH,20190603,0.923,0.902,0.933,0.902,0.932,0.009,0.9751,5301.7,485.408
510380.SH,20190603,0.907,0.919,0.919,0.917,0.917,0.01,1.1025,11.0,1.01
160644.SZ,20190603,0.856,0.84,0.84,0.84,0.84,-0.016,-1.8692,10.0,0.84
166024.SZ,20190603,0.86,0.866,0.866,0.856,0.86,0.0,0.0,3724.0,320.248
501047.SH,20190603,0.911,0.911,0.911,0.911,0.911,0.0,0.0,186.0,16.945
501048.SH,20190603,0.918,0.918,0.918,0.918,0.918,0.0,0.0,300.0,27.54
159957.SZ,20190603,0.874,0.876,0.882,0.869,0.871,-0.003,-0.3432,4231.01,370.809
501106.SH,20190603,1.105,1.102,1.102,1.102,1.102,-0.003,-0.2715,9.96,1.098
501049.SH,20190603,0.865,0.877,0.877,0.856,0.866,0.001,0.1156,5205.28,449.56
501051.SH,20190603,0.995,0.932,0.991,0.932,0.987,-0.008,-0.804,525.35,50.699
501305.SH,20190603,0.888,0.888,0.888,0.872,0.872,-0.016,-1.8018,213.02,18.627
159958.SZ,20190603,0.864,0.869,0.879,0.857,0.858,-0.006,-0.6944,29153.0,2510.171
510800.SH,20190603,0.967,0.967,0.975,0.96,0.968,0.001,0.1034,27841.0,2693.598
512980.SH,20190603,0.722,0.727,0.727,0.704,0.709,-0.013,-1.8006,116976.0,8310.477
159954.SZ,20190603,0.95,0.949,0.954,0.947,0.954,0.004,0.4211,714.0,67.797
510390.SH,20190603,3.701,3.711,3.75,3.68,3.705,0.004,0.1081,53848.18,19994.814
161014.SZ,20190603,1.197,1.198,1.198,1.196,1.198,0.001,0.0835,1172.3,140.368
511290.SH,20190603,101.557,103.0,103.0,100.057,101.657,0.1,0.0985,1.2,12.317
163417.SZ,20190603,0.949,0.951,0.953,0.946,0.947,-0.002,-0.2107,288909.18,27411.452
159956.SZ,20190603,0.849,0.855,0.86,0.833,0.838,-0.011,-1.2956,2401.03,202.677
501054.SH,20190603,0.865,0.865,0.868,0.858,0.859,-0.006,-0.6936,43713.46,3765.276
511280.SH,20190603,102.5,100.016,100.016,100.016,100.016,-2.484,-2.4234,1.0,10.002
162416.SZ,20190603,1.033,1.037,1.037,1.037,1.037,0.004,0.3872,3.0,0.311
510590.SH,20190603,5.022,5.039,5.053,4.951,4.975,-0.047,-0.9359,56133.35,28093.675
169106.SZ,20190603,0.989,0.988,0.991,0.988,0.989,0.0,0.0,7303.19,722.754
512160.SH,20190603,0.996,0.997,1.007,0.988,0.995,-0.001,-0.1004,552819.0,55064.079
512520.SH,20190603,0.975,0.98,0.985,0.972,0.975,0.0,0.0,81367.32,7964.754
512180.SH,20190603,0.974,0.971,0.984,0.968,0.975,0.001,0.1027,256566.0,24994.543
512780.SH,20190603,0.786,0.771,0.798,0.771,0.789,0.003,0.3817,2421.0,191.209
513900.SH,20190603,0.951,0.945,0.947,0.944,0.946,-0.005,-0.5258,1032.0,97.534
512280.SH,20190603,0.974,0.977,0.984,0.967,0.973,-0.001,-0.1027,1117828.0,108862.008
501057.SH,20190603,0.815,0.815,0.823,0.802,0.808,-0.007,-0.8589,1078.75,87.431
501058.SH,20190603,0.821,0.815,0.815,0.79,0.815,-0.006,-0.7308,410.36,32.909
512090.SH,20190603,0.994,0.994,1.006,0.99,0.995,0.001,0.1006,879730.0,87654.909
512360.SH,20190603,1.015,1.015,1.015,1.005,1.012,-0.003,-0.2956,812.0,81.787
161039.SZ,20190603,1.077,1.023,1.042,1.023,1.042,-0.035,-3.2498,314.0,32.18
512770.SH,20190603,0.943,0.94,0.948,0.934,0.939,-0.004,-0.4242,748.0,70.491
164824.SZ,20190603,1.016,1.01,1.02,1.002,1.018,0.002,0.1969,1218.0,123.332
501059.SH,20190603,1.136,1.136,1.137,1.136,1.136,0.0,0.0,31.0,3.523
161131.SZ,20190603,1.019,1.018,1.019,1.015,1.018,-0.001,-0.0981,157382.39,16007.267
161728.SZ,20190603,1.021,1.021,1.022,1.016,1.02,-0.001,-0.0979,136934.98,13948.408
501186.SH,20190603,1.045,1.044,1.045,1.041,1.042,-0.003,-0.2871,124708.99,13002.569
501188.SH,20190603,1.033,1.033,1.034,1.029,1.032,-0.001,-0.0968,108787.29,11222.371
501189.SH,20190603,1.034,1.032,1.034,1.028,1.031,-0.003,-0.2901,72010.0,7420.892
160142.SZ,20190603,1.027,1.026,1.027,1.024,1.026,-0.001,-0.0974,149860.41,15366.986
510600.SH,20190603,2.717,2.715,2.744,2.691,2.716,-0.001,-0.0368,1014.05,275.777
511270.SH,20190603,99.844,99.989,99.99,99.9,99.901,0.057,0.0571,206.1,2060.246
160726.SZ,20190603,0.979,0.98,0.981,0.971,0.979,0.0,0.0,10404.0,1016.714
512850.SH,20190603,1.033,1.038,1.038,1.025,1.025,-0.008,-0.7744,803.0,83.214
512820.SH,20190603,1.058,1.061,1.061,1.061,1.061,0.003,0.2836,10000.0,1061.0
501062.SH,20190603,0.888,0.889,0.895,0.883,0.886,-0.002,-0.2252,17206.97,1526.241
512860.SH,20190603,1.155,1.169,1.169,1.147,1.151,-0.004,-0.3463,158.0,18.262
501309.SH,20190603,0.97,0.971,0.996,0.971,0.98,0.01,1.0309,29.83,2.956
501310.SH,20190603,0.974,0.974,0.98,0.97,0.975,0.001,0.1027,4291.03,418.471
512960.SH,20190603,0.96,0.966,0.968,0.955,0.96,0.0,0.0,135484.4,13006.973
512950.SH,20190603,0.961,0.965,0.97,0.954,0.96,-0.001,-0.1041,69196.0,6647.78
159959.SZ,20190603,1.011,1.014,1.021,1.004,1.01,-0.001,-0.0989,284296.99,28672.399
501065.SH,20190603,1.065,1.042,1.045,1.042,1.045,-0.02,-1.8779,105.53,10.998
161132.SZ,20190603,1.027,1.025,1.025,1.02,1.025,-0.002,-0.1947,800.0,81.615
512920.SH,20190603,1.142,1.038,1.141,1.038,1.139,-0.003,-0.2627,617.0,67.809
512040.SH,20190603,1.083,1.081,1.091,1.07,1.077,-0.006,-0.554,118380.0,12760.574
501066.SH,20190603,1.076,1.07,1.074,1.07,1.074,-0.002,-0.1859,401.0,42.907
150185.SZ,20190603,1.02,1.0,1.02,0.992,1.017,-0.003,-0.2941,750.99,75.785
159936.SZ,20190603,1.25,1.25,1.256,1.236,1.249,-0.001,-0.08,1177.0,147.106
512600.SH,20190603,2.713,2.713,2.798,2.673,2.75,0.037,1.3638,505.0,137.712
512610.SH,20190603,1.32,1.296,1.312,1.296,1.307,-0.013,-0.9848,165.0,21.611
512640.SH,20190603,1.94,1.939,1.939,1.806,1.883,-0.057,-2.9381,246.0,46.355
512070.SH,20190603,2.078,2.078,2.112,2.068,2.08,0.002,0.0962,28447.0,5929.834
512220.SH,20190603,1.109,1.1,1.11,1.094,1.096,-0.013,-1.1722,542.0,59.452
150186.SZ,20190603,1.006,1.002,1.008,1.002,1.006,0.0,0.0,5191.0,523.214
150187.SZ,20190603,1.028,1.028,1.028,0.99,0.996,-0.032,-3.1128,6258.66,626.664
160133.SZ,20190603,2.226,2.222,2.233,2.2,2.222,-0.004,-0.1797,576.97,128.192
150188.SZ,20190603,1.008,1.007,1.009,1.007,1.008,0.0,0.0,1246.64,125.69
150189.SZ,20190603,0.581,0.587,0.587,0.585,0.586,0.005,0.8606,170.02,9.957
513030.SH,20190603,0.997,0.992,1.0,0.986,0.988,-0.009,-0.9027,14838.0,1467.741
159937.SZ,20190603,2.879,2.905,2.92,2.905,2.912,0.033,1.1462,982598.0,286497.01
150190.SZ,20190603,1.003,1.004,1.005,1.004,1.005,0.002,0.1994,291.23,29.268
150191.SZ,20190603,1.374,1.238,1.238,1.237,1.237,-0.137,-9.9709,276.0,34.164
163827.SZ,20190603,1.08,1.008,1.008,1.008,1.008,-0.072,-6.6667,10.0,1.008
150194.SZ,20190603,0.987,0.987,0.988,0.987,0.987,0.0,0.0,31234.12,3083.4
150195.SZ,20190603,0.707,0.7,0.719,0.7,0.705,-0.002,-0.2829,75312.45,5332.954
150193.SZ,20190603,0.945,0.932,0.935,0.93,0.935,-0.01,-1.0582,834.0,77.766
169101.SZ,20190603,1.325,1.323,1.332,1.316,1.325,0.0,0.0,20982.2,2780.0
150199.SZ,20190603,0.94,0.94,0.95,0.925,0.94,0.0,0.0,2871.0,268.955
505888.SH,20190603,0.97,0.971,0.972,0.964,0.965,-0.005,-0.5155,362321.0,35044.838
512300.SH,20190603,0.995,0.995,1.0,0.98,0.983,-0.012,-1.206,3708.0,365.389
511220.SH,20190603,96.234,96.234,96.288,96.2,96.22,-0.014,-0.0145,557.0,5359.919
150200.SZ,20190603,0.988,0.988,0.988,0.987,0.988,0.0,0.0,86605.0,8556.376
150201.SZ,20190603,1.09,1.114,1.133,1.088,1.097,0.007,0.6422,1908799.4,211167.618
150205.SZ,20190603,0.991,0.99,0.992,0.99,0.992,0.001,0.1009,24431.54,2423.126
150206.SZ,20190603,0.516,0.53,0.54,0.505,0.51,-0.006,-1.1628,1036788.04,54017.181
159938.SZ,20190603,1.195,1.196,1.202,1.179,1.184,-0.011,-0.9205,81032.0,9623.858
160813.SZ,20190603,0.704,0.704,0.713,0.682,0.713,0.009,1.2784,53.71,3.704
150173.SZ,20190603,0.988,0.988,0.988,0.988,0.988,0.0,0.0,504.0,49.795
150174.SZ,20190603,1.087,1.095,1.098,1.007,1.09,0.003,0.276,12.72,1.368
511810.SH,20190603,100.007,99.994,100.001,99.994,99.999,-0.008,-0.008,61714.46,617131.919
511860.SH,20190603,100.006,99.991,99.999,99.991,99.999,-0.007,-0.007,393.11,3930.95
150204.SZ,20190603,0.826,0.826,0.826,0.812,0.823,-0.003,-0.3632,117.85,9.681
511800.SH,20190603,100.003,99.99,99.994,99.99,99.993,-0.01,-0.01,1324.63,13245.379
150209.SZ,20190603,0.987,0.987,0.988,0.987,0.987,0.0,0.0,78552.35,7754.713
150210.SZ,20190603,0.638,0.638,0.644,0.632,0.635,-0.003,-0.4702,22143.88,1412.35
160618.SZ,20190603,1.297,1.296,1.297,1.295,1.296,-0.001,-0.0771,3828.29,496.125
513660.SH,20190603,2.508,2.494,2.494,2.48,2.493,-0.015,-0.5981,490.0,122.096
513600.SH,20190603,2.499,2.507,2.507,2.477,2.493,-0.006,-0.2401,830.0,206.327
159005.SZ,20190603,100.001,99.999,100.0,99.999,100.0,-0.001,-0.001,925.12,9251.161
159939.SZ,20190603,0.906,0.908,0.914,0.89,0.902,-0.004,-0.4415,447016.0,40217.213
169102.SZ,20190603,0.93,0.924,0.93,0.914,0.92,-0.01,-1.0753,6920.19,636.477
160919.SZ,20190603,1.225,1.203,1.223,1.178,1.22,-0.005,-0.4082,1354.0,163.208
512990.SH,20190603,1.065,1.065,1.078,1.06,1.066,0.001,0.0939,92940.0,9933.039
159940.SZ,20190603,0.947,0.947,0.947,0.935,0.94,-0.007,-0.7392,198.0,18.653
150214.SZ,20190603,1.099,0.997,1.104,0.997,1.06,-0.039,-3.5487,180.0,18.193
150216.SZ,20190603,0.7,0.709,0.709,0.667,0.697,-0.003,-0.4286,675.07,46.924
161716.SZ,20190603,1.245,1.244,1.245,1.244,1.245,0.0,0.0,3968.12,493.985
150217.SZ,20190603,0.984,0.985,0.986,0.985,0.986,0.002,0.2033,1779.19,175.324
150218.SZ,20190603,0.906,0.943,0.943,0.84,0.847,-0.059,-6.5121,238.11,21.262
150211.SZ,20190603,0.996,0.996,0.998,0.996,0.998,0.002,0.2008,5086.02,507.355
150212.SZ,20190603,0.755,0.754,0.757,0.738,0.738,-0.017,-2.2517,15363.61,1149.225
150223.SZ,20190603,1.008,1.008,1.011,1.007,1.01,0.002,0.1984,105322.73,10626.264
150224.SZ,20190603,0.819,0.818,0.847,0.818,0.819,0.0,0.0,178393.81,14804.895
161224.SZ,20190603,0.979,0.918,0.974,0.918,0.974,-0.005,-0.5107,11.0,1.065
150196.SZ,20190603,1.006,1.007,1.009,1.006,1.007,0.001,0.0994,184703.65,18611.253
150197.SZ,20190603,0.513,0.521,0.53,0.499,0.502,-0.011,-2.1442,1715302.14,87891.539
150221.SZ,20190603,1.032,1.033,1.034,1.032,1.034,0.002,0.1938,17030.0,1759.358
150222.SZ,20190603,0.925,0.944,0.944,0.921,0.923,-0.002,-0.2162,16108.69,1499.295
512310.SH,20190603,0.475,0.472,0.477,0.467,0.468,-0.007,-1.4737,4269.0,200.374
162510.SZ,20190603,0.823,0.814,0.814,0.814,0.814,-0.009,-1.0936,2.0,0.162
502048.SH,20190603,0.891,0.891,0.91,0.888,0.894,0.003,0.3367,4366.73,390.501
