ts_code,trade_date,pre_close,open,high,low,close,change,pct_chg,vol,amount
512040.SH,20190716,1.118,1.119,1.121,1.117,1.12,0.002,0.1789,46830.0,5239.001
501066.SH,20190716,1.153,1.12,1.13,1.12,1.12,-0.033,-2.8621,1105.7,124.905
512390.SH,20190716,1.032,1.032,1.032,1.029,1.03,-0.002,-0.1938,122.0,12.567
165309.SZ,20190716,1.228,1.228,1.228,1.228,1.228,0.0,0.0,8.0,0.982
150008.SZ,20190716,1.174,1.171,1.171,1.165,1.165,-0.009,-0.7666,2201.95,257.643
510090.SH,20190716,1.78,1.735,1.773,1.735,1.766,-0.014,-0.7865,229.0,40.287
150018.SZ,20190716,0.99,0.99,0.992,0.99,0.992,0.002,0.202,380027.47,37647.919
161713.SZ,20190716,1.017,1.02,1.02,1.02,1.02,0.003,0.295,1.0,0.102
510160.SH,20190716,0.551,0.551,0.554,0.551,0.551,0.0,0.0,1449.0,79.954
510220.SH,20190716,3.9,3.914,3.915,3.88,3.91,0.01,0.2564,226.0,88.37
163208.SZ,20190716,0.819,0.807,0.827,0.807,0.824,0.005,0.6105,4.0,0.327
150054.SZ,20190716,0.82,0.774,0.774,0.774,0.774,-0.046,-5.6098,1.0,0.077
165513.SZ,20190716,0.41,0.411,0.411,0.406,0.406,-0.004,-0.9756,177.0,7.221
150055.SZ,20190716,0.996,0.996,0.996,0.996,0.996,0.0,0.0,8.8,0.876
513100.SH,20190716,2.84,2.843,2.853,2.841,2.849,0.009,0.3169,291424.0,83004.967
518880.SH,20190716,3.123,3.121,3.127,3.118,3.12,-0.003,-0.0961,1701966.0,531326.639
163824.SZ,20190716,1.045,1.047,1.047,1.047,1.047,0.002,0.1914,13.0,1.361
150145.SZ,20190716,1.0,0.993,0.993,0.993,0.993,-0.007,-0.7,3.0,0.297
150146.SZ,20190716,1.275,1.209,1.209,1.15,1.209,-0.066,-5.1765,3.0,0.356
150143.SZ,20190716,0.994,0.994,0.994,0.994,0.994,0.0,0.0,105.0,10.437
159929.SZ,20190716,1.432,1.432,1.442,1.426,1.433,0.001,0.0698,20062.0,2877.703
150148.SZ,20190716,1.11,1.019,1.019,1.019,1.019,-0.091,-8.1982,1.0,0.101
150157.SZ,20190716,0.996,0.994,0.996,0.994,0.996,0.0,0.0,72810.0,7247.557
150167.SZ,20190716,1.0,1.001,1.002,1.001,1.002,0.002,0.2,13322.0,1334.344
164705.SZ,20190716,1.211,1.228,1.267,1.212,1.214,0.003,0.2477,347.0,43.629
150169.SZ,20190716,1.005,1.008,1.008,1.008,1.008,0.003,0.2985,1.0,0.1
150170.SZ,20190716,1.397,1.41,1.425,1.41,1.413,0.016,1.1453,278.0,39.514
150171.SZ,20190716,0.982,0.982,0.982,0.981,0.982,0.0,0.0,13326.5,1308.619
150175.SZ,20190716,1.002,1.002,1.003,1.002,1.003,0.001,0.0998,59448.45,5960.977
150179.SZ,20190716,0.988,0.99,0.99,0.99,0.99,0.002,0.2024,616.0,60.984
150187.SZ,20190716,1.078,1.078,1.084,1.072,1.08,0.002,0.1855,1586.41,170.748
159937.SZ,20190716,3.124,3.123,3.128,3.118,3.122,-0.002,-0.064,479494.0,149774.691
513660.SH,20190716,2.651,2.653,2.663,2.653,2.663,0.012,0.4527,347.0,92.136
513600.SH,20190716,2.676,2.688,2.692,2.676,2.692,0.016,0.5979,902.0,242.018
169102.SZ,20190716,0.999,0.997,0.998,0.988,0.998,-0.001,-0.1001,3250.0,321.832
150260.SZ,20190716,0.916,0.834,0.9,0.824,0.83,-0.086,-9.3886,134.38,11.204
150290.SZ,20190716,0.822,0.817,0.826,0.816,0.82,-0.002,-0.2433,12044.52,988.546
502004.SH,20190716,0.97,0.976,0.976,0.976,0.976,0.006,0.6186,1.0,0.098
502055.SH,20190716,1.042,1.06,1.06,1.008,1.037,-0.005,-0.4798,1643.6,166.196
165528.SZ,20190716,0.845,0.853,0.856,0.852,0.855,0.01,1.1834,2837.02,241.893
511910.SH,20190716,100.182,100.078,100.182,99.983,100.004,-0.178,-0.1777,44.24,442.977
168401.SZ,20190716,1.15,1.121,1.121,1.121,1.121,-0.029,-2.5217,40.0,4.484
159952.SZ,20190716,0.899,0.897,0.903,0.894,0.899,0.0,0.0,413026.06,37052.712
511260.SH,20190716,106.99,106.962,107.021,106.952,106.961,-0.029,-0.0271,601.0,6430.163
510590.SH,20190716,5.048,5.039,5.07,5.036,5.057,0.009,0.1783,17958.36,9073.179
150189.SZ,20190716,0.592,0.588,0.594,0.578,0.592,0.0,0.0,1307.17,75.832
513030.SH,20190716,1.044,1.049,1.055,1.038,1.041,-0.003,-0.2874,399103.64,41890.934
150191.SZ,20190716,1.286,1.227,1.304,1.159,1.165,-0.121,-9.409,115.0,13.469
150194.SZ,20190716,0.991,0.991,0.992,0.991,0.992,0.001,0.1009,30267.9,3000.714
150195.SZ,20190716,0.776,0.77,0.779,0.766,0.772,-0.004,-0.5155,97801.72,7563.866
150192.SZ,20190716,0.998,1.0,1.0,1.0,1.0,0.002,0.2004,8.67,0.867
150193.SZ,20190716,1.034,1.008,1.043,1.008,1.043,0.009,0.8704,119.0,12.376
169101.SZ,20190716,1.4,1.4,1.4,1.391,1.396,-0.004,-0.2857,8623.65,1202.689
150198.SZ,20190716,0.994,0.993,0.996,0.993,0.994,0.0,0.0,209233.16,20795.935
150199.SZ,20190716,1.224,1.13,1.147,1.102,1.102,-0.122,-9.9673,217843.28,24374.126
512300.SH,20190716,1.036,1.04,1.048,1.033,1.035,-0.001,-0.0965,3225.0,335.513
511220.SH,20190716,96.0,95.902,96.02,95.902,95.999,-0.001,-0.001,543.0,5212.546
150200.SZ,20190716,0.992,0.991,0.994,0.991,0.993,0.001,0.1008,327357.0,32491.594
150201.SZ,20190716,1.302,1.288,1.303,1.282,1.287,-0.015,-1.1521,1300482.17,167690.479
150205.SZ,20190716,0.995,0.994,0.995,0.994,0.994,-0.001,-0.1005,7528.95,748.837
150206.SZ,20190716,0.53,0.526,0.538,0.525,0.53,0.0,0.0,549376.01,29188.613
159938.SZ,20190716,1.249,1.25,1.258,1.24,1.245,-0.004,-0.3203,143392.0,17881.608
150207.SZ,20190716,0.998,0.994,0.994,0.994,0.994,-0.004,-0.4008,73.0,7.256
160813.SZ,20190716,0.734,0.726,0.736,0.726,0.736,0.002,0.2725,1824.24,133.673
150173.SZ,20190716,0.993,0.991,0.992,0.991,0.992,-0.001,-0.1007,222.0,22.011
150174.SZ,20190716,1.043,1.126,1.126,0.974,1.114,0.071,6.8073,512.83,51.866
511810.SH,20190716,99.999,100.0,100.001,99.998,100.001,0.002,0.002,59945.2,599452.167
511860.SH,20190716,99.994,99.994,100.049,99.993,100.006,0.012,0.012,210.59,2106.099
150204.SZ,20190716,0.845,0.814,0.85,0.812,0.818,-0.027,-3.1953,173.99,14.2
150203.SZ,20190716,0.994,0.963,0.994,0.963,0.994,0.0,0.0,681.51,67.668
511800.SH,20190716,100.002,99.994,99.999,99.992,99.993,-0.009,-0.009,8215.41,82149.324
150209.SZ,20190716,0.993,0.993,0.993,0.992,0.993,0.0,0.0,8987.27,892.405
150210.SZ,20190716,0.703,0.702,0.705,0.693,0.696,-0.007,-0.9957,21091.6,1471.733
160618.SZ,20190716,1.308,1.307,1.308,1.306,1.308,0.0,0.0,5090.41,665.162
159005.SZ,20190716,100.001,100.0,100.001,99.999,100.0,-0.001,-0.001,19851.81,198518.082
159939.SZ,20190716,0.937,0.93,0.941,0.929,0.938,0.001,0.1067,440156.89,41243.321
160919.SZ,20190716,1.233,1.237,1.239,1.21,1.23,-0.003,-0.2433,349.0,42.898
512990.SH,20190716,1.135,1.134,1.135,1.128,1.13,-0.005,-0.4405,138835.0,15705.954
159940.SZ,20190716,1.004,1.003,1.006,1.0,1.006,0.002,0.1992,4628.0,464.333
150214.SZ,20190716,1.112,1.138,1.138,1.138,1.138,0.026,2.3381,1.0,0.113
150215.SZ,20190716,1.016,1.023,1.023,1.023,1.023,0.007,0.689,1.0,0.102
150216.SZ,20190716,0.741,0.763,0.763,0.735,0.753,0.012,1.6194,1665.63,123.944
161716.SZ,20190716,1.254,1.254,1.256,1.254,1.256,0.002,0.1595,1711.0,214.885
150217.SZ,20190716,0.99,0.988,0.99,0.988,0.99,0.0,0.0,100.43,9.942
150218.SZ,20190716,0.906,0.957,0.957,0.863,0.937,0.031,3.4216,8.29,0.748
150211.SZ,20190716,1.002,1.001,1.002,1.001,1.002,0.0,0.0,2005.0,200.701
150212.SZ,20190716,0.861,0.869,0.869,0.849,0.862,0.001,0.1161,4681.83,400.494
150223.SZ,20190716,1.019,1.018,1.019,1.018,1.019,0.0,0.0,38734.9,3945.399
150224.SZ,20190716,0.938,0.93,0.941,0.928,0.93,-0.008,-0.8529,200784.31,18749.332
150196.SZ,20190716,1.011,1.011,1.011,1.009,1.01,-0.001,-0.0989,185927.43,18778.363
150197.SZ,20190716,0.534,0.53,0.539,0.528,0.538,0.004,0.7491,763853.66,40924.161
150221.SZ,20190716,1.046,1.045,1.045,1.044,1.045,-0.001,-0.0956,11109.0,1160.254
150222.SZ,20190716,0.965,0.957,0.972,0.956,0.959,-0.006,-0.6218,15308.47,1470.979
512310.SH,20190716,0.476,0.476,0.477,0.475,0.477,0.001,0.2101,549.0,26.133
162510.SZ,20190716,0.82,0.823,0.823,0.822,0.823,0.003,0.3659,10.0,0.822
502048.SH,20190716,0.953,0.955,0.956,0.948,0.956,0.003,0.3148,5465.82,519.253
502049.SH,20190716,0.979,0.979,0.979,0.979,0.979,0.0,0.0,14718.0,1440.892
502050.SH,20190716,0.937,0.93,0.935,0.922,0.923,-0.014,-1.4941,40545.98,3757.804
512340.SH,20190716,0.744,0.743,0.745,0.743,0.745,0.001,0.1344,223.0,16.599
502001.SH,20190716,0.995,0.996,0.996,0.995,0.995,0.0,0.0,253.0,25.179
150220.SZ,20190716,0.777,0.776,0.781,0.773,0.776,-0.001,-0.1287,15352.0,1192.497
512500.SH,20190716,2.464,2.461,2.477,2.457,2.47,0.006,0.2435,395847.56,97734.712
150227.SZ,20190716,0.998,0.998,0.999,0.998,0.999,0.001,0.1002,329096.0,32857.765
150228.SZ,20190716,0.917,0.916,0.916,0.906,0.907,-0.01,-1.0905,202549.0,18434.647
512510.SH,20190716,1.057,1.055,1.061,1.052,1.059,0.002,0.1892,69045.0,7307.509
166012.SZ,20190716,1.092,1.005,1.112,1.001,1.112,0.02,1.8315,1001.0,100.275
150230.SZ,20190716,1.561,1.405,1.649,1.405,1.43,-0.131,-8.3921,1898.61,271.116
161225.SZ,20190716,1.14,1.137,1.138,1.137,1.138,-0.002,-0.1754,50.0,5.688
150231.SZ,20190716,0.972,0.972,0.973,0.972,0.973,0.001,0.1029,2508.34,244.034
150232.SZ,20190716,0.725,0.75,0.75,0.73,0.736,0.011,1.5172,2442.0,181.614
150226.SZ,20190716,1.482,1.364,1.497,1.364,1.497,0.015,1.0121,4.0,0.585
150236.SZ,20190716,0.957,0.946,0.958,0.946,0.951,-0.006,-0.627,355.0,33.634
164906.SZ,20190716,1.178,1.182,1.184,1.178,1.184,0.006,0.5093,687.0,81.232
150247.SZ,20190716,1.006,1.007,1.007,1.007,1.007,0.001,0.0994,93.17,9.382
150248.SZ,20190716,0.834,0.85,0.85,0.81,0.838,0.004,0.4796,237.42,19.346
150250.SZ,20190716,1.098,1.08,1.096,1.055,1.089,-0.009,-0.8197,184.0,20.05
510710.SH,20190716,3.206,3.2,3.211,3.186,3.191,-0.015,-0.4679,55213.0,17644.683
163402.SZ,20190716,0.752,0.751,0.753,0.75,0.751,-0.001,-0.133,48828.99,3666.399
161706.SZ,20190716,1.668,1.671,1.675,1.649,1.673,0.005,0.2998,1268.0,211.853
163503.SZ,20190716,0.405,0.405,0.413,0.405,0.41,0.005,1.2346,1203.57,48.991
162607.SZ,20190716,0.488,0.49,0.495,0.49,0.494,0.006,1.2295,1026.36,50.479
159901.SZ,20190716,4.581,4.58,4.584,4.541,4.55,-0.031,-0.6767,357704.43,163049.34
510180.SH,20190716,3.494,3.485,3.501,3.475,3.482,-0.012,-0.3434,143049.25,49857.51
159902.SZ,20190716,2.799,2.795,2.804,2.787,2.791,-0.008,-0.2858,66748.02,18666.901
160607.SZ,20190716,0.677,0.68,0.68,0.676,0.678,0.001,0.1477,651.13,44.071
510880.SH,20190716,2.778,2.777,2.785,2.771,2.78,0.002,0.072,40291.28,11195.543
160610.SZ,20190716,0.922,0.922,0.922,0.909,0.909,-0.013,-1.41,54.0,4.925
166001.SZ,20190716,1.202,1.203,1.21,1.201,1.21,0.008,0.6656,1181.02,141.878
160611.SZ,20190716,0.835,0.835,0.837,0.835,0.836,0.001,0.1198,407.82,34.082
160314.SZ,20190716,0.961,0.963,0.97,0.963,0.97,0.009,0.9365,118.0,11.385
160613.SZ,20190716,1.357,1.358,1.368,1.358,1.358,0.001,0.0737,508.0,69.187
161010.SZ,20190716,1.082,1.084,1.084,1.082,1.082,0.0,0.0,371.1,40.171
160615.SZ,20190716,1.596,1.596,1.596,1.583,1.583,-0.013,-0.8145,31.0,4.946
161810.SZ,20190716,1.633,1.643,1.665,1.643,1.653,0.02,1.2247,15884.79,2628.031
510060.SH,20190716,1.89,1.865,1.874,1.865,1.873,-0.017,-0.8995,217.96,40.704
160119.SZ,20190716,1.247,1.247,1.251,1.245,1.25,0.003,0.2406,6471.0,808.284
510010.SH,20190716,1.172,1.195,1.195,1.168,1.168,-0.004,-0.3413,57.0,6.76
162307.SZ,20190716,1.115,1.117,1.117,1.117,1.117,0.002,0.1794,0.31,0.034
160211.SZ,20190716,2.007,2.014,2.014,2.0,2.0,-0.007,-0.3488,293.0,58.845
162711.SZ,20190716,1.082,1.082,1.082,1.075,1.076,-0.006,-0.5545,86.0,9.257
159903.SZ,20190716,1.023,1.023,1.023,1.016,1.022,-0.001,-0.0978,4303.33,439.033
166006.SZ,20190716,1.148,1.146,1.146,1.132,1.141,-0.007,-0.6098,1045.0,118.439
510020.SH,20190716,2.808,2.802,2.811,2.793,2.794,-0.014,-0.4986,2265.8,636.815
160716.SZ,20190716,1.59,1.59,1.594,1.586,1.59,0.0,0.0,2067.0,328.38
160616.SZ,20190716,1.087,1.085,1.106,1.078,1.098,0.011,1.012,239.02,26.057
150252.SZ,20190716,0.815,0.781,0.82,0.781,0.82,0.005,0.6135,4255.71,347.403
150265.SZ,20190716,1.017,1.016,1.016,1.016,1.016,-0.001,-0.0983,3.01,0.305
150266.SZ,20190716,0.95,0.938,0.96,0.938,0.958,0.008,0.8421,54.09,5.18
150274.SZ,20190716,1.265,1.18,1.264,1.18,1.236,-0.029,-2.2925,3.0,0.37
159943.SZ,20190716,9.975,9.98,10.045,9.97,9.989,0.014,0.1404,392.8,391.714
150261.SZ,20190716,1.014,1.014,1.014,1.008,1.013,-0.001,-0.0986,1381.0,140.028
150262.SZ,20190716,0.908,0.909,0.919,0.884,0.903,-0.005,-0.5507,4230.93,381.403
510560.SH,20190716,1.051,1.054,1.067,1.054,1.067,0.016,1.5224,443.0,46.708
166105.SZ,20190716,0.933,0.935,0.935,0.935,0.935,0.002,0.2144,6.0,0.561
502013.SH,20190716,1.225,1.22,1.231,1.218,1.225,0.0,0.0,6221.69,762.819
502014.SH,20190716,1.001,1.0,1.001,1.0,1.001,0.0,0.0,3524.82,352.809
502015.SH,20190716,1.458,1.456,1.456,1.45,1.452,-0.006,-0.4115,461.0,66.928
502020.SH,20190716,1.015,1.011,1.011,1.011,1.011,-0.004,-0.3941,100.0,10.11
502021.SH,20190716,1.021,1.0,1.007,1.0,1.007,-0.014,-1.3712,3.0,0.301
150275.SZ,20190716,0.992,0.992,0.993,0.992,0.993,0.001,0.1008,4730.25,469.507
150276.SZ,20190716,1.19,1.237,1.237,1.157,1.188,-0.002,-0.1681,3681.59,433.47
150269.SZ,20190716,0.969,0.967,0.969,0.967,0.969,0.0,0.0,44095.76,4271.044
150270.SZ,20190716,1.475,1.328,1.328,1.328,1.328,-0.147,-9.9661,27841.0,3697.284
150259.SZ,20190716,0.97,0.97,0.97,0.97,0.97,0.0,0.0,159.38,15.459
150258.SZ,20190716,1.101,1.1,1.1,1.1,1.1,-0.001,-0.0908,20.6,2.266
150255.SZ,20190716,0.971,0.971,0.971,0.971,0.971,0.0,0.0,1088.0,105.644
150280.SZ,20190716,1.513,1.513,1.513,1.513,1.513,0.0,0.0,5.0,0.756
150277.SZ,20190716,1.005,1.006,1.006,1.006,1.006,0.001,0.0995,5270.0,530.162
163001.SZ,20190716,1.023,1.019,1.019,1.018,1.019,-0.004,-0.391,4.0,0.407
510130.SH,20190716,3.95,3.83,3.92,3.83,3.832,-0.118,-2.9873,158.28,60.715
510030.SH,20190716,5.3,5.263,5.263,5.243,5.25,-0.05,-0.9434,127.0,66.674
150016.SZ,20190716,0.955,0.956,0.956,0.956,0.956,0.001,0.1047,3209.0,306.78
150017.SZ,20190716,1.062,1.056,1.057,1.056,1.057,-0.005,-0.4708,30.0,3.169
150012.SZ,20190716,0.983,0.98,0.983,0.98,0.983,0.0,0.0,80.52,7.907
150013.SZ,20190716,1.012,0.988,1.006,0.988,1.006,-0.006,-0.5929,53.42,5.3
150019.SZ,20190716,0.91,0.906,0.908,0.894,0.897,-0.013,-1.4286,1501946.42,135278.725
160807.SZ,20190716,1.279,1.263,1.263,1.263,1.263,-0.016,-1.251,20.0,2.526
160215.SZ,20190716,1.319,1.33,1.33,1.319,1.327,0.008,0.6065,353.0,46.572
510110.SH,20190716,3.78,3.78,3.78,3.755,3.755,-0.025,-0.6614,38.0,14.297
160717.SZ,20190716,0.834,0.834,0.835,0.833,0.835,0.001,0.1199,3422.48,285.399
164105.SZ,20190716,1.36,1.324,1.324,1.324,1.324,-0.036,-2.6471,2.0,0.264
163407.SZ,20190716,1.969,1.964,1.968,1.955,1.958,-0.011,-0.5587,4493.16,880.488
159905.SZ,20190716,1.892,1.883,1.897,1.873,1.877,-0.015,-0.7928,74228.32,13956.027
510190.SH,20190716,3.275,3.274,3.275,3.264,3.267,-0.008,-0.2443,82.0,26.81
150022.SZ,20190716,0.799,0.796,0.8,0.796,0.798,-0.001,-0.1252,132452.57,10570.754
150023.SZ,20190716,0.224,0.224,0.226,0.224,0.225,0.001,0.4464,416598.4,9368.257
510170.SH,20190716,1.64,1.639,1.646,1.637,1.637,-0.003,-0.1829,30.0,4.915
161815.SZ,20190716,0.477,0.478,0.478,0.473,0.474,-0.003,-0.6289,331.0,15.674
510150.SH,20190716,4.996,5.01,5.01,4.941,4.95,-0.046,-0.9207,1577.0,783.53
161213.SZ,20190716,1.602,1.596,1.596,1.596,1.596,-0.006,-0.3745,1.0,0.159
150049.SZ,20190716,0.987,0.98,0.987,0.98,0.986,-0.001,-0.1013,570.14,56.272
150050.SZ,20190716,1.349,1.388,1.388,1.303,1.345,-0.004,-0.2965,450.52,59.233
159918.SZ,20190716,1.347,1.321,1.34,1.321,1.34,-0.007,-0.5197,298.0,39.663
160416.SZ,20190716,1.025,1.025,1.025,1.017,1.02,-0.005,-0.4878,21.0,2.144
163412.SZ,20190716,3.414,3.423,3.423,3.39,3.399,-0.015,-0.4394,4255.0,1446.062
510410.SH,20190716,0.614,0.614,0.618,0.611,0.613,-0.001,-0.1629,18591.16,1141.885
160216.SZ,20190716,0.487,0.487,0.487,0.481,0.482,-0.005,-1.0267,16924.82,817.769
150083.SZ,20190716,1.046,0.985,0.985,0.985,0.985,-0.061,-5.8317,0.26,0.025
150084.SZ,20190716,1.222,1.105,1.105,1.105,1.105,-0.117,-9.5745,62.0,6.851
159919.SZ,20190716,3.864,3.859,3.87,3.839,3.849,-0.015,-0.3882,467209.43,179984.578
510300.SH,20190716,3.869,3.863,3.876,3.845,3.853,-0.016,-0.4135,1828874.0,705319.206
161019.SZ,20190716,1.056,1.021,1.021,1.021,1.021,-0.035,-3.3144,152.16,15.535
160128.SZ,20190716,1.037,1.058,1.058,1.031,1.042,0.005,0.4822,633.0,66.293
164810.SZ,20190716,0.999,0.981,1.005,0.981,1.005,0.006,0.6006,3.0,0.296
159920.SZ,20190716,1.544,1.546,1.551,1.542,1.55,0.006,0.3886,3232317.88,500419.533
510900.SH,20190716,1.207,1.207,1.211,1.202,1.209,0.002,0.1657,5932635.5,716439.782
161820.SZ,20190716,1.125,1.129,1.129,1.129,1.129,0.004,0.3556,7.0,0.79
160916.SZ,20190716,2.821,2.812,2.812,2.798,2.807,-0.014,-0.4963,237.47,66.643
150092.SZ,20190716,0.987,0.99,0.99,0.99,0.99,0.003,0.304,200.0,19.8
150093.SZ,20190716,0.9,0.81,0.876,0.81,0.811,-0.089,-9.8889,53.0,4.299
510440.SH,20190716,1.512,1.522,1.522,1.491,1.515,0.003,0.1984,14.0,2.125
150094.SZ,20190716,0.996,0.995,0.995,0.995,0.995,-0.001,-0.1004,500.0,49.75
150106.SZ,20190716,1.057,1.057,1.058,1.057,1.057,0.0,0.0,11430.93,1208.25
150107.SZ,20190716,0.629,0.628,0.628,0.618,0.619,-0.01,-1.5898,158346.45,9842.686
150100.SZ,20190716,0.989,0.99,0.99,0.99,0.99,0.001,0.1011,425.0,42.075
150101.SZ,20190716,1.029,1.024,1.099,1.01,1.074,0.045,4.3732,1334.9,140.377
161119.SZ,20190716,1.373,1.373,1.373,1.373,1.373,0.0,0.0,10.08,1.383
166902.SZ,20190716,1.039,1.039,1.039,1.039,1.039,0.0,0.0,200.0,20.78
163415.SZ,20190716,1.843,1.843,1.843,1.835,1.839,-0.004,-0.217,655.73,120.534
510330.SH,20190716,3.874,3.874,3.882,3.851,3.86,-0.014,-0.3614,433500.23,167413.022
511990.SH,20190716,100.0,99.999,100.001,99.996,99.999,-0.001,-0.001,558618.01,5586094.211
159922.SZ,20190716,5.16,5.15,5.182,5.145,5.171,0.011,0.2132,73890.0,38156.327
510500.SH,20190716,5.301,5.288,5.321,5.284,5.314,0.013,0.2452,1578106.27,837684.24
150117.SZ,20190716,1.012,1.011,1.011,1.009,1.011,-0.001,-0.0988,9573.91,967.154
150118.SZ,20190716,1.099,1.081,1.115,1.081,1.104,0.005,0.455,26130.21,2869.756
159923.SZ,20190716,1.713,1.714,1.715,1.702,1.708,-0.005,-0.2919,662.0,113.042
510310.SH,20190716,1.684,1.683,1.687,1.673,1.677,-0.007,-0.4157,366666.0,61503.488
511010.SH,20190716,117.553,117.552,117.595,117.481,117.556,0.003,0.0026,10332.0,121464.287
160212.SZ,20190716,2.023,2.001,2.022,2.0,2.008,-0.015,-0.7415,2186.0,439.646
510660.SH,20190716,1.686,1.695,1.7,1.674,1.691,0.005,0.2966,35875.0,6039.208
510650.SH,20190716,1.966,1.966,1.966,1.957,1.957,-0.009,-0.4578,90.0,17.622
510630.SH,20190716,2.865,2.854,2.864,2.815,2.825,-0.04,-1.3962,7085.0,2003.883
159925.SZ,20190716,1.655,1.632,1.66,1.632,1.65,-0.005,-0.3021,1285.01,211.693
150123.SZ,20190716,1.031,1.03,1.03,1.029,1.03,-0.001,-0.097,1177.0,121.172
150124.SZ,20190716,0.733,0.722,0.737,0.713,0.736,0.003,0.4093,5584.64,400.916
163210.SZ,20190716,1.008,1.005,1.005,0.99,1.004,-0.004,-0.3968,6122.83,613.009
510510.SH,20190716,1.409,1.408,1.413,1.403,1.409,0.0,0.0,167267.0,23557.104
511880.SH,20190716,101.514,101.522,101.527,101.521,101.525,0.011,0.0108,646957.92,6568159.145
165313.SZ,20190716,1.41,1.396,1.396,1.388,1.388,-0.022,-1.5603,3494.14,486.699
159001.SZ,20190716,99.998,100.0,100.001,99.999,100.0,0.002,0.002,176904.15,1769041.794
161911.SZ,20190716,0.995,0.993,0.994,0.992,0.992,-0.003,-0.3015,26497.0,2629.682
159926.SZ,20190716,115.551,115.662,115.662,115.0,115.135,-0.416,-0.36,10.0,115.252
159003.SZ,20190716,99.997,99.998,100.0,99.997,99.999,0.002,0.002,1257.96,12579.499
518800.SH,20190716,3.096,3.095,3.101,3.092,3.095,-0.001,-0.0323,358779.0,111106.377
166904.SZ,20190716,1.025,1.025,1.035,1.025,1.035,0.01,0.9756,11.0,1.132
150144.SZ,20190716,1.05,1.044,1.049,1.03,1.049,-0.001,-0.0952,47.0,4.881
159928.SZ,20190716,2.96,2.953,2.97,2.925,2.926,-0.034,-1.1486,141030.0,41428.031
159930.SZ,20190716,0.718,0.72,0.723,0.713,0.716,-0.002,-0.2786,1334.0,95.493
159931.SZ,20190716,1.753,1.739,1.75,1.727,1.745,-0.008,-0.4564,556.0,96.458
150149.SZ,20190716,0.599,0.605,0.605,0.584,0.592,-0.007,-1.1686,5095.0,299.771
160515.SZ,20190716,1.072,1.073,1.073,1.065,1.071,-0.001,-0.0933,1037.0,110.982
150130.SZ,20190716,1.019,1.019,1.02,1.018,1.018,-0.001,-0.0981,37793.68,3850.135
150131.SZ,20190716,1.464,1.453,1.47,1.435,1.436,-0.028,-1.9126,135241.14,19561.944
150150.SZ,20190716,0.996,0.995,0.995,0.995,0.995,-0.001,-0.1004,76.41,7.602
150151.SZ,20190716,0.74,0.695,0.755,0.693,0.695,-0.045,-6.0811,172.23,12.585
150152.SZ,20190716,0.999,0.999,1.0,0.999,0.999,0.0,0.0,289041.97,28900.404
150153.SZ,20190716,1.062,1.05,1.062,1.045,1.055,-0.007,-0.6591,1166244.59,122727.851
159932.SZ,20190716,1.343,1.326,1.349,1.326,1.345,0.002,0.1489,243.0,32.492
512010.SH,20190716,1.661,1.656,1.663,1.641,1.647,-0.014,-0.8429,124363.0,20504.07
159933.SZ,20190716,2.137,2.083,2.1,2.083,2.1,-0.037,-1.7314,51.0,10.625
159934.SZ,20190716,3.099,3.1,3.103,3.092,3.095,-0.004,-0.1291,694334.87,215093.007
513500.SH,20190716,1.942,1.942,1.943,1.936,1.937,-0.005,-0.2575,242625.0,47043.025
512120.SH,20190716,1.432,1.432,1.435,1.419,1.422,-0.01,-0.6983,9920.0,1411.023
150158.SZ,20190716,1.123,1.122,1.122,1.11,1.112,-0.011,-0.9795,1259.0,140.591
159935.SZ,20190716,1.378,1.378,1.378,1.374,1.374,-0.004,-0.2903,9.0,1.238
160220.SZ,20190716,1.205,1.193,1.197,1.193,1.197,-0.008,-0.6639,3.0,0.358
150172.SZ,20190716,1.436,1.426,1.439,1.422,1.429,-0.007,-0.4875,116068.32,16589.864
161831.SZ,20190716,0.983,0.99,1.019,0.99,0.992,0.009,0.9156,819.54,81.181
150176.SZ,20190716,0.982,0.989,0.989,0.979,0.984,0.002,0.2037,5420.0,532.894
150181.SZ,20190716,0.992,0.991,0.993,0.991,0.993,0.001,0.1008,4364.17,433.127
150182.SZ,20190716,1.333,1.33,1.35,1.324,1.327,-0.006,-0.4501,190394.13,25370.698
150177.SZ,20190716,0.989,0.99,0.99,0.99,0.99,0.001,0.1011,100.0,9.9
150178.SZ,20190716,1.495,1.483,1.487,1.45,1.467,-0.028,-1.8729,2705.67,395.083
150180.SZ,20190716,1.044,1.025,1.037,1.01,1.037,-0.007,-0.6705,1283.91,132.18
160812.SZ,20190716,1.33,1.34,1.37,1.33,1.333,0.003,0.2256,3308.12,450.681
150164.SZ,20190716,0.993,0.992,0.993,0.992,0.993,0.0,0.0,14.35,1.424
150165.SZ,20190716,1.119,1.047,1.047,1.047,1.047,-0.072,-6.4343,0.33,0.034
160918.SZ,20190716,1.863,1.855,1.859,1.855,1.859,-0.004,-0.2147,120.0,22.28
150185.SZ,20190716,1.025,1.022,1.037,1.022,1.026,0.001,0.0976,641.64,66.303
159936.SZ,20190716,1.283,1.283,1.283,1.272,1.274,-0.009,-0.7015,154.0,19.609
512600.SH,20190716,2.923,2.905,2.928,2.889,2.905,-0.018,-0.6158,1060.0,308.136
512610.SH,20190716,1.374,1.361,1.364,1.35,1.352,-0.022,-1.6012,305.0,41.375
512640.SH,20190716,2.05,1.961,1.999,1.961,1.999,-0.051,-2.4878,510.0,100.049
512070.SH,20190716,2.295,2.286,2.291,2.258,2.274,-0.021,-0.915,12927.0,2945.665
512220.SH,20190716,1.173,1.159,1.186,1.147,1.18,0.007,0.5968,328.0,37.928
150186.SZ,20190716,1.013,1.013,1.013,1.008,1.012,-0.001,-0.0987,13482.71,1364.797
160133.SZ,20190716,2.401,2.4,2.4,2.384,2.388,-0.013,-0.5414,975.28,232.889
150188.SZ,20190716,1.018,1.018,1.019,1.018,1.019,0.001,0.0982,3069.86,312.65
159906.SZ,20190716,0.785,0.776,0.796,0.776,0.781,-0.004,-0.5096,616.0,48.53
510210.SH,20190716,3.599,3.6,3.6,3.583,3.595,-0.004,-0.1111,42170.0,15142.227
150029.SZ,20190716,1.062,1.05,1.059,1.043,1.059,-0.003,-0.2825,350.28,36.697
164808.SZ,20190716,1.086,1.068,1.068,1.068,1.068,-0.018,-1.6575,20.0,2.136
161907.SZ,20190716,1.66,1.66,1.66,1.641,1.644,-0.016,-0.9639,20.58,3.4
150031.SZ,20190716,0.933,0.882,0.928,0.882,0.928,-0.005,-0.5359,3.1,0.284
150030.SZ,20190716,0.997,1.004,1.004,1.004,1.004,0.007,0.7021,0.09,0.009
150032.SZ,20190716,0.992,0.986,0.988,0.986,0.988,-0.004,-0.4032,301.0,29.678
161216.SZ,20190716,1.149,1.128,1.128,1.128,1.128,-0.021,-1.8277,9.0,1.015
510230.SH,20190716,5.79,5.794,5.794,5.761,5.763,-0.027,-0.4663,22433.0,12953.507
161116.SZ,20190716,0.762,0.764,0.764,0.761,0.764,0.002,0.2625,2103.0,160.349
163409.SZ,20190716,1.605,1.579,1.579,1.579,1.579,-0.026,-1.6199,10.0,1.579
160512.SZ,20190716,1.713,1.712,1.712,1.71,1.71,-0.003,-0.1751,1289.68,220.535
159908.SZ,20190716,1.333,1.337,1.338,1.331,1.335,0.002,0.15,16604.0,2216.114
159907.SZ,20190716,1.167,1.16,1.164,1.156,1.164,-0.003,-0.2571,2093.0,243.08
163110.SZ,20190716,1.62,1.61,1.631,1.61,1.631,0.011,0.679,188.6,30.396
159909.SZ,20190716,4.129,4.129,4.145,4.125,4.142,0.013,0.3148,738.0,305.245
510270.SH,20190716,1.114,1.137,1.137,1.116,1.127,0.013,1.167,256.0,28.696
161217.SZ,20190716,0.615,0.617,0.617,0.615,0.616,0.001,0.1626,3.0,0.184
159910.SZ,20190716,1.833,1.833,1.837,1.825,1.829,-0.004,-0.2182,2265.0,414.241
162712.SZ,20190716,1.437,1.442,1.447,1.442,1.444,0.007,0.4871,570.0,82.288
160719.SZ,20190716,0.772,0.772,0.774,0.772,0.772,0.0,0.0,1115.0,86.151
164701.SZ,20190716,0.655,0.656,0.664,0.656,0.658,0.003,0.458,5698.0,375.035
160415.SZ,20190716,1.162,1.129,1.129,1.129,1.129,-0.033,-2.8399,3.0,0.338
159915.SZ,20190716,1.489,1.486,1.494,1.481,1.489,0.0,0.0,4182161.14,622033.665
159916.SZ,20190716,4.109,4.109,4.118,4.099,4.109,0.0,0.0,370.0,151.943
159912.SZ,20190716,1.234,1.233,1.237,1.227,1.23,-0.004,-0.3241,2368.0,291.179
510290.SH,20190716,1.378,1.381,1.385,1.38,1.383,0.005,0.3628,662.0,91.511
160125.SZ,20190716,1.066,1.036,1.055,1.036,1.055,-0.011,-1.0319,50.0,5.195
159913.SZ,20190716,1.92,1.931,1.931,1.878,1.899,-0.021,-1.0938,301.0,57.029
161017.SZ,20190716,1.728,1.719,1.734,1.719,1.734,0.006,0.3472,4876.59,844.012
162411.SZ,20190716,0.459,0.453,0.454,0.452,0.452,-0.007,-1.5251,2157602.65,97773.776
150047.SZ,20190716,1.005,1.001,1.001,1.001,1.001,-0.004,-0.398,1.0,0.1
150048.SZ,20190716,1.341,1.455,1.455,1.307,1.42,0.079,5.8911,13.0,1.739
150053.SZ,20190716,0.995,0.995,0.996,0.995,0.996,0.001,0.1005,2472.0,245.97
150065.SZ,20190716,0.887,0.887,0.887,0.887,0.887,0.0,0.0,5.0,0.443
150059.SZ,20190716,0.982,0.986,0.986,0.986,0.986,0.004,0.4073,0.7,0.069
150060.SZ,20190716,0.817,0.781,0.817,0.78,0.817,0.0,0.0,40.0,3.13
150066.SZ,20190716,0.969,0.967,0.967,0.967,0.967,-0.002,-0.2064,0.7,0.067
150051.SZ,20190716,0.994,0.993,0.994,0.992,0.993,-0.001,-0.1006,15353.0,1525.051
150052.SZ,20190716,1.48,1.475,1.484,1.453,1.453,-0.027,-1.8243,66013.3,9660.901
162006.SZ,20190716,1.042,1.062,1.062,1.062,1.062,0.02,1.9194,3.0,0.318
160910.SZ,20190716,1.058,1.055,1.098,1.055,1.096,0.038,3.5917,440.0,46.96
160805.SZ,20190716,0.725,0.732,0.74,0.732,0.734,0.009,1.2414,134.0,9.832
160311.SZ,20190716,1.568,1.565,1.565,1.56,1.56,-0.008,-0.5102,354.31,55.385
161610.SZ,20190716,1.066,1.05,1.071,1.05,1.069,0.003,0.2814,294.97,31.154
159961.SZ,20190716,1.315,1.3,1.324,1.3,1.314,-0.001,-0.076,348.12,45.604
512260.SH,20190716,1.162,1.162,1.168,1.158,1.163,0.001,0.0861,73650.0,8559.601
501067.SH,20190716,1.222,1.222,1.222,1.222,1.222,0.0,0.0,3.0,0.367
512870.SH,20190716,1.117,1.123,1.123,1.117,1.119,0.002,0.1791,28289.0,3167.699
510850.SH,20190716,2.933,2.923,2.938,2.912,2.915,-0.018,-0.6137,1232280.66,359615.586
510550.SH,20190716,1.142,1.145,1.148,1.141,1.146,0.004,0.3503,4779.0,546.405
501069.SH,20190716,1.015,1.015,1.017,1.012,1.014,-0.001,-0.0985,628.14,63.743
513680.SH,20190716,0.95,0.952,0.952,0.952,0.952,0.002,0.2105,1.0,0.095
512150.SH,20190716,1.231,1.219,1.23,1.212,1.229,-0.002,-0.1625,767.0,93.603
512890.SH,20190716,1.136,1.136,1.138,1.134,1.135,-0.001,-0.088,6282.0,713.664
159962.SZ,20190716,1.035,1.032,1.032,1.03,1.032,-0.003,-0.2899,1022.4,105.511
501064.SH,20190716,1.034,1.034,1.034,1.034,1.034,0.0,0.0,5.0,0.517
159963.SZ,20190716,0.987,0.987,0.989,0.984,0.988,0.001,0.1013,21842.23,2156.81
512270.SH,20190716,0.978,0.978,0.978,0.975,0.976,-0.002,-0.2045,4025.0,392.475
511030.SH,20190716,100.289,100.292,100.292,100.2,100.2,-0.089,-0.0887,21.0,210.429
159965.SZ,20190716,0.997,0.992,0.998,0.986,0.99,-0.007,-0.7021,159934.13,15810.366
501063.SH,20190716,0.917,0.915,0.925,0.915,0.92,0.003,0.3272,1829.94,167.837
512380.SH,20190716,0.967,0.963,0.968,0.962,0.963,-0.004,-0.4137,747774.0,72061.638
512590.SH,20190716,1.003,1.003,1.005,0.999,1.004,0.001,0.0997,4799.0,481.321
510890.SH,20190716,1.013,1.015,1.018,1.013,1.014,0.001,0.0987,101.0,10.244
160925.SZ,20190716,0.994,0.961,0.974,0.961,0.974,-0.02,-2.0121,260.01,24.999
159964.SZ,20190716,0.919,0.909,0.92,0.909,0.916,-0.003,-0.3264,1586.0,145.301
161912.SZ,20190716,0.849,0.843,0.854,0.843,0.853,0.004,0.4711,4897.11,415.472
512690.SH,20190716,1.089,1.087,1.093,1.072,1.076,-0.013,-1.1938,176170.0,18988.524
512290.SH,20190716,1.02,1.023,1.031,1.017,1.023,0.003,0.2941,342370.0,35006.472
166025.SZ,20190716,0.948,0.949,0.95,0.944,0.949,0.001,0.1055,5711.01,540.997
512750.SH,20190716,1.024,1.02,1.027,1.02,1.023,-0.001,-0.0977,288991.88,29576.104
512910.SH,20190716,1.017,1.016,1.017,1.01,1.012,-0.005,-0.4916,151543.0,15342.926
501072.SH,20190716,1.0,1.02,1.02,1.02,1.02,0.02,2.0,6.0,0.612
512760.SH,20190716,1.032,1.02,1.044,1.02,1.037,0.005,0.4845,271343.0,28113.682
512170.SH,20190716,1.086,1.1,1.1,1.078,1.082,-0.004,-0.3683,36041.0,3916.685
512480.SH,20190716,1.0,1.0,1.013,0.993,1.005,0.005,0.5,88666.0,8900.052
159966.SZ,20190716,1.029,1.028,1.032,1.022,1.028,-0.001,-0.0972,261618.21,26912.516
159967.SZ,20190716,1.039,1.037,1.042,1.037,1.039,0.0,0.0,241830.65,25137.121
159971.SZ,20190716,1.074,1.072,1.079,1.07,1.075,0.001,0.0931,263884.0,28298.08
161029.SZ,20190716,1.056,1.053,1.053,1.049,1.049,-0.007,-0.6629,100.52,10.584
513880.SH,20190716,0.987,0.982,0.984,0.98,0.982,-0.005,-0.5066,84912.0,8331.053
513800.SH,20190716,1.004,1.004,1.004,1.002,1.004,0.0,0.0,3662.0,367.087
513520.SH,20190716,1.008,1.006,1.006,1.003,1.004,-0.004,-0.3968,16515.0,1657.511
513000.SH,20190716,1.006,1.006,1.006,0.998,1.0,-0.006,-0.5964,24557.0,2452.481
163801.SZ,20190716,1.238,1.242,1.248,1.24,1.248,0.01,0.8078,685.0,85.312
160505.SZ,20190716,1.575,1.575,1.577,1.57,1.577,0.002,0.127,12455.7,1961.305
510050.SH,20190716,2.942,2.939,2.949,2.923,2.925,-0.017,-0.5778,5231551.26,1533891.663
162703.SZ,20190716,1.426,1.424,1.425,1.412,1.416,-0.01,-0.7013,5038.03,713.885
162605.SZ,20190716,1.678,1.678,1.683,1.664,1.665,-0.013,-0.7747,45071.55,7525.168
160106.SZ,20190716,0.951,0.951,0.964,0.945,0.952,0.001,0.1052,1919.16,182.981
161903.SZ,20190716,0.935,0.94,0.96,0.94,0.957,0.022,2.3529,783.01,74.692
160706.SZ,20190716,1.1,1.101,1.102,1.096,1.097,-0.003,-0.2727,10367.0,1138.714
163302.SZ,20190716,1.091,1.034,1.091,1.034,1.058,-0.033,-3.0247,256.0,26.868
161005.SZ,20190716,2.085,2.087,2.089,2.068,2.072,-0.013,-0.6235,7769.0,1612.759
150278.SZ,20190716,0.765,0.702,0.783,0.702,0.783,0.018,2.3529,315.72,23.562
159941.SZ,20190716,1.745,1.755,1.755,1.748,1.755,0.01,0.5731,1668.0,292.3
150271.SZ,20190716,0.998,0.991,0.991,0.991,0.991,-0.007,-0.7014,92.35,9.151
150272.SZ,20190716,1.166,1.093,1.15,1.093,1.15,-0.016,-1.3722,228.01,25.176
150263.SZ,20190716,1.006,1.005,1.005,1.005,1.005,-0.001,-0.0994,1.0,0.1
150264.SZ,20190716,1.417,1.436,1.436,1.436,1.436,0.019,1.3409,1.0,0.143
150267.SZ,20190716,1.0,1.005,1.005,1.003,1.003,0.003,0.3,455.0,45.646
150268.SZ,20190716,1.02,1.06,1.06,1.041,1.06,0.04,3.9216,325.55,34.126
160806.SZ,20190716,1.349,1.367,1.367,1.296,1.34,-0.009,-0.6672,593.56,77.87
150281.SZ,20190716,1.002,1.002,1.002,1.002,1.002,0.0,0.0,3573.0,358.014
150293.SZ,20190716,1.012,1.012,1.012,1.002,1.002,-0.01,-0.9881,9.28,0.938
150294.SZ,20190716,0.46,0.496,0.496,0.496,0.496,0.036,7.8261,1.0,0.049
150243.SZ,20190716,0.997,0.995,0.995,0.995,0.995,-0.002,-0.2006,429.1,42.695
150244.SZ,20190716,1.103,1.096,1.103,1.091,1.103,0.0,0.0,7818.85,857.843
150295.SZ,20190716,1.001,1.001,1.001,1.001,1.001,0.0,0.0,413.15,41.356
150296.SZ,20190716,0.868,0.827,0.827,0.827,0.827,-0.041,-4.7235,10.0,0.827
150287.SZ,20190716,1.013,1.012,1.014,1.011,1.012,-0.001,-0.0987,7069.93,715.743
150288.SZ,20190716,0.837,0.837,0.854,0.83,0.84,0.003,0.3584,29311.07,2465.735
150289.SZ,20190716,1.016,1.013,1.015,1.013,1.015,-0.001,-0.0984,1247.0,126.451
150301.SZ,20190716,1.01,1.01,1.01,1.01,1.01,0.0,0.0,1200.0,121.2
150302.SZ,20190716,0.922,0.933,0.933,0.902,0.914,-0.008,-0.8677,1664.04,150.605
150299.SZ,20190716,1.014,1.014,1.014,1.012,1.013,-0.001,-0.0986,26148.0,2650.251
150300.SZ,20190716,0.734,0.735,0.735,0.728,0.733,-0.001,-0.1362,10051.0,734.988
150315.SZ,20190716,1.0,0.988,0.988,0.988,0.988,-0.012,-1.2,2.19,0.216
150316.SZ,20190716,1.249,1.237,1.242,1.212,1.241,-0.008,-0.6405,138.19,17.1
150291.SZ,20190716,1.011,1.011,1.022,1.011,1.02,0.009,0.8902,35834.0,3647.774
150292.SZ,20190716,0.788,0.76,0.76,0.75,0.76,-0.028,-3.5533,42201.0,3165.086
150238.SZ,20190716,0.7,0.69,0.69,0.63,0.69,-0.01,-1.4286,292.0,19.738
150283.SZ,20190716,0.969,0.969,0.969,0.968,0.968,-0.001,-0.1032,578.0,55.99
150284.SZ,20190716,0.655,0.645,0.645,0.645,0.645,-0.01,-1.5267,10.5,0.677
150308.SZ,20190716,1.3,1.259,1.301,1.208,1.24,-0.06,-4.6154,6.77,0.861
502006.SH,20190716,0.97,0.963,0.968,0.961,0.965,-0.005,-0.5155,4094.02,395.516
502007.SH,20190716,0.994,0.987,0.988,0.969,0.982,-0.012,-1.2072,4379.86,431.313
502008.SH,20190716,0.948,0.946,0.949,0.931,0.949,0.001,0.1055,6030.39,566.036
150321.SZ,20190716,1.043,1.044,1.046,1.044,1.044,0.001,0.0959,798.0,83.364
150322.SZ,20190716,0.853,0.852,0.852,0.85,0.85,-0.003,-0.3517,380.0,32.358
150312.SZ,20190716,1.111,1.111,1.22,1.111,1.22,0.109,9.811,26.0,2.899
501001.SH,20190716,0.998,0.986,1.004,0.986,1.003,0.005,0.501,3879.69,386.702
512330.SH,20190716,0.738,0.739,0.743,0.735,0.741,0.003,0.4065,35611.0,2633.115
159945.SZ,20190716,0.657,0.652,0.652,0.642,0.649,-0.008,-1.2177,4111.0,265.296
502036.SH,20190716,0.856,0.888,0.888,0.837,0.837,-0.019,-2.2196,89.0,7.736
502037.SH,20190716,1.01,1.003,1.003,1.003,1.003,-0.007,-0.6931,1.75,0.176
150318.SZ,20190716,1.64,1.76,1.76,1.76,1.76,0.12,7.3171,1.0,0.176
150327.SZ,20190716,1.003,1.003,1.003,1.003,1.003,0.0,0.0,1.0,0.1
150325.SZ,20190716,1.005,1.009,1.009,1.009,1.009,0.004,0.398,178.0,17.96
150326.SZ,20190716,1.052,1.021,1.021,1.02,1.021,-0.031,-2.9468,838.31,85.571
150323.SZ,20190716,1.003,1.002,1.002,1.002,1.002,-0.001,-0.0997,1.0,0.1
150335.SZ,20190716,1.013,1.006,1.013,1.006,1.013,0.0,0.0,21.0,2.126
150336.SZ,20190716,0.705,0.729,0.729,0.714,0.715,0.01,1.4184,37.0,2.646
502010.SH,20190716,1.059,1.056,1.058,1.05,1.052,-0.007,-0.661,15764.03,1658.863
502012.SH,20190716,1.147,1.145,1.149,1.132,1.134,-0.013,-1.1334,43156.29,4912.357
502011.SH,20190716,0.967,0.968,0.968,0.966,0.968,0.001,0.1034,40827.96,3948.345
502003.SH,20190716,1.201,1.206,1.211,1.202,1.203,0.002,0.1665,247.8,29.829
502005.SH,20190716,1.44,1.441,1.45,1.413,1.436,-0.004,-0.2778,1562.0,224.2
168101.SZ,20190716,0.962,0.962,0.962,0.96,0.962,0.0,0.0,3073.0,295.21
150303.SZ,20190716,1.013,1.017,1.019,1.017,1.018,0.005,0.4936,736.0,74.923
150304.SZ,20190716,0.95,0.95,0.955,0.936,0.947,-0.003,-0.3158,12295.58,1155.169
502023.SH,20190716,0.808,0.828,0.828,0.78,0.78,-0.028,-3.4653,3.05,0.252
502025.SH,20190716,0.625,0.627,0.627,0.627,0.627,0.002,0.32,2.0,0.125
150330.SZ,20190716,1.803,1.798,1.798,1.739,1.756,-0.047,-2.6068,21925.95,3848.107
184801.SZ,20190716,90.501,90.553,90.7,90.553,90.7,0.199,0.2199,21.0,190.357
502041.SH,20190716,1.075,1.05,1.06,1.05,1.06,-0.015,-1.3953,2.0,0.211
502042.SH,20190716,1.359,1.3,1.336,1.3,1.336,-0.023,-1.6924,3.0,0.394
502056.SH,20190716,1.065,1.056,1.089,1.056,1.059,-0.006,-0.5634,228.0,24.152
502057.SH,20190716,1.007,1.006,1.006,1.006,1.006,-0.001,-0.0993,0.85,0.086
511830.SH,20190716,99.997,99.997,100.006,99.997,99.999,0.002,0.002,106.64,1066.397
150344.SZ,20190716,1.274,1.148,1.238,1.148,1.238,-0.036,-2.8257,199.0,22.882
150343.SZ,20190716,1.005,1.01,1.01,1.01,1.01,0.005,0.4975,1301.45,131.446
510360.SH,20190716,1.247,1.246,1.249,1.239,1.241,-0.006,-0.4812,115536.0,14368.314
502053.SH,20190716,1.023,1.02,1.02,1.02,1.02,-0.003,-0.2933,15.0,1.53
502054.SH,20190716,1.0,1.001,1.001,1.0,1.001,0.001,0.1,632.0,63.233
161226.SZ,20190716,0.772,0.774,0.778,0.773,0.777,0.005,0.6477,46845.0,3633.577
167501.SZ,20190716,1.115,1.115,1.115,1.114,1.115,0.0,0.0,2443.0,272.391
510580.SH,20190716,4.96,4.96,4.98,4.95,4.97,0.01,0.2016,33719.0,16747.817
161227.SZ,20190716,0.969,0.969,0.969,0.963,0.964,-0.005,-0.516,246.11,23.73
511980.SH,20190716,99.996,99.992,99.996,99.981,99.996,0.0,0.0,281.39,2813.748
511900.SH,20190716,99.994,99.993,99.995,99.992,99.995,0.001,0.001,2816.14,28159.591
511930.SH,20190716,99.999,99.986,99.986,99.986,99.986,-0.013,-0.013,1.0,9.999
501005.SH,20190716,0.868,0.873,0.873,0.869,0.871,0.003,0.3456,241.19,21.003
161033.SZ,20190716,0.879,0.869,0.881,0.869,0.881,0.002,0.2275,486.0,42.377
169103.SZ,20190716,1.159,1.133,1.159,1.133,1.159,0.0,0.0,5.0,0.571
511820.SH,20190716,99.993,99.992,99.995,99.992,99.992,-0.001,-0.001,543.11,5430.759
168102.SZ,20190716,0.86,0.86,0.866,0.86,0.865,0.005,0.5814,23994.34,2075.029
166016.SZ,20190716,1.189,1.191,1.241,1.191,1.241,0.052,4.3734,263.0,32.608
501015.SH,20190716,0.796,0.789,0.796,0.785,0.796,0.0,0.0,3387.05,266.623
162415.SZ,20190716,1.623,1.644,1.644,1.627,1.632,0.009,0.5545,147.89,24.152
160518.SZ,20190716,1.075,1.075,1.081,1.055,1.07,-0.005,-0.4651,3291.42,352.153
511920.SH,20190716,99.99,99.987,99.995,99.987,99.995,0.005,0.005,2.36,23.599
159948.SZ,20190716,1.623,1.617,1.623,1.612,1.618,-0.005,-0.3081,30410.0,4922.184
161232.SZ,20190716,0.659,0.658,0.659,0.657,0.659,0.0,0.0,5455.34,359.493
161727.SZ,20190716,1.02,1.019,1.02,1.019,1.02,0.0,0.0,142.0,14.483
501018.SH,20190716,1.117,1.11,1.113,1.11,1.113,-0.004,-0.3581,17775.0,1975.612
162215.SZ,20190716,1.036,1.045,1.045,1.044,1.044,0.008,0.7722,90.84,9.484
501021.SH,20190716,1.351,1.358,1.359,1.355,1.358,0.007,0.5181,1823.0,247.415
159949.SZ,20190716,0.535,0.533,0.537,0.532,0.535,0.0,0.0,3864847.16,206469.826
511850.SH,20190716,99.997,99.998,99.999,99.995,99.996,-0.001,-0.001,10173.93,101736.167
169104.SZ,20190716,1.255,1.25,1.25,1.244,1.244,-0.011,-0.8765,105.0,13.122
512660.SH,20190716,0.765,0.765,0.772,0.761,0.767,0.002,0.2614,888466.42,68181.206
512880.SH,20190716,0.986,0.982,0.988,0.98,0.983,-0.003,-0.3043,3397052.37,334114.957
167001.SZ,20190716,0.695,0.694,0.696,0.694,0.696,0.001,0.1439,1662.05,115.562
161834.SZ,20190716,0.79,0.791,0.791,0.789,0.791,0.001,0.1266,13669.06,1079.808
160520.SZ,20190716,1.03,1.032,1.032,1.032,1.032,0.002,0.1942,56.0,5.779
160225.SZ,20190716,0.751,0.751,0.751,0.746,0.75,-0.001,-0.1332,327.0,24.489
511970.SH,20190716,99.992,99.95,99.95,99.95,99.95,-0.042,-0.042,0.05,0.5
168103.SZ,20190716,0.793,0.791,0.797,0.791,0.797,0.004,0.5044,31398.08,2494.609
512810.SH,20190716,0.736,0.735,0.742,0.735,0.736,0.0,0.0,6876.0,506.83
510810.SH,20190716,0.944,0.945,0.946,0.941,0.945,0.001,0.1059,70392.0,6643.155
160635.SZ,20190716,0.974,0.97,0.998,0.967,0.973,-0.001,-0.1027,1004.43,98.27
164403.SZ,20190716,1.233,1.236,1.249,1.236,1.237,0.004,0.3244,78.0,9.673
169105.SZ,20190716,1.245,1.244,1.245,1.237,1.24,-0.005,-0.4016,10580.0,1311.76
512680.SH,20190716,0.754,0.76,0.765,0.756,0.759,0.005,0.6631,24840.0,1891.583
512000.SH,20190716,0.939,0.935,0.941,0.933,0.936,-0.003,-0.3195,1064424.54,99676.362
165525.SZ,20190716,0.782,0.779,0.786,0.779,0.782,0.0,0.0,1635.0,128.229
160421.SZ,20190716,1.126,1.12,1.12,1.107,1.115,-0.011,-0.9769,2306.07,256.885
501026.SH,20190716,0.813,0.813,0.813,0.802,0.812,-0.001,-0.123,101.7,8.267
511660.SH,20190716,100.004,100.0,100.001,99.997,99.999,-0.005,-0.005,49818.66,498183.88
165317.SZ,20190716,1.05,1.0,1.118,1.0,1.118,0.068,6.4762,5.0,0.523
168105.SZ,20190716,0.763,0.761,0.768,0.761,0.768,0.005,0.6553,4106.33,313.955
512100.SH,20190716,0.64,0.639,0.644,0.637,0.643,0.003,0.4688,124025.0,7964.035
501022.SH,20190716,0.94,0.937,0.948,0.937,0.94,0.0,0.0,22.0,2.069
501023.SH,20190716,1.05,1.057,1.057,1.057,1.057,0.007,0.6667,7.0,0.74
511600.SH,20190716,99.995,99.994,99.995,99.994,99.995,0.0,0.0,124.01,1240.029
160722.SZ,20190716,1.08,1.063,1.08,1.063,1.07,-0.01,-0.9259,1382.0,147.455
163119.SZ,20190716,0.799,0.797,0.797,0.797,0.797,-0.002,-0.2503,10.0,0.797
511690.SH,20190716,99.993,99.992,99.995,99.992,99.995,0.002,0.002,8216.62,82160.792
511700.SH,20190716,99.995,99.994,99.996,99.993,99.995,0.0,0.0,382.48,3824.565
501050.SH,20190716,1.275,1.275,1.28,1.27,1.273,-0.002,-0.1569,16821.0,2140.908
164210.SZ,20190716,1.031,1.036,1.036,1.036,1.036,0.005,0.485,2.0,0.207
160223.SZ,20190716,0.736,0.749,0.749,0.736,0.74,0.004,0.5435,1239.0,91.432
161035.SZ,20190716,1.046,1.047,1.049,1.039,1.042,-0.004,-0.3824,307.0,32.086
160922.SZ,20190716,1.015,1.005,1.014,1.0,1.0,-0.015,-1.4778,310.63,31.34
501300.SH,20190716,1.028,1.028,1.028,1.027,1.027,-0.001,-0.0973,874.0,89.782
161126.SZ,20190716,1.314,1.292,1.292,1.281,1.289,-0.025,-1.9026,501.0,64.346
161125.SZ,20190716,1.309,1.311,1.311,1.304,1.306,-0.003,-0.2292,337.0,43.971
161127.SZ,20190716,1.282,1.271,1.272,1.269,1.27,-0.012,-0.936,446.0,56.67
161128.SZ,20190716,1.609,1.603,1.603,1.591,1.601,-0.008,-0.4972,379.0,60.563
161129.SZ,20190716,1.114,1.108,1.114,1.108,1.111,-0.003,-0.2693,9685.48,1074.42
501029.SH,20190716,0.957,0.957,0.961,0.956,0.959,0.002,0.209,58827.7,5639.59
501007.SH,20190716,0.921,0.928,0.928,0.926,0.926,0.005,0.5429,14.0,1.298
501011.SH,20190716,0.816,0.802,0.803,0.8,0.8,-0.016,-1.9608,27.0,2.166
501012.SH,20190716,0.808,0.8,0.8,0.8,0.8,-0.008,-0.9901,4.0,0.32
501009.SH,20190716,1.173,1.15,1.172,1.15,1.16,-0.013,-1.1083,355.0,40.98
501030.SH,20190716,0.586,0.586,0.588,0.586,0.588,0.002,0.3413,34.0,1.998
501010.SH,20190716,1.161,1.162,1.162,1.162,1.162,0.001,0.0861,100.0,11.62
501031.SH,20190716,0.593,0.637,0.637,0.587,0.619,0.026,4.3845,1184.63,74.678
501027.SH,20190716,1.027,1.028,1.028,1.028,1.028,0.001,0.0974,233.0,23.952
513050.SH,20190716,1.203,1.211,1.215,1.211,1.215,0.012,0.9975,141574.0,17175.198
511650.SH,20190716,99.996,99.997,99.997,99.991,99.994,-0.002,-0.002,1363.06,13629.891
501032.SH,20190716,0.73,0.73,0.73,0.73,0.73,0.0,0.0,8.0,0.584
512580.SH,20190716,0.731,0.731,0.732,0.728,0.73,-0.001,-0.1368,84608.0,6172.662
161631.SZ,20190716,0.936,0.935,0.94,0.93,0.936,0.0,0.0,18325.52,1716.493
162719.SZ,20190716,0.929,0.925,0.925,0.925,0.925,-0.004,-0.4306,52.0,4.81
512900.SH,20190716,0.952,0.951,0.954,0.946,0.949,-0.003,-0.3151,15724.0,1492.701
161036.SZ,20190716,0.608,0.606,0.606,0.606,0.606,-0.002,-0.3289,55.0,3.333
511770.SH,20190716,99.986,99.983,99.994,99.983,99.994,0.008,0.008,10.02,100.194
501019.SH,20190716,0.755,0.755,0.76,0.753,0.755,0.0,0.0,3310.0,250.482
501301.SH,20190716,1.165,1.184,1.184,1.156,1.18,0.015,1.2876,32.0,3.738
160723.SZ,20190716,1.162,1.16,1.166,1.157,1.161,-0.001,-0.0861,4380.01,507.721
166402.SZ,20190716,1.084,1.095,1.095,1.095,1.095,0.011,1.0148,44.0,4.818
501016.SH,20190716,1.028,1.029,1.029,1.019,1.023,-0.005,-0.4864,3473.0,355.392
161037.SZ,20190716,1.018,1.029,1.03,1.025,1.026,0.008,0.7859,885.0,90.932
512550.SH,20190716,1.187,1.175,1.197,1.172,1.175,-0.012,-1.011,2367.0,279.089
160324.SZ,20190716,0.975,0.967,0.967,0.967,0.967,-0.008,-0.8205,600.0,58.02
161130.SZ,20190716,1.329,1.323,1.329,1.323,1.329,0.0,0.0,4.0,0.529
159955.SZ,20190716,0.832,0.832,0.835,0.83,0.835,0.003,0.3606,531.0,44.246
159953.SZ,20190716,0.738,0.754,0.754,0.739,0.754,0.016,2.168,18.0,1.334
159951.SZ,20190716,0.79,0.799,0.819,0.746,0.808,0.018,2.2785,1576.0,126.057
163111.SZ,20190716,0.907,0.891,0.891,0.886,0.886,-0.021,-2.3153,31.7,2.824
512200.SH,20190716,0.865,0.864,0.875,0.86,0.873,0.008,0.9249,36177.0,3144.903
512700.SH,20190716,1.112,1.109,1.115,1.109,1.111,-0.001,-0.0899,2533.0,281.305
512800.SH,20190716,1.068,1.066,1.067,1.062,1.062,-0.006,-0.5618,471157.0,50122.157
161038.SZ,20190716,0.863,0.871,0.871,0.871,0.871,0.008,0.927,1.0,0.087
512400.SH,20190716,0.642,0.642,0.646,0.639,0.643,0.001,0.1558,265270.0,17056.101
512560.SH,20190716,0.828,0.828,0.84,0.827,0.831,0.003,0.3623,1194.0,99.467
512570.SH,20190716,0.934,0.931,0.932,0.93,0.931,-0.003,-0.3212,455.0,42.35
161715.SZ,20190716,0.899,0.887,0.887,0.887,0.887,-0.012,-1.3348,6.96,0.617
160924.SZ,20190716,1.04,1.04,1.04,1.04,1.04,0.0,0.0,25.9,2.693
501036.SH,20190716,0.79,0.786,0.794,0.786,0.794,0.004,0.5063,419.0,33.225
501037.SH,20190716,0.776,0.786,0.794,0.78,0.781,0.005,0.6443,706.0,55.574
501038.SH,20190716,1.112,1.109,1.11,1.102,1.109,-0.003,-0.2698,5634.81,622.766
511620.SH,20190716,99.982,99.971,99.993,99.971,99.993,0.011,0.011,10.07,100.688
166023.SZ,20190716,1.08,1.081,1.094,1.08,1.083,0.003,0.2778,1793.0,194.125
511670.SH,20190716,100.006,100.0,100.003,99.999,100.002,-0.004,-0.004,210.04,2100.442
501303.SH,20190716,0.873,0.877,0.914,0.877,0.914,0.041,4.6964,11.0,0.983
168002.SZ,20190716,1.093,1.084,1.119,1.084,1.119,0.026,2.3788,17.0,1.846
501043.SH,20190716,1.038,1.036,1.039,1.036,1.039,0.001,0.0963,378.0,39.215
501045.SH,20190716,1.033,1.042,1.042,1.031,1.036,0.003,0.2904,278.78,28.897
160140.SZ,20190716,1.151,1.163,1.165,1.155,1.165,0.014,1.2163,325.6,37.912
501046.SH,20190716,0.987,0.992,1.012,0.992,1.006,0.019,1.925,18857.64,1892.212
510380.SH,20190716,0.98,0.982,0.983,0.97,0.974,-0.006,-0.6122,6543.0,640.272
160644.SZ,20190716,0.85,0.853,0.853,0.853,0.853,0.003,0.3529,14.0,1.194
166024.SZ,20190716,0.885,0.884,0.887,0.884,0.886,0.001,0.113,9300.01,823.525
501047.SH,20190716,0.984,0.981,0.981,0.981,0.981,-0.003,-0.3049,15.0,1.472
501048.SH,20190716,1.001,1.001,1.007,1.001,1.004,0.003,0.2997,24.0,2.41
159957.SZ,20190716,0.914,0.914,0.918,0.912,0.915,0.001,0.1094,1574.0,144.188
501049.SH,20190716,0.915,0.915,0.919,0.91,0.915,0.0,0.0,9305.24,850.636
501305.SH,20190716,0.935,0.935,0.935,0.935,0.935,0.0,0.0,15.0,1.403
510820.SH,20190716,0.879,0.869,0.879,0.865,0.878,-0.001,-0.1138,908.0,78.95
159958.SZ,20190716,0.9,0.9,0.905,0.892,0.901,0.001,0.1111,7854.0,707.635
510800.SH,20190716,1.041,1.036,1.044,1.034,1.036,-0.005,-0.4803,33433.0,3466.713
512980.SH,20190716,0.715,0.714,0.717,0.713,0.716,0.001,0.1399,72847.58,5213.966
159954.SZ,20190716,0.996,0.993,0.999,0.993,0.999,0.003,0.3012,5680.0,567.07
510390.SH,20190716,3.941,3.937,3.951,3.918,3.928,-0.013,-0.3299,18469.98,7254.835
501053.SH,20190716,1.03,1.01,1.01,1.01,1.01,-0.02,-1.9417,1.0,0.101
161014.SZ,20190716,1.184,1.185,1.185,1.184,1.184,0.0,0.0,511.0,60.552
163417.SZ,20190716,1.006,1.005,1.008,1.003,1.005,-0.001,-0.0994,338704.68,34067.779
159956.SZ,20190716,0.883,0.871,0.882,0.871,0.882,-0.001,-0.1133,128.0,11.268
501054.SH,20190716,0.906,0.905,0.908,0.903,0.904,-0.002,-0.2208,34702.5,3142.949
511280.SH,20190716,100.901,100.601,100.601,100.601,100.601,-0.3,-0.2973,1.0,10.06
169106.SZ,20190716,1.015,1.016,1.016,1.013,1.013,-0.002,-0.197,12323.18,1249.724
512160.SH,20190716,1.057,1.057,1.058,1.051,1.054,-0.003,-0.2838,308402.0,32517.719
512520.SH,20190716,1.04,1.039,1.041,1.032,1.036,-0.004,-0.3846,14338.66,1483.81
512180.SH,20190716,1.032,1.035,1.035,1.027,1.029,-0.003,-0.2907,288665.0,29702.758
512780.SH,20190716,0.789,0.786,0.787,0.786,0.787,-0.002,-0.2535,1200.0,94.42
513900.SH,20190716,1.012,1.011,1.011,1.011,1.011,-0.001,-0.0988,1010.0,102.111
512280.SH,20190716,1.033,1.032,1.034,1.027,1.03,-0.003,-0.2904,708004.0,72921.01
501057.SH,20190716,0.84,0.828,0.832,0.828,0.831,-0.009,-1.0714,1677.43,139.334
501058.SH,20190716,0.849,0.83,0.831,0.83,0.83,-0.019,-2.2379,88.36,7.334
512090.SH,20190716,1.058,1.055,1.06,1.051,1.053,-0.005,-0.4726,540719.0,56993.957
512360.SH,20190716,1.062,1.062,1.062,1.058,1.06,-0.002,-0.1883,410.0,43.429
161039.SZ,20190716,1.056,1.052,1.056,1.052,1.056,0.0,0.0,109.0,11.47
512770.SH,20190716,0.979,0.98,0.982,0.979,0.979,0.0,0.0,221.0,21.641
164824.SZ,20190716,0.987,0.987,0.988,0.987,0.988,0.001,0.1013,952.72,94.034
501059.SH,20190716,1.141,1.245,1.245,1.245,1.245,0.104,9.1148,2.0,0.249
161131.SZ,20190716,1.017,1.016,1.017,1.014,1.015,-0.002,-0.1967,182040.21,18475.697
161728.SZ,20190716,1.019,1.019,1.019,1.017,1.018,-0.001,-0.0981,89004.87,9054.254
501186.SH,20190716,1.035,1.035,1.035,1.031,1.032,-0.003,-0.2899,148048.41,15282.109
501188.SH,20190716,1.031,1.03,1.031,1.029,1.031,0.0,0.0,131857.52,13578.362
501189.SH,20190716,1.018,1.018,1.018,1.012,1.014,-0.004,-0.3929,204346.13,20729.834
160142.SZ,20190716,1.026,1.026,1.026,1.024,1.025,-0.001,-0.0975,159767.11,16372.175
510600.SH,20190716,2.922,2.916,2.92,2.901,2.903,-0.019,-0.6502,8794.0,2559.643
511270.SH,20190716,101.1,101.15,101.15,101.11,101.119,0.019,0.0188,300.0,3033.795
160726.SZ,20190716,1.055,1.053,1.053,1.047,1.05,-0.005,-0.4739,8307.41,872.262
512850.SH,20190716,1.071,1.066,1.067,1.065,1.066,-0.005,-0.4669,132.37,14.112
512820.SH,20190716,1.11,1.107,1.107,1.104,1.104,-0.006,-0.5405,21.0,2.322
501060.SH,20190716,1.182,1.187,1.187,1.184,1.184,0.002,0.1692,89.0,10.54
501061.SH,20190716,1.183,1.177,1.177,1.177,1.177,-0.006,-0.5072,284.0,33.427
501062.SH,20190716,0.906,0.907,0.907,0.903,0.903,-0.003,-0.3311,7484.22,677.09
512860.SH,20190716,1.21,1.211,1.211,1.209,1.209,-0.001,-0.0826,2294.0,277.773
501310.SH,20190716,0.997,1.0,1.0,0.995,1.0,0.003,0.3009,2225.0,221.895
512960.SH,20190716,0.983,0.985,0.986,0.982,0.983,0.0,0.0,168979.78,16622.017
512950.SH,20190716,0.987,0.987,0.99,0.986,0.986,-0.001,-0.1013,91063.59,8995.818
159959.SZ,20190716,1.035,1.037,1.037,1.032,1.034,-0.001,-0.0966,16915.0,1750.524
501065.SH,20190716,1.119,1.127,1.127,1.118,1.12,0.001,0.0894,117.88,13.216
159960.SZ,20190716,1.013,1.01,1.019,1.01,1.019,0.006,0.5923,135.0,13.722
161132.SZ,20190716,1.13,1.131,1.131,1.112,1.112,-0.018,-1.5929,982.01,110.039
512920.SH,20190716,1.199,1.203,1.203,1.197,1.197,-0.002,-0.1668,41.0,4.914
