ts_code,trade_date,pre_close,open,high,low,close,change,pct_chg,vol,amount
510360.SH,20190919,1.283,1.283,1.286,1.279,1.286,0.003,0.2338,103338.0,13258.571
502053.SH,20190919,1.016,1.015,1.015,1.015,1.015,-0.001,-0.0984,6.0,0.609
502055.SH,20190919,0.956,0.968,0.975,0.935,0.974,0.018,1.8828,638.15,60.652
161226.SZ,20190919,0.921,0.91,0.916,0.908,0.913,-0.008,-0.8686,168956.89,15393.584
167501.SZ,20190919,1.125,1.124,1.125,1.124,1.125,0.0,0.0,147.48,16.591
510580.SH,20190919,5.2,5.208,5.255,5.191,5.255,0.055,1.0577,78030.17,40811.992
161227.SZ,20190919,1.008,1.006,1.018,1.006,1.018,0.01,0.9921,10201.27,1033.439
511980.SH,20190919,99.996,99.992,99.995,99.95,99.995,-0.001,-0.001,192.06,1920.2
511900.SH,20190919,99.995,99.993,99.994,99.99,99.994,-0.001,-0.001,998.0,9979.237
501005.SH,20190919,0.967,0.963,0.98,0.963,0.98,0.013,1.3444,3771.2,365.618
511960.SH,20190919,99.986,99.982,99.991,99.982,99.991,0.005,0.005,5.0,49.993
161033.SZ,20190919,1.082,1.079,1.1,1.079,1.099,0.017,1.5712,858.61,93.562
169103.SZ,20190919,1.183,1.185,1.19,1.182,1.183,0.0,0.0,947.0,112.119
511820.SH,20190919,100.0,99.997,99.997,99.992,99.994,-0.006,-0.006,36.0,359.986
168102.SZ,20190919,0.9,0.895,0.903,0.894,0.903,0.003,0.3333,17079.33,1535.676
161823.SZ,20190919,1.18,1.18,1.18,1.18,1.18,0.0,0.0,2.0,0.236
163005.SZ,20190919,0.893,0.873,0.873,0.873,0.873,-0.02,-2.2396,5.0,0.436
501015.SH,20190919,0.853,0.847,0.852,0.846,0.852,-0.001,-0.1172,1151.31,97.585
162415.SZ,20190919,1.646,1.645,1.656,1.645,1.649,0.003,0.1823,243.0,40.123
160518.SZ,20190919,1.105,1.102,1.117,1.102,1.112,0.007,0.6335,1033.0,114.285
511920.SH,20190919,99.995,99.983,99.983,99.983,99.983,-0.012,-0.012,0.01,0.1
159948.SZ,20190919,1.757,1.762,1.788,1.755,1.785,0.028,1.5936,15309.0,2713.433
161232.SZ,20190919,0.744,0.728,0.737,0.727,0.737,-0.007,-0.9409,192.0,14.086
165528.SZ,20190919,0.91,0.904,0.935,0.904,0.935,0.025,2.7473,5031.14,455.074
165807.SZ,20190919,0.941,0.903,0.903,0.903,0.903,-0.038,-4.0383,1.25,0.112
501017.SH,20190919,0.858,0.851,0.861,0.85,0.861,0.003,0.3497,236.74,20.13
160519.SZ,20190919,1.142,1.146,1.148,1.145,1.148,0.006,0.5254,304.0,34.841
501018.SH,20190919,1.139,1.13,1.13,1.124,1.127,-0.012,-1.0536,41023.79,4621.451
162215.SZ,20190919,1.085,1.077,1.077,1.077,1.077,-0.008,-0.7373,13.29,1.431
501021.SH,20190919,1.385,1.386,1.389,1.371,1.379,-0.006,-0.4332,3606.42,498.012
159949.SZ,20190919,0.593,0.595,0.604,0.594,0.602,0.009,1.5177,4005874.08,239698.366
511850.SH,20190919,99.993,99.992,99.995,99.991,99.992,-0.001,-0.001,19285.06,192835.711
512010.SH,20190919,1.785,1.789,1.801,1.781,1.799,0.014,0.7843,104692.0,18763.423
159933.SZ,20190919,2.082,2.083,2.099,2.081,2.099,0.017,0.8165,175.0,36.445
510680.SH,20190919,2.448,2.403,2.403,2.403,2.403,-0.045,-1.8382,1.0,0.24
159934.SZ,20190919,3.381,3.363,3.377,3.359,3.373,-0.008,-0.2366,1091247.27,367616.907
513500.SH,20190919,1.979,1.98,1.985,1.98,1.981,0.002,0.1011,245013.0,48576.98
150095.SZ,20190919,1.014,0.92,0.92,0.92,0.92,-0.094,-9.2702,1.0,0.092
150106.SZ,20190919,1.061,1.062,1.062,1.06,1.061,0.0,0.0,402317.22,42686.584
150107.SZ,20190919,0.702,0.705,0.722,0.703,0.722,0.02,2.849,443987.94,31618.929
150100.SZ,20190919,1.01,1.009,1.009,1.009,1.009,-0.001,-0.099,175.81,17.739
150101.SZ,20190919,1.047,1.053,1.06,1.04,1.06,0.013,1.2416,390.81,41.003
161119.SZ,20190919,1.387,1.385,1.386,1.385,1.385,-0.002,-0.1442,89.0,12.329
166902.SZ,20190919,1.06,1.038,1.04,1.038,1.04,-0.02,-1.8868,111.0,11.543
163415.SZ,20190919,2.043,2.037,2.049,2.037,2.044,0.001,0.0489,2519.37,514.566
510330.SH,20190919,3.975,3.981,3.992,3.963,3.99,0.015,0.3774,1312527.0,522438.493
511990.SH,20190919,100.001,99.997,100.0,99.996,100.0,-0.001,-0.001,565665.56,5656544.533
159922.SZ,20190919,5.402,5.402,5.454,5.388,5.454,0.052,0.9626,112049.14,60710.698
510500.SH,20190919,5.551,5.552,5.605,5.531,5.601,0.05,0.9007,1656646.55,921874.335
150117.SZ,20190919,1.034,1.034,1.035,1.034,1.035,0.001,0.0967,701.68,72.603
150118.SZ,20190919,1.038,1.033,1.038,1.017,1.037,-0.001,-0.0963,16242.32,1667.96
159923.SZ,20190919,1.779,1.754,1.775,1.754,1.756,-0.023,-1.2929,614.0,108.484
510310.SH,20190919,1.727,1.732,1.736,1.724,1.736,0.009,0.5211,456073.0,78918.967
512120.SH,20190919,1.524,1.524,1.53,1.52,1.526,0.002,0.1312,6580.0,1004.35
150158.SZ,20190919,1.099,1.107,1.107,1.091,1.098,-0.001,-0.091,5689.0,623.002
159935.SZ,20190919,1.435,1.388,1.468,1.388,1.433,-0.002,-0.1394,106.33,15.357
160220.SZ,20190919,1.317,1.32,1.34,1.32,1.332,0.015,1.139,373.11,49.858
150168.SZ,20190919,0.915,0.917,0.918,0.917,0.918,0.003,0.3279,213.0,19.552
164705.SZ,20190919,1.18,1.18,1.18,1.168,1.168,-0.012,-1.0169,150.09,17.606
150170.SZ,20190919,1.322,1.335,1.335,1.306,1.31,-0.012,-0.9077,178.04,23.407
150171.SZ,20190919,1.002,1.001,1.002,1.001,1.002,0.0,0.0,74530.03,7467.726
150172.SZ,20190919,1.254,1.268,1.27,1.251,1.258,0.004,0.319,174301.2,21919.466
161831.SZ,20190919,0.988,0.984,0.984,0.979,0.979,-0.009,-0.9109,7927.4,777.858
150175.SZ,20190919,1.028,1.027,1.028,1.027,1.028,0.0,0.0,45078.22,4632.284
150176.SZ,20190919,0.949,0.95,0.95,0.932,0.938,-0.011,-1.1591,43768.21,4104.595
150181.SZ,20190919,1.013,1.013,1.014,1.012,1.013,0.0,0.0,21662.09,2195.815
150182.SZ,20190919,1.418,1.425,1.449,1.417,1.449,0.031,2.1862,179334.44,25751.325
150178.SZ,20190919,1.494,1.501,1.505,1.492,1.5,0.006,0.4016,2564.73,385.033
150180.SZ,20190919,1.455,1.454,1.515,1.454,1.494,0.039,2.6804,1450.63,215.471
160812.SZ,20190919,1.487,1.48,1.485,1.464,1.485,-0.002,-0.1345,2213.37,327.493
150164.SZ,20190919,1.013,1.014,1.014,1.014,1.014,0.001,0.0987,53.0,5.374
150165.SZ,20190919,1.134,1.08,1.118,1.08,1.118,-0.016,-1.4109,23.46,2.621
160918.SZ,20190919,2.02,2.002,2.021,2.001,2.008,-0.012,-0.5941,652.0,130.853
150185.SZ,20190919,1.103,1.082,1.111,1.082,1.11,0.007,0.6346,2298.89,252.604
159936.SZ,20190919,1.346,1.345,1.35,1.34,1.35,0.004,0.2972,78.0,10.493
512600.SH,20190919,2.954,2.954,3.089,2.935,2.957,0.003,0.1016,3019.0,903.151
512610.SH,20190919,1.444,1.444,1.457,1.439,1.457,0.013,0.9003,637.0,91.906
512070.SH,20190919,2.318,2.33,2.333,2.308,2.326,0.008,0.3451,31826.0,7379.939
512220.SH,20190919,1.329,1.319,1.345,1.312,1.341,0.012,0.9029,539.0,71.426
150186.SZ,20190919,0.988,0.987,0.987,0.986,0.986,-0.002,-0.2024,143.0,14.102
150187.SZ,20190919,1.205,1.186,1.229,1.186,1.228,0.023,1.9087,1971.79,238.511
160133.SZ,20190919,2.753,2.754,2.77,2.74,2.77,0.017,0.6175,2498.49,688.205
150188.SZ,20190919,1.028,1.027,1.028,1.027,1.028,0.0,0.0,270.82,27.84
150189.SZ,20190919,0.641,0.62,0.635,0.62,0.635,-0.006,-0.936,261.19,16.237
513030.SH,20190919,1.049,1.051,1.054,1.05,1.052,0.003,0.286,12967.0,1364.601
159937.SZ,20190919,3.408,3.39,3.403,3.386,3.401,-0.007,-0.2054,570538.0,193659.232
511010.SH,20190919,118.186,118.212,118.229,118.16,118.21,0.024,0.0203,8651.0,102265.728
160212.SZ,20190919,2.321,2.322,2.35,2.314,2.349,0.028,1.2064,3895.73,907.425
510660.SH,20190919,1.85,1.85,1.86,1.845,1.857,0.007,0.3784,20498.0,3806.193
510650.SH,20190919,1.978,1.969,1.969,1.963,1.963,-0.015,-0.7583,71.0,13.942
510630.SH,20190919,2.966,2.958,2.969,2.935,2.961,-0.005,-0.1686,4593.03,1353.5
159925.SZ,20190919,1.723,1.73,1.73,1.718,1.73,0.007,0.4063,1972.13,340.059
150123.SZ,20190919,1.046,1.046,1.048,1.046,1.048,0.002,0.1912,1449.0,151.695
150124.SZ,20190919,0.781,0.788,0.789,0.775,0.789,0.008,1.0243,3833.0,299.081
163210.SZ,20190919,1.008,1.007,1.009,1.006,1.009,0.001,0.0992,1332.8,134.177
510510.SH,20190919,1.471,1.469,1.485,1.466,1.485,0.014,0.9517,75997.0,11212.602
511880.SH,20190919,101.952,101.952,101.954,101.94,101.943,-0.009,-0.0088,565621.36,5766301.532
165313.SZ,20190919,1.53,1.534,1.54,1.532,1.537,0.007,0.4575,2282.3,349.813
159001.SZ,20190919,100.0,100.0,100.001,99.997,99.999,-0.001,-0.001,600865.74,6008656.278
161911.SZ,20190919,1.011,1.012,1.014,1.012,1.013,0.002,0.1978,9777.75,990.403
513100.SH,20190919,2.89,2.893,2.895,2.887,2.888,-0.002,-0.0692,375957.0,108687.604
159926.SZ,20190919,112.981,112.98,113.249,112.98,113.249,0.268,0.2372,2.43,27.492
159003.SZ,20190919,99.999,99.999,100.0,99.997,100.0,0.001,0.001,1049.62,10496.102
518880.SH,20190919,3.407,3.387,3.403,3.385,3.401,-0.006,-0.1761,2382828.0,808880.654
518800.SH,20190919,3.38,3.375,3.375,3.354,3.372,-0.008,-0.2367,292075.0,98347.259
150146.SZ,20190919,1.203,1.083,1.262,1.083,1.239,0.036,2.9925,1140.0,124.571
159929.SZ,20190919,1.518,1.521,1.529,1.515,1.527,0.009,0.5929,22897.0,3484.677
159928.SZ,20190919,3.004,3.001,3.005,2.964,3.005,0.001,0.0333,84406.65,25170.843
159930.SZ,20190919,0.715,0.718,0.718,0.711,0.714,-0.001,-0.1399,12476.0,890.364
159931.SZ,20190919,1.742,1.74,1.749,1.738,1.747,0.005,0.287,922.0,160.611
150149.SZ,20190919,0.688,0.689,0.691,0.678,0.691,0.003,0.436,4254.0,291.754
160515.SZ,20190919,1.072,1.072,1.072,1.072,1.072,0.0,0.0,1160.0,124.352
150130.SZ,20190919,1.057,1.057,1.062,1.057,1.062,0.005,0.473,16315.43,1728.435
150131.SZ,20190919,1.607,1.608,1.617,1.596,1.617,0.01,0.6223,88460.68,14222.635
150152.SZ,20190919,1.023,1.024,1.027,1.023,1.026,0.003,0.2933,416042.45,42627.731
150153.SZ,20190919,1.19,1.196,1.221,1.186,1.219,0.029,2.437,1456963.16,175032.183
159932.SZ,20190919,1.413,1.402,1.423,1.402,1.422,0.009,0.6369,725.48,102.555
162006.SZ,20190919,1.13,1.195,1.195,1.184,1.184,0.054,4.7788,166.0,19.656
160910.SZ,20190919,1.085,1.085,1.085,1.085,1.085,0.0,0.0,500.0,54.25
160805.SZ,20190919,0.777,0.778,0.78,0.771,0.78,0.003,0.3861,262.0,20.214
160311.SZ,20190919,1.588,1.585,1.591,1.582,1.591,0.003,0.1889,249.66,39.636
161610.SZ,20190919,1.143,1.142,1.149,1.142,1.149,0.006,0.5249,888.72,101.816
159961.SZ,20190919,1.379,1.379,1.39,1.379,1.39,0.011,0.7977,2747.0,379.765
150194.SZ,20190919,1.012,1.012,1.013,1.012,1.013,0.001,0.0988,6766.49,685.187
150195.SZ,20190919,1.02,1.022,1.065,1.021,1.06,0.04,3.9216,184881.45,19270.339
150192.SZ,20190919,1.02,1.02,1.02,1.02,1.02,0.0,0.0,100.0,10.2
150193.SZ,20190919,1.084,1.041,1.068,1.041,1.057,-0.027,-2.4908,2684.0,280.171
169101.SZ,20190919,1.529,1.529,1.533,1.522,1.532,0.003,0.1962,17251.49,2634.275
512950.SH,20190919,1.012,1.013,1.019,1.01,1.019,0.007,0.6917,66857.0,6784.486
159959.SZ,20190919,1.062,1.072,1.072,1.057,1.07,0.008,0.7533,77882.03,8287.647
501065.SH,20190919,1.168,1.157,1.175,1.15,1.171,0.003,0.2568,6892.72,794.738
159960.SZ,20190919,1.01,1.01,1.011,1.005,1.009,-0.001,-0.099,668.0,67.353
161132.SZ,20190919,1.192,1.162,1.19,1.162,1.19,-0.002,-0.1678,405.81,47.657
512920.SH,20190919,1.232,1.236,1.236,1.232,1.232,0.0,0.0,11.0,1.356
512040.SH,20190919,1.143,1.143,1.149,1.14,1.149,0.006,0.5249,35699.11,4086.315
501066.SH,20190919,1.271,1.291,1.3,1.291,1.294,0.023,1.8096,703.0,91.294
512260.SH,20190919,1.185,1.185,1.193,1.181,1.193,0.008,0.6751,71858.0,8517.602
512870.SH,20190919,1.2,1.203,1.21,1.198,1.21,0.01,0.8333,54468.0,6558.032
510850.SH,20190919,2.997,2.997,3.004,2.982,3.0,0.003,0.1001,474633.59,141946.21
510550.SH,20190919,1.216,1.202,1.228,1.202,1.228,0.012,0.9868,76243.0,9327.852
501069.SH,20190919,1.046,1.046,1.046,1.046,1.046,0.0,0.0,3.0,0.314
513680.SH,20190919,0.955,0.954,0.96,0.861,0.947,-0.008,-0.8377,624.0,58.412
512150.SH,20190919,1.251,1.253,1.253,1.243,1.25,-0.001,-0.0799,7338.0,916.091
512890.SH,20190919,1.142,1.141,1.145,1.141,1.144,0.002,0.1751,7259.0,829.928
159962.SZ,20190919,1.072,1.072,1.072,1.066,1.072,0.0,0.0,193.16,20.689
501311.SH,20190919,0.992,0.98,1.015,0.98,1.015,0.023,2.3185,3.0,0.301
501064.SH,20190919,1.263,1.225,1.231,1.225,1.23,-0.033,-2.6128,1318.88,162.225
159963.SZ,20190919,0.982,0.976,0.977,0.972,0.975,-0.007,-0.7128,19164.16,1869.18
511020.SH,20190919,102.05,102.0,102.0,102.0,102.0,-0.05,-0.049,1.0,10.2
512270.SH,20190919,0.987,0.99,0.992,0.987,0.992,0.005,0.5066,5782.0,572.352
511030.SH,20190919,101.498,101.495,101.495,101.2,101.2,-0.298,-0.2936,22.1,223.889
159965.SZ,20190919,1.038,1.038,1.04,1.033,1.04,0.002,0.1927,15886.17,1646.651
501063.SH,20190919,0.96,0.96,0.96,0.957,0.959,-0.001,-0.1042,5154.37,493.895
501070.SH,20190919,1.098,1.089,1.118,1.072,1.113,0.015,1.3661,3663.03,402.079
512380.SH,20190919,0.998,1.0,1.001,0.993,1.001,0.003,0.3006,938686.6,93659.048
512590.SH,20190919,1.024,1.026,1.032,1.022,1.032,0.008,0.7813,5894.0,606.387
510890.SH,20190919,1.019,1.02,1.058,1.02,1.058,0.039,3.8273,7.0,0.722
510350.SH,20190919,3.893,3.893,3.91,3.883,3.91,0.017,0.4367,216833.08,84532.682
160925.SZ,20190919,0.985,0.998,0.998,0.998,0.998,0.013,1.3198,150.0,14.97
159964.SZ,20190919,0.994,1.0,1.011,1.0,1.011,0.017,1.7103,2686.0,269.92
161912.SZ,20190919,1.008,1.006,1.02,1.006,1.019,0.011,1.0913,3992.93,403.701
501071.SH,20190919,1.15,1.121,1.121,1.04,1.056,-0.094,-8.1739,64192.0,6780.015
512690.SH,20190919,1.138,1.133,1.141,1.12,1.14,0.002,0.1757,263670.0,29754.3
512290.SH,20190919,1.152,1.156,1.165,1.146,1.161,0.009,0.7813,248948.0,28708.349
166025.SZ,20190919,1.07,1.072,1.081,1.072,1.08,0.01,0.9346,41352.1,4458.43
512750.SH,20190919,1.027,1.027,1.029,1.023,1.028,0.001,0.0974,168138.46,17241.919
512910.SH,20190919,1.057,1.057,1.06,1.053,1.059,0.002,0.1892,104429.0,11027.567
512760.SH,20190919,1.329,1.33,1.372,1.329,1.37,0.041,3.085,1486963.0,201503.576
512170.SH,20190919,1.193,1.191,1.213,1.191,1.213,0.02,1.6764,34255.0,4130.208
512480.SH,20190919,1.242,1.242,1.278,1.241,1.276,0.034,2.7375,232853.0,29482.577
159966.SZ,20190919,1.126,1.126,1.146,1.125,1.144,0.018,1.5986,214433.79,24360.607
159967.SZ,20190919,1.144,1.144,1.162,1.136,1.161,0.017,1.486,340753.0,39251.106
512790.SH,20190919,1.021,1.023,1.034,1.022,1.034,0.013,1.2733,247439.42,25429.448
159969.SZ,20190919,1.05,1.053,1.059,1.05,1.059,0.009,0.8571,172796.87,18222.011
512930.SH,20190919,1.143,1.149,1.168,1.146,1.165,0.022,1.9248,24977.0,2884.518
159971.SZ,20190919,1.165,1.165,1.185,1.165,1.185,0.02,1.7167,2202.0,259.227
161029.SZ,20190919,1.055,1.055,1.055,1.055,1.055,0.0,0.0,4.0,0.422
512710.SH,20190919,1.075,1.077,1.091,1.075,1.09,0.015,1.3953,1148665.99,124330.864
513880.SH,20190919,1.032,1.037,1.045,1.036,1.04,0.008,0.7752,73788.0,7678.45
513800.SH,20190919,1.05,1.063,1.077,1.057,1.058,0.008,0.7619,1340.0,142.036
513520.SH,20190919,1.045,1.053,1.057,1.052,1.053,0.008,0.7656,37368.0,3941.899
513000.SH,20190919,1.05,1.057,1.064,1.057,1.06,0.01,0.9524,52751.0,5594.107
512720.SH,20190919,1.145,1.144,1.165,1.142,1.164,0.019,1.6594,400962.0,46177.87
501075.SH,20190919,0.96,0.964,0.968,0.96,0.966,0.006,0.625,4605.42,444.09
512670.SH,20190919,1.071,1.07,1.09,1.07,1.089,0.018,1.6807,166896.74,18036.245
159973.SZ,20190919,1.066,1.012,1.085,0.997,1.076,0.01,0.9381,432.0,45.34
501081.SH,20190919,0.958,0.955,0.964,0.953,0.957,-0.001,-0.1044,6876.29,658.376
512190.SH,20190919,1.026,1.023,1.033,1.021,1.033,0.007,0.6823,22333.31,2293.042
515300.SH,20190919,1.012,1.012,1.013,1.006,1.011,-0.001,-0.0988,1585721.06,160079.071
515000.SH,20190919,1.164,1.167,1.188,1.167,1.188,0.024,2.0619,5988876.0,705555.695
501086.SH,20190919,0.998,0.994,0.998,0.994,0.998,0.0,0.0,11406.97,1135.113
515880.SH,20190919,1.056,1.057,1.082,1.055,1.081,0.025,2.3674,2832896.55,302721.773
160105.SZ,20190919,0.978,0.97,0.97,0.959,0.968,-0.01,-1.0225,163.0,15.652
163801.SZ,20190919,1.371,1.372,1.388,1.372,1.38,0.009,0.6565,460.0,63.742
160505.SZ,20190919,1.684,1.689,1.691,1.683,1.688,0.004,0.2375,8904.44,1501.228
510050.SH,20190919,3.003,3.011,3.015,2.989,3.007,0.004,0.1332,3941838.55,1182882.19
162703.SZ,20190919,1.725,1.723,1.745,1.723,1.744,0.019,1.1014,16409.53,2850.059
162605.SZ,20190919,1.701,1.702,1.71,1.69,1.705,0.004,0.2352,29629.84,5034.708
161607.SZ,20190919,1.29,1.286,1.297,1.283,1.285,-0.005,-0.3876,24.0,3.105
160106.SZ,20190919,1.062,1.064,1.065,1.056,1.065,0.003,0.2825,2803.0,297.368
161903.SZ,20190919,1.15,1.154,1.168,1.149,1.168,0.018,1.5652,5992.5,692.97
160706.SZ,20190919,1.127,1.128,1.133,1.126,1.132,0.005,0.4437,18982.2,2143.54
163302.SZ,20190919,1.081,1.087,1.087,1.08,1.081,0.0,0.0,278.39,30.15
161005.SZ,20190919,2.287,2.292,2.308,2.288,2.298,0.011,0.481,15122.44,3469.72
163402.SZ,20190919,0.786,0.785,0.793,0.785,0.793,0.007,0.8906,110189.86,8718.091
161706.SZ,20190919,1.873,1.882,1.883,1.87,1.88,0.007,0.3737,2749.97,516.87
163503.SZ,20190919,0.47,0.473,0.473,0.464,0.468,-0.002,-0.4255,10777.47,503.584
162607.SZ,20190919,0.556,0.555,0.563,0.555,0.563,0.007,1.259,4505.0,251.669
159901.SZ,20190919,4.77,4.79,4.817,4.768,4.815,0.045,0.9434,323562.93,155118.195
510180.SH,20190919,3.566,3.569,3.576,3.553,3.575,0.009,0.2524,304086.0,108363.49
162207.SZ,20190919,1.409,1.404,1.407,1.404,1.407,-0.002,-0.1419,981.47,138.072
159902.SZ,20190919,3.021,3.029,3.059,3.021,3.058,0.037,1.2248,96307.0,29271.687
160607.SZ,20190919,0.761,0.76,0.762,0.759,0.762,0.001,0.1314,2135.12,162.509
510880.SH,20190919,2.843,2.842,2.846,2.834,2.846,0.003,0.1055,29348.76,8337.154
160610.SZ,20190919,0.997,0.99,0.993,0.988,0.993,-0.004,-0.4012,987.71,97.771
166001.SZ,20190919,1.272,1.276,1.282,1.276,1.281,0.009,0.7075,656.0,84.039
160611.SZ,20190919,0.943,0.939,0.943,0.939,0.943,0.0,0.0,270.46,25.482
160314.SZ,20190919,1.02,1.01,1.027,1.01,1.027,0.007,0.6863,1280.43,129.99
160613.SZ,20190919,1.482,1.47,1.491,1.47,1.491,0.009,0.6073,811.09,119.232
161010.SZ,20190919,1.105,1.108,1.108,1.102,1.103,-0.002,-0.181,893.0,98.515
160615.SZ,20190919,1.671,1.669,1.835,1.661,1.672,0.001,0.0598,360.0,62.101
161810.SZ,20190919,1.98,1.99,2.0,1.981,2.0,0.02,1.0101,13659.93,2717.229
510060.SH,20190919,1.872,1.899,1.909,1.865,1.902,0.03,1.6026,222.0,41.898
160119.SZ,20190919,1.305,1.302,1.318,1.302,1.317,0.012,0.9195,14356.6,1880.094
510010.SH,20190919,1.177,1.177,1.186,1.177,1.186,0.009,0.7647,768.0,91.083
162307.SZ,20190919,1.25,1.315,1.315,1.192,1.277,0.027,2.16,71.0,8.616
165309.SZ,20190919,1.26,1.26,1.26,1.259,1.259,-0.001,-0.0794,102.0,12.842
160211.SZ,20190919,2.309,2.315,2.344,2.31,2.344,0.035,1.5158,1221.19,283.877
162711.SZ,20190919,1.125,1.122,1.128,1.122,1.128,0.003,0.2667,1079.99,121.718
150008.SZ,20190919,1.175,1.176,1.177,1.175,1.177,0.002,0.1702,1183.0,139.126
150009.SZ,20190919,1.403,1.41,1.41,1.41,1.41,0.007,0.4989,50.0,7.05
159903.SZ,20190919,1.073,1.072,1.085,1.068,1.085,0.012,1.1184,8056.29,867.981
166006.SZ,20190919,1.239,1.237,1.246,1.237,1.246,0.007,0.565,310.0,38.574
510020.SH,20190919,2.835,2.945,2.945,2.831,2.831,-0.004,-0.1411,203.33,57.698
160716.SZ,20190919,1.595,1.595,1.602,1.586,1.588,-0.007,-0.4389,3889.2,617.674
160616.SZ,20190919,1.157,1.16,1.161,1.153,1.153,-0.004,-0.3457,227.73,26.266
163001.SZ,20190919,1.063,1.07,1.07,1.064,1.065,0.002,0.1881,25.0,2.662
510030.SH,20190919,5.269,5.272,5.272,5.236,5.252,-0.017,-0.3226,242.16,126.993
510090.SH,20190919,1.917,1.805,1.915,1.805,1.832,-0.085,-4.434,61.0,11.588
150016.SZ,20190919,1.0,0.987,0.987,0.987,0.987,-0.013,-1.3,4.03,0.397
150017.SZ,20190919,1.182,1.167,1.185,1.167,1.185,0.003,0.2538,386.05,45.172
150013.SZ,20190919,1.083,1.06,1.083,1.06,1.082,-0.001,-0.0923,182.0,19.296
150018.SZ,20190919,1.02,1.019,1.022,1.019,1.019,-0.001,-0.098,151095.13,15421.362
150019.SZ,20190919,0.948,0.953,0.964,0.943,0.963,0.015,1.5823,1332215.39,127147.651
161713.SZ,20190919,1.027,1.028,1.028,1.026,1.026,-0.001,-0.0974,41.01,4.215
510070.SH,20190919,1.77,1.783,1.783,1.781,1.782,0.012,0.678,4005.71,713.69
160215.SZ,20190919,1.472,1.466,1.481,1.46,1.481,0.009,0.6114,2565.82,377.449
510160.SH,20190919,0.568,0.57,0.57,0.566,0.569,0.001,0.1761,5717.0,324.283
510110.SH,20190919,3.857,3.836,3.838,3.836,3.838,-0.019,-0.4926,132.0,50.66
160717.SZ,20190919,0.836,0.834,0.834,0.826,0.826,-0.01,-1.1962,57.0,4.713
163407.SZ,20190919,2.011,2.011,2.021,2.003,2.013,0.002,0.0995,3180.04,639.541
159905.SZ,20190919,1.912,1.913,1.923,1.907,1.923,0.011,0.5753,222059.12,42529.837
510190.SH,20190919,3.395,3.332,3.6,3.332,3.48,0.085,2.5037,816.0,278.627
150022.SZ,20190919,0.828,0.829,0.833,0.825,0.833,0.005,0.6039,137449.64,11394.974
150023.SZ,20190919,0.257,0.258,0.262,0.254,0.262,0.005,1.9455,587031.45,15100.578
510170.SH,20190919,1.664,1.64,1.658,1.64,1.646,-0.018,-1.0817,126.0,20.787
161815.SZ,20190919,0.494,0.491,0.491,0.491,0.491,-0.003,-0.6073,1047.0,51.407
160617.SZ,20190919,1.093,1.093,1.093,1.093,1.093,0.0,0.0,8.0,0.874
510150.SH,20190919,5.289,5.304,5.34,5.294,5.331,0.042,0.7941,14497.0,7705.816
165510.SZ,20190919,0.744,0.738,0.738,0.738,0.738,-0.006,-0.8065,1.0,0.073
161213.SZ,20190919,1.679,1.686,1.686,1.679,1.682,0.003,0.1787,4.0,0.673
159906.SZ,20190919,0.891,0.896,0.909,0.892,0.904,0.013,1.459,1007.0,90.666
510220.SH,20190919,4.064,4.025,4.094,4.025,4.037,-0.027,-0.6644,193.0,77.932
510210.SH,20190919,3.774,3.774,3.785,3.762,3.784,0.01,0.265,12406.0,4684.874
150028.SZ,20190919,1.009,1.009,1.009,1.009,1.009,0.0,0.0,5255.0,530.229
150029.SZ,20190919,1.159,1.2,1.23,1.143,1.177,0.018,1.5531,431.92,50.822
164808.SZ,20190919,1.088,1.078,1.078,1.078,1.078,-0.01,-0.9191,2.01,0.216
161907.SZ,20190919,1.68,1.68,1.68,1.679,1.679,-0.001,-0.0595,7.0,1.175
150031.SZ,20190919,1.011,0.971,1.001,0.971,1.001,-0.01,-0.9891,1.98,0.195
150030.SZ,20190919,1.019,1.02,1.02,1.02,1.02,0.001,0.0981,0.82,0.083
150032.SZ,20190919,1.006,1.007,1.008,1.007,1.008,0.002,0.1988,898.62,90.574
150033.SZ,20190919,0.875,0.875,0.879,0.875,0.879,0.004,0.4571,172.08,15.123
161216.SZ,20190919,1.173,1.16,1.167,1.16,1.167,-0.006,-0.5115,200.0,23.27
510230.SH,20190919,5.781,5.78,5.799,5.75,5.777,-0.004,-0.0692,40192.0,23197.514
161116.SZ,20190919,0.817,0.817,0.817,0.809,0.814,-0.003,-0.3672,15072.38,1225.429
510120.SH,20190919,3.064,3.064,3.065,3.064,3.065,0.001,0.0326,88.17,27.017
150036.SZ,20190919,1.016,1.043,1.043,1.02,1.021,0.005,0.4921,157.0,16.02
150037.SZ,20190919,1.839,1.859,1.864,1.859,1.864,0.025,1.3594,1.05,0.195
163409.SZ,20190919,1.809,1.844,1.844,1.844,1.844,0.035,1.9348,1.0,0.184
160512.SZ,20190919,1.869,1.873,1.875,1.873,1.875,0.006,0.321,75.0,14.048
159908.SZ,20190919,1.448,1.449,1.473,1.448,1.473,0.025,1.7265,10073.0,1470.0
159907.SZ,20190919,1.249,1.246,1.256,1.246,1.256,0.007,0.5604,1784.0,223.606
165311.SZ,20190919,1.343,1.305,1.305,1.305,1.305,-0.038,-2.8295,5.0,0.652
163110.SZ,20190919,1.7,1.7,1.705,1.7,1.705,0.005,0.2941,11.0,1.87
159909.SZ,20190919,4.76,4.762,4.855,4.762,4.853,0.093,1.9538,15192.0,7316.709
510270.SH,20190919,1.129,1.13,1.13,1.129,1.13,0.001,0.0886,881.0,99.522
161217.SZ,20190919,0.631,0.623,0.632,0.62,0.632,0.001,0.1585,409.0,25.501
165512.SZ,20190919,2.194,2.385,2.385,2.385,2.385,0.191,8.7056,1.0,0.238
159910.SZ,20190919,1.85,1.87,1.872,1.849,1.862,0.012,0.6486,2174.0,403.431
160719.SZ,20190919,0.837,0.837,0.837,0.832,0.833,-0.004,-0.4779,1777.0,148.091
164701.SZ,20190919,0.712,0.71,0.71,0.707,0.709,-0.003,-0.4213,163.0,11.542
160415.SZ,20190919,1.215,1.214,1.214,1.214,1.214,-0.001,-0.0823,11.86,1.439
159915.SZ,20190919,1.617,1.62,1.646,1.612,1.642,0.025,1.5461,4658412.38,758063.9
159916.SZ,20190919,4.207,4.238,4.238,4.152,4.182,-0.025,-0.5942,407.0,170.589
159912.SZ,20190919,1.296,1.293,1.311,1.293,1.311,0.015,1.1574,448.0,58.399
510290.SH,20190919,1.455,1.452,1.469,1.452,1.468,0.013,0.8935,1186.0,173.181
160125.SZ,20190919,1.097,1.098,1.098,1.08,1.095,-0.002,-0.1823,126.0,13.669
159913.SZ,20190919,1.932,1.934,1.939,1.9,1.939,0.007,0.3623,478.0,91.946
163208.SZ,20190919,0.8,0.795,0.798,0.79,0.797,-0.003,-0.375,658.0,52.206
161017.SZ,20190919,1.834,1.835,1.86,1.833,1.86,0.026,1.4177,25958.06,4791.225
162411.SZ,20190919,0.429,0.427,0.427,0.423,0.423,-0.006,-1.3986,2050873.4,87142.822
150048.SZ,20190919,1.365,1.319,1.368,1.319,1.366,0.001,0.0733,330.0,44.897
150053.SZ,20190919,1.02,1.021,1.021,1.021,1.021,0.001,0.098,988.05,100.879
150064.SZ,20190919,1.019,1.02,1.02,1.02,1.02,0.001,0.0981,19.0,1.938
150065.SZ,20190919,0.734,0.771,0.8,0.771,0.8,0.066,8.9918,129.0,10.03
165513.SZ,20190919,0.408,0.408,0.408,0.403,0.406,-0.002,-0.4902,1019.0,41.368
161219.SZ,20190919,1.534,1.548,1.589,1.536,1.587,0.053,3.455,55.0,8.476
150051.SZ,20190919,1.014,1.015,1.016,1.015,1.015,0.001,0.0986,5889.0,597.734
150052.SZ,20190919,1.401,1.41,1.434,1.393,1.434,0.033,2.3555,57247.92,8085.588
150055.SZ,20190919,1.014,1.016,1.016,1.016,1.016,0.002,0.1972,100.0,10.16
163819.SZ,20190919,1.078,1.074,1.074,1.074,1.074,-0.004,-0.3711,3.0,0.322
150050.SZ,20190919,1.512,1.517,1.517,1.46,1.513,0.001,0.0661,186.0,27.597
159918.SZ,20190919,1.447,1.45,1.451,1.449,1.45,0.003,0.2073,67.0,9.715
160416.SZ,20190919,1.081,1.06,1.061,1.02,1.022,-0.059,-5.4579,21501.76,2210.875
163412.SZ,20190919,3.593,3.594,3.629,3.582,3.623,0.03,0.835,9264.74,3343.443
510410.SH,20190919,0.621,0.621,0.627,0.618,0.626,0.005,0.8052,20965.0,1306.273
160216.SZ,20190919,0.487,0.483,0.484,0.477,0.478,-0.009,-1.848,74198.0,3557.15
150084.SZ,20190919,1.393,1.532,1.532,1.532,1.532,0.139,9.9785,1.0,0.153
159919.SZ,20190919,3.957,3.961,3.978,3.951,3.978,0.021,0.5307,714862.75,283537.76
510300.SH,20190919,3.968,3.984,3.988,3.956,3.987,0.019,0.4788,2421778.03,962786.617
161019.SZ,20190919,1.077,1.076,1.08,1.075,1.075,-0.002,-0.1857,5047.0,542.593
160128.SZ,20190919,1.062,1.048,1.048,1.048,1.048,-0.014,-1.3183,0.01,0.001
164810.SZ,20190919,1.011,1.013,1.013,1.009,1.009,-0.002,-0.1978,214.0,21.612
150105.SZ,20190919,1.75,1.773,1.773,1.773,1.773,0.023,1.3143,1.0,0.177
161117.SZ,20190919,1.068,1.072,1.072,1.072,1.072,0.004,0.3745,193.0,20.689
164702.SZ,20190919,1.04,1.04,1.04,1.04,1.04,0.0,0.0,293.0,30.472
159920.SZ,20190919,1.492,1.497,1.498,1.472,1.474,-0.018,-1.2064,7619402.95,1128147.393
510900.SH,20190919,1.215,1.217,1.217,1.202,1.205,-0.01,-0.823,5455116.35,658588.86
161820.SZ,20190919,1.122,1.126,1.126,1.126,1.126,0.004,0.3565,20.0,2.252
160916.SZ,20190919,2.498,2.499,2.515,2.498,2.506,0.008,0.3203,3241.53,811.116
510440.SH,20190919,1.566,1.587,1.587,1.572,1.572,0.006,0.3831,79.0,12.423
150198.SZ,20190919,1.018,1.017,1.019,1.017,1.019,0.001,0.0982,947.18,96.442
150199.SZ,20190919,1.165,1.16,1.168,1.144,1.159,-0.006,-0.515,15476.65,1785.675
512300.SH,20190919,1.123,1.122,1.129,1.121,1.128,0.005,0.4452,995.0,111.989
511220.SH,20190919,97.312,97.448,97.45,97.312,97.398,0.086,0.0884,111.0,1080.727
150200.SZ,20190919,1.013,1.013,1.014,1.012,1.014,0.001,0.0987,227228.28,23016.906
150201.SZ,20190919,1.251,1.261,1.269,1.247,1.269,0.018,1.4388,2044371.14,257277.912
150205.SZ,20190919,1.015,1.015,1.016,1.015,1.016,0.001,0.0985,18627.0,1890.791
150206.SZ,20190919,0.602,0.608,0.625,0.602,0.624,0.022,3.6545,1007606.66,61776.086
159938.SZ,20190919,1.336,1.337,1.348,1.333,1.348,0.012,0.8982,167671.0,22484.178
150208.SZ,20190919,1.49,1.519,1.519,1.519,1.519,0.029,1.9463,1.0,0.151
160813.SZ,20190919,0.814,0.809,0.814,0.808,0.813,-0.001,-0.1229,821.54,66.815
150173.SZ,20190919,1.013,1.013,1.013,1.013,1.013,0.0,0.0,18.0,1.823
150174.SZ,20190919,1.268,1.268,1.362,1.268,1.35,0.082,6.4669,332.57,43.96
511810.SH,20190919,99.993,99.992,99.993,99.991,99.992,-0.001,-0.001,52353.87,523496.498
511860.SH,20190919,99.995,99.984,99.996,99.984,99.992,-0.003,-0.003,466.74,4667.026
150204.SZ,20190919,0.946,0.948,0.948,0.874,0.938,-0.008,-0.8457,490.98,45.309
150203.SZ,20190919,1.012,1.012,1.012,1.012,1.012,0.0,0.0,0.92,0.093
511800.SH,20190919,100.005,100.0,100.011,99.999,100.011,0.006,0.006,903.93,9039.822
150209.SZ,20190919,1.018,1.017,1.02,1.017,1.02,0.002,0.1965,1152.01,117.463
150210.SZ,20190919,0.733,0.733,0.739,0.729,0.738,0.005,0.6821,22025.72,1618.15
160618.SZ,20190919,1.321,1.321,1.322,1.32,1.321,0.0,0.0,13785.86,1820.959
513660.SH,20190919,2.598,2.599,2.599,2.563,2.567,-0.031,-1.1932,547.0,140.448
513600.SH,20190919,2.588,2.589,2.589,2.557,2.564,-0.024,-0.9274,9863.0,2539.335
159005.SZ,20190919,100.0,99.999,100.001,99.999,100.001,0.001,0.001,300.11,3001.096
159939.SZ,20190919,1.098,1.101,1.124,1.101,1.124,0.026,2.3679,566577.5,63075.316
169102.SZ,20190919,1.065,1.062,1.067,1.062,1.065,0.0,0.0,2846.91,302.664
160919.SZ,20190919,1.334,1.322,1.336,1.322,1.336,0.002,0.1499,1329.0,176.919
161222.SZ,20190919,1.243,1.242,1.245,1.242,1.245,0.002,0.1609,91.01,11.317
512990.SH,20190919,1.184,1.189,1.19,1.182,1.189,0.005,0.4223,94338.0,11193.88
159940.SZ,20190919,1.019,1.015,1.017,1.011,1.016,-0.003,-0.2944,2163.08,219.213
150213.SZ,20190919,1.019,1.021,1.021,1.02,1.021,0.002,0.1963,496.0,50.601
150214.SZ,20190919,1.245,1.281,1.301,1.281,1.301,0.056,4.498,253.78,32.656
150215.SZ,20190919,1.031,1.016,1.029,1.016,1.029,-0.002,-0.194,19.46,1.979
150216.SZ,20190919,1.015,1.006,1.049,1.006,1.049,0.034,3.3498,2734.83,281.164
161716.SZ,20190919,1.268,1.268,1.268,1.267,1.268,0.0,0.0,5632.07,713.748
150135.SZ,20190919,1.027,1.038,1.038,1.038,1.038,0.011,1.0711,188.83,19.6
150217.SZ,20190919,1.008,1.011,1.011,1.011,1.011,0.003,0.2976,225.0,22.747
150218.SZ,20190919,0.93,0.85,0.942,0.85,0.918,-0.012,-1.2903,417.81,38.044
150211.SZ,20190919,1.023,1.024,1.025,1.024,1.025,0.002,0.1955,505.0,51.712
150212.SZ,20190919,0.968,0.956,0.987,0.951,0.987,0.019,1.9628,4819.68,470.249
150223.SZ,20190919,1.035,1.035,1.036,1.034,1.036,0.001,0.0966,77208.12,7994.976
150224.SZ,20190919,0.949,0.952,0.97,0.949,0.968,0.019,2.0021,340068.12,32564.662
161224.SZ,20190919,1.025,1.047,1.047,0.996,1.043,0.018,1.7561,7.0,0.726
150196.SZ,20190919,1.032,1.032,1.034,1.032,1.033,0.001,0.0969,33360.99,3446.026
150197.SZ,20190919,0.529,0.529,0.539,0.525,0.538,0.009,1.7013,710789.77,37844.861
150221.SZ,20190919,1.065,1.065,1.065,1.063,1.065,0.0,0.0,26170.0,2784.004
150222.SZ,20190919,1.067,1.067,1.091,1.067,1.091,0.024,2.2493,13779.09,1486.836
512310.SH,20190919,0.484,0.484,0.489,0.484,0.487,0.003,0.6198,2820.0,136.878
502048.SH,20190919,0.97,0.97,0.974,0.964,0.968,-0.002,-0.2062,349.63,33.893
502049.SH,20190919,0.999,0.998,1.0,0.998,0.999,0.0,0.0,6070.5,606.738
502050.SH,20190919,0.941,0.944,0.946,0.931,0.94,-0.001,-0.1063,60205.92,5656.78
512340.SH,20190919,0.739,0.733,0.737,0.732,0.737,-0.002,-0.2706,664.0,48.673
169104.SZ,20190919,1.335,1.335,1.342,1.33,1.342,0.007,0.5243,774.0,103.35
512660.SH,20190919,0.811,0.811,0.825,0.811,0.825,0.014,1.7263,1859149.43,151859.889
511910.SH,20190919,99.996,99.996,99.996,99.996,99.996,0.0,0.0,3.0,29.999
512880.SH,20190919,0.987,0.991,0.995,0.983,0.994,0.007,0.7092,4647516.04,459848.306
167001.SZ,20190919,0.743,0.742,0.749,0.742,0.749,0.006,0.8075,171.44,12.739
161834.SZ,20190919,0.798,0.796,0.798,0.794,0.798,0.0,0.0,2908.51,231.339
160520.SZ,20190919,1.047,1.047,1.047,1.047,1.047,0.0,0.0,2.0,0.209
163003.SZ,20190919,0.655,0.645,0.645,0.645,0.645,-0.01,-1.5267,0.02,0.001
160225.SZ,20190919,0.793,0.78,0.798,0.78,0.798,0.005,0.6305,836.0,66.422
511970.SH,20190919,99.931,99.931,99.931,99.931,99.931,0.0,0.0,0.01,0.1
168103.SZ,20190919,0.837,0.836,0.842,0.834,0.842,0.005,0.5974,49799.81,4171.135
512810.SH,20190919,0.778,0.781,0.789,0.779,0.789,0.011,1.4139,21151.0,1658.42
510810.SH,20190919,0.95,0.955,0.957,0.945,0.95,0.0,0.0,74720.6,7086.244
160522.SZ,20190919,1.022,1.01,1.01,1.009,1.01,-0.012,-1.1742,50.0,5.046
160635.SZ,20190919,1.025,1.019,1.026,1.019,1.026,0.001,0.0976,1042.0,106.635
164403.SZ,20190919,1.259,1.26,1.28,1.26,1.264,0.005,0.3971,72.7,9.164
169105.SZ,20190919,1.395,1.394,1.396,1.387,1.395,0.0,0.0,39077.11,5437.532
512680.SH,20190919,0.817,0.817,0.828,0.815,0.828,0.011,1.3464,23313.0,1918.37
512000.SH,20190919,0.939,0.944,0.945,0.936,0.944,0.005,0.5325,1806725.86,170070.478
165525.SZ,20190919,0.767,0.765,0.767,0.762,0.765,-0.002,-0.2608,7344.62,560.703
160421.SZ,20190919,1.209,1.219,1.219,1.203,1.208,-0.001,-0.0827,3577.84,430.645
501026.SH,20190919,0.855,0.857,0.858,0.857,0.857,0.002,0.2339,601.52,51.58
511660.SH,20190919,99.994,99.994,99.995,99.99,99.991,-0.003,-0.003,66658.46,666535.07
168105.SZ,20190919,0.849,0.841,0.849,0.841,0.849,0.0,0.0,10880.06,921.097
512100.SH,20190919,0.697,0.696,0.704,0.693,0.703,0.006,0.8608,175290.0,12233.496
501022.SH,20190919,0.992,0.992,0.999,0.992,0.993,0.001,0.1008,445.09,44.413
501023.SH,20190919,1.069,1.045,1.067,1.033,1.067,-0.002,-0.1871,514.0,53.112
511600.SH,20190919,99.994,99.992,99.994,99.991,99.993,-0.001,-0.001,781.02,7809.646
160722.SZ,20190919,1.148,1.133,1.133,1.133,1.133,-0.015,-1.3066,28.0,3.172
511690.SH,20190919,99.992,99.992,99.994,99.991,99.992,0.0,0.0,10946.38,109455.26
511700.SH,20190919,100.0,99.999,100.0,99.994,99.997,-0.003,-0.003,352.76,3527.529
501050.SH,20190919,1.313,1.313,1.315,1.304,1.309,-0.004,-0.3046,15295.61,2001.937
160223.SZ,20190919,0.803,0.8,0.808,0.8,0.807,0.004,0.4981,424.0,34.15
164814.SZ,20190919,1.088,1.088,1.088,1.088,1.088,0.0,0.0,86.0,9.356
161035.SZ,20190919,1.163,1.186,1.186,1.167,1.179,0.016,1.3758,214.0,24.994
501025.SH,20190919,1.06,1.047,1.068,1.038,1.038,-0.022,-2.0755,675.0,70.655
160322.SZ,20190919,1.059,1.059,1.059,1.058,1.058,-0.001,-0.0944,6.0,0.635
501028.SH,20190919,0.947,0.947,0.953,0.946,0.953,0.006,0.6336,2452.57,232.853
169201.SZ,20190919,1.124,1.119,1.119,1.119,1.119,-0.005,-0.4448,1.0,0.111
168106.SZ,20190919,0.95,0.906,0.947,0.906,0.947,-0.003,-0.3158,21.0,1.906
160922.SZ,20190919,0.995,0.995,0.995,0.995,0.995,0.0,0.0,46.0,4.577
164703.SZ,20190919,0.885,0.884,0.884,0.884,0.884,-0.001,-0.113,25.0,2.21
501300.SH,20190919,1.064,1.064,1.067,1.064,1.066,0.002,0.188,2579.0,274.888
161126.SZ,20190919,1.301,1.298,1.306,1.296,1.296,-0.005,-0.3843,277.0,35.956
161125.SZ,20190919,1.334,1.349,1.349,1.345,1.345,0.011,0.8246,34.0,4.577
168301.SZ,20190919,1.061,1.061,1.069,1.061,1.069,0.008,0.754,300.03,31.913
161127.SZ,20190919,1.26,1.247,1.256,1.247,1.249,-0.011,-0.873,191.14,23.88
161128.SZ,20190919,1.644,1.639,1.643,1.632,1.637,-0.007,-0.4258,188.0,30.764
161129.SZ,20190919,1.134,1.125,1.129,1.118,1.127,-0.007,-0.6173,7506.76,842.417
501029.SH,20190919,0.944,0.944,0.951,0.942,0.949,0.005,0.5297,72259.33,6832.646
160140.SZ,20190919,1.226,1.22,1.221,1.192,1.202,-0.024,-1.9576,1638.65,197.059
501046.SH,20190919,1.316,1.317,1.338,1.317,1.335,0.019,1.4438,15204.04,2019.386
510380.SH,20190919,1.006,1.002,1.008,1.001,1.008,0.002,0.1988,2758.0,276.386
166024.SZ,20190919,0.903,0.904,0.905,0.902,0.905,0.002,0.2215,3225.0,291.458
501047.SH,20190919,1.023,0.991,1.0,0.99,1.0,-0.023,-2.2483,110.0,10.991
501048.SH,20190919,1.007,1.0,1.016,1.0,1.003,-0.004,-0.3972,1307.72,131.589
159957.SZ,20190919,0.997,1.0,1.016,0.995,1.006,0.009,0.9027,9183.01,917.716
501106.SH,20190919,1.14,1.136,1.136,1.136,1.136,-0.004,-0.3509,36.0,4.09
501049.SH,20190919,1.007,1.007,1.008,1.001,1.008,0.001,0.0993,23713.95,2384.087
501051.SH,20190919,1.119,1.109,1.119,1.109,1.117,-0.002,-0.1787,86.0,9.604
501305.SH,20190919,0.884,0.885,0.891,0.88,0.881,-0.003,-0.3394,78.0,6.881
159958.SZ,20190919,0.977,0.977,0.993,0.976,0.993,0.016,1.6377,22430.12,2205.172
510800.SH,20190919,1.08,1.085,1.085,1.074,1.083,0.003,0.2778,27016.0,2916.575
512980.SH,20190919,0.783,0.785,0.789,0.779,0.789,0.006,0.7663,103964.0,8150.933
159954.SZ,20190919,0.998,0.997,0.997,0.989,0.99,-0.008,-0.8016,20568.14,2040.881
510390.SH,20190919,4.045,4.052,4.065,4.034,4.065,0.02,0.4944,198721.78,80472.846
501053.SH,20190919,1.043,1.03,1.03,1.03,1.03,-0.013,-1.2464,20.0,2.06
161014.SZ,20190919,1.203,1.203,1.205,1.203,1.204,0.001,0.0831,2501.0,301.084
163417.SZ,20190919,1.067,1.069,1.071,1.065,1.069,0.002,0.1874,462275.84,49359.146
159956.SZ,20190919,0.95,0.961,0.967,0.961,0.967,0.017,1.7895,252.0,24.282
501054.SH,20190919,0.956,0.956,0.959,0.955,0.959,0.003,0.3138,38974.57,3728.041
162416.SZ,20190919,1.019,0.989,0.99,0.989,0.989,-0.03,-2.9441,550.12,54.407
510590.SH,20190919,5.265,5.262,5.319,5.26,5.315,0.05,0.9497,24378.5,12888.554
169106.SZ,20190919,1.017,1.017,1.017,1.012,1.013,-0.004,-0.3933,29827.44,3024.456
512160.SH,20190919,1.102,1.102,1.109,1.1,1.109,0.007,0.6352,382315.0,42220.042
512520.SH,20190919,1.084,1.087,1.091,1.083,1.087,0.003,0.2768,22395.02,2431.642
512180.SH,20190919,1.061,1.067,1.067,1.059,1.066,0.005,0.4713,36959.0,3930.252
512780.SH,20190919,0.767,0.767,0.77,0.761,0.77,0.003,0.3911,818.0,62.402
513900.SH,20190919,0.989,0.985,0.985,0.976,0.977,-0.012,-1.2133,7085.0,694.229
512280.SH,20190919,1.062,1.065,1.067,1.06,1.067,0.005,0.4708,559228.81,59448.486
501057.SH,20190919,0.888,0.888,0.889,0.869,0.889,0.001,0.1126,534.0,46.875
501058.SH,20190919,0.862,0.877,0.89,0.877,0.89,0.028,3.2483,4.0,0.352
512090.SH,20190919,1.092,1.093,1.096,1.089,1.096,0.004,0.3663,501010.0,54753.505
512360.SH,20190919,1.108,1.104,1.11,1.104,1.11,0.002,0.1805,314.0,34.668
161039.SZ,20190919,1.123,1.123,1.135,1.123,1.135,0.012,1.0686,105.0,11.797
512770.SH,20190919,1.072,1.072,1.083,1.072,1.083,0.011,1.0261,2512.0,270.352
164824.SZ,20190919,0.953,0.952,0.952,0.933,0.942,-0.011,-1.1542,1308.86,122.973
512390.SH,20190919,1.061,1.058,1.058,1.058,1.058,-0.003,-0.2828,10.0,1.058
161131.SZ,20190919,1.04,1.039,1.04,1.037,1.039,-0.001,-0.0962,250603.58,26018.14
161728.SZ,20190919,1.03,1.03,1.031,1.029,1.03,0.0,0.0,117433.3,12095.734
501186.SH,20190919,1.041,1.04,1.041,1.039,1.039,-0.002,-0.1921,112558.46,11702.827
501188.SH,20190919,1.045,1.045,1.046,1.044,1.045,0.0,0.0,347157.99,36273.536
501189.SH,20190919,1.017,1.017,1.018,1.015,1.017,0.0,0.0,114480.11,11634.732
160142.SZ,20190919,1.05,1.049,1.05,1.048,1.049,-0.001,-0.0952,102545.04,10754.584
510600.SH,20190919,3.027,3.021,3.032,3.011,3.026,-0.001,-0.033,28575.38,8636.802
511270.SH,20190919,101.9,101.8,101.9,101.77,101.789,-0.111,-0.1089,481.0,4898.283
160726.SZ,20190919,1.186,1.186,1.196,1.182,1.193,0.007,0.5902,6491.52,771.865
512850.SH,20190919,1.085,1.087,1.097,1.081,1.095,0.01,0.9217,240213.36,26270.999
512820.SH,20190919,1.096,1.096,1.096,1.096,1.096,0.0,0.0,120.0,13.152
501060.SH,20190919,1.226,1.224,1.224,1.219,1.219,-0.007,-0.571,65.93,8.051
501061.SH,20190919,1.22,1.209,1.209,1.209,1.209,-0.011,-0.9016,10.0,1.209
501062.SH,20190919,1.007,1.005,1.007,1.001,1.006,-0.001,-0.0993,83392.06,8365.829
512860.SH,20190919,1.252,1.25,1.254,1.249,1.253,0.001,0.0799,13140.0,1644.189
501309.SH,20190919,1.021,1.006,1.029,0.982,1.028,0.007,0.6856,1690.25,167.157
501310.SH,20190919,0.984,0.984,0.984,0.975,0.98,-0.004,-0.4065,1920.0,188.205
512960.SH,20190919,1.011,1.012,1.016,1.007,1.016,0.005,0.4946,212902.1,21572.686
501007.SH,20190919,1.008,0.995,1.002,0.995,1.002,-0.006,-0.5952,87.0,8.669
501008.SH,20190919,0.978,0.99,0.997,0.989,0.997,0.019,1.9427,293.0,29.123
501011.SH,20190919,0.79,0.79,0.807,0.784,0.785,-0.005,-0.6329,158.0,12.408
501012.SH,20190919,0.787,0.779,0.786,0.778,0.785,-0.002,-0.2541,42.02,3.289
501009.SH,20190919,1.271,1.272,1.28,1.272,1.275,0.004,0.3147,448.7,57.233
501030.SH,20190919,0.586,0.575,0.583,0.574,0.583,-0.003,-0.5119,131.98,7.609
501010.SH,20190919,1.296,1.291,1.295,1.28,1.294,-0.002,-0.1543,64.2,8.237
501031.SH,20190919,0.573,0.577,0.577,0.576,0.576,0.003,0.5236,35.0,2.019
513050.SH,20190919,1.253,1.257,1.259,1.252,1.256,0.003,0.2394,114425.0,14351.045
511650.SH,20190919,99.995,99.989,99.994,99.988,99.993,-0.002,-0.002,420.04,4200.039
161626.SZ,20190919,1.19,1.128,1.128,1.128,1.128,-0.062,-5.2101,2.0,0.225
501032.SH,20190919,0.738,0.733,0.742,0.733,0.742,0.004,0.542,2.0,0.148
512580.SH,20190919,0.751,0.753,0.759,0.749,0.759,0.008,1.0652,75033.0,5649.158
168108.SZ,20190919,1.06,1.15,1.15,1.15,1.15,0.09,8.4906,639.0,73.485
161233.SZ,20190919,1.038,1.104,1.104,1.102,1.103,0.065,6.262,20.0,2.205
161631.SZ,20190919,1.111,1.111,1.131,1.111,1.131,0.02,1.8002,31443.4,3524.643
162719.SZ,20190919,0.919,0.919,0.919,0.909,0.915,-0.004,-0.4353,1280.49,116.689
512900.SH,20190919,0.958,0.959,0.966,0.954,0.966,0.008,0.8351,55333.0,5316.438
161036.SZ,20190919,0.645,0.647,0.649,0.647,0.648,0.003,0.4651,105.02,6.795
167003.SZ,20190919,1.084,1.145,1.145,1.07,1.076,-0.008,-0.738,64.0,7.173
511770.SH,20190919,99.987,100.072,100.072,99.941,99.985,-0.002,-0.002,4.02,40.196
501019.SH,20190919,0.842,0.842,0.852,0.841,0.85,0.008,0.9501,9663.34,817.434
501301.SH,20190919,1.163,1.166,1.166,1.151,1.153,-0.01,-0.8598,2029.06,233.804
160723.SZ,20190919,1.191,1.189,1.189,1.17,1.17,-0.021,-1.7632,4994.0,585.881
159952.SZ,20190919,0.973,0.976,0.99,0.971,0.988,0.015,1.5416,390406.52,38310.389
501016.SH,20190919,1.045,1.045,1.053,1.038,1.051,0.006,0.5742,5669.0,593.346
161037.SZ,20190919,1.178,1.169,1.182,1.169,1.182,0.004,0.3396,1320.0,155.044
512550.SH,20190919,1.215,1.234,1.234,1.211,1.217,0.002,0.1646,75229.0,9145.144
160324.SZ,20190919,1.07,1.06,1.078,1.06,1.078,0.008,0.7477,360.0,38.44
159955.SZ,20190919,0.904,0.907,0.919,0.903,0.919,0.015,1.6593,9995.0,908.846
159953.SZ,20190919,0.75,0.742,0.757,0.742,0.757,0.007,0.9333,277.0,20.706
159951.SZ,20190919,0.822,0.811,0.828,0.807,0.828,0.006,0.7299,546.0,44.36
163111.SZ,20190919,0.964,0.963,0.969,0.961,0.969,0.005,0.5187,52.06,5.017
512200.SH,20190919,0.86,0.86,0.862,0.855,0.862,0.002,0.2326,16550.0,1419.854
512700.SH,20190919,1.139,1.141,1.141,1.135,1.138,-0.001,-0.0878,46916.0,5333.414
512800.SH,20190919,1.057,1.056,1.057,1.051,1.055,-0.002,-0.1892,344742.0,36340.404
161038.SZ,20190919,0.937,0.937,0.937,0.937,0.937,0.0,0.0,1.0,0.093
512400.SH,20190919,0.673,0.672,0.682,0.671,0.681,0.008,1.1887,90494.0,6122.618
512560.SH,20190919,0.877,0.887,0.889,0.876,0.889,0.012,1.3683,3390.0,299.986
512570.SH,20190919,0.939,0.94,0.95,0.937,0.946,0.007,0.7455,2734.0,257.707
161715.SZ,20190919,0.894,0.886,0.894,0.884,0.894,0.0,0.0,140.0,12.413
160924.SZ,20190919,0.996,1.008,1.02,1.001,1.011,0.015,1.506,134.0,13.539
501036.SH,20190919,0.825,0.835,0.835,0.826,0.835,0.01,1.2121,455.0,37.752
501037.SH,20190919,0.828,0.844,0.844,0.83,0.835,0.007,0.8454,38.0,3.189
501038.SH,20190919,1.16,1.165,1.165,1.15,1.159,-0.001,-0.0862,8459.94,977.031
511260.SH,20190919,107.841,107.839,107.901,107.788,107.799,-0.042,-0.0389,413.0,4452.505
511620.SH,20190919,100.196,100.574,100.7,100.03,100.03,-0.166,-0.1657,12.05,121.08
166023.SZ,20190919,1.22,1.201,1.222,1.201,1.221,0.001,0.082,625.0,76.209
511670.SH,20190919,100.001,99.995,99.999,99.995,99.997,-0.004,-0.004,297.5,2974.925
501040.SH,20190919,1.138,1.146,1.146,1.146,1.146,0.008,0.703,1.0,0.115
501043.SH,20190919,1.074,1.071,1.071,1.067,1.069,-0.005,-0.4655,3255.0,348.172
501045.SH,20190919,1.063,1.063,1.072,1.062,1.062,-0.001,-0.0941,520.0,55.293
150220.SZ,20190919,0.838,0.84,0.845,0.838,0.845,0.007,0.8353,8183.0,688.364
166011.SZ,20190919,1.375,1.386,1.387,1.37,1.37,-0.005,-0.3636,110.0,15.232
512500.SH,20190919,2.581,2.584,2.607,2.574,2.606,0.025,0.9686,603529.45,156286.134
150227.SZ,20190919,1.019,1.019,1.02,1.018,1.02,0.001,0.0981,61051.01,6224.861
150228.SZ,20190919,0.896,0.899,0.902,0.889,0.892,-0.004,-0.4464,392361.01,35014.53
512510.SH,20190919,1.124,1.125,1.136,1.122,1.136,0.012,1.0676,107621.0,12140.358
150230.SZ,20190919,1.395,1.419,1.419,1.329,1.364,-0.031,-2.2222,710.58,98.799
161225.SZ,20190919,1.335,1.34,1.34,1.34,1.34,0.005,0.3745,50.0,6.7
150231.SZ,20190919,0.992,0.993,0.993,0.992,0.993,0.001,0.1008,804.0,79.836
150232.SZ,20190919,1.113,1.119,1.147,1.117,1.145,0.032,2.8751,5441.6,618.494
150225.SZ,20190919,1.024,1.024,1.025,1.024,1.024,0.0,0.0,3019.0,309.147
150226.SZ,20190919,1.389,1.29,1.427,1.29,1.38,-0.009,-0.6479,71.82,9.708
150235.SZ,20190919,1.0,1.0,1.001,1.0,1.001,0.001,0.1,1522.4,152.309
150236.SZ,20190919,0.988,1.004,1.004,0.968,0.994,0.006,0.6073,5676.32,560.308
164906.SZ,20190919,1.235,1.235,1.245,1.23,1.236,0.001,0.081,1482.0,183.007
150248.SZ,20190919,0.93,0.988,0.988,0.889,0.916,-0.014,-1.5054,2253.44,203.383
150250.SZ,20190919,1.131,1.108,1.124,1.074,1.124,-0.007,-0.6189,289.0,31.553
510710.SH,20190919,3.294,3.3,3.303,3.278,3.293,-0.001,-0.0304,67278.46,22100.713
150252.SZ,20190919,0.765,0.762,0.771,0.761,0.771,0.006,0.7843,150.62,11.466
150265.SZ,20190919,1.031,1.028,1.036,1.028,1.029,-0.002,-0.194,0.58,0.06
150266.SZ,20190919,0.914,0.903,0.914,0.9,0.913,-0.001,-0.1094,44.14,4.025
150274.SZ,20190919,1.183,1.131,1.187,1.131,1.187,0.004,0.3381,1326.93,150.632
159943.SZ,20190919,10.576,10.572,10.663,10.572,10.663,0.087,0.8226,696.27,737.922
150261.SZ,20190919,1.036,1.037,1.037,1.035,1.036,0.0,0.0,1854.92,192.169
150262.SZ,20190919,1.078,1.08,1.118,1.08,1.111,0.033,3.0612,1997.92,219.468
166105.SZ,20190919,0.996,0.969,0.969,0.969,0.969,-0.027,-2.7108,47.0,4.554
502013.SH,20190919,1.117,1.116,1.12,1.115,1.119,0.002,0.1791,4233.73,472.875
502014.SH,20190919,1.023,1.024,1.024,1.024,1.024,0.001,0.0978,400.0,40.96
502015.SH,20190919,1.211,1.227,1.227,1.201,1.214,0.003,0.2477,390.93,47.164
502020.SH,20190919,1.07,1.07,1.07,1.07,1.07,0.0,0.0,8.0,0.856
502021.SH,20190919,1.02,1.019,1.019,1.019,1.019,-0.001,-0.098,6.0,0.611
150275.SZ,20190919,1.012,1.011,1.012,1.011,1.012,0.0,0.0,1815.0,183.576
150276.SZ,20190919,1.156,1.146,1.161,1.142,1.158,0.002,0.173,902.81,103.393
150269.SZ,20190919,0.989,0.987,0.989,0.987,0.988,-0.001,-0.1011,2606.0,257.476
150270.SZ,20190919,1.202,1.202,1.212,1.145,1.195,-0.007,-0.5824,171459.56,20237.644
150259.SZ,20190919,0.992,0.991,0.991,0.991,0.991,-0.001,-0.1008,9.38,0.929
150260.SZ,20190919,0.911,0.856,0.861,0.856,0.861,-0.05,-5.4885,240.53,20.704
150257.SZ,20190919,0.991,0.992,0.992,0.992,0.992,0.001,0.1009,346.0,34.323
150258.SZ,20190919,1.264,1.269,1.269,1.269,1.269,0.005,0.3956,30.0,3.807
150277.SZ,20190919,0.979,0.98,0.981,0.98,0.981,0.002,0.2043,1323.0,129.754
150278.SZ,20190919,0.719,0.713,0.762,0.713,0.753,0.034,4.7288,18.12,1.303
159941.SZ,20190919,1.78,1.782,1.782,1.762,1.778,-0.002,-0.1124,1424.0,252.909
150271.SZ,20190919,1.028,1.021,1.021,1.021,1.021,-0.007,-0.6809,200.0,20.42
150272.SZ,20190919,1.33,1.335,1.38,1.332,1.38,0.05,3.7594,410.0,54.72
150267.SZ,20190919,1.017,1.017,1.017,1.017,1.017,0.0,0.0,10.2,1.037
150268.SZ,20190919,1.073,1.099,1.099,1.099,1.099,0.026,2.4231,1.0,0.109
160806.SZ,20190919,1.373,1.359,1.39,1.359,1.387,0.014,1.0197,57.91,7.974
150282.SZ,20190919,0.719,0.708,0.748,0.708,0.72,0.001,0.1391,121.0,8.61
150293.SZ,20190919,1.032,1.034,1.034,1.034,1.034,0.002,0.1938,66.0,6.824
150294.SZ,20190919,0.475,0.48,0.513,0.48,0.482,0.007,1.4737,14.0,0.674
150243.SZ,20190919,1.013,1.013,1.015,1.013,1.015,0.002,0.1974,2453.0,248.875
150244.SZ,20190919,1.244,1.247,1.282,1.239,1.282,0.038,3.0547,3947.65,498.771
150287.SZ,20190919,1.036,1.036,1.036,1.035,1.036,0.0,0.0,796.0,82.436
150288.SZ,20190919,0.723,0.724,0.731,0.715,0.728,0.005,0.6916,23204.35,1673.969
150289.SZ,20190919,1.035,1.036,1.036,1.036,1.036,0.001,0.0966,100.0,10.36
150290.SZ,20190919,0.793,0.794,0.795,0.786,0.792,-0.001,-0.1261,17991.0,1421.305
150302.SZ,20190919,0.919,0.926,0.926,0.91,0.92,0.001,0.1088,1317.0,120.845
150299.SZ,20190919,1.035,1.035,1.037,1.035,1.037,0.002,0.1932,4430.0,458.926
150300.SZ,20190919,0.704,0.704,0.706,0.701,0.704,0.0,0.0,7181.0,504.915
150315.SZ,20190919,1.129,1.238,1.238,1.238,1.238,0.109,9.6546,1.0,0.123
150316.SZ,20190919,1.589,1.599,1.619,1.53,1.619,0.03,1.888,868.61,137.953
150291.SZ,20190919,1.034,1.035,1.036,1.035,1.036,0.002,0.1934,7813.33,808.705
150292.SZ,20190919,0.707,0.711,0.718,0.711,0.717,0.01,1.4144,197.0,14.091
150246.SZ,20190919,1.039,1.028,1.056,1.028,1.045,0.006,0.5775,423.0,43.658
150284.SZ,20190919,0.796,0.82,0.82,0.82,0.82,0.024,3.0151,1.0,0.082
150307.SZ,20190919,1.014,1.011,1.012,1.01,1.012,-0.002,-0.1972,201.81,20.383
150308.SZ,20190919,1.703,1.709,1.798,1.631,1.786,0.083,4.8738,96.0,17.117
502006.SH,20190919,1.008,1.005,1.01,1.005,1.01,0.002,0.1984,50.55,5.102
502008.SH,20190919,1.008,0.956,1.011,0.956,1.011,0.003,0.2976,376.13,37.449
150310.SZ,20190919,1.642,1.801,1.801,1.801,1.801,0.159,9.6833,3.0,0.54
501000.SH,20190919,1.0,0.988,0.99,0.988,0.99,-0.01,-1.0,36.0,3.559
150321.SZ,20190919,1.065,1.065,1.065,1.065,1.065,0.0,0.0,2543.0,270.829
501001.SH,20190919,1.073,1.076,1.087,1.074,1.087,0.014,1.3048,1735.0,186.38
512330.SH,20190919,0.926,0.927,0.944,0.923,0.944,0.018,1.9438,67193.0,6277.882
159945.SZ,20190919,0.65,0.647,0.653,0.632,0.653,0.003,0.4615,1153.0,74.069
159944.SZ,20190919,0.718,0.712,0.72,0.701,0.72,0.002,0.2786,797.01,56.891
150297.SZ,20190919,1.043,1.046,1.046,1.046,1.046,0.003,0.2876,2.0,0.209
150298.SZ,20190919,1.442,1.44,1.44,1.438,1.44,-0.002,-0.1387,174.53,25.127
502036.SH,20190919,0.949,0.959,0.959,0.94,0.945,-0.004,-0.4215,243.0,22.962
150318.SZ,20190919,0.924,1.016,1.016,1.016,1.016,0.092,9.9567,10.91,1.108
150328.SZ,20190919,0.616,0.58,0.58,0.58,0.58,-0.036,-5.8442,5.0,0.29
150326.SZ,20190919,1.015,0.921,0.921,0.921,0.921,-0.094,-9.2611,0.05,0.004
150323.SZ,20190919,1.03,1.029,1.029,0.99,1.029,-0.001,-0.0971,41.0,4.109
150324.SZ,20190919,0.61,0.67,0.67,0.58,0.67,0.06,9.8361,262.17,15.886
150336.SZ,20190919,0.815,0.843,0.843,0.772,0.815,0.0,0.0,319.0,25.4
502010.SH,20190919,1.075,1.077,1.083,1.072,1.083,0.008,0.7442,11947.6,1285.021
502012.SH,20190919,1.16,1.167,1.174,1.155,1.172,0.012,1.0345,32206.99,3751.461
502011.SH,20190919,0.988,0.989,0.989,0.988,0.988,0.0,0.0,5273.0,521.265
502003.SH,20190919,1.271,1.273,1.285,1.272,1.284,0.013,1.0228,824.97,105.616
502004.SH,20190919,0.99,0.986,0.99,0.986,0.99,0.0,0.0,1.53,0.151
502005.SH,20190919,1.558,1.523,1.583,1.523,1.583,0.025,1.6046,1138.0,178.449
168101.SZ,20190919,1.037,1.033,1.04,1.033,1.04,0.003,0.2893,6123.92,635.696
150303.SZ,20190919,1.034,1.042,1.042,1.036,1.042,0.008,0.7737,12135.01,1260.916
150304.SZ,20190919,1.12,1.132,1.154,1.116,1.154,0.034,3.0357,24582.86,2790.334
502023.SH,20190919,0.745,0.766,0.766,0.725,0.73,-0.015,-2.0134,327.44,24.662
502024.SH,20190919,0.982,0.98,0.98,0.98,0.98,-0.002,-0.2037,184.5,18.081
502025.SH,20190919,0.48,0.499,0.499,0.499,0.499,0.019,3.9583,200.0,9.98
150330.SZ,20190919,1.893,1.905,1.908,1.867,1.886,-0.007,-0.3698,8103.0,1529.925
184801.SZ,20190919,96.0,96.262,96.262,95.902,96.001,0.001,0.001,53.9,517.841
502040.SH,20190919,1.301,1.301,1.301,1.301,1.301,0.0,0.0,15.0,1.952
502056.SH,20190919,1.165,1.169,1.173,1.169,1.173,0.008,0.6867,19.08,2.234
502058.SH,20190919,1.237,1.3,1.3,1.3,1.3,0.063,5.093,2.0,0.26
511830.SH,20190919,99.993,99.986,99.994,99.986,99.994,0.001,0.001,89.04,890.345
