ts_code,trade_date,pre_close,open,high,low,close,change,pct_chg,vol,amount
512800.SH,20190612,1.053,1.05,1.053,1.044,1.05,-0.003,-0.2849,408558.0,42838.004
161038.SZ,20190612,0.875,0.879,0.879,0.879,0.879,0.004,0.4571,6.0,0.527
512400.SH,20190612,0.653,0.654,0.677,0.652,0.661,0.008,1.2251,334976.0,22295.847
512560.SH,20190612,0.786,0.786,0.79,0.781,0.781,-0.005,-0.6361,1116.0,87.48
512570.SH,20190612,0.877,0.873,0.875,0.863,0.868,-0.009,-1.0262,2890.0,250.882
161715.SZ,20190612,0.89,0.894,0.895,0.893,0.895,0.005,0.5618,167.73,14.991
160924.SZ,20190612,1.004,1.01,1.01,1.01,1.01,0.006,0.5976,11.0,1.111
501036.SH,20190612,0.797,0.797,0.797,0.792,0.794,-0.003,-0.3764,87.0,6.918
501037.SH,20190612,0.777,0.777,0.783,0.776,0.778,0.001,0.1287,1671.0,129.814
501038.SH,20190612,1.035,1.034,1.034,1.021,1.03,-0.005,-0.4831,6168.08,633.405
511260.SH,20190612,106.161,106.16,106.19,106.062,106.14,-0.021,-0.0198,299.1,3175.247
511620.SH,20190612,99.919,99.985,99.991,99.97,99.991,0.072,0.0721,21.03,210.279
511670.SH,20190612,99.999,99.999,100.002,99.995,100.002,0.003,0.003,749.01,7490.088
168002.SZ,20190612,1.041,1.041,1.041,1.041,1.041,0.0,0.0,1.0,0.104
501043.SH,20190612,1.001,1.014,1.014,0.983,0.998,-0.003,-0.2997,2415.0,241.018
501045.SH,20190612,1.0,1.008,1.008,0.989,0.999,-0.001,-0.1,204.0,20.481
160140.SZ,20190612,1.137,1.137,1.144,1.137,1.144,0.007,0.6157,93.0,10.637
501046.SH,20190612,0.947,0.915,0.946,0.915,0.94,-0.007,-0.7392,6454.08,608.876
510380.SH,20190612,0.924,0.924,0.935,0.916,0.935,0.011,1.1905,104.0,9.531
160644.SZ,20190612,0.83,0.84,0.84,0.83,0.83,0.0,0.0,3.0,0.251
166024.SZ,20190612,0.866,0.866,0.866,0.855,0.857,-0.009,-1.0393,15617.0,1340.421
501048.SH,20190612,0.936,0.93,0.944,0.93,0.941,0.005,0.5342,101.0,9.406
159957.SZ,20190612,0.879,0.875,0.879,0.87,0.87,-0.009,-1.0239,4685.0,409.363
501106.SH,20190612,1.106,1.11,1.11,1.11,1.11,0.004,0.3617,8.0,0.888
501049.SH,20190612,0.89,0.885,0.89,0.878,0.884,-0.006,-0.6742,3729.84,328.6
501051.SH,20190612,1.012,1.008,1.011,1.008,1.011,-0.001,-0.0988,19.0,1.92
501305.SH,20190612,0.905,0.915,0.916,0.915,0.915,0.01,1.105,208.0,19.052
159958.SZ,20190612,0.866,0.867,0.867,0.855,0.858,-0.008,-0.9238,26173.0,2245.664
510800.SH,20190612,0.997,0.995,0.995,0.986,0.989,-0.008,-0.8024,38112.0,3770.244
512980.SH,20190612,0.727,0.725,0.728,0.717,0.719,-0.008,-1.1004,41415.0,2989.863
159954.SZ,20190612,0.973,0.966,0.967,0.961,0.962,-0.011,-1.1305,964.0,93.037
510390.SH,20190612,3.8,3.824,3.824,3.76,3.767,-0.033,-0.8684,29807.0,11236.317
501053.SH,20190612,0.995,0.956,1.0,0.956,1.0,0.005,0.5025,20.43,2.027
161014.SZ,20190612,1.197,1.197,1.198,1.197,1.198,0.001,0.0835,5017.9,600.65
163417.SZ,20190612,0.961,0.962,0.962,0.954,0.958,-0.003,-0.3122,507361.52,48584.52
511310.SH,20190612,102.955,102.15,104.0,102.15,104.0,1.045,1.015,2.0,20.615
159956.SZ,20190612,0.844,0.79,0.859,0.79,0.841,-0.003,-0.3555,1311.0,106.64
501054.SH,20190612,0.87,0.868,0.868,0.863,0.866,-0.004,-0.4598,48209.02,4170.128
162416.SZ,20190612,1.052,1.033,1.033,1.033,1.033,-0.019,-1.8061,10.0,1.033
510590.SH,20190612,5.021,5.028,5.028,4.961,4.981,-0.04,-0.7967,56703.0,28271.369
150049.SZ,20190612,0.98,0.964,0.964,0.964,0.964,-0.016,-1.6327,41.0,3.952
150050.SZ,20190612,1.2,1.234,1.234,1.178,1.209,0.009,0.75,133.68,15.859
159918.SZ,20190612,1.309,1.287,1.308,1.287,1.308,-0.001,-0.0764,335.0,43.585
160416.SZ,20190612,0.992,0.992,0.995,0.988,0.988,-0.004,-0.4032,1029.0,101.902
163412.SZ,20190612,3.24,3.259,3.259,3.215,3.218,-0.022,-0.679,2829.83,912.369
510410.SH,20190612,0.62,0.619,0.636,0.613,0.626,0.006,0.9677,41669.0,2609.463
165516.SZ,20190612,1.926,1.913,1.923,1.909,1.923,-0.003,-0.1558,9.0,1.72
160216.SZ,20190612,0.448,0.442,0.442,0.437,0.438,-0.01,-2.2321,89991.32,3952.124
159919.SZ,20190612,3.715,3.716,3.72,3.682,3.69,-0.025,-0.6729,493448.4,182347.367
510300.SH,20190612,3.727,3.722,3.722,3.691,3.699,-0.028,-0.7513,2597249.0,961944.225
161019.SZ,20190612,1.046,1.048,1.048,1.048,1.048,0.002,0.1912,51.0,5.344
163821.SZ,20190612,1.287,1.286,1.286,1.283,1.283,-0.004,-0.3108,3.0,0.385
160128.SZ,20190612,1.047,1.045,1.045,1.045,1.045,-0.002,-0.191,44.0,4.598
164810.SZ,20190612,1.001,1.0,1.0,1.0,1.0,-0.001,-0.0999,1.0,0.1
159920.SZ,20190612,1.498,1.495,1.495,1.469,1.472,-0.026,-1.7356,3818348.19,564731.096
510900.SH,20190612,1.176,1.172,1.172,1.16,1.161,-0.015,-1.2755,6687035.11,779175.451
161820.SZ,20190612,1.118,1.117,1.119,1.117,1.119,0.001,0.0894,114.0,12.734
510430.SH,20190612,1.42,1.396,1.41,1.38,1.383,-0.037,-2.6056,58.0,8.066
160916.SZ,20190612,2.747,2.726,2.733,2.726,2.733,-0.014,-0.5096,501.99,136.94
150106.SZ,20190612,1.05,1.049,1.05,1.049,1.05,0.0,0.0,48811.51,5124.834
150107.SZ,20190612,0.618,0.613,0.619,0.601,0.603,-0.015,-2.4272,232496.25,14177.368
150100.SZ,20190612,0.987,0.987,0.987,0.987,0.987,0.0,0.0,4185.0,413.059
150101.SZ,20190612,1.043,1.047,1.047,1.047,1.047,0.004,0.3835,1.0,0.104
161119.SZ,20190612,1.361,1.361,1.361,1.361,1.361,0.0,0.0,10.0,1.361
166902.SZ,20190612,1.099,1.081,1.081,1.048,1.077,-0.022,-2.0018,109.0,11.756
163415.SZ,20190612,1.755,1.755,1.755,1.735,1.737,-0.018,-1.0256,1639.55,284.921
510330.SH,20190612,3.725,3.733,3.733,3.692,3.704,-0.021,-0.5638,717049.14,265840.16
511990.SH,20190612,100.002,99.998,100.008,99.998,100.007,0.005,0.005,774367.6,7743746.087
160720.SZ,20190612,1.137,1.136,1.136,1.136,1.136,-0.001,-0.088,19.0,2.158
159922.SZ,20190612,5.13,5.16,5.16,5.066,5.082,-0.048,-0.9357,65854.0,33590.658
510500.SH,20190612,5.28,5.265,5.281,5.211,5.224,-0.056,-1.0606,2319751.46,1216414.706
150117.SZ,20190612,1.011,1.009,1.011,1.009,1.011,0.0,0.0,3598.28,363.386
150118.SZ,20190612,1.085,1.067,1.078,1.057,1.068,-0.017,-1.5668,55257.85,5889.41
159923.SZ,20190612,1.64,1.644,1.644,1.621,1.628,-0.012,-0.7317,1034.0,168.241
510310.SH,20190612,1.62,1.623,1.623,1.607,1.61,-0.01,-0.6173,372078.0,60015.977
511010.SH,20190612,116.732,116.762,116.857,116.732,116.794,0.062,0.0531,8164.0,95363.894
160212.SZ,20190612,1.847,1.843,1.847,1.82,1.84,-0.007,-0.379,1219.02,224.567
510660.SH,20190612,1.554,1.558,1.563,1.546,1.553,-0.001,-0.0644,15245.0,2375.019
510650.SH,20190612,1.881,1.874,1.882,1.868,1.882,0.001,0.0532,546.0,102.268
510630.SH,20190612,2.794,2.809,2.809,2.758,2.762,-0.032,-1.1453,4014.0,1112.767
159925.SZ,20190612,1.59,1.585,1.585,1.573,1.577,-0.013,-0.8176,2953.87,466.108
150123.SZ,20190612,1.02,1.021,1.021,1.02,1.021,0.001,0.098,158.0,16.116
150124.SZ,20190612,0.668,0.661,0.669,0.661,0.668,0.0,0.0,3289.0,219.167
163210.SZ,20190612,1.008,1.008,1.011,1.008,1.01,0.002,0.1984,1424.42,143.806
510510.SH,20190612,1.399,1.399,1.402,1.381,1.384,-0.015,-1.0722,444460.0,61882.932
511880.SH,20190612,101.291,101.293,101.304,101.292,101.303,0.012,0.0118,586490.34,5940927.386
165313.SZ,20190612,1.346,1.339,1.341,1.333,1.339,-0.007,-0.5201,3057.05,408.442
159001.SZ,20190612,100.0,100.0,100.001,99.921,100.001,0.001,0.001,165130.08,1651300.571
161911.SZ,20190612,1.035,1.033,1.035,1.033,1.034,-0.001,-0.0966,6166.21,637.256
162715.SZ,20190612,1.114,1.113,1.113,1.113,1.113,-0.001,-0.0898,20.0,2.226
513100.SH,20190612,2.695,2.688,2.689,2.674,2.674,-0.021,-0.7792,270343.0,72493.475
159926.SZ,20190612,115.483,114.25,126.96,114.25,115.001,-0.482,-0.4174,7.0,82.962
159003.SZ,20190612,99.999,100.0,100.0,99.999,100.0,0.001,0.001,1465.39,14653.839
518880.SH,20190612,2.937,2.944,2.979,2.944,2.972,0.035,1.1917,3923670.38,1162103.194
518800.SH,20190612,2.916,2.916,2.956,2.916,2.948,0.032,1.0974,325900.0,95721.754
163824.SZ,20190612,1.052,1.056,1.056,1.056,1.056,0.004,0.3802,3.0,0.316
150146.SZ,20190612,1.085,1.097,1.097,1.097,1.097,0.012,1.106,2.0,0.219
166904.SZ,20190612,1.033,1.034,1.046,1.034,1.046,0.013,1.2585,210.0,21.954
150144.SZ,20190612,1.0,1.038,1.038,1.004,1.004,0.004,0.4,11.0,1.138
159929.SZ,20190612,1.337,1.333,1.337,1.326,1.328,-0.009,-0.6731,23160.0,3080.647
159928.SZ,20190612,2.825,2.819,2.822,2.788,2.792,-0.033,-1.1681,151915.53,42598.181
159930.SZ,20190612,0.724,0.719,0.728,0.719,0.728,0.004,0.5525,1786.0,129.463
159931.SZ,20190612,1.673,1.674,1.674,1.653,1.669,-0.004,-0.2391,683.0,114.151
150149.SZ,20190612,0.512,0.519,0.519,0.495,0.496,-0.016,-3.125,7273.0,363.896
160515.SZ,20190612,1.059,1.058,1.06,1.058,1.059,0.0,0.0,8995.0,952.479
150130.SZ,20190612,1.014,1.014,1.015,1.013,1.015,0.001,0.0986,62398.33,6327.505
150131.SZ,20190612,1.256,1.256,1.256,1.229,1.238,-0.018,-1.4331,160844.35,19914.605
150150.SZ,20190612,0.993,0.993,0.995,0.992,0.995,0.002,0.2014,5710.0,566.99
150151.SZ,20190612,0.719,0.76,0.785,0.751,0.755,0.036,5.007,4412.78,336.162
150152.SZ,20190612,0.997,0.996,0.997,0.996,0.997,0.0,0.0,213063.95,21239.875
150153.SZ,20190612,1.041,1.031,1.036,1.013,1.015,-0.026,-2.4976,1628556.5,166651.378
159932.SZ,20190612,1.33,1.309,1.328,1.309,1.328,-0.002,-0.1504,1159.0,152.125
512010.SH,20190612,1.535,1.532,1.532,1.519,1.526,-0.009,-0.5863,121686.0,18547.671
510680.SH,20190612,2.268,2.382,2.383,2.266,2.376,0.108,4.7619,10.0,2.335
160915.SZ,20190612,1.113,1.115,1.115,1.115,1.115,0.002,0.1797,10.0,1.115
160131.SZ,20190612,1.05,1.05,1.106,1.015,1.106,0.056,5.3333,40.0,4.226
159934.SZ,20190612,2.916,2.921,2.957,2.921,2.951,0.035,1.2003,708353.0,208434.049
513500.SH,20190612,1.858,1.855,1.855,1.847,1.847,-0.011,-0.592,826184.0,152903.818
512120.SH,20190612,1.32,1.32,1.32,1.309,1.315,-0.005,-0.3788,2168.0,284.732
150157.SZ,20190612,0.993,0.993,0.994,0.993,0.994,0.001,0.1007,13139.34,1305.969
150158.SZ,20190612,1.047,1.044,1.044,1.026,1.035,-0.012,-1.1461,5238.0,541.469
160220.SZ,20190612,1.177,1.17,1.17,1.17,1.17,-0.007,-0.5947,61.0,7.137
150168.SZ,20190612,0.734,0.75,0.75,0.75,0.75,0.016,2.1798,400.0,30.0
510520.SH,20190612,1.22,1.21,1.212,1.21,1.212,-0.008,-0.6557,130.0,15.742
164705.SZ,20190612,1.189,1.189,1.189,1.156,1.156,-0.033,-2.7754,14.31,1.697
150169.SZ,20190612,1.012,1.011,1.011,1.011,1.011,-0.001,-0.0988,131.0,13.244
150170.SZ,20190612,1.353,1.335,1.335,1.308,1.308,-0.045,-3.3259,30.0,3.963
150171.SZ,20190612,0.979,0.978,0.98,0.978,0.98,0.001,0.1021,9943.31,973.789
150172.SZ,20190612,1.385,1.395,1.395,1.34,1.346,-0.039,-2.8159,467752.49,63932.162
161831.SZ,20190612,0.963,0.958,0.958,0.953,0.954,-0.009,-0.9346,792.76,75.686
150175.SZ,20190612,0.999,0.999,0.999,0.998,0.998,-0.001,-0.1001,16932.0,1691.491
150176.SZ,20190612,0.929,0.935,0.935,0.91,0.912,-0.017,-1.8299,24223.16,2213.872
150181.SZ,20190612,0.989,0.988,0.99,0.988,0.989,0.0,0.0,39054.15,3861.85
150182.SZ,20190612,1.267,1.253,1.266,1.238,1.239,-0.028,-2.2099,176880.89,22132.024
150177.SZ,20190612,0.987,0.986,0.988,0.986,0.988,0.001,0.1013,5069.0,500.795
150178.SZ,20190612,1.346,1.342,1.344,1.303,1.331,-0.015,-1.1144,1276.33,168.535
150179.SZ,20190612,0.987,0.984,0.987,0.984,0.987,0.0,0.0,2401.67,237.008
150180.SZ,20190612,0.99,0.96,1.008,0.947,0.952,-0.038,-3.8384,1865.91,178.918
162006.SZ,20190612,1.02,1.022,1.028,1.022,1.028,0.008,0.7843,163.0,16.684
160910.SZ,20190612,0.98,1.0,1.0,1.0,1.0,0.02,2.0408,110.0,11.0
160805.SZ,20190612,0.696,0.695,0.695,0.695,0.695,-0.001,-0.1437,2.12,0.147
160311.SZ,20190612,1.517,1.517,1.519,1.507,1.513,-0.004,-0.2637,1215.0,184.212
161610.SZ,20190612,1.002,1.001,1.002,0.988,1.0,-0.002,-0.1996,5505.35,550.417
159961.SZ,20190612,1.26,1.264,1.264,1.244,1.247,-0.013,-1.0317,5826.0,727.523
512260.SH,20190612,1.157,1.155,1.159,1.143,1.147,-0.01,-0.8643,49248.0,5666.364
501067.SH,20190612,1.164,1.166,1.168,1.142,1.162,-0.002,-0.1718,152.0,17.73
501068.SH,20190612,1.135,1.157,1.16,1.157,1.16,0.025,2.2026,30.0,3.477
512870.SH,20190612,1.094,1.09,1.091,1.076,1.077,-0.017,-1.5539,34606.0,3746.046
510850.SH,20190612,2.812,2.82,2.82,2.787,2.794,-0.018,-0.6401,2072770.24,579014.019
510550.SH,20190612,1.135,1.135,1.138,1.125,1.128,-0.007,-0.6167,8439.0,955.36
501069.SH,20190612,0.996,0.996,1.0,0.99,0.992,-0.004,-0.4016,6704.0,666.074
513680.SH,20190612,0.937,0.94,0.94,0.935,0.935,-0.002,-0.2134,4.0,0.375
512150.SH,20190612,1.161,1.169,1.169,1.156,1.165,0.004,0.3445,6479.0,750.944
512890.SH,20190612,1.123,1.119,1.119,1.114,1.117,-0.006,-0.5343,17930.0,1998.21
159962.SZ,20190612,0.996,0.937,0.996,0.937,0.996,0.0,0.0,154.02,15.259
501311.SH,20190612,0.939,0.962,0.962,0.929,0.929,-0.01,-1.065,18.0,1.685
159963.SZ,20190612,0.96,0.948,0.952,0.946,0.949,-0.011,-1.1458,22560.22,2143.291
512270.SH,20190612,0.968,0.968,0.968,0.962,0.964,-0.004,-0.4132,10315.0,995.11
511030.SH,20190612,99.9,100.1,100.1,99.9,99.9,0.0,0.0,21.1,211.209
159965.SZ,20190612,0.965,0.968,0.968,0.955,0.96,-0.005,-0.5181,17082.04,1638.046
512380.SH,20190612,0.925,0.925,0.925,0.915,0.917,-0.008,-0.8649,231117.0,21239.965
512590.SH,20190612,0.989,0.98,0.991,0.98,0.987,-0.002,-0.2022,7418.0,732.853
160925.SZ,20190612,0.94,0.939,0.939,0.931,0.931,-0.009,-0.9574,145.01,13.603
159964.SZ,20190612,0.888,0.88,0.885,0.876,0.876,-0.012,-1.3514,678.0,59.656
512690.SH,20190612,0.981,0.975,0.982,0.964,0.969,-0.012,-1.2232,158733.0,15391.685
512290.SH,20190612,0.938,0.939,0.939,0.931,0.934,-0.004,-0.4264,182109.0,17003.263
166025.SZ,20190612,0.926,0.927,0.927,0.912,0.918,-0.008,-0.8639,5017.0,459.812
512760.SH,20190612,1.029,1.013,1.045,1.013,1.033,0.004,0.3887,1080141.0,110629.767
512480.SH,20190612,1.005,0.994,1.022,0.99,1.013,0.008,0.796,1346322.0,135273.233
160105.SZ,20190612,0.87,0.868,0.87,0.868,0.87,0.0,0.0,122.0,10.612
163801.SZ,20190612,1.174,1.177,1.184,1.177,1.184,0.01,0.8518,184.0,21.707
160505.SZ,20190612,1.535,1.528,1.534,1.523,1.524,-0.011,-0.7166,11106.0,1696.138
510050.SH,20190612,2.814,2.807,2.809,2.795,2.802,-0.012,-0.4264,5692177.24,1594933.404
162703.SZ,20190612,1.362,1.362,1.362,1.34,1.345,-0.017,-1.2482,1510.02,203.011
162605.SZ,20190612,1.613,1.61,1.614,1.598,1.602,-0.011,-0.682,51083.54,8200.066
161607.SZ,20190612,1.19,1.178,1.178,1.178,1.178,-0.012,-1.0084,31.0,3.651
160106.SZ,20190612,0.925,0.913,0.915,0.913,0.915,-0.01,-1.0811,101.0,9.241
161903.SZ,20190612,0.863,0.866,0.866,0.866,0.866,0.003,0.3476,39.0,3.377
160706.SZ,20190612,1.063,1.063,1.063,1.054,1.056,-0.007,-0.6585,31978.79,3380.416
163302.SZ,20190612,1.007,1.047,1.047,1.047,1.047,0.04,3.9722,1.0,0.104
161005.SZ,20190612,1.974,1.974,1.974,1.962,1.967,-0.007,-0.3546,11476.45,2262.168
163402.SZ,20190612,0.743,0.743,0.743,0.736,0.737,-0.006,-0.8075,88217.6,6512.867
161706.SZ,20190612,1.649,1.641,1.646,1.63,1.646,-0.003,-0.1819,1184.0,193.902
163503.SZ,20190612,0.395,0.392,0.395,0.388,0.393,-0.002,-0.5063,1370.53,53.504
162607.SZ,20190612,0.471,0.471,0.471,0.464,0.465,-0.006,-1.2739,2536.0,118.033
159901.SZ,20190612,4.354,4.345,4.345,4.3,4.31,-0.044,-1.0106,631128.6,272699.58
510180.SH,20190612,3.379,3.38,3.383,3.35,3.359,-0.02,-0.5919,151140.61,50809.206
162207.SZ,20190612,1.248,1.245,1.245,1.245,1.245,-0.003,-0.2404,1.0,0.124
159902.SZ,20190612,2.725,2.72,2.725,2.696,2.702,-0.023,-0.844,125969.0,34134.829
160607.SZ,20190612,0.648,0.646,0.647,0.638,0.645,-0.003,-0.463,2213.79,142.521
510880.SH,20190612,2.759,2.756,2.756,2.736,2.741,-0.018,-0.6524,63569.07,17443.779
160610.SZ,20190612,0.888,0.888,0.893,0.888,0.893,0.005,0.5631,1185.74,105.294
166001.SZ,20190612,1.133,1.133,1.135,1.124,1.134,0.001,0.0883,445.74,50.146
160611.SZ,20190612,0.767,0.775,0.775,0.771,0.771,0.004,0.5215,496.0,38.38
160314.SZ,20190612,0.944,0.932,0.937,0.929,0.93,-0.014,-1.4831,5821.1,541.025
160613.SZ,20190612,1.279,1.271,1.271,1.269,1.269,-0.01,-0.7819,11.0,1.397
161010.SZ,20190612,1.073,1.07,1.073,1.07,1.073,0.0,0.0,971.0,104.073
161810.SZ,20190612,1.553,1.551,1.56,1.535,1.535,-0.018,-1.159,2890.7,446.928
510060.SH,20190612,1.822,1.844,1.844,1.801,1.807,-0.015,-0.8233,1334.0,241.939
160119.SZ,20190612,1.247,1.24,1.247,1.237,1.237,-0.01,-0.8019,14277.03,1772.206
510010.SH,20190612,1.131,1.123,1.13,1.117,1.129,-0.002,-0.1768,1054.0,118.489
162307.SZ,20190612,1.314,1.318,1.321,1.318,1.321,0.007,0.5327,17.0,2.244
165309.SZ,20190612,1.185,1.185,1.185,1.185,1.185,0.0,0.0,8.0,0.948
160211.SZ,20190612,1.831,1.83,1.839,1.823,1.839,0.008,0.4369,172.0,31.462
162711.SZ,20190612,1.072,1.063,1.073,1.06,1.068,-0.004,-0.3731,321.18,34.24
150008.SZ,20190612,1.18,1.192,1.192,1.188,1.188,0.008,0.678,473.0,56.377
150009.SZ,20190612,1.133,1.132,1.132,1.132,1.132,-0.001,-0.0883,463.0,52.411
159903.SZ,20190612,0.989,0.988,0.988,0.978,0.981,-0.008,-0.8089,11019.0,1082.178
166006.SZ,20190612,1.085,1.081,1.081,1.081,1.081,-0.004,-0.3687,5.0,0.54
510020.SH,20190612,2.729,2.712,2.719,2.704,2.704,-0.025,-0.9161,90.0,24.381
160716.SZ,20190612,1.561,1.56,1.56,1.543,1.552,-0.009,-0.5766,3074.8,476.653
160616.SZ,20190612,1.086,1.073,1.099,1.07,1.088,0.002,0.1842,123.0,13.228
163001.SZ,20190612,0.895,0.899,0.899,0.898,0.898,0.003,0.3352,3.0,0.269
510130.SH,20190612,3.821,3.807,3.807,3.807,3.807,-0.014,-0.3664,6.0,2.284
510030.SH,20190612,5.155,5.174,5.174,5.115,5.122,-0.033,-0.6402,1611.0,826.856
510090.SH,20190612,1.699,1.682,1.683,1.671,1.671,-0.028,-1.648,15.0,2.509
150016.SZ,20190612,0.946,0.946,0.946,0.943,0.946,0.0,0.0,1583.36,149.633
150017.SZ,20190612,0.978,0.98,0.982,0.973,0.98,0.002,0.2045,2575.33,252.41
150012.SZ,20190612,0.978,0.979,0.979,0.978,0.978,0.0,0.0,5571.0,544.876
150013.SZ,20190612,0.945,0.918,0.997,0.918,0.989,0.044,4.6561,518.0,47.641
150018.SZ,20190612,0.987,0.987,0.989,0.987,0.988,0.001,0.1013,72058.53,7119.17
150019.SZ,20190612,0.92,0.912,0.919,0.899,0.901,-0.019,-2.0652,2484292.34,225608.925
161713.SZ,20190612,1.029,1.028,1.029,1.028,1.029,0.0,0.0,5.0,0.514
165508.SZ,20190612,1.709,1.845,1.845,1.549,1.84,0.131,7.6653,341.0,57.882
160807.SZ,20190612,1.215,1.219,1.219,1.217,1.217,0.002,0.1646,16.0,1.947
160215.SZ,20190612,1.295,1.277,1.287,1.26,1.287,-0.008,-0.6178,230.0,29.179
510160.SH,20190612,0.547,0.547,0.547,0.542,0.544,-0.003,-0.5484,3024.0,164.301
510110.SH,20190612,3.59,3.644,3.644,3.586,3.609,0.019,0.5292,79.0,28.678
160717.SZ,20190612,0.808,0.806,0.806,0.799,0.799,-0.009,-1.1139,1259.0,100.836
164105.SZ,20190612,1.447,1.448,1.448,1.448,1.448,0.001,0.0691,1.0,0.144
165509.SZ,20190612,1.093,1.125,1.125,1.125,1.125,0.032,2.9277,57.0,6.412
163407.SZ,20190612,1.891,1.889,1.889,1.875,1.878,-0.013,-0.6875,2640.37,496.822
159905.SZ,20190612,1.8,1.797,1.797,1.774,1.783,-0.017,-0.9444,64522.0,11508.521
510190.SH,20190612,3.191,3.2,3.2,3.117,3.167,-0.024,-0.7521,1204.0,381.924
150022.SZ,20190612,0.775,0.772,0.775,0.767,0.77,-0.005,-0.6452,184910.9,14263.509
150023.SZ,20190612,0.229,0.226,0.227,0.222,0.223,-0.006,-2.6201,1061350.95,23794.549
510170.SH,20190612,1.638,1.637,1.647,1.625,1.625,-0.013,-0.7937,335.0,54.84
166008.SZ,20190612,1.109,1.08,1.1,1.077,1.08,-0.029,-2.615,557.0,59.998
161815.SZ,20190612,0.454,0.454,0.454,0.452,0.454,0.0,0.0,747.0,33.909
510150.SH,20190612,4.761,4.76,4.76,4.723,4.735,-0.026,-0.5461,11657.0,5519.115
165510.SZ,20190612,0.724,0.729,0.734,0.721,0.723,-0.001,-0.1381,962.0,69.973
161213.SZ,20190612,1.527,1.517,1.519,1.513,1.513,-0.014,-0.9168,8.0,1.212
159906.SZ,20190612,0.739,0.74,0.742,0.732,0.732,-0.007,-0.9472,761.0,56.196
510220.SH,20190612,3.854,3.855,3.859,3.818,3.831,-0.023,-0.5968,597.0,228.99
510210.SH,20190612,3.54,3.574,3.574,3.505,3.521,-0.019,-0.5367,6571.0,2315.663
164902.SZ,20190612,1.256,1.265,1.265,1.265,1.265,0.009,0.7166,17.0,2.15
161714.SZ,20190612,1.008,1.005,1.006,1.0,1.006,-0.002,-0.1984,1112.0,111.821
150028.SZ,20190612,0.989,0.986,0.988,0.986,0.988,-0.001,-0.1011,4994.58,493.463
150029.SZ,20190612,1.05,1.05,1.05,1.021,1.048,-0.002,-0.1905,619.62,64.448
164808.SZ,20190612,1.066,1.056,1.066,1.056,1.066,0.0,0.0,12.0,1.268
161907.SZ,20190612,1.649,1.655,1.655,1.649,1.649,0.0,0.0,62.0,10.259
150031.SZ,20190612,0.88,0.84,0.892,0.84,0.892,0.012,1.3636,1.14,0.1
150032.SZ,20190612,0.986,0.987,0.987,0.983,0.983,-0.003,-0.3043,45.0,4.441
150033.SZ,20190612,0.809,0.83,0.83,0.82,0.82,0.011,1.3597,11.0,0.903
161216.SZ,20190612,1.127,1.144,1.145,1.131,1.131,0.004,0.3549,27.0,3.076
510230.SH,20190612,5.83,5.847,5.847,5.776,5.8,-0.03,-0.5146,27612.0,16019.757
510260.SH,20190612,1.035,1.018,1.027,1.018,1.026,-0.009,-0.8696,514.0,52.538
161116.SZ,20190612,0.704,0.706,0.713,0.706,0.71,0.006,0.8523,3201.28,226.964
163409.SZ,20190612,1.551,1.552,1.552,1.552,1.552,0.001,0.0645,3.0,0.465
159908.SZ,20190612,1.282,1.282,1.282,1.267,1.27,-0.012,-0.936,684.0,87.067
159907.SZ,20190612,1.131,1.123,1.14,1.123,1.126,-0.005,-0.4421,1136.0,128.133
163110.SZ,20190612,1.56,1.536,1.559,1.536,1.559,-0.001,-0.0641,142.0,21.813
159909.SZ,20190612,4.005,3.925,4.03,3.905,3.962,-0.043,-1.0737,1449.0,578.017
510270.SH,20190612,1.077,1.077,1.077,1.073,1.077,0.0,0.0,1225.0,131.818
161217.SZ,20190612,0.618,0.623,0.626,0.623,0.623,0.005,0.8091,335.0,20.871
165512.SZ,20190612,1.843,1.841,1.841,1.826,1.826,-0.017,-0.9224,7.0,1.281
159910.SZ,20190612,1.774,1.782,1.782,1.755,1.758,-0.016,-0.9019,2973.0,524.009
162712.SZ,20190612,1.433,1.432,1.432,1.432,1.432,-0.001,-0.0698,11.0,1.575
160719.SZ,20190612,0.728,0.731,0.743,0.73,0.735,0.007,0.9615,13785.36,1013.253
159911.SZ,20190612,3.497,3.492,3.493,3.474,3.474,-0.023,-0.6577,13.0,4.53
164701.SZ,20190612,0.623,0.623,0.631,0.622,0.626,0.003,0.4815,8138.32,509.63
160415.SZ,20190612,1.141,1.13,1.13,1.13,1.13,-0.011,-0.9641,4.0,0.452
159915.SZ,20190612,1.43,1.425,1.427,1.41,1.412,-0.018,-1.2587,6898543.03,978373.562
159916.SZ,20190612,3.927,3.943,3.943,3.894,3.909,-0.018,-0.4584,1052.0,411.636
159912.SZ,20190612,1.185,1.185,1.185,1.174,1.174,-0.011,-0.9283,2494.0,293.69
510290.SH,20190612,1.357,1.353,1.358,1.341,1.351,-0.006,-0.4422,1613.0,217.145
160125.SZ,20190612,1.013,0.998,0.999,0.998,0.999,-0.014,-1.382,25.0,2.497
159913.SZ,20190612,1.779,1.771,1.791,1.768,1.77,-0.009,-0.5059,834.3,148.37
163208.SZ,20190612,0.796,0.802,0.806,0.802,0.806,0.01,1.2563,20.0,1.606
161017.SZ,20190612,1.705,1.7,1.714,1.689,1.693,-0.012,-0.7038,6285.86,1066.262
162411.SZ,20190612,0.451,0.45,0.45,0.446,0.446,-0.005,-1.1086,2428881.0,108664.506
150048.SZ,20190612,1.23,1.298,1.298,1.218,1.24,0.01,0.813,33.0,4.172
150053.SZ,20190612,0.994,0.993,0.994,0.993,0.993,-0.001,-0.1006,802.0,79.698
150064.SZ,20190612,0.994,0.994,0.994,0.994,0.994,0.0,0.0,239.72,23.828
150065.SZ,20190612,0.657,0.723,0.723,0.723,0.723,0.066,10.0457,172.29,12.456
150059.SZ,20190612,0.993,1.049,1.05,1.049,1.05,0.057,5.7402,4.0,0.419
150060.SZ,20190612,0.819,0.8,0.819,0.793,0.818,-0.001,-0.1221,90.0,7.355
165513.SZ,20190612,0.395,0.395,0.398,0.394,0.394,-0.001,-0.2532,846.0,33.445
161219.SZ,20190612,1.306,1.309,1.309,1.306,1.308,0.002,0.1531,2.0,0.261
150051.SZ,20190612,0.99,0.989,0.992,0.989,0.99,0.0,0.0,22552.0,2234.6
150052.SZ,20190612,1.209,1.212,1.234,1.201,1.223,0.014,1.158,118427.07,14417.057
150056.SZ,20190612,1.099,1.198,1.198,1.09,1.09,-0.009,-0.8189,6.0,0.664
161614.SZ,20190612,1.06,1.06,1.06,1.06,1.06,0.0,0.0,14.0,1.484
163819.SZ,20190612,1.032,1.036,1.036,1.036,1.036,0.004,0.3876,8.0,0.828
169106.SZ,20190612,0.994,0.992,0.995,0.992,0.992,-0.002,-0.2012,1696.44,168.465
512160.SH,20190612,1.018,1.013,1.015,1.008,1.011,-0.007,-0.6876,273479.0,27663.88
512520.SH,20190612,0.998,1.0,1.0,0.988,0.993,-0.005,-0.501,52623.38,5219.936
512180.SH,20190612,0.996,0.994,0.994,0.987,0.989,-0.007,-0.7028,136585.0,13518.555
512780.SH,20190612,0.794,0.794,0.794,0.79,0.79,-0.004,-0.5038,241.0,19.092
513900.SH,20190612,0.985,0.977,0.977,0.952,0.968,-0.017,-1.7259,20499.0,1972.878
512280.SH,20190612,0.994,0.993,0.993,0.985,0.989,-0.005,-0.503,950713.0,93928.394
501057.SH,20190612,0.826,0.826,0.834,0.809,0.818,-0.008,-0.9685,1696.49,138.481
501058.SH,20190612,0.827,0.888,0.888,0.811,0.811,-0.016,-1.9347,18.0,1.488
512090.SH,20190612,1.017,1.017,1.017,1.008,1.011,-0.006,-0.59,647010.0,65445.208
512360.SH,20190612,1.03,1.03,1.03,1.023,1.023,-0.007,-0.6796,6445.0,662.438
161039.SZ,20190612,1.017,1.025,1.025,1.025,1.025,0.008,0.7866,130.0,13.325
512770.SH,20190612,0.947,0.95,0.955,0.943,0.952,0.005,0.528,4141.0,392.508
164824.SZ,20190612,1.012,1.012,1.012,1.006,1.012,0.0,0.0,2283.0,230.4
512390.SH,20190612,1.0,0.993,0.994,0.993,0.994,-0.006,-0.6,18.0,1.788
501059.SH,20190612,1.13,1.131,1.131,1.131,1.131,0.001,0.0885,19.8,2.239
161131.SZ,20190612,1.021,1.02,1.022,1.019,1.02,-0.001,-0.0979,119465.65,12188.636
161728.SZ,20190612,1.023,1.022,1.023,1.021,1.022,-0.001,-0.0978,60979.37,6231.398
501186.SH,20190612,1.04,1.037,1.039,1.036,1.036,-0.004,-0.3846,126856.87,13154.386
501188.SH,20190612,1.034,1.034,1.036,1.032,1.034,0.0,0.0,100533.15,10396.317
501189.SH,20190612,1.025,1.024,1.024,1.02,1.022,-0.003,-0.2927,82537.34,8435.162
160142.SZ,20190612,1.029,1.027,1.029,1.027,1.028,-0.001,-0.0972,98277.84,10102.835
510600.SH,20190612,2.8,2.79,2.79,2.755,2.756,-0.044,-1.5714,1034.0,287.026
511270.SH,20190612,99.99,99.901,100.0,99.901,100.0,0.01,0.01,103.2,1031.869
160726.SZ,20190612,0.985,0.979,0.983,0.973,0.975,-0.01,-1.0152,16223.11,1582.896
512850.SH,20190612,1.043,1.036,1.036,1.034,1.034,-0.009,-0.8629,1060.0,109.814
512820.SH,20190612,1.093,1.089,1.099,1.087,1.092,-0.001,-0.0915,52967.5,5767.74
501060.SH,20190612,1.138,1.132,1.132,1.132,1.132,-0.006,-0.5272,50.0,5.66
501061.SH,20190612,1.128,1.129,1.129,1.129,1.129,0.001,0.0887,63.0,7.113
501062.SH,20190612,0.895,0.893,0.894,0.89,0.891,-0.004,-0.4469,4323.91,385.496
501309.SH,20190612,1.002,0.992,0.996,0.971,0.973,-0.029,-2.8942,99.83,9.713
501310.SH,20190612,0.991,0.994,0.994,0.987,0.987,-0.004,-0.4036,1435.0,141.887
512960.SH,20190612,0.973,0.97,0.972,0.966,0.968,-0.005,-0.5139,122499.64,11894.859
512950.SH,20190612,0.975,0.973,0.975,0.968,0.969,-0.006,-0.6154,56389.11,5469.861
159959.SZ,20190612,1.021,1.015,1.019,1.009,1.012,-0.009,-0.8815,485380.63,49113.055
501065.SH,20190612,1.064,1.06,1.06,1.05,1.054,-0.01,-0.9398,1077.36,113.634
159960.SZ,20190612,0.989,0.978,0.978,0.971,0.972,-0.017,-1.7189,10645.0,1034.647
161132.SZ,20190612,1.036,1.028,1.028,1.028,1.028,-0.008,-0.7722,48.64,5.0
512920.SH,20190612,1.159,1.133,1.15,1.133,1.149,-0.01,-0.8628,385.0,43.737
512040.SH,20190612,1.096,1.096,1.096,1.086,1.087,-0.009,-0.8212,94707.0,10324.032
501066.SH,20190612,1.09,1.098,1.098,1.098,1.098,0.008,0.7339,100.0,10.98
160812.SZ,20190612,1.314,1.29,1.301,1.29,1.3,-0.014,-1.0654,3183.0,413.996
150164.SZ,20190612,0.995,0.988,0.993,0.988,0.993,-0.002,-0.201,1001.0,98.899
150165.SZ,20190612,1.079,1.105,1.105,1.105,1.105,0.026,2.4096,1.0,0.11
160918.SZ,20190612,1.823,1.81,1.81,1.798,1.803,-0.02,-1.0971,273.0,49.212
161505.SZ,20190612,1.162,1.165,1.165,1.163,1.163,0.001,0.0861,26.0,3.027
150185.SZ,20190612,1.002,1.005,1.005,0.989,0.991,-0.011,-1.0978,2695.16,267.495
159936.SZ,20190612,1.256,1.253,1.262,1.244,1.254,-0.002,-0.1592,1933.0,241.826
512600.SH,20190612,2.746,2.746,2.762,2.726,2.736,-0.01,-0.3642,759.0,207.776
512610.SH,20190612,1.28,1.263,1.305,1.263,1.27,-0.01,-0.7813,410.0,52.603
512640.SH,20190612,1.92,1.851,2.056,1.851,1.961,0.041,2.1354,110.9,21.262
512070.SH,20190612,2.147,2.136,2.156,2.113,2.113,-0.034,-1.5836,31646.0,6715.692
161908.SZ,20190612,0.963,0.97,0.97,0.97,0.97,0.007,0.7269,10.0,0.97
512220.SH,20190612,1.122,1.119,1.119,1.11,1.112,-0.01,-0.8913,366.0,40.737
150186.SZ,20190612,1.006,1.007,1.007,1.003,1.006,0.0,0.0,284.61,28.625
150187.SZ,20190612,0.997,0.969,0.973,0.969,0.97,-0.027,-2.7081,159.03,15.469
160133.SZ,20190612,2.256,2.26,2.26,2.243,2.253,-0.003,-0.133,1414.51,318.574
150188.SZ,20190612,1.012,1.013,1.013,1.01,1.013,0.001,0.0988,104.34,10.538
150189.SZ,20190612,0.579,0.581,0.583,0.581,0.583,0.004,0.6908,32.28,1.881
513030.SH,20190612,1.027,1.027,1.03,1.024,1.025,-0.002,-0.1947,15889.0,1633.739
159937.SZ,20190612,2.939,2.943,2.979,2.943,2.972,0.033,1.1228,550006.0,162915.661
150190.SZ,20190612,1.005,1.0,1.0,1.0,1.0,-0.005,-0.4975,2.87,0.287
150191.SZ,20190612,1.171,1.16,1.229,1.16,1.229,0.058,4.953,6.62,0.782
163827.SZ,20190612,1.054,1.03,1.099,1.03,1.088,0.034,3.2258,11.0,1.175
150194.SZ,20190612,0.989,0.988,0.99,0.988,0.989,0.0,0.0,33926.72,3355.055
150195.SZ,20190612,0.716,0.715,0.716,0.695,0.695,-0.021,-2.933,121382.87,8595.793
150193.SZ,20190612,1.005,1.004,1.004,0.983,0.99,-0.015,-1.4925,4445.84,439.703
169101.SZ,20190612,1.365,1.364,1.364,1.35,1.355,-0.01,-0.7326,17202.15,2332.316
150198.SZ,20190612,0.992,0.991,0.993,0.99,0.991,-0.001,-0.1008,1089.97,108.021
150199.SZ,20190612,1.0,0.98,0.998,0.974,0.996,-0.004,-0.4,11191.0,1105.113
505888.SH,20190612,0.974,0.974,0.977,0.972,0.976,0.002,0.2053,346468.18,33734.318
512300.SH,20190612,0.977,0.973,0.977,0.966,0.97,-0.007,-0.7165,1895.0,184.395
511220.SH,20190612,96.378,96.291,96.445,96.291,96.445,0.067,0.0695,644.1,6211.001
150200.SZ,20190612,0.99,0.989,0.99,0.989,0.99,0.0,0.0,45757.1,4528.479
150201.SZ,20190612,1.128,1.122,1.127,1.1,1.102,-0.026,-2.305,2148193.31,238978.738
150205.SZ,20190612,0.993,0.993,0.994,0.993,0.994,0.001,0.1007,44575.45,4427.113
150206.SZ,20190612,0.517,0.516,0.521,0.502,0.507,-0.01,-1.9342,805528.66,41167.678
159938.SZ,20190612,1.164,1.164,1.164,1.152,1.155,-0.009,-0.7732,65166.0,7537.558
160813.SZ,20190612,0.719,0.703,0.713,0.703,0.71,-0.009,-1.2517,776.08,54.809
150174.SZ,20190612,1.149,1.148,1.148,1.148,1.148,-0.001,-0.087,1.0,0.114
511810.SH,20190612,99.999,99.996,100.002,99.996,100.001,0.002,0.002,75608.13,756070.977
511860.SH,20190612,99.995,99.994,99.997,99.992,99.996,0.001,0.001,156.13,1561.229
150204.SZ,20190612,0.832,0.849,0.85,0.808,0.834,0.002,0.2404,17.02,1.423
150203.SZ,20190612,0.99,0.991,0.991,0.991,0.991,0.001,0.101,250.0,24.775
511800.SH,20190612,100.0,99.995,99.998,99.993,99.997,-0.003,-0.003,609.27,6092.383
150209.SZ,20190612,0.989,0.989,0.991,0.989,0.99,0.001,0.1011,40577.88,4016.6
150210.SZ,20190612,0.657,0.652,0.656,0.644,0.646,-0.011,-1.6743,31218.98,2026.973
160618.SZ,20190612,1.299,1.298,1.299,1.297,1.299,0.0,0.0,20743.57,2692.526
513660.SH,20190612,2.585,2.559,2.559,2.532,2.534,-0.051,-1.9729,2296.0,582.018
513600.SH,20190612,2.581,2.572,2.577,2.548,2.548,-0.033,-1.2786,3207.0,821.343
159005.SZ,20190612,100.001,100.0,100.001,99.999,100.0,-0.001,-0.001,208.28,2082.802
159939.SZ,20190612,0.92,0.916,0.922,0.905,0.908,-0.012,-1.3043,291898.0,26650.15
169102.SZ,20190612,0.949,0.947,0.947,0.932,0.942,-0.007,-0.7376,3668.0,343.169
160919.SZ,20190612,1.205,1.162,1.203,1.162,1.203,-0.002,-0.166,83.0,9.692
161222.SZ,20190612,1.136,1.131,1.131,1.131,1.131,-0.005,-0.4401,2.0,0.226
512990.SH,20190612,1.089,1.089,1.089,1.08,1.083,-0.006,-0.551,53640.0,5822.653
159940.SZ,20190612,0.962,0.962,0.967,0.955,0.966,0.004,0.4158,1104.0,106.395
150213.SZ,20190612,0.992,0.993,0.993,0.993,0.993,0.001,0.1008,22.59,2.243
150214.SZ,20190612,1.077,1.002,1.08,1.002,1.08,0.003,0.2786,400.05,43.132
150215.SZ,20190612,1.004,1.008,1.008,1.008,1.008,0.004,0.3984,1.0,0.1
150216.SZ,20190612,0.715,0.669,0.709,0.669,0.699,-0.016,-2.2378,63.95,4.476
161716.SZ,20190612,1.249,1.248,1.249,1.248,1.249,0.0,0.0,1374.0,171.593
150135.SZ,20190612,1.017,1.018,1.018,1.018,1.018,0.001,0.0983,594.0,60.469
150136.SZ,20190612,0.96,0.962,0.962,0.884,0.961,0.001,0.1042,1923.0,177.764
150217.SZ,20190612,0.985,0.987,0.987,0.987,0.987,0.002,0.203,198.0,19.542
150218.SZ,20190612,0.935,0.866,0.945,0.866,0.881,-0.054,-5.7754,52.97,4.82
162105.SZ,20190612,1.032,1.04,1.04,1.04,1.04,0.008,0.7752,19.0,1.976
150211.SZ,20190612,0.998,0.999,0.999,0.996,0.998,0.0,0.0,2292.0,228.766
150212.SZ,20190612,0.77,0.766,0.775,0.755,0.765,-0.005,-0.6494,51661.69,3970.843
150223.SZ,20190612,1.011,1.01,1.013,1.01,1.012,0.001,0.0989,80234.94,8111.335
150224.SZ,20190612,0.851,0.842,0.852,0.832,0.833,-0.018,-2.1152,216236.37,18201.233
161224.SZ,20190612,0.936,0.958,0.958,0.913,0.938,0.002,0.2137,24.0,2.224
150196.SZ,20190612,1.007,1.007,1.01,1.005,1.009,0.002,0.1986,285590.38,28785.729
150197.SZ,20190612,0.548,0.545,0.587,0.543,0.561,0.013,2.3723,2827777.55,160518.335
150221.SZ,20190612,1.034,1.034,1.035,1.033,1.034,0.0,0.0,18567.24,1920.41
150222.SZ,20190612,0.925,0.921,0.924,0.91,0.913,-0.012,-1.2973,16333.52,1496.35
512310.SH,20190612,0.473,0.466,0.473,0.466,0.469,-0.004,-0.8457,1662.0,78.19
162510.SZ,20190612,0.815,0.813,0.813,0.813,0.813,-0.002,-0.2454,2.0,0.162
502048.SH,20190612,0.92,0.924,0.924,0.909,0.913,-0.007,-0.7609,3544.53,324.235
502049.SH,20190612,0.975,0.975,0.995,0.975,0.976,0.001,0.1026,8862.5,868.773
502050.SH,20190612,0.86,0.862,0.862,0.83,0.844,-0.016,-1.8605,59039.73,5013.918
512340.SH,20190612,0.743,0.747,0.749,0.742,0.743,0.0,0.0,536.0,40.043
502000.SH,20190612,0.924,0.879,0.879,0.879,0.879,-0.045,-4.8701,4.0,0.352
502001.SH,20190612,0.994,0.994,0.995,0.992,0.995,0.001,0.1006,911.0,90.567
502002.SH,20190612,0.701,0.735,0.736,0.734,0.735,0.034,4.8502,849.91,62.523
150220.SZ,20190612,0.727,0.724,0.724,0.714,0.715,-0.012,-1.6506,13188.5,945.414
166011.SZ,20190612,1.239,1.239,1.239,1.238,1.238,-0.001,-0.0807,7.0,0.867
512500.SH,20190612,2.451,2.455,2.455,2.423,2.43,-0.021,-0.8568,573102.5,139811.394
150227.SZ,20190612,0.997,0.998,0.998,0.996,0.998,0.001,0.1003,60761.0,6057.164
150228.SZ,20190612,0.887,0.883,0.887,0.874,0.882,-0.005,-0.5637,433479.0,38137.037
161722.SZ,20190612,1.031,1.031,1.031,1.031,1.031,0.0,0.0,42.0,4.33
165517.SZ,20190612,0.811,0.81,0.81,0.81,0.81,-0.001,-0.1233,13.0,1.053
512510.SH,20190612,1.049,1.049,1.053,1.038,1.041,-0.008,-0.7626,132155.05,13806.984
166012.SZ,20190612,1.091,1.087,1.089,1.086,1.086,-0.005,-0.4583,391.21,42.51
150230.SZ,20190612,1.142,1.21,1.212,1.08,1.206,0.064,5.6042,1410.84,161.317
150231.SZ,20190612,0.97,0.97,0.971,0.97,0.971,0.001,0.1031,2300.0,223.13
150232.SZ,20190612,0.715,0.718,0.718,0.645,0.697,-0.018,-2.5175,3374.0,232.298
150226.SZ,20190612,1.242,1.231,1.231,1.231,1.231,-0.011,-0.8857,4.0,0.492
150236.SZ,20190612,0.988,1.009,1.009,0.975,0.987,-0.001,-0.1012,2544.74,252.178
164906.SZ,20190612,1.148,1.154,1.154,1.14,1.15,0.002,0.1742,1313.38,150.588
150248.SZ,20190612,0.819,0.835,0.835,0.809,0.827,0.008,0.9768,271.9,22.135
150249.SZ,20190612,0.987,0.998,1.0,0.992,0.999,0.012,1.2158,11306.15,1126.382
150250.SZ,20190612,1.074,1.038,1.038,1.001,1.037,-0.037,-3.4451,12816.35,1329.151
510710.SH,20190612,3.068,3.089,3.089,3.044,3.055,-0.013,-0.4237,52509.83,16026.79
162108.SZ,20190612,1.175,1.176,1.176,1.176,1.176,0.001,0.0851,8.0,0.94
150252.SZ,20190612,0.85,0.878,0.878,0.84,0.84,-0.01,-1.1765,2892.94,247.609
150265.SZ,20190612,1.014,1.015,1.017,1.012,1.016,0.002,0.1972,214.0,21.741
150266.SZ,20190612,0.926,0.925,0.925,0.916,0.916,-0.01,-1.0799,1522.61,140.307
150273.SZ,20190612,1.009,1.005,1.005,1.005,1.005,-0.004,-0.3964,7.0,0.703
150274.SZ,20190612,1.368,1.231,1.361,1.231,1.338,-0.03,-2.193,68.37,8.547
159943.SZ,20190612,9.71,9.61,9.61,9.572,9.574,-0.136,-1.4006,113.18,108.485
150262.SZ,20190612,0.809,0.807,0.807,0.785,0.789,-0.02,-2.4722,573.36,45.333
502013.SH,20190612,1.274,1.252,1.29,1.252,1.257,-0.017,-1.3344,37665.21,4769.628
502014.SH,20190612,0.999,0.998,1.0,0.997,0.999,0.0,0.0,1302.45,130.045
502015.SH,20190612,1.544,1.523,1.596,1.519,1.53,-0.014,-0.9067,2919.74,447.633
502020.SH,20190612,0.959,0.966,0.966,0.966,0.966,0.007,0.7299,5.0,0.483
150275.SZ,20190612,0.988,0.988,0.988,0.988,0.988,0.0,0.0,126.7,12.517
150276.SZ,20190612,1.196,1.161,1.196,1.161,1.178,-0.018,-1.505,2468.73,289.11
150269.SZ,20190612,0.99,0.99,0.991,0.989,0.99,0.0,0.0,3773.0,373.729
150270.SZ,20190612,1.746,1.74,1.764,1.73,1.73,-0.016,-0.9164,77597.56,13531.079
150259.SZ,20190612,0.97,0.971,0.971,0.971,0.971,0.001,0.1031,3.0,0.291
150260.SZ,20190612,0.772,0.739,0.739,0.739,0.739,-0.033,-4.2746,2.51,0.185
150257.SZ,20190612,0.978,0.966,0.966,0.966,0.966,-0.012,-1.227,95.76,9.25
150258.SZ,20190612,1.005,0.906,1.02,0.905,1.017,0.012,1.194,1417.54,129.584
150255.SZ,20190612,0.972,0.972,0.972,0.972,0.972,0.0,0.0,232.0,22.55
150256.SZ,20190612,0.973,0.93,0.93,0.93,0.93,-0.043,-4.4193,232.0,21.576
150278.SZ,20190612,0.729,0.71,0.78,0.71,0.749,0.02,2.7435,134.28,9.624
159941.SZ,20190612,1.644,1.651,1.651,1.638,1.641,-0.003,-0.1825,3889.26,640.042
150271.SZ,20190612,0.992,0.99,0.998,0.99,0.998,0.006,0.6048,160.39,15.985
150272.SZ,20190612,0.939,0.906,0.906,0.906,0.906,-0.033,-3.5144,154.05,13.956
150263.SZ,20190612,1.005,1.024,1.024,1.002,1.002,-0.003,-0.2985,14.23,1.456
150267.SZ,20190612,1.006,1.005,1.005,1.005,1.005,-0.001,-0.0994,1009.0,101.404
150268.SZ,20190612,1.02,1.022,1.057,0.993,1.057,0.037,3.6275,3848.0,393.327
160806.SZ,20190612,1.356,1.349,1.349,1.347,1.347,-0.009,-0.6637,253.0,34.101
150281.SZ,20190612,0.999,1.002,1.002,1.002,1.002,0.003,0.3003,100.0,10.02
150294.SZ,20190612,0.441,0.454,0.48,0.454,0.479,0.038,8.6168,21.0,1.002
150243.SZ,20190612,0.991,0.99,0.99,0.99,0.99,-0.001,-0.1009,146.26,14.479
150244.SZ,20190612,1.074,1.075,1.075,1.05,1.056,-0.018,-1.676,5576.78,592.524
150295.SZ,20190612,0.998,0.998,1.021,0.998,0.999,0.001,0.1002,3241.0,323.789
150296.SZ,20190612,0.812,0.86,0.86,0.748,0.75,-0.062,-7.6355,1909.18,143.287
150287.SZ,20190612,1.01,1.009,1.01,1.008,1.01,0.0,0.0,3653.0,368.655
150288.SZ,20190612,0.875,0.87,0.881,0.86,0.86,-0.015,-1.7143,29335.04,2556.31
150289.SZ,20190612,1.016,1.013,1.016,1.013,1.014,-0.002,-0.1969,834.7,84.605
150290.SZ,20190612,0.842,0.835,0.845,0.827,0.828,-0.014,-1.6627,31089.9,2599.695
150301.SZ,20190612,1.007,1.006,1.008,1.005,1.008,0.001,0.0993,301.0,30.27
150302.SZ,20190612,0.828,0.838,0.838,0.795,0.83,0.002,0.2415,102.0,8.542
150299.SZ,20190612,1.012,1.01,1.012,1.01,1.012,0.0,0.0,11822.33,1195.817
150300.SZ,20190612,0.711,0.71,0.71,0.7,0.706,-0.005,-0.7032,20908.18,1474.616
162414.SZ,20190612,1.19,1.2,1.2,1.2,1.2,0.01,0.8403,14.0,1.68
150315.SZ,20190612,0.988,0.989,0.989,0.989,0.989,0.001,0.1012,0.08,0.007
150316.SZ,20190612,1.161,1.169,1.183,1.142,1.183,0.022,1.8949,53.0,6.098
150291.SZ,20190612,1.009,1.012,1.012,1.009,1.009,0.0,0.0,2230.0,225.183
150292.SZ,20190612,0.706,0.738,0.738,0.736,0.738,0.032,4.5326,1330.0,98.139
150238.SZ,20190612,0.588,0.608,0.608,0.608,0.608,0.02,3.4014,1.0,0.06
150245.SZ,20190612,0.994,0.996,0.996,0.996,0.996,0.002,0.2012,50.0,4.98
150246.SZ,20190612,0.774,0.78,0.789,0.714,0.77,-0.004,-0.5168,431.0,32.589
150283.SZ,20190612,1.011,1.011,1.012,1.01,1.012,0.001,0.0989,14539.01,1469.571
150284.SZ,20190612,0.599,0.599,0.599,0.561,0.599,0.0,0.0,102.04,5.732
150307.SZ,20190612,0.99,0.988,0.988,0.988,0.988,-0.002,-0.202,203.6,20.115
150308.SZ,20190612,1.236,1.144,1.144,1.144,1.144,-0.092,-7.4434,8.0,0.915
502006.SH,20190612,0.958,0.95,0.959,0.95,0.953,-0.005,-0.5219,371.08,35.274
502007.SH,20190612,1.018,1.02,1.02,1.02,1.02,0.002,0.1965,88.86,9.064
502008.SH,20190612,0.897,0.918,0.918,0.85,0.862,-0.035,-3.9019,92.82,8.132
150309.SZ,20190612,0.991,0.991,0.991,0.991,0.991,0.0,0.0,300.0,29.73
150310.SZ,20190612,1.515,1.364,1.538,1.364,1.538,0.023,1.5182,664.0,90.587
501000.SH,20190612,0.939,0.931,0.963,0.931,0.934,-0.005,-0.5325,46.0,4.412
150321.SZ,20190612,1.034,1.035,1.036,1.035,1.036,0.002,0.1934,653.6,67.706
150322.SZ,20190612,0.87,0.851,0.851,0.851,0.851,-0.019,-2.1839,120.0,10.212
150311.SZ,20190612,0.985,0.986,0.986,0.986,0.986,0.001,0.1015,7.0,0.69
150312.SZ,20190612,1.318,1.247,1.341,1.247,1.341,0.023,1.7451,8.0,1.041
501001.SH,20190612,0.967,0.995,1.01,0.98,0.98,0.013,1.3444,770.0,77.254
512330.SH,20190612,0.736,0.736,0.738,0.726,0.728,-0.008,-1.087,32685.0,2395.09
159945.SZ,20190612,0.651,0.648,0.652,0.644,0.645,-0.006,-0.9217,124.0,8.033
159944.SZ,20190612,0.718,0.721,0.725,0.713,0.723,0.005,0.6964,2671.0,192.762
502036.SH,20190612,0.825,0.825,0.825,0.824,0.824,-0.001,-0.1212,7.95,0.655
502037.SH,20190612,1.007,1.007,1.007,1.007,1.007,0.0,0.0,9.0,0.906
502038.SH,20190612,0.625,0.625,0.625,0.625,0.625,0.0,0.0,5.0,0.313
150328.SZ,20190612,0.85,0.765,0.765,0.765,0.765,-0.085,-10.0,103.0,7.879
150335.SZ,20190612,1.008,1.008,1.01,1.007,1.01,0.002,0.1984,2021.0,203.517
150336.SZ,20190612,0.717,0.65,0.718,0.65,0.717,0.0,0.0,585.97,39.649
502010.SH,20190612,1.062,1.055,1.067,1.049,1.051,-0.011,-1.0358,50824.31,5381.233
502012.SH,20190612,1.118,1.088,1.125,1.088,1.098,-0.02,-1.7889,74763.5,8288.106
502011.SH,20190612,1.011,1.01,1.011,1.01,1.011,0.0,0.0,30619.5,3094.234
502003.SH,20190612,1.168,1.166,1.166,1.156,1.166,-0.002,-0.1712,746.0,86.376
502004.SH,20190612,0.992,0.996,0.996,0.996,0.996,0.004,0.4032,84.43,8.409
502005.SH,20190612,1.336,1.311,1.335,1.311,1.317,-0.019,-1.4222,1297.0,170.3
168101.SZ,20190612,0.922,0.921,0.921,0.912,0.916,-0.006,-0.6508,6444.0,590.129
150303.SZ,20190612,1.012,1.011,1.011,1.011,1.011,-0.001,-0.0988,7874.0,796.061
150304.SZ,20190612,0.877,0.871,0.876,0.858,0.858,-0.019,-2.1665,17702.0,1531.947
502023.SH,20190612,0.805,0.806,0.808,0.806,0.808,0.003,0.3727,21.0,1.697
502024.SH,20190612,1.001,1.001,1.002,1.001,1.002,0.001,0.0999,515.0,51.603
502025.SH,20190612,0.63,0.638,0.638,0.615,0.615,-0.015,-2.381,253.0,16.134
150329.SZ,20190612,0.987,0.989,0.989,0.989,0.989,0.002,0.2026,1129.6,111.717
150330.SZ,20190612,1.601,1.591,1.591,1.55,1.573,-0.028,-1.7489,11080.6,1739.996
184801.SZ,20190612,88.88,88.949,88.949,88.601,88.8,-0.08,-0.09,60.0,532.281
502040.SH,20190612,1.266,1.244,1.244,1.14,1.243,-0.023,-1.8167,6.0,0.715
502041.SH,20190612,1.187,1.187,1.305,1.187,1.281,0.094,7.9191,5.0,0.641
502042.SH,20190612,1.26,1.259,1.35,1.259,1.35,0.09,7.1429,3.0,0.396
502056.SH,20190612,0.997,1.044,1.044,0.977,1.018,0.021,2.1063,72.0,7.127
502058.SH,20190612,1.052,0.968,0.968,0.968,0.968,-0.084,-7.9848,191.0,18.489
511830.SH,20190612,99.997,99.997,99.998,99.997,99.998,0.001,0.001,29.01,290.094
150344.SZ,20190612,0.998,1.097,1.097,1.097,1.097,0.099,9.9198,1.0,0.109
150343.SZ,20190612,1.007,1.008,1.008,1.008,1.008,0.001,0.0993,1836.01,185.069
510360.SH,20190612,1.201,1.213,1.213,1.188,1.191,-0.01,-0.8326,73049.0,8710.225
502053.SH,20190612,0.993,0.993,0.993,0.98,0.98,-0.013,-1.3092,5.03,0.494
502054.SH,20190612,0.999,0.999,0.999,0.999,0.999,0.0,0.0,1585.0,158.342
502055.SH,20190612,0.998,0.935,1.035,0.935,0.989,-0.009,-0.9018,520.0,51.287
161226.SZ,20190612,0.752,0.752,0.76,0.752,0.759,0.007,0.9309,73571.8,5570.683
167501.SZ,20190612,1.17,1.171,1.171,1.171,1.171,0.001,0.0855,1975.4,231.319
510580.SH,20190612,4.931,4.93,4.944,4.875,4.882,-0.049,-0.9937,78057.0,38319.98
161227.SZ,20190612,0.924,0.924,0.924,0.911,0.918,-0.006,-0.6494,2326.26,213.546
511980.SH,20190612,99.997,99.993,99.999,99.993,99.999,0.002,0.002,395.91,3958.972
511900.SH,20190612,99.995,99.992,99.997,99.992,99.997,0.002,0.002,1427.43,14273.58
161229.SZ,20190612,1.105,1.113,1.128,1.113,1.114,0.009,0.8145,12.0,1.344
501005.SH,20190612,0.792,0.787,0.793,0.787,0.792,0.0,0.0,386.0,30.575
511960.SH,20190612,100.015,99.994,99.999,99.994,99.995,-0.02,-0.02,32.03,320.285
161033.SZ,20190612,0.861,0.861,0.861,0.837,0.845,-0.016,-1.8583,808.02,67.971
169103.SZ,20190612,1.151,1.092,1.157,1.092,1.157,0.006,0.5213,81.0,9.365
511820.SH,20190612,99.994,99.992,99.994,99.988,99.994,0.0,0.0,148.19,1481.773
168102.SZ,20190612,0.85,0.846,0.846,0.842,0.844,-0.006,-0.7059,15296.0,1289.927
161823.SZ,20190612,1.111,1.111,1.111,1.111,1.111,0.0,0.0,47.0,5.221
166016.SZ,20190612,1.188,1.19,1.19,1.19,1.19,0.002,0.1684,7.0,0.833
501015.SH,20190612,0.781,0.784,0.784,0.775,0.781,0.0,0.0,1817.71,141.24
162415.SZ,20190612,1.526,1.534,1.534,1.525,1.526,0.0,0.0,478.0,73.261
160518.SZ,20190612,1.062,1.059,1.059,1.042,1.049,-0.013,-1.2241,1118.14,117.501
511920.SH,20190612,100.0,99.995,99.997,99.991,99.997,-0.003,-0.003,46.01,460.071
159948.SZ,20190612,1.556,1.554,1.555,1.537,1.539,-0.017,-1.0925,14464.0,2235.71
161232.SZ,20190612,0.638,0.638,0.646,0.638,0.644,0.006,0.9404,226.0,14.58
165528.SZ,20190612,0.832,0.834,0.84,0.833,0.835,0.003,0.3606,1361.13,113.502
165807.SZ,20190612,0.91,0.9,0.9,0.9,0.9,-0.01,-1.0989,12.0,1.08
501017.SH,20190612,0.8,0.788,0.788,0.784,0.784,-0.016,-2.0,1948.05,152.941
160519.SZ,20190612,0.998,0.974,0.975,0.974,0.974,-0.024,-2.4048,500.0,48.72
501018.SH,20190612,1.048,1.022,1.032,1.022,1.028,-0.02,-1.9084,60538.87,6220.405
501021.SH,20190612,1.324,1.328,1.328,1.306,1.308,-0.016,-1.2085,7870.88,1031.454
159949.SZ,20190612,0.51,0.508,0.51,0.503,0.504,-0.006,-1.1765,5838727.36,295859.389
511850.SH,20190612,100.003,100.0,100.005,99.997,100.004,0.001,0.001,13231.73,132318.244
169104.SZ,20190612,1.214,1.208,1.211,1.204,1.21,-0.004,-0.3295,8070.0,973.551
512660.SH,20190612,0.726,0.723,0.725,0.715,0.717,-0.009,-1.2397,830081.0,59746.395
511910.SH,20190612,99.988,99.981,100.78,99.981,100.0,0.012,0.012,27.02,270.434
512880.SH,20190612,0.931,0.925,0.932,0.916,0.916,-0.015,-1.6112,5143114.41,474080.926
167001.SZ,20190612,0.683,0.679,0.679,0.674,0.674,-0.009,-1.3177,2239.0,151.566
161834.SZ,20190612,0.777,0.776,0.776,0.772,0.774,-0.003,-0.3861,15561.0,1204.698
160225.SZ,20190612,0.751,0.751,0.752,0.745,0.748,-0.003,-0.3995,806.4,60.397
168103.SZ,20190612,0.775,0.772,0.774,0.771,0.772,-0.003,-0.3871,18296.68,1413.302
512810.SH,20190612,0.695,0.693,0.695,0.687,0.689,-0.006,-0.8633,8392.0,580.242
510810.SH,20190612,0.92,0.911,0.918,0.911,0.915,-0.005,-0.5435,126439.0,11567.778
160522.SZ,20190612,0.947,0.952,0.954,0.952,0.954,0.007,0.7392,19.0,1.81
160635.SZ,20190612,0.905,0.901,0.904,0.888,0.903,-0.002,-0.221,3037.01,273.145
164403.SZ,20190612,1.16,1.177,1.177,1.177,1.177,0.017,1.4655,14.0,1.647
169105.SZ,20190612,1.186,1.183,1.183,1.172,1.18,-0.006,-0.5059,39646.64,4667.436
512680.SH,20190612,0.718,0.715,0.72,0.711,0.712,-0.006,-0.8357,16868.0,1204.493
512000.SH,20190612,0.884,0.879,0.888,0.872,0.875,-0.009,-1.0181,1976611.0,173544.031
165525.SZ,20190612,0.787,0.787,0.795,0.782,0.791,0.004,0.5083,9373.55,739.996
160421.SZ,20190612,1.048,1.044,1.05,1.042,1.044,-0.004,-0.3817,13566.81,1415.066
501026.SH,20190612,0.796,0.784,0.785,0.777,0.785,-0.011,-1.3819,2343.73,182.564
167002.SZ,20190612,0.919,0.903,0.903,0.869,0.885,-0.034,-3.6997,8.0,0.717
511660.SH,20190612,100.002,99.998,100.003,99.995,100.002,0.0,0.0,99393.97,993934.302
168105.SZ,20190612,0.761,0.758,0.758,0.752,0.757,-0.004,-0.5256,1176.0,88.94
512100.SH,20190612,0.64,0.642,0.643,0.634,0.635,-0.005,-0.7813,136390.0,8709.404
501022.SH,20190612,0.94,0.939,0.94,0.939,0.94,0.0,0.0,242.21,22.765
511600.SH,20190612,99.998,99.996,99.999,99.995,99.997,-0.001,-0.001,149.28,1492.747
160722.SZ,20190612,1.046,1.045,1.045,1.045,1.045,-0.001,-0.0956,1.0,0.104
511690.SH,20190612,99.996,99.995,99.996,99.993,99.996,0.0,0.0,11807.37,118067.25
511700.SH,20190612,100.009,100.01,100.01,99.999,100.009,0.0,0.0,245.07,2450.806
501050.SH,20190612,1.23,1.236,1.236,1.225,1.228,-0.002,-0.1626,18022.07,2213.396
164210.SZ,20190612,1.07,1.074,1.074,1.074,1.074,0.004,0.3738,2.0,0.214
160223.SZ,20190612,0.716,0.714,0.714,0.705,0.705,-0.011,-1.5363,808.95,57.101
164814.SZ,20190612,0.981,0.996,0.996,0.996,0.996,0.015,1.5291,10.0,0.996
501028.SH,20190612,0.811,0.832,0.844,0.831,0.836,0.025,3.0826,8784.28,733.013
169201.SZ,20190612,1.014,1.013,1.013,1.013,1.013,-0.001,-0.0986,500.0,50.65
162717.SZ,20190612,0.918,0.918,0.93,0.918,0.93,0.012,1.3072,170.0,15.627
160922.SZ,20190612,0.963,0.994,0.994,0.994,0.994,0.031,3.2191,12.0,1.192
164703.SZ,20190612,0.87,0.87,0.87,0.87,0.87,0.0,0.0,22.0,1.914
501300.SH,20190612,1.038,1.039,1.041,1.037,1.039,0.001,0.0963,3598.0,373.671
161126.SZ,20190612,1.252,1.246,1.246,1.243,1.244,-0.008,-0.639,105.0,13.064
161125.SZ,20190612,1.263,1.263,1.263,1.263,1.263,0.0,0.0,1.0,0.126
168301.SZ,20190612,0.935,0.941,0.949,0.941,0.949,0.014,1.4973,1015.05,95.934
160323.SZ,20190612,1.025,0.971,0.987,0.971,0.987,-0.038,-3.7073,29.0,2.83
161127.SZ,20190612,1.219,1.218,1.218,1.207,1.214,-0.005,-0.4102,210.0,25.507
161128.SZ,20190612,1.519,1.507,1.515,1.507,1.515,-0.004,-0.2633,473.0,71.427
168401.SZ,20190612,1.043,1.1,1.1,1.1,1.1,0.057,5.465,6.0,0.66
161129.SZ,20190612,1.043,1.032,1.032,1.021,1.023,-0.02,-1.9175,15660.03,1606.257
501029.SH,20190612,0.96,0.96,0.96,0.951,0.952,-0.008,-0.8333,51366.0,4902.821
501007.SH,20190612,0.86,0.854,0.854,0.854,0.854,-0.006,-0.6977,33.6,2.869
501008.SH,20190612,0.854,0.845,0.862,0.845,0.862,0.008,0.9368,11.0,0.94
501011.SH,20190612,0.783,0.775,0.785,0.775,0.777,-0.006,-0.7663,93.0,7.234
501012.SH,20190612,0.778,0.784,0.784,0.759,0.759,-0.019,-2.4422,6.0,0.458
501009.SH,20190612,1.033,1.05,1.05,1.033,1.033,0.0,0.0,400.48,41.571
501030.SH,20190612,0.566,0.566,0.574,0.565,0.565,-0.001,-0.1767,263.0,14.924
501010.SH,20190612,1.039,1.047,1.047,1.039,1.039,0.0,0.0,51.28,5.347
501031.SH,20190612,0.57,0.566,0.579,0.566,0.579,0.009,1.5789,32.0,1.814
501027.SH,20190612,1.0,1.018,1.056,1.018,1.045,0.045,4.5,208.0,21.84
513050.SH,20190612,1.156,1.165,1.167,1.154,1.155,-0.001,-0.0865,141658.0,16417.045
511650.SH,20190612,99.994,99.994,99.997,99.987,99.996,0.002,0.002,1748.74,17486.557
161626.SZ,20190612,1.084,1.084,1.084,1.084,1.084,0.0,0.0,14.0,1.517
162718.SZ,20190612,0.93,0.936,1.005,0.9,1.005,0.075,8.0645,5022.24,453.719
512580.SH,20190612,0.731,0.73,0.736,0.725,0.728,-0.003,-0.4104,115563.0,8436.807
161631.SZ,20190612,0.935,0.929,0.93,0.918,0.921,-0.014,-1.4973,34342.42,3169.594
162719.SZ,20190612,0.904,0.896,0.896,0.88,0.883,-0.021,-2.323,952.0,84.311
512900.SH,20190612,0.898,0.897,0.898,0.883,0.888,-0.01,-1.1136,39054.0,3477.976
511770.SH,20190612,99.992,99.992,99.993,99.988,99.99,-0.002,-0.002,43.68,436.757
501019.SH,20190612,0.717,0.712,0.721,0.711,0.716,-0.001,-0.1395,2750.95,196.759
501301.SH,20190612,1.138,1.139,1.14,1.139,1.139,0.001,0.0879,83.0,9.454
164509.SZ,20190612,0.956,0.959,0.959,0.959,0.959,0.003,0.3138,26.63,2.553
160723.SZ,20190612,1.091,1.073,1.08,1.069,1.071,-0.02,-1.8332,8094.23,870.522
166402.SZ,20190612,1.05,1.127,1.127,1.127,1.127,0.077,7.3333,11.0,1.239
161835.SZ,20190612,1.06,1.064,1.064,1.057,1.057,-0.003,-0.283,19.0,2.015
159952.SZ,20190612,0.863,0.859,0.863,0.851,0.855,-0.008,-0.927,538496.0,46165.132
501016.SH,20190612,0.974,0.972,0.977,0.961,0.963,-0.011,-1.1294,17579.0,1703.454
161037.SZ,20190612,0.965,0.929,0.979,0.929,0.949,-0.016,-1.658,69.0,6.611
159950.SZ,20190612,0.943,0.935,0.95,0.926,0.95,0.007,0.7423,2679.99,252.919
512550.SH,20190612,1.13,1.14,1.14,1.121,1.124,-0.006,-0.531,44541.0,5015.873
160324.SZ,20190612,0.931,0.925,0.925,0.919,0.919,-0.012,-1.2889,8.0,0.736
501302.SH,20190612,1.084,1.06,1.06,1.06,1.06,-0.024,-2.214,27.0,2.862
161130.SZ,20190612,1.25,1.264,1.264,1.264,1.264,0.014,1.12,9.0,1.137
159955.SZ,20190612,0.802,0.8,0.802,0.792,0.794,-0.008,-0.9975,4402.0,350.831
159953.SZ,20190612,0.73,0.73,0.73,0.73,0.73,0.0,0.0,12.0,0.876
159951.SZ,20190612,0.756,0.76,0.762,0.75,0.76,0.004,0.5291,180.0,13.67
163111.SZ,20190612,0.87,0.868,0.869,0.86,0.86,-0.01,-1.1494,334.76,28.999
512200.SH,20190612,0.875,0.867,0.867,0.858,0.86,-0.015,-1.7143,26766.0,2304.48
512700.SH,20190612,1.09,1.105,1.105,1.085,1.09,0.0,0.0,2941.0,320.975
