ts_code,trade_date,pre_close,open,high,low,close,change,pct_chg,vol,amount
510590.SH,20190214,4.591,4.6,4.638,4.582,4.616,0.025,0.5445,52322.05,24128.373
169106.SZ,20190214,0.997,0.996,0.999,0.996,0.998,0.001,0.1003,22526.94,2247.412
512160.SH,20190214,0.935,0.934,0.939,0.93,0.935,0.0,0.0,516938.0,48246.948
512520.SH,20190214,0.916,0.916,0.921,0.912,0.918,0.002,0.2183,127095.0,11647.643
512180.SH,20190214,0.913,0.912,0.918,0.91,0.913,0.0,0.0,1251319.0,114226.924
512780.SH,20190214,0.733,0.733,0.734,0.729,0.731,-0.002,-0.2729,6644.0,486.328
513900.SH,20190214,1.068,0.983,0.995,0.98,0.983,-0.085,-7.9588,1322.0,129.949
512280.SH,20190214,0.913,0.912,0.918,0.908,0.913,0.0,0.0,1934881.0,176367.555
501057.SH,20190214,0.82,0.82,0.841,0.815,0.836,0.016,1.9512,2580.82,215.117
501058.SH,20190214,0.829,0.839,0.839,0.829,0.831,0.002,0.2413,744.0,61.764
512090.SH,20190214,0.936,0.934,0.938,0.929,0.935,-0.001,-0.1068,1210539.0,112875.116
512360.SH,20190214,0.945,0.94,0.951,0.94,0.946,0.001,0.1058,44811.0,4243.329
161039.SZ,20190214,0.901,0.91,0.928,0.906,0.928,0.027,2.9967,2458.02,223.865
512770.SH,20190214,0.934,0.936,0.936,0.925,0.936,0.002,0.2141,6362.0,593.436
164824.SZ,20190214,0.929,0.925,0.925,0.909,0.915,-0.014,-1.507,1278.0,116.799
512390.SH,20190214,0.907,0.905,0.906,0.901,0.905,-0.002,-0.2205,5106.0,460.914
501059.SH,20190214,1.038,1.037,1.056,1.037,1.044,0.006,0.578,8.0,0.835
510600.SH,20190214,2.561,2.56,2.565,2.541,2.559,-0.002,-0.0781,4924.57,1258.84
511270.SH,20190214,103.09,103.01,103.1,102.8,102.8,-0.29,-0.2813,1027.2,10575.46
512850.SH,20190214,1.0,1.006,1.011,0.999,1.007,0.007,0.7,36353.01,3651.551
512820.SH,20190214,1.02,1.019,1.019,1.013,1.016,-0.004,-0.3922,61191.0,6224.649
501060.SH,20190214,1.032,1.032,1.039,1.029,1.039,0.007,0.6783,4368.01,450.771
501061.SH,20190214,1.036,1.032,1.035,1.028,1.034,-0.002,-0.1931,1270.4,131.048
501062.SH,20190214,0.913,0.912,0.913,0.91,0.911,-0.002,-0.2191,24553.23,2237.925
512860.SH,20190214,1.087,1.08,1.086,1.079,1.085,-0.002,-0.184,4803.0,520.493
501309.SH,20190214,1.049,1.034,1.053,1.034,1.053,0.004,0.3813,315.14,32.996
501310.SH,20190214,1.025,1.025,1.11,1.025,1.05,0.025,2.439,2881.16,299.994
510220.SH,20190214,3.5,3.5,3.505,3.428,3.488,-0.012,-0.3429,586.0,204.452
510210.SH,20190214,3.262,3.25,3.268,3.248,3.255,-0.007,-0.2146,887.0,288.86
164902.SZ,20190214,1.312,1.321,1.322,1.321,1.322,0.01,0.7622,48.17,6.363
161714.SZ,20190214,1.008,0.993,0.999,0.993,0.999,-0.009,-0.8929,355.0,35.463
166009.SZ,20190214,1.515,1.509,1.509,1.509,1.509,-0.006,-0.396,41.0,6.186
150028.SZ,20190214,0.974,0.974,0.974,0.972,0.973,-0.001,-0.1027,1454.32,141.463
150029.SZ,20190214,0.919,0.911,0.936,0.9,0.936,0.017,1.8498,5607.16,514.238
161907.SZ,20190214,1.528,1.528,1.532,1.526,1.532,0.004,0.2618,91.0,13.906
150031.SZ,20190214,0.747,0.761,0.765,0.761,0.762,0.015,2.008,403.73,30.776
150030.SZ,20190214,0.995,0.995,0.995,0.995,0.995,0.0,0.0,102.0,10.149
150033.SZ,20190214,0.738,0.804,0.812,0.804,0.812,0.074,10.0271,299.37,24.12
161216.SZ,20190214,1.129,1.128,1.128,1.128,1.128,-0.001,-0.0886,203.0,22.898
510230.SH,20190214,5.28,5.286,5.286,5.239,5.26,-0.02,-0.3788,20196.0,10618.527
510260.SH,20190214,1.027,1.027,1.027,0.988,0.988,-0.039,-3.7975,761.0,75.906
161116.SZ,20190214,0.71,0.71,0.71,0.706,0.709,-0.001,-0.1408,1560.0,110.293
510120.SH,20190214,2.618,2.62,2.62,2.61,2.61,-0.008,-0.3056,38.0,9.954
163409.SZ,20190214,1.366,1.38,1.384,1.38,1.384,0.018,1.3177,121.0,16.744
160512.SZ,20190214,1.512,1.512,1.521,1.512,1.521,0.009,0.5952,97.96,14.869
159908.SZ,20190214,1.168,1.166,1.177,1.163,1.176,0.008,0.6849,434.0,50.672
159907.SZ,20190214,1.076,1.075,1.083,1.064,1.076,0.0,0.0,1523.0,163.327
163110.SZ,20190214,1.52,1.522,1.522,1.515,1.52,0.0,0.0,390.0,59.26
159909.SZ,20190214,3.8,3.8,3.896,3.748,3.868,0.068,1.7895,2799.0,1065.631
510270.SH,20190214,1.017,1.025,1.026,1.013,1.024,0.007,0.6883,313.0,31.789
161217.SZ,20190214,0.589,0.59,0.59,0.587,0.587,-0.002,-0.3396,304.0,17.845
165512.SZ,20190214,1.728,1.736,1.746,1.736,1.741,0.013,0.7523,23.0,4.003
159910.SZ,20190214,1.557,1.557,1.571,1.55,1.562,0.005,0.3211,8624.0,1341.878
162712.SZ,20190214,1.44,1.44,1.441,1.44,1.44,0.0,0.0,5114.17,736.458
160719.SZ,20190214,0.713,0.717,0.717,0.71,0.713,0.0,0.0,1827.0,130.165
159911.SZ,20190214,3.205,3.192,3.22,3.192,3.218,0.013,0.4056,732.0,234.52
164701.SZ,20190214,0.609,0.606,0.608,0.605,0.607,-0.002,-0.3284,8032.0,487.151
160415.SZ,20190214,1.08,1.169,1.169,1.032,1.125,0.045,4.1667,341.23,35.454
159915.SZ,20190214,1.301,1.3,1.313,1.293,1.304,0.003,0.2306,6180714.35,804666.388
159916.SZ,20190214,3.393,3.393,3.4,3.36,3.389,-0.004,-0.1179,720.0,243.671
159912.SZ,20190214,1.072,1.078,1.088,1.063,1.087,0.015,1.3993,3906.0,421.53
510290.SH,20190214,1.237,1.237,1.241,1.234,1.24,0.003,0.2425,3506.0,433.351
160125.SZ,20190214,1.015,1.005,1.022,1.005,1.015,0.0,0.0,651.0,65.792
159913.SZ,20190214,1.599,1.554,1.613,1.554,1.611,0.012,0.7505,785.0,125.033
163208.SZ,20190214,0.806,0.815,0.823,0.815,0.823,0.017,2.1092,533.0,43.767
161017.SZ,20190214,1.58,1.58,1.592,1.552,1.586,0.006,0.3797,15217.04,2402.099
162411.SZ,20190214,0.501,0.504,0.506,0.503,0.506,0.005,0.998,883235.07,44523.774
150047.SZ,20190214,0.99,0.988,0.988,0.988,0.988,-0.002,-0.202,0.02,0.001
150048.SZ,20190214,0.853,0.821,0.859,0.821,0.856,0.003,0.3517,264.08,22.562
150053.SZ,20190214,0.98,0.98,0.98,0.98,0.98,0.0,0.0,1000.0,98.0
150064.SZ,20190214,0.989,1.002,1.002,1.002,1.002,0.013,1.3145,4.0,0.4
150065.SZ,20190214,0.628,0.629,0.629,0.629,0.629,0.001,0.1592,105.12,6.612
150060.SZ,20190214,0.83,0.78,0.827,0.749,0.827,-0.003,-0.3614,480.83,39.521
165513.SZ,20190214,0.386,0.387,0.389,0.386,0.389,0.003,0.7772,6354.0,246.783
161219.SZ,20190214,1.193,1.189,1.19,1.189,1.19,-0.003,-0.2515,11.0,1.308
150051.SZ,20190214,0.975,0.976,0.977,0.976,0.977,0.002,0.2051,9635.0,940.407
150052.SZ,20190214,0.581,0.58,0.586,0.571,0.58,-0.001,-0.1721,62675.1,3620.368
150056.SZ,20190214,0.946,1.04,1.04,0.873,0.977,0.031,3.277,3.0,0.289
161614.SZ,20190214,1.072,1.079,1.079,1.075,1.075,0.003,0.2799,109.0,11.757
163819.SZ,20190214,1.03,1.017,1.017,1.017,1.017,-0.013,-1.2621,1.0,0.101
150050.SZ,20190214,0.513,0.526,0.545,0.526,0.529,0.016,3.1189,1830.17,97.955
159918.SZ,20190214,1.221,1.221,1.222,1.207,1.222,0.001,0.0819,880.0,107.176
160416.SZ,20190214,0.993,1.0,1.001,0.99,0.996,0.003,0.3021,1940.0,193.483
150075.SZ,20190214,0.419,0.377,0.378,0.377,0.378,-0.041,-9.7852,230.0,8.681
163412.SZ,20190214,2.991,2.99,2.99,2.96,2.978,-0.013,-0.4346,9889.95,2939.854
510410.SH,20190214,0.593,0.593,0.597,0.592,0.594,0.001,0.1686,13597.0,807.441
160216.SZ,20190214,0.441,0.444,0.447,0.444,0.447,0.006,1.3605,35588.7,1585.313
159919.SZ,20190214,3.39,3.381,3.409,3.376,3.397,0.007,0.2065,548820.56,186018.574
510300.SH,20190214,3.393,3.389,3.414,3.38,3.397,0.004,0.1179,3797560.65,1288823.469
161019.SZ,20190214,1.026,1.025,1.025,1.021,1.025,-0.001,-0.0975,1544.0,158.001
160128.SZ,20190214,1.055,1.055,1.058,1.055,1.058,0.003,0.2844,968.0,102.177
164810.SZ,20190214,0.998,0.999,0.999,0.998,0.998,0.0,0.0,90.0,8.982
150105.SZ,20190214,1.074,1.181,1.181,1.181,1.181,0.107,9.9628,1.0,0.118
164702.SZ,20190214,1.053,1.048,1.054,1.048,1.048,-0.005,-0.4748,14.0,1.473
159920.SZ,20190214,1.493,1.495,1.497,1.485,1.491,-0.002,-0.134,4250526.0,633531.566
510900.SH,20190214,1.199,1.198,1.201,1.192,1.198,-0.001,-0.0834,11440505.41,1367853.432
161820.SZ,20190214,1.107,1.114,1.114,1.109,1.109,0.002,0.1807,449.0,49.973
510430.SH,20190214,1.378,1.342,1.342,1.342,1.342,-0.036,-2.6125,10.0,1.342
160916.SZ,20190214,2.443,2.426,2.443,2.42,2.442,-0.001,-0.0409,860.34,209.06
510440.SH,20190214,1.33,1.325,1.34,1.32,1.338,0.008,0.6015,207.0,27.572
150095.SZ,20190214,0.897,0.98,0.98,0.81,0.979,0.082,9.1416,302.0,24.495
150106.SZ,20190214,1.034,1.032,1.034,1.032,1.034,0.0,0.0,11851.46,1224.292
150107.SZ,20190214,0.543,0.539,0.583,0.533,0.577,0.034,6.2615,372485.67,20935.596
150101.SZ,20190214,0.82,0.82,0.821,0.803,0.821,0.001,0.122,491.0,40.209
161119.SZ,20190214,1.36,1.346,1.346,1.346,1.346,-0.014,-1.0294,15.0,2.019
163415.SZ,20190214,1.528,1.528,1.537,1.52,1.533,0.005,0.3272,4288.0,655.535
510330.SH,20190214,3.395,3.395,3.417,3.383,3.405,0.01,0.2946,1100615.0,373740.967
511990.SH,20190214,100.002,99.999,100.004,99.996,100.001,-0.001,-0.001,659841.33,6598458.957
160720.SZ,20190214,1.14,1.134,1.139,1.134,1.139,-0.001,-0.0877,29.9,3.4
159922.SZ,20190214,4.707,4.7,4.75,4.681,4.728,0.021,0.4461,39091.0,18418.118
510500.SH,20190214,4.83,4.829,4.883,4.81,4.85,0.02,0.4141,1969939.19,952942.138
150117.SZ,20190214,0.991,0.989,0.992,0.989,0.992,0.001,0.1009,39245.11,3887.669
159923.SZ,20190214,1.475,1.475,1.481,1.467,1.474,-0.001,-0.0678,1002.0,147.469
510310.SH,20190214,1.472,1.475,1.48,1.467,1.474,0.002,0.1359,106059.0,15618.023
511010.SH,20190214,117.032,117.015,117.079,116.94,116.944,-0.088,-0.0752,12355.5,144555.143
160212.SZ,20190214,1.747,1.747,1.747,1.722,1.743,-0.004,-0.229,3530.0,613.152
510660.SH,20190214,1.531,1.531,1.546,1.523,1.54,0.009,0.5879,51425.0,7893.529
510650.SH,20190214,1.727,1.727,1.73,1.7,1.722,-0.005,-0.2895,11809.93,2030.318
510630.SH,20190214,2.216,2.216,2.253,2.208,2.249,0.033,1.4892,3971.0,888.747
159925.SZ,20190214,1.446,1.445,1.451,1.435,1.447,0.001,0.0692,7663.28,1105.849
150123.SZ,20190214,1.016,1.015,1.017,1.015,1.017,0.001,0.0984,5987.56,608.274
150124.SZ,20190214,0.583,0.58,0.596,0.57,0.587,0.004,0.6861,18513.35,1076.316
163210.SZ,20190214,1.167,1.167,1.169,1.166,1.167,0.0,0.0,20574.0,2401.383
510510.SH,20190214,1.28,1.277,1.292,1.274,1.284,0.004,0.3125,185708.0,23849.472
511880.SH,20190214,100.458,100.465,100.47,100.464,100.469,0.011,0.0109,406672.65,4085699.181
165313.SZ,20190214,1.18,1.186,1.204,1.186,1.19,0.01,0.8475,1083.0,130.229
159001.SZ,20190214,100.0,99.999,100.001,99.999,100.0,0.0,0.0,15096.86,150968.566
161911.SZ,20190214,1.059,1.058,1.06,1.057,1.058,-0.001,-0.0944,53844.0,5698.604
162715.SZ,20190214,1.11,1.114,1.114,1.114,1.114,0.004,0.3604,1.0,0.111
513100.SH,20190214,2.488,2.481,2.481,2.471,2.48,-0.008,-0.3215,182147.0,45071.622
159926.SZ,20190214,110.98,111.0,111.19,110.999,110.999,0.019,0.0171,11.0,122.118
159003.SZ,20190214,100.0,99.999,100.002,99.999,100.0,0.0,0.0,4231.33,42313.063
518880.SH,20190214,2.847,2.844,2.846,2.841,2.843,-0.004,-0.1405,3034462.0,862785.646
518800.SH,20190214,2.826,2.826,2.826,2.82,2.823,-0.003,-0.1062,310132.0,87543.037
163824.SZ,20190214,1.058,1.05,1.064,1.05,1.064,0.006,0.5671,8.0,0.842
150146.SZ,20190214,0.625,0.606,0.685,0.606,0.627,0.002,0.32,10.0,0.627
162006.SZ,20190214,1.025,1.035,1.035,1.016,1.02,-0.005,-0.4878,95.32,9.708
160910.SZ,20190214,0.936,0.93,0.93,0.93,0.93,-0.006,-0.641,11.12,1.034
160805.SZ,20190214,0.672,0.681,0.685,0.672,0.674,0.002,0.2976,1310.5,88.207
160311.SZ,20190214,1.339,1.349,1.349,1.333,1.34,0.001,0.0747,1521.0,203.976
161610.SZ,20190214,0.862,0.865,0.87,0.864,0.869,0.007,0.8121,2058.2,178.419
159961.SZ,20190214,1.109,1.106,1.15,1.101,1.109,0.0,0.0,27155.92,3031.546
512260.SH,20190214,1.038,1.038,1.047,1.033,1.041,0.003,0.289,79108.87,8213.094
501067.SH,20190214,1.05,1.152,1.152,1.082,1.12,0.07,6.6667,15.0,1.686
501068.SH,20190214,1.256,1.13,1.379,1.13,1.277,0.021,1.672,322.0,38.988
510550.SH,20190214,1.04,1.036,1.054,1.036,1.041,0.001,0.0962,32107.0,3358.49
513680.SH,20190214,1.017,1.017,1.017,1.014,1.017,0.0,0.0,2747.0,279.133
512150.SH,20190214,1.066,1.065,1.067,1.058,1.063,-0.003,-0.2814,55465.0,5885.293
512890.SH,20190214,1.052,1.053,1.055,1.046,1.051,-0.001,-0.0951,167734.66,17611.645
501311.SH,20190214,1.001,0.996,0.999,0.996,0.999,-0.002,-0.1998,123.96,12.372
160105.SZ,20190214,0.834,0.839,0.839,0.833,0.836,0.002,0.2398,26.0,2.166
163801.SZ,20190214,1.115,1.112,1.12,1.106,1.117,0.002,0.1794,1711.22,190.159
160505.SZ,20190214,1.428,1.425,1.429,1.414,1.425,-0.003,-0.2101,48660.51,6916.203
510050.SH,20190214,2.571,2.565,2.578,2.557,2.567,-0.004,-0.1556,7113019.6,1826332.218
162703.SZ,20190214,1.133,1.13,1.14,1.123,1.137,0.004,0.353,5944.64,672.587
162605.SZ,20190214,1.276,1.278,1.285,1.266,1.282,0.006,0.4702,20217.9,2584.086
161607.SZ,20190214,1.066,1.065,1.07,1.063,1.07,0.004,0.3752,325.0,34.732
160106.SZ,20190214,0.918,0.916,0.918,0.908,0.918,0.0,0.0,1802.0,164.475
161903.SZ,20190214,0.735,0.733,0.742,0.733,0.741,0.006,0.8163,103.0,7.594
160706.SZ,20190214,0.971,0.971,0.975,0.968,0.973,0.002,0.206,55077.72,5348.857
163302.SZ,20190214,1.041,1.035,1.046,1.035,1.045,0.004,0.3842,264.0,27.407
161005.SZ,20190214,1.662,1.657,1.667,1.647,1.66,-0.002,-0.1203,8328.18,1381.119
163402.SZ,20190214,0.652,0.652,0.658,0.651,0.656,0.004,0.6135,92868.97,6066.041
161706.SZ,20190214,1.411,1.398,1.416,1.391,1.393,-0.018,-1.2757,1073.62,151.956
163503.SZ,20190214,0.381,0.379,0.385,0.379,0.383,0.002,0.5249,4902.0,187.12
162607.SZ,20190214,0.414,0.414,0.417,0.412,0.415,0.001,0.2415,1255.0,51.894
159901.SZ,20190214,3.864,3.863,3.91,3.849,3.893,0.029,0.7505,605595.2,234499.388
510180.SH,20190214,3.088,3.083,3.097,3.072,3.082,-0.006,-0.1943,161787.8,49871.856
162207.SZ,20190214,1.106,1.106,1.112,1.106,1.112,0.006,0.5425,151.0,16.701
159902.SZ,20190214,2.608,2.6,2.642,2.566,2.632,0.024,0.9202,410182.2,107292.806
160607.SZ,20190214,0.62,0.615,0.619,0.613,0.618,-0.002,-0.3226,2292.0,141.52
510880.SH,20190214,2.672,2.673,2.685,2.665,2.677,0.005,0.1871,87704.97,23445.887
160610.SZ,20190214,0.845,0.836,0.848,0.836,0.846,0.001,0.1183,402.12,33.822
166001.SZ,20190214,0.946,0.941,0.95,0.941,0.95,0.004,0.4228,123.0,11.671
160611.SZ,20190214,0.697,0.691,0.695,0.691,0.695,-0.002,-0.2869,178.15,12.33
160314.SZ,20190214,0.878,0.873,0.887,0.873,0.883,0.005,0.5695,908.74,79.995
160613.SZ,20190214,1.123,1.148,1.148,1.148,1.148,0.025,2.2262,18.0,2.066
161010.SZ,20190214,1.039,1.039,1.039,1.036,1.038,-0.001,-0.0962,1354.0,140.566
160615.SZ,20190214,1.399,1.399,1.409,1.399,1.403,0.004,0.2859,31.0,4.353
161810.SZ,20190214,1.272,1.268,1.28,1.268,1.28,0.008,0.6289,88.75,11.348
510060.SH,20190214,1.76,1.759,1.773,1.746,1.773,0.013,0.7386,576.0,101.143
160119.SZ,20190214,1.148,1.147,1.157,1.135,1.149,0.001,0.0871,16113.55,1851.468
510010.SH,20190214,1.041,1.041,1.05,1.037,1.039,-0.002,-0.1921,538.0,55.948
162307.SZ,20190214,1.188,1.197,1.197,1.197,1.197,0.009,0.7576,4.0,0.478
165309.SZ,20190214,1.071,1.08,1.082,1.079,1.08,0.009,0.8403,133.0,14.364
160211.SZ,20190214,1.734,1.727,1.731,1.711,1.731,-0.003,-0.173,1763.0,303.161
162711.SZ,20190214,0.984,0.99,0.99,0.983,0.99,0.006,0.6098,1060.0,104.655
150008.SZ,20190214,1.085,1.129,1.129,1.088,1.12,0.035,3.2258,261.69,29.119
150009.SZ,20190214,0.999,1.01,1.01,0.994,1.003,0.004,0.4004,235.53,23.607
159903.SZ,20190214,0.889,0.889,0.9,0.887,0.896,0.007,0.7874,35655.25,3180.389
166006.SZ,20190214,0.958,0.961,0.962,0.946,0.961,0.003,0.3132,309.56,29.523
510020.SH,20190214,2.631,2.604,2.618,2.604,2.618,-0.013,-0.4941,666.0,174.167
160716.SZ,20190214,1.474,1.476,1.485,1.463,1.471,-0.003,-0.2035,5296.07,777.625
163001.SZ,20190214,0.779,0.771,0.775,0.769,0.773,-0.006,-0.7702,7.0,0.54
510130.SH,20190214,3.455,3.455,3.455,3.455,3.455,0.0,0.0,10.0,3.455
510030.SH,20190214,4.85,4.834,4.9,4.8,4.874,0.024,0.4948,724.0,350.157
510090.SH,20190214,1.566,1.53,1.566,1.53,1.531,-0.035,-2.235,51.0,7.807
150016.SZ,20190214,1.025,1.049,1.049,1.03,1.036,0.011,1.0732,201.15,20.84
150017.SZ,20190214,1.281,1.282,1.289,1.263,1.289,0.008,0.6245,5397.11,691.203
150012.SZ,20190214,1.111,1.113,1.113,1.113,1.113,0.002,0.18,1529.0,170.177
150013.SZ,20190214,1.254,1.187,1.27,1.187,1.254,0.0,0.0,420.01,52.652
150018.SZ,20190214,0.974,0.974,0.977,0.974,0.977,0.003,0.308,509252.1,49684.281
150019.SZ,20190214,0.65,0.649,0.668,0.644,0.655,0.005,0.7692,3879569.16,253359.035
161713.SZ,20190214,1.029,1.03,1.03,1.029,1.029,0.0,0.0,384.0,39.541
165508.SZ,20190214,1.396,1.43,1.43,1.43,1.43,0.034,2.4355,1.0,0.143
160807.SZ,20190214,1.123,1.126,1.126,1.126,1.126,0.003,0.2671,2.0,0.225
510070.SH,20190214,1.496,1.496,1.501,1.487,1.5,0.004,0.2674,12609.0,1883.656
160215.SZ,20190214,1.246,1.245,1.253,1.241,1.253,0.007,0.5618,587.0,73.209
510160.SH,20190214,0.52,0.517,0.521,0.517,0.52,0.0,0.0,5518.0,286.614
160717.SZ,20190214,0.822,0.825,0.825,0.82,0.821,-0.001,-0.1217,1071.22,87.991
164105.SZ,20190214,1.32,1.319,1.319,1.319,1.319,-0.001,-0.0758,256.0,33.766
163407.SZ,20190214,1.7,1.7,1.704,1.69,1.704,0.004,0.2353,4692.0,794.877
159905.SZ,20190214,1.524,1.525,1.534,1.512,1.527,0.003,0.1969,57835.0,8810.029
510190.SH,20190214,3.061,3.051,3.076,3.047,3.068,0.007,0.2287,2568.27,785.61
150022.SZ,20190214,0.725,0.723,0.731,0.721,0.729,0.004,0.5517,236070.01,17163.006
150023.SZ,20190214,0.171,0.171,0.172,0.17,0.171,0.0,0.0,523788.11,8958.486
510170.SH,20190214,1.528,1.514,1.548,1.514,1.53,0.002,0.1309,45.0,6.871
166008.SZ,20190214,1.106,1.012,1.12,1.012,1.12,0.014,1.2658,61.0,6.805
161815.SZ,20190214,0.453,0.453,0.453,0.443,0.449,-0.004,-0.883,527.0,23.814
510150.SH,20190214,4.288,4.27,4.344,4.265,4.338,0.05,1.166,5685.0,2457.663
159906.SZ,20190214,0.704,0.697,0.71,0.697,0.708,0.004,0.5682,3764.0,266.081
150308.SZ,20190214,0.95,0.95,0.954,0.95,0.954,0.004,0.4211,5.3,0.505
502006.SH,20190214,0.899,0.89,0.899,0.89,0.896,-0.003,-0.3337,263.29,23.578
502007.SH,20190214,0.996,0.996,0.997,0.996,0.997,0.001,0.1004,195.0,19.438
502008.SH,20190214,0.775,0.78,0.781,0.78,0.78,0.005,0.6452,422.0,32.917
150306.SZ,20190214,0.957,0.91,0.91,0.91,0.91,-0.047,-4.9112,2.44,0.222
150310.SZ,20190214,1.065,1.061,1.092,1.058,1.092,0.027,2.5352,277.0,29.409
501000.SH,20190214,0.955,0.965,0.965,0.95,0.962,0.007,0.733,130.0,12.51
150321.SZ,20190214,1.04,1.039,1.04,1.039,1.04,0.0,0.0,1280.52,133.131
150322.SZ,20190214,0.676,0.664,0.679,0.662,0.678,0.002,0.2959,2778.0,186.734
150312.SZ,20190214,0.996,0.99,0.99,0.99,0.99,-0.006,-0.6024,123.0,12.177
501001.SH,20190214,0.995,0.998,1.019,0.996,1.019,0.024,2.4121,2020.66,202.355
512330.SH,20190214,0.621,0.624,0.627,0.616,0.622,0.001,0.161,8529.0,530.022
159945.SZ,20190214,0.619,0.623,0.63,0.621,0.63,0.011,1.7771,1429.0,89.152
159944.SZ,20190214,0.67,0.661,0.661,0.66,0.661,-0.009,-1.3433,280.0,18.496
150298.SZ,20190214,1.082,0.974,1.15,0.974,1.15,0.068,6.2847,601.58,60.124
502036.SH,20190214,0.731,0.731,0.739,0.722,0.737,0.006,0.8208,88.04,6.448
502038.SH,20190214,1.04,0.936,0.936,0.936,0.936,-0.104,-10.0,1.0,0.094
150328.SZ,20190214,0.62,0.62,0.62,0.62,0.62,0.0,0.0,275.0,17.05
150325.SZ,20190214,0.991,0.991,0.991,0.991,0.991,0.0,0.0,500.0,49.55
150326.SZ,20190214,1.549,1.394,1.394,1.394,1.394,-0.155,-10.0065,1.0,0.139
150323.SZ,20190214,0.991,0.993,0.993,0.993,0.993,0.002,0.2018,1170.0,116.181
150324.SZ,20190214,0.399,0.439,0.439,0.436,0.439,0.04,10.0251,1565.74,68.626
150335.SZ,20190214,0.994,0.994,0.994,0.991,0.994,0.0,0.0,1020.79,101.466
150336.SZ,20190214,0.52,0.518,0.527,0.505,0.527,0.007,1.3462,3788.8,197.487
502010.SH,20190214,0.917,0.902,0.918,0.891,0.918,0.001,0.1091,5153.57,470.432
502012.SH,20190214,0.838,0.836,0.842,0.817,0.832,-0.006,-0.716,41276.59,3427.4
502011.SH,20190214,0.993,0.991,0.994,0.983,0.994,0.001,0.1007,8865.44,879.924
502003.SH,20190214,1.08,1.085,1.088,1.081,1.085,0.005,0.463,979.16,106.344
502004.SH,20190214,0.982,0.979,0.985,0.979,0.985,0.003,0.3055,813.46,79.945
502005.SH,20190214,1.185,1.166,1.198,1.166,1.19,0.005,0.4219,1375.66,163.846
168101.SZ,20190214,0.838,0.839,0.84,0.834,0.84,0.002,0.2387,8975.09,751.367
150303.SZ,20190214,0.994,0.993,0.995,0.992,0.994,0.0,0.0,32822.05,3261.598
150304.SZ,20190214,0.768,0.768,0.783,0.756,0.775,0.007,0.9115,69252.07,5334.335
502023.SH,20190214,0.797,0.797,0.824,0.735,0.8,0.003,0.3764,466.5,35.08
502024.SH,20190214,0.984,0.984,0.987,0.984,0.987,0.003,0.3049,137.0,13.518
502025.SH,20190214,1.02,0.918,0.99,0.918,0.99,-0.03,-2.9412,276.0,25.999
150329.SZ,20190214,0.973,0.974,0.974,0.974,0.974,0.001,0.1028,34.0,3.311
150330.SZ,20190214,1.254,1.244,1.25,1.218,1.249,-0.005,-0.3987,10899.08,1340.95
184801.SZ,20190214,92.217,92.5,93.188,91.52,92.3,0.083,0.09,712.61,6577.223
502042.SH,20190214,1.076,1.154,1.154,1.154,1.154,0.078,7.2491,310.0,35.774
502056.SH,20190214,0.898,0.898,0.898,0.898,0.898,0.0,0.0,4.0,0.359
502057.SH,20190214,0.993,0.99,0.99,0.99,0.99,-0.003,-0.3021,1.0,0.099
502058.SH,20190214,0.76,0.78,0.78,0.78,0.78,0.02,2.6316,223.36,17.422
511830.SH,20190214,99.999,99.995,100.004,99.995,100.004,0.005,0.005,314.7,3146.944
150344.SZ,20190214,1.61,1.59,1.623,1.59,1.591,-0.019,-1.1801,68.0,10.841
510360.SH,20190214,1.092,1.092,1.098,1.086,1.093,0.001,0.0916,190373.0,20802.733
502053.SH,20190214,1.18,1.15,1.182,1.15,1.182,0.002,0.1695,253.63,29.411
502054.SH,20190214,0.988,0.988,0.988,0.988,0.988,0.0,0.0,20.0,1.976
502055.SH,20190214,1.377,1.362,1.383,1.35,1.383,0.006,0.4357,377.48,51.446
161226.SZ,20190214,0.792,0.788,0.788,0.785,0.787,-0.005,-0.6313,25041.0,1969.655
167501.SZ,20190214,1.235,1.234,1.235,1.233,1.235,0.0,0.0,20637.42,2548.067
510580.SH,20190214,4.54,4.54,4.544,4.45,4.495,-0.045,-0.9912,1541.0,693.437
161227.SZ,20190214,0.821,0.82,0.827,0.818,0.825,0.004,0.4872,11695.64,961.175
511980.SH,20190214,100.0,99.995,100.001,99.99,99.997,-0.003,-0.003,497.27,4972.496
511900.SH,20190214,99.997,99.997,99.998,99.992,99.997,0.0,0.0,7485.45,74851.352
161229.SZ,20190214,1.15,1.159,1.173,1.159,1.171,0.021,1.8261,31.0,3.605
164206.SZ,20190214,1.125,1.115,1.115,1.102,1.102,-0.023,-2.0444,3060.0,339.834
501002.SH,20190214,0.667,0.669,0.669,0.66,0.666,-0.001,-0.1499,64.0,4.239
501005.SH,20190214,0.723,0.726,0.728,0.71,0.725,0.002,0.2766,2843.16,205.391
511960.SH,20190214,100.0,99.994,100.0,99.994,99.999,-0.001,-0.001,28.03,280.295
161033.SZ,20190214,0.797,0.795,0.795,0.774,0.79,-0.007,-0.8783,4917.37,385.019
169103.SZ,20190214,1.155,1.152,1.165,1.151,1.164,0.009,0.7792,3274.92,378.572
511820.SH,20190214,99.993,99.993,99.996,99.991,99.995,0.002,0.002,278.35,2783.328
168102.SZ,20190214,0.783,0.782,0.786,0.778,0.786,0.003,0.3831,14745.83,1153.835
501015.SH,20190214,0.795,0.804,0.804,0.794,0.802,0.007,0.8805,1419.81,113.113
162415.SZ,20190214,1.4,1.405,1.412,1.403,1.412,0.012,0.8571,5574.0,783.709
160518.SZ,20190214,0.946,0.948,0.955,0.943,0.955,0.009,0.9514,9575.02,909.684
511920.SH,20190214,100.001,100.0,100.049,99.951,99.988,-0.013,-0.013,760.0,7599.873
159948.SZ,20190214,1.417,1.417,1.428,1.407,1.419,0.002,0.1411,42786.0,6056.492
161232.SZ,20190214,0.572,0.576,0.578,0.574,0.578,0.006,1.049,191.0,10.997
165528.SZ,20190214,0.809,0.801,0.815,0.801,0.813,0.004,0.4944,264.0,21.152
501017.SH,20190214,0.784,0.792,0.792,0.792,0.792,0.008,1.0204,1.0,0.079
160519.SZ,20190214,0.84,0.835,0.841,0.835,0.841,0.001,0.119,98.11,8.221
501018.SH,20190214,1.017,1.023,1.043,1.023,1.039,0.022,2.1632,41047.45,4229.545
162215.SZ,20190214,1.1,1.009,1.013,1.009,1.012,-0.088,-8.0,68011.9,6881.556
501021.SH,20190214,1.326,1.326,1.326,1.318,1.321,-0.005,-0.3771,4003.5,529.095
159949.SZ,20190214,0.477,0.477,0.484,0.474,0.481,0.004,0.8386,10802077.95,517428.356
511850.SH,20190214,100.011,100.008,100.011,100.0,100.01,-0.001,-0.001,14349.62,143505.459
169104.SZ,20190214,1.126,1.126,1.134,1.124,1.134,0.008,0.7105,2242.0,252.541
512660.SH,20190214,0.683,0.683,0.688,0.68,0.684,0.001,0.1464,366737.0,25081.209
511910.SH,20190214,99.994,100.009,100.009,100.0,100.0,0.006,0.006,7.0,70.004
512880.SH,20190214,0.841,0.838,0.845,0.832,0.84,-0.001,-0.1189,3160946.0,265145.655
167001.SZ,20190214,0.637,0.633,0.637,0.633,0.637,0.0,0.0,1106.13,70.02
161834.SZ,20190214,0.746,0.744,0.746,0.743,0.746,0.0,0.0,22261.0,1657.022
160520.SZ,20190214,0.995,0.997,0.998,0.997,0.998,0.003,0.3015,7.0,0.698
160225.SZ,20190214,0.736,0.74,0.747,0.732,0.743,0.007,0.9511,3614.84,267.965
511970.SH,20190214,100.099,100.079,100.098,100.079,100.093,-0.006,-0.006,6.0,60.053
168103.SZ,20190214,0.706,0.706,0.707,0.702,0.706,0.0,0.0,75892.23,5348.231
512810.SH,20190214,0.646,0.645,0.651,0.643,0.648,0.002,0.3096,15531.0,1005.724
510810.SH,20190214,0.825,0.825,0.831,0.824,0.827,0.002,0.2424,108709.04,8996.206
160921.SZ,20190214,0.815,0.82,0.82,0.82,0.82,0.005,0.6135,3.0,0.246
160522.SZ,20190214,0.87,0.865,0.865,0.865,0.865,-0.005,-0.5747,6.0,0.519
160635.SZ,20190214,0.88,0.871,0.882,0.869,0.88,0.0,0.0,426.0,37.384
164403.SZ,20190214,1.013,1.013,1.018,1.009,1.018,0.005,0.4936,31.0,3.147
169105.SZ,20190214,1.148,1.145,1.152,1.142,1.145,-0.003,-0.2613,41014.81,4696.949
512680.SH,20190214,0.671,0.671,0.676,0.669,0.673,0.002,0.2981,35824.0,2413.02
168104.SZ,20190214,0.953,0.904,0.959,0.904,0.959,0.006,0.6296,13.0,1.241
512000.SH,20190214,0.801,0.799,0.806,0.793,0.799,-0.002,-0.2497,1374529.0,109852.74
165525.SZ,20190214,0.786,0.786,0.79,0.782,0.782,-0.004,-0.5089,2484.2,194.943
160421.SZ,20190214,0.889,0.887,0.887,0.882,0.885,-0.004,-0.4499,13734.86,1213.378
501026.SH,20190214,0.743,0.743,0.753,0.743,0.753,0.01,1.3459,948.66,71.164
167002.SZ,20190214,0.858,0.858,0.858,0.858,0.858,0.0,0.0,16.0,1.372
511660.SH,20190214,100.003,100.001,100.008,99.998,100.007,0.004,0.004,102137.9,1021404.28
168105.SZ,20190214,0.727,0.724,0.727,0.724,0.726,-0.001,-0.1376,7206.87,522.764
512100.SH,20190214,0.57,0.571,0.575,0.565,0.572,0.002,0.3509,153425.0,8765.753
501022.SH,20190214,0.818,0.817,0.827,0.817,0.827,0.009,1.1002,2076.36,170.022
501023.SH,20190214,1.097,1.115,1.115,1.087,1.087,-0.01,-0.9116,128.0,14.048
511600.SH,20190214,100.002,100.0,100.004,99.999,100.001,-0.001,-0.001,708.04,7080.447
160722.SZ,20190214,0.96,0.963,0.963,0.96,0.963,0.003,0.3125,585.09,56.279
163119.SZ,20190214,0.686,0.684,0.684,0.684,0.684,-0.002,-0.2915,12.0,0.82
160642.SZ,20190214,0.86,0.878,0.878,0.878,0.878,0.018,2.093,32.0,2.809
511690.SH,20190214,100.0,99.997,100.002,99.996,100.001,0.001,0.001,21854.98,218545.72
511700.SH,20190214,99.999,99.998,100.071,99.976,100.001,0.002,0.002,647.57,6475.649
501050.SH,20190214,1.163,1.166,1.166,1.156,1.164,0.001,0.086,25664.32,2982.547
164210.SZ,20190214,1.074,1.074,1.074,1.074,1.074,0.0,0.0,440.0,47.256
160223.SZ,20190214,0.647,0.647,0.652,0.637,0.645,-0.002,-0.3091,1218.38,78.631
161035.SZ,20190214,0.849,0.838,0.849,0.838,0.849,0.0,0.0,409.52,34.454
150143.SZ,20190214,0.976,0.975,0.976,0.975,0.976,0.0,0.0,8185.99,798.638
150144.SZ,20190214,0.998,0.998,1.01,0.998,1.01,0.012,1.2024,292.48,29.327
159929.SZ,20190214,1.274,1.278,1.278,1.26,1.273,-0.001,-0.0785,33969.0,4314.719
159928.SZ,20190214,2.101,2.1,2.141,2.092,2.136,0.035,1.6659,53851.0,11416.054
159930.SZ,20190214,0.695,0.695,0.703,0.69,0.692,-0.003,-0.4317,2961.0,205.002
159931.SZ,20190214,1.502,1.55,1.55,1.5,1.51,0.008,0.5326,600.01,90.457
150149.SZ,20190214,0.488,0.486,0.497,0.471,0.496,0.008,1.6393,6531.0,312.941
160515.SZ,20190214,1.066,1.066,1.067,1.066,1.066,0.0,0.0,1226.0,130.712
150130.SZ,20190214,0.999,0.998,0.999,0.997,0.998,-0.001,-0.1001,21101.89,2104.522
150131.SZ,20190214,1.143,1.138,1.165,1.116,1.148,0.005,0.4374,338146.67,38518.174
150150.SZ,20190214,0.978,0.981,0.981,0.978,0.978,0.0,0.0,2560.0,250.386
150151.SZ,20190214,0.616,0.657,0.657,0.575,0.643,0.027,4.3831,166.93,10.349
150152.SZ,20190214,0.985,0.984,0.988,0.983,0.988,0.003,0.3046,770222.0,75990.014
150153.SZ,20190214,0.814,0.813,0.823,0.801,0.812,-0.002,-0.2457,2724285.79,220606.32
159932.SZ,20190214,1.22,1.221,1.239,1.221,1.235,0.015,1.2295,753.0,92.629
512010.SH,20190214,1.464,1.455,1.472,1.45,1.466,0.002,0.1366,155057.92,22668.21
159933.SZ,20190214,1.82,1.796,1.817,1.771,1.804,-0.016,-0.8791,1315.0,233.888
150138.SZ,20190214,0.986,1.038,1.038,0.992,0.992,0.006,0.6085,336.0,33.442
150139.SZ,20190214,0.363,0.369,0.399,0.369,0.371,0.008,2.2039,95.0,3.677
510680.SH,20190214,2.115,2.108,2.138,2.096,2.127,0.012,0.5674,15.0,3.155
160131.SZ,20190214,1.06,1.06,1.06,1.06,1.06,0.0,0.0,1258.0,133.348
159934.SZ,20190214,2.826,2.824,2.827,2.822,2.824,-0.002,-0.0708,970213.2,274076.44
513500.SH,20190214,1.727,1.728,1.735,1.728,1.731,0.004,0.2316,363052.0,62876.025
512120.SH,20190214,1.275,1.275,1.296,1.268,1.296,0.021,1.6471,21859.0,2803.005
150157.SZ,20190214,0.982,0.981,0.981,0.98,0.981,-0.001,-0.1018,27481.0,2695.775
150158.SZ,20190214,0.853,0.855,0.86,0.845,0.849,-0.004,-0.4689,14441.23,1228.611
159935.SZ,20190214,1.268,1.25,1.271,1.25,1.271,0.003,0.2366,186.0,23.439
160220.SZ,20190214,1.182,1.146,1.146,1.146,1.146,-0.036,-3.0457,289.0,33.119
510520.SH,20190214,1.225,1.21,1.225,1.21,1.225,0.0,0.0,161.0,19.703
164705.SZ,20190214,1.178,1.168,1.181,1.168,1.173,-0.005,-0.4244,13.0,1.519
150170.SZ,20190214,1.369,1.366,1.368,1.355,1.362,-0.007,-0.5113,1737.0,236.533
150171.SZ,20190214,0.986,0.985,0.987,0.985,0.987,0.001,0.1014,36520.77,3603.865
150172.SZ,20190214,1.651,1.649,1.66,1.623,1.638,-0.013,-0.7874,162740.79,26732.882
161831.SZ,20190214,0.984,0.988,0.988,0.979,0.981,-0.003,-0.3049,32.05,3.147
150175.SZ,20190214,0.978,0.978,0.98,0.977,0.978,0.0,0.0,201038.0,19663.966
150176.SZ,20190214,0.993,0.99,0.99,0.979,0.989,-0.004,-0.4028,52621.7,5178.522
150181.SZ,20190214,0.975,0.974,0.976,0.974,0.974,-0.001,-0.1026,181446.64,17676.183
150182.SZ,20190214,1.109,1.108,1.121,1.095,1.114,0.005,0.4509,204730.88,22713.669
150177.SZ,20190214,0.973,0.975,0.975,0.974,0.974,0.001,0.1028,662.0,64.497
150178.SZ,20190214,1.098,1.088,1.096,1.074,1.09,-0.008,-0.7286,2943.32,319.156
150180.SZ,20190214,0.793,0.799,0.872,0.799,0.868,0.075,9.4578,3430.18,293.4
160812.SZ,20190214,1.276,1.274,1.288,1.271,1.275,-0.001,-0.0784,1395.04,177.844
150165.SZ,20190214,1.0,1.047,1.047,1.03,1.039,0.039,3.9,21.0,2.181
160918.SZ,20190214,1.679,1.702,1.702,1.673,1.69,0.011,0.6552,695.0,117.884
161505.SZ,20190214,1.131,1.159,1.159,1.159,1.159,0.028,2.4757,27.0,3.129
150184.SZ,20190214,1.018,1.018,1.018,1.018,1.018,0.0,0.0,10000.0,1018.0
150185.SZ,20190214,0.903,0.903,0.921,0.9,0.916,0.013,1.4396,29846.12,2700.612
159936.SZ,20190214,1.201,1.201,1.201,1.185,1.199,-0.002,-0.1665,1055.0,125.979
512600.SH,20190214,2.05,2.052,2.088,2.052,2.088,0.038,1.8537,364.0,75.18
512610.SH,20190214,1.25,1.247,1.247,1.233,1.235,-0.015,-1.2,433.0,53.694
512640.SH,20190214,1.703,1.738,1.738,1.738,1.738,0.035,2.0552,15.0,2.607
512070.SH,20190214,1.832,1.809,1.835,1.809,1.823,-0.009,-0.4913,10658.0,1946.422
160513.SZ,20190214,1.436,1.461,1.461,1.461,1.461,0.025,1.7409,63.0,9.204
512220.SH,20190214,1.08,1.107,1.108,1.064,1.077,-0.003,-0.2778,228.0,24.595
150186.SZ,20190214,0.991,0.988,0.992,0.988,0.992,0.001,0.1009,3628.24,359.279
150187.SZ,20190214,0.887,0.872,0.898,0.872,0.893,0.006,0.6764,4264.84,374.568
160133.SZ,20190214,2.06,2.055,2.067,2.055,2.061,0.001,0.0485,2209.14,455.39
150188.SZ,20190214,0.995,0.995,0.999,0.995,0.999,0.004,0.402,1102.44,109.821
150189.SZ,20190214,0.65,0.632,0.715,0.632,0.639,-0.011,-1.6923,124.39,8.044
513030.SH,20190214,0.956,0.956,0.956,0.952,0.954,-0.002,-0.2092,13006.0,1241.165
159937.SZ,20190214,2.846,2.847,2.848,2.842,2.843,-0.003,-0.1054,144634.0,41140.508
150191.SZ,20190214,1.211,1.183,1.21,1.183,1.21,-0.001,-0.0826,11.0,1.304
163827.SZ,20190214,1.018,1.019,1.049,1.019,1.049,0.031,3.0452,63.0,6.59
150194.SZ,20190214,0.974,0.974,0.975,0.974,0.974,0.0,0.0,9931.12,967.827
150195.SZ,20190214,0.587,0.59,0.597,0.574,0.587,0.0,0.0,270040.25,15788.014
150192.SZ,20190214,1.038,1.023,1.023,1.023,1.023,-0.015,-1.4451,200.0,20.46
150193.SZ,20190214,0.848,0.85,0.86,0.827,0.841,-0.007,-0.8255,2994.94,253.699
169101.SZ,20190214,1.308,1.31,1.31,1.3,1.308,0.0,0.0,24578.7,3209.141
150198.SZ,20190214,1.025,1.025,1.07,1.025,1.07,0.045,4.3902,3002.0,307.714
150199.SZ,20190214,1.335,1.32,1.38,1.306,1.361,0.026,1.9476,6369.07,861.997
505888.SH,20190214,1.007,1.006,1.009,1.004,1.007,0.0,0.0,283657.91,28552.445
512300.SH,20190214,0.903,0.898,0.912,0.898,0.91,0.007,0.7752,10453.0,947.872
511220.SH,20190214,95.763,95.764,95.82,95.661,95.797,0.034,0.0355,442.26,4235.804
150200.SZ,20190214,0.973,0.973,0.975,0.972,0.975,0.002,0.2055,181728.69,17699.153
150201.SZ,20190214,0.897,0.89,0.905,0.876,0.892,-0.005,-0.5574,2541234.53,226248.195
150205.SZ,20190214,0.979,0.979,0.98,0.979,0.98,0.001,0.1021,63687.9,6236.155
150206.SZ,20190214,0.426,0.428,0.439,0.421,0.427,0.001,0.2347,928336.8,39825.438
159938.SZ,20190214,1.093,1.089,1.102,1.085,1.097,0.004,0.366,143495.0,15691.866
150207.SZ,20190214,0.988,0.989,0.989,0.989,0.989,0.001,0.1012,1.0,0.098
150208.SZ,20190214,1.171,1.266,1.266,1.075,1.201,0.03,2.5619,7.4,0.852
160813.SZ,20190214,0.694,0.695,0.695,0.689,0.693,-0.001,-0.1441,1474.28,101.984
150174.SZ,20190214,0.804,0.803,0.84,0.766,0.766,-0.038,-4.7264,1675.38,136.199
511810.SH,20190214,99.994,99.993,99.997,99.992,99.996,0.002,0.002,57323.65,573205.435
511860.SH,20190214,100.005,99.998,99.999,99.992,99.995,-0.01,-0.01,532.31,5322.861
164208.SZ,20190214,1.04,1.049,1.049,1.049,1.049,0.009,0.8654,50.0,5.245
150204.SZ,20190214,0.735,0.739,0.754,0.739,0.753,0.018,2.449,4094.3,306.246
511800.SH,20190214,100.0,100.0,100.0,99.992,99.999,-0.001,-0.001,1083.5,10834.574
150209.SZ,20190214,0.975,0.975,0.977,0.975,0.976,0.001,0.1026,63391.0,6183.838
150210.SZ,20190214,0.552,0.55,0.554,0.543,0.551,-0.001,-0.1812,68247.5,3743.36
160618.SZ,20190214,1.283,1.283,1.284,1.282,1.283,0.0,0.0,7828.8,1004.487
513660.SH,20190214,2.56,2.551,2.557,2.551,2.557,-0.003,-0.1172,144.0,36.74
513600.SH,20190214,2.588,2.578,2.584,2.568,2.572,-0.016,-0.6182,454.0,116.793
159005.SZ,20190214,100.0,100.0,100.001,99.999,100.001,0.001,0.001,8419.37,84193.665
159939.SZ,20190214,0.836,0.836,0.844,0.828,0.837,0.001,0.1196,119946.0,10031.759
169102.SZ,20190214,1.036,1.034,1.039,1.023,1.034,-0.002,-0.1931,3384.08,349.813
160919.SZ,20190214,1.04,1.04,1.045,1.033,1.045,0.005,0.4808,700.0,72.559
512990.SH,20190214,1.002,1.004,1.006,0.997,1.003,0.001,0.0998,82923.0,8299.243
159940.SZ,20190214,0.877,0.868,0.879,0.868,0.873,-0.004,-0.4561,875.02,76.524
150214.SZ,20190214,1.016,1.017,1.035,1.002,1.012,-0.004,-0.3937,760.96,77.114
150215.SZ,20190214,1.037,1.038,1.11,1.038,1.064,0.027,2.6037,5.0,0.532
150216.SZ,20190214,0.576,0.605,0.634,0.604,0.634,0.058,10.0694,22664.97,1418.856
161716.SZ,20190214,1.23,1.229,1.235,1.228,1.229,-0.001,-0.0813,1673.77,205.788
150135.SZ,20190214,0.994,0.994,0.995,0.994,0.995,0.001,0.1006,1451.0,144.24
150217.SZ,20190214,0.974,0.973,0.974,0.972,0.974,0.0,0.0,3262.11,317.723
150218.SZ,20190214,0.878,0.846,0.898,0.846,0.898,0.02,2.2779,4619.03,408.066
150211.SZ,20190214,0.985,0.985,0.987,0.985,0.987,0.002,0.203,6143.0,605.393
150212.SZ,20190214,0.895,0.899,0.924,0.866,0.904,0.009,1.0056,17316.27,1565.165
150223.SZ,20190214,1.038,1.037,1.037,1.035,1.037,-0.001,-0.0963,25834.0,2678.471
150224.SZ,20190214,1.552,1.548,1.561,1.53,1.543,-0.009,-0.5799,83292.99,12876.984
161224.SZ,20190214,0.847,0.838,0.854,0.838,0.854,0.007,0.8264,11.0,0.937
150196.SZ,20190214,0.991,0.99,0.992,0.99,0.992,0.001,0.1009,48258.38,4783.61
150197.SZ,20190214,0.433,0.431,0.44,0.423,0.433,0.0,0.0,625549.89,26848.383
150221.SZ,20190214,1.039,1.038,1.042,1.037,1.038,-0.001,-0.0962,29700.0,3085.116
150222.SZ,20190214,0.752,0.754,0.765,0.746,0.758,0.006,0.7979,90121.47,6803.483
512310.SH,20190214,0.445,0.448,0.449,0.442,0.446,0.001,0.2247,13135.0,585.232
502048.SH,20190214,0.862,0.862,0.862,0.856,0.859,-0.003,-0.348,3000.94,257.541
502049.SH,20190214,1.015,1.015,1.016,1.015,1.016,0.001,0.0985,41102.59,4175.134
502050.SH,20190214,0.706,0.705,0.708,0.695,0.703,-0.003,-0.4249,121388.66,8523.421
512340.SH,20190214,0.699,0.697,0.699,0.694,0.699,0.0,0.0,3509.0,244.0
502000.SH,20190214,0.781,0.818,0.819,0.775,0.775,-0.006,-0.7682,60.0,4.694
150220.SZ,20190214,0.456,0.456,0.465,0.451,0.456,0.0,0.0,28951.0,1321.022
166011.SZ,20190214,1.106,1.105,1.105,1.104,1.104,-0.002,-0.1808,31.0,3.422
512500.SH,20190214,2.242,2.242,2.267,2.234,2.253,0.011,0.4906,645013.25,144823.374
150227.SZ,20190214,0.98,0.979,0.981,0.979,0.981,0.001,0.102,96862.94,9492.474
150228.SZ,20190214,0.795,0.79,0.798,0.782,0.789,-0.006,-0.7547,503360.9,39769.328
512510.SH,20190214,0.961,0.961,0.968,0.952,0.961,0.0,0.0,65901.0,6326.243
150242.SZ,20190214,0.981,0.97,0.972,0.962,0.962,-0.019,-1.9368,533.0,51.769
166012.SZ,20190214,1.09,1.07,1.07,1.07,1.07,-0.02,-1.8349,1.0,0.107
150229.SZ,20190214,0.986,0.984,0.984,0.976,0.984,-0.002,-0.2028,520.01,50.982
150230.SZ,20190214,1.424,1.429,1.55,1.362,1.48,0.056,3.9326,1133.66,168.996
150232.SZ,20190214,0.592,0.62,0.651,0.62,0.65,0.058,9.7973,5770.15,371.082
150225.SZ,20190214,0.999,1.005,1.005,1.005,1.005,0.006,0.6006,10.3,1.035
150226.SZ,20190214,1.0,1.001,1.001,0.999,1.001,0.001,0.1,15.15,1.516
150236.SZ,20190214,1.299,1.26,1.309,1.26,1.3,0.001,0.077,2128.91,272.955
164906.SZ,20190214,1.188,1.191,1.191,1.176,1.187,-0.001,-0.0842,1828.56,216.63
150247.SZ,20190214,0.992,0.992,0.993,0.992,0.993,0.001,0.1008,2503.55,248.43
150248.SZ,20190214,0.716,0.717,0.724,0.705,0.723,0.007,0.9777,3638.43,261.815
510710.SH,20190214,2.804,2.797,2.803,2.756,2.793,-0.011,-0.3923,157516.0,43985.317
162108.SZ,20190214,1.186,1.174,1.186,1.174,1.186,0.0,0.0,190.0,22.307
150252.SZ,20190214,0.649,0.652,0.712,0.65,0.712,0.063,9.7072,5952.86,408.416
150265.SZ,20190214,1.002,1.004,1.004,1.003,1.003,0.001,0.0998,195.0,19.558
150266.SZ,20190214,0.819,0.82,0.825,0.82,0.824,0.005,0.6105,1085.5,89.209
150273.SZ,20190214,1.014,1.01,1.01,1.006,1.007,-0.007,-0.6903,737.0,74.235
150274.SZ,20190214,0.962,1.018,1.05,1.018,1.05,0.088,9.1476,643.97,66.873
159943.SZ,20190214,8.686,8.756,8.889,8.645,8.818,0.132,1.5197,956.09,838.186
150261.SZ,20190214,1.099,1.09,1.091,0.991,0.991,-0.108,-9.8271,1024.0,110.65
150262.SZ,20190214,0.591,0.591,0.596,0.585,0.595,0.004,0.6768,3460.71,205.32
510560.SH,20190214,0.971,0.97,0.97,0.964,0.966,-0.005,-0.5149,6050.0,583.85
502013.SH,20190214,1.071,1.071,1.073,1.062,1.069,-0.002,-0.1867,2280.97,244.063
502015.SH,20190214,1.155,1.055,1.173,1.055,1.154,-0.001,-0.0866,582.85,66.879
502020.SH,20190214,0.856,0.866,0.866,0.866,0.866,0.01,1.1682,58.76,5.089
502021.SH,20190214,0.999,0.982,0.983,0.982,0.983,-0.016,-1.6016,934.0,91.762
502022.SH,20190214,1.039,0.935,0.935,0.935,0.935,-0.104,-10.0096,1.0,0.094
150275.SZ,20190214,0.976,0.97,0.976,0.97,0.974,-0.002,-0.2049,204.35,19.933
150276.SZ,20190214,1.04,1.052,1.052,1.019,1.026,-0.014,-1.3462,821.32,85.945
150269.SZ,20190214,0.975,0.975,0.975,0.974,0.974,-0.001,-0.1026,5952.73,579.872
150270.SZ,20190214,1.027,1.025,1.09,1.021,1.085,0.058,5.6475,117695.57,12512.837
150260.SZ,20190214,0.7,0.765,0.765,0.667,0.7,0.0,0.0,751.71,52.332
150257.SZ,20190214,1.002,0.999,0.999,0.999,0.999,-0.003,-0.2994,7.0,0.699
150258.SZ,20190214,0.638,0.638,0.701,0.589,0.7,0.062,9.7179,640.82,43.239
150255.SZ,20190214,1.028,0.997,1.001,0.997,1.0,-0.028,-2.7237,301.0,30.109
150279.SZ,20190214,0.96,0.988,0.988,0.988,0.988,0.028,2.9167,241.54,23.864
150280.SZ,20190214,1.125,1.013,1.126,1.013,1.126,0.001,0.0889,142.0,15.973
150278.SZ,20190214,0.7,0.7,0.719,0.7,0.7,0.0,0.0,811.0,57.091
159941.SZ,20190214,1.544,1.54,1.54,1.535,1.54,-0.004,-0.2591,3361.0,516.51
150271.SZ,20190214,0.968,0.982,0.982,0.971,0.971,0.003,0.3099,23.0,2.255
150272.SZ,20190214,0.72,0.72,0.76,0.72,0.76,0.04,5.5556,236.5,17.755
150264.SZ,20190214,0.427,0.47,0.47,0.47,0.47,0.043,10.0703,1.0,0.047
160806.SZ,20190214,1.221,1.223,1.231,1.22,1.231,0.01,0.819,177.33,21.808
150281.SZ,20190214,0.986,0.984,0.986,0.984,0.986,0.0,0.0,304.0,29.97
150282.SZ,20190214,0.527,0.48,0.573,0.48,0.568,0.041,7.7799,2497.0,141.875
150243.SZ,20190214,0.978,0.979,0.98,0.975,0.98,0.002,0.2045,21124.64,2061.961
150244.SZ,20190214,0.869,0.872,0.885,0.855,0.874,0.005,0.5754,31552.08,2748.679
150295.SZ,20190214,0.983,0.983,0.987,0.983,0.987,0.004,0.4069,619.28,61.105
150296.SZ,20190214,0.66,0.66,0.66,0.66,0.66,0.0,0.0,14.0,0.924
150287.SZ,20190214,0.993,0.993,0.995,0.993,0.995,0.002,0.2014,1215.63,120.85
150288.SZ,20190214,0.91,0.9,0.922,0.895,0.903,-0.007,-0.7692,48036.07,4361.314
150289.SZ,20190214,0.994,0.994,0.995,0.993,0.995,0.001,0.1006,39376.29,3913.431
150290.SZ,20190214,0.743,0.735,0.743,0.729,0.732,-0.011,-1.4805,102255.85,7503.856
150301.SZ,20190214,0.995,0.992,0.992,0.992,0.992,-0.003,-0.3015,300.0,29.76
150302.SZ,20190214,1.593,1.616,1.616,1.56,1.581,-0.012,-0.7533,192.45,30.666
150299.SZ,20190214,0.994,0.993,0.995,0.993,0.995,0.001,0.1006,54973.8,5464.762
150300.SZ,20190214,0.629,0.626,0.629,0.618,0.621,-0.008,-1.2719,29754.0,1856.075
150315.SZ,20190214,0.975,0.981,0.981,0.975,0.98,0.005,0.5128,137.0,13.43
150316.SZ,20190214,1.047,1.057,1.092,1.025,1.043,-0.004,-0.382,290.82,30.097
150291.SZ,20190214,0.994,0.992,0.995,0.992,0.995,0.001,0.1006,6624.0,658.388
150292.SZ,20190214,0.654,0.637,0.639,0.637,0.639,-0.015,-2.2936,3460.01,220.434
150238.SZ,20190214,0.421,0.458,0.458,0.391,0.45,0.029,6.8884,413.0,18.489
150245.SZ,20190214,0.985,0.987,0.987,0.987,0.987,0.002,0.203,22.38,2.208
150246.SZ,20190214,0.619,0.596,0.617,0.592,0.603,-0.016,-2.5848,1234.0,73.512
150283.SZ,20190214,0.998,0.997,0.999,0.997,0.998,0.0,0.0,11139.28,1111.74
150284.SZ,20190214,0.495,0.491,0.494,0.471,0.494,-0.001,-0.202,565.0,27.039
512960.SH,20190214,0.973,0.973,0.973,0.967,0.97,-0.003,-0.3083,888887.93,86194.545
512950.SH,20190214,0.979,0.979,0.981,0.974,0.977,-0.002,-0.2043,263528.83,25753.502
159959.SZ,20190214,1.006,1.006,1.012,1.005,1.009,0.003,0.2982,195031.54,19684.403
159960.SZ,20190214,1.016,1.011,1.016,1.008,1.012,-0.004,-0.3937,783.0,79.343
161132.SZ,20190214,0.952,0.952,0.953,0.951,0.951,-0.001,-0.105,1790.12,170.285
512920.SH,20190214,1.045,1.045,1.052,1.041,1.048,0.003,0.2871,59870.0,6262.535
512040.SH,20190214,1.029,1.025,1.037,1.024,1.031,0.002,0.1944,443870.14,45719.479
150118.SZ,20190214,0.921,0.916,0.928,0.904,0.911,-0.01,-1.0858,41108.86,3766.505
501025.SH,20190214,1.089,1.073,1.088,1.073,1.087,-0.002,-0.1837,69.0,7.432
160322.SZ,20190214,1.018,1.02,1.02,0.997,1.007,-0.011,-1.0806,143.0,14.445
501028.SH,20190214,0.792,0.791,0.808,0.791,0.8,0.008,1.0101,27.89,2.211
169201.SZ,20190214,0.971,1.052,1.06,1.03,1.03,0.059,6.0762,165.0,17.444
168106.SZ,20190214,0.815,0.893,0.896,0.88,0.896,0.081,9.9387,283.01,25.298
162717.SZ,20190214,0.797,0.814,0.823,0.811,0.823,0.026,3.2622,51.01,4.197
511950.SH,20190214,99.991,99.98,100.005,99.98,100.005,0.014,0.014,4.46,44.598
160922.SZ,20190214,1.019,1.025,1.029,1.025,1.026,0.007,0.6869,61.78,6.338
164703.SZ,20190214,0.87,0.865,0.865,0.865,0.865,-0.005,-0.5747,1.0,0.086
501300.SH,20190214,0.981,0.983,0.983,0.982,0.983,0.002,0.2039,2376.0,233.415
161126.SZ,20190214,1.236,1.236,1.242,1.236,1.242,0.006,0.4854,978.0,121.063
161125.SZ,20190214,1.173,1.17,1.199,1.17,1.177,0.004,0.341,260.0,30.541
168301.SZ,20190214,0.83,0.837,0.852,0.837,0.849,0.019,2.2892,1327.13,112.632
160323.SZ,20190214,0.955,0.975,0.975,0.959,0.959,0.004,0.4188,24.0,2.316
161127.SZ,20190214,1.236,1.24,1.24,1.231,1.239,0.003,0.2427,894.0,110.421
168401.SZ,20190214,1.009,1.008,1.011,1.008,1.011,0.002,0.1982,110.01,11.119
161129.SZ,20190214,1.019,1.021,1.038,1.021,1.034,0.015,1.472,13621.12,1402.491
501029.SH,20190214,0.902,0.903,0.906,0.898,0.902,0.0,0.0,147179.06,13256.039
501007.SH,20190214,0.799,0.799,0.799,0.78,0.791,-0.008,-1.0013,18.0,1.423
501008.SH,20190214,0.787,0.79,0.79,0.781,0.79,0.003,0.3812,26.78,2.114
501011.SH,20190214,0.766,0.769,0.778,0.763,0.775,0.009,1.1749,261.0,20.123
501012.SH,20190214,0.763,0.754,0.768,0.754,0.768,0.005,0.6553,78.0,5.987
501009.SH,20190214,0.924,0.919,0.932,0.919,0.926,0.002,0.2165,527.0,48.991
501030.SH,20190214,0.547,0.545,0.547,0.545,0.546,-0.001,-0.1828,352.0,19.253
501010.SH,20190214,0.934,0.932,0.932,0.932,0.932,-0.002,-0.2141,2.0,0.186
501031.SH,20190214,0.532,0.577,0.579,0.537,0.537,0.005,0.9398,19.0,1.045
513050.SH,20190214,1.22,1.217,1.218,1.206,1.211,-0.009,-0.7377,779526.33,94275.349
511650.SH,20190214,99.998,99.997,100.008,99.997,100.008,0.01,0.01,1263.42,12634.282
162718.SZ,20190214,0.94,0.939,0.939,0.939,0.939,-0.001,-0.1064,10.0,0.939
501032.SH,20190214,0.71,0.681,0.727,0.681,0.708,-0.002,-0.2817,506.0,35.827
512580.SH,20190214,0.7,0.7,0.707,0.695,0.703,0.003,0.4286,101016.0,7089.567
168108.SZ,20190214,0.979,1.0,1.0,1.0,1.0,0.021,2.145,1.0,0.1
161233.SZ,20190214,0.902,0.907,0.93,0.902,0.93,0.028,3.1042,510.04,46.064
161631.SZ,20190214,0.815,0.816,0.824,0.811,0.818,0.003,0.3681,41742.76,3402.425
162719.SZ,20190214,0.95,0.95,0.967,0.95,0.958,0.008,0.8421,369.0,35.296
512900.SH,20190214,0.81,0.809,0.815,0.802,0.808,-0.002,-0.2469,86698.0,7007.386
161036.SZ,20190214,0.576,0.577,0.585,0.577,0.579,0.003,0.5208,577.01,33.321
511770.SH,20190214,100.005,99.995,100.248,99.95,99.994,-0.011,-0.011,1656.63,16573.182
501019.SH,20190214,0.661,0.661,0.663,0.658,0.662,0.001,0.1513,2195.03,145.186
501301.SH,20190214,1.16,1.16,1.18,1.153,1.16,0.0,0.0,626.0,72.763
160723.SZ,20190214,1.063,1.072,1.094,1.07,1.094,0.031,2.9163,14811.06,1598.786
166402.SZ,20190214,1.046,1.078,1.078,1.076,1.076,0.03,2.8681,3.0,0.323
161835.SZ,20190214,1.042,1.111,1.111,1.111,1.111,0.069,6.6219,288.01,31.997
159952.SZ,20190214,0.781,0.782,0.788,0.777,0.783,0.002,0.2561,591763.0,46261.713
501016.SH,20190214,0.862,0.862,0.866,0.85,0.864,0.002,0.232,10382.0,895.683
161037.SZ,20190214,0.87,0.879,0.881,0.871,0.881,0.011,1.2644,27.0,2.373
159950.SZ,20190214,0.85,0.87,0.87,0.836,0.855,0.005,0.5882,500.0,42.796
512550.SH,20190214,1.017,1.016,1.018,1.01,1.016,-0.001,-0.0983,37128.0,3767.722
160324.SZ,20190214,0.843,0.845,0.851,0.843,0.851,0.008,0.949,4093.0,345.83
501302.SH,20190214,1.072,1.074,1.074,1.074,1.074,0.002,0.1866,18.0,1.933
501035.SH,20190214,0.953,0.957,0.96,0.954,0.955,0.002,0.2099,4184.6,399.898
161130.SZ,20190214,1.16,1.156,1.156,1.153,1.155,-0.005,-0.431,466.0,53.743
159955.SZ,20190214,0.733,0.734,0.736,0.728,0.734,0.001,0.1364,9260.0,678.427
159953.SZ,20190214,0.686,0.68,0.693,0.679,0.688,0.002,0.2915,120.0,8.234
159951.SZ,20190214,0.687,0.677,0.72,0.677,0.703,0.016,2.329,8531.0,598.015
163111.SZ,20190214,0.838,0.831,0.843,0.796,0.843,0.005,0.5967,1109.17,92.59
512200.SH,20190214,0.775,0.771,0.778,0.77,0.776,0.001,0.129,31122.0,2411.746
512700.SH,20190214,1.015,1.013,1.014,1.009,1.01,-0.005,-0.4926,11489.0,1162.261
512800.SH,20190214,0.983,0.978,0.981,0.973,0.976,-0.007,-0.7121,369878.32,36117.939
512400.SH,20190214,0.601,0.602,0.604,0.594,0.599,-0.002,-0.3328,73465.0,4399.434
512560.SH,20190214,0.735,0.73,0.759,0.73,0.758,0.023,3.1293,3100.0,231.822
512570.SH,20190214,0.795,0.796,0.797,0.775,0.796,0.001,0.1258,8130.0,641.688
161715.SZ,20190214,0.772,0.781,0.785,0.776,0.785,0.013,1.6839,504.0,39.344
160924.SZ,20190214,0.991,1.01,1.02,1.01,1.02,0.029,2.9263,30.0,3.032
501036.SH,20190214,0.725,0.725,0.743,0.674,0.722,-0.003,-0.4138,488.0,35.318
501037.SH,20190214,0.728,0.727,0.727,0.714,0.726,-0.002,-0.2747,2197.18,157.084
501038.SH,20190214,0.943,0.939,0.948,0.939,0.947,0.004,0.4242,18346.58,1732.134
511260.SH,20190214,106.779,106.78,106.818,106.075,106.651,-0.128,-0.1199,1263.0,13471.701
511620.SH,20190214,99.98,99.879,100.545,99.879,99.995,0.015,0.015,3.07,30.749
166023.SZ,20190214,0.838,0.863,0.863,0.863,0.863,0.025,2.9833,8.0,0.69
511670.SH,20190214,100.002,99.999,100.011,99.998,100.002,0.0,0.0,2171.33,21713.669
501303.SH,20190214,0.89,0.877,0.878,0.876,0.878,-0.012,-1.3483,250.0,21.921
168002.SZ,20190214,0.97,0.971,1.039,0.91,0.91,-0.06,-6.1856,363.02,36.899
501039.SH,20190214,1.04,1.043,1.043,0.938,0.938,-0.102,-9.8077,429.9,44.828
501040.SH,20190214,1.043,1.043,1.049,1.042,1.044,0.001,0.0959,2651.04,277.1
501043.SH,20190214,0.91,0.912,0.913,0.901,0.912,0.002,0.2198,2992.0,271.583
501045.SH,20190214,0.904,0.904,0.908,0.904,0.907,0.003,0.3319,100.0,9.071
160140.SZ,20190214,1.059,1.064,1.065,1.063,1.063,0.004,0.3777,512.0,54.506
501046.SH,20190214,0.937,0.931,0.938,0.925,0.936,-0.001,-0.1067,7807.17,725.014
510380.SH,20190214,0.855,0.855,0.86,0.853,0.856,0.001,0.117,275.0,23.495
166024.SZ,20190214,0.84,0.84,0.843,0.833,0.839,-0.001,-0.119,42054.13,3527.346
501047.SH,20190214,0.846,0.84,0.842,0.84,0.842,-0.004,-0.4728,4.0,0.336
501048.SH,20190214,0.833,0.829,0.835,0.829,0.835,0.002,0.2401,11.0,0.917
159957.SZ,20190214,0.796,0.796,0.802,0.792,0.796,0.0,0.0,67703.0,5391.774
501106.SH,20190214,1.113,1.1,1.11,1.099,1.109,-0.004,-0.3594,141.0,15.591
501049.SH,20190214,0.845,0.846,0.847,0.841,0.846,0.001,0.1183,11563.87,975.514
501051.SH,20190214,0.889,0.89,0.894,0.885,0.894,0.005,0.5624,407.88,36.307
501305.SH,20190214,0.939,0.948,0.948,0.947,0.947,0.008,0.852,56.0,5.305
501306.SH,20190214,0.946,0.917,0.996,0.917,0.996,0.05,5.2854,11.0,1.017
159958.SZ,20190214,0.784,0.781,0.793,0.774,0.788,0.004,0.5102,45990.0,3616.608
510800.SH,20190214,0.907,0.903,0.91,0.9,0.905,-0.002,-0.2205,48062.0,4345.405
512980.SH,20190214,0.696,0.694,0.703,0.691,0.7,0.004,0.5747,62992.0,4386.113
159954.SZ,20190214,0.989,0.987,0.989,0.985,0.986,-0.003,-0.3033,1861.0,183.468
510390.SH,20190214,3.444,3.446,3.466,3.437,3.45,0.006,0.1742,78983.65,27249.671
501053.SH,20190214,0.995,0.994,0.994,0.994,0.994,-0.001,-0.1005,406.22,40.378
161014.SZ,20190214,1.178,1.178,1.18,1.177,1.178,0.0,0.0,1267.0,149.288
511290.SH,20190214,102.04,100.002,100.002,100.002,100.002,-2.038,-1.9973,0.1,1.0
163417.SZ,20190214,0.86,0.86,0.863,0.857,0.862,0.002,0.2326,348605.24,29949.879
511310.SH,20190214,104.0,104.0,104.001,104.0,104.001,0.001,0.001,0.4,4.16
159956.SZ,20190214,0.76,0.753,0.772,0.753,0.768,0.008,1.0526,16600.02,1268.408
501054.SH,20190214,0.842,0.842,0.848,0.841,0.846,0.004,0.4751,91028.92,7687.308
511280.SH,20190214,103.0,102.801,102.999,102.801,102.999,-0.001,-0.001,1.9,19.552
162416.SZ,20190214,1.021,1.015,1.025,1.015,1.025,0.004,0.3918,1222.16,125.01
501307.SH,20190214,0.988,0.988,0.988,0.988,0.988,0.0,0.0,3.0,0.296
