ts_code,trade_date,pre_close,open,high,low,close,change,pct_chg,vol,amount
159944.SZ,20191029,0.716,0.716,0.716,0.7,0.7,-0.016,-2.2346,32.0,2.271
502036.SH,20191029,0.964,1.06,1.06,1.06,1.06,0.096,9.9585,1804.0,191.224
150297.SZ,20191029,1.058,1.052,1.055,1.052,1.055,-0.003,-0.2836,89.77,9.449
502037.SH,20191029,1.049,1.048,1.048,1.041,1.047,-0.002,-0.1907,1605.82,167.392
502038.SH,20191029,0.784,0.862,0.862,0.862,0.862,0.078,9.949,125.87,10.85
150323.SZ,20191029,1.035,1.032,1.032,1.032,1.032,-0.003,-0.2899,6.0,0.619
150324.SZ,20191029,0.83,0.821,0.821,0.821,0.821,-0.009,-1.0843,1.0,0.082
150335.SZ,20191029,1.041,1.039,1.04,1.039,1.04,-0.001,-0.0961,1796.29,186.64
150336.SZ,20191029,0.709,0.766,0.766,0.655,0.759,0.05,7.0522,32.63,2.449
502011.SH,20191029,0.993,0.993,0.994,0.993,0.993,0.0,0.0,6504.0,645.877
502010.SH,20191029,1.05,1.042,1.042,1.035,1.035,-0.015,-1.4286,4956.34,514.73
502012.SH,20191029,1.108,1.11,1.11,1.074,1.074,-0.034,-3.0686,20202.0,2197.434
502003.SH,20191029,1.217,1.19,1.209,1.19,1.19,-0.027,-2.2186,189.0,22.682
502005.SH,20191029,1.399,1.368,1.381,1.364,1.379,-0.02,-1.4296,148.92,20.497
168101.SZ,20191029,1.073,1.073,1.078,1.073,1.075,0.002,0.1864,6237.17,670.926
502023.SH,20191029,0.735,0.715,0.733,0.715,0.731,-0.004,-0.5442,52.0,3.8
150303.SZ,20191029,1.042,1.044,1.045,1.042,1.042,0.0,0.0,3351.0,349.274
150304.SZ,20191029,1.127,1.132,1.132,1.103,1.103,-0.024,-2.1295,5001.0,556.842
502024.SH,20191029,0.986,0.986,0.986,0.986,0.986,0.0,0.0,40.0,3.944
150329.SZ,20191029,1.015,1.015,1.015,1.014,1.014,-0.001,-0.0985,67.0,6.798
150330.SZ,20191029,1.803,1.809,1.809,1.788,1.788,-0.015,-0.8319,5236.0,943.748
184801.SZ,20191029,95.399,95.396,95.4,95.283,95.39,-0.009,-0.0094,29.0,276.464
502040.SH,20191029,1.293,1.276,1.276,1.276,1.276,-0.017,-1.3148,5.0,0.638
502058.SH,20191029,1.286,1.336,1.398,1.336,1.398,0.112,8.7092,108.0,14.685
502056.SH,20191029,1.225,1.228,1.242,1.219,1.235,0.01,0.8163,204.0,25.069
511830.SH,20191029,100.003,100.003,100.003,100.003,100.003,0.0,0.0,3.0,30.001
502055.SH,20191029,0.9,0.896,0.896,0.881,0.896,-0.004,-0.4444,734.0,65.126
510360.SH,20191029,1.288,1.29,1.29,1.283,1.285,-0.003,-0.2329,151189.0,19448.393
502053.SH,20191029,0.969,0.969,0.969,0.951,0.951,-0.018,-1.8576,2.27,0.219
502054.SH,20191029,1.03,1.03,1.03,1.03,1.03,0.0,0.0,6750.0,695.25
511820.SH,20191029,99.986,99.991,99.991,99.982,99.988,0.002,0.002,83.08,830.67
161226.SZ,20191029,0.916,0.903,0.904,0.895,0.899,-0.017,-1.8559,303995.29,27411.153
167501.SZ,20191029,1.127,1.126,1.127,1.126,1.127,0.0,0.0,597.0,67.267
510580.SH,20191029,5.154,5.155,5.162,5.088,5.088,-0.066,-1.2806,41930.0,21450.805
161227.SZ,20191029,1.026,1.024,1.031,1.023,1.027,0.001,0.0975,16088.93,1655.882
511980.SH,20191029,99.995,99.987,99.998,99.987,99.997,0.002,0.002,393.2,3931.782
511900.SH,20191029,99.987,99.985,99.991,99.984,99.99,0.003,0.003,2335.43,23351.449
511930.SH,20191029,99.993,99.971,99.971,99.971,99.971,-0.022,-0.022,3.0,29.991
161229.SZ,20191029,1.217,1.229,1.23,1.229,1.23,0.013,1.0682,51.0,6.271
501005.SH,20191029,1.002,0.993,1.015,0.993,1.002,0.0,0.0,4959.0,501.319
511960.SH,20191029,100.0,99.982,99.982,99.982,99.982,-0.018,-0.018,2.0,19.996
161033.SZ,20191029,1.095,1.095,1.095,1.065,1.081,-0.014,-1.2785,1284.19,139.15
163907.SZ,20191029,0.849,0.847,0.847,0.847,0.847,-0.002,-0.2356,11.0,0.931
169103.SZ,20191029,1.236,1.235,1.236,1.231,1.235,-0.001,-0.0809,1617.0,199.488
168102.SZ,20191029,0.922,0.922,0.925,0.92,0.92,-0.002,-0.2169,32482.02,2996.915
163005.SZ,20191029,0.897,0.895,0.964,0.893,0.904,0.007,0.7804,2495.0,226.724
501015.SH,20191029,0.84,0.84,0.844,0.833,0.838,-0.002,-0.2381,14218.08,1189.951
162415.SZ,20191029,1.665,1.699,1.699,1.646,1.659,-0.006,-0.3604,1422.0,234.458
160518.SZ,20191029,1.108,1.115,1.116,1.092,1.093,-0.015,-1.3538,4239.33,463.062
511920.SH,20191029,99.998,99.981,99.996,99.932,99.989,-0.009,-0.009,310.16,3101.067
159948.SZ,20191029,1.785,1.79,1.79,1.766,1.766,-0.019,-1.0644,10138.0,1802.868
161232.SZ,20191029,0.73,0.723,0.729,0.723,0.729,-0.001,-0.137,192.03,13.884
165528.SZ,20191029,0.915,0.909,0.912,0.909,0.912,-0.003,-0.3279,768.0,69.981
501017.SH,20191029,0.859,0.854,0.857,0.854,0.855,-0.004,-0.4657,1886.17,161.598
160519.SZ,20191029,1.136,1.13,1.13,1.13,1.13,-0.006,-0.5282,200.0,22.6
512880.SH,20191029,0.95,0.948,0.949,0.93,0.931,-0.019,-2.0,5507243.07,516656.249
501018.SH,20191029,1.093,1.081,1.085,1.078,1.079,-0.014,-1.2809,77321.05,8368.938
161727.SZ,20191029,1.125,1.133,1.133,1.13,1.13,0.005,0.4444,270.0,30.514
501021.SH,20191029,1.424,1.426,1.432,1.424,1.425,0.001,0.0702,5263.0,750.743
159949.SZ,20191029,0.598,0.597,0.598,0.589,0.59,-0.008,-1.3378,3251935.41,193342.583
511850.SH,20191029,99.988,99.986,99.992,99.97,99.991,0.003,0.003,16018.45,160166.359
169104.SZ,20191029,1.367,1.35,1.35,1.342,1.346,-0.021,-1.5362,338.0,45.558
512660.SH,20191029,0.758,0.758,0.759,0.748,0.749,-0.009,-1.1873,719489.92,54097.923
512000.SH,20191029,0.904,0.903,0.903,0.884,0.885,-0.019,-2.1018,2167482.66,193328.176
167001.SZ,20191029,0.756,0.762,0.762,0.725,0.757,0.001,0.1323,2516.21,190.517
161834.SZ,20191029,0.811,0.808,0.808,0.804,0.804,-0.007,-0.8631,6038.39,487.784
160520.SZ,20191029,1.12,1.121,1.232,1.121,1.232,0.112,10.0,24.01,2.894
160225.SZ,20191029,0.762,0.769,0.769,0.752,0.752,-0.01,-1.3123,192.0,14.551
511970.SH,20191029,99.997,99.996,99.996,99.996,99.996,-0.001,-0.001,1.13,11.3
168103.SZ,20191029,0.851,0.849,0.856,0.848,0.852,0.001,0.1175,123584.19,10548.08
512810.SH,20191029,0.728,0.726,0.726,0.72,0.72,-0.008,-1.0989,12298.0,888.0
510810.SH,20191029,0.925,0.922,0.923,0.918,0.92,-0.005,-0.5405,41443.67,3817.34
160921.SZ,20191029,1.02,1.019,1.019,1.019,1.019,-0.001,-0.098,332.0,33.83
160635.SZ,20191029,1.046,1.045,1.058,1.044,1.05,0.004,0.3824,2540.0,266.808
164403.SZ,20191029,1.335,1.339,1.339,1.312,1.335,0.0,0.0,1483.55,196.992
169105.SZ,20191029,1.42,1.417,1.428,1.416,1.423,0.003,0.2113,46495.03,6622.9
512680.SH,20191029,0.764,0.765,0.766,0.753,0.754,-0.01,-1.3089,25861.0,1954.225
168104.SZ,20191029,1.191,1.2,1.2,1.2,1.2,0.009,0.7557,112.0,13.44
165317.SZ,20191029,1.154,1.189,1.189,1.189,1.189,0.035,3.0329,21.0,2.496
165525.SZ,20191029,0.737,0.736,0.739,0.731,0.733,-0.004,-0.5427,5319.76,390.054
160421.SZ,20191029,1.222,1.229,1.229,1.217,1.218,-0.004,-0.3273,1534.0,186.905
501026.SH,20191029,0.85,0.847,0.847,0.846,0.846,-0.004,-0.4706,172.06,14.571
511660.SH,20191029,99.99,99.988,99.995,99.983,99.994,0.004,0.004,69678.08,696714.995
160322.SZ,20191029,1.108,1.09,1.09,1.09,1.09,-0.018,-1.6245,5.0,0.545
168105.SZ,20191029,0.876,0.876,0.877,0.873,0.873,-0.003,-0.3425,20931.0,1832.611
512100.SH,20191029,0.691,0.695,0.695,0.682,0.683,-0.008,-1.1577,340034.0,23374.784
501022.SH,20191029,1.034,1.024,1.032,0.975,0.998,-0.036,-3.4816,3508.22,360.407
501023.SH,20191029,1.048,1.045,1.045,1.045,1.045,-0.003,-0.2863,243.0,25.394
511600.SH,20191029,99.986,99.986,100.0,99.983,99.992,0.006,0.006,569.02,5689.585
160722.SZ,20191029,1.137,1.136,1.136,1.134,1.134,-0.003,-0.2639,200.0,22.7
163119.SZ,20191029,0.821,0.9,0.9,0.845,0.845,0.024,2.9233,183.0,15.489
511690.SH,20191029,99.992,99.992,99.995,99.99,99.993,0.001,0.001,8345.79,83451.087
511700.SH,20191029,99.995,99.996,100.002,99.996,100.002,0.007,0.007,438.96,4389.513
501050.SH,20191029,1.32,1.325,1.326,1.316,1.318,-0.002,-0.1515,12150.0,1603.458
160223.SZ,20191029,0.81,0.816,0.816,0.807,0.807,-0.003,-0.3704,645.0,52.585
161035.SZ,20191029,1.264,1.228,1.249,1.228,1.244,-0.02,-1.5823,887.29,109.803
501025.SH,20191029,1.07,1.07,1.07,1.07,1.07,0.0,0.0,105.0,11.235
161124.SZ,20191029,1.149,1.1,1.119,1.1,1.119,-0.03,-2.611,30.0,3.301
501028.SH,20191029,0.947,0.892,0.943,0.888,0.939,-0.008,-0.8448,971.63,88.781
511950.SH,20191029,100.189,100.189,100.189,100.189,100.189,0.0,0.0,1.0,10.019
160922.SZ,20191029,0.999,0.991,0.991,0.991,0.991,-0.008,-0.8008,30.0,2.973
161125.SZ,20191029,1.345,1.347,1.352,1.347,1.351,0.006,0.4461,1199.43,161.966
501300.SH,20191029,1.073,1.073,1.076,1.073,1.076,0.003,0.2796,3105.0,333.801
161126.SZ,20191029,1.305,1.311,1.319,1.311,1.318,0.013,0.9962,259.63,34.068
168301.SZ,20191029,1.094,1.098,1.098,1.087,1.087,-0.007,-0.6399,1931.0,209.9
161128.SZ,20191029,1.692,1.729,1.729,1.699,1.699,0.007,0.4137,101.0,17.17
161127.SZ,20191029,1.225,1.236,1.239,1.234,1.237,0.012,0.9796,2296.0,283.827
161129.SZ,20191029,1.089,1.083,1.083,1.075,1.08,-0.009,-0.8264,4692.4,505.993
501011.SH,20191029,0.798,0.798,0.799,0.79,0.793,-0.005,-0.6266,864.0,68.885
501029.SH,20191029,0.942,0.942,0.942,0.936,0.937,-0.005,-0.5308,23867.0,2240.0
501007.SH,20191029,1.016,0.997,1.009,0.997,0.998,-0.018,-1.7717,457.78,45.822
501008.SH,20191029,1.0,1.025,1.025,0.994,0.994,-0.006,-0.6,25.0,2.501
501012.SH,20191029,0.786,0.795,0.795,0.785,0.785,-0.001,-0.1272,80.0,6.298
501009.SH,20191029,1.325,1.325,1.34,1.325,1.34,0.015,1.1321,404.24,54.096
501030.SH,20191029,0.587,0.574,0.575,0.574,0.575,-0.012,-2.0443,13.0,0.746
501010.SH,20191029,1.317,1.298,1.339,1.298,1.337,0.02,1.5186,12.0,1.577
501031.SH,20191029,0.573,0.583,0.583,0.581,0.581,0.008,1.3962,113.0,6.574
501032.SH,20191029,0.764,0.76,0.76,0.76,0.76,-0.004,-0.5236,18.0,1.368
513050.SH,20191029,1.247,1.255,1.259,1.24,1.241,-0.006,-0.4812,219930.8,27393.78
511650.SH,20191029,99.984,99.987,99.991,99.987,99.99,0.006,0.006,280.01,2799.815
512580.SH,20191029,0.73,0.732,0.732,0.721,0.722,-0.008,-1.0959,62696.07,4545.596
160723.SZ,20191029,1.133,1.123,1.129,1.12,1.123,-0.01,-0.8826,3119.25,349.952
168108.SZ,20191029,1.243,1.243,1.245,1.177,1.244,0.001,0.0805,940.01,116.494
161233.SZ,20191029,1.048,1.103,1.103,1.103,1.103,0.055,5.2481,1.0,0.11
161631.SZ,20191029,1.115,1.119,1.121,1.088,1.088,-0.027,-2.4215,39973.53,4403.861
162719.SZ,20191029,0.905,0.893,0.895,0.892,0.892,-0.013,-1.4365,105.0,9.373
512900.SH,20191029,0.923,0.91,0.922,0.904,0.905,-0.018,-1.9502,86027.0,7833.784
161036.SZ,20191029,0.634,0.635,0.635,0.635,0.635,0.001,0.1577,9.0,0.571
167003.SZ,20191029,1.07,1.086,1.086,1.085,1.085,0.015,1.4019,49.0,5.321
511770.SH,20191029,99.985,99.989,99.999,99.989,99.999,0.014,0.014,11.0,109.998
501019.SH,20191029,0.81,0.806,0.808,0.795,0.796,-0.014,-1.7284,2435.0,194.581
501301.SH,20191029,1.168,1.173,1.173,1.165,1.166,-0.002,-0.1712,323.0,37.701
501016.SH,20191029,1.004,1.016,1.016,0.995,0.996,-0.008,-0.7968,7516.0,750.744
166402.SZ,20191029,1.089,1.08,1.08,1.08,1.08,-0.009,-0.8264,100.0,10.8
159952.SZ,20191029,0.992,0.991,0.992,0.98,0.98,-0.012,-1.2097,260781.0,25750.637
512800.SH,20191029,1.12,1.12,1.12,1.11,1.113,-0.007,-0.625,624642.0,69622.833
161037.SZ,20191029,1.17,1.162,1.162,1.155,1.155,-0.015,-1.2821,178.0,20.63
512550.SH,20191029,1.238,1.238,1.244,1.235,1.238,0.0,0.0,120069.0,14908.215
501302.SH,20191029,1.09,1.057,1.119,1.057,1.118,0.028,2.5688,105.0,11.437
161130.SZ,20191029,1.399,1.398,1.398,1.384,1.398,-0.001,-0.0715,15.0,2.091
159955.SZ,20191029,0.917,0.917,0.917,0.907,0.907,-0.01,-1.0905,3389.0,309.6
159953.SZ,20191029,0.73,0.743,0.743,0.72,0.73,0.0,0.0,169.0,12.184
159951.SZ,20191029,0.799,0.789,0.798,0.788,0.798,-0.001,-0.1252,59.0,4.651
163111.SZ,20191029,0.977,0.973,0.977,0.973,0.973,-0.004,-0.4094,1927.37,188.291
512200.SH,20191029,0.868,0.865,0.865,0.86,0.86,-0.008,-0.9217,16278.0,1402.558
512700.SH,20191029,1.213,1.215,1.215,1.207,1.212,-0.001,-0.0824,118668.0,14371.396
161038.SZ,20191029,0.912,0.912,0.922,0.912,0.922,0.01,1.0965,40.0,3.678
512400.SH,20191029,0.631,0.629,0.63,0.621,0.621,-0.01,-1.5848,98506.0,6155.111
501038.SH,20191029,1.204,1.199,1.21,1.199,1.208,0.004,0.3322,10074.37,1215.846
512560.SH,20191029,0.819,0.819,0.819,0.807,0.813,-0.006,-0.7326,582.0,47.227
512570.SH,20191029,0.897,0.897,0.897,0.866,0.874,-0.023,-2.5641,1244.0,109.893
161715.SZ,20191029,0.854,0.854,0.854,0.849,0.853,-0.001,-0.1171,467.7,39.744
501036.SH,20191029,0.817,0.822,0.822,0.812,0.812,-0.005,-0.612,584.0,47.535
501037.SH,20191029,0.814,0.814,0.814,0.814,0.814,0.0,0.0,52.0,4.233
166023.SZ,20191029,1.278,1.266,1.285,1.266,1.278,0.0,0.0,790.0,101.119
511260.SH,20191029,106.921,106.723,106.916,106.6,106.649,-0.272,-0.2544,444.0,4736.278
511620.SH,20191029,99.984,99.969,99.997,99.969,99.976,-0.008,-0.008,8.05,80.488
501043.SH,20191029,1.074,1.073,1.077,1.071,1.071,-0.003,-0.2793,1242.0,133.302
511670.SH,20191029,99.994,99.994,99.999,99.994,99.998,0.004,0.004,314.22,3142.137
501303.SH,20191029,0.876,0.891,0.891,0.891,0.891,0.015,1.7123,12.0,1.069
501045.SH,20191029,1.07,1.071,1.072,1.07,1.07,0.0,0.0,462.37,49.562
159957.SZ,20191029,1.013,1.011,1.014,1.0,1.005,-0.008,-0.7897,5362.0,539.994
160140.SZ,20191029,1.238,1.238,1.238,1.227,1.235,-0.003,-0.2423,184.0,22.701
501046.SH,20191029,1.369,1.366,1.367,1.349,1.35,-0.019,-1.3879,11381.0,1542.92
510380.SH,20191029,1.001,0.998,0.998,0.997,0.997,-0.004,-0.3996,290.0,28.919
166024.SZ,20191029,0.898,0.898,0.898,0.894,0.896,-0.002,-0.2227,16792.11,1504.264
501047.SH,20191029,0.956,0.95,0.95,0.95,0.95,-0.006,-0.6276,304.0,28.88
501048.SH,20191029,0.981,0.98,0.98,0.96,0.96,-0.021,-2.1407,587.9,57.138
501051.SH,20191029,1.128,1.115,1.129,1.115,1.127,-0.001,-0.0887,1136.04,126.738
501049.SH,20191029,1.046,1.036,1.05,1.036,1.044,-0.002,-0.1912,14335.87,1495.356
501305.SH,20191029,0.894,0.893,0.9,0.893,0.9,0.006,0.6711,91.0,8.128
159956.SZ,20191029,0.967,0.965,0.966,0.957,0.961,-0.006,-0.6205,302.0,29.093
159958.SZ,20191029,0.992,0.99,0.993,0.982,0.982,-0.01,-1.0081,3371.0,333.162
510800.SH,20191029,1.094,1.093,1.094,1.088,1.089,-0.005,-0.457,22459.0,2450.13
512980.SH,20191029,0.777,0.777,0.779,0.763,0.765,-0.012,-1.5444,250926.0,19458.069
159954.SZ,20191029,1.002,1.004,1.005,0.997,0.997,-0.005,-0.499,12316.3,1234.325
510390.SH,20191029,4.063,4.064,4.068,4.048,4.055,-0.008,-0.1969,11607.0,4707.69
161014.SZ,20191029,1.203,1.202,1.204,1.202,1.204,0.001,0.0831,211.0,25.375
163417.SZ,20191029,1.058,1.058,1.059,1.055,1.056,-0.002,-0.189,621354.87,65674.79
511310.SH,20191029,102.5,101.75,101.75,101.75,101.75,-0.75,-0.7317,1.0,10.175
512780.SH,20191029,0.777,0.774,0.774,0.769,0.769,-0.008,-1.0296,342.0,26.403
501054.SH,20191029,0.991,0.991,0.998,0.988,0.995,0.004,0.4036,44438.01,4418.78
511280.SH,20191029,102.001,101.0,101.0,101.0,101.0,-1.001,-0.9814,1.0,10.1
510590.SH,20191029,5.207,5.197,5.197,5.142,5.144,-0.063,-1.2099,23097.88,11931.875
169106.SZ,20191029,1.014,1.015,1.015,1.013,1.015,0.001,0.0986,7722.7,782.924
512160.SH,20191029,1.11,1.11,1.113,1.103,1.109,-0.001,-0.0901,272155.0,30200.039
512520.SH,20191029,1.093,1.093,1.097,1.09,1.091,-0.002,-0.183,11213.88,1226.49
512180.SH,20191029,1.065,1.065,1.069,1.063,1.063,-0.002,-0.1878,66720.0,7115.439
501057.SH,20191029,0.854,0.85,0.853,0.848,0.849,-0.005,-0.5855,304.01,25.821
513900.SH,20191029,0.986,0.986,0.986,0.98,0.98,-0.006,-0.6085,7736.0,759.054
512280.SH,20191029,1.066,1.066,1.068,1.064,1.064,-0.002,-0.1876,529495.0,56472.76
501058.SH,20191029,0.844,0.843,0.843,0.842,0.842,-0.002,-0.237,200.0,16.841
512770.SH,20191029,1.091,1.091,1.1,1.091,1.092,0.001,0.0917,6809.0,746.91
512090.SH,20191029,1.1,1.099,1.1,1.095,1.095,-0.005,-0.4545,303916.2,33363.596
512360.SH,20191029,1.116,1.116,1.116,1.108,1.108,-0.008,-0.7168,1733.0,192.536
161039.SZ,20191029,1.124,1.115,1.115,1.113,1.113,-0.011,-0.9786,141.0,15.693
164824.SZ,20191029,0.973,0.979,0.999,0.978,0.988,0.015,1.5416,14733.81,1458.114
501186.SH,20191029,1.049,1.049,1.054,1.048,1.053,0.004,0.3813,469949.8,49439.785
512390.SH,20191029,1.072,1.073,1.073,1.073,1.073,0.001,0.0933,30.0,3.219
501059.SH,20191029,1.175,1.171,1.197,1.171,1.197,0.022,1.8723,94.0,11.187
161131.SZ,20191029,1.046,1.047,1.053,1.046,1.052,0.006,0.5736,817983.11,86005.246
161728.SZ,20191029,1.04,1.04,1.045,1.039,1.045,0.005,0.4808,359945.48,37579.957
501188.SH,20191029,1.055,1.054,1.061,1.054,1.06,0.005,0.4739,244050.11,25839.24
501189.SH,20191029,1.029,1.029,1.032,1.028,1.032,0.003,0.2915,113326.42,11680.256
160142.SZ,20191029,1.056,1.056,1.063,1.056,1.063,0.007,0.6629,726228.48,77058.201
160726.SZ,20191029,1.215,1.21,1.232,1.208,1.228,0.013,1.07,23080.89,2831.216
510600.SH,20191029,3.063,3.065,3.069,3.053,3.055,-0.008,-0.2612,41134.68,12588.689
511270.SH,20191029,101.75,101.589,101.598,101.403,101.403,-0.347,-0.341,19.2,194.925
512850.SH,20191029,1.066,1.051,1.051,1.045,1.045,-0.021,-1.97,252.0,26.366
501062.SH,20191029,0.952,0.952,0.954,0.949,0.95,-0.002,-0.2101,37511.44,3564.582
512820.SH,20191029,1.156,1.153,1.157,1.151,1.152,-0.004,-0.346,33503.0,3865.509
501060.SH,20191029,1.221,1.25,1.25,1.23,1.23,0.009,0.7371,20.0,2.48
512860.SH,20191029,1.254,1.253,1.253,1.252,1.253,-0.001,-0.0797,81.8,10.249
159959.SZ,20191029,1.026,1.03,1.03,1.014,1.015,-0.011,-1.0721,120577.84,12260.146
501309.SH,20191029,0.983,1.004,1.004,0.981,0.981,-0.002,-0.2035,301.0,29.779
501310.SH,20191029,0.985,0.985,0.988,0.984,0.987,0.002,0.203,1046.25,103.073
512960.SH,20191029,0.978,0.975,0.975,0.966,0.967,-0.011,-1.1247,90673.0,8779.591
512950.SH,20191029,0.982,0.982,0.982,0.97,0.97,-0.012,-1.222,21266.29,2066.814
501065.SH,20191029,1.24,1.242,1.25,1.227,1.25,0.01,0.8065,3111.0,388.225
159960.SZ,20191029,1.01,1.011,1.016,1.006,1.006,-0.004,-0.396,927.0,93.671
512040.SH,20191029,1.136,1.136,1.137,1.13,1.13,-0.006,-0.5282,34772.0,3938.137
501066.SH,20191029,1.285,1.286,1.3,1.286,1.3,0.015,1.1673,1890.69,245.034
512920.SH,20191029,1.231,1.231,1.231,1.227,1.227,-0.004,-0.3249,42.0,5.169
159938.SZ,20191029,1.376,1.378,1.387,1.372,1.379,0.003,0.218,187744.03,25910.468
150207.SZ,20191029,0.999,1.006,1.006,1.006,1.006,0.007,0.7007,0.11,0.011
150174.SZ,20191029,1.306,1.188,1.303,1.188,1.24,-0.066,-5.0536,135.39,16.757
160813.SZ,20191029,0.804,0.804,0.804,0.793,0.793,-0.011,-1.3682,592.8,47.204
511800.SH,20191029,99.994,99.991,99.997,99.99,99.994,0.0,0.0,648.81,6487.606
511810.SH,20191029,99.985,99.984,99.99,99.984,99.989,0.004,0.004,89137.98,891267.02
511860.SH,20191029,99.988,99.988,99.99,99.983,99.988,0.0,0.0,476.33,4762.75
150204.SZ,20191029,0.897,0.897,0.897,0.841,0.885,-0.012,-1.3378,526.5,46.125
513600.SH,20191029,2.589,2.604,2.604,2.583,2.586,-0.003,-0.1159,12354.0,3197.062
150209.SZ,20191029,1.018,1.017,1.019,1.017,1.019,0.001,0.0982,4917.0,500.696
150210.SZ,20191029,0.719,0.713,0.719,0.706,0.708,-0.011,-1.5299,13777.34,978.231
160618.SZ,20191029,1.321,1.321,1.322,1.32,1.322,0.001,0.0757,19225.12,2539.262
513660.SH,20191029,2.594,2.593,2.6,2.578,2.578,-0.016,-0.6168,1257.0,324.239
159005.SZ,20191029,100.0,100.0,100.001,99.999,100.0,0.0,0.0,200.09,2000.897
159939.SZ,20191029,1.106,1.102,1.103,1.074,1.074,-0.032,-2.8933,1170328.46,127797.881
169102.SZ,20191029,1.107,1.107,1.124,1.107,1.115,0.008,0.7227,6497.27,721.705
160919.SZ,20191029,1.402,1.389,1.398,1.386,1.392,-0.01,-0.7133,2383.0,331.409
512990.SH,20191029,1.193,1.199,1.199,1.188,1.188,-0.005,-0.4191,256815.08,30622.302
159940.SZ,20191029,1.029,1.029,1.03,1.025,1.025,-0.004,-0.3887,412.0,42.304
150213.SZ,20191029,1.027,1.024,1.025,1.024,1.025,-0.002,-0.1947,111.0,11.377
150215.SZ,20191029,1.017,1.059,1.059,1.018,1.038,0.021,2.0649,4.32,0.448
150216.SZ,20191029,1.06,1.06,1.06,1.028,1.048,-0.012,-1.1321,2216.1,232.269
161716.SZ,20191029,1.271,1.27,1.27,1.269,1.269,-0.002,-0.1574,6792.56,862.204
150135.SZ,20191029,1.027,1.028,1.028,1.028,1.028,0.001,0.0974,50.0,5.14
150223.SZ,20191029,1.04,1.039,1.04,1.039,1.039,-0.001,-0.0962,104071.58,10817.787
150218.SZ,20191029,0.87,0.871,0.871,0.794,0.845,-0.025,-2.8736,146.65,12.473
150211.SZ,20191029,1.029,1.029,1.029,1.027,1.029,0.0,0.0,2245.1,231.009
150212.SZ,20191029,0.902,0.908,0.908,0.887,0.891,-0.011,-1.2195,7567.84,679.488
150224.SZ,20191029,0.877,0.87,0.87,0.836,0.836,-0.041,-4.675,385947.76,32931.936
161224.SZ,20191029,1.02,0.962,1.05,0.962,1.05,0.03,2.9412,14.0,1.382
150196.SZ,20191029,1.037,1.037,1.039,1.036,1.038,0.001,0.0964,134046.44,13904.496
150197.SZ,20191029,0.455,0.454,0.454,0.433,0.436,-0.019,-4.1758,676082.27,29926.345
502049.SH,20191029,1.013,1.009,1.013,1.009,1.012,-0.001,-0.0987,10009.0,1012.91
150221.SZ,20191029,1.064,1.063,1.064,1.063,1.064,0.0,0.0,28055.35,2982.724
150222.SZ,20191029,0.967,0.96,0.962,0.932,0.932,-0.035,-3.6194,23793.64,2259.138
512310.SH,20191029,0.476,0.478,0.478,0.469,0.469,-0.007,-1.4706,3404.0,160.502
162510.SZ,20191029,0.858,0.875,0.875,0.875,0.875,0.017,1.9814,1.0,0.087
502048.SH,20191029,0.979,0.979,0.979,0.977,0.977,-0.002,-0.2043,89.0,8.697
502050.SH,20191029,0.949,0.956,0.956,0.937,0.941,-0.008,-0.843,20184.48,1902.673
512340.SH,20191029,0.71,0.71,0.71,0.698,0.698,-0.012,-1.6901,1592.0,111.466
166011.SZ,20191029,1.348,1.409,1.468,1.399,1.415,0.067,4.9703,752.33,105.669
150220.SZ,20191029,0.923,0.922,0.934,0.917,0.929,0.006,0.6501,22946.0,2131.983
512510.SH,20191029,1.114,1.115,1.115,1.1,1.1,-0.014,-1.2567,66577.0,7360.045
512500.SH,20191029,2.549,2.547,2.547,2.516,2.517,-0.032,-1.2554,782823.21,198055.748
150227.SZ,20191029,1.026,1.025,1.027,1.025,1.027,0.001,0.0975,35173.0,3608.689
150228.SZ,20191029,0.974,0.974,0.975,0.956,0.962,-0.012,-1.232,355549.47,34306.481
161722.SZ,20191029,1.059,1.06,1.074,1.06,1.074,0.015,1.4164,59.0,6.297
159915.SZ,20191029,1.646,1.642,1.643,1.622,1.624,-0.022,-1.3366,3370282.28,550829.067
159916.SZ,20191029,4.145,4.145,4.185,4.145,4.165,0.02,0.4825,683.0,283.947
161017.SZ,20191029,1.646,1.639,1.646,1.628,1.636,-0.01,-0.6075,4308.99,705.462
510290.SH,20191029,1.44,1.437,1.439,1.433,1.434,-0.006,-0.4167,36921.0,5302.272
160125.SZ,20191029,1.085,1.087,1.087,1.075,1.079,-0.006,-0.553,130.0,14.026
163208.SZ,20191029,0.766,0.765,0.765,0.762,0.762,-0.004,-0.5222,29.0,2.217
162411.SZ,20191029,0.39,0.389,0.39,0.387,0.387,-0.003,-0.7692,900823.15,34957.128
150053.SZ,20191029,1.03,1.03,1.03,1.03,1.03,0.0,0.0,2686.76,276.736
150054.SZ,20191029,0.888,0.849,0.853,0.849,0.853,-0.035,-3.9414,161.0,13.677
150064.SZ,20191029,1.024,1.024,1.024,1.024,1.024,0.0,0.0,200.0,20.48
150065.SZ,20191029,0.747,0.777,0.777,0.777,0.777,0.03,4.0161,2.79,0.216
165513.SZ,20191029,0.403,0.404,0.404,0.4,0.4,-0.003,-0.7444,301.0,12.073
161219.SZ,20191029,1.599,1.541,1.541,1.541,1.541,-0.058,-3.6273,86.0,13.252
150049.SZ,20191029,1.008,1.008,1.01,1.008,1.01,0.002,0.1984,2793.35,281.993
150051.SZ,20191029,1.027,1.025,1.027,1.025,1.027,0.0,0.0,2748.55,282.056
150052.SZ,20191029,1.499,1.498,1.499,1.45,1.45,-0.049,-3.2688,85824.27,12624.844
161614.SZ,20191029,1.05,1.028,1.028,1.028,1.028,-0.022,-2.0952,1.0,0.102
150050.SZ,20191029,1.518,1.543,1.543,1.45,1.535,0.017,1.1199,2663.59,408.2
159918.SZ,20191029,1.46,1.493,1.493,1.428,1.452,-0.008,-0.5479,67.0,9.696
160416.SZ,20191029,1.0,0.995,0.996,0.993,0.993,-0.007,-0.7,2310.19,229.568
163412.SZ,20191029,3.641,3.625,3.641,3.625,3.632,-0.009,-0.2472,1923.0,698.715
510410.SH,20191029,0.591,0.592,0.592,0.583,0.583,-0.008,-1.3536,20047.0,1173.917
160216.SZ,20191029,0.465,0.461,0.463,0.459,0.46,-0.005,-1.0753,22009.57,1013.897
159919.SZ,20191029,3.98,3.983,3.983,3.964,3.966,-0.014,-0.3518,960081.09,381552.892
510300.SH,20191029,3.986,3.989,3.989,3.969,3.973,-0.013,-0.3261,2095535.85,833722.137
160128.SZ,20191029,1.04,1.028,1.04,1.028,1.035,-0.005,-0.4808,246.0,25.444
150104.SZ,20191029,1.022,1.05,1.05,1.047,1.047,0.025,2.4462,30.0,3.142
150105.SZ,20191029,1.662,1.717,1.717,1.717,1.717,0.055,3.3093,25.0,4.292
510440.SH,20191029,1.56,1.61,1.61,1.56,1.56,0.0,0.0,203.0,31.785
164702.SZ,20191029,1.057,1.028,1.049,1.028,1.049,-0.008,-0.7569,52.0,5.349
159920.SZ,20191029,1.49,1.496,1.496,1.48,1.483,-0.007,-0.4698,4057172.47,603156.157
510900.SH,20191029,1.215,1.221,1.222,1.208,1.209,-0.006,-0.4938,4135149.06,502340.64
161820.SZ,20191029,1.124,1.123,1.123,1.123,1.123,-0.001,-0.089,556.0,62.438
510430.SH,20191029,1.53,1.53,1.53,1.483,1.53,0.0,0.0,22.0,3.357
160916.SZ,20191029,2.608,2.601,2.61,2.596,2.608,0.0,0.0,653.32,170.167
510500.SH,20191029,5.477,5.478,5.478,5.406,5.41,-0.067,-1.2233,1684807.88,915676.26
150095.SZ,20191029,0.973,0.973,0.973,0.973,0.973,0.0,0.0,1.0,0.097
150101.SZ,20191029,0.975,0.977,0.977,0.977,0.977,0.002,0.2051,1.0,0.097
161119.SZ,20191029,1.386,1.386,1.388,1.386,1.388,0.002,0.1443,121.0,16.791
166902.SZ,20191029,1.04,1.041,1.041,1.041,1.041,0.001,0.0962,63.0,6.558
163415.SZ,20191029,2.039,2.031,2.047,2.028,2.028,-0.011,-0.5395,5227.78,1063.21
510330.SH,20191029,3.991,3.992,3.995,3.976,3.979,-0.012,-0.3007,755583.0,301258.822
511990.SH,20191029,99.989,99.99,99.999,99.987,99.996,0.007,0.007,582899.81,5828553.791
159922.SZ,20191029,5.342,5.34,5.35,5.266,5.267,-0.075,-1.404,371114.22,196676.276
159001.SZ,20191029,100.0,100.0,100.001,99.999,100.001,0.001,0.001,1513665.03,15136650.315
510660.SH,20191029,1.905,1.905,1.919,1.896,1.907,0.002,0.105,17252.0,3302.55
150117.SZ,20191029,1.041,1.041,1.042,1.04,1.042,0.001,0.0961,17715.0,1844.169
150118.SZ,20191029,1.043,1.043,1.045,1.03,1.03,-0.013,-1.2464,15130.0,1567.732
159923.SZ,20191029,1.752,1.745,1.76,1.745,1.751,-0.001,-0.0571,1099.0,192.626
510310.SH,20191029,1.735,1.734,1.737,1.729,1.729,-0.006,-0.3458,339457.0,58810.829
511010.SH,20191029,118.027,118.026,118.027,117.91,117.96,-0.067,-0.0568,1428.32,16849.094
160212.SZ,20191029,2.374,2.365,2.365,2.338,2.35,-0.024,-1.011,2659.53,625.35
510650.SH,20191029,1.999,1.995,1.995,1.985,1.985,-0.014,-0.7004,122.0,24.285
510630.SH,20191029,2.935,2.922,2.955,2.922,2.939,0.004,0.1363,15863.0,4680.619
159925.SZ,20191029,1.722,1.714,1.723,1.714,1.716,-0.006,-0.3484,1514.4,260.422
150123.SZ,20191029,1.049,1.05,1.051,1.05,1.05,0.001,0.0953,5129.0,538.598
150124.SZ,20191029,0.812,0.813,0.817,0.811,0.816,0.004,0.4926,3420.0,278.269
165313.SZ,20191029,1.597,1.606,1.64,1.599,1.601,0.004,0.2505,2049.42,334.716
159926.SZ,20191029,111.44,111.1,111.331,111.1,111.23,-0.21,-0.1884,10.0,111.253
163210.SZ,20191029,1.017,1.017,1.017,1.013,1.015,-0.002,-0.1967,5263.0,533.983
510510.SH,20191029,1.452,1.454,1.454,1.436,1.437,-0.015,-1.0331,303416.0,43817.51
511880.SH,20191029,102.181,102.19,102.199,102.184,102.197,0.016,0.0157,692929.71,7081225.213
161911.SZ,20191029,1.011,1.01,1.011,1.009,1.011,0.0,0.0,8494.43,858.001
513100.SH,20191029,2.932,2.956,2.959,2.952,2.953,0.021,0.7162,57294.12,16927.677
150146.SZ,20191029,1.218,1.218,1.338,1.098,1.098,-0.12,-9.8522,367.0,41.801
159003.SZ,20191029,100.0,99.999,100.0,99.997,99.999,-0.001,-0.001,1284.68,12846.607
518880.SH,20191029,3.395,3.364,3.365,3.356,3.36,-0.035,-1.0309,1925625.0,647298.171
518800.SH,20191029,3.365,3.343,3.343,3.328,3.331,-0.034,-1.0104,354382.0,118101.831
159930.SZ,20191029,0.691,0.686,0.694,0.686,0.688,-0.003,-0.4342,3252.0,224.549
150144.SZ,20191029,1.122,1.117,1.21,1.117,1.21,0.088,7.8431,6.0,0.679
159929.SZ,20191029,1.559,1.559,1.576,1.557,1.567,0.008,0.5131,32597.0,5107.751
159928.SZ,20191029,3.025,3.025,3.075,3.017,3.057,0.032,1.0579,113182.0,34598.248
159931.SZ,20191029,1.753,1.762,1.762,1.736,1.75,-0.003,-0.1711,841.59,147.178
160515.SZ,20191029,1.05,1.049,1.049,1.047,1.047,-0.003,-0.2857,8227.0,862.211
150149.SZ,20191029,0.696,0.699,0.708,0.699,0.703,0.007,1.0057,5440.0,383.194
150130.SZ,20191029,1.085,1.085,1.085,1.083,1.085,0.0,0.0,23375.85,2533.818
513500.SH,20191029,1.989,1.998,2.003,1.996,1.998,0.009,0.4525,106243.0,21242.101
150131.SZ,20191029,1.694,1.688,1.721,1.681,1.7,0.006,0.3542,109804.39,18757.284
150151.SZ,20191029,0.812,0.841,0.841,0.841,0.841,0.029,3.5714,1.0,0.084
150152.SZ,20191029,1.03,1.029,1.032,1.029,1.031,0.001,0.0971,118497.97,12214.411
150153.SZ,20191029,1.224,1.226,1.226,1.194,1.195,-0.029,-2.3693,996972.96,120525.54
159932.SZ,20191029,1.396,1.404,1.406,1.373,1.373,-0.023,-1.6476,1254.0,173.893
512010.SH,20191029,1.88,1.88,1.899,1.87,1.888,0.008,0.4255,133123.0,25150.203
159933.SZ,20191029,2.2,2.128,2.132,2.128,2.132,-0.068,-3.0909,2.0,0.426
510680.SH,20191029,2.458,2.482,2.482,2.465,2.465,0.007,0.2848,7.0,1.736
159934.SZ,20191029,3.366,3.339,3.339,3.33,3.334,-0.032,-0.9507,770178.46,256892.336
512120.SH,20191029,1.567,1.567,1.586,1.567,1.572,0.005,0.3191,3764.0,593.567
150157.SZ,20191029,1.024,1.024,1.024,1.024,1.024,0.0,0.0,581.0,59.494
150158.SZ,20191029,1.113,1.101,1.11,1.1,1.1,-0.013,-1.168,3243.0,357.309
159935.SZ,20191029,1.41,1.402,1.402,1.397,1.397,-0.013,-0.922,223.0,31.168
160220.SZ,20191029,1.36,1.362,1.362,1.362,1.362,0.002,0.1471,7.0,0.953
150170.SZ,20191029,1.321,1.32,1.32,1.313,1.313,-0.008,-0.6056,908.0,119.708
164705.SZ,20191029,1.18,1.18,1.18,1.179,1.179,-0.001,-0.0847,255.0,30.079
150176.SZ,20191029,0.949,0.954,0.956,0.944,0.946,-0.003,-0.3161,68396.0,6497.933
150171.SZ,20191029,1.007,1.007,1.007,1.007,1.007,0.0,0.0,803.0,80.862
150172.SZ,20191029,1.148,1.147,1.147,1.115,1.116,-0.032,-2.7875,158048.77,17862.561
161831.SZ,20191029,0.99,0.99,0.993,0.989,0.989,-0.001,-0.101,518.43,51.28
150175.SZ,20191029,1.034,1.033,1.034,1.033,1.034,0.0,0.0,42081.0,4350.968
160812.SZ,20191029,1.492,1.491,1.495,1.491,1.494,0.002,0.134,2184.26,325.803
150181.SZ,20191029,1.017,1.017,1.018,1.017,1.017,0.0,0.0,4067.65,413.694
150182.SZ,20191029,1.273,1.271,1.271,1.238,1.239,-0.034,-2.6709,121319.38,15161.369
150177.SZ,20191029,1.014,1.013,1.013,1.009,1.013,-0.001,-0.0986,16829.65,1703.775
150178.SZ,20191029,1.396,1.387,1.392,1.368,1.39,-0.006,-0.4298,1433.0,197.532
150179.SZ,20191029,1.012,1.013,1.013,1.013,1.013,0.001,0.0988,1082.0,109.606
150180.SZ,20191029,1.484,1.539,1.621,1.415,1.502,0.018,1.2129,8415.98,1283.428
150164.SZ,20191029,1.018,1.018,1.018,1.018,1.018,0.0,0.0,980.0,99.764
150165.SZ,20191029,1.137,1.102,1.179,1.102,1.179,0.042,3.6939,1.26,0.146
159936.SZ,20191029,1.334,1.337,1.338,1.324,1.337,0.003,0.2249,161.0,21.528
160918.SZ,20191029,1.989,1.982,1.991,1.972,1.972,-0.017,-0.8547,180.97,35.833
161505.SZ,20191029,1.173,1.181,1.181,1.181,1.181,0.008,0.682,1.0,0.118
150185.SZ,20191029,1.043,1.043,1.063,1.026,1.045,0.002,0.1918,1406.67,145.921
512600.SH,20191029,2.968,2.99,3.037,2.982,3.018,0.05,1.6846,3192.0,958.63
512610.SH,20191029,1.475,1.509,1.509,1.48,1.48,0.005,0.339,929.41,139.12
163827.SZ,20191029,1.1,1.108,1.108,1.108,1.108,0.008,0.7273,2.0,0.221
512070.SH,20191029,2.258,2.258,2.259,2.227,2.228,-0.03,-1.3286,24325.0,5447.517
161908.SZ,20191029,1.01,1.016,1.016,1.016,1.016,0.006,0.5941,0.56,0.056
512220.SH,20191029,1.344,1.34,1.34,1.301,1.334,-0.01,-0.744,617.0,81.123
150187.SZ,20191029,1.077,1.04,1.084,1.04,1.077,0.0,0.0,580.38,61.457
160133.SZ,20191029,2.8,2.805,2.805,2.79,2.794,-0.006,-0.2143,1454.19,406.081
150188.SZ,20191029,1.033,1.032,1.033,1.032,1.033,0.0,0.0,55.6,5.743
150189.SZ,20191029,0.611,0.614,0.617,0.614,0.617,0.006,0.982,17.21,1.06
513030.SH,20191029,1.095,1.098,1.099,1.094,1.095,0.0,0.0,18618.0,2040.912
159937.SZ,20191029,3.396,3.371,3.371,3.358,3.36,-0.036,-1.0601,411285.0,138318.545
150191.SZ,20191029,1.181,1.211,1.211,1.211,1.211,0.03,2.5402,1.0,0.121
150194.SZ,20191029,1.017,1.016,1.017,1.016,1.016,-0.001,-0.0983,2547.09,258.947
169101.SZ,20191029,1.542,1.543,1.551,1.543,1.549,0.007,0.454,24090.32,3730.129
150195.SZ,20191029,1.062,1.06,1.06,0.985,0.998,-0.064,-6.0264,259248.98,26817.839
150192.SZ,20191029,0.987,1.012,1.012,1.012,1.012,0.025,2.5329,1.0,0.101
150193.SZ,20191029,1.119,1.117,1.129,1.08,1.099,-0.02,-1.7873,1053.09,113.985
150201.SZ,20191029,1.187,1.18,1.181,1.135,1.137,-0.05,-4.2123,2013048.57,233007.574
150198.SZ,20191029,1.027,1.024,1.027,1.024,1.026,-0.001,-0.0974,16822.0,1724.841
150199.SZ,20191029,1.115,1.123,1.144,1.118,1.136,0.021,1.8834,26053.99,2961.492
512300.SH,20191029,1.134,1.132,1.142,1.132,1.137,0.003,0.2646,3539.0,401.325
511220.SH,20191029,97.409,97.41,97.439,97.2,97.2,-0.209,-0.2146,209.0,2033.972
150200.SZ,20191029,1.016,1.016,1.017,1.016,1.017,0.001,0.0984,119342.0,12125.371
150208.SZ,20191029,1.793,1.614,1.68,1.614,1.614,-0.179,-9.9833,172.0,27.991
150205.SZ,20191029,1.02,1.019,1.021,1.018,1.02,0.0,0.0,77812.0,7932.098
150206.SZ,20191029,0.557,0.557,0.559,0.532,0.535,-0.022,-3.9497,744026.83,40456.509
160105.SZ,20191029,0.979,0.987,0.987,0.961,0.983,0.004,0.4086,22.0,2.145
163801.SZ,20191029,1.407,1.403,1.41,1.4,1.4,-0.007,-0.4975,4310.94,605.897
160505.SZ,20191029,1.469,1.463,1.466,1.454,1.457,-0.012,-0.8169,38932.12,5688.456
510050.SH,20191029,3.028,3.03,3.03,3.015,3.016,-0.012,-0.3963,2263788.87,684330.499
162703.SZ,20191029,1.762,1.763,1.763,1.744,1.745,-0.017,-0.9648,18996.91,3327.949
161706.SZ,20191029,1.911,1.906,1.931,1.906,1.931,0.02,1.0466,5367.16,1030.028
162605.SZ,20191029,1.764,1.765,1.787,1.761,1.775,0.011,0.6236,56930.74,10115.44
160106.SZ,20191029,1.06,1.052,1.059,1.05,1.05,-0.01,-0.9434,595.0,62.604
161903.SZ,20191029,1.143,1.139,1.139,1.125,1.125,-0.018,-1.5748,12957.97,1465.485
160706.SZ,20191029,1.133,1.132,1.133,1.128,1.129,-0.004,-0.353,12910.0,1458.84
163302.SZ,20191029,1.06,1.059,1.059,1.059,1.059,-0.001,-0.0943,100.0,10.59
161005.SZ,20191029,2.27,2.267,2.267,2.249,2.249,-0.021,-0.9251,11195.2,2523.662
163402.SZ,20191029,0.695,0.694,0.694,0.688,0.689,-0.006,-0.8633,139085.94,9599.212
163503.SZ,20191029,0.454,0.454,0.454,0.446,0.446,-0.008,-1.7621,488.0,21.884
162607.SZ,20191029,0.549,0.549,0.549,0.545,0.547,-0.002,-0.3643,1972.0,107.624
159901.SZ,20191029,4.875,4.895,4.907,4.869,4.88,0.005,0.1026,319118.64,156110.117
510180.SH,20191029,3.561,3.551,3.555,3.534,3.535,-0.026,-0.7301,195030.01,69131.252
162207.SZ,20191029,1.441,1.441,1.452,1.441,1.452,0.011,0.7634,1001.0,144.245
159902.SZ,20191029,3.08,3.08,3.081,3.054,3.054,-0.026,-0.8442,88272.2,27087.065
160607.SZ,20191029,0.77,0.768,0.772,0.764,0.766,-0.004,-0.5195,1802.0,138.472
510880.SH,20191029,2.82,2.82,2.82,2.808,2.808,-0.012,-0.4255,54801.0,15408.423
160610.SZ,20191029,1.023,1.02,1.02,1.005,1.005,-0.018,-1.7595,351.0,35.486
166001.SZ,20191029,1.312,1.314,1.317,1.305,1.305,-0.007,-0.5335,1887.14,247.564
160611.SZ,20191029,0.97,0.972,0.984,0.972,0.974,0.004,0.4124,701.93,68.625
160314.SZ,20191029,1.011,1.001,1.009,1.001,1.001,-0.01,-0.9891,749.17,75.374
160613.SZ,20191029,1.506,1.503,1.503,1.485,1.485,-0.021,-1.3944,98.0,14.643
161010.SZ,20191029,1.108,1.109,1.11,1.109,1.109,0.001,0.0903,351.0,38.935
160615.SZ,20191029,1.68,1.685,1.685,1.685,1.685,0.005,0.2976,6.0,1.011
161810.SZ,20191029,2.148,2.149,2.196,2.148,2.179,0.031,1.4432,31183.98,6772.809
510060.SH,20191029,1.855,1.848,1.851,1.842,1.846,-0.009,-0.4852,475.84,87.954
160119.SZ,20191029,1.291,1.291,1.291,1.275,1.275,-0.016,-1.2393,10201.02,1306.018
510010.SH,20191029,1.16,1.16,1.16,1.155,1.155,-0.005,-0.431,170.0,19.663
162307.SZ,20191029,1.198,1.19,1.192,1.19,1.192,-0.006,-0.5008,14.01,1.669
165309.SZ,20191029,1.253,1.262,1.262,1.262,1.262,0.009,0.7183,7.0,0.883
160211.SZ,20191029,2.364,2.364,2.364,2.338,2.338,-0.026,-1.0998,951.0,223.265
162711.SZ,20191029,1.11,1.098,1.106,1.095,1.096,-0.014,-1.2613,281.0,30.881
150008.SZ,20191029,0.966,0.962,0.966,0.962,0.966,0.0,0.0,943.75,90.979
150012.SZ,20191029,1.008,1.007,1.008,1.007,1.008,0.0,0.0,56.0,5.644
159903.SZ,20191029,1.078,1.07,1.079,1.068,1.069,-0.009,-0.8349,5968.0,640.48
166006.SZ,20191029,1.299,1.3,1.309,1.295,1.299,0.0,0.0,759.0,98.729
510020.SH,20191029,2.881,2.89,2.89,2.868,2.868,-0.013,-0.4512,35.0,10.047
160716.SZ,20191029,1.601,1.601,1.603,1.582,1.592,-0.009,-0.5621,1815.0,289.457
160616.SZ,20191029,1.135,1.124,1.132,1.124,1.131,-0.004,-0.3524,367.01,41.337
163001.SZ,20191029,1.122,1.134,1.134,1.134,1.134,0.012,1.0695,250.0,28.35
510130.SH,20191029,3.846,3.83,3.83,3.83,3.83,-0.016,-0.416,4.0,1.532
510030.SH,20191029,5.347,5.335,5.347,5.322,5.326,-0.021,-0.3927,122.0,65.153
510090.SH,20191029,1.84,1.835,1.835,1.835,1.835,-0.005,-0.2717,100.0,18.35
150016.SZ,20191029,0.984,0.984,0.984,0.984,0.984,0.0,0.0,0.02,0.001
150017.SZ,20191029,1.156,1.156,1.156,1.138,1.147,-0.009,-0.7785,1170.02,133.584
150013.SZ,20191029,1.079,1.009,1.082,1.009,1.046,-0.033,-3.0584,2.0,0.209
150023.SZ,20191029,0.241,0.241,0.241,0.236,0.237,-0.004,-1.6598,295016.66,7029.22
150018.SZ,20191029,1.02,1.02,1.025,1.019,1.024,0.004,0.3922,470606.55,48125.047
150019.SZ,20191029,0.98,0.98,0.985,0.972,0.974,-0.006,-0.6122,1328772.13,130143.841
161713.SZ,20191029,1.015,1.015,1.015,1.014,1.014,-0.001,-0.0985,23.0,2.334
160807.SZ,20191029,1.321,1.323,1.323,1.323,1.323,0.002,0.1514,418.0,55.301
510070.SH,20191029,1.784,1.786,1.786,1.773,1.775,-0.009,-0.5045,21329.0,3798.148
160215.SZ,20191029,1.489,1.468,1.563,1.468,1.477,-0.012,-0.8059,423.0,62.373
510160.SH,20191029,0.557,0.556,0.556,0.552,0.552,-0.005,-0.8977,709.0,39.367
510110.SH,20191029,3.82,3.8,3.848,3.795,3.848,0.028,0.733,121.0,46.011
160717.SZ,20191029,0.836,0.839,0.84,0.834,0.837,0.001,0.1196,1472.17,123.322
163407.SZ,20191029,2.035,2.035,2.035,2.022,2.027,-0.008,-0.3931,3193.59,648.468
159905.SZ,20191029,1.932,1.937,1.959,1.934,1.951,0.019,0.9834,298838.0,58308.382
510190.SH,20191029,3.336,3.199,3.348,3.195,3.348,0.012,0.3597,652.0,212.136
150022.SZ,20191029,0.837,0.835,0.837,0.833,0.833,-0.004,-0.4779,69219.01,5773.885
166008.SZ,20191029,1.076,1.076,1.076,1.076,1.076,0.0,0.0,1.0,0.107
510170.SH,20191029,1.59,1.592,1.592,1.585,1.585,-0.005,-0.3145,1045.0,165.742
161815.SZ,20191029,0.486,0.482,0.484,0.481,0.482,-0.004,-0.823,213.0,10.26
510150.SH,20191029,5.332,5.332,5.373,5.3,5.36,0.028,0.5251,10857.0,5823.427
150028.SZ,20191029,1.014,1.014,1.015,1.014,1.015,0.001,0.0986,192.0,19.486
165510.SZ,20191029,0.747,0.747,0.749,0.744,0.748,0.001,0.1339,667.55,49.751
159906.SZ,20191029,0.921,0.921,0.924,0.912,0.912,-0.009,-0.9772,2638.0,241.963
510220.SH,20191029,3.992,4.0,4.009,3.985,4.009,0.017,0.4259,2483.0,991.399
510210.SH,20191029,3.783,3.781,3.781,3.75,3.75,-0.033,-0.8723,36674.0,13804.175
161714.SZ,20191029,1.048,1.053,1.053,1.048,1.049,0.001,0.0954,326.87,34.294
166009.SZ,20191029,1.947,1.883,2.004,1.883,2.004,0.057,2.9276,51.0,10.208
150029.SZ,20191029,1.135,1.133,1.133,1.108,1.12,-0.015,-1.3216,397.73,44.588
164808.SZ,20191029,1.072,1.07,1.072,1.067,1.072,0.0,0.0,1197.37,127.973
150032.SZ,20191029,1.013,1.013,1.014,1.013,1.014,0.001,0.0987,5987.0,607.002
161907.SZ,20191029,1.669,1.668,1.668,1.668,1.668,-0.001,-0.0599,2.0,0.333
150031.SZ,20191029,0.948,0.95,0.967,0.95,0.967,0.019,2.0042,32.46,3.098
150030.SZ,20191029,1.03,1.03,1.03,1.03,1.03,0.0,0.0,19.49,2.007
150033.SZ,20191029,0.827,0.82,0.823,0.82,0.823,-0.004,-0.4837,35.0,2.874
163409.SZ,20191029,1.8,1.766,1.798,1.766,1.798,-0.002,-0.1111,44.0,7.878
510230.SH,20191029,5.846,5.846,5.846,5.793,5.801,-0.045,-0.7698,41463.71,24130.1
161116.SZ,20191029,0.812,0.81,0.81,0.8,0.805,-0.007,-0.8621,3249.5,261.677
510120.SH,20191029,2.974,3.01,3.062,3.01,3.062,0.088,2.959,16.17,4.919
150037.SZ,20191029,1.88,1.889,1.889,1.889,1.889,0.009,0.4787,0.02,0.003
510270.SH,20191029,1.147,1.122,1.134,1.12,1.134,-0.013,-1.1334,639.0,71.833
160512.SZ,20191029,1.941,1.942,1.942,1.94,1.94,-0.001,-0.0515,139.0,26.985
159908.SZ,20191029,1.471,1.469,1.471,1.463,1.464,-0.007,-0.4759,3427.0,503.808
159907.SZ,20191029,1.244,1.246,1.246,1.236,1.237,-0.007,-0.5627,1155.0,143.322
163110.SZ,20191029,1.575,1.569,1.569,1.569,1.569,-0.006,-0.381,7.0,1.098
159909.SZ,20191029,4.839,4.84,4.847,4.764,4.764,-0.075,-1.5499,3350.0,1615.372
160719.SZ,20191029,0.842,0.841,0.841,0.833,0.833,-0.009,-1.0689,209.0,17.456
161217.SZ,20191029,0.602,0.603,0.604,0.597,0.604,0.002,0.3322,352.0,21.192
159910.SZ,20191029,1.856,1.858,1.869,1.858,1.862,0.006,0.3233,14058.0,2620.859
162712.SZ,20191029,1.47,1.469,1.469,1.469,1.469,-0.001,-0.068,89.22,13.106
164701.SZ,20191029,0.715,0.713,0.713,0.707,0.707,-0.008,-1.1189,14.0,0.994
159911.SZ,20191029,3.933,3.973,3.973,3.973,3.973,0.04,1.017,20.0,7.946
159912.SZ,20191029,1.305,1.298,1.309,1.298,1.301,-0.004,-0.3065,5738.7,748.816
150230.SZ,20191029,1.372,1.396,1.396,1.33,1.385,0.013,0.9475,157.0,21.083
161225.SZ,20191029,1.35,1.338,1.339,1.316,1.316,-0.034,-2.5185,734.0,98.027
150232.SZ,20191029,1.119,1.119,1.119,1.07,1.08,-0.039,-3.4853,6730.0,728.819
164906.SZ,20191029,1.248,1.255,1.269,1.251,1.253,0.005,0.4006,7078.71,889.424
150225.SZ,20191029,1.03,1.03,1.03,1.03,1.03,0.0,0.0,630.0,64.89
150226.SZ,20191029,1.344,1.39,1.39,1.254,1.254,-0.09,-6.6964,1226.03,153.998
150235.SZ,20191029,1.006,1.006,1.006,1.006,1.006,0.0,0.0,497.0,49.998
150236.SZ,20191029,0.933,0.905,0.907,0.898,0.899,-0.034,-3.6442,2062.38,186.991
150247.SZ,20191029,1.037,1.036,1.042,1.036,1.038,0.001,0.0964,2458.0,254.804
150248.SZ,20191029,0.87,0.893,0.893,0.855,0.871,0.001,0.1149,866.0,74.477
510710.SH,20191029,3.325,3.325,3.332,3.316,3.318,-0.007,-0.2105,54319.94,18061.208
162108.SZ,20191029,1.078,1.054,1.054,1.054,1.054,-0.024,-2.2263,250.0,26.35
150252.SZ,20191029,0.701,0.68,0.711,0.68,0.697,-0.004,-0.5706,744.0,52.58
150265.SZ,20191029,1.05,1.053,1.054,1.035,1.053,0.003,0.2857,107.94,11.374
150266.SZ,20191029,0.865,0.865,0.865,0.842,0.864,-0.001,-0.1156,308.14,26.047
159943.SZ,20191029,10.58,10.58,10.6,10.52,10.522,-0.058,-0.5482,273.54,288.743
150274.SZ,20191029,1.132,1.076,1.164,1.076,1.164,0.032,2.8269,12.66,1.393
150261.SZ,20191029,1.043,1.048,1.05,1.048,1.049,0.006,0.5753,87.0,9.126
150262.SZ,20191029,1.197,1.198,1.208,1.176,1.205,0.008,0.6683,902.57,108.267
510560.SH,20191029,1.088,1.083,1.083,1.078,1.078,-0.01,-0.9191,11.0,1.187
502013.SH,20191029,1.1,1.101,1.101,1.091,1.091,-0.009,-0.8182,1605.0,175.503
502014.SH,20191029,1.03,1.029,1.03,1.029,1.03,0.0,0.0,878.14,90.361
502015.SH,20191029,1.173,1.156,1.167,1.156,1.156,-0.017,-1.4493,113.0,13.064
150269.SZ,20191029,0.993,0.993,0.993,0.991,0.992,-0.001,-0.1007,4740.0,470.195
150275.SZ,20191029,1.015,1.015,1.016,1.015,1.015,0.0,0.0,469.87,47.696
150276.SZ,20191029,1.111,1.088,1.109,1.088,1.109,-0.002,-0.18,15.71,1.714
150270.SZ,20191029,1.09,1.091,1.098,1.078,1.081,-0.009,-0.8257,66947.88,7304.497
150257.SZ,20191029,0.995,0.993,0.993,0.993,0.993,-0.002,-0.201,128.81,12.79
150260.SZ,20191029,0.825,0.816,0.816,0.803,0.803,-0.022,-2.6667,38.3,3.12
150277.SZ,20191029,0.987,0.985,0.985,0.985,0.985,-0.002,-0.2026,301.0,29.648
150278.SZ,20191029,0.7,0.672,0.708,0.672,0.675,-0.025,-3.5714,13.89,0.94
159941.SZ,20191029,1.794,1.81,1.816,1.808,1.811,0.017,0.9476,3702.12,670.55
150264.SZ,20191029,0.647,0.626,0.626,0.59,0.59,-0.057,-8.8099,336.13,20.87
150293.SZ,20191029,1.04,1.039,1.039,1.039,1.039,-0.001,-0.0962,5051.25,524.824
160806.SZ,20191029,1.363,1.364,1.364,1.364,1.364,0.001,0.0734,7.33,0.999
150282.SZ,20191029,0.778,0.7,0.778,0.7,0.778,0.0,0.0,2.0,0.147
150294.SZ,20191029,0.436,0.404,0.404,0.404,0.404,-0.032,-7.3394,30.82,1.245
150243.SZ,20191029,1.025,1.023,1.025,1.023,1.025,0.0,0.0,200.16,20.516
150244.SZ,20191029,1.271,1.27,1.27,1.249,1.252,-0.019,-1.4949,2377.62,298.571
150295.SZ,20191029,1.029,1.029,1.029,1.028,1.029,0.0,0.0,1471.25,151.391
150287.SZ,20191029,1.04,1.04,1.04,1.04,1.04,0.0,0.0,8083.4,840.673
150288.SZ,20191029,0.675,0.671,0.671,0.66,0.666,-0.009,-1.3333,9929.0,661.14
150289.SZ,20191029,1.041,1.04,1.041,1.04,1.04,-0.001,-0.0961,13647.43,1419.385
150302.SZ,20191029,0.868,0.837,0.861,0.832,0.832,-0.036,-4.1475,956.0,80.201
150290.SZ,20191029,0.708,0.707,0.707,0.692,0.692,-0.016,-2.2599,14586.7,1021.218
150299.SZ,20191029,1.046,1.045,1.046,1.045,1.045,-0.001,-0.0956,11482.0,1199.869
150300.SZ,20191029,0.787,0.78,0.784,0.774,0.774,-0.013,-1.6518,14313.0,1113.476
150291.SZ,20191029,1.04,1.041,1.041,1.041,1.041,0.001,0.0962,300.0,31.23
150315.SZ,20191029,1.03,1.021,1.021,1.021,1.021,-0.009,-0.8738,9.68,0.988
150316.SZ,20191029,1.605,1.609,1.609,1.572,1.572,-0.033,-2.0561,37.97,5.991
150246.SZ,20191029,1.017,1.038,1.038,0.985,1.01,-0.007,-0.6883,1845.0,184.048
150283.SZ,20191029,0.993,0.993,0.994,0.993,0.994,0.001,0.1007,352.15,34.973
150284.SZ,20191029,0.86,0.86,0.86,0.841,0.86,0.0,0.0,418.16,35.754
502008.SH,20191029,0.989,0.967,0.985,0.967,0.985,-0.004,-0.4044,20.15,1.985
150307.SZ,20191029,1.017,1.017,1.017,1.017,1.017,0.0,0.0,800.0,81.36
150308.SZ,20191029,1.779,1.65,1.799,1.65,1.799,0.02,1.1242,1.81,0.313
502006.SH,20191029,1.005,0.995,0.999,0.995,0.999,-0.006,-0.597,30.29,3.021
501000.SH,20191029,0.968,0.97,1.058,0.97,0.976,0.008,0.8264,114.0,11.607
150309.SZ,20191029,1.021,1.021,1.021,1.021,1.021,0.0,0.0,106.0,10.822
150310.SZ,20191029,1.52,1.558,1.558,1.558,1.558,0.038,2.5,40.0,6.232
150321.SZ,20191029,1.066,1.063,1.067,1.062,1.065,-0.001,-0.0938,1638.72,174.505
150322.SZ,20191029,0.831,0.819,0.828,0.805,0.828,-0.003,-0.361,212.34,17.429
150311.SZ,20191029,1.025,1.048,1.048,1.015,1.015,-0.01,-0.9756,44.92,4.628
150312.SZ,20191029,1.422,1.363,1.365,1.361,1.365,-0.057,-4.0084,129.31,17.635
159945.SZ,20191029,0.634,0.627,0.628,0.623,0.628,-0.006,-0.9464,453.0,28.422
501001.SH,20191029,1.074,1.08,1.088,1.069,1.077,0.003,0.2793,2181.59,236.822
512330.SH,20191029,0.944,0.95,0.95,0.893,0.894,-0.05,-5.2966,230672.0,21059.942
162006.SZ,20191029,1.181,1.173,1.197,1.173,1.194,0.013,1.1008,1531.03,182.81
160910.SZ,20191029,1.08,1.08,1.081,1.08,1.081,0.001,0.0926,644.5,69.628
160805.SZ,20191029,0.776,0.767,0.768,0.766,0.767,-0.009,-1.1598,48.92,3.753
160311.SZ,20191029,1.59,1.59,1.59,1.573,1.588,-0.002,-0.1258,589.08,92.896
161610.SZ,20191029,1.178,1.169,1.182,1.169,1.175,-0.003,-0.2547,477.15,55.894
159961.SZ,20191029,1.402,1.406,1.413,1.406,1.409,0.007,0.4993,3864.18,545.591
512260.SH,20191029,1.168,1.168,1.168,1.153,1.153,-0.015,-1.2842,100658.0,11678.719
512870.SH,20191029,1.195,1.191,1.198,1.184,1.184,-0.011,-0.9205,24231.0,2891.777
510850.SH,20191029,3.022,3.018,3.023,3.007,3.009,-0.013,-0.4302,396162.28,119451.311
510550.SH,20191029,1.202,1.196,1.199,1.186,1.186,-0.016,-1.3311,5454.0,648.893
501069.SH,20191029,1.038,1.038,1.038,1.037,1.037,-0.001,-0.0963,201.0,20.844
513680.SH,20191029,0.955,0.96,0.962,0.95,0.95,-0.005,-0.5236,268.0,25.6
512150.SH,20191029,1.272,1.272,1.273,1.269,1.27,-0.002,-0.1572,10429.0,1325.347
512890.SH,20191029,1.152,1.149,1.151,1.144,1.145,-0.007,-0.6076,7113.0,815.183
159962.SZ,20191029,1.049,1.051,1.056,1.039,1.039,-0.01,-0.9533,114639.0,11991.52
501064.SH,20191029,1.321,1.267,1.31,1.267,1.31,-0.011,-0.8327,101.0,12.801
159963.SZ,20191029,0.983,0.987,0.987,0.98,0.98,-0.003,-0.3052,15748.07,1544.992
511020.SH,20191029,101.5,101.49,101.49,101.3,101.49,-0.01,-0.0099,43.1,437.237
512270.SH,20191029,0.995,0.995,0.997,0.991,0.992,-0.003,-0.3015,3756.0,373.494
511030.SH,20191029,101.599,101.596,101.596,101.301,101.301,-0.298,-0.2933,6.0,60.888
159965.SZ,20191029,1.063,1.065,1.066,1.059,1.063,0.0,0.0,22101.29,2349.752
501063.SH,20191029,1.0,0.998,1.004,0.996,1.003,0.003,0.3,1468.69,147.071
501070.SH,20191029,1.263,1.258,1.26,1.254,1.254,-0.009,-0.7126,742.88,93.386
512380.SH,20191029,1.0,0.999,1.001,0.996,0.997,-0.003,-0.3,607683.96,60663.057
512590.SH,20191029,1.001,1.001,1.001,0.996,0.996,-0.005,-0.4995,180.0,17.987
510890.SH,20191029,1.016,1.016,1.016,1.008,1.008,-0.008,-0.7874,74813.0,7578.451
510350.SH,20191029,3.906,3.906,3.911,3.894,3.897,-0.009,-0.2304,239003.3,93307.264
159964.SZ,20191029,1.007,0.99,1.009,0.99,0.999,-0.008,-0.7944,704.02,70.633
161912.SZ,20191029,1.016,1.014,1.014,1.005,1.006,-0.01,-0.9843,8702.09,878.421
501071.SH,20191029,1.098,1.096,1.098,1.093,1.094,-0.004,-0.3643,13255.4,1450.207
512690.SH,20191029,1.114,1.115,1.132,1.109,1.122,0.008,0.7181,154088.0,17313.59
512290.SH,20191029,1.197,1.194,1.198,1.187,1.191,-0.006,-0.5013,258455.0,30840.95
166025.SZ,20191029,1.111,1.113,1.113,1.105,1.111,0.0,0.0,21477.64,2382.664
512750.SH,20191029,1.033,1.032,1.035,1.029,1.03,-0.003,-0.2904,128819.96,13299.964
512910.SH,20191029,1.065,1.066,1.068,1.061,1.061,-0.004,-0.3756,98138.0,10438.697
512760.SH,20191029,1.308,1.305,1.305,1.274,1.275,-0.033,-2.5229,1286809.0,166154.914
512170.SH,20191029,1.261,1.261,1.275,1.256,1.268,0.007,0.5551,93114.0,11805.562
512480.SH,20191029,1.213,1.212,1.212,1.185,1.185,-0.028,-2.3083,169487.98,20272.677
159966.SZ,20191029,1.17,1.17,1.17,1.16,1.161,-0.009,-0.7692,192042.05,22360.13
159967.SZ,20191029,1.176,1.173,1.179,1.168,1.168,-0.008,-0.6803,89851.19,10555.95
512790.SH,20191029,1.012,1.01,1.012,1.001,1.001,-0.011,-1.087,1065.0,107.077
159969.SZ,20191029,1.071,1.069,1.079,1.069,1.074,0.003,0.2801,266492.11,28679.77
512930.SH,20191029,1.15,1.156,1.156,1.117,1.117,-0.033,-2.8696,58452.0,6630.711
159971.SZ,20191029,1.172,1.168,1.171,1.165,1.165,-0.007,-0.5973,2216.0,258.945
161029.SZ,20191029,1.116,1.116,1.12,1.116,1.118,0.002,0.1792,1089.0,121.648
512650.SH,20191029,0.978,0.978,0.978,0.97,0.972,-0.006,-0.6135,128104.0,12476.404
512710.SH,20191029,1.024,1.023,1.023,1.007,1.008,-0.016,-1.5625,1440567.55,146055.701
169301.SZ,20191029,1.066,1.01,1.014,1.01,1.014,-0.052,-4.878,252.04,25.502
513880.SH,20191029,1.074,1.076,1.079,1.076,1.078,0.004,0.3724,6500.0,700.689
513800.SH,20191029,1.084,1.085,1.09,1.085,1.088,0.004,0.369,406.0,44.131
513520.SH,20191029,1.089,1.09,1.094,1.09,1.093,0.004,0.3673,4653.0,508.021
513000.SH,20191029,1.094,1.098,1.098,1.096,1.098,0.004,0.3656,7289.0,799.753
512720.SH,20191029,1.188,1.185,1.185,1.122,1.125,-0.063,-5.303,1765833.0,203412.717
501075.SH,20191029,0.942,0.943,0.945,0.934,0.934,-0.008,-0.8493,8297.0,777.784
501077.SH,20191029,0.967,0.967,0.977,0.952,0.954,-0.013,-1.3444,22715.31,2182.393
512670.SH,20191029,1.044,1.045,1.045,1.023,1.024,-0.02,-1.9157,137272.01,14178.29
510100.SH,20191029,1.023,1.023,1.024,1.019,1.019,-0.004,-0.391,105310.0,10757.723
159973.SZ,20191029,1.083,1.095,1.099,1.09,1.095,0.012,1.108,148.01,16.192
501081.SH,20191029,0.968,0.97,0.972,0.967,0.969,0.001,0.1033,12089.93,1172.043
512190.SH,20191029,1.038,1.033,1.033,1.027,1.027,-0.011,-1.0597,3821.0,394.098
515300.SH,20191029,1.016,1.015,1.015,1.009,1.01,-0.006,-0.5906,86927.6,8798.959
515000.SH,20191029,1.21,1.204,1.205,1.184,1.185,-0.025,-2.0661,5575034.32,667380.402
501086.SH,20191029,1.004,1.003,1.006,1.0,1.0,-0.004,-0.3984,1117.13,112.088
515880.SH,20191029,1.028,1.027,1.03,1.01,1.01,-0.018,-1.751,1348848.0,137560.667
512530.SH,20191029,0.993,0.995,0.997,0.99,0.991,-0.002,-0.2014,82055.36,8150.073
159977.SZ,20191029,1.704,1.703,1.707,1.687,1.687,-0.017,-0.9977,232722.76,39571.324
515050.SH,20191029,0.999,0.999,0.999,0.982,0.983,-0.016,-1.6016,1766201.0,175010.745
515810.SH,20191029,0.95,0.95,0.95,0.945,0.945,-0.005,-0.5263,667414.91,63236.11
515860.SH,20191029,1.032,1.035,1.04,1.02,1.02,-0.012,-1.1628,867910.0,89559.95
515580.SH,20191029,1.024,1.024,1.024,1.012,1.013,-0.011,-1.0742,878819.74,89539.074
161118.SZ,20191029,0.997,0.998,0.998,0.987,0.99,-0.007,-0.7021,7427.73,736.837
502020.SH,20191029,0.996,0.99,1.002,0.99,0.996,0.0,0.0,6169.44,616.945
