ts_code,trade_date,pre_close,open,high,low,close,change,pct_chg,vol,amount
511980.SH,20190613,99.999,99.997,99.998,99.994,99.998,-0.001,-0.001,449.57,4495.572
511900.SH,20190613,99.997,99.997,99.997,99.994,99.997,0.0,0.0,1717.2,17171.292
161229.SZ,20190613,1.114,1.118,1.118,1.118,1.118,0.004,0.3591,1.0,0.111
501005.SH,20190613,0.792,0.792,0.804,0.792,0.804,0.012,1.5152,236.0,18.943
511960.SH,20190613,99.995,99.993,99.993,99.99,99.99,-0.005,-0.005,30.0,299.971
161033.SZ,20190613,0.845,0.843,0.852,0.831,0.849,0.004,0.4734,739.0,62.008
169103.SZ,20190613,1.157,1.153,1.169,1.11,1.15,-0.007,-0.605,999.0,112.717
511820.SH,20190613,99.994,99.991,99.996,99.99,99.995,0.001,0.001,73.97,739.65
168102.SZ,20190613,0.844,0.84,0.845,0.838,0.844,0.0,0.0,5835.01,490.924
161823.SZ,20190613,1.111,1.111,1.111,1.111,1.111,0.0,0.0,12.0,1.333
501015.SH,20190613,0.781,0.77,0.777,0.77,0.776,-0.005,-0.6402,2826.5,218.821
162415.SZ,20190613,1.526,1.524,1.532,1.522,1.532,0.006,0.3932,110.0,16.801
160518.SZ,20190613,1.049,1.036,1.047,1.036,1.046,-0.003,-0.286,552.02,57.491
511920.SH,20190613,99.997,99.992,100.03,99.992,100.03,0.033,0.033,10.02,100.23
159948.SZ,20190613,1.539,1.539,1.553,1.533,1.547,0.008,0.5198,16018.0,2474.305
161232.SZ,20190613,0.644,0.631,0.641,0.631,0.641,-0.003,-0.4658,29.0,1.838
165528.SZ,20190613,0.835,0.835,0.84,0.829,0.84,0.005,0.5988,1106.02,91.755
165807.SZ,20190613,0.9,0.94,0.96,0.901,0.96,0.06,6.6667,729.36,66.569
501017.SH,20190613,0.784,0.779,0.779,0.779,0.779,-0.005,-0.6378,47.0,3.661
501018.SH,20190613,1.028,1.018,1.041,1.012,1.039,0.011,1.07,84815.86,8679.879
501021.SH,20190613,1.308,1.323,1.323,1.299,1.308,0.0,0.0,5571.19,727.694
159949.SZ,20190613,0.504,0.504,0.509,0.502,0.506,0.002,0.3968,6010903.7,303993.389
511850.SH,20190613,100.004,100.002,100.003,99.999,100.002,-0.002,-0.002,15526.15,155263.417
169104.SZ,20190613,1.21,1.208,1.208,1.192,1.207,-0.003,-0.2479,1483.0,178.662
512660.SH,20190613,0.717,0.717,0.72,0.712,0.717,0.0,0.0,729371.0,52221.41
511910.SH,20190613,100.0,100.0,100.0,99.954,100.0,0.0,0.0,60.0,599.953
512880.SH,20190613,0.916,0.917,0.932,0.915,0.925,0.009,0.9825,5522631.64,510403.894
167001.SZ,20190613,0.674,0.674,0.675,0.672,0.673,-0.001,-0.1484,913.05,61.454
161834.SZ,20190613,0.774,0.773,0.774,0.772,0.774,0.0,0.0,16207.96,1252.516
163003.SZ,20190613,0.629,0.629,0.629,0.629,0.629,0.0,0.0,20.0,1.258
160225.SZ,20190613,0.748,0.748,0.75,0.74,0.746,-0.002,-0.2674,44.0,3.289
168103.SZ,20190613,0.772,0.772,0.775,0.768,0.774,0.002,0.2591,30261.04,2336.727
512810.SH,20190613,0.689,0.688,0.689,0.683,0.688,-0.001,-0.1451,5092.0,349.681
510810.SH,20190613,0.915,0.913,0.918,0.907,0.916,0.001,0.1093,90166.0,8220.835
160635.SZ,20190613,0.903,0.903,0.904,0.89,0.903,0.0,0.0,1683.2,150.755
164403.SZ,20190613,1.177,1.125,1.188,1.125,1.18,0.003,0.2549,34.0,4.026
169105.SZ,20190613,1.18,1.176,1.181,1.172,1.18,0.0,0.0,35826.0,4213.159
512680.SH,20190613,0.712,0.711,0.715,0.709,0.711,-0.001,-0.1404,18331.0,1304.93
512000.SH,20190613,0.875,0.871,0.887,0.871,0.881,0.006,0.6857,1985770.0,174754.891
165525.SZ,20190613,0.791,0.786,0.788,0.779,0.787,-0.004,-0.5057,4115.0,322.271
160421.SZ,20190613,1.044,1.04,1.046,1.038,1.044,0.0,0.0,13663.69,1425.182
501026.SH,20190613,0.785,0.777,0.784,0.773,0.784,-0.001,-0.1274,1370.0,106.358
167002.SZ,20190613,0.885,0.918,0.918,0.918,0.918,0.033,3.7288,1.0,0.091
511660.SH,20190613,100.002,100.001,100.007,99.999,100.005,0.003,0.003,60447.79,604489.561
168105.SZ,20190613,0.757,0.756,0.76,0.745,0.759,0.002,0.2642,6492.11,488.867
512100.SH,20190613,0.635,0.632,0.642,0.632,0.639,0.004,0.6299,274663.0,17540.127
501022.SH,20190613,0.94,1.017,1.017,0.859,0.949,0.009,0.9574,991.17,85.166
501023.SH,20190613,1.08,1.111,1.111,1.111,1.111,0.031,2.8704,1.0,0.111
511600.SH,20190613,99.997,99.997,99.999,99.997,99.999,0.002,0.002,265.0,2649.948
160722.SZ,20190613,1.045,1.018,1.044,1.018,1.044,-0.001,-0.0957,540.03,55.673
511690.SH,20190613,99.996,99.995,99.996,99.994,99.996,0.0,0.0,9245.99,92455.618
511700.SH,20190613,100.009,100.01,100.01,99.995,100.004,-0.005,-0.005,1244.44,12444.612
501050.SH,20190613,1.228,1.228,1.23,1.22,1.228,0.0,0.0,8146.98,999.45
164210.SZ,20190613,1.074,1.072,1.072,1.07,1.07,-0.004,-0.3724,1042.5,111.554
160223.SZ,20190613,0.705,0.705,0.71,0.705,0.706,0.001,0.1418,125.68,8.871
164814.SZ,20190613,0.996,1.06,1.06,1.06,1.06,0.064,6.4257,1.0,0.106
161035.SZ,20190613,0.98,0.995,0.997,0.966,0.99,0.01,1.0204,173.0,17.023
160322.SZ,20190613,0.983,0.961,0.98,0.961,0.98,-0.003,-0.3052,158.0,15.34
501028.SH,20190613,0.836,0.84,0.843,0.835,0.84,0.004,0.4785,1029.8,86.012
160922.SZ,20190613,0.994,0.97,0.97,0.97,0.97,-0.024,-2.4145,30.0,2.91
164703.SZ,20190613,0.87,0.876,0.876,0.876,0.876,0.006,0.6897,54.0,4.73
501300.SH,20190613,1.039,1.039,1.039,1.038,1.039,0.0,0.0,3835.0,398.225
161126.SZ,20190613,1.244,1.248,1.251,1.246,1.251,0.007,0.5627,263.0,32.853
161125.SZ,20190613,1.263,1.252,1.257,1.251,1.257,-0.006,-0.4751,343.0,43.045
168301.SZ,20190613,0.949,0.95,0.95,0.946,0.946,-0.003,-0.3161,1307.1,123.774
161127.SZ,20190613,1.214,1.216,1.219,1.216,1.219,0.005,0.4119,702.02,85.436
161128.SZ,20190613,1.515,1.515,1.515,1.507,1.508,-0.007,-0.462,52.0,7.846
161129.SZ,20190613,1.023,1.018,1.034,1.012,1.028,0.005,0.4888,16520.69,1683.484
501029.SH,20190613,0.952,0.953,0.958,0.942,0.956,0.004,0.4202,77775.75,7383.473
501007.SH,20190613,0.854,0.866,0.866,0.862,0.863,0.009,1.0539,50.0,4.314
501011.SH,20190613,0.777,0.8,0.8,0.777,0.789,0.012,1.5444,469.0,36.671
501012.SH,20190613,0.759,0.763,0.763,0.763,0.763,0.004,0.527,1.0,0.076
501009.SH,20190613,1.033,1.099,1.099,1.015,1.055,0.022,2.1297,3587.03,376.209
501030.SH,20190613,0.565,0.565,0.569,0.565,0.569,0.004,0.708,13.0,0.735
501010.SH,20190613,1.039,1.044,1.044,1.044,1.044,0.005,0.4812,19.0,1.984
501031.SH,20190613,0.579,0.573,0.573,0.573,0.573,-0.006,-1.0363,5.0,0.287
501027.SH,20190613,1.045,1.001,1.001,1.0,1.0,-0.045,-4.3062,268.0,26.802
513050.SH,20190613,1.155,1.15,1.154,1.141,1.149,-0.006,-0.5195,223246.0,25638.335
511650.SH,20190613,99.996,99.996,99.996,99.99,99.994,-0.002,-0.002,270.04,2700.248
162718.SZ,20190613,1.005,0.945,0.986,0.944,0.986,-0.019,-1.8905,398.0,38.939
501032.SH,20190613,0.736,0.722,0.722,0.722,0.722,-0.014,-1.9022,6.0,0.433
512580.SH,20190613,0.728,0.73,0.732,0.719,0.73,0.002,0.2747,101020.0,7326.446
161631.SZ,20190613,0.921,0.922,0.928,0.918,0.925,0.004,0.4343,38165.58,3528.609
162719.SZ,20190613,0.883,0.88,0.883,0.876,0.883,0.0,0.0,518.03,45.523
512900.SH,20190613,0.888,0.881,0.9,0.881,0.893,0.005,0.5631,37887.0,3389.223
161036.SZ,20190613,0.605,0.629,0.629,0.6,0.6,-0.005,-0.8264,3.0,0.182
511770.SH,20190613,99.99,99.993,100.0,99.958,99.992,0.002,0.002,52.0,519.918
501019.SH,20190613,0.716,0.711,0.723,0.709,0.714,-0.002,-0.2793,1582.0,112.891
501301.SH,20190613,1.139,1.116,1.138,1.116,1.137,-0.002,-0.1756,32.0,3.635
160723.SZ,20190613,1.071,1.068,1.083,1.051,1.077,0.006,0.5602,7964.0,848.718
161835.SZ,20190613,1.057,1.056,1.057,1.056,1.057,0.0,0.0,21.0,2.217
159952.SZ,20190613,0.855,0.853,0.862,0.85,0.859,0.004,0.4678,419635.0,35911.733
501016.SH,20190613,0.963,0.967,0.975,0.952,0.968,0.005,0.5192,13511.18,1302.513
161037.SZ,20190613,0.949,0.962,0.968,0.962,0.968,0.019,2.0021,121.0,11.656
159950.SZ,20190613,0.95,0.93,0.95,0.93,0.95,0.0,0.0,297.0,27.998
512550.SH,20190613,1.124,1.134,1.154,1.112,1.122,-0.002,-0.1779,32646.0,3645.912
161130.SZ,20190613,1.264,1.266,1.266,1.266,1.266,0.002,0.1582,1.0,0.126
159955.SZ,20190613,0.794,0.796,0.802,0.791,0.799,0.005,0.6297,2106.0,167.735
159953.SZ,20190613,0.73,0.723,0.732,0.723,0.732,0.002,0.274,34.0,2.476
159951.SZ,20190613,0.76,0.75,0.76,0.75,0.76,0.0,0.0,622.38,47.223
163111.SZ,20190613,0.86,0.86,0.862,0.854,0.862,0.002,0.2326,683.73,58.912
512200.SH,20190613,0.86,0.856,0.86,0.85,0.858,-0.002,-0.2326,13276.0,1137.815
512700.SH,20190613,1.09,1.106,1.106,1.088,1.09,0.0,0.0,4076.0,443.901
160314.SZ,20190613,0.93,0.93,0.934,0.923,0.933,0.003,0.3226,324.77,30.153
160613.SZ,20190613,1.269,1.261,1.261,1.261,1.261,-0.008,-0.6304,16.0,2.017
161010.SZ,20190613,1.073,1.071,1.073,1.07,1.073,0.0,0.0,1157.0,123.984
161810.SZ,20190613,1.535,1.526,1.546,1.521,1.535,0.0,0.0,3866.97,594.44
510060.SH,20190613,1.807,1.78,1.825,1.78,1.823,0.016,0.8854,385.96,70.198
160119.SZ,20190613,1.237,1.237,1.245,1.231,1.24,0.003,0.2425,6761.86,836.975
510010.SH,20190613,1.129,1.126,1.128,1.117,1.128,-0.001,-0.0886,626.0,70.368
162307.SZ,20190613,1.321,1.311,1.311,1.308,1.308,-0.013,-0.9841,2.0,0.261
165309.SZ,20190613,1.185,1.177,1.181,1.175,1.181,-0.004,-0.3376,101.04,11.909
160211.SZ,20190613,1.839,1.843,1.843,1.832,1.843,0.004,0.2175,137.0,25.234
162711.SZ,20190613,1.068,1.061,1.072,1.06,1.065,-0.003,-0.2809,171.0,18.185
150008.SZ,20190613,1.188,1.185,1.185,1.185,1.185,-0.003,-0.2525,300.0,35.55
159903.SZ,20190613,0.981,0.98,0.983,0.971,0.98,-0.001,-0.1019,7837.51,766.39
166006.SZ,20190613,1.081,1.072,1.073,1.072,1.073,-0.008,-0.7401,219.0,23.477
510020.SH,20190613,2.704,2.706,2.71,2.699,2.71,0.006,0.2219,37.0,9.993
160716.SZ,20190613,1.552,1.552,1.557,1.535,1.554,0.002,0.1289,2391.49,369.647
160616.SZ,20190613,1.088,1.085,1.085,1.078,1.078,-0.01,-0.9191,68.0,7.37
163001.SZ,20190613,0.898,0.903,0.906,0.903,0.906,0.008,0.8909,2.0,0.18
510130.SH,20190613,3.807,3.771,3.771,3.771,3.771,-0.036,-0.9456,6.0,2.263
510030.SH,20190613,5.122,5.115,5.2,5.087,5.111,-0.011,-0.2148,2450.0,1252.984
510090.SH,20190613,1.671,1.67,1.67,1.667,1.669,-0.002,-0.1197,5.0,0.834
150016.SZ,20190613,0.946,0.944,0.946,0.943,0.945,-0.001,-0.1057,1151.36,108.868
150017.SZ,20190613,0.98,0.984,0.984,0.968,0.981,0.001,0.102,1218.01,118.753
150013.SZ,20190613,0.989,0.911,0.95,0.911,0.949,-0.04,-4.0445,220.18,20.904
150018.SZ,20190613,0.988,0.988,0.989,0.987,0.988,0.0,0.0,174438.05,17233.067
150019.SZ,20190613,0.901,0.897,0.915,0.892,0.896,-0.005,-0.5549,2560935.18,230864.942
161713.SZ,20190613,1.029,1.029,1.03,1.028,1.029,0.0,0.0,226.53,23.317
165508.SZ,20190613,1.84,1.66,1.66,1.656,1.656,-0.184,-10.0,205.0,34.024
510070.SH,20190613,1.568,1.592,1.609,1.592,1.607,0.039,2.4872,206.0,33.06
160215.SZ,20190613,1.287,1.258,1.268,1.258,1.268,-0.019,-1.4763,111.0,14.04
510160.SH,20190613,0.544,0.542,0.543,0.538,0.541,-0.003,-0.5515,2993.0,161.581
510110.SH,20190613,3.609,3.609,3.631,3.609,3.609,0.0,0.0,91.0,32.844
160717.SZ,20190613,0.799,0.796,0.805,0.793,0.796,-0.003,-0.3755,3515.89,279.376
165509.SZ,20190613,1.125,1.123,1.123,1.123,1.123,-0.002,-0.1778,9.0,1.01
163407.SZ,20190613,1.878,1.885,1.885,1.868,1.879,0.001,0.0532,5913.22,1106.721
159905.SZ,20190613,1.783,1.783,1.783,1.753,1.77,-0.013,-0.7291,91980.0,16248.847
510190.SH,20190613,3.167,3.164,3.175,3.147,3.175,0.008,0.2526,213.0,67.243
150022.SZ,20190613,0.77,0.768,0.769,0.764,0.769,-0.001,-0.1299,165658.45,12695.068
150023.SZ,20190613,0.223,0.223,0.225,0.22,0.222,-0.001,-0.4484,680695.11,15151.037
510170.SH,20190613,1.625,1.64,1.64,1.624,1.626,0.001,0.0615,179.0,29.116
166008.SZ,20190613,1.08,0.973,1.107,0.973,1.107,0.027,2.5,67.89,7.467
161815.SZ,20190613,0.454,0.454,0.455,0.451,0.453,-0.001,-0.2203,72.0,3.26
510150.SH,20190613,4.735,4.74,4.745,4.685,4.736,0.001,0.0211,2547.0,1200.488
165510.SZ,20190613,0.723,0.726,0.727,0.718,0.726,0.003,0.4149,4240.0,306.752
161213.SZ,20190613,1.513,1.508,1.508,1.506,1.506,-0.007,-0.4627,3.0,0.452
159906.SZ,20190613,0.732,0.732,0.738,0.731,0.736,0.004,0.5464,886.0,65.083
510220.SH,20190613,3.831,3.857,3.857,3.801,3.83,-0.001,-0.0261,117.0,44.843
510210.SH,20190613,3.521,3.518,3.531,3.496,3.524,0.003,0.0852,7373.0,2590.951
161714.SZ,20190613,1.006,0.998,1.008,0.998,1.008,0.002,0.1988,58.0,5.791
166009.SZ,20190613,1.54,1.599,1.599,1.599,1.599,0.059,3.8312,62.0,9.913
150028.SZ,20190613,0.988,0.988,0.989,0.988,0.989,0.001,0.1012,14929.3,1476.507
150029.SZ,20190613,1.048,1.029,1.049,1.028,1.049,0.001,0.0954,337.85,34.971
165516.SZ,20190613,1.923,1.918,1.918,1.918,1.918,-0.005,-0.26,7.0,1.342
160216.SZ,20190613,0.438,0.431,0.441,0.43,0.441,0.003,0.6849,95866.95,4167.883
159919.SZ,20190613,3.69,3.686,3.702,3.65,3.687,-0.003,-0.0813,532098.96,195640.426
510300.SH,20190613,3.699,3.695,3.711,3.66,3.692,-0.007,-0.1892,3012291.73,1109255.185
161019.SZ,20190613,1.048,1.047,1.047,1.047,1.047,-0.001,-0.0954,1016.0,106.375
160128.SZ,20190613,1.045,1.052,1.052,1.046,1.051,0.006,0.5742,325.0,34.098
164702.SZ,20190613,1.036,1.031,1.035,1.016,1.03,-0.006,-0.5792,154.0,15.855
159920.SZ,20190613,1.472,1.471,1.473,1.448,1.462,-0.01,-0.6793,5021956.65,732454.911
510900.SH,20190613,1.161,1.159,1.16,1.148,1.157,-0.004,-0.3445,7609539.14,878380.231
161820.SZ,20190613,1.119,1.101,1.119,1.101,1.119,0.0,0.0,93.0,10.241
510430.SH,20190613,1.383,1.383,1.403,1.383,1.4,0.017,1.2292,86.0,12.013
160916.SZ,20190613,2.733,2.716,2.733,2.709,2.733,0.0,0.0,454.33,123.433
150106.SZ,20190613,1.05,1.05,1.051,1.049,1.05,0.0,0.0,8493.04,892.176
150107.SZ,20190613,0.603,0.599,0.616,0.596,0.603,0.0,0.0,173965.78,10541.51
150100.SZ,20190613,0.987,0.987,0.987,0.986,0.987,0.0,0.0,1325.84,130.859
150101.SZ,20190613,1.047,1.02,1.04,1.02,1.04,-0.007,-0.6686,6.43,0.657
161119.SZ,20190613,1.361,1.276,1.366,1.276,1.364,0.003,0.2204,48.23,6.531
166902.SZ,20190613,1.077,1.046,1.069,1.046,1.069,-0.008,-0.7428,37.0,3.899
160621.SZ,20190613,1.082,1.08,1.08,1.08,1.08,-0.002,-0.1848,1.0,0.108
163415.SZ,20190613,1.737,1.74,1.744,1.73,1.744,0.007,0.403,387.1,67.342
510330.SH,20190613,3.704,3.703,3.713,3.662,3.695,-0.009,-0.243,847412.14,312437.573
511990.SH,20190613,100.007,100.001,100.01,99.999,100.007,0.0,0.0,640341.01,6403643.887
160720.SZ,20190613,1.136,1.119,1.119,1.119,1.119,-0.017,-1.4965,20.0,2.238
159922.SZ,20190613,5.082,5.07,5.12,5.046,5.104,0.022,0.4329,81798.0,41599.99
510500.SH,20190613,5.224,5.211,5.265,5.196,5.241,0.017,0.3254,1756634.03,918711.318
150117.SZ,20190613,1.011,1.009,1.009,1.008,1.009,-0.002,-0.1978,2360.46,238.142
150118.SZ,20190613,1.068,1.067,1.068,1.048,1.058,-0.01,-0.9363,35129.55,3713.901
159923.SZ,20190613,1.628,1.619,1.627,1.61,1.627,-0.001,-0.0614,1251.0,203.045
510310.SH,20190613,1.61,1.61,1.615,1.593,1.608,-0.002,-0.1242,506682.0,81327.19
511010.SH,20190613,116.794,116.8,116.841,116.758,116.794,0.0,0.0,9017.0,105318.793
160212.SZ,20190613,1.84,1.839,1.854,1.828,1.854,0.014,0.7609,2023.49,372.754
510660.SH,20190613,1.553,1.548,1.563,1.539,1.555,0.002,0.1288,3531.0,546.648
510650.SH,20190613,1.882,1.861,1.875,1.861,1.875,-0.007,-0.3719,167.0,31.125
510630.SH,20190613,2.762,2.761,2.774,2.737,2.771,0.009,0.3259,3680.0,1014.994
159925.SZ,20190613,1.577,1.572,1.581,1.567,1.581,0.004,0.2536,4580.0,719.59
150123.SZ,20190613,1.021,1.021,1.022,1.021,1.022,0.001,0.0979,18.0,1.838
150124.SZ,20190613,0.668,0.649,0.671,0.649,0.67,0.002,0.2994,3651.0,241.959
163210.SZ,20190613,1.01,1.01,1.012,1.01,1.012,0.002,0.198,5217.52,527.04
510510.SH,20190613,1.384,1.384,1.395,1.377,1.389,0.005,0.3613,214618.0,29735.616
511880.SH,20190613,101.303,101.308,101.313,101.306,101.311,0.008,0.0079,453750.88,4596897.455
165313.SZ,20190613,1.339,1.342,1.344,1.342,1.342,0.003,0.224,3035.0,407.599
159001.SZ,20190613,100.001,99.999,100.001,99.999,100.0,-0.001,-0.001,206225.49,2062254.822
161911.SZ,20190613,1.034,1.032,1.033,1.029,1.03,-0.004,-0.3868,17438.81,1797.759
513100.SH,20190613,2.674,2.677,2.681,2.656,2.667,-0.007,-0.2618,573458.0,152664.719
159003.SZ,20190613,100.0,100.0,100.001,99.999,100.0,0.0,0.0,1310.49,13104.909
518880.SH,20190613,2.972,2.966,2.977,2.964,2.977,0.005,0.1682,3260141.0,969061.389
518800.SH,20190613,2.948,2.946,2.956,2.94,2.955,0.007,0.2374,515812.0,152182.784
150146.SZ,20190613,1.097,1.108,1.108,1.108,1.108,0.011,1.0027,110.0,12.188
150144.SZ,20190613,1.004,1.049,1.055,1.049,1.05,0.046,4.5817,545.0,57.287
159929.SZ,20190613,1.328,1.33,1.334,1.318,1.331,0.003,0.2259,14561.0,1929.333
159928.SZ,20190613,2.792,2.799,2.805,2.746,2.786,-0.006,-0.2149,158620.11,44047.453
159930.SZ,20190613,0.728,0.724,0.726,0.724,0.726,-0.002,-0.2747,579.0,41.997
159931.SZ,20190613,1.669,1.656,1.676,1.656,1.663,-0.006,-0.3595,1777.0,297.115
150149.SZ,20190613,0.496,0.49,0.504,0.484,0.503,0.007,1.4113,3272.8,160.604
160515.SZ,20190613,1.059,1.058,1.059,1.058,1.059,0.0,0.0,1040.0,110.083
150130.SZ,20190613,1.015,1.015,1.016,1.015,1.015,0.0,0.0,11330.88,1150.104
150131.SZ,20190613,1.238,1.23,1.255,1.221,1.248,0.01,0.8078,128473.29,15943.823
150150.SZ,20190613,0.995,0.991,0.994,0.991,0.994,-0.001,-0.1005,200.22,19.901
150151.SZ,20190613,0.755,0.735,0.75,0.733,0.75,-0.005,-0.6623,336.42,24.927
150152.SZ,20190613,0.997,0.997,0.998,0.996,0.997,0.0,0.0,117151.54,11679.63
150153.SZ,20190613,1.015,1.012,1.03,1.006,1.014,-0.001,-0.0985,1776666.99,180501.27
159932.SZ,20190613,1.328,1.312,1.325,1.312,1.325,-0.003,-0.2259,1742.0,230.035
512010.SH,20190613,1.526,1.526,1.538,1.511,1.533,0.007,0.4587,79452.0,12119.721
159933.SZ,20190613,2.0,1.983,2.007,1.983,2.007,0.007,0.35,8.0,1.588
510680.SH,20190613,2.376,2.376,2.376,2.258,2.358,-0.018,-0.7576,174.0,39.628
160915.SZ,20190613,1.115,1.118,1.118,1.118,1.118,0.003,0.2691,9.0,1.006
160131.SZ,20190613,1.106,1.012,1.012,1.012,1.012,-0.094,-8.4991,11.0,1.113
159934.SZ,20190613,2.951,2.947,2.957,2.943,2.954,0.003,0.1017,736549.58,217329.535
513500.SH,20190613,1.847,1.851,1.853,1.842,1.847,0.0,0.0,1334262.0,246184.692
512120.SH,20190613,1.315,1.315,1.321,1.302,1.32,0.005,0.3802,1132.0,148.413
150157.SZ,20190613,0.994,0.994,0.994,0.994,0.994,0.0,0.0,1965.0,195.321
150158.SZ,20190613,1.035,1.037,1.038,1.023,1.033,-0.002,-0.1932,4683.0,483.036
159935.SZ,20190613,1.341,1.336,1.343,1.336,1.343,0.002,0.1491,168.0,22.449
160220.SZ,20190613,1.17,1.138,1.211,1.138,1.211,0.041,3.5043,229.7,27.034
150168.SZ,20190613,0.75,0.718,0.76,0.718,0.76,0.01,1.3333,101.0,7.256
164705.SZ,20190613,1.156,1.143,1.143,1.143,1.143,-0.013,-1.1246,24.84,2.839
150170.SZ,20190613,1.308,1.305,1.305,1.293,1.299,-0.009,-0.6881,4636.0,601.418
150171.SZ,20190613,0.98,0.98,0.98,0.979,0.98,0.0,0.0,6700.29,656.628
150172.SZ,20190613,1.346,1.344,1.393,1.341,1.367,0.021,1.5602,392101.46,53733.768
161831.SZ,20190613,0.954,0.95,0.95,0.948,0.949,-0.005,-0.5241,2777.9,263.345
150175.SZ,20190613,0.998,0.998,0.999,0.997,0.998,0.0,0.0,57845.02,5773.354
150176.SZ,20190613,0.912,0.91,0.91,0.896,0.904,-0.008,-0.8772,16435.0,1484.232
150181.SZ,20190613,0.989,0.989,0.989,0.988,0.989,0.0,0.0,25432.11,2515.227
150182.SZ,20190613,1.239,1.23,1.25,1.23,1.239,0.0,0.0,154649.58,19196.101
150178.SZ,20190613,1.331,1.311,1.335,1.31,1.325,-0.006,-0.4508,1364.36,180.651
150179.SZ,20190613,0.987,0.987,0.987,0.987,0.987,0.0,0.0,247.73,24.45
150180.SZ,20190613,0.952,0.946,0.979,0.941,0.946,-0.006,-0.6303,1577.96,150.592
160812.SZ,20190613,1.3,1.27,1.319,1.268,1.319,0.019,1.4615,4536.01,577.032
150165.SZ,20190613,1.105,1.08,1.08,1.08,1.08,-0.025,-2.2624,205.0,22.14
160918.SZ,20190613,1.803,1.787,1.787,1.774,1.787,-0.016,-0.8874,66.0,11.79
161505.SZ,20190613,1.163,1.163,1.163,1.163,1.163,0.0,0.0,74.0,8.606
150185.SZ,20190613,0.991,0.991,0.998,0.98,0.995,0.004,0.4036,1171.33,116.252
159936.SZ,20190613,1.254,1.26,1.26,1.231,1.239,-0.015,-1.1962,2434.0,301.298
150032.SZ,20190613,0.983,0.985,0.985,0.985,0.985,0.002,0.2035,100.0,9.85
510230.SH,20190613,5.8,5.794,5.817,5.754,5.797,-0.003,-0.0517,24296.0,14047.485
510260.SH,20190613,1.026,1.024,1.024,0.985,1.02,-0.006,-0.5848,1612.0,162.173
161116.SZ,20190613,0.71,0.712,0.718,0.71,0.713,0.003,0.4225,1401.0,99.704
150037.SZ,20190613,1.594,1.733,1.733,1.733,1.733,0.139,8.7202,98.0,16.983
159908.SZ,20190613,1.27,1.265,1.278,1.265,1.275,0.005,0.3937,556.09,70.469
159907.SZ,20190613,1.126,1.122,1.131,1.12,1.131,0.005,0.444,731.0,82.261
163110.SZ,20190613,1.559,1.531,1.561,1.531,1.561,0.002,0.1283,68.0,10.539
159909.SZ,20190613,3.962,3.962,3.973,3.935,3.964,0.002,0.0505,837.0,331.704
510270.SH,20190613,1.077,1.073,1.073,1.072,1.072,-0.005,-0.4643,100.0,10.72
161217.SZ,20190613,0.623,0.619,0.626,0.618,0.626,0.003,0.4815,21.0,1.303
165512.SZ,20190613,1.826,1.816,1.816,1.816,1.816,-0.01,-0.5476,1.0,0.181
159910.SZ,20190613,1.758,1.752,1.757,1.735,1.754,-0.004,-0.2275,3424.0,599.147
162712.SZ,20190613,1.432,1.433,1.433,1.433,1.433,0.001,0.0698,1700.0,243.61
160719.SZ,20190613,0.735,0.736,0.739,0.736,0.737,0.002,0.2721,5052.0,372.502
159911.SZ,20190613,3.474,3.452,3.473,3.452,3.473,-0.001,-0.0288,310.03,107.037
164606.SZ,20190613,1.124,1.125,1.125,1.125,1.125,0.001,0.089,9.0,1.012
164701.SZ,20190613,0.626,0.626,0.628,0.625,0.626,0.0,0.0,1325.04,82.96
160415.SZ,20190613,1.13,1.13,1.13,1.13,1.13,0.0,0.0,1.0,0.113
159915.SZ,20190613,1.412,1.412,1.426,1.406,1.422,0.01,0.7082,5511664.6,781136.262
159916.SZ,20190613,3.909,3.909,3.938,3.871,3.9,-0.009,-0.2302,795.0,309.326
159912.SZ,20190613,1.174,1.18,1.18,1.166,1.173,-0.001,-0.0852,5127.0,599.67
510290.SH,20190613,1.351,1.341,1.35,1.338,1.35,-0.001,-0.074,1188.0,159.753
160125.SZ,20190613,0.999,0.993,1.008,0.993,1.008,0.009,0.9009,74.0,7.434
159913.SZ,20190613,1.77,1.79,1.794,1.762,1.784,0.014,0.791,348.3,62.065
163208.SZ,20190613,0.806,0.815,0.815,0.815,0.815,0.009,1.1166,22.0,1.793
161017.SZ,20190613,1.693,1.693,1.702,1.688,1.698,0.005,0.2953,7410.04,1257.087
162411.SZ,20190613,0.446,0.44,0.449,0.44,0.448,0.002,0.4484,3698380.14,163921.059
150048.SZ,20190613,1.24,1.289,1.289,1.202,1.228,-0.012,-0.9677,313.0,39.105
150065.SZ,20190613,0.723,0.794,0.794,0.794,0.794,0.071,9.8202,2.0,0.158
165513.SZ,20190613,0.394,0.394,0.396,0.389,0.395,0.001,0.2538,6002.8,235.002
150051.SZ,20190613,0.99,0.991,0.991,0.989,0.991,0.001,0.101,968.0,95.887
150052.SZ,20190613,1.223,1.222,1.263,1.2,1.258,0.035,2.8618,101496.74,12555.289
150056.SZ,20190613,1.09,1.15,1.15,1.15,1.15,0.06,5.5046,1.0,0.115
161614.SZ,20190613,1.06,1.062,1.062,1.062,1.062,0.002,0.1887,50.0,5.31
150050.SZ,20190613,1.209,1.207,1.221,1.189,1.206,-0.003,-0.2481,435.0,51.743
159918.SZ,20190613,1.308,1.305,1.32,1.295,1.32,0.012,0.9174,955.0,125.636
160416.SZ,20190613,0.988,0.98,0.988,0.98,0.987,-0.001,-0.1012,3243.18,319.649
163412.SZ,20190613,3.218,3.227,3.236,3.194,3.202,-0.016,-0.4972,1751.0,561.019
510410.SH,20190613,0.626,0.621,0.625,0.616,0.624,-0.002,-0.3195,7574.0,470.008
160910.SZ,20190613,1.0,1.0,1.0,0.99,0.991,-0.009,-0.9,150.0,14.905
160311.SZ,20190613,1.513,1.501,1.515,1.501,1.515,0.002,0.1322,536.0,80.849
161610.SZ,20190613,1.0,0.996,1.004,0.991,1.003,0.003,0.3,3913.0,390.737
159961.SZ,20190613,1.247,1.236,1.247,1.23,1.247,0.0,0.0,1293.0,160.725
512260.SH,20190613,1.147,1.147,1.157,1.14,1.153,0.006,0.5231,44464.0,5116.156
501067.SH,20190613,1.162,1.164,1.164,1.148,1.157,-0.005,-0.4303,104.0,12.095
501068.SH,20190613,1.16,1.155,1.16,1.15,1.16,0.0,0.0,72.0,8.316
512870.SH,20190613,1.077,1.075,1.083,1.069,1.082,0.005,0.4643,54125.0,5821.089
510850.SH,20190613,2.794,2.794,2.801,2.768,2.792,-0.002,-0.0716,2483162.09,691615.574
510550.SH,20190613,1.128,1.128,1.133,1.12,1.128,0.0,0.0,10941.41,1226.809
501069.SH,20190613,0.992,0.985,0.995,0.981,0.988,-0.004,-0.4032,1862.0,183.056
513680.SH,20190613,0.935,0.933,0.933,0.933,0.933,-0.002,-0.2139,1.0,0.093
512150.SH,20190613,1.165,1.153,1.168,1.126,1.157,-0.008,-0.6867,7929.0,917.54
512890.SH,20190613,1.117,1.112,1.115,1.105,1.112,-0.005,-0.4476,4406.0,489.12
159962.SZ,20190613,0.996,0.985,0.993,0.981,0.993,-0.003,-0.3012,135.08,13.317
501311.SH,20190613,0.929,0.934,0.934,0.934,0.934,0.005,0.5382,12.0,1.121
501064.SH,20190613,1.03,0.96,1.009,0.959,1.009,-0.021,-2.0388,241.0,24.162
159963.SZ,20190613,0.949,0.943,0.947,0.934,0.94,-0.009,-0.9484,29087.0,2733.51
512270.SH,20190613,0.964,0.964,0.966,0.956,0.964,0.0,0.0,21300.0,2049.206
511030.SH,20190613,99.9,99.903,99.903,99.9,99.9,0.0,0.0,1.1,10.989
159965.SZ,20190613,0.96,0.955,0.96,0.946,0.955,-0.005,-0.5208,27252.49,2593.39
512380.SH,20190613,0.917,0.917,0.923,0.911,0.919,0.002,0.2181,461099.0,42321.869
512590.SH,20190613,0.987,0.982,0.989,0.98,0.987,0.0,0.0,27168.0,2679.0
159964.SZ,20190613,0.876,0.88,0.885,0.874,0.883,0.007,0.7991,2346.0,206.814
512690.SH,20190613,0.969,0.969,0.972,0.952,0.966,-0.003,-0.3096,145495.0,13983.165
512290.SH,20190613,0.934,0.935,0.941,0.927,0.938,0.004,0.4283,181282.0,16922.786
166025.SZ,20190613,0.918,0.917,0.925,0.912,0.916,-0.002,-0.2179,2406.0,220.096
512760.SH,20190613,1.033,1.033,1.039,1.017,1.023,-0.01,-0.9681,300887.0,30878.815
512480.SH,20190613,1.013,1.01,1.016,0.994,0.999,-0.014,-1.382,150306.0,15113.343
160105.SZ,20190613,0.87,0.905,0.905,0.844,0.878,0.008,0.9195,90.0,7.624
163801.SZ,20190613,1.184,1.176,1.19,1.176,1.19,0.006,0.5068,69.5,8.269
160505.SZ,20190613,1.524,1.524,1.528,1.515,1.525,0.001,0.0656,10776.56,1639.837
510050.SH,20190613,2.802,2.799,2.81,2.777,2.796,-0.006,-0.2141,6094716.9,1702766.199
162703.SZ,20190613,1.345,1.337,1.356,1.336,1.342,-0.003,-0.223,387.83,51.879
162605.SZ,20190613,1.602,1.602,1.605,1.585,1.601,-0.001,-0.0624,39659.01,6333.335
161607.SZ,20190613,1.178,1.172,1.179,1.172,1.178,0.0,0.0,3.0,0.352
160106.SZ,20190613,0.915,0.915,0.924,0.915,0.923,0.008,0.8743,205.0,18.774
161903.SZ,20190613,0.866,0.856,0.881,0.856,0.881,0.015,1.7321,510.0,44.906
160706.SZ,20190613,1.056,1.056,1.058,1.047,1.057,0.001,0.0947,21154.0,2224.075
163302.SZ,20190613,1.047,1.043,1.043,1.039,1.04,-0.007,-0.6686,154.0,16.045
161005.SZ,20190613,1.967,1.959,1.969,1.956,1.965,-0.002,-0.1017,5705.0,1119.47
163402.SZ,20190613,0.737,0.737,0.74,0.734,0.737,0.0,0.0,60329.0,4444.852
161706.SZ,20190613,1.646,1.639,1.645,1.637,1.641,-0.005,-0.3038,1080.0,177.624
163503.SZ,20190613,0.393,0.393,0.394,0.389,0.392,-0.001,-0.2545,979.0,38.437
162607.SZ,20190613,0.465,0.463,0.468,0.463,0.468,0.003,0.6452,6528.44,302.638
159901.SZ,20190613,4.31,4.31,4.313,4.255,4.297,-0.013,-0.3016,488498.92,209413.131
510180.SH,20190613,3.359,3.357,3.372,3.33,3.363,0.004,0.1191,220751.61,74056.544
162207.SZ,20190613,1.245,1.234,1.234,1.234,1.234,-0.011,-0.8835,7.21,0.889
159902.SZ,20190613,2.702,2.692,2.707,2.675,2.698,-0.004,-0.148,122542.0,33002.161
160607.SZ,20190613,0.645,0.639,0.648,0.639,0.648,0.003,0.4651,257.0,16.548
510880.SH,20190613,2.741,2.74,2.741,2.715,2.732,-0.009,-0.3283,86349.0,23567.496
160610.SZ,20190613,0.893,0.928,0.928,0.871,0.888,-0.005,-0.5599,273.0,23.84
166001.SZ,20190613,1.134,1.119,1.126,1.119,1.126,-0.008,-0.7055,43.0,4.831
160611.SZ,20190613,0.771,0.77,0.77,0.763,0.764,-0.007,-0.9079,106.0,8.109
512800.SH,20190613,1.05,1.049,1.052,1.041,1.047,-0.003,-0.2857,415750.0,43538.394
512400.SH,20190613,0.661,0.659,0.665,0.652,0.66,-0.001,-0.1513,114413.0,7540.869
512560.SH,20190613,0.781,0.786,0.786,0.774,0.781,0.0,0.0,1152.0,89.605
512570.SH,20190613,0.868,0.866,0.879,0.856,0.872,0.004,0.4608,4261.0,366.576
161715.SZ,20190613,0.895,0.894,0.903,0.888,0.903,0.008,0.8939,227.58,20.294
501036.SH,20190613,0.794,0.763,0.801,0.763,0.78,-0.014,-1.7632,376.43,29.245
501037.SH,20190613,0.778,0.776,0.779,0.775,0.775,-0.003,-0.3856,90.0,7.002
501038.SH,20190613,1.03,1.025,1.031,1.024,1.03,0.0,0.0,9541.99,980.339
511260.SH,20190613,106.14,106.145,106.287,106.145,106.275,0.135,0.1272,414.0,4399.282
511620.SH,20190613,99.991,99.98,99.991,99.94,99.94,-0.051,-0.051,32.08,320.758
166023.SZ,20190613,1.026,1.026,1.027,0.988,1.027,0.001,0.0975,734.0,75.317
511670.SH,20190613,100.002,100.001,100.001,99.998,100.0,-0.002,-0.002,2219.24,22192.23
501303.SH,20190613,0.901,0.9,0.9,0.891,0.891,-0.01,-1.1099,44.0,3.959
501039.SH,20190613,1.054,1.043,1.128,1.043,1.091,0.037,3.5104,8.0,0.845
501043.SH,20190613,0.998,0.998,1.002,0.983,0.996,-0.002,-0.2004,1441.04,143.541
501045.SH,20190613,0.999,0.99,0.999,0.99,0.991,-0.008,-0.8008,67.0,6.654
160140.SZ,20190613,1.144,1.136,1.137,1.123,1.137,-0.007,-0.6119,1078.0,121.783
501046.SH,20190613,0.94,0.905,0.954,0.901,0.937,-0.003,-0.3191,2963.0,275.184
510380.SH,20190613,0.935,0.92,0.931,0.92,0.931,-0.004,-0.4278,126.0,11.71
166024.SZ,20190613,0.857,0.854,0.866,0.853,0.86,0.003,0.3501,10182.64,870.97
501047.SH,20190613,0.935,0.94,0.94,0.927,0.927,-0.008,-0.8556,748.0,69.443
501048.SH,20190613,0.941,0.904,0.945,0.904,0.94,-0.001,-0.1063,163.0,15.28
159957.SZ,20190613,0.87,0.87,0.875,0.866,0.875,0.005,0.5747,2772.0,241.384
501049.SH,20190613,0.884,0.882,0.887,0.873,0.881,-0.003,-0.3394,3746.59,329.272
501305.SH,20190613,0.915,0.893,0.9,0.893,0.9,-0.015,-1.6393,916.0,82.391
159958.SZ,20190613,0.858,0.85,0.865,0.85,0.861,0.003,0.3497,38474.0,3303.184
510800.SH,20190613,0.989,0.989,0.992,0.981,0.987,-0.002,-0.2022,48569.0,4784.912
512980.SH,20190613,0.719,0.721,0.731,0.716,0.726,0.007,0.9736,64626.0,4683.599
159954.SZ,20190613,0.962,0.958,0.961,0.95,0.959,-0.003,-0.3119,4638.0,441.391
510390.SH,20190613,3.767,3.774,3.776,3.729,3.765,-0.002,-0.0531,55733.78,20913.842
501053.SH,20190613,1.0,0.985,0.998,0.985,0.993,-0.007,-0.7,40.0,3.955
161014.SZ,20190613,1.198,1.197,1.197,1.196,1.197,-0.001,-0.0835,3781.0,452.31
163417.SZ,20190613,0.958,0.956,0.958,0.952,0.956,-0.002,-0.2088,262659.65,25094.144
159956.SZ,20190613,0.841,0.847,0.847,0.831,0.841,0.0,0.0,112.01,9.422
501054.SH,20190613,0.866,0.865,0.868,0.862,0.867,0.001,0.1155,56984.29,4929.567
511280.SH,20190613,100.203,100.203,100.203,100.203,100.203,0.0,0.0,1.0,10.02
510590.SH,20190613,4.981,4.971,5.018,4.939,4.994,0.013,0.261,45133.53,22463.049
169106.SZ,20190613,0.992,0.992,0.994,0.99,0.99,-0.002,-0.2016,7603.88,753.568
512160.SH,20190613,1.011,1.007,1.013,1.0,1.009,-0.002,-0.1978,450078.0,45304.093
512520.SH,20190613,0.993,0.993,0.994,0.983,0.991,-0.002,-0.2014,27635.0,2733.724
512180.SH,20190613,0.989,0.989,0.992,0.98,0.989,0.0,0.0,320460.0,31606.881
512780.SH,20190613,0.79,0.781,0.788,0.781,0.787,-0.003,-0.3797,5140.0,403.27
513900.SH,20190613,0.968,0.957,0.994,0.952,0.989,0.021,2.1694,9956.0,952.303
512280.SH,20190613,0.989,0.989,0.992,0.979,0.987,-0.002,-0.2022,831902.39,82118.311
501057.SH,20190613,0.818,0.812,0.82,0.809,0.82,0.002,0.2445,653.0,53.397
501058.SH,20190613,0.811,0.803,0.82,0.803,0.82,0.009,1.1097,15.0,1.21
512090.SH,20190613,1.011,1.01,1.014,1.0,1.01,-0.001,-0.0989,627295.74,63181.774
512360.SH,20190613,1.023,1.025,1.027,1.016,1.026,0.003,0.2933,7279.0,745.509
161039.SZ,20190613,1.025,1.016,1.017,1.016,1.017,-0.008,-0.7805,154.0,15.647
512770.SH,20190613,0.952,0.942,0.952,0.942,0.95,-0.002,-0.2101,215.0,20.396
164824.SZ,20190613,1.012,1.012,1.012,1.002,1.009,-0.003,-0.2964,1231.04,123.955
512390.SH,20190613,0.994,0.991,0.991,0.991,0.991,-0.003,-0.3018,89.0,8.82
501059.SH,20190613,1.131,1.131,1.131,1.131,1.131,0.0,0.0,41.0,4.637
161131.SZ,20190613,1.02,1.019,1.022,1.018,1.021,0.001,0.098,242877.21,24772.051
161728.SZ,20190613,1.022,1.021,1.024,1.02,1.024,0.002,0.1957,129285.26,13214.248
501186.SH,20190613,1.036,1.036,1.041,1.035,1.04,0.004,0.3861,106415.85,11051.347
501188.SH,20190613,1.034,1.033,1.039,1.032,1.037,0.003,0.2901,175722.29,18193.897
501189.SH,20190613,1.022,1.022,1.029,1.02,1.027,0.005,0.4892,129904.17,13316.928
160142.SZ,20190613,1.028,1.027,1.03,1.027,1.03,0.002,0.1946,200873.78,20663.175
510600.SH,20190613,2.756,2.746,2.78,2.732,2.78,0.024,0.8708,604.08,167.415
511270.SH,20190613,100.0,99.91,100.09,99.91,100.0,0.0,0.0,145.1,1451.079
160726.SZ,20190613,0.975,0.975,0.977,0.965,0.976,0.001,0.1026,3852.04,375.238
512850.SH,20190613,1.034,1.032,1.033,1.032,1.033,-0.001,-0.0967,19.0,1.962
512820.SH,20190613,1.092,1.092,1.099,1.083,1.099,0.007,0.641,2339.5,255.523
501060.SH,20190613,1.132,1.123,1.131,1.123,1.131,-0.001,-0.0883,181.76,20.486
501062.SH,20190613,0.891,0.891,0.893,0.884,0.893,0.002,0.2245,13210.53,1171.278
512860.SH,20190613,1.178,1.165,1.172,1.165,1.172,-0.006,-0.5093,198.0,23.149
501310.SH,20190613,0.987,0.987,0.987,0.982,0.985,-0.002,-0.2026,2445.42,240.798
512960.SH,20190613,0.968,0.965,0.968,0.96,0.966,-0.002,-0.2066,234027.36,22579.348
512950.SH,20190613,0.969,0.969,0.969,0.962,0.969,0.0,0.0,43244.0,4172.869
159959.SZ,20190613,1.012,1.013,1.013,1.003,1.011,-0.001,-0.0988,581320.0,58477.75
501065.SH,20190613,1.054,1.06,1.06,1.048,1.058,0.004,0.3795,266.63,28.016
159960.SZ,20190613,0.972,0.971,0.98,0.966,0.98,0.008,0.823,3149.0,304.487
161132.SZ,20190613,1.028,1.023,1.038,1.023,1.038,0.01,0.9728,5.0,0.517
512920.SH,20190613,1.149,1.126,1.148,1.126,1.148,-0.001,-0.087,71.0,7.997
512040.SH,20190613,1.087,1.089,1.09,1.079,1.089,0.002,0.184,90763.0,9848.341
501066.SH,20190613,1.098,1.064,1.094,1.064,1.09,-0.008,-0.7286,344.01,36.67
512600.SH,20190613,2.736,2.719,2.729,2.71,2.719,-0.017,-0.6213,1407.0,382.407
512610.SH,20190613,1.27,1.27,1.27,1.264,1.27,0.0,0.0,71.0,8.996
512640.SH,20190613,1.961,1.923,1.927,1.887,1.927,-0.034,-1.7338,170.0,32.098
512070.SH,20190613,2.113,2.112,2.132,2.101,2.12,0.007,0.3313,15695.0,3319.793
512220.SH,20190613,1.112,1.111,1.113,1.1,1.113,0.001,0.0899,261.0,28.801
150186.SZ,20190613,1.006,1.007,1.007,1.007,1.007,0.001,0.0994,8323.35,838.161
150187.SZ,20190613,0.97,0.988,0.988,0.966,0.979,0.009,0.9278,186.16,18.265
160133.SZ,20190613,2.253,2.239,2.265,2.236,2.258,0.005,0.2219,1804.41,405.835
150188.SZ,20190613,1.013,1.01,1.016,1.01,1.016,0.003,0.2962,104.24,10.538
150189.SZ,20190613,0.583,0.576,0.6,0.576,0.577,-0.006,-1.0292,90.96,5.455
513030.SH,20190613,1.025,1.026,1.029,1.025,1.026,0.001,0.0976,8176.0,840.21
159937.SZ,20190613,2.972,2.972,2.985,2.965,2.977,0.005,0.1682,710706.0,211407.519
150190.SZ,20190613,1.0,1.011,1.011,1.01,1.011,0.011,1.1,226.0,22.847
150191.SZ,20190613,1.229,1.107,1.238,1.107,1.23,0.001,0.0814,598.02,71.074
163827.SZ,20190613,1.088,1.085,1.085,1.031,1.031,-0.057,-5.239,24.0,2.479
150194.SZ,20190613,0.989,0.989,0.99,0.989,0.989,0.0,0.0,24797.65,2452.509
150195.SZ,20190613,0.695,0.695,0.709,0.69,0.697,0.002,0.2878,100876.99,7062.202
150193.SZ,20190613,0.99,0.981,0.99,0.963,0.982,-0.008,-0.8081,1083.88,105.706
169101.SZ,20190613,1.355,1.348,1.354,1.334,1.347,-0.008,-0.5904,16109.42,2161.208
150198.SZ,20190613,0.991,0.992,0.992,0.988,0.988,-0.003,-0.3027,131.0,12.963
150199.SZ,20190613,0.996,0.987,0.995,0.974,0.99,-0.006,-0.6024,3896.0,383.76
505888.SH,20190613,0.976,0.976,0.977,0.974,0.977,0.001,0.1025,224635.0,21923.605
512300.SH,20190613,0.97,0.965,0.976,0.962,0.973,0.003,0.3093,1402.0,135.517
511220.SH,20190613,96.445,96.331,96.44,96.331,96.43,-0.015,-0.0156,550.0,5303.482
150200.SZ,20190613,0.99,0.99,0.99,0.989,0.99,0.0,0.0,75143.96,7435.573
150201.SZ,20190613,1.102,1.094,1.131,1.092,1.106,0.004,0.363,2562498.49,285592.632
150205.SZ,20190613,0.994,0.993,0.994,0.993,0.993,-0.001,-0.1006,7086.8,703.739
150206.SZ,20190613,0.507,0.505,0.516,0.502,0.505,-0.002,-0.3945,723015.56,36754.917
159938.SZ,20190613,1.155,1.156,1.165,1.149,1.162,0.007,0.6061,71679.0,8301.907
160813.SZ,20190613,0.71,0.706,0.714,0.706,0.714,0.004,0.5634,108.18,7.666
150174.SZ,20190613,1.148,1.033,1.146,1.033,1.146,-0.002,-0.1742,375.58,42.373
511810.SH,20190613,100.001,99.998,100.002,99.997,100.0,-0.001,-0.001,59839.98,598404.453
511860.SH,20190613,99.996,99.993,99.997,99.992,99.996,0.0,0.0,268.5,2684.853
150204.SZ,20190613,0.834,0.855,0.855,0.813,0.813,-0.021,-2.518,117.27,9.574
511800.SH,20190613,99.997,99.996,99.996,99.991,99.994,-0.003,-0.003,980.35,9802.806
150209.SZ,20190613,0.99,0.99,0.991,0.988,0.99,0.0,0.0,85721.44,8483.576
150210.SZ,20190613,0.646,0.639,0.649,0.631,0.643,-0.003,-0.4644,29320.63,1875.687
160618.SZ,20190613,1.299,1.298,1.299,1.298,1.299,0.0,0.0,2592.65,336.63
513660.SH,20190613,2.534,2.518,2.524,2.496,2.519,-0.015,-0.5919,1598.0,402.801
513600.SH,20190613,2.548,2.541,2.541,2.518,2.534,-0.014,-0.5495,419.0,105.848
159005.SZ,20190613,100.0,100.0,100.001,99.999,99.999,-0.001,-0.001,944.0,9440.007
159939.SZ,20190613,0.908,0.907,0.918,0.903,0.912,0.004,0.4405,275434.0,25129.307
169102.SZ,20190613,0.942,0.931,0.94,0.931,0.94,-0.002,-0.2123,776.0,72.61
160919.SZ,20190613,1.203,1.172,1.2,1.172,1.2,-0.003,-0.2494,103.0,12.143
512990.SH,20190613,1.083,1.082,1.086,1.073,1.082,-0.001,-0.0923,100258.0,10839.473
159940.SZ,20190613,0.966,0.961,0.966,0.957,0.966,0.0,0.0,867.02,83.742
150214.SZ,20190613,1.08,1.022,1.077,1.022,1.076,-0.004,-0.3704,21.11,2.244
150216.SZ,20190613,0.699,0.644,0.704,0.644,0.682,-0.017,-2.432,1069.2,74.174
161716.SZ,20190613,1.249,1.248,1.249,1.248,1.248,-0.001,-0.0801,2253.0,281.273
150218.SZ,20190613,0.881,0.83,0.928,0.83,0.919,0.038,4.3133,611.22,56.169
150211.SZ,20190613,0.998,0.997,0.998,0.997,0.998,0.0,0.0,10502.69,1047.15
150212.SZ,20190613,0.765,0.769,0.775,0.755,0.767,0.002,0.2614,43540.03,3332.253
150223.SZ,20190613,1.012,1.012,1.014,1.011,1.014,0.002,0.1976,113796.85,11524.122
150224.SZ,20190613,0.833,0.826,0.856,0.826,0.841,0.008,0.9604,245502.21,20670.012
161224.SZ,20190613,0.938,0.908,0.966,0.908,0.964,0.026,2.7719,494.0,45.553
150196.SZ,20190613,1.009,1.008,1.01,1.007,1.009,0.0,0.0,319043.21,32172.512
150197.SZ,20190613,0.561,0.55,0.567,0.545,0.555,-0.006,-1.0695,1706079.35,94734.594
150221.SZ,20190613,1.034,1.034,1.034,1.034,1.034,0.0,0.0,3185.32,329.362
150222.SZ,20190613,0.913,0.919,0.92,0.907,0.912,-0.001,-0.1095,8408.21,768.544
512310.SH,20190613,0.469,0.467,0.471,0.466,0.471,0.002,0.4264,3086.0,144.638
162510.SZ,20190613,0.813,0.806,0.806,0.806,0.806,-0.007,-0.861,7.0,0.564
502048.SH,20190613,0.913,0.906,0.918,0.906,0.911,-0.002,-0.2191,1966.37,179.011
502049.SH,20190613,0.976,0.975,0.979,0.975,0.978,0.002,0.2049,4907.5,479.601
502050.SH,20190613,0.844,0.84,0.85,0.833,0.846,0.002,0.237,46718.5,3936.454
512340.SH,20190613,0.743,0.739,0.745,0.736,0.744,0.001,0.1346,1713.0,126.547
502000.SH,20190613,0.879,0.879,0.879,0.879,0.879,0.0,0.0,4.0,0.352
502001.SH,20190613,0.995,0.995,0.995,0.995,0.995,0.0,0.0,415.0,41.293
502002.SH,20190613,0.735,0.735,0.735,0.721,0.735,0.0,0.0,613.71,45.101
150220.SZ,20190613,0.715,0.712,0.72,0.708,0.72,0.005,0.6993,10874.0,776.844
166011.SZ,20190613,1.238,1.206,1.209,1.206,1.209,-0.029,-2.3425,100.53,12.124
512500.SH,20190613,2.43,2.43,2.449,2.415,2.437,0.007,0.2881,302733.53,73713.991
150227.SZ,20190613,0.998,0.998,1.0,0.997,0.997,-0.001,-0.1002,57011.0,5688.456
150228.SZ,20190613,0.882,0.88,0.887,0.871,0.882,0.0,0.0,375242.0,33034.063
161722.SZ,20190613,1.031,1.031,1.031,1.031,1.031,0.0,0.0,6.0,0.618
512510.SH,20190613,1.041,1.038,1.047,1.036,1.043,0.002,0.1921,33505.0,3487.868
166012.SZ,20190613,1.086,1.087,1.087,1.086,1.086,0.0,0.0,37.0,4.021
150229.SZ,20190613,0.975,0.97,0.97,0.97,0.97,-0.005,-0.5128,3.0,0.291
150230.SZ,20190613,1.206,1.226,1.226,1.1,1.189,-0.017,-1.4096,2.35,0.28
150232.SZ,20190613,0.697,0.693,0.693,0.671,0.683,-0.014,-2.0086,4339.96,293.998
150225.SZ,20190613,1.0,1.002,1.002,1.002,1.002,0.002,0.2,44.0,4.408
150226.SZ,20190613,1.231,1.23,1.23,1.23,1.23,-0.001,-0.0812,24.31,2.99
150235.SZ,20190613,0.977,0.978,0.979,0.978,0.979,0.002,0.2047,1000.0,97.88
150236.SZ,20190613,0.987,0.945,1.004,0.945,1.002,0.015,1.5198,1194.82,118.05
164906.SZ,20190613,1.15,1.132,1.145,1.132,1.145,-0.005,-0.4348,570.7,64.867
150248.SZ,20190613,0.827,0.85,0.85,0.82,0.845,0.018,2.1765,5.0,0.421
150250.SZ,20190613,1.037,1.033,1.033,1.033,1.033,-0.004,-0.3857,479.0,49.48
510710.SH,20190613,3.055,3.05,3.061,3.024,3.046,-0.009,-0.2946,92693.0,28170.548
162108.SZ,20190613,1.176,1.173,1.173,1.173,1.173,-0.003,-0.2551,8.0,0.938
150252.SZ,20190613,0.84,0.821,0.84,0.82,0.84,0.0,0.0,1219.94,102.14
150265.SZ,20190613,1.016,1.017,1.018,1.017,1.018,0.002,0.1969,830.0,84.491
150266.SZ,20190613,0.916,0.921,0.921,0.9,0.914,-0.002,-0.2183,2862.72,258.577
159943.SZ,20190613,9.574,9.56,9.61,9.56,9.6,0.026,0.2716,117.0,112.291
150261.SZ,20190613,1.01,1.01,1.01,1.01,1.01,0.0,0.0,10.0,1.01
150262.SZ,20190613,0.789,0.798,0.798,0.782,0.782,-0.007,-0.8872,428.0,33.657
510560.SH,20190613,1.04,1.037,1.037,1.037,1.037,-0.003,-0.2885,103.0,10.681
502013.SH,20190613,1.257,1.25,1.266,1.241,1.245,-0.012,-0.9547,21926.43,2740.766
502014.SH,20190613,0.999,0.998,1.0,0.998,0.999,0.0,0.0,1596.09,159.366
502015.SH,20190613,1.53,1.527,1.54,1.488,1.54,0.01,0.6536,1423.76,214.139
150275.SZ,20190613,0.988,0.988,0.989,0.987,0.989,0.001,0.1012,5766.32,569.782
150276.SZ,20190613,1.178,1.16,1.189,1.158,1.182,0.004,0.3396,745.1,86.969
150269.SZ,20190613,0.99,0.991,0.991,0.99,0.99,0.0,0.0,820.0,81.182
150270.SZ,20190613,1.73,1.736,1.741,1.683,1.731,0.001,0.0578,53897.56,9252.647
150259.SZ,20190613,0.971,0.971,0.971,0.969,0.969,-0.002,-0.206,158.52,15.392
150260.SZ,20190613,0.739,0.743,0.747,0.743,0.747,0.008,1.0825,50.54,3.774
150257.SZ,20190613,0.966,0.969,0.969,0.969,0.969,0.003,0.3106,5.49,0.531
150258.SZ,20190613,1.017,1.01,1.01,0.96,0.976,-0.041,-4.0315,21.0,2.044
150277.SZ,20190613,1.003,1.006,1.006,1.0,1.0,-0.003,-0.2991,17.79,1.788
150278.SZ,20190613,0.749,0.711,0.798,0.711,0.798,0.049,6.5421,134.66,9.94
159941.SZ,20190613,1.641,1.636,1.644,1.636,1.644,0.003,0.1828,1441.0,236.425
150271.SZ,20190613,0.998,0.989,0.989,0.989,0.989,-0.009,-0.9018,7.97,0.788
150272.SZ,20190613,0.906,0.965,0.965,0.965,0.965,0.059,6.5121,65.0,6.272
150263.SZ,20190613,1.002,1.003,1.003,1.003,1.003,0.001,0.0998,14.0,1.404
150267.SZ,20190613,1.005,1.0,1.0,1.0,1.0,-0.005,-0.4975,495.02,49.502
150268.SZ,20190613,1.057,1.049,1.049,1.049,1.049,-0.008,-0.7569,1.0,0.104
160806.SZ,20190613,1.347,1.343,1.343,1.343,1.343,-0.004,-0.297,0.99,0.132
150281.SZ,20190613,1.002,1.002,1.002,1.0,1.0,-0.002,-0.1996,150.0,15.02
150294.SZ,20190613,0.479,0.458,0.459,0.458,0.459,-0.02,-4.1754,22.33,1.023
150244.SZ,20190613,1.056,1.042,1.066,1.041,1.059,0.003,0.2841,4239.07,447.043
150295.SZ,20190613,0.999,0.999,0.999,0.999,0.999,0.0,0.0,59.0,5.894
150296.SZ,20190613,0.75,0.743,0.799,0.743,0.756,0.006,0.8,44.0,3.337
150287.SZ,20190613,1.01,1.01,1.01,1.01,1.01,0.0,0.0,10.0,1.01
150288.SZ,20190613,0.86,0.865,0.866,0.84,0.853,-0.007,-0.814,32485.21,2762.926
150289.SZ,20190613,1.014,1.013,1.016,1.013,1.016,0.002,0.1972,1822.9,185.109
150290.SZ,20190613,0.828,0.828,0.851,0.818,0.841,0.013,1.57,24890.47,2072.581
150301.SZ,20190613,1.008,1.006,1.007,1.006,1.007,-0.001,-0.0992,1251.0,125.875
150302.SZ,20190613,0.83,0.775,0.838,0.775,0.819,-0.011,-1.3253,1006.03,82.694
150299.SZ,20190613,1.012,1.012,1.013,1.011,1.012,0.0,0.0,11350.0,1148.533
150300.SZ,20190613,0.706,0.705,0.709,0.698,0.706,0.0,0.0,16810.0,1184.154
150316.SZ,20190613,1.183,1.169,1.198,1.15,1.198,0.015,1.268,275.26,32.387
150291.SZ,20190613,1.009,1.009,1.009,1.009,1.009,0.0,0.0,1000.0,100.9
150237.SZ,20190613,0.995,0.996,0.996,0.996,0.996,0.001,0.1005,377.0,37.549
150246.SZ,20190613,0.77,0.75,0.785,0.75,0.78,0.01,1.2987,502.0,37.656
150283.SZ,20190613,1.012,1.011,1.012,1.011,1.012,0.0,0.0,3415.03,345.507
150284.SZ,20190613,0.599,0.599,0.599,0.599,0.599,0.0,0.0,1.0,0.059
150307.SZ,20190613,0.988,0.988,0.988,0.988,0.988,0.0,0.0,9.79,0.967
150308.SZ,20190613,1.144,1.148,1.183,1.148,1.183,0.039,3.4091,4.86,0.558
502006.SH,20190613,0.953,0.95,0.95,0.95,0.95,-0.003,-0.3148,100.0,9.5
502007.SH,20190613,1.02,1.022,1.022,1.022,1.022,0.002,0.1961,21.08,2.154
502008.SH,20190613,0.862,0.87,0.872,0.87,0.872,0.01,1.1601,369.97,32.26
150310.SZ,20190613,1.538,1.692,1.692,1.692,1.692,0.154,10.013,5.0,0.846
150321.SZ,20190613,1.036,1.037,1.037,1.037,1.037,0.001,0.0965,786.0,81.508
150322.SZ,20190613,0.851,0.879,0.879,0.87,0.87,0.019,2.2327,100.0,8.718
501001.SH,20190613,0.98,0.975,0.995,0.975,0.995,0.015,1.5306,652.0,63.64
512330.SH,20190613,0.728,0.722,0.735,0.722,0.73,0.002,0.2747,14249.0,1040.905
159945.SZ,20190613,0.645,0.649,0.656,0.634,0.645,0.0,0.0,666.0,43.29
159944.SZ,20190613,0.723,0.717,0.723,0.711,0.711,-0.012,-1.6598,712.0,50.632
150298.SZ,20190613,1.15,1.097,1.11,1.035,1.11,-0.04,-3.4783,101.27,11.119
150318.SZ,20190613,0.83,0.83,0.83,0.83,0.83,0.0,0.0,11.0,0.913
150323.SZ,20190613,1.004,1.005,1.005,0.906,1.005,0.001,0.0996,803.0,79.711
150335.SZ,20190613,1.01,1.006,1.01,1.006,1.01,0.0,0.0,217.0,21.831
150336.SZ,20190613,0.717,0.655,0.708,0.655,0.692,-0.025,-3.4868,788.0,52.873
502010.SH,20190613,1.051,1.045,1.072,1.045,1.057,0.006,0.5709,58842.4,6236.688
502012.SH,20190613,1.098,1.096,1.139,1.083,1.106,0.008,0.7286,87751.0,9772.078
502011.SH,20190613,1.011,1.011,1.011,1.01,1.011,0.0,0.0,35049.5,3542.094
502003.SH,20190613,1.166,1.153,1.153,1.147,1.147,-0.019,-1.6295,430.0,49.329
502004.SH,20190613,0.996,0.998,1.005,0.998,1.005,0.009,0.9036,110.3,11.009
502005.SH,20190613,1.317,1.321,1.321,1.273,1.299,-0.018,-1.3667,8700.23,1119.661
168101.SZ,20190613,0.916,0.916,0.916,0.912,0.916,0.0,0.0,9856.13,900.454
150304.SZ,20190613,0.858,0.852,0.87,0.851,0.864,0.006,0.6993,18308.0,1581.409
502025.SH,20190613,0.615,0.635,0.635,0.635,0.635,0.02,3.252,1.0,0.064
150329.SZ,20190613,0.989,0.988,0.989,0.988,0.989,0.0,0.0,224.0,22.153
150330.SZ,20190613,1.573,1.562,1.575,1.552,1.564,-0.009,-0.5722,5146.33,805.977
184801.SZ,20190613,88.8,88.901,88.901,88.576,88.62,-0.18,-0.2027,142.0,1258.939
502040.SH,20190613,1.243,1.121,1.221,1.121,1.123,-0.12,-9.6541,52.01,5.843
502041.SH,20190613,1.281,1.153,1.153,1.153,1.153,-0.128,-9.9922,1.0,0.115
502042.SH,20190613,1.35,1.35,1.35,1.35,1.35,0.0,0.0,1.0,0.135
502056.SH,20190613,1.018,0.978,0.978,0.97,0.977,-0.041,-4.0275,93.0,9.082
502057.SH,20190613,1.005,1.003,1.003,1.003,1.003,-0.002,-0.199,25.0,2.508
502058.SH,20190613,0.968,0.968,0.968,0.968,0.968,0.0,0.0,1.0,0.097
511830.SH,20190613,99.998,99.991,99.997,99.985,99.993,-0.005,-0.005,810.66,8106.172
150344.SZ,20190613,1.097,1.128,1.128,1.127,1.127,0.03,2.7347,115.0,12.97
150343.SZ,20190613,1.008,1.004,1.004,1.004,1.004,-0.004,-0.3968,4.1,0.411
510360.SH,20190613,1.191,1.192,1.196,1.18,1.192,0.001,0.084,156898.0,18640.918
502053.SH,20190613,0.98,0.98,0.995,0.98,0.995,0.015,1.5306,245.03,24.306
502055.SH,20190613,0.989,0.94,1.003,0.94,1.0,0.011,1.1122,2539.66,254.02
161226.SZ,20190613,0.759,0.757,0.758,0.754,0.758,-0.001,-0.1318,24176.8,1827.564
167501.SZ,20190613,1.171,1.171,1.172,1.17,1.172,0.001,0.0854,320.0,37.48
510580.SH,20190613,4.882,4.882,4.92,4.857,4.909,0.027,0.5531,72342.0,35342.77
161227.SZ,20190613,0.918,0.915,0.922,0.908,0.918,0.0,0.0,1252.88,114.381
