ts_code,trade_date,pre_close,open,high,low,close,change,pct_chg,vol,amount
160512.SZ,20190809,1.747,1.739,1.76,1.738,1.738,-0.009,-0.5152,100.0,17.45
160515.SZ,20190809,1.067,1.066,1.068,1.064,1.067,0.0,0.0,2939.01,313.216
160518.SZ,20190809,1.034,1.04,1.079,1.031,1.039,0.005,0.4836,454.0,47.063
160519.SZ,20190809,1.01,1.005,1.008,1.001,1.008,-0.002,-0.198,227.0,22.874
160520.SZ,20190809,1.053,1.047,1.048,1.047,1.048,-0.005,-0.4748,444.0,46.5
160522.SZ,20190809,0.963,0.97,0.97,0.951,0.951,-0.012,-1.2461,1133.0,107.75
160607.SZ,20190809,0.663,0.663,0.664,0.66,0.66,-0.003,-0.4525,224.0,14.808
160610.SZ,20190809,0.93,0.897,0.927,0.897,0.922,-0.008,-0.8602,156.0,14.198
160611.SZ,20190809,0.837,0.851,0.851,0.84,0.84,0.003,0.3584,188.11,15.824
160615.SZ,20190809,1.549,1.553,1.553,1.547,1.55,0.001,0.0646,4.0,0.619
501000.SH,20190809,0.955,0.955,0.955,0.92,0.92,-0.035,-3.6649,41.0,3.912
501001.SH,20190809,1.008,0.988,0.998,0.988,0.998,-0.01,-0.9921,1616.04,159.681
501005.SH,20190809,0.863,0.874,0.877,0.865,0.867,0.004,0.4635,1365.16,118.684
501008.SH,20190809,0.875,0.899,0.899,0.869,0.869,-0.006,-0.6857,432.0,37.591
501009.SH,20190809,1.134,1.147,1.149,1.142,1.142,0.008,0.7055,154.0,17.658
501010.SH,20190809,1.131,1.148,1.148,1.146,1.146,0.015,1.3263,211.0,24.206
501011.SH,20190809,0.74,0.727,0.727,0.727,0.727,-0.013,-1.7568,297.0,21.592
501012.SH,20190809,0.75,0.73,0.749,0.728,0.728,-0.022,-2.9333,473.0,35.027
501015.SH,20190809,0.776,0.781,0.781,0.776,0.779,0.003,0.3866,155.54,12.078
501016.SH,20190809,0.96,0.962,0.966,0.942,0.951,-0.009,-0.9375,3410.59,325.199
501017.SH,20190809,0.842,0.836,0.84,0.836,0.84,-0.002,-0.2375,258.57,21.684
501018.SH,20190809,1.03,1.03,1.032,1.026,1.032,0.002,0.1942,39514.13,4066.673
501019.SH,20190809,0.76,0.764,0.765,0.75,0.755,-0.005,-0.6579,1902.85,144.34
501021.SH,20190809,1.299,1.3,1.314,1.293,1.295,-0.004,-0.3079,3494.0,455.638
501025.SH,20190809,1.04,1.04,1.04,1.022,1.035,-0.005,-0.4808,31.0,3.18
501026.SH,20190809,0.806,0.799,0.799,0.799,0.799,-0.007,-0.8685,100.0,7.99
501028.SH,20190809,0.843,0.87,0.87,0.844,0.85,0.007,0.8304,979.94,82.728
501029.SH,20190809,0.893,0.896,0.897,0.886,0.887,-0.006,-0.6719,92879.0,8259.333
501030.SH,20190809,0.544,0.55,0.55,0.547,0.547,0.003,0.5515,3.0,0.164
501031.SH,20190809,0.542,0.541,0.541,0.535,0.535,-0.007,-1.2915,196.15,10.495
501032.SH,20190809,0.73,0.726,0.73,0.726,0.73,0.0,0.0,6851.09,500.129
501036.SH,20190809,0.764,0.789,0.789,0.75,0.778,0.014,1.8325,414.05,31.291
501037.SH,20190809,0.748,0.754,0.755,0.747,0.747,-0.001,-0.1337,140.0,10.518
501038.SH,20190809,1.103,1.106,1.106,1.096,1.098,-0.005,-0.4533,2638.93,290.68
501043.SH,20190809,1.012,1.012,1.012,1.003,1.007,-0.005,-0.4941,1614.0,162.509
501045.SH,20190809,1.006,1.038,1.038,0.995,0.996,-0.01,-0.994,451.0,45.041
501046.SH,20190809,1.077,1.082,1.092,1.058,1.069,-0.008,-0.7428,9536.0,1033.784
501047.SH,20190809,0.923,0.923,0.923,0.923,0.923,0.0,0.0,5.0,0.462
501048.SH,20190809,0.913,0.924,0.924,0.913,0.913,0.0,0.0,22.0,2.011
501049.SH,20190809,0.912,0.912,0.916,0.902,0.905,-0.007,-0.7675,15353.61,1398.393
501050.SH,20190809,1.24,1.24,1.245,1.231,1.237,-0.003,-0.2419,17260.0,2137.447
501051.SH,20190809,1.031,1.04,1.046,1.027,1.046,0.015,1.4549,3067.81,318.283
501053.SH,20190809,1.027,1.025,1.025,1.025,1.025,-0.002,-0.1947,298.0,30.545
501054.SH,20190809,0.897,0.897,0.903,0.891,0.893,-0.004,-0.4459,27023.1,2426.058
501057.SH,20190809,0.826,0.83,0.83,0.81,0.825,-0.001,-0.1211,814.03,67.204
501059.SH,20190809,1.13,1.125,1.125,1.125,1.125,-0.005,-0.4425,9.9,1.114
501060.SH,20190809,1.159,1.163,1.163,1.143,1.143,-0.016,-1.3805,988.0,114.633
501061.SH,20190809,1.154,1.158,1.158,1.154,1.154,0.0,0.0,3790.0,438.806
501062.SH,20190809,0.922,0.922,0.927,0.919,0.921,-0.001,-0.1085,11890.3,1096.592
501063.SH,20190809,0.933,0.933,0.94,0.93,0.934,0.001,0.1072,9336.29,873.741
501064.SH,20190809,1.073,1.057,1.175,1.057,1.149,0.076,7.0829,46.88,5.28
501065.SH,20190809,1.096,1.1,1.103,1.096,1.101,0.005,0.4562,672.66,73.805
501066.SH,20190809,1.148,1.146,1.146,1.143,1.144,-0.004,-0.3484,968.86,110.936
501067.SH,20190809,1.13,1.134,1.137,1.134,1.137,0.007,0.6195,3.0,0.341
501069.SH,20190809,0.961,0.962,0.962,0.948,0.948,-0.013,-1.3528,2017.0,193.647
501070.SH,20190809,1.009,1.01,1.01,1.001,1.002,-0.007,-0.6938,152.68,15.286
501106.SH,20190809,1.177,1.138,1.174,1.138,1.174,-0.003,-0.2549,9.0,1.028
501186.SH,20190809,1.024,1.024,1.026,1.024,1.026,0.002,0.1953,88170.34,9037.624
501188.SH,20190809,1.03,1.03,1.032,1.029,1.031,0.001,0.0971,205328.69,21166.094
501189.SH,20190809,1.011,1.01,1.014,1.01,1.014,0.003,0.2967,106334.13,10756.308
501300.SH,20190809,1.054,1.057,1.058,1.052,1.052,-0.002,-0.1898,22442.28,2361.552
501301.SH,20190809,1.105,1.114,1.114,1.1,1.102,-0.003,-0.2715,1099.45,121.123
501302.SH,20190809,1.14,1.046,1.166,1.046,1.166,0.026,2.2807,453.16,47.735
501303.SH,20190809,0.827,0.827,0.827,0.827,0.827,0.0,0.0,1.0,0.083
150173.SZ,20190809,0.998,0.999,0.999,0.999,0.999,0.001,0.1002,8551.6,854.304
150174.SZ,20190809,1.007,0.951,0.995,0.95,0.995,-0.012,-1.1917,96.0,9.132
150175.SZ,20190809,1.012,1.012,1.013,1.012,1.013,0.001,0.0988,32055.0,3246.949
150176.SZ,20190809,0.892,0.895,0.897,0.886,0.887,-0.005,-0.5605,10596.28,945.659
150177.SZ,20190809,0.998,0.998,0.998,0.998,0.998,0.0,0.0,259.51,25.899
150178.SZ,20190809,1.35,1.35,1.35,1.33,1.334,-0.016,-1.1852,1379.12,184.898
150179.SZ,20190809,0.996,0.996,0.998,0.996,0.998,0.002,0.2008,113.0,11.256
150180.SZ,20190809,1.018,1.12,1.12,1.0,1.009,-0.009,-0.8841,1413.0,147.359
150181.SZ,20190809,1.001,1.001,1.002,1.001,1.002,0.001,0.0999,16283.07,1631.115
150182.SZ,20190809,1.24,1.244,1.251,1.217,1.221,-0.019,-1.5323,134420.27,16505.458
150184.SZ,20190809,0.994,0.987,0.987,0.987,0.987,-0.007,-0.7042,0.87,0.085
150185.SZ,20190809,0.966,0.98,0.98,0.96,0.961,-0.005,-0.5176,497.0,47.917
150186.SZ,20190809,0.974,0.974,0.974,0.974,0.974,0.0,0.0,2835.0,276.129
150187.SZ,20190809,1.017,1.02,1.023,0.998,0.998,-0.019,-1.8682,887.49,88.833
150188.SZ,20190809,1.026,1.025,1.026,1.025,1.026,0.0,0.0,2156.04,221.106
150189.SZ,20190809,0.588,0.565,0.588,0.565,0.588,0.0,0.0,302.27,17.77
150191.SZ,20190809,1.178,1.108,1.199,1.108,1.199,0.021,1.7827,74.8,8.296
150192.SZ,20190809,1.031,1.0,1.0,1.0,1.0,-0.031,-3.0068,0.04,0.004
150193.SZ,20190809,1.019,1.0,1.02,1.0,1.02,0.001,0.0981,1101.0,110.102
150194.SZ,20190809,1.002,1.002,1.002,1.001,1.002,0.0,0.0,7646.47,766.143
150195.SZ,20190809,0.729,0.74,0.747,0.71,0.715,-0.014,-1.9204,124569.19,9060.498
150196.SZ,20190809,1.02,1.02,1.021,1.019,1.02,0.0,0.0,294654.84,30048.878
150197.SZ,20190809,0.508,0.511,0.515,0.494,0.499,-0.009,-1.7717,1219690.6,61626.77
150198.SZ,20190809,1.001,1.003,1.005,1.003,1.003,0.002,0.1998,8227.98,825.96
150199.SZ,20190809,1.002,1.01,1.017,0.965,0.968,-0.034,-3.3932,22985.0,2268.639
150200.SZ,20190809,1.002,1.002,1.002,1.002,1.002,0.0,0.0,45988.83,4608.08
150201.SZ,20190809,1.066,1.081,1.082,1.022,1.03,-0.036,-3.3771,1851779.44,194522.558
150203.SZ,20190809,1.002,1.002,1.002,1.002,1.002,0.0,0.0,3356.24,336.295
150204.SZ,20190809,0.769,0.769,0.789,0.769,0.789,0.02,2.6008,3.0,0.232
150205.SZ,20190809,1.005,1.005,1.006,1.005,1.006,0.001,0.0995,32242.02,3240.673
150206.SZ,20190809,0.481,0.485,0.492,0.466,0.47,-0.011,-2.2869,549423.41,26089.475
150207.SZ,20190809,1.0,0.998,0.999,0.995,0.996,-0.004,-0.4,98.14,9.796
150209.SZ,20190809,1.001,1.001,1.002,1.001,1.002,0.001,0.0999,22295.37,2233.374
150210.SZ,20190809,0.64,0.641,0.645,0.627,0.628,-0.012,-1.875,29380.03,1869.29
150211.SZ,20190809,1.016,1.016,1.017,1.015,1.015,-0.001,-0.0984,5381.0,546.518
150212.SZ,20190809,0.829,0.838,0.851,0.81,0.812,-0.017,-2.0507,4563.0,374.874
150213.SZ,20190809,1.01,1.005,1.011,1.005,1.011,0.001,0.099,112.0,11.316
150215.SZ,20190809,1.005,1.088,1.088,1.088,1.088,0.083,8.2587,1.0,0.108
150216.SZ,20190809,0.714,0.729,0.731,0.685,0.718,0.004,0.5602,2520.16,181.11
150217.SZ,20190809,0.995,0.995,0.995,0.995,0.995,0.0,0.0,40.0,3.98
150218.SZ,20190809,0.872,0.81,0.877,0.81,0.865,-0.007,-0.8028,71.22,6.167
150219.SZ,20190809,1.09,1.117,1.117,1.102,1.117,0.027,2.4771,14.99,1.662
150220.SZ,20190809,0.7,0.707,0.712,0.693,0.696,-0.004,-0.5714,12342.0,865.173
150221.SZ,20190809,1.051,1.051,1.051,1.05,1.051,0.0,0.0,20931.07,2199.181
150222.SZ,20190809,0.888,0.895,0.895,0.873,0.877,-0.011,-1.2387,11706.94,1031.332
150223.SZ,20190809,1.024,1.024,1.026,1.024,1.025,0.001,0.0977,51860.82,5313.44
150224.SZ,20190809,0.792,0.8,0.803,0.771,0.774,-0.018,-2.2727,255077.58,20031.201
150227.SZ,20190809,1.008,1.008,1.009,1.007,1.009,0.001,0.0992,23169.0,2335.715
150228.SZ,20190809,0.894,0.894,0.902,0.882,0.886,-0.008,-0.8949,187698.22,16771.243
150229.SZ,20190809,0.984,0.985,0.987,0.985,0.987,0.003,0.3049,297.88,29.36
150230.SZ,20190809,1.4,1.42,1.42,1.333,1.368,-0.032,-2.2857,279.0,37.72
150231.SZ,20190809,0.981,0.981,0.983,0.981,0.983,0.002,0.2039,2131.0,209.271
150232.SZ,20190809,0.752,0.752,0.784,0.743,0.743,-0.009,-1.1968,8345.44,624.984
150235.SZ,20190809,0.989,0.99,0.99,0.99,0.99,0.001,0.1011,429.0,42.471
150236.SZ,20190809,0.876,0.893,0.893,0.86,0.86,-0.016,-1.8265,598.0,52.045
150238.SZ,20190809,0.585,0.527,0.58,0.527,0.58,-0.005,-0.8547,11.0,0.585
150244.SZ,20190809,1.068,1.076,1.076,1.049,1.051,-0.017,-1.5918,2178.44,231.051
150245.SZ,20190809,1.02,1.01,1.01,1.01,1.01,-0.01,-0.9804,5.0,0.505
150246.SZ,20190809,0.752,0.68,0.77,0.68,0.751,-0.001,-0.133,37.0,2.722
150247.SZ,20190809,1.017,1.016,1.017,1.016,1.017,0.0,0.0,11071.91,1125.436
150248.SZ,20190809,0.769,0.815,0.815,0.721,0.766,-0.003,-0.3901,154.58,11.534
150249.SZ,20190809,0.998,0.999,0.999,0.999,0.999,0.001,0.1002,1626.0,162.437
150250.SZ,20190809,1.129,1.021,1.021,1.021,1.021,-0.108,-9.566,1.0,0.102
150252.SZ,20190809,0.711,0.709,0.729,0.709,0.729,0.018,2.5316,339.0,24.113
150255.SZ,20190809,0.979,0.978,0.98,0.978,0.979,0.0,0.0,2596.09,254.312
150257.SZ,20190809,0.98,0.979,0.979,0.979,0.979,-0.001,-0.102,41.95,4.106
150258.SZ,20190809,0.937,1.031,1.031,1.031,1.031,0.094,10.032,8.0,0.824
512260.SH,20190809,1.099,1.102,1.106,1.087,1.09,-0.009,-0.8189,69766.0,7646.684
512870.SH,20190809,1.087,1.093,1.093,1.077,1.078,-0.009,-0.828,43842.0,4779.352
510850.SH,20190809,2.824,2.824,2.839,2.804,2.812,-0.012,-0.4249,345360.0,97340.241
513680.SH,20190809,0.91,0.91,0.927,0.908,0.911,0.001,0.1099,60.0,5.462
512670.SH,20190809,0.961,0.961,0.963,0.937,0.937,-0.024,-2.4974,118188.37,11186.525
510550.SH,20190809,1.106,1.107,1.112,1.089,1.092,-0.014,-1.2658,2579.0,283.936
512150.SH,20190809,1.182,1.194,1.194,1.172,1.173,-0.009,-0.7614,3456.0,407.923
512890.SH,20190809,1.1,1.102,1.102,1.09,1.092,-0.008,-0.7273,11988.0,1311.872
511020.SH,20190809,101.74,101.72,101.72,101.72,101.72,-0.02,-0.0197,0.3,3.052
511030.SH,20190809,100.587,100.584,100.59,100.201,100.5,-0.087,-0.0865,10.1,101.564
512380.SH,20190809,0.931,0.933,0.936,0.922,0.925,-0.006,-0.6445,590024.0,54776.503
512590.SH,20190809,0.952,0.949,0.95,0.936,0.936,-0.016,-1.6807,16217.0,1525.352
510890.SH,20190809,0.982,0.983,0.983,0.977,0.977,-0.005,-0.5092,90.0,8.82
512690.SH,20190809,1.026,1.034,1.035,1.005,1.009,-0.017,-1.6569,127407.0,12974.805
512290.SH,20190809,1.021,1.026,1.044,1.025,1.03,0.009,0.8815,285678.0,29541.443
512750.SH,20190809,0.993,0.994,0.998,0.985,0.988,-0.005,-0.5035,138703.0,13756.242
512910.SH,20190809,0.998,1.01,1.01,0.989,0.992,-0.006,-0.6012,100208.0,9972.198
512760.SH,20190809,1.068,1.072,1.083,1.045,1.048,-0.02,-1.8727,783774.0,83380.095
512170.SH,20190809,1.058,1.058,1.071,1.056,1.06,0.002,0.189,32342.0,3444.597
512480.SH,20190809,1.008,1.009,1.018,0.985,0.987,-0.021,-2.0833,130852.0,13071.951
513880.SH,20190809,0.983,0.99,0.991,0.986,0.99,0.007,0.7121,63436.0,6277.039
513800.SH,20190809,0.995,1.0,1.003,1.0,1.001,0.006,0.603,6980.0,699.224
513520.SH,20190809,1.003,1.006,1.009,1.006,1.009,0.006,0.5982,19788.0,1993.716
513000.SH,20190809,0.998,1.002,1.005,1.001,1.002,0.004,0.4008,34368.0,3447.204
510220.SH,20190809,3.75,3.752,3.752,3.726,3.732,-0.018,-0.48,224.0,83.593
510660.SH,20190809,1.66,1.663,1.68,1.651,1.651,-0.009,-0.5422,2083.0,348.332
510650.SH,20190809,1.889,1.891,1.892,1.891,1.892,0.003,0.1588,50.0,9.459
510630.SH,20190809,2.748,2.749,2.775,2.701,2.73,-0.018,-0.655,1677.0,458.388
510510.SH,20190809,1.337,1.344,1.349,1.323,1.324,-0.013,-0.9723,508123.0,67567.12
511880.SH,20190809,101.675,101.689,101.698,101.686,101.695,0.02,0.0197,661190.36,6723831.405
512010.SH,20190809,1.609,1.618,1.634,1.61,1.613,0.004,0.2486,138072.0,22399.635
512640.SH,20190809,1.894,1.881,1.91,1.881,1.91,0.016,0.8448,36.0,6.801
512270.SH,20190809,0.943,0.946,0.947,0.938,0.938,-0.005,-0.5302,34162.0,3230.983
510180.SH,20190809,3.358,3.372,3.376,3.334,3.342,-0.016,-0.4765,193117.0,64755.253
510880.SH,20190809,2.673,2.683,2.685,2.666,2.675,0.002,0.0748,85032.0,22741.169
510130.SH,20190809,3.74,3.712,3.712,3.712,3.712,-0.028,-0.7487,1.0,0.371
510160.SH,20190809,0.538,0.541,0.541,0.533,0.534,-0.004,-0.7435,6409.0,343.416
510190.SH,20190809,3.115,3.11,3.11,3.08,3.083,-0.032,-1.0273,1265.0,390.647
510170.SH,20190809,1.615,1.598,1.613,1.598,1.598,-0.017,-1.0526,330.0,52.938
510150.SH,20190809,4.823,4.84,4.88,4.791,4.803,-0.02,-0.4147,12203.47,5920.483
510210.SH,20190809,3.518,3.532,3.554,3.502,3.523,0.005,0.1421,39618.01,14019.161
510230.SH,20190809,5.556,5.572,5.587,5.524,5.537,-0.019,-0.342,29883.0,16594.211
510120.SH,20190809,2.795,2.802,2.812,2.76,2.79,-0.005,-0.1789,329.0,92.342
510270.SH,20190809,1.082,1.067,1.111,1.065,1.077,-0.005,-0.4621,601.0,65.681
510290.SH,20190809,1.341,1.345,1.345,1.328,1.33,-0.011,-0.8203,279.0,37.242
150261.SZ,20190809,1.021,1.022,1.024,1.021,1.021,0.0,0.0,1531.0,156.445
150262.SZ,20190809,0.84,0.856,0.871,0.852,0.854,0.014,1.6667,2472.03,212.779
150265.SZ,20190809,1.018,1.015,1.015,1.015,1.015,-0.003,-0.2947,0.01,0.001
150266.SZ,20190809,0.836,0.82,0.836,0.82,0.83,-0.006,-0.7177,536.0,44.572
150269.SZ,20190809,0.977,0.977,0.978,0.977,0.977,0.0,0.0,1658.0,161.986
150270.SZ,20190809,1.226,1.232,1.25,1.175,1.19,-0.036,-2.9364,118851.2,14304.484
150271.SZ,20190809,0.996,0.999,0.999,0.996,0.996,0.0,0.0,205.0,20.434
150272.SZ,20190809,1.16,1.088,1.186,1.088,1.186,0.026,2.2414,69.3,7.549
150274.SZ,20190809,1.168,1.208,1.208,1.208,1.208,0.04,3.4247,1.0,0.12
150275.SZ,20190809,0.999,1.0,1.0,1.0,1.0,0.001,0.1001,2894.66,289.466
150276.SZ,20190809,1.07,1.058,1.067,1.052,1.057,-0.013,-1.215,559.55,59.32
150278.SZ,20190809,0.709,0.658,0.728,0.658,0.683,-0.026,-3.6671,357.25,23.64
150280.SZ,20190809,1.05,0.986,0.986,0.986,0.986,-0.064,-6.0952,43.0,4.239
150283.SZ,20190809,0.976,0.976,0.977,0.976,0.977,0.001,0.1025,2500.0,244.05
150284.SZ,20190809,0.64,0.66,0.66,0.641,0.641,0.001,0.1563,250.0,16.12
150287.SZ,20190809,1.02,1.02,1.021,1.02,1.021,0.001,0.098,12767.7,1303.061
150288.SZ,20190809,0.686,0.69,0.691,0.675,0.676,-0.01,-1.4577,11395.51,778.09
150289.SZ,20190809,1.021,1.021,1.022,1.02,1.022,0.001,0.0979,12362.8,1261.575
150290.SZ,20190809,0.72,0.723,0.726,0.696,0.696,-0.024,-3.3333,16663.94,1181.331
150293.SZ,20190809,1.021,1.021,1.021,1.021,1.021,0.0,0.0,45.94,4.69
150295.SZ,20190809,1.011,1.011,1.011,1.011,1.011,0.0,0.0,168.0,16.984
150296.SZ,20190809,0.8,0.764,0.88,0.764,0.88,0.08,10.0,18.0,1.386
150299.SZ,20190809,1.021,1.021,1.022,1.021,1.022,0.001,0.0979,15138.53,1546.145
150300.SZ,20190809,0.714,0.716,0.718,0.705,0.706,-0.008,-1.1204,9155.0,653.067
150301.SZ,20190809,1.018,1.02,1.02,1.02,1.02,0.002,0.1965,200.0,20.4
150302.SZ,20190809,0.761,0.77,0.77,0.729,0.759,-0.002,-0.2628,759.0,55.959
150303.SZ,20190809,1.035,1.036,1.04,1.036,1.04,0.005,0.4831,3336.0,346.593
150304.SZ,20190809,0.873,0.879,0.885,0.857,0.865,-0.008,-0.9164,18644.0,1622.263
510410.SH,20190809,0.605,0.607,0.607,0.601,0.602,-0.003,-0.4959,17943.0,1084.595
510300.SH,20190809,3.726,3.739,3.745,3.689,3.697,-0.029,-0.7783,2109639.17,783418.416
510900.SH,20190809,1.15,1.154,1.156,1.148,1.152,0.002,0.1739,5346106.0,616044.774
510430.SH,20190809,1.38,1.385,1.405,1.382,1.405,0.025,1.8116,7.0,0.971
510440.SH,20190809,1.476,1.452,1.52,1.452,1.479,0.003,0.2033,55.0,8.164
510330.SH,20190809,3.735,3.74,3.751,3.695,3.703,-0.032,-0.8568,951195.0,353881.013
511990.SH,20190809,99.999,100.003,100.012,100.003,100.01,0.011,0.011,830558.44,8306212.764
510500.SH,20190809,5.019,5.036,5.055,4.965,4.972,-0.047,-0.9364,2236318.89,1119410.194
510310.SH,20190809,1.62,1.627,1.629,1.604,1.608,-0.012,-0.7407,574781.0,92746.09
511010.SH,20190809,118.146,118.169,118.456,118.169,118.427,0.281,0.2378,6483.0,76700.101
513100.SH,20190809,2.784,2.816,2.832,2.816,2.822,0.038,1.3649,197211.72,55746.556
518880.SH,20190809,3.386,3.404,3.42,3.393,3.403,0.017,0.5021,3399836.06,1159058.69
518800.SH,20190809,3.357,3.369,3.391,3.368,3.377,0.02,0.5958,340852.0,115265.872
510680.SH,20190809,2.274,2.285,2.285,2.285,2.285,0.011,0.4837,20.0,4.57
513500.SH,20190809,1.905,1.925,1.936,1.925,1.929,0.024,1.2598,886330.0,171389.561
512120.SH,20190809,1.386,1.399,1.403,1.382,1.383,-0.003,-0.2165,4398.0,613.8
512600.SH,20190809,2.785,2.785,2.8,2.74,2.769,-0.016,-0.5745,4293.0,1183.353
512610.SH,20190809,1.324,1.322,1.322,1.314,1.315,-0.009,-0.6798,68.0,8.947
512300.SH,20190809,0.997,1.003,1.005,0.989,0.99,-0.007,-0.7021,3357.0,335.492
511810.SH,20190809,100.003,100.004,100.008,100.002,100.007,0.004,0.004,68247.72,682506.527
511860.SH,20190809,99.997,100.0,100.006,99.999,100.005,0.008,0.008,584.51,5845.303
512310.SH,20190809,0.45,0.451,0.453,0.445,0.445,-0.005,-1.1111,5593.0,249.77
512340.SH,20190809,0.702,0.704,0.705,0.694,0.694,-0.008,-1.1396,1310.0,92.026
512500.SH,20190809,2.339,2.35,2.355,2.311,2.314,-0.025,-1.0688,573745.33,133622.136
510360.SH,20190809,1.204,1.204,1.21,1.19,1.194,-0.01,-0.8306,154191.0,18521.223
511980.SH,20190809,99.996,100.004,100.006,100.002,100.005,0.009,0.009,102.2,1022.039
511850.SH,20190809,100.001,100.007,100.012,100.005,100.011,0.01,0.01,12251.82,122528.418
512040.SH,20190809,1.069,1.076,1.076,1.061,1.063,-0.006,-0.5613,53195.0,5680.471
512880.SH,20190809,0.894,0.9,0.901,0.883,0.884,-0.01,-1.1186,4485196.06,400032.731
512070.SH,20190809,2.148,2.15,2.163,2.13,2.135,-0.013,-0.6052,9775.0,2097.433
512220.SH,20190809,1.125,1.128,1.152,1.102,1.125,0.0,0.0,791.0,88.185
513030.SH,20190809,1.005,1.017,1.017,1.005,1.006,0.001,0.0995,58167.0,5878.196
511220.SH,20190809,96.678,97.178,97.178,96.687,96.97,0.292,0.302,128.0,1240.653
511800.SH,20190809,99.999,100.001,100.01,100.001,100.006,0.007,0.007,790.47,7905.139
513660.SH,20190809,2.488,2.493,2.502,2.474,2.48,-0.008,-0.3215,743.0,184.469
513600.SH,20190809,2.592,2.558,2.598,2.558,2.598,0.006,0.2315,159.0,41.058
512990.SH,20190809,1.114,1.118,1.12,1.101,1.104,-0.01,-0.8977,174174.0,19296.843
512510.SH,20190809,1.018,1.02,1.025,1.005,1.007,-0.011,-1.0806,104492.0,10579.143
510710.SH,20190809,3.09,3.1,3.115,3.076,3.079,-0.011,-0.356,80631.0,25015.348
510560.SH,20190809,1.003,1.003,1.003,0.989,0.989,-0.014,-1.3958,115.0,11.443
512330.SH,20190809,0.739,0.743,0.753,0.73,0.732,-0.007,-0.9472,38673.0,2872.976
511830.SH,20190809,100.003,99.999,100.005,99.999,100.003,0.0,0.0,100.0,1000.025
510580.SH,20190809,4.696,4.706,4.729,4.641,4.65,-0.046,-0.9796,86678.0,40463.517
511900.SH,20190809,99.997,100.001,100.006,99.999,100.006,0.009,0.009,2283.25,22833.303
501310.SH,20190809,0.944,0.944,0.945,0.936,0.937,-0.007,-0.7415,3354.0,315.486
501311.SH,20190809,0.92,0.92,0.92,0.92,0.92,0.0,0.0,54.0,4.968
502002.SH,20190809,0.956,0.86,0.86,0.86,0.86,-0.096,-10.0418,1.0,0.086
502003.SH,20190809,1.183,1.189,1.189,1.135,1.17,-0.013,-1.0989,531.0,61.814
502005.SH,20190809,1.395,1.395,1.428,1.35,1.428,0.033,2.3656,327.78,44.756
502006.SH,20190809,0.931,0.928,0.936,0.92,0.92,-0.011,-1.1815,106.0,9.764
502008.SH,20190809,0.873,0.894,0.894,0.894,0.894,0.021,2.4055,1.0,0.089
502010.SH,20190809,1.014,1.016,1.018,0.997,0.998,-0.016,-1.5779,10537.85,1060.381
502011.SH,20190809,0.977,0.977,0.977,0.976,0.976,-0.001,-0.1024,5529.5,540.017
502012.SH,20190809,1.053,1.058,1.065,1.015,1.017,-0.036,-3.4188,34979.0,3599.627
502013.SH,20190809,1.064,1.064,1.07,1.06,1.062,-0.002,-0.188,6988.7,741.881
502014.SH,20190809,1.011,1.011,1.012,1.011,1.011,0.0,0.0,1750.0,176.975
502015.SH,20190809,1.114,1.125,1.129,1.108,1.12,0.006,0.5386,508.25,57.376
502023.SH,20190809,0.795,0.75,0.795,0.75,0.795,0.0,0.0,41.8,3.223
502024.SH,20190809,1.01,1.012,1.012,1.012,1.012,0.002,0.198,57.0,5.768
502036.SH,20190809,0.798,0.8,0.8,0.8,0.8,0.002,0.2506,2.0,0.16
502037.SH,20190809,1.011,1.017,1.017,1.017,1.017,0.006,0.5935,170.0,17.289
502038.SH,20190809,0.576,0.574,0.574,0.568,0.568,-0.008,-1.3889,178.0,10.121
502040.SH,20190809,1.18,1.196,1.196,1.196,1.196,0.016,1.3559,1.0,0.12
502048.SH,20190809,0.92,0.932,0.932,0.916,0.916,-0.004,-0.4348,3452.72,316.586
502049.SH,20190809,0.987,0.987,0.989,0.987,0.987,0.0,0.0,14913.9,1472.397
502050.SH,20190809,0.853,0.855,0.86,0.845,0.847,-0.006,-0.7034,37889.26,3224.824
502053.SH,20190809,0.929,0.967,0.967,0.906,0.906,-0.023,-2.4758,233.17,21.637
502055.SH,20190809,0.901,0.861,0.921,0.861,0.918,0.017,1.8868,308.49,27.846
502056.SH,20190809,1.027,1.049,1.049,1.031,1.031,0.004,0.3895,868.51,90.428
510020.SH,20190809,2.688,2.69,2.69,2.664,2.664,-0.024,-0.8929,14.0,3.745
510030.SH,20190809,5.136,5.136,5.136,5.096,5.109,-0.027,-0.5257,415.0,211.733
510050.SH,20190809,2.831,2.845,2.848,2.814,2.82,-0.011,-0.3886,3138770.75,888327.551
510060.SH,20190809,1.828,1.828,1.833,1.8,1.806,-0.022,-1.2035,259.0,46.897
510090.SH,20190809,1.7,1.725,1.725,1.706,1.706,0.006,0.3529,79.0,13.508
510110.SH,20190809,3.665,3.8,3.8,3.645,3.665,0.0,0.0,940.0,344.543
150008.SZ,20190809,1.17,1.176,1.176,1.171,1.171,0.001,0.0855,46.0,5.394
511930.SH,20190809,99.992,99.993,100.005,99.993,100.005,0.013,0.013,5.0,49.999
511960.SH,20190809,100.007,100.001,100.004,99.998,100.004,-0.003,-0.003,33.01,330.097
511820.SH,20190809,99.995,100.0,100.006,99.996,100.004,0.009,0.009,837.44,8374.53
511920.SH,20190809,99.994,100.002,100.004,99.97,99.97,-0.024,-0.024,112.12,1121.208
512660.SH,20190809,0.741,0.743,0.746,0.725,0.727,-0.014,-1.8893,1279189.0,93655.078
511910.SH,20190809,99.999,100.0,100.005,99.995,100.005,0.006,0.006,10.0,100.003
511690.SH,20190809,99.998,100.0,100.006,100.0,100.006,0.008,0.008,19437.46,194381.945
512550.SH,20190809,1.143,1.143,1.151,1.135,1.135,-0.008,-0.6999,6949.0,795.514
512560.SH,20190809,0.804,0.804,0.814,0.792,0.793,-0.011,-1.3682,1650.0,132.146
512570.SH,20190809,0.852,0.854,0.855,0.83,0.845,-0.007,-0.8216,2685.0,227.499
511670.SH,20190809,100.001,100.003,100.01,100.002,100.008,0.007,0.007,1324.73,13248.367
510380.SH,20190809,0.945,0.939,0.939,0.926,0.926,-0.019,-2.0106,1081.0,100.973
510590.SH,20190809,4.771,4.789,4.81,4.719,4.725,-0.046,-0.9642,47229.29,22424.964
512160.SH,20190809,1.03,1.034,1.038,1.021,1.023,-0.007,-0.6796,229093.0,23600.923
512520.SH,20190809,1.014,1.019,1.02,1.007,1.011,-0.003,-0.2959,21833.0,2216.191
512180.SH,20190809,0.997,0.997,1.002,0.987,0.99,-0.007,-0.7021,149652.0,14911.459
512780.SH,20190809,0.719,0.723,0.723,0.707,0.707,-0.012,-1.669,2281.0,161.438
512280.SH,20190809,1.0,1.004,1.004,0.989,0.99,-0.01,-1.0,532266.6,53045.281
512090.SH,20190809,1.022,1.024,1.027,1.011,1.013,-0.009,-0.8806,510038.0,51969.974
512360.SH,20190809,1.032,1.029,1.029,1.021,1.021,-0.011,-1.0659,1112.0,113.618
512770.SH,20190809,0.961,0.968,0.972,0.955,0.96,-0.001,-0.1041,1667.0,160.559
512390.SH,20190809,1.016,1.015,1.018,1.008,1.008,-0.008,-0.7874,3801.0,384.704
510600.SH,20190809,2.831,2.832,2.859,2.816,2.817,-0.014,-0.4945,47186.67,13355.019
511270.SH,20190809,100.99,101.0,101.45,100.801,101.403,0.413,0.409,1287.0,13031.766
512850.SH,20190809,0.992,0.978,0.993,0.978,0.987,-0.005,-0.504,215.0,21.215
512820.SH,20190809,1.089,1.095,1.095,1.095,1.095,0.006,0.551,5.0,0.548
512860.SH,20190809,1.172,1.176,1.176,1.158,1.158,-0.014,-1.1945,1162.0,135.795
512960.SH,20190809,0.946,0.959,0.965,0.934,0.934,-0.012,-1.2685,323663.1,30374.092
512950.SH,20190809,0.947,0.951,0.951,0.936,0.937,-0.01,-1.056,114528.89,10803.007
512920.SH,20190809,1.156,1.148,1.148,1.148,1.148,-0.008,-0.692,23.0,2.64
512810.SH,20190809,0.71,0.711,0.712,0.694,0.696,-0.014,-1.9718,8957.0,627.142
510810.SH,20190809,0.908,0.917,0.917,0.901,0.903,-0.005,-0.5507,29019.0,2633.421
512680.SH,20190809,0.745,0.749,0.753,0.73,0.731,-0.014,-1.8792,48833.0,3617.311
512000.SH,20190809,0.851,0.856,0.858,0.838,0.84,-0.011,-1.2926,1804595.0,152950.928
511660.SH,20190809,100.008,100.007,100.016,100.004,100.012,0.004,0.004,88703.75,887118.677
512100.SH,20190809,0.619,0.623,0.626,0.615,0.616,-0.003,-0.4847,454713.0,28331.628
511600.SH,20190809,100.007,100.0,100.033,99.998,100.013,0.006,0.006,380.03,3800.75
511700.SH,20190809,99.998,100.002,100.009,100.001,100.008,0.01,0.01,1455.98,14560.554
513050.SH,20190809,1.145,1.159,1.163,1.146,1.149,0.004,0.3493,168132.0,19402.004
511650.SH,20190809,99.996,99.998,100.004,99.998,100.004,0.008,0.008,1758.02,17580.532
512580.SH,20190809,0.702,0.705,0.709,0.693,0.697,-0.005,-0.7123,104257.0,7301.814
512900.SH,20190809,0.868,0.875,0.875,0.858,0.859,-0.009,-1.0369,185863.0,16173.657
150012.SZ,20190809,0.992,0.992,0.992,0.992,0.992,0.0,0.0,455.28,45.163
150013.SZ,20190809,0.958,0.957,0.968,0.947,0.961,0.003,0.3132,1057.92,100.95
150016.SZ,20190809,0.962,0.96,0.965,0.959,0.965,0.003,0.3119,210.0,20.154
150017.SZ,20190809,1.067,1.071,1.071,1.061,1.061,-0.006,-0.5623,1660.4,176.932
150018.SZ,20190809,1.004,1.004,1.005,1.003,1.004,0.0,0.0,96137.13,9655.525
150019.SZ,20190809,0.821,0.829,0.831,0.802,0.805,-0.016,-1.9488,1492521.67,121534.371
150022.SZ,20190809,0.78,0.782,0.783,0.775,0.776,-0.004,-0.5128,61690.31,4804.404
150023.SZ,20190809,0.219,0.22,0.221,0.216,0.217,-0.002,-0.9132,250031.0,5448.1
150028.SZ,20190809,0.995,0.996,0.997,0.995,0.995,0.0,0.0,560.0,55.819
150029.SZ,20190809,1.053,0.992,1.022,0.986,1.008,-0.045,-4.2735,760.0,75.608
150031.SZ,20190809,0.933,0.855,0.855,0.852,0.852,-0.081,-8.6817,288.0,24.561
150032.SZ,20190809,0.995,0.994,0.995,0.994,0.995,0.0,0.0,882.0,87.757
150033.SZ,20190809,0.913,0.888,0.9,0.888,0.9,-0.013,-1.4239,160.0,14.22
150047.SZ,20190809,1.013,1.016,1.018,1.015,1.016,0.003,0.2962,1183.84,120.277
150048.SZ,20190809,1.25,1.296,1.296,1.249,1.256,0.006,0.48,56.48,7.07
150049.SZ,20190809,0.987,0.981,0.981,0.981,0.981,-0.006,-0.6079,19.0,1.863
150050.SZ,20190809,1.296,1.323,1.323,1.249,1.269,-0.027,-2.0833,76.0,9.532
150051.SZ,20190809,1.001,1.001,1.002,1.001,1.001,0.0,0.0,7707.0,771.529
150052.SZ,20190809,1.139,1.153,1.153,1.028,1.037,-0.102,-8.9552,105153.61,11343.423
150053.SZ,20190809,1.002,1.004,1.005,1.004,1.005,0.003,0.2994,522.36,52.495
150055.SZ,20190809,0.999,0.993,1.008,0.993,1.008,0.009,0.9009,1008.8,101.673
150060.SZ,20190809,0.798,0.8,0.8,0.8,0.8,0.002,0.2506,18.0,1.44
150064.SZ,20190809,0.997,1.005,1.006,1.005,1.006,0.009,0.9027,160.83,16.164
150067.SZ,20190809,1.532,1.62,1.683,1.62,1.683,0.151,9.8564,4.0,0.666
150084.SZ,20190809,1.399,1.259,1.539,1.259,1.422,0.023,1.644,182.0,25.881
150092.SZ,20190809,0.995,0.996,0.998,0.996,0.998,0.003,0.3015,196.28,19.587
150093.SZ,20190809,0.581,0.63,0.63,0.523,0.523,-0.058,-9.9828,3.0,0.167
150100.SZ,20190809,0.997,0.997,0.998,0.997,0.998,0.001,0.1003,1997.0,199.15
150101.SZ,20190809,0.99,1.029,1.029,0.955,0.965,-0.025,-2.5253,591.94,57.22
150105.SZ,20190809,1.772,1.771,1.771,1.771,1.771,-0.001,-0.0564,10.0,1.771
150106.SZ,20190809,1.064,1.063,1.065,1.062,1.065,0.001,0.094,62158.54,6611.244
150107.SZ,20190809,0.567,0.572,0.575,0.548,0.549,-0.018,-3.1746,186279.92,10396.626
150117.SZ,20190809,1.021,1.022,1.023,1.021,1.021,0.0,0.0,9316.0,951.183
150118.SZ,20190809,0.946,0.948,0.954,0.917,0.924,-0.022,-2.3256,32448.35,3017.087
150123.SZ,20190809,1.034,1.034,1.035,1.034,1.035,0.001,0.0967,1167.15,120.757
150124.SZ,20190809,0.665,0.667,0.679,0.654,0.658,-0.007,-1.0526,2540.57,167.755
511770.SH,20190809,99.907,100.003,100.003,99.985,99.999,0.092,0.0921,41.04,410.385
512200.SH,20190809,0.802,0.804,0.804,0.789,0.794,-0.008,-0.9975,30198.0,2398.318
512700.SH,20190809,1.128,1.132,1.137,1.126,1.131,0.003,0.266,301167.0,34105.948
512800.SH,20190809,1.052,1.052,1.057,1.046,1.05,-0.002,-0.1901,444593.97,46706.213
512400.SH,20190809,0.661,0.66,0.669,0.655,0.656,-0.005,-0.7564,113252.0,7505.808
511260.SH,20190809,108.12,108.148,108.543,108.11,108.52,0.4,0.37,339.0,3672.366
511620.SH,20190809,99.981,99.901,99.999,99.901,99.999,0.018,0.018,92.37,923.645
510800.SH,20190809,1.011,1.013,1.019,1.005,1.008,-0.003,-0.2967,43395.0,4385.769
512980.SH,20190809,0.681,0.683,0.687,0.676,0.677,-0.004,-0.5874,135965.41,9255.266
510390.SH,20190809,3.797,3.804,3.815,3.755,3.763,-0.034,-0.8954,17079.74,6468.704
511310.SH,20190809,105.766,105.75,105.758,105.75,105.758,-0.008,-0.0076,12.6,133.254
511280.SH,20190809,102.0,102.0,103.986,102.0,102.2,0.2,0.1961,8.0,82.349
150130.SZ,20190809,1.032,1.032,1.033,1.031,1.033,0.001,0.0969,52231.8,5394.527
150131.SZ,20190809,1.363,1.378,1.4,1.362,1.374,0.011,0.807,159278.6,21998.856
150136.SZ,20190809,1.016,1.006,1.006,1.005,1.005,-0.011,-1.0827,160.0,16.09
150143.SZ,20190809,1.002,1.004,1.004,1.002,1.003,0.001,0.0998,95.0,9.533
150144.SZ,20190809,1.058,1.029,1.095,1.029,1.059,0.001,0.0945,21.01,2.228
150145.SZ,20190809,1.001,1.008,1.008,1.008,1.008,0.007,0.6993,75.12,7.572
150146.SZ,20190809,1.029,1.115,1.115,1.115,1.115,0.086,8.3576,2.0,0.223
150149.SZ,20190809,0.542,0.548,0.56,0.537,0.542,0.0,0.0,2607.0,142.774
150150.SZ,20190809,1.002,1.003,1.005,1.003,1.005,0.003,0.2994,15954.53,1602.497
150152.SZ,20190809,1.017,1.017,1.018,1.016,1.018,0.001,0.0983,292053.44,29721.906
150153.SZ,20190809,0.996,1.008,1.013,0.982,0.985,-0.011,-1.1044,1374048.17,137034.416
150157.SZ,20190809,1.005,1.005,1.006,1.005,1.005,0.0,0.0,35878.0,3605.799
150158.SZ,20190809,1.048,1.051,1.052,1.025,1.028,-0.02,-1.9084,4609.0,476.838
150164.SZ,20190809,0.999,1.002,1.002,1.002,1.002,0.003,0.3003,812.0,81.362
150165.SZ,20190809,1.049,1.081,1.081,1.08,1.08,0.031,2.9552,349.0,37.692
150168.SZ,20190809,0.856,0.771,0.795,0.771,0.795,-0.061,-7.1262,151.0,11.974
150170.SZ,20190809,1.287,1.281,1.281,1.279,1.279,-0.008,-0.6216,150.0,19.195
150171.SZ,20190809,0.992,0.991,0.993,0.99,0.993,0.001,0.1008,14090.71,1397.831
150172.SZ,20190809,1.232,1.25,1.252,1.205,1.207,-0.025,-2.0292,152005.18,18610.339
160616.SZ,20190809,1.052,1.05,1.056,1.042,1.053,0.001,0.0951,209.0,21.929
160618.SZ,20190809,1.318,1.318,1.32,1.317,1.32,0.002,0.1517,36747.0,4845.562
160635.SZ,20190809,0.943,0.941,0.949,0.937,0.937,-0.006,-0.6363,153.0,14.429
160643.SZ,20190809,0.804,0.794,0.794,0.794,0.794,-0.01,-1.2438,254.0,20.167
160644.SZ,20190809,0.8,0.799,0.799,0.799,0.799,-0.001,-0.125,10.12,0.808
160706.SZ,20190809,1.067,1.07,1.072,1.06,1.062,-0.005,-0.4686,11490.33,1224.686
160716.SZ,20190809,1.552,1.552,1.555,1.539,1.543,-0.009,-0.5799,2723.77,421.52
160717.SZ,20190809,0.799,0.798,0.799,0.792,0.799,0.0,0.0,1526.77,121.848
160719.SZ,20190809,0.831,0.826,0.845,0.826,0.833,0.002,0.2407,6665.0,556.85
160722.SZ,20190809,1.1,1.07,1.07,1.06,1.06,-0.04,-3.6364,255.0,27.084
160723.SZ,20190809,1.067,1.068,1.072,1.06,1.067,0.0,0.0,4196.24,446.667
160726.SZ,20190809,1.034,1.041,1.05,1.031,1.031,-0.003,-0.2901,24212.87,2515.575
160805.SZ,20190809,0.732,0.725,0.725,0.725,0.725,-0.007,-0.9563,7.39,0.535
160806.SZ,20190809,1.325,1.331,1.331,1.331,1.331,0.006,0.4528,449.43,59.819
160807.SZ,20190809,1.246,1.255,1.255,1.252,1.252,0.006,0.4815,57.0,7.15
160812.SZ,20190809,1.394,1.394,1.395,1.365,1.394,0.0,0.0,2423.0,337.392
160813.SZ,20190809,0.75,0.755,0.755,0.745,0.748,-0.002,-0.2667,2997.16,225.377
160910.SZ,20190809,1.049,1.02,1.056,1.02,1.056,0.007,0.6673,177.79,18.17
160915.SZ,20190809,1.122,1.122,1.123,1.122,1.123,0.001,0.0891,98.02,11.007
160916.SZ,20190809,2.859,2.829,2.865,2.829,2.842,-0.017,-0.5946,540.0,153.639
160918.SZ,20190809,1.866,1.866,1.866,1.845,1.845,-0.021,-1.1254,461.0,85.546
160919.SZ,20190809,1.222,1.205,1.208,1.205,1.205,-0.017,-1.3912,70.0,8.445
160921.SZ,20190809,0.943,0.941,0.941,0.94,0.94,-0.003,-0.3181,350.0,32.93
160922.SZ,20190809,0.951,1.038,1.038,1.038,1.038,0.087,9.1483,1.0,0.103
160925.SZ,20190809,1.0,0.925,0.994,0.925,0.994,-0.006,-0.6,4.0,0.39
161005.SZ,20190809,2.045,2.048,2.066,2.036,2.04,-0.005,-0.2445,10994.5,2255.791
161010.SZ,20190809,1.091,1.091,1.093,1.091,1.093,0.002,0.1833,607.0,66.294
161014.SZ,20190809,1.196,1.195,1.196,1.195,1.196,0.0,0.0,1469.0,175.651
161015.SZ,20190809,1.067,1.057,1.057,1.057,1.057,-0.01,-0.9372,1.0,0.105
161017.SZ,20190809,1.676,1.678,1.682,1.655,1.657,-0.019,-1.1337,5644.9,940.132
161019.SZ,20190809,1.059,1.077,1.077,1.077,1.077,0.018,1.6997,1.0,0.107
161029.SZ,20190809,1.03,1.035,1.085,1.035,1.079,0.049,4.7573,332.27,36.027
161033.SZ,20190809,0.887,0.909,0.909,0.876,0.89,0.003,0.3382,230.29,20.394
161035.SZ,20190809,1.028,1.035,1.049,1.035,1.044,0.016,1.5564,642.0,66.837
161036.SZ,20190809,0.592,0.591,0.591,0.591,0.591,-0.001,-0.1689,1.0,0.059
161037.SZ,20190809,1.024,0.982,1.027,0.982,1.012,-0.012,-1.1719,59.0,5.949
161038.SZ,20190809,0.844,0.891,0.891,0.891,0.891,0.047,5.5687,1.0,0.089
161039.SZ,20190809,1.035,1.071,1.071,1.0,1.0,-0.035,-3.3816,598.0,60.703
161116.SZ,20190809,0.93,0.92,0.947,0.9,0.932,0.002,0.2151,33868.68,3136.694
161117.SZ,20190809,1.061,1.088,1.088,1.088,1.088,0.027,2.5448,10.0,1.088
161119.SZ,20190809,1.386,1.386,1.386,1.386,1.386,0.0,0.0,4.0,0.554
161125.SZ,20190809,1.303,1.313,1.334,1.313,1.319,0.016,1.2279,211.0,28.044
161126.SZ,20190809,1.297,1.304,1.304,1.291,1.291,-0.006,-0.4626,153.0,19.882
161127.SZ,20190809,1.255,1.27,1.277,1.263,1.27,0.015,1.1952,82.0,10.381
161128.SZ,20190809,1.573,1.592,1.619,1.576,1.614,0.041,2.6065,223.5,35.847
161129.SZ,20190809,1.041,1.046,1.046,1.029,1.035,-0.006,-0.5764,11475.33,1186.058
161131.SZ,20190809,1.015,1.015,1.017,1.015,1.016,0.001,0.0985,244149.55,24802.854
161132.SZ,20190809,1.115,1.107,1.107,1.107,1.107,-0.008,-0.7175,231.0,25.571
161213.SZ,20190809,1.541,1.547,1.547,1.547,1.547,0.006,0.3894,2.0,0.309
161217.SZ,20190809,0.611,0.607,0.607,0.607,0.607,-0.004,-0.6547,2.0,0.121
161219.SZ,20190809,1.415,1.441,1.485,1.43,1.43,0.015,1.0601,208.0,29.758
161222.SZ,20190809,1.14,1.148,1.148,1.148,1.148,0.008,0.7018,2000.08,229.609
168102.SZ,20190809,0.863,0.864,0.864,0.853,0.853,-0.01,-1.1587,10666.0,916.264
168103.SZ,20190809,0.784,0.785,0.786,0.775,0.777,-0.007,-0.8929,144602.59,11304.172
168104.SZ,20190809,1.3,1.171,1.299,1.171,1.299,-0.001,-0.0769,23.0,2.821
168105.SZ,20190809,0.782,0.782,0.782,0.775,0.776,-0.006,-0.7673,9502.0,738.278
168106.SZ,20190809,0.855,0.855,0.855,0.855,0.855,0.0,0.0,1.0,0.085
168301.SZ,20190809,1.016,0.996,0.996,0.995,0.995,-0.021,-2.0669,59.0,5.875
169101.SZ,20190809,1.383,1.394,1.395,1.365,1.369,-0.014,-1.0123,10202.26,1407.953
169102.SZ,20190809,1.002,1.003,1.003,0.991,0.991,-0.011,-1.0978,2890.0,287.207
169103.SZ,20190809,1.125,1.122,1.124,1.12,1.124,-0.001,-0.0889,645.0,72.262
169104.SZ,20190809,1.249,1.295,1.295,1.228,1.248,-0.001,-0.0801,407.0,49.999
169105.SZ,20190809,1.251,1.254,1.258,1.235,1.238,-0.013,-1.0392,46843.0,5815.939
169106.SZ,20190809,1.012,1.013,1.015,1.011,1.011,-0.001,-0.0988,3703.57,374.715
169201.SZ,20190809,1.044,1.045,1.045,1.045,1.045,0.001,0.0958,37.0,3.866
169301.SZ,20190809,0.991,0.99,0.99,0.989,0.989,-0.002,-0.2018,960.08,94.968
184801.SZ,20190809,92.8,92.5,92.9,92.5,92.9,0.1,0.1078,298.0,2767.651
161224.SZ,20190809,0.94,0.956,0.956,0.944,0.949,0.009,0.9574,512.0,48.338
161225.SZ,20190809,1.201,1.22,1.23,1.22,1.222,0.021,1.7485,2090.0,255.965
161226.SZ,20190809,0.877,0.877,0.88,0.867,0.873,-0.004,-0.4561,233832.0,20481.084
161227.SZ,20190809,0.939,0.94,0.94,0.924,0.933,-0.006,-0.639,1406.0,131.396
161232.SZ,20190809,0.669,0.673,0.673,0.673,0.673,0.004,0.5979,3.0,0.201
161607.SZ,20190809,1.219,1.223,1.223,1.223,1.223,0.004,0.3281,1.0,0.122
161610.SZ,20190809,1.045,1.041,1.05,1.038,1.045,0.0,0.0,376.0,39.338
161631.SZ,20190809,0.93,0.935,0.944,0.925,0.927,-0.003,-0.3226,22672.69,2114.214
161706.SZ,20190809,1.688,1.721,1.76,1.683,1.697,0.009,0.5332,1872.0,328.304
161713.SZ,20190809,1.023,1.026,1.026,1.026,1.026,0.003,0.2933,100.0,10.26
161714.SZ,20190809,1.015,1.015,1.037,1.011,1.037,0.022,2.1675,36.0,3.646
161715.SZ,20190809,0.857,0.853,0.853,0.852,0.853,-0.004,-0.4667,66.95,5.705
161716.SZ,20190809,1.275,1.274,1.274,1.266,1.269,-0.006,-0.4706,12933.24,1641.87
161728.SZ,20190809,1.018,1.019,1.02,1.018,1.019,0.001,0.0982,91329.46,9305.099
161810.SZ,20190809,1.676,1.679,1.684,1.632,1.639,-0.037,-2.2076,5886.35,975.471
161815.SZ,20190809,0.471,0.473,0.473,0.469,0.47,-0.001,-0.2123,5.0,0.235
161820.SZ,20190809,1.128,1.128,1.128,1.128,1.128,0.0,0.0,9.0,1.015
161831.SZ,20190809,0.947,0.968,0.968,0.942,0.949,0.002,0.2112,2073.63,196.825
161834.SZ,20190809,0.79,0.789,0.79,0.788,0.788,-0.002,-0.2532,13951.17,1100.076
161903.SZ,20190809,0.973,0.973,0.991,0.97,0.988,0.015,1.5416,1193.3,117.281
161907.SZ,20190809,1.635,1.57,1.633,1.57,1.576,-0.059,-3.6086,116.0,18.417
161911.SZ,20190809,0.993,0.995,1.002,0.995,1.001,0.008,0.8056,12820.54,1281.321
161912.SZ,20190809,0.88,0.884,0.886,0.88,0.88,0.0,0.0,2710.77,239.303
162207.SZ,20190809,1.3,1.301,1.321,1.301,1.308,0.008,0.6154,202.0,26.474
162215.SZ,20190809,1.05,1.09,1.09,1.066,1.066,0.016,1.5238,11.0,1.196
162307.SZ,20190809,1.125,1.133,1.133,1.125,1.125,0.0,0.0,136.31,15.38
162411.SZ,20190809,0.4,0.404,0.404,0.4,0.401,0.001,0.25,1480255.85,59504.216
162415.SZ,20190809,1.559,1.594,1.594,1.585,1.588,0.029,1.8602,452.0,71.844
162605.SZ,20190809,1.622,1.626,1.632,1.604,1.606,-0.016,-0.9864,36838.01,5967.71
162607.SZ,20190809,0.484,0.484,0.486,0.479,0.479,-0.005,-1.0331,2763.0,133.314
162703.SZ,20190809,1.43,1.439,1.439,1.411,1.424,-0.006,-0.4196,4227.0,603.219
162711.SZ,20190809,1.035,1.03,1.03,1.024,1.026,-0.009,-0.8696,183.0,18.787
162712.SZ,20190809,1.455,1.455,1.455,1.455,1.455,0.0,0.0,320.1,46.574
162717.SZ,20190809,0.952,0.948,0.948,0.948,0.948,-0.004,-0.4202,0.21,0.019
162719.SZ,20190809,0.862,0.868,0.868,0.859,0.859,-0.003,-0.348,83.23,7.219
163001.SZ,20190809,0.964,0.973,0.979,0.969,0.969,0.005,0.5187,5.0,0.487
163003.SZ,20190809,0.665,0.631,0.631,0.631,0.631,-0.034,-5.1128,50.0,3.155
163005.SZ,20190809,0.948,0.888,0.989,0.885,0.989,0.041,4.3249,183.89,16.469
163110.SZ,20190809,1.591,1.573,1.589,1.556,1.589,-0.002,-0.1257,37.0,5.775
163111.SZ,20190809,0.878,0.871,0.896,0.86,0.86,-0.018,-2.0501,280.2,24.223
163119.SZ,20190809,0.767,0.756,0.756,0.743,0.743,-0.024,-3.1291,163.0,12.127
163208.SZ,20190809,0.763,0.758,0.758,0.758,0.758,-0.005,-0.6553,18.39,1.393
163210.SZ,20190809,1.002,1.003,1.013,1.002,1.013,0.011,1.0978,7759.83,781.174
163302.SZ,20190809,1.054,1.017,1.017,1.017,1.017,-0.037,-3.5104,78.0,7.932
163402.SZ,20190809,0.747,0.749,0.751,0.74,0.742,-0.005,-0.6693,78106.02,5817.867
163407.SZ,20190809,1.921,1.921,1.93,1.909,1.909,-0.012,-0.6247,8277.75,1589.012
163409.SZ,20190809,1.638,1.668,1.669,1.604,1.658,0.02,1.221,37.0,6.076
163412.SZ,20190809,3.422,3.429,3.459,3.412,3.421,-0.001,-0.0292,7336.0,2523.582
163415.SZ,20190809,1.858,1.86,1.86,1.845,1.85,-0.008,-0.4306,2178.0,403.675
163417.SZ,20190809,1.001,1.006,1.008,0.997,0.999,-0.002,-0.1998,334949.62,33578.397
163503.SZ,20190809,0.399,0.406,0.406,0.399,0.4,0.001,0.2506,104.0,4.158
163801.SZ,20190809,1.254,1.242,1.287,1.242,1.268,0.014,1.1164,396.0,49.788
163819.SZ,20190809,1.053,1.059,1.059,1.059,1.059,0.006,0.5698,54.88,5.811
163907.SZ,20190809,0.872,0.886,0.915,0.886,0.914,0.042,4.8165,400.0,36.576
164105.SZ,20190809,1.344,1.362,1.362,1.362,1.362,0.018,1.3393,10.0,1.362
164206.SZ,20190809,1.118,1.117,1.118,1.117,1.118,0.0,0.0,201.0,22.471
164403.SZ,20190809,1.293,1.269,1.276,1.269,1.276,-0.017,-1.3148,168.32,21.429
164701.SZ,20190809,0.71,0.706,0.715,0.705,0.709,-0.001,-0.1408,7204.0,511.888
164702.SZ,20190809,1.036,1.027,1.037,1.027,1.037,0.001,0.0965,31.0,3.199
164705.SZ,20190809,1.152,1.15,1.151,1.15,1.15,-0.002,-0.1736,219.0,25.185
164808.SZ,20190809,1.066,1.073,1.073,1.073,1.073,0.007,0.6567,40.0,4.292
164824.SZ,20190809,0.919,0.935,0.935,0.925,0.935,0.016,1.741,1922.81,178.846
164906.SZ,20190809,1.096,1.098,1.101,1.091,1.094,-0.002,-0.1825,1472.62,161.504
165309.SZ,20190809,1.189,1.183,1.193,1.183,1.193,0.004,0.3364,11.0,1.31
165313.SZ,20190809,1.413,1.413,1.414,1.403,1.403,-0.01,-0.7077,1778.0,251.336
165513.SZ,20190809,0.389,0.392,0.392,0.39,0.39,0.001,0.2571,281.0,10.987
165525.SZ,20190809,0.732,0.733,0.735,0.728,0.73,-0.002,-0.2732,1635.66,119.437
165528.SZ,20190809,0.899,0.881,0.888,0.881,0.888,-0.011,-1.2236,213.02,18.776
165807.SZ,20190809,0.925,0.925,0.925,0.925,0.925,0.0,0.0,49.0,4.532
166001.SZ,20190809,1.22,1.226,1.228,1.207,1.222,0.002,0.1639,535.0,65.042
166006.SZ,20190809,1.135,1.123,1.134,1.123,1.134,-0.001,-0.0881,53.0,5.953
166009.SZ,20190809,1.814,1.756,1.758,1.756,1.756,-0.058,-3.1974,8.0,1.405
166011.SZ,20190809,1.27,1.272,1.272,1.272,1.272,0.002,0.1575,4.0,0.508
166012.SZ,20190809,1.098,1.093,1.093,1.093,1.093,-0.005,-0.4554,82.0,8.962
166023.SZ,20190809,1.138,1.14,1.142,1.132,1.133,-0.005,-0.4394,4025.0,458.213
166024.SZ,20190809,0.837,0.839,0.839,0.83,0.833,-0.004,-0.4779,9524.0,793.842
166025.SZ,20190809,0.984,0.981,0.999,0.978,0.983,-0.001,-0.1016,6219.0,612.418
166902.SZ,20190809,1.044,1.032,1.043,1.032,1.043,-0.001,-0.0958,216.0,22.35
167001.SZ,20190809,0.671,0.673,0.673,0.669,0.669,-0.002,-0.2981,747.0,50.131
167002.SZ,20190809,0.885,0.971,0.971,0.965,0.965,0.08,9.0395,21.0,2.038
167501.SZ,20190809,1.121,1.121,1.121,1.12,1.12,-0.001,-0.0892,1628.0,182.482
168002.SZ,20190809,1.126,1.119,1.119,1.119,1.119,-0.007,-0.6217,8.0,0.895
168101.SZ,20190809,0.965,0.968,0.968,0.961,0.962,-0.003,-0.3109,15668.0,1508.85
150312.SZ,20190809,1.078,1.1,1.1,1.1,1.1,0.022,2.0408,30.0,3.3
150316.SZ,20190809,1.215,1.211,1.211,1.2,1.2,-0.015,-1.2346,67.89,8.178
150321.SZ,20190809,1.052,1.052,1.053,1.052,1.053,0.001,0.0951,244.01,25.693
150322.SZ,20190809,0.81,0.807,0.807,0.8,0.8,-0.01,-1.2346,472.69,38.057
150324.SZ,20190809,0.585,0.527,0.527,0.527,0.527,-0.058,-9.9145,0.46,0.024
150325.SZ,20190809,1.015,1.016,1.016,1.016,1.016,0.001,0.0985,593.0,60.248
150327.SZ,20190809,1.016,1.015,1.016,1.001,1.016,0.0,0.0,1832.21,186.014
150329.SZ,20190809,0.997,1.0,1.0,0.999,0.999,0.002,0.2006,5248.95,524.379
150330.SZ,20190809,1.768,1.788,1.788,1.74,1.75,-0.018,-1.0181,11370.45,2009.192
150335.SZ,20190809,1.019,1.02,1.02,1.019,1.02,0.001,0.0981,5190.0,529.361
150336.SZ,20190809,0.715,0.651,0.68,0.65,0.679,-0.036,-5.035,825.0,54.91
150344.SZ,20190809,1.185,1.067,1.067,1.067,1.067,-0.118,-9.9578,7.0,0.746
159001.SZ,20190809,100.001,100.0,100.001,99.999,100.001,0.0,0.0,28518.76,285187.81
159003.SZ,20190809,100.0,99.999,100.001,99.999,100.001,0.001,0.001,75698.2,756982.045
159005.SZ,20190809,100.0,100.0,100.001,99.999,100.0,0.0,0.0,16036.65,160366.509
159901.SZ,20190809,4.43,4.449,4.456,4.355,4.362,-0.068,-1.535,479796.0,211324.115
159902.SZ,20190809,2.717,2.728,2.736,2.686,2.687,-0.03,-1.1042,101386.0,27485.431
159903.SZ,20190809,0.983,0.985,0.987,0.968,0.972,-0.011,-1.119,7558.0,737.934
159905.SZ,20190809,1.811,1.818,1.818,1.778,1.782,-0.029,-1.6013,83341.0,14965.89
159906.SZ,20190809,0.775,0.777,0.79,0.773,0.774,-0.001,-0.129,607.09,47.102
159907.SZ,20190809,1.129,1.124,1.135,1.111,1.121,-0.008,-0.7086,3384.0,380.674
159908.SZ,20190809,1.317,1.323,1.325,1.304,1.305,-0.012,-0.9112,11302.0,1483.886
159909.SZ,20190809,4.055,4.08,4.08,3.967,3.979,-0.076,-1.8742,5252.0,2120.299
159910.SZ,20190809,1.74,1.75,1.753,1.711,1.714,-0.026,-1.4943,3490.0,601.129
159911.SZ,20190809,3.536,3.572,3.572,3.572,3.572,0.036,1.0181,30.0,10.716
159912.SZ,20190809,1.199,1.198,1.21,1.198,1.202,0.003,0.2502,5256.0,633.792
159913.SZ,20190809,1.805,1.82,1.823,1.784,1.804,-0.001,-0.0554,259.0,47.025
159915.SZ,20190809,1.468,1.474,1.48,1.449,1.45,-0.018,-1.2262,3209957.7,469676.78
159916.SZ,20190809,4.019,4.099,4.099,3.923,3.959,-0.06,-1.4929,2084.0,826.44
159918.SZ,20190809,1.284,1.285,1.304,1.25,1.25,-0.034,-2.648,214.0,27.43
159919.SZ,20190809,3.701,3.715,3.72,3.674,3.686,-0.015,-0.4053,746576.43,276211.059
159920.SZ,20190809,1.449,1.454,1.458,1.439,1.446,-0.003,-0.207,6287832.87,911657.577
159922.SZ,20190809,4.881,4.901,4.919,4.825,4.833,-0.048,-0.9834,104305.0,50705.197
159923.SZ,20190809,1.689,1.69,1.69,1.647,1.678,-0.011,-0.6513,522.0,87.407
159925.SZ,20190809,1.598,1.61,1.61,1.586,1.591,-0.007,-0.438,1381.44,220.109
159926.SZ,20190809,113.08,113.15,113.26,113.099,113.26,0.18,0.1592,10.0,113.164
159928.SZ,20190809,2.817,2.83,2.843,2.77,2.777,-0.04,-1.42,80993.0,22740.35
159929.SZ,20190809,1.372,1.382,1.39,1.372,1.375,0.003,0.2187,29756.0,4115.283
159930.SZ,20190809,0.68,0.68,0.682,0.674,0.674,-0.006,-0.8824,2417.0,164.156
159931.SZ,20190809,1.703,1.699,1.699,1.675,1.699,-0.004,-0.2349,469.16,79.332
159932.SZ,20190809,1.272,1.28,1.299,1.26,1.26,-0.012,-0.9434,733.0,93.128
159933.SZ,20190809,2.01,2.004,2.006,1.998,1.999,-0.011,-0.5473,153.0,30.675
159934.SZ,20190809,3.362,3.379,3.395,3.371,3.375,0.013,0.3867,1208483.28,409099.871
159936.SZ,20190809,1.226,1.224,1.23,1.221,1.221,-0.005,-0.4078,201.0,24.635
159937.SZ,20190809,3.391,3.402,3.42,3.396,3.402,0.011,0.3244,424093.0,144656.169
159938.SZ,20190809,1.194,1.199,1.211,1.194,1.197,0.003,0.2513,186302.99,22391.607
159939.SZ,20190809,0.909,0.915,0.921,0.897,0.9,-0.009,-0.9901,407538.0,37056.131
159940.SZ,20190809,0.965,0.972,0.973,0.97,0.971,0.006,0.6218,21.0,2.04
159941.SZ,20190809,1.708,1.745,1.766,1.731,1.74,0.032,1.8735,6717.06,1165.251
159943.SZ,20190809,9.65,9.66,9.66,9.55,9.589,-0.061,-0.6321,194.0,186.255
159944.SZ,20190809,0.679,0.675,0.68,0.674,0.677,-0.002,-0.2946,2524.0,170.592
159945.SZ,20190809,0.623,0.622,0.626,0.616,0.62,-0.003,-0.4815,248.0,15.341
159948.SZ,20190809,1.592,1.595,1.609,1.578,1.581,-0.011,-0.691,12158.0,1939.588
159949.SZ,20190809,0.524,0.527,0.529,0.52,0.521,-0.003,-0.5725,4704689.12,246954.117
159951.SZ,20190809,0.777,0.776,0.776,0.742,0.762,-0.015,-1.9305,50.0,3.776
159952.SZ,20190809,0.883,0.888,0.892,0.873,0.875,-0.008,-0.906,348595.91,30713.587
159953.SZ,20190809,0.7,0.702,0.702,0.691,0.692,-0.008,-1.1429,417.0,28.926
159954.SZ,20190809,0.951,0.955,0.955,0.948,0.95,-0.001,-0.1052,12521.0,1190.351
159955.SZ,20190809,0.82,0.823,0.828,0.811,0.813,-0.007,-0.8537,6547.0,532.557
159956.SZ,20190809,0.871,0.87,0.87,0.86,0.87,-0.001,-0.1148,763.0,65.727
159957.SZ,20190809,0.901,0.907,0.915,0.893,0.894,-0.007,-0.7769,3387.0,305.294
159958.SZ,20190809,0.886,0.892,0.894,0.877,0.878,-0.008,-0.9029,27626.0,2454.054
159959.SZ,20190809,0.992,0.995,0.995,0.98,0.981,-0.011,-1.1089,30689.0,3026.039
159960.SZ,20190809,0.968,0.97,0.97,0.952,0.966,-0.002,-0.2066,94.0,9.094
159961.SZ,20190809,1.28,1.284,1.284,1.258,1.258,-0.022,-1.7188,1386.0,175.906
159962.SZ,20190809,0.973,0.98,0.98,0.96,0.96,-0.013,-1.3361,100.0,9.708
159963.SZ,20190809,0.939,0.939,0.942,0.935,0.939,0.0,0.0,26093.0,2448.863
159964.SZ,20190809,0.912,0.911,0.915,0.89,0.913,0.001,0.1096,1860.02,169.209
159965.SZ,20190809,0.962,0.968,0.968,0.956,0.961,-0.001,-0.104,173012.02,16590.056
159966.SZ,20190809,1.022,1.031,1.031,1.009,1.01,-0.012,-1.1742,89547.13,9120.22
159967.SZ,20190809,1.034,1.032,1.043,1.021,1.023,-0.011,-1.0638,216312.66,22384.858
159971.SZ,20190809,1.057,1.064,1.08,1.055,1.058,0.001,0.0946,28188.0,3004.671
159973.SZ,20190809,0.993,0.988,0.99,0.973,0.974,-0.019,-1.9134,2430.04,238.712
160105.SZ,20190809,0.92,0.9,0.9,0.892,0.892,-0.028,-3.0435,281.0,25.151
160106.SZ,20190809,0.95,0.958,0.958,0.954,0.954,0.004,0.4211,315.0,30.107
160119.SZ,20190809,1.201,1.203,1.216,1.195,1.195,-0.006,-0.4996,19999.76,2403.778
160125.SZ,20190809,1.005,1.008,1.014,1.008,1.014,0.009,0.8955,6.0,0.607
160130.SZ,20190809,1.02,0.959,1.05,0.959,1.05,0.03,2.9412,3.0,0.305
160131.SZ,20190809,1.038,1.038,1.038,1.035,1.035,-0.003,-0.289,280.0,29.021
160133.SZ,20190809,2.426,2.446,2.45,2.416,2.422,-0.004,-0.1649,1966.2,476.37
160140.SZ,20190809,1.165,1.167,1.17,1.157,1.168,0.003,0.2575,380.0,44.072
160142.SZ,20190809,1.025,1.025,1.026,1.025,1.026,0.001,0.0976,353869.35,36300.205
160211.SZ,20190809,1.991,1.971,2.016,1.971,1.99,-0.001,-0.0502,1010.2,202.1
160212.SZ,20190809,1.998,2.012,2.016,1.982,1.989,-0.009,-0.4505,1581.84,316.833
160215.SZ,20190809,1.342,1.331,1.348,1.331,1.348,0.006,0.4471,964.0,129.402
160216.SZ,20190809,0.442,0.443,0.443,0.441,0.441,-0.001,-0.2262,29638.46,1309.933
160220.SZ,20190809,1.252,1.256,1.271,1.256,1.262,0.01,0.7987,361.62,45.945
160223.SZ,20190809,0.733,0.734,0.735,0.733,0.733,0.0,0.0,7357.0,540.006
160225.SZ,20190809,0.741,0.742,0.745,0.74,0.74,-0.001,-0.135,379.0,28.131
160311.SZ,20190809,1.529,1.557,1.557,1.51,1.51,-0.019,-1.2426,1055.57,160.446
160314.SZ,20190809,0.945,0.95,0.959,0.95,0.95,0.005,0.5291,687.46,65.428
160322.SZ,20190809,0.994,0.994,0.994,0.994,0.994,0.0,0.0,1.0,0.099
160415.SZ,20190809,1.159,1.112,1.117,1.112,1.117,-0.042,-3.6238,767.05,85.589
160416.SZ,20190809,0.956,0.957,0.977,0.957,0.96,0.004,0.4184,231.82,22.409
160421.SZ,20190809,1.11,1.129,1.129,1.107,1.107,-0.003,-0.2703,1674.05,186.628
160505.SZ,20190809,1.583,1.586,1.586,1.573,1.576,-0.007,-0.4422,12072.0,1904.102
