ts_code,trade_date,pre_close,open,high,low,close,change,pct_chg,vol,amount
150298.SZ,20190816,1.221,1.104,1.215,1.104,1.215,-0.006,-0.4914,143.33,16.19
502038.SH,20190816,0.568,0.6,0.6,0.6,0.6,0.032,5.6338,10.0,0.6
150317.SZ,20190816,0.998,1.001,1.009,1.001,1.009,0.011,1.1022,52.39,5.286
150327.SZ,20190816,1.012,1.022,1.022,1.022,1.022,0.01,0.9881,700.0,71.54
150335.SZ,20190816,1.025,1.024,1.027,1.024,1.027,0.002,0.1951,907.0,93.097
150336.SZ,20190816,0.693,0.629,0.709,0.629,0.707,0.014,2.0202,104.58,7.228
502010.SH,20190816,0.996,0.997,1.013,0.997,1.005,0.009,0.9036,7119.3,717.413
502012.SH,20190816,1.018,1.017,1.043,1.01,1.02,0.002,0.1965,31725.55,3270.781
502011.SH,20190816,0.983,0.983,0.985,0.982,0.984,0.001,0.1017,30626.5,3014.028
502003.SH,20190816,1.193,1.171,1.192,1.171,1.192,-0.001,-0.0838,19.07,2.254
502004.SH,20190816,0.98,0.982,0.982,0.98,0.982,0.002,0.2041,496.27,48.734
502005.SH,20190816,1.413,1.413,1.416,1.388,1.409,-0.004,-0.2831,339.52,47.533
168101.SZ,20190816,0.972,0.976,0.979,0.971,0.976,0.004,0.4115,14911.04,1455.3
150303.SZ,20190816,1.044,1.045,1.045,1.038,1.038,-0.006,-0.5747,6627.0,692.189
150304.SZ,20190816,0.932,0.925,0.963,0.925,0.946,0.014,1.5021,15790.65,1497.306
502023.SH,20190816,0.735,0.786,0.786,0.785,0.785,0.05,6.8027,11.0,0.865
502025.SH,20190816,0.515,0.529,0.529,0.51,0.529,0.014,2.7184,33.0,1.709
150329.SZ,20190816,1.006,1.006,1.007,1.006,1.007,0.001,0.0994,2610.0,262.817
150330.SZ,20190816,1.777,1.78,1.798,1.769,1.775,-0.002,-0.1125,20951.0,3740.355
184801.SZ,20190816,93.18,93.278,93.287,93.18,93.287,0.107,0.1148,27.0,251.774
502056.SH,20190816,1.078,1.076,1.09,1.076,1.09,0.012,1.1132,35.0,3.8
502057.SH,20190816,1.024,1.024,1.054,1.024,1.054,0.03,2.9297,876.0,90.651
502058.SH,20190816,1.09,1.128,1.157,1.128,1.132,0.042,3.8532,350.0,39.625
511830.SH,20190816,99.997,99.997,100.003,99.997,100.003,0.006,0.006,186.05,1860.523
150343.SZ,20190816,1.022,1.024,1.024,1.024,1.024,0.002,0.1957,200.0,20.48
510360.SH,20190816,1.213,1.213,1.23,1.212,1.222,0.009,0.742,270436.0,33110.593
502053.SH,20190816,0.962,0.961,0.961,0.942,0.942,-0.02,-2.079,778.81,73.507
502055.SH,20190816,0.892,0.864,0.893,0.864,0.89,-0.002,-0.2242,218.0,19.319
161226.SZ,20190816,0.883,0.886,0.891,0.879,0.885,0.002,0.2265,153351.37,13553.211
167501.SZ,20190816,1.121,1.121,1.122,1.12,1.122,0.001,0.0892,907.0,101.744
510580.SH,20190816,4.759,4.753,4.806,4.75,4.768,0.009,0.1891,90954.0,43396.812
161227.SZ,20190816,0.948,0.942,0.956,0.942,0.951,0.003,0.3165,1948.71,185.517
511980.SH,20190816,99.994,99.998,100.002,99.998,100.0,0.006,0.006,283.58,2835.787
511900.SH,20190816,99.994,100.001,100.002,99.998,100.0,0.006,0.006,1118.72,11187.268
511930.SH,20190816,99.975,100.049,100.049,100.0,100.0,0.025,0.025,2.01,20.105
161229.SZ,20190816,1.18,1.085,1.179,1.085,1.179,-0.001,-0.0847,154.0,16.812
501005.SH,20190816,0.902,0.901,0.911,0.898,0.901,-0.001,-0.1109,2154.0,194.776
511960.SH,20190816,99.991,99.992,100.001,99.992,100.001,0.01,0.01,2.28,22.799
161033.SZ,20190816,0.916,0.916,0.933,0.907,0.931,0.015,1.6376,1454.42,133.804
163907.SZ,20190816,0.89,0.876,0.876,0.876,0.876,-0.014,-1.573,2.0,0.175
169103.SZ,20190816,1.139,1.14,1.145,1.085,1.145,0.006,0.5268,551.0,62.307
511820.SH,20190816,99.993,99.994,100.001,99.994,100.001,0.008,0.008,298.97,2989.693
168102.SZ,20190816,0.857,0.856,0.864,0.853,0.861,0.004,0.4667,19619.0,1687.946
163005.SZ,20190816,0.914,0.892,0.892,0.892,0.892,-0.022,-2.407,11.0,0.981
501015.SH,20190816,0.786,0.793,0.799,0.78,0.799,0.013,1.6539,6773.09,537.413
162415.SZ,20190816,1.567,1.553,1.564,1.553,1.562,-0.005,-0.3191,172.0,26.768
160518.SZ,20190816,1.039,0.96,1.074,0.958,1.051,0.012,1.155,272.02,28.122
511920.SH,20190816,99.995,99.981,100.0,99.981,100.0,0.005,0.005,69.13,691.29
159948.SZ,20190816,1.629,1.629,1.66,1.629,1.644,0.015,0.9208,15157.0,2492.446
161232.SZ,20190816,0.699,0.692,0.699,0.692,0.699,0.0,0.0,514.0,35.846
165528.SZ,20190816,0.905,0.905,0.905,0.905,0.905,0.0,0.0,8532.0,772.146
160519.SZ,20190816,1.037,1.026,1.038,1.026,1.038,0.001,0.0964,1714.06,176.717
161727.SZ,20190816,1.139,1.084,1.1,1.084,1.1,-0.039,-3.4241,133.0,14.532
501018.SH,20190816,1.052,1.05,1.052,1.042,1.049,-0.003,-0.2852,30711.42,3214.049
162215.SZ,20190816,1.066,1.051,1.056,1.051,1.056,-0.01,-0.9381,1934.0,203.843
501021.SH,20190816,1.271,1.276,1.29,1.273,1.279,0.008,0.6294,4172.42,534.205
159949.SZ,20190816,0.541,0.54,0.551,0.539,0.545,0.004,0.7394,6310812.42,344096.722
511850.SH,20190816,99.994,100.005,100.007,100.0,100.002,0.008,0.008,21464.29,214649.93
169104.SZ,20190816,1.249,1.249,1.279,1.241,1.241,-0.008,-0.6405,837.0,103.883
512660.SH,20190816,0.744,0.742,0.751,0.74,0.745,0.001,0.1344,1392348.0,103914.958
512880.SH,20190816,0.893,0.892,0.91,0.89,0.898,0.005,0.5599,4960312.95,446733.763
167001.SZ,20190816,0.683,0.699,0.699,0.689,0.69,0.007,1.0249,225.0,15.523
161834.SZ,20190816,0.787,0.786,0.788,0.786,0.788,0.001,0.1271,23930.62,1885.159
160520.SZ,20190816,1.048,1.049,1.049,1.049,1.049,0.001,0.0954,110.0,11.539
163003.SZ,20190816,0.636,0.638,0.638,0.638,0.638,0.002,0.3145,2.0,0.127
160225.SZ,20190816,0.755,0.754,0.758,0.746,0.752,-0.003,-0.3974,1096.0,82.559
511970.SH,20190816,99.966,100.0,100.0,100.0,100.0,0.034,0.034,1.0,10.0
168103.SZ,20190816,0.779,0.779,0.786,0.778,0.782,0.003,0.3851,86952.09,6806.443
512810.SH,20190816,0.712,0.712,0.718,0.71,0.713,0.001,0.1404,4656.0,332.639
510810.SH,20190816,0.908,0.9,0.917,0.9,0.914,0.006,0.6608,105348.0,9597.337
160635.SZ,20190816,0.959,0.959,0.995,0.959,0.97,0.011,1.147,1149.06,111.618
164403.SZ,20190816,1.26,1.155,1.276,1.155,1.268,0.008,0.6349,73.0,9.188
169105.SZ,20190816,1.267,1.261,1.275,1.253,1.272,0.005,0.3946,110909.13,14081.707
512680.SH,20190816,0.751,0.752,0.759,0.751,0.753,0.002,0.2663,39925.0,3009.221
168104.SZ,20190816,1.299,1.277,1.277,1.277,1.277,-0.022,-1.6936,20.0,2.554
512000.SH,20190816,0.85,0.848,0.864,0.847,0.854,0.004,0.4706,1949250.23,166867.947
166904.SZ,20190816,1.031,1.019,1.019,1.019,1.019,-0.012,-1.1639,1.0,0.101
150143.SZ,20190816,1.006,1.008,1.008,1.008,1.008,0.002,0.1988,1949.17,196.476
150144.SZ,20190816,1.11,1.057,1.058,1.057,1.058,-0.052,-4.6847,3.26,0.344
159929.SZ,20190816,1.423,1.422,1.446,1.417,1.44,0.017,1.1947,35278.0,5072.393
159928.SZ,20190816,2.846,2.846,2.916,2.844,2.884,0.038,1.3352,143630.0,41481.877
159930.SZ,20190816,0.678,0.674,0.683,0.671,0.679,0.001,0.1475,1392.0,94.746
159931.SZ,20190816,1.734,1.717,1.735,1.717,1.728,-0.006,-0.346,424.0,72.939
150149.SZ,20190816,0.567,0.565,0.587,0.564,0.586,0.019,3.351,9729.0,564.578
160515.SZ,20190816,1.069,1.068,1.07,1.068,1.068,-0.001,-0.0935,5121.0,547.198
150130.SZ,20190816,1.041,1.041,1.043,1.041,1.042,0.001,0.0961,3258.0,339.521
150131.SZ,20190816,1.45,1.466,1.483,1.438,1.469,0.019,1.3103,107083.34,15727.137
150150.SZ,20190816,1.01,1.013,1.013,1.013,1.013,0.003,0.297,200.0,20.26
150152.SZ,20190816,1.026,1.026,1.028,1.026,1.026,0.0,0.0,405404.73,41625.658
150153.SZ,20190816,1.044,1.04,1.073,1.039,1.058,0.014,1.341,1777277.17,187811.624
159932.SZ,20190816,1.296,1.3,1.304,1.297,1.297,0.001,0.0772,511.0,66.303
512010.SH,20190816,1.66,1.674,1.679,1.65,1.668,0.008,0.4819,201649.0,33616.465
159933.SZ,20190816,2.01,2.0,2.034,2.0,2.016,0.006,0.2985,83.0,16.674
160131.SZ,20190816,1.035,1.037,1.037,1.037,1.037,0.002,0.1932,1.0,0.103
159934.SZ,20190816,3.385,3.409,3.412,3.386,3.393,0.008,0.2363,970169.0,330236.843
512120.SH,20190816,1.428,1.431,1.452,1.427,1.445,0.017,1.1905,3021.0,435.76
150157.SZ,20190816,1.011,1.012,1.012,1.011,1.012,0.001,0.0989,3504.0,354.304
150158.SZ,20190816,1.028,1.033,1.043,1.02,1.036,0.008,0.7782,4821.0,500.705
159935.SZ,20190816,1.326,1.34,1.345,1.34,1.34,0.014,1.0558,146.0,19.566
160220.SZ,20190816,1.292,1.292,1.292,1.231,1.232,-0.06,-4.644,5.0,0.621
150170.SZ,20190816,1.238,1.248,1.249,1.211,1.249,0.011,0.8885,106.0,12.985
150172.SZ,20190816,1.24,1.238,1.27,1.222,1.239,-0.001,-0.0806,203245.38,25408.709
150181.SZ,20190816,1.009,1.009,1.011,1.009,1.011,0.002,0.1982,7368.86,744.636
150182.SZ,20190816,1.233,1.23,1.25,1.227,1.235,0.002,0.1622,146608.0,18145.288
150177.SZ,20190816,1.005,1.005,1.008,1.004,1.007,0.002,0.199,7737.09,778.257
165525.SZ,20190816,0.727,0.73,0.73,0.723,0.727,0.0,0.0,3380.32,245.271
160421.SZ,20190816,1.143,1.14,1.154,1.135,1.151,0.008,0.6999,3410.19,392.104
167002.SZ,20190816,0.998,0.948,0.978,0.924,0.951,-0.047,-4.7094,99.07,9.297
511660.SH,20190816,99.997,100.004,100.006,100.0,100.003,0.006,0.006,89333.97,893374.838
168105.SZ,20190816,0.784,0.782,0.79,0.782,0.789,0.005,0.6378,9221.0,724.058
512100.SH,20190816,0.631,0.629,0.64,0.629,0.636,0.005,0.7924,260620.0,16576.099
501023.SH,20190816,0.998,0.976,0.999,0.964,0.999,0.001,0.1002,1104.58,107.631
511600.SH,20190816,100.013,100.014,100.017,100.014,100.016,0.003,0.003,62.3,623.096
160722.SZ,20190816,1.073,1.079,1.098,1.079,1.098,0.025,2.3299,108.53,11.715
163119.SZ,20190816,0.761,0.775,0.775,0.774,0.774,0.013,1.7083,13.0,1.007
511690.SH,20190816,99.996,100.0,100.005,99.998,100.0,0.004,0.004,15929.28,159293.118
511700.SH,20190816,99.993,100.002,100.007,100.002,100.002,0.009,0.009,1178.78,11788.179
501050.SH,20190816,1.244,1.245,1.252,1.241,1.246,0.002,0.1608,10038.32,1252.321
160223.SZ,20190816,0.74,0.741,0.755,0.741,0.753,0.013,1.7568,2507.0,187.963
161035.SZ,20190816,1.09,1.094,1.105,1.094,1.102,0.012,1.1009,1948.43,214.407
501025.SH,20190816,1.013,1.021,1.04,1.015,1.031,0.018,1.7769,369.0,38.024
161124.SZ,20190816,1.07,1.075,1.075,1.075,1.075,0.005,0.4673,1.0,0.107
501028.SH,20190816,0.869,0.87,0.874,0.864,0.874,0.005,0.5754,345.31,29.958
169201.SZ,20190816,1.077,1.054,1.077,1.054,1.077,0.0,0.0,3.0,0.318
168106.SZ,20190816,0.911,0.91,0.91,0.91,0.91,-0.001,-0.1098,1.0,0.091
162717.SZ,20190816,0.932,0.97,0.97,0.97,0.97,0.038,4.0773,101.0,9.797
160922.SZ,20190816,0.927,0.95,0.95,0.95,0.95,0.023,2.4811,1.0,0.095
164703.SZ,20190816,0.872,0.877,0.877,0.877,0.877,0.005,0.5734,12.0,1.052
501300.SH,20190816,1.05,1.05,1.053,1.049,1.053,0.003,0.2857,498.0,52.314
161126.SZ,20190816,1.264,1.272,1.272,1.264,1.267,0.003,0.2373,13.0,1.647
161125.SZ,20190816,1.29,1.29,1.315,1.29,1.301,0.011,0.8527,3044.65,395.819
168301.SZ,20190816,1.008,1.003,1.02,0.95,0.953,-0.055,-5.4563,6271.91,620.517
150178.SZ,20190816,1.348,1.355,1.368,1.342,1.366,0.018,1.3353,1729.2,235.636
150179.SZ,20190816,1.004,1.005,1.006,1.005,1.006,0.002,0.1992,1651.71,166.137
150180.SZ,20190816,1.092,1.089,1.139,1.089,1.106,0.014,1.2821,4786.67,534.026
160812.SZ,20190816,1.41,1.373,1.42,1.373,1.41,0.0,0.0,2375.36,329.578
160918.SZ,20190816,1.899,1.901,1.915,1.901,1.909,0.01,0.5266,2065.01,394.367
150184.SZ,20190816,0.995,0.994,0.998,0.994,0.995,0.0,0.0,1005.0,99.997
150185.SZ,20190816,0.985,0.986,0.996,0.983,0.988,0.003,0.3046,878.16,87.127
159936.SZ,20190816,1.23,1.233,1.245,1.225,1.233,0.003,0.2439,3452.0,428.021
512600.SH,20190816,2.807,2.816,2.86,2.792,2.85,0.043,1.5319,793.0,225.63
512610.SH,20190816,1.345,1.371,1.379,1.35,1.361,0.016,1.1896,209.0,28.529
512640.SH,20190816,1.93,1.9,1.915,1.9,1.915,-0.015,-0.7772,10.0,1.908
161015.SZ,20190816,1.035,1.019,1.021,1.019,1.021,-0.014,-1.3527,18.0,1.835
512070.SH,20190816,2.161,2.169,2.198,2.162,2.18,0.019,0.8792,39178.0,8549.853
512220.SH,20190816,1.155,1.143,1.162,1.143,1.158,0.003,0.2597,1590.83,184.182
150186.SZ,20190816,0.982,0.983,0.989,0.978,0.989,0.007,0.7128,1700.0,166.898
150187.SZ,20190816,1.02,1.01,1.03,1.01,1.015,-0.005,-0.4902,830.51,84.658
160133.SZ,20190816,2.472,2.47,2.508,2.47,2.497,0.025,1.0113,12249.98,3061.756
150188.SZ,20190816,1.025,1.025,1.025,1.024,1.025,0.0,0.0,1719.84,176.228
150189.SZ,20190816,0.649,0.698,0.699,0.587,0.644,-0.005,-0.7704,3666.4,236.52
513030.SH,20190816,0.995,0.988,0.994,0.984,0.986,-0.009,-0.9045,759165.0,75188.242
159937.SZ,20190816,3.411,3.436,3.44,3.414,3.419,0.008,0.2345,812947.9,279017.05
160910.SZ,20190816,1.061,1.051,1.051,1.051,1.051,-0.01,-0.9425,4.0,0.42
160805.SZ,20190816,0.74,0.746,0.746,0.739,0.741,0.001,0.1351,91.82,6.799
160311.SZ,20190816,1.543,1.527,1.549,1.526,1.539,-0.004,-0.2592,1124.48,172.386
161610.SZ,20190816,1.062,1.046,1.07,1.046,1.07,0.008,0.7533,1429.93,151.741
159961.SZ,20190816,1.291,1.317,1.317,1.287,1.298,0.007,0.5422,1907.0,247.441
512260.SH,20190816,1.109,1.109,1.119,1.107,1.112,0.003,0.2705,86644.0,9640.853
501067.SH,20190816,1.167,1.167,1.172,1.167,1.172,0.005,0.4284,15.0,1.752
512870.SH,20190816,1.109,1.11,1.123,1.108,1.115,0.006,0.541,53427.0,5970.974
510850.SH,20190816,2.85,2.85,2.883,2.842,2.865,0.015,0.5263,457823.02,131185.788
513680.SH,20190816,0.914,0.895,0.917,0.895,0.917,0.003,0.3282,16.0,1.443
512890.SH,20190816,1.101,1.098,1.106,1.098,1.102,0.001,0.0908,27356.0,3012.192
159962.SZ,20190816,0.979,0.979,1.003,0.979,1.001,0.022,2.2472,255.0,25.408
501064.SH,20190816,1.164,1.151,1.163,1.145,1.163,-0.001,-0.0859,739.49,84.83
159963.SZ,20190816,0.924,0.934,0.934,0.918,0.927,0.003,0.3247,23403.05,2163.094
512270.SH,20190816,0.95,0.948,0.954,0.948,0.95,0.0,0.0,25287.0,2405.286
159965.SZ,20190816,0.977,0.982,0.99,0.974,0.982,0.005,0.5118,17325.29,1705.6
501063.SH,20190816,0.94,0.933,0.946,0.933,0.939,-0.001,-0.1064,3052.05,286.862
501070.SH,20190816,1.025,1.017,1.026,1.014,1.018,-0.007,-0.6829,2472.01,251.556
512380.SH,20190816,0.941,0.94,0.951,0.938,0.946,0.005,0.5313,1057648.0,99975.488
510890.SH,20190816,0.981,0.963,0.987,0.963,0.982,0.001,0.1019,76.0,7.447
510350.SH,20190816,3.691,3.685,3.72,3.677,3.698,0.007,0.1897,2764593.73,1023018.938
159964.SZ,20190816,0.931,0.92,0.946,0.92,0.942,0.011,1.1815,12314.01,1155.15
161912.SZ,20190816,0.903,0.988,0.988,0.893,0.914,0.011,1.2182,1842.02,169.005
512690.SH,20190816,1.055,1.054,1.086,1.05,1.073,0.018,1.7062,219765.0,23565.048
166025.SZ,20190816,1.008,1.014,1.015,1.006,1.011,0.003,0.2976,16223.28,1640.791
512750.SH,20190816,0.995,0.994,1.0,0.989,0.993,-0.002,-0.201,281485.0,27986.875
512910.SH,20190816,1.006,1.006,1.018,1.003,1.014,0.008,0.7952,220526.0,22271.814
512760.SH,20190816,1.114,1.105,1.133,1.105,1.121,0.007,0.6284,693822.0,77607.492
512170.SH,20190816,1.104,1.102,1.125,1.102,1.11,0.006,0.5435,67937.0,7554.477
159966.SZ,20190816,1.035,1.032,1.055,1.032,1.046,0.011,1.0628,139605.83,14563.513
159967.SZ,20190816,1.049,1.049,1.073,1.049,1.065,0.016,1.5253,158682.27,16880.89
159971.SZ,20190816,1.083,1.082,1.105,1.079,1.09,0.007,0.6464,591269.0,64720.047
161029.SZ,20190816,1.036,1.045,1.045,1.045,1.045,0.009,0.8687,1.0,0.104
169301.SZ,20190816,0.989,0.989,0.989,0.988,0.988,-0.001,-0.1011,180.0,17.786
512720.SH,20190816,0.976,0.972,0.998,0.971,0.988,0.012,1.2295,391518.65,38550.783
512670.SH,20190816,0.956,0.949,0.97,0.949,0.963,0.007,0.7322,162127.25,15595.96
159973.SZ,20190816,0.993,0.998,1.011,0.992,1.0,0.007,0.7049,1178.59,118.427
515000.SH,20190816,1.025,1.022,1.047,1.019,1.037,0.012,1.1707,5332269.34,550059.6
163801.SZ,20190816,1.274,1.288,1.29,1.281,1.282,0.008,0.6279,1576.17,202.573
160505.SZ,20190816,1.583,1.587,1.595,1.58,1.589,0.006,0.379,18179.17,2891.966
510050.SH,20190816,2.858,2.864,2.892,2.851,2.87,0.012,0.4199,4357908.9,1252569.615
162703.SZ,20190816,1.495,1.495,1.52,1.488,1.515,0.02,1.3378,9981.42,1506.611
162605.SZ,20190816,1.635,1.634,1.655,1.625,1.643,0.008,0.4893,46623.76,7666.684
161607.SZ,20190816,1.223,1.233,1.239,1.233,1.239,0.016,1.3083,3.0,0.371
160106.SZ,20190816,0.98,0.98,0.997,0.98,0.987,0.007,0.7143,1283.0,126.641
161903.SZ,20190816,1.025,1.03,1.06,1.029,1.057,0.032,3.122,1437.56,150.472
160706.SZ,20190816,1.071,1.067,1.08,1.067,1.075,0.004,0.3735,21771.43,2343.525
163302.SZ,20190816,1.048,1.05,1.05,1.05,1.05,0.002,0.1908,52.0,5.46
161005.SZ,20190816,2.089,2.095,2.109,2.089,2.1,0.011,0.5266,12158.39,2553.271
163402.SZ,20190816,0.745,0.745,0.75,0.743,0.747,0.002,0.2685,91452.69,6833.268
161706.SZ,20190816,1.721,1.723,1.736,1.714,1.736,0.015,0.8716,2144.0,368.303
163503.SZ,20190816,0.412,0.425,0.425,0.412,0.414,0.002,0.4854,1329.33,55.003
162607.SZ,20190816,0.494,0.495,0.501,0.495,0.5,0.006,1.2146,10788.47,538.409
159901.SZ,20190816,4.47,4.461,4.536,4.457,4.488,0.018,0.4027,469478.0,211027.514
510180.SH,20190816,3.382,3.381,3.425,3.379,3.399,0.017,0.5027,299279.99,101805.382
162207.SZ,20190816,1.355,1.359,1.359,1.359,1.359,0.004,0.2952,4.0,0.543
159902.SZ,20190816,2.766,2.767,2.819,2.76,2.794,0.028,1.0123,228534.95,63922.383
160607.SZ,20190816,0.67,0.671,0.681,0.671,0.681,0.011,1.6418,7926.34,538.685
510880.SH,20190816,2.708,2.712,2.719,2.702,2.709,0.001,0.0369,51458.0,13946.322
160610.SZ,20190816,0.909,0.914,0.925,0.914,0.916,0.007,0.7701,1313.0,120.178
166001.SZ,20190816,1.232,1.213,1.24,1.205,1.23,-0.002,-0.1623,1370.0,166.356
160611.SZ,20190816,0.857,0.864,0.868,0.859,0.862,0.005,0.5834,347.6,30.015
160314.SZ,20190816,0.954,0.962,0.973,0.962,0.962,0.008,0.8386,565.0,54.354
160613.SZ,20190816,1.402,1.4,1.4,1.4,1.4,-0.002,-0.1427,1.0,0.14
161010.SZ,20190816,1.096,1.092,1.096,1.092,1.096,0.0,0.0,1240.0,135.673
160615.SZ,20190816,1.556,1.563,1.563,1.563,1.563,0.007,0.4499,150.0,23.445
161810.SZ,20190816,1.656,1.662,1.719,1.662,1.71,0.054,3.2609,13855.84,2353.925
510060.SH,20190816,1.8,1.8,1.822,1.8,1.8,0.0,0.0,471.0,84.958
160119.SZ,20190816,1.203,1.203,1.212,1.2,1.206,0.003,0.2494,14121.96,1707.02
510010.SH,20190816,1.14,1.126,1.146,1.125,1.139,-0.001,-0.0877,1485.54,168.826
162307.SZ,20190816,1.181,1.125,1.217,1.125,1.131,-0.05,-4.2337,272.0,31.159
165309.SZ,20190816,1.193,1.203,1.203,1.195,1.196,0.003,0.2515,484.14,57.927
160211.SZ,20190816,2.052,2.044,2.073,2.044,2.062,0.01,0.4873,2424.54,500.352
162711.SZ,20190816,1.034,1.034,1.054,1.034,1.052,0.018,1.7408,212.0,22.246
150008.SZ,20190816,1.185,1.18,1.18,1.18,1.18,-0.005,-0.4219,310.0,36.58
159903.SZ,20190816,0.991,0.99,1.004,0.986,0.999,0.008,0.8073,20175.44,2010.711
166006.SZ,20190816,1.162,1.274,1.275,1.143,1.177,0.015,1.2909,976.0,114.556
510020.SH,20190816,2.72,2.721,2.735,2.721,2.735,0.015,0.5515,119.0,32.384
160716.SZ,20190816,1.546,1.546,1.555,1.535,1.55,0.004,0.2587,5846.73,905.628
160616.SZ,20190816,1.056,1.065,1.074,1.056,1.069,0.013,1.2311,65.0,6.935
163001.SZ,20190816,1.001,1.003,1.021,1.003,1.009,0.008,0.7992,76.0,7.686
510130.SH,20190816,3.723,3.732,3.78,3.732,3.78,0.057,1.531,127.39,47.837
510030.SH,20190816,5.102,5.128,5.142,5.125,5.125,0.023,0.4508,179.0,91.909
510090.SH,20190816,1.849,1.818,1.818,1.76,1.8,-0.049,-2.6501,720.0,128.133
150016.SZ,20190816,0.965,0.972,0.972,0.972,0.972,0.007,0.7254,531.85,51.695
150017.SZ,20190816,1.09,1.097,1.098,1.09,1.091,0.001,0.0917,737.9,80.747
150012.SZ,20190816,1.0,1.0,1.009,1.0,1.008,0.008,0.8,1030.0,103.592
150013.SZ,20190816,0.976,0.97,0.98,0.97,0.979,0.003,0.3074,272.0,26.385
150018.SZ,20190816,1.015,1.014,1.021,1.014,1.019,0.004,0.3941,590422.41,60181.25
150019.SZ,20190816,0.832,0.829,0.848,0.826,0.837,0.005,0.601,2121107.94,177852.048
161713.SZ,20190816,1.027,1.026,1.026,1.025,1.026,-0.001,-0.0974,166.82,17.115
160807.SZ,20190816,1.26,1.268,1.278,1.268,1.278,0.018,1.4286,51.0,6.467
160215.SZ,20190816,1.349,1.336,1.361,1.336,1.36,0.011,0.8154,1159.0,156.26
510160.SH,20190816,0.54,0.538,0.543,0.538,0.541,0.001,0.1852,2337.0,126.525
510110.SH,20190816,3.786,3.71,3.75,3.71,3.713,-0.073,-1.9282,291.22,108.123
160717.SZ,20190816,0.788,0.794,0.797,0.788,0.792,0.004,0.5076,2032.05,160.998
164105.SZ,20190816,1.386,1.45,1.45,1.337,1.37,-0.016,-1.1544,160.0,21.909
165509.SZ,20190816,1.127,1.117,1.117,1.117,1.117,-0.01,-0.8873,1.0,0.111
163407.SZ,20190816,1.925,1.923,1.946,1.923,1.944,0.019,0.987,9264.8,1796.106
159905.SZ,20190816,1.811,1.811,1.833,1.803,1.818,0.007,0.3865,67701.03,12328.318
510190.SH,20190816,3.148,3.158,3.199,3.151,3.167,0.019,0.6036,503.0,159.15
150022.SZ,20190816,0.78,0.78,0.792,0.78,0.788,0.008,1.0256,137902.0,10823.436
150023.SZ,20190816,0.221,0.22,0.223,0.22,0.222,0.001,0.4525,332038.74,7358.796
510170.SH,20190816,1.596,1.596,1.61,1.596,1.597,0.001,0.0627,506.0,80.775
166008.SZ,20190816,1.091,1.072,1.072,1.072,1.072,-0.019,-1.7415,3.0,0.321
161815.SZ,20190816,0.473,0.472,0.472,0.472,0.472,-0.001,-0.2114,1.0,0.047
510150.SH,20190816,4.97,4.745,5.034,4.745,5.027,0.057,1.1469,12543.47,6266.573
161213.SZ,20190816,1.565,1.583,1.591,1.583,1.591,0.026,1.6613,20.0,3.174
159906.SZ,20190816,0.805,0.802,0.822,0.802,0.814,0.009,1.118,1364.0,111.176
510220.SH,20190816,3.828,3.8,3.839,3.74,3.824,-0.004,-0.1045,551.0,208.495
164902.SZ,20190816,1.227,1.227,1.227,1.221,1.223,-0.004,-0.326,90.0,11.018
161714.SZ,20190816,1.024,1.009,1.024,1.009,1.024,0.0,0.0,130.0,13.118
166009.SZ,20190816,1.664,1.706,1.72,1.706,1.72,0.056,3.3654,61.0,10.42
150028.SZ,20190816,1.002,1.002,1.004,1.002,1.004,0.002,0.1996,7239.0,725.923
150029.SZ,20190816,1.008,1.001,1.022,1.001,1.022,0.014,1.3889,145.0,14.693
164808.SZ,20190816,1.079,1.07,1.078,1.07,1.078,-0.001,-0.0927,94.0,10.13
161907.SZ,20190816,1.634,1.616,1.626,1.615,1.626,-0.008,-0.4896,89.63,14.495
150031.SZ,20190816,0.879,0.813,0.878,0.813,0.878,-0.001,-0.1138,142.98,11.683
150032.SZ,20190816,1.0,1.002,1.003,1.002,1.003,0.003,0.3,107.0,10.722
150033.SZ,20190816,0.888,0.888,0.888,0.887,0.888,0.0,0.0,20.0,1.775
161216.SZ,20190816,1.161,1.161,1.161,1.161,1.161,0.0,0.0,89.95,10.443
510230.SH,20190816,5.551,5.554,5.603,5.53,5.565,0.014,0.2522,26372.0,14684.335
161116.SZ,20190816,0.834,0.836,0.839,0.83,0.832,-0.002,-0.2398,16848.14,1405.56
163409.SZ,20190816,1.621,1.673,1.673,1.652,1.652,0.031,1.9124,91.0,15.084
160512.SZ,20190816,1.754,1.755,1.78,1.755,1.762,0.008,0.4561,121.0,21.466
159908.SZ,20190816,1.343,1.343,1.365,1.343,1.355,0.012,0.8935,11208.0,1526.903
159907.SZ,20190816,1.135,1.135,1.149,1.135,1.147,0.012,1.0573,545.0,62.353
163110.SZ,20190816,1.596,1.615,1.615,1.59,1.611,0.015,0.9398,376.07,60.243
159909.SZ,20190816,4.21,4.198,4.298,4.163,4.241,0.031,0.7363,7374.0,3131.469
510270.SH,20190816,1.086,1.077,1.087,1.077,1.087,0.001,0.0921,143.0,15.414
161217.SZ,20190816,0.602,0.603,0.603,0.602,0.602,0.0,0.0,21.0,1.266
159910.SZ,20190816,1.745,1.745,1.764,1.74,1.751,0.006,0.3438,2522.0,441.585
162712.SZ,20190816,1.457,1.46,1.46,1.46,1.46,0.003,0.2059,71.0,10.366
160719.SZ,20190816,0.842,0.843,0.847,0.832,0.841,-0.001,-0.1188,3961.54,334.009
164701.SZ,20190816,0.72,0.723,0.73,0.72,0.723,0.003,0.4167,1469.0,105.848
159915.SZ,20190816,1.498,1.497,1.527,1.491,1.512,0.014,0.9346,5520389.97,834130.062
159916.SZ,20190816,3.917,3.931,3.968,3.917,3.939,0.022,0.5617,1653.0,649.409
159912.SZ,20190816,1.219,1.204,1.234,1.201,1.219,0.0,0.0,6260.02,766.942
510290.SH,20190816,1.356,1.363,1.369,1.363,1.369,0.013,0.9587,270.0,36.939
160125.SZ,20190816,1.025,1.023,1.023,1.022,1.022,-0.003,-0.2927,11.0,1.124
159913.SZ,20190816,1.886,1.786,1.884,1.786,1.83,-0.056,-2.9692,361.0,65.198
163208.SZ,20190816,0.755,0.772,0.772,0.746,0.757,0.002,0.2649,131.0,9.792
161017.SZ,20190816,1.686,1.686,1.702,1.681,1.696,0.01,0.5931,4909.11,833.559
162411.SZ,20190816,0.388,0.387,0.389,0.387,0.388,0.0,0.0,1561934.73,60582.13
150047.SZ,20190816,1.015,1.021,1.021,1.021,1.021,0.006,0.5911,19.26,1.966
150048.SZ,20190816,1.278,1.262,1.339,1.262,1.318,0.04,3.1299,249.91,32.686
150064.SZ,20190816,1.011,1.013,1.013,1.013,1.013,0.002,0.1978,226.48,22.942
150065.SZ,20190816,0.868,0.868,0.868,0.868,0.868,0.0,0.0,29.96,2.6
150060.SZ,20190816,0.879,0.791,0.799,0.791,0.799,-0.08,-9.1013,681.76,54.452
165513.SZ,20190816,0.393,0.393,0.393,0.391,0.392,-0.001,-0.2545,382.0,14.973
150051.SZ,20190816,1.009,1.009,1.011,1.009,1.011,0.002,0.1982,5706.79,576.529
150052.SZ,20190816,1.014,1.003,1.035,1.001,1.007,-0.007,-0.6903,54746.9,5576.625
161614.SZ,20190816,1.054,1.047,1.047,1.047,1.047,-0.007,-0.6641,1.0,0.104
163819.SZ,20190816,1.061,1.051,1.051,1.051,1.051,-0.01,-0.9425,1.0,0.105
150050.SZ,20190816,1.327,1.358,1.358,1.358,1.358,0.031,2.3361,1.0,0.135
159918.SZ,20190816,1.285,1.294,1.301,1.294,1.294,0.009,0.7004,520.0,67.367
160416.SZ,20190816,0.945,0.944,0.944,0.921,0.94,-0.005,-0.5291,1174.8,110.601
163412.SZ,20190816,3.485,3.481,3.523,3.475,3.508,0.023,0.66,9813.68,3443.013
160216.SZ,20190816,0.457,0.457,0.459,0.455,0.456,-0.001,-0.2188,28297.22,1290.877
159919.SZ,20190816,3.753,3.75,3.785,3.735,3.758,0.005,0.1332,597742.54,224811.871
161019.SZ,20190816,1.06,1.051,1.064,1.051,1.064,0.004,0.3774,211.0,22.449
160128.SZ,20190816,1.06,1.05,1.066,1.05,1.066,0.006,0.566,11.0,1.171
164810.SZ,20190816,1.009,1.009,1.009,1.009,1.009,0.0,0.0,994.0,100.294
161117.SZ,20190816,1.088,1.007,1.007,1.007,1.007,-0.081,-7.4449,1.0,0.1
164702.SZ,20190816,1.036,1.038,1.038,1.037,1.038,0.002,0.1931,202.0,20.967
159920.SZ,20190816,1.403,1.404,1.426,1.4,1.418,0.015,1.0691,4232531.69,598054.471
160916.SZ,20190816,2.85,2.843,2.879,2.843,2.875,0.025,0.8772,1382.63,396.79
150106.SZ,20190816,1.063,1.062,1.064,1.062,1.063,0.0,0.0,187004.45,19874.956
150107.SZ,20190816,0.569,0.567,0.594,0.565,0.578,0.009,1.5817,385810.6,22366.084
150100.SZ,20190816,1.004,1.006,1.007,1.006,1.007,0.003,0.2988,2225.0,223.855
150101.SZ,20190816,0.968,0.967,0.988,0.967,0.967,-0.001,-0.1033,314.94,30.458
161119.SZ,20190816,1.386,1.39,1.39,1.39,1.39,0.004,0.2886,280.0,38.92
166902.SZ,20190816,1.043,1.036,1.036,1.036,1.036,-0.007,-0.6711,4.0,0.414
163415.SZ,20190816,1.905,1.888,1.925,1.888,1.92,0.015,0.7874,1442.73,274.934
160720.SZ,20190816,1.15,1.15,1.15,1.15,1.15,0.0,0.0,47.0,5.405
159922.SZ,20190816,4.94,4.935,4.991,4.935,4.951,0.011,0.2227,94815.0,47077.459
510500.SH,20190816,5.076,5.07,5.132,5.07,5.091,0.015,0.2955,2364714.27,1205506.215
150117.SZ,20190816,1.032,1.032,1.036,1.031,1.032,0.0,0.0,12052.35,1245.082
150118.SZ,20190816,0.937,0.94,0.948,0.931,0.94,0.003,0.3202,40982.76,3860.774
159923.SZ,20190816,1.7,1.698,1.718,1.698,1.71,0.01,0.5882,888.34,151.319
510310.SH,20190816,1.635,1.63,1.652,1.628,1.641,0.006,0.367,796236.0,130584.386
160212.SZ,20190816,2.058,2.054,2.08,2.054,2.076,0.018,0.8746,3604.8,746.281
159925.SZ,20190816,1.62,1.618,1.638,1.61,1.625,0.005,0.3086,2831.94,461.039
150123.SZ,20190816,1.039,1.039,1.04,1.038,1.04,0.001,0.0962,2498.0,259.57
150124.SZ,20190816,0.698,0.702,0.713,0.698,0.707,0.009,1.2894,9055.16,639.739
163210.SZ,20190816,1.012,1.012,1.014,1.007,1.014,0.002,0.1976,1903.77,192.319
165313.SZ,20190816,1.429,1.449,1.46,1.449,1.452,0.023,1.6095,2991.31,434.45
159001.SZ,20190816,100.0,99.999,100.001,99.998,100.0,0.0,0.0,23735.66,237356.176
161911.SZ,20190816,1.003,1.001,1.004,1.001,1.004,0.001,0.0997,13814.27,1384.235
159926.SZ,20190816,113.02,113.11,113.11,113.11,113.11,0.09,0.0796,4.0,45.244
159003.SZ,20190816,100.0,99.999,100.001,99.998,100.0,0.0,0.0,73108.47,731084.563
518880.SH,20190816,3.414,3.436,3.438,3.413,3.419,0.005,0.1465,2590452.0,888487.241
163824.SZ,20190816,1.061,1.06,1.065,1.06,1.065,0.004,0.377,801.0,85.306
150145.SZ,20190816,1.002,1.015,1.015,1.015,1.015,0.013,1.2974,200.0,20.3
150146.SZ,20190816,1.044,1.124,1.124,0.961,0.966,-0.078,-7.4713,124.0,11.994
161127.SZ,20190816,1.252,1.24,1.25,1.239,1.25,-0.002,-0.1597,93.0,11.524
161128.SZ,20190816,1.582,1.594,1.595,1.593,1.595,0.013,0.8217,32.0,5.101
168401.SZ,20190816,1.119,1.18,1.18,1.18,1.18,0.061,5.4513,6.88,0.811
161129.SZ,20190816,1.056,1.056,1.067,1.051,1.053,-0.003,-0.2841,3836.0,404.666
501007.SH,20190816,0.88,0.914,0.914,0.913,0.913,0.033,3.75,20.0,1.827
501012.SH,20190816,0.747,0.767,0.767,0.75,0.767,0.02,2.6774,452.0,33.909
501009.SH,20190816,1.188,1.194,1.205,1.168,1.191,0.003,0.2525,1014.67,121.368
501030.SH,20190816,0.544,0.539,0.553,0.539,0.543,-0.001,-0.1838,35.0,1.911
501010.SH,20190816,1.177,1.193,1.29,1.193,1.198,0.021,1.7842,138.15,16.559
501031.SH,20190816,0.546,0.546,0.546,0.546,0.546,0.0,0.0,12.0,0.655
513050.SH,20190816,1.156,1.16,1.17,1.157,1.168,0.012,1.0381,277147.0,32296.108
511650.SH,20190816,99.992,99.998,100.001,99.998,99.999,0.007,0.007,1388.01,13879.981
512580.SH,20190816,0.706,0.707,0.714,0.706,0.709,0.003,0.4249,81872.0,5817.933
161631.SZ,20190816,0.97,0.968,0.991,0.962,0.979,0.009,0.9278,32182.37,3147.887
162719.SZ,20190816,0.852,0.847,0.851,0.844,0.844,-0.008,-0.939,428.17,36.247
512900.SH,20190816,0.868,0.868,0.883,0.866,0.873,0.005,0.576,171652.0,14971.612
161036.SZ,20190816,0.575,0.596,0.596,0.596,0.596,0.021,3.6522,1.0,0.059
167003.SZ,20190816,1.151,1.151,1.151,1.06,1.061,-0.09,-7.8193,102.0,10.84
501019.SH,20190816,0.77,0.762,0.777,0.762,0.771,0.001,0.1299,2936.55,226.306
501301.SH,20190816,1.095,1.096,1.106,1.081,1.104,0.009,0.8219,701.0,76.886
160723.SZ,20190816,1.085,1.085,1.086,1.08,1.085,0.0,0.0,810.0,87.889
166402.SZ,20190816,1.002,1.025,1.025,1.025,1.025,0.023,2.2954,100.0,10.25
159952.SZ,20190816,0.904,0.904,0.92,0.899,0.911,0.007,0.7743,488658.1,44515.819
161037.SZ,20190816,1.018,1.036,1.036,1.036,1.036,0.018,1.7682,3.0,0.31
512550.SH,20190816,1.155,1.15,1.168,1.144,1.161,0.006,0.5195,14820.0,1725.786
160324.SZ,20190816,0.999,0.999,1.029,0.999,1.029,0.03,3.003,416.0,41.607
501302.SH,20190816,1.059,1.025,1.025,1.025,1.025,-0.034,-3.2106,48.82,5.004
161130.SZ,20190816,1.29,1.306,1.306,1.306,1.306,0.016,1.2403,38.0,4.962
159955.SZ,20190816,0.839,0.838,0.853,0.838,0.848,0.009,1.0727,11416.0,967.879
160643.SZ,20190816,0.808,0.793,0.813,0.793,0.807,-0.001,-0.1238,115.0,9.216
159953.SZ,20190816,0.7,0.704,0.713,0.702,0.713,0.013,1.8571,1150.0,80.931
159951.SZ,20190816,0.736,0.75,0.75,0.737,0.737,0.001,0.1359,286.63,21.161
163111.SZ,20190816,0.876,0.884,0.893,0.883,0.893,0.017,1.9406,157.88,14.08
512700.SH,20190816,1.127,1.124,1.133,1.123,1.127,0.0,0.0,13454.0,1518.271
512560.SH,20190816,0.812,0.812,0.815,0.798,0.813,0.001,0.1232,2363.0,191.708
161715.SZ,20190816,0.848,0.848,0.865,0.848,0.859,0.011,1.2972,123.93,10.659
160924.SZ,20190816,0.952,0.999,0.999,0.989,0.989,0.037,3.8866,60.7,6.063
501036.SH,20190816,0.756,0.768,0.768,0.761,0.763,0.007,0.9259,409.34,31.248
501037.SH,20190816,0.755,0.769,0.769,0.752,0.762,0.007,0.9272,972.03,73.566
501038.SH,20190816,1.116,1.116,1.126,1.115,1.122,0.006,0.5376,9299.77,1042.738
511620.SH,20190816,99.975,99.931,99.991,99.931,99.984,0.009,0.009,280.23,2801.654
166023.SZ,20190816,1.162,1.162,1.168,1.159,1.16,-0.002,-0.1721,4128.58,479.773
501045.SH,20190816,1.009,1.019,1.019,1.011,1.014,0.005,0.4955,2167.76,219.271
160140.SZ,20190816,1.148,1.164,1.164,1.15,1.156,0.008,0.6969,89.0,10.306
501046.SH,20190816,1.125,1.125,1.135,1.106,1.106,-0.019,-1.6889,1723.84,193.829
510380.SH,20190816,0.932,0.941,0.941,0.941,0.941,0.009,0.9657,1.0,0.094
166024.SZ,20190816,0.827,0.827,0.833,0.825,0.829,0.002,0.2418,21102.15,1752.46
501048.SH,20190816,0.919,0.919,0.934,0.919,0.934,0.015,1.6322,202.0,18.567
159957.SZ,20190816,0.919,0.919,0.941,0.919,0.93,0.011,1.197,12138.64,1135.119
501051.SH,20190816,1.052,1.052,1.059,1.052,1.058,0.006,0.5703,302.0,31.795
159958.SZ,20190816,0.906,0.907,0.924,0.9,0.914,0.008,0.883,15592.0,1426.915
512980.SH,20190816,0.69,0.689,0.702,0.689,0.696,0.006,0.8696,204488.0,14276.72
159954.SZ,20190816,0.935,0.935,0.943,0.931,0.94,0.005,0.5348,51512.0,4829.176
161014.SZ,20190816,1.197,1.198,1.198,1.196,1.197,0.0,0.0,3752.0,449.175
163417.SZ,20190816,1.01,1.012,1.017,1.01,1.013,0.003,0.297,471373.72,47793.146
159956.SZ,20190816,0.878,0.883,0.9,0.88,0.891,0.013,1.4806,6020.34,537.362
511280.SH,20190816,100.0,102.001,102.001,102.001,102.001,2.001,2.001,5.0,51.001
162416.SZ,20190816,0.955,0.966,0.97,0.966,0.97,0.015,1.5707,12.0,1.16
510590.SH,20190816,4.833,4.842,4.886,4.825,4.85,0.017,0.3517,41329.0,20075.43
169106.SZ,20190816,1.011,1.01,1.014,1.01,1.013,0.002,0.1978,10623.16,1075.503
512180.SH,20190816,1.007,1.007,1.018,1.004,1.013,0.006,0.5958,255772.0,25823.607
513900.SH,20190816,0.92,0.927,0.94,0.927,0.938,0.018,1.9565,695.0,65.186
501057.SH,20190816,0.831,0.824,0.838,0.824,0.833,0.002,0.2407,3428.11,285.249
512090.SH,20190816,1.034,1.039,1.045,1.03,1.039,0.005,0.4836,770078.0,79846.041
512360.SH,20190816,1.042,1.046,1.05,1.046,1.05,0.008,0.7678,390.0,40.876
164824.SZ,20190816,0.936,0.927,0.93,0.921,0.929,-0.007,-0.7479,1434.0,132.776
512390.SH,20190816,1.017,1.03,1.034,1.03,1.031,0.014,1.3766,84.0,8.67
161131.SZ,20190816,1.03,1.029,1.033,1.029,1.032,0.002,0.1942,811874.74,83770.582
161728.SZ,20190816,1.024,1.024,1.026,1.023,1.025,0.001,0.0977,225213.18,23072.177
501186.SH,20190816,1.039,1.039,1.042,1.038,1.04,0.001,0.0962,256448.07,26681.851
501188.SH,20190816,1.036,1.036,1.039,1.035,1.038,0.002,0.1931,150790.36,15645.178
501189.SH,20190816,1.015,1.014,1.016,1.013,1.015,0.0,0.0,85118.06,8640.425
160142.SZ,20190816,1.039,1.039,1.042,1.038,1.041,0.002,0.1925,1115365.09,116107.409
510600.SH,20190816,2.873,2.876,2.908,2.868,2.892,0.019,0.6613,49403.62,14297.261
511270.SH,20190816,101.9,101.8,101.85,101.8,101.85,-0.05,-0.0491,200.0,2036.495
160726.SZ,20190816,1.064,1.064,1.083,1.063,1.072,0.008,0.7519,26297.23,2816.25
512820.SH,20190816,1.082,1.085,1.089,1.084,1.087,0.005,0.4621,760.0,82.509
501062.SH,20190816,0.923,0.923,0.929,0.923,0.927,0.004,0.4334,18068.01,1674.535
501309.SH,20190816,0.941,0.969,0.969,0.969,0.969,0.028,2.9756,52.0,5.039
512960.SH,20190816,0.954,0.952,0.962,0.952,0.957,0.003,0.3145,182376.0,17459.787
159959.SZ,20190816,1.003,0.999,1.01,0.999,1.009,0.006,0.5982,21141.0,2126.378
501065.SH,20190816,1.12,1.1,1.123,1.1,1.11,-0.01,-0.8929,795.73,88.019
159960.SZ,20190816,0.962,0.951,0.969,0.951,0.964,0.002,0.2079,1402.0,134.728
161132.SZ,20190816,1.129,1.129,1.132,1.115,1.131,0.002,0.1771,7378.94,826.988
512040.SH,20190816,1.081,1.083,1.093,1.08,1.087,0.006,0.555,94330.0,10252.656
501066.SH,20190816,1.162,1.167,1.19,1.166,1.167,0.005,0.4303,1569.12,183.916
510550.SH,20190816,1.114,1.117,1.128,1.114,1.121,0.007,0.6284,3589.0,402.182
501069.SH,20190816,0.975,0.977,0.984,0.977,0.979,0.004,0.4103,874.0,85.652
512150.SH,20190816,1.194,1.194,1.21,1.182,1.195,0.001,0.0838,682847.0,82455.29
501311.SH,20190816,0.899,0.91,0.938,0.91,0.938,0.039,4.3382,31.0,2.905
511020.SH,20190816,102.0,102.0,102.2,102.0,102.05,0.05,0.049,55.5,567.131
511030.SH,20190816,100.799,100.796,100.899,100.75,100.899,0.1,0.0992,2.2,22.185
512590.SH,20190816,0.953,0.95,0.963,0.95,0.961,0.008,0.8395,17936.0,1712.393
512290.SH,20190816,1.072,1.068,1.095,1.068,1.087,0.015,1.3993,411539.97,44547.829
512480.SH,20190816,1.042,1.03,1.06,1.03,1.051,0.009,0.8637,161920.0,16997.254
513880.SH,20190816,0.973,0.97,0.975,0.97,0.975,0.002,0.2055,47292.0,4603.373
513800.SH,20190816,0.987,0.997,0.997,0.982,0.989,0.002,0.2026,5685.0,561.009
513520.SH,20190816,0.993,0.993,0.997,0.988,0.993,0.0,0.0,6674.0,662.237
513000.SH,20190816,0.987,0.987,0.988,0.984,0.988,0.001,0.1013,5675.0,559.945
510070.SH,20190816,1.595,1.611,1.62,1.611,1.62,0.025,1.5674,107.0,17.244
510210.SH,20190816,3.573,3.56,3.603,3.548,3.587,0.014,0.3918,19113.68,6862.038
510410.SH,20190816,0.598,0.598,0.603,0.598,0.6,0.002,0.3344,7687.0,462.013
510300.SH,20190816,3.753,3.751,3.795,3.741,3.769,0.016,0.4263,2574125.33,971656.245
510900.SH,20190816,1.141,1.142,1.151,1.136,1.149,0.008,0.7011,7798784.2,893382.913
510440.SH,20190816,1.447,1.432,1.458,1.423,1.456,0.009,0.622,1137.0,163.226
510330.SH,20190816,3.755,3.75,3.802,3.748,3.78,0.025,0.6658,792681.0,299283.007
511990.SH,20190816,99.999,100.003,100.007,100.002,100.004,0.005,0.005,779672.7,7797072.081
511010.SH,20190816,118.526,118.538,118.538,118.418,118.428,-0.098,-0.0827,5686.0,67359.356
510660.SH,20190816,1.72,1.713,1.748,1.713,1.746,0.026,1.5116,9889.0,1712.57
510650.SH,20190816,1.889,1.895,1.91,1.881,1.9,0.011,0.5823,2571.0,486.541
510630.SH,20190816,2.775,2.775,2.851,2.775,2.823,0.048,1.7297,5959.0,1688.916
510510.SH,20190816,1.354,1.353,1.366,1.351,1.354,0.0,0.0,160805.0,21836.168
511880.SH,20190816,101.714,101.727,101.732,101.727,101.729,0.015,0.0147,660415.59,6718295.23
513100.SH,20190816,2.764,2.756,2.763,2.75,2.762,-0.002,-0.0724,274346.0,75624.794
518800.SH,20190816,3.384,3.406,3.412,3.384,3.389,0.005,0.1478,317166.0,107844.719
510680.SH,20190816,2.295,2.328,2.337,2.328,2.336,0.041,1.7865,34.0,7.932
513500.SH,20190816,1.88,1.881,1.885,1.879,1.884,0.004,0.2128,267960.0,50416.645
150168.SZ,20190816,0.88,0.955,0.955,0.955,0.955,0.075,8.5227,46.0,4.393
164705.SZ,20190816,1.114,1.105,1.132,1.105,1.118,0.004,0.3591,185.87,20.605
150171.SZ,20190816,0.998,0.998,1.0,0.998,1.0,0.002,0.2004,38261.08,3824.347
161831.SZ,20190816,0.944,0.936,0.954,0.936,0.949,0.005,0.5297,574.72,54.368
150175.SZ,20190816,1.019,1.018,1.021,1.017,1.02,0.001,0.0981,40917.12,4174.301
150176.SZ,20190816,0.874,0.875,0.884,0.868,0.879,0.005,0.5721,15684.64,1372.567
150164.SZ,20190816,1.006,1.006,1.007,1.004,1.007,0.001,0.0994,7799.16,784.534
150174.SZ,20190816,1.0,1.018,1.027,1.0,1.0,0.0,0.0,604.39,61.584
511910.SH,20190816,99.984,99.991,100.001,99.991,100.001,0.017,0.017,3.0,29.999
501026.SH,20190816,0.791,0.792,0.802,0.792,0.802,0.011,1.3906,1873.62,148.889
501022.SH,20190816,0.952,0.926,0.951,0.926,0.951,-0.001,-0.105,2.0,0.188
501029.SH,20190816,0.892,0.893,0.897,0.89,0.895,0.003,0.3363,114701.5,10254.416
501008.SH,20190816,0.896,0.93,0.93,0.93,0.93,0.034,3.7946,1.0,0.093
501011.SH,20190816,0.75,0.733,0.765,0.733,0.759,0.009,1.2,173.44,13.196
501032.SH,20190816,0.734,0.721,0.738,0.721,0.738,0.004,0.545,11.0,0.81
511770.SH,20190816,99.99,99.978,99.988,99.977,99.988,-0.002,-0.002,3.22,32.193
501016.SH,20190816,0.956,0.956,0.968,0.95,0.958,0.002,0.2092,5216.0,501.709
512200.SH,20190816,0.798,0.798,0.805,0.798,0.799,0.001,0.1253,10671.0,855.463
512800.SH,20190816,1.047,1.046,1.049,1.04,1.045,-0.002,-0.191,850380.0,88946.402
512400.SH,20190816,0.654,0.655,0.662,0.652,0.657,0.003,0.4587,607442.99,39908.743
512570.SH,20190816,0.846,0.846,0.862,0.846,0.852,0.006,0.7092,6106.0,522.115
511260.SH,20190816,108.566,108.566,108.6,108.374,108.43,-0.136,-0.1253,579.0,6279.258
511670.SH,20190816,99.997,100.003,100.009,100.003,100.008,0.011,0.011,687.95,6879.849
501043.SH,20190816,1.015,1.015,1.02,1.015,1.02,0.005,0.4926,884.0,90.064
501047.SH,20190816,0.908,0.909,0.913,0.908,0.908,0.0,0.0,53.0,4.813
501106.SH,20190816,1.169,1.175,1.175,1.17,1.173,0.004,0.3422,11.0,1.29
501049.SH,20190816,0.916,0.917,0.923,0.907,0.917,0.001,0.1092,13183.02,1211.732
510800.SH,20190816,1.027,1.026,1.038,1.02,1.029,0.002,0.1947,64106.0,6618.662
510390.SH,20190816,3.824,3.84,3.87,3.814,3.837,0.013,0.34,50695.29,19429.924
501053.SH,20190816,1.024,1.026,1.026,1.026,1.026,0.002,0.1953,150.0,15.39
501054.SH,20190816,0.904,0.901,0.913,0.901,0.91,0.006,0.6637,29928.22,2720.607
512160.SH,20190816,1.044,1.036,1.055,1.036,1.048,0.004,0.3831,296654.0,31084.69
512520.SH,20190816,1.028,1.029,1.04,1.025,1.033,0.005,0.4864,30353.08,3139.402
512780.SH,20190816,0.716,0.716,0.72,0.716,0.717,0.001,0.1397,14615.0,1051.363
512280.SH,20190816,1.01,1.003,1.021,1.003,1.014,0.004,0.396,765600.0,77429.585
512770.SH,20190816,0.981,0.984,0.99,0.977,0.985,0.004,0.4077,17789.0,1748.068
512850.SH,20190816,0.997,1.0,1.008,1.0,1.007,0.01,1.003,10307.0,1038.884
501060.SH,20190816,1.159,1.176,1.179,1.176,1.179,0.02,1.7256,423.0,49.805
501061.SH,20190816,1.165,1.165,1.172,1.164,1.164,-0.001,-0.0858,123.0,14.336
512860.SH,20190816,1.182,1.183,1.195,1.183,1.189,0.007,0.5922,1778.0,211.869
501310.SH,20190816,0.933,0.93,0.937,0.927,0.935,0.002,0.2144,931.0,86.872
512950.SH,20190816,0.955,0.955,0.964,0.954,0.957,0.002,0.2094,87764.0,8413.439
512920.SH,20190816,1.164,1.157,1.16,1.157,1.16,-0.004,-0.3436,213.0,24.645
150191.SZ,20190816,1.238,1.114,1.285,1.114,1.245,0.007,0.5654,7.07,0.845
150194.SZ,20190816,1.009,1.008,1.011,1.008,1.01,0.001,0.0991,40127.7,4051.755
150195.SZ,20190816,0.779,0.776,0.8,0.771,0.785,0.006,0.7702,205145.48,16116.584
150192.SZ,20190816,1.03,1.03,1.03,1.03,1.03,0.0,0.0,29.0,2.987
150193.SZ,20190816,0.995,0.959,1.01,0.959,1.01,0.015,1.5075,2338.8,232.323
169101.SZ,20190816,1.395,1.395,1.406,1.39,1.403,0.008,0.5735,8307.56,1164.196
150198.SZ,20190816,1.011,1.011,1.013,1.01,1.013,0.002,0.1978,26427.34,2672.389
150199.SZ,20190816,1.034,1.021,1.086,1.021,1.065,0.031,2.9981,44017.46,4673.298
512300.SH,20190816,1.035,1.03,1.054,1.03,1.049,0.014,1.3527,19911.0,2078.118
511220.SH,20190816,96.483,96.492,96.618,96.492,96.57,0.087,0.0902,235.0,2269.175
150200.SZ,20190816,1.011,1.01,1.012,1.009,1.011,0.0,0.0,103161.18,10431.518
150201.SZ,20190816,1.035,1.031,1.07,1.025,1.04,0.005,0.4831,2135106.17,224087.131
150205.SZ,20190816,1.012,1.011,1.014,1.011,1.012,0.0,0.0,250398.83,25361.733
150206.SZ,20190816,0.471,0.471,0.48,0.468,0.472,0.001,0.2123,447492.76,21251.966
159938.SZ,20190816,1.241,1.241,1.26,1.24,1.252,0.011,0.8864,149736.0,18761.881
150207.SZ,20190816,1.002,1.007,1.007,1.006,1.007,0.005,0.499,22.0,2.215
160813.SZ,20190816,0.76,0.765,0.772,0.765,0.769,0.009,1.1842,4652.25,357.768
150173.SZ,20190816,1.005,1.007,1.008,1.007,1.008,0.003,0.2985,6353.97,639.887
511810.SH,20190816,99.993,100.0,100.006,99.999,100.002,0.009,0.009,65977.45,659783.804
511860.SH,20190816,99.994,100.0,100.002,99.997,100.002,0.008,0.008,943.56,9435.5
150204.SZ,20190816,0.776,0.743,0.787,0.743,0.787,0.011,1.4175,3.95,0.309
150203.SZ,20190816,1.003,1.003,1.006,1.003,1.006,0.003,0.2991,206.0,20.664
511800.SH,20190816,99.994,100.001,100.002,99.997,100.0,0.006,0.006,810.26,8102.619
150209.SZ,20190816,1.01,1.01,1.011,1.008,1.011,0.001,0.099,37901.53,3828.205
150210.SZ,20190816,0.628,0.627,0.637,0.624,0.631,0.003,0.4777,16167.36,1021.718
160618.SZ,20190816,1.322,1.322,1.323,1.321,1.321,-0.001,-0.0756,58629.74,7751.113
513660.SH,20190816,2.424,2.416,2.456,2.416,2.447,0.023,0.9488,550.0,134.429
513600.SH,20190816,2.459,2.459,2.499,2.456,2.495,0.036,1.464,3454.64,857.937
159005.SZ,20190816,100.0,100.0,100.001,100.0,100.0,0.0,0.0,29662.52,296625.215
159939.SZ,20190816,0.944,0.936,0.963,0.936,0.953,0.009,0.9534,863119.65,82179.739
169102.SZ,20190816,1.006,0.997,1.014,0.996,1.009,0.003,0.2982,2054.4,207.13
160919.SZ,20190816,1.209,1.201,1.23,1.201,1.22,0.011,0.9098,2502.0,305.258
512990.SH,20190816,1.125,1.126,1.137,1.121,1.128,0.003,0.2667,206970.0,23447.274
159940.SZ,20190816,0.972,0.98,1.0,0.978,0.98,0.008,0.823,2447.0,240.002
150213.SZ,20190816,1.011,1.013,1.014,1.013,1.014,0.003,0.2967,7304.0,740.555
150214.SZ,20190816,1.111,1.126,1.14,1.126,1.14,0.029,2.6103,408.98,46.415
150215.SZ,20190816,1.013,1.073,1.073,1.013,1.014,0.001,0.0987,145.46,14.75
150216.SZ,20190816,0.768,0.777,0.811,0.777,0.795,0.027,3.5156,3024.05,242.426
161716.SZ,20190816,1.269,1.267,1.271,1.267,1.27,0.001,0.0788,6571.05,834.11
150135.SZ,20190816,1.027,1.029,1.029,1.029,1.029,0.002,0.1947,309.0,31.796
150136.SZ,20190816,1.041,1.046,1.069,1.045,1.069,0.028,2.6897,270.0,28.387
150218.SZ,20190816,0.876,0.81,0.862,0.804,0.862,-0.014,-1.5982,36.31,2.946
150211.SZ,20190816,1.021,1.033,1.033,1.022,1.024,0.003,0.2938,11869.35,1214.837
150212.SZ,20190816,0.84,0.85,0.858,0.85,0.851,0.011,1.3095,3800.72,324.645
150223.SZ,20190816,1.032,1.033,1.035,1.032,1.033,0.001,0.0969,150497.19,15549.639
150224.SZ,20190816,0.774,0.771,0.798,0.769,0.778,0.004,0.5168,265240.85,20806.867
161224.SZ,20190816,0.96,0.921,0.986,0.921,0.966,0.006,0.625,134.0,12.856
150196.SZ,20190816,1.027,1.027,1.029,1.027,1.028,0.001,0.0974,195663.7,20108.727
150197.SZ,20190816,0.492,0.493,0.5,0.491,0.493,0.001,0.2033,825182.98,40896.059
150221.SZ,20190816,1.054,1.054,1.057,1.054,1.057,0.003,0.2846,46935.94,4956.2
150222.SZ,20190816,0.893,0.888,0.902,0.888,0.891,-0.002,-0.224,9276.84,831.688
512310.SH,20190816,0.453,0.449,0.456,0.449,0.453,0.0,0.0,1437.0,65.125
502048.SH,20190816,0.925,0.923,0.934,0.923,0.928,0.003,0.3243,4700.03,436.012
502049.SH,20190816,0.995,0.994,0.996,0.994,0.996,0.001,0.1005,26071.96,2594.935
502050.SH,20190816,0.86,0.855,0.875,0.85,0.86,0.0,0.0,62287.45,5381.397
512340.SH,20190816,0.69,0.69,0.695,0.69,0.693,0.003,0.4348,1289.0,89.522
150220.SZ,20190816,0.72,0.717,0.739,0.714,0.731,0.011,1.5278,15666.0,1144.084
166011.SZ,20190816,1.299,1.31,1.31,1.31,1.31,0.011,0.8468,116.0,15.196
512500.SH,20190816,2.365,2.358,2.391,2.355,2.372,0.007,0.296,628988.0,149454.678
150227.SZ,20190816,1.016,1.016,1.017,1.015,1.016,0.0,0.0,125492.0,12750.104
150228.SZ,20190816,0.877,0.877,0.89,0.871,0.88,0.003,0.3421,204337.86,18019.802
512510.SH,20190816,1.03,1.028,1.041,1.026,1.033,0.003,0.2913,121013.0,12524.755
150229.SZ,20190816,0.986,0.988,0.997,0.986,0.992,0.006,0.6085,3556.5,351.573
150230.SZ,20190816,1.399,1.421,1.421,1.367,1.396,-0.003,-0.2144,544.87,75.295
161225.SZ,20190816,1.24,1.248,1.256,1.247,1.256,0.016,1.2903,961.0,120.147
150231.SZ,20190816,0.986,0.986,0.992,0.986,0.992,0.006,0.6085,2064.73,204.643
150232.SZ,20190816,0.817,0.805,0.858,0.805,0.844,0.027,3.3048,12722.66,1064.695
150226.SZ,20190816,1.365,1.364,1.364,1.36,1.36,-0.005,-0.3663,4.0,0.544
150235.SZ,20190816,0.995,0.996,0.996,0.996,0.996,0.001,0.1005,123.35,12.285
150236.SZ,20190816,0.897,0.861,0.908,0.861,0.9,0.003,0.3344,1285.23,115.68
164906.SZ,20190816,1.117,1.13,1.13,1.102,1.128,0.011,0.9848,1397.0,156.767
150248.SZ,20190816,0.784,0.8,0.8,0.8,0.8,0.016,2.0408,2.0,0.16
150250.SZ,20190816,1.227,1.22,1.22,1.104,1.197,-0.03,-2.445,450.0,52.146
510710.SH,20190816,3.134,3.136,3.171,3.125,3.145,0.011,0.351,92503.0,29071.343
150252.SZ,20190816,0.731,0.71,0.736,0.702,0.735,0.004,0.5472,95.0,6.807
150265.SZ,20190816,1.022,1.033,1.033,1.024,1.033,0.011,1.0763,650.94,67.221
150266.SZ,20190816,0.829,0.821,0.839,0.821,0.825,-0.004,-0.4825,3345.09,276.76
150274.SZ,20190816,1.095,1.052,1.182,1.052,1.182,0.087,7.9452,11.32,1.229
159943.SZ,20190816,9.7,9.78,9.92,9.757,9.78,0.08,0.8247,282.47,278.817
150261.SZ,20190816,1.028,1.03,1.03,1.028,1.029,0.001,0.0973,1565.0,161.038
150262.SZ,20190816,0.934,0.93,0.958,0.923,0.947,0.013,1.3919,1954.83,185.445
510560.SH,20190816,1.013,1.015,1.02,1.015,1.02,0.007,0.691,273.0,27.835
502013.SH,20190816,1.056,1.056,1.063,1.049,1.06,0.004,0.3788,7145.64,756.049
502014.SH,20190816,1.017,1.016,1.018,1.016,1.018,0.001,0.0983,3326.75,338.505
502015.SH,20190816,1.114,1.088,1.124,1.088,1.118,0.004,0.3591,2120.5,235.878
502020.SH,20190816,1.07,1.069,1.069,1.069,1.069,-0.001,-0.0935,3.0,0.321
150275.SZ,20190816,1.007,1.008,1.008,1.008,1.008,0.001,0.0993,281.0,28.324
150276.SZ,20190816,1.061,1.063,1.085,1.042,1.061,0.0,0.0,214.89,22.831
150269.SZ,20190816,0.984,0.983,0.985,0.983,0.985,0.001,0.1016,13065.43,1285.541
150270.SZ,20190816,1.275,1.26,1.291,1.246,1.252,-0.023,-1.8039,128604.44,16434.561
150259.SZ,20190816,0.983,0.987,0.987,0.987,0.987,0.004,0.4069,499.87,49.337
150257.SZ,20190816,0.984,0.985,0.989,0.985,0.988,0.004,0.4065,557.01,55.023
150258.SZ,20190816,1.127,1.014,1.239,1.014,1.17,0.043,3.8154,538.3,63.278
150255.SZ,20190816,0.987,0.988,0.989,0.988,0.988,0.001,0.1013,6570.0,649.273
150279.SZ,20190816,1.0,1.033,1.08,1.033,1.069,0.069,6.9,1.0,0.106
150280.SZ,20190816,0.988,0.92,0.928,0.92,0.928,-0.06,-6.0729,11.45,1.061
150277.SZ,20190816,1.02,1.023,1.023,1.023,1.023,0.003,0.2941,621.66,63.595
150278.SZ,20190816,0.695,0.7,0.708,0.658,0.658,-0.037,-5.3237,40.92,2.862
159941.SZ,20190816,1.715,1.725,1.725,1.707,1.717,0.002,0.1166,3558.0,609.54
150271.SZ,20190816,1.003,1.008,1.009,1.008,1.008,0.005,0.4985,191.0,19.263
150272.SZ,20190816,1.175,1.26,1.266,1.06,1.06,-0.115,-9.7872,245.01,30.56
150264.SZ,20190816,1.507,1.356,1.356,1.356,1.356,-0.151,-10.0199,186.0,25.221
160806.SZ,20190816,1.337,1.346,1.366,1.346,1.357,0.02,1.4959,14.28,1.94
150281.SZ,20190816,1.015,1.018,1.018,1.016,1.016,0.001,0.0985,10392.52,1057.958
150282.SZ,20190816,0.751,0.737,0.737,0.737,0.737,-0.014,-1.8642,5.0,0.368
150293.SZ,20190816,1.024,1.025,1.025,1.025,1.025,0.001,0.0977,6.0,0.615
150294.SZ,20190816,0.432,0.47,0.47,0.47,0.47,0.038,8.7963,8.0,0.376
150243.SZ,20190816,1.01,1.01,1.013,1.01,1.012,0.002,0.198,9992.0,1009.924
150244.SZ,20190816,1.098,1.098,1.128,1.098,1.112,0.014,1.275,8811.59,982.189
150295.SZ,20190816,1.018,1.018,1.018,1.018,1.018,0.0,0.0,261.0,26.569
150287.SZ,20190816,1.025,1.026,1.028,1.026,1.026,0.001,0.0976,2173.0,222.95
150288.SZ,20190816,0.677,0.67,0.678,0.667,0.673,-0.004,-0.5908,19739.0,1327.476
150289.SZ,20190816,1.027,1.027,1.028,1.027,1.027,0.0,0.0,1414.94,145.445
150290.SZ,20190816,0.692,0.692,0.698,0.69,0.691,-0.001,-0.1445,14669.18,1016.869
150301.SZ,20190816,1.025,1.026,1.026,1.026,1.026,0.001,0.0976,170.0,17.442
150302.SZ,20190816,0.751,0.751,0.762,0.735,0.75,-0.001,-0.1332,1363.54,102.426
150299.SZ,20190816,1.028,1.028,1.029,1.028,1.029,0.001,0.0973,32354.45,3326.859
150300.SZ,20190816,0.699,0.699,0.704,0.692,0.701,0.002,0.2861,19006.0,1326.924
150315.SZ,20190816,1.01,1.019,1.019,1.019,1.019,0.009,0.8911,50.0,5.095
150316.SZ,20190816,1.259,1.25,1.279,1.25,1.27,0.011,0.8737,53.7,6.818
150291.SZ,20190816,1.026,1.026,1.027,1.026,1.026,0.0,0.0,9640.0,989.471
150292.SZ,20190816,0.735,0.72,0.739,0.72,0.737,0.002,0.2721,26.0,1.894
150245.SZ,20190816,1.019,1.039,1.04,1.039,1.04,0.021,2.0608,798.0,82.983
150246.SZ,20190816,0.771,0.78,0.813,0.78,0.797,0.026,3.3722,1400.0,113.165
150283.SZ,20190816,0.982,0.984,0.986,0.984,0.985,0.003,0.3055,6912.0,680.631
150284.SZ,20190816,0.68,0.7,0.71,0.7,0.701,0.021,3.0882,1010.33,70.847
150307.SZ,20190816,1.003,1.01,1.01,1.004,1.01,0.007,0.6979,173.13,17.484
150308.SZ,20190816,1.328,1.364,1.364,1.363,1.364,0.036,2.7108,172.0,23.46
502006.SH,20190816,0.94,0.931,0.949,0.931,0.933,-0.007,-0.7447,37.8,3.542
502008.SH,20190816,0.895,0.897,0.897,0.89,0.89,-0.005,-0.5587,100.89,9.049
501000.SH,20190816,0.934,0.893,0.947,0.893,0.947,0.013,1.3919,15.0,1.394
150321.SZ,20190816,1.06,1.058,1.06,1.058,1.06,0.0,0.0,1671.77,176.886
150311.SZ,20190816,1.004,1.004,1.009,1.004,1.009,0.005,0.498,78.64,7.934
150312.SZ,20190816,1.192,1.311,1.311,1.128,1.289,0.097,8.1376,148.0,16.728
501001.SH,20190816,0.995,1.009,1.022,1.009,1.016,0.021,2.1106,1685.0,172.119
512330.SH,20190816,0.773,0.768,0.788,0.767,0.78,0.007,0.9056,85121.0,6646.761
159945.SZ,20190816,0.62,0.613,0.637,0.613,0.619,-0.001,-0.1613,330.0,20.527
159944.SZ,20190816,0.678,0.669,0.679,0.669,0.678,0.0,0.0,148.0,9.986
150297.SZ,20190816,1.04,1.047,1.047,1.04,1.041,0.001,0.0962,73.72,7.708
