ts_code,trade_date,open,high,low,close,pre_close,change,pct_chg,vol,amount
000503.SZ,20050824,11.65,11.85,11.46,11.84,11.7,0.14,1.2,147953.3,172954.6927
600874.SH,20050824,3.9,4.08,3.88,4.08,3.88,0.2,5.15,70486.27,28217.032
600329.SH,20050824,5.3,5.39,5.21,5.3,5.3,0.0,0.0,11596.76,6166.812
000517.SZ,20050824,3.9,4.04,3.87,3.98,3.96,0.02,0.51,51848.52,20546.679
600654.SH,20050824,2.58,2.62,2.51,2.56,2.58,-0.02,-0.78,64352.31,16428.621
600126.SH,20050824,4.87,4.88,4.8,4.84,4.83,0.01,0.21,12693.97,6126.809
000528.SZ,20050824,4.35,4.41,4.29,4.33,4.35,-0.02,-0.46,12750.02,5529.6518
000913.SZ,20050824,2.65,2.66,2.56,2.6,2.64,-0.04,-1.52,19933.87,5176.2273
600584.SH,20050824,5.53,5.73,5.46,5.5,5.45,0.05,0.92,13691.33,7605.982
600150.SH,20050824,10.7,10.88,10.63,10.77,10.76,0.01,0.09,3408.8,3663.03
600967.SH,20050824,4.35,4.38,4.26,4.31,4.31,0.0,0.0,3098.21,1340.224
000731.SZ,20050824,8.22,8.35,8.21,8.25,8.22,0.03,0.37,10666.52,8817.5285
600121.SH,20050824,2.92,2.97,2.85,2.96,2.93,0.03,1.02,46483.23,13525.772
600801.SH,20050824,4.02,4.23,3.92,4.15,4.06,0.09,2.22,19083.16,7846.872
002042.SZ,20050824,5.25,5.43,5.25,5.36,5.21,0.15,2.88,27296.67,14620.5855
000585.SZ,20050824,2.05,2.1,1.98,2.08,2.08,0.0,0.0,42824.85,8718.0479
600764.SH,20050824,3.52,3.56,3.45,3.55,3.48,0.07,2.01,10504.23,3682.282
000729.SZ,20050824,6.96,7.05,6.94,7.0,6.98,0.02,0.29,10710.34,7495.1582
600486.SH,20050824,7.19,7.2,7.03,7.2,7.05,0.15,2.13,5445.33,3885.352
600309.SH,20050824,12.01,12.29,12.0,12.07,12.03,0.04,0.33,11710.5,14194.642
600287.SH,20050824,2.71,2.74,2.67,2.73,2.71,0.02,0.74,8141.52,2201.61
600864.SH,20050824,5.35,5.83,5.3,5.83,5.3,0.53,10.0,36616.44,21115.824
000573.SZ,20050824,2.26,2.32,2.25,2.28,2.26,0.02,0.89,10185.0,2323.873
002039.SZ,20050824,7.52,7.61,7.44,7.5,7.42,0.08,1.08,6312.8,4758.2625
600555.SH,20050824,3.26,3.38,3.22,3.33,3.24,0.09,2.78,16950.0,5624.083
600169.SH,20050824,4.65,4.65,4.48,4.61,4.65,-0.04,-0.86,45835.6,20869.701
000030.SZ,20050824,1.35,1.4,1.3,1.36,1.35,0.01,0.74,16180.68,2178.0465
000981.SZ,20050824,4.08,4.17,4.08,4.14,4.12,0.02,0.49,4220.87,1741.4814
000982.SZ,20050824,2.47,2.54,2.46,2.52,2.47,0.05,2.02,4691.07,1172.3021
600774.SH,20050824,4.9,4.97,4.86,4.92,4.91,0.01,0.2,10984.51,5386.586
600217.SH,20050824,1.67,1.71,1.67,1.7,1.68,0.02,1.19,45425.52,7699.813
600300.SH,20050824,2.86,2.9,2.83,2.86,2.86,0.0,0.0,12454.2,3558.085
600842.SH,20050824,2.86,2.96,2.8,2.95,2.89,0.06,2.08,13926.15,4019.923
600058.SH,20050824,6.7,6.85,6.68,6.74,6.68,0.06,0.9,49968.34,33798.763
600871.SH,20050824,2.42,2.48,2.38,2.46,2.37,0.09,3.8,44466.47,10805.483
000159.SZ,20050824,4.09,4.23,4.05,4.2,4.15,0.05,1.2,8683.24,3632.6858
600213.SH,20050824,2.2,2.28,2.15,2.26,2.2,0.06,2.73,13031.02,2875.985
000821.SZ,20050824,2.76,2.79,2.73,2.77,2.74,0.03,1.09,8745.91,2414.5089
600036.SH,20050824,6.63,6.83,6.62,6.72,6.65,0.07,1.05,401583.41,271710.076
000897.SZ,20050824,2.75,2.76,2.66,2.7,2.73,-0.03,-1.1,13481.71,3648.805
002022.SZ,20050824,14.15,14.45,13.9,14.17,13.99,0.18,1.29,11865.4,16874.5834
002024.SZ,20050824,29.72,29.99,28.87,29.18,29.7,-0.52,-1.75,5994.76,17610.5412
600090.SH,20050824,3.13,3.25,3.02,3.18,3.15,0.03,0.95,31222.0,9807.278
600992.SH,20050824,4.1,4.19,4.1,4.17,4.14,0.03,0.72,5051.93,2103.952
600831.SH,20050824,6.56,6.65,6.48,6.6,6.52,0.08,1.23,18862.02,12372.996
600127.SH,20050824,2.18,2.2,2.13,2.18,2.2,-0.02,-0.91,15347.44,3320.33
600216.SH,20050824,4.81,4.88,4.76,4.82,4.8,0.02,0.42,29788.48,14331.84
600760.SH,20050824,1.95,1.97,1.88,1.93,1.94,-0.01,-0.52,12562.0,2402.544
600060.SH,20050824,5.86,5.86,5.74,5.83,5.78,0.05,0.87,23119.89,13440.653
600965.SH,20050824,2.46,2.5,2.42,2.47,2.46,0.01,0.41,16593.27,4080.294
600549.SH,20050824,11.06,11.25,11.0,11.13,11.06,0.07,0.63,2417.0,2678.175
600051.SH,20050824,3.54,3.62,3.53,3.58,3.53,0.05,1.42,4002.0,1431.422
000415.SZ,20050824,3.09,3.2,3.09,3.14,3.13,0.01,0.32,6812.37,2137.9264
600535.SH,20050824,12.79,13.07,12.79,13.0,12.79,0.21,1.64,8789.21,11404.216
600753.SH,20050824,3.03,3.18,2.92,3.09,3.03,0.06,1.98,12619.28,3840.954
000652.SZ,20050824,3.31,3.31,3.23,3.26,3.32,-0.06,-1.81,44247.86,14436.0885
600330.SH,20050824,3.6,3.62,3.54,3.6,3.58,0.02,0.56,49697.28,17785.477
000532.SZ,20050824,3.35,3.45,3.35,3.45,3.37,0.08,2.37,27305.47,9299.5946
000925.SZ,20050824,5.85,6.28,5.8,6.11,5.88,0.23,3.91,11612.06,7049.863
002031.SZ,20050824,9.02,9.26,8.92,9.01,9.0,0.01,0.11,14267.89,12982.7153
600100.SH,20050824,10.85,11.5,10.85,11.29,10.85,0.44,4.06,78434.49,88531.144
600485.SH,20050824,5.67,5.95,5.52,5.79,5.76,0.03,0.52,26745.34,15380.712
000890.SZ,20050824,3.0,3.05,2.96,3.0,3.01,-0.01,-0.33,22881.85,6878.2428
600702.SH,20050824,3.5,3.55,3.47,3.51,3.51,0.0,0.0,10634.62,3730.569
000893.SZ,20050824,2.66,2.73,2.66,2.71,2.66,0.05,1.88,5895.24,1589.2846
000042.SZ,20050824,6.66,6.85,6.66,6.78,6.66,0.12,1.8,6393.41,4321.3846
600736.SH,20050824,4.52,4.53,4.41,4.45,4.47,-0.02,-0.45,4499.94,2014.919
000968.SZ,20050824,5.5,5.69,5.49,5.56,5.5,0.06,1.09,38955.99,21752.8265
000726.SZ,20050824,8.05,8.15,7.88,7.96,8.03,-0.07,-0.87,27288.25,21836.903
600203.SH,20050824,3.88,3.94,3.83,3.91,3.88,0.03,0.77,12603.09,4897.918
600004.SH,20050824,8.2,8.3,8.12,8.2,8.2,0.0,0.0,28187.66,23098.09
600405.SH,20050824,5.44,5.53,5.38,5.53,5.37,0.16,2.98,8009.06,4377.931
600979.SH,20050824,4.57,4.62,4.55,4.59,4.55,0.04,0.88,9808.41,4493.22
600257.SH,20050824,2.5,2.54,2.49,2.52,2.51,0.01,0.4,4449.5,1120.555
600689.SH,20050824,3.35,3.64,3.3,3.6,3.35,0.25,7.46,48569.93,17117.775
000750.SZ,20050824,2.25,2.38,2.23,2.34,2.27,0.07,3.08,47745.05,11012.2403
000605.SZ,20050824,4.39,4.81,4.37,4.81,4.37,0.44,10.07,12826.26,6011.2034
000785.SZ,20050824,3.32,3.35,3.22,3.29,3.32,-0.03,-0.9,14790.26,4850.0688
000569.SZ,20050824,2.01,2.02,1.98,2.02,2.04,-0.02,-0.98,13777.72,2755.3775
000895.SZ,20050824,13.93,14.1,13.8,14.02,13.93,0.09,0.65,15553.01,21606.8007
000963.SZ,20050824,4.63,4.73,4.6,4.67,4.67,0.0,0.0,15216.34,7078.6906
600425.SH,20050824,3.98,4.12,3.91,4.06,4.01,0.05,1.25,33737.9,13594.795
000068.SZ,20050824,4.7,4.81,4.7,4.76,4.74,0.02,0.42,33809.1,16104.5419
600033.SH,20050824,8.51,8.59,8.45,8.56,8.53,0.03,0.35,7036.4,5991.278
600797.SH,20050824,3.67,3.74,3.62,3.72,3.68,0.04,1.09,115948.65,42609.471
600515.SH,20050824,1.43,1.48,1.39,1.44,1.45,-0.01,-0.69,45580.65,6500.664
600197.SH,20050824,3.31,3.39,3.31,3.39,3.34,0.05,1.5,7746.98,2597.947
000908.SZ,20050824,1.99,2.07,1.97,2.06,1.97,0.09,4.57,24475.1,4949.9872
000572.SZ,20050824,5.42,5.5,5.36,5.4,5.44,-0.04,-0.74,7643.93,4146.5774
000587.SZ,20050824,2.77,2.82,2.71,2.73,2.77,-0.04,-1.44,5859.32,1624.3546
600578.SH,20050824,4.91,5.06,4.91,5.01,4.91,0.1,2.04,13563.51,6768.018
000793.SZ,20050824,3.15,3.2,3.15,3.17,3.16,0.01,0.32,16081.8,5099.0854
600706.SH,20050824,4.65,4.73,4.61,4.72,4.65,0.07,1.51,14134.88,6605.771
600680.SH,20050824,6.0,6.13,5.73,6.13,5.57,0.56,10.05,15539.87,9349.359
600343.SH,20050824,3.55,3.58,3.46,3.54,3.54,0.0,0.0,9404.95,3319.38
600463.SH,20050824,5.44,5.64,5.35,5.61,5.5,0.11,2.0,13702.93,7524.34
000421.SZ,20050824,2.51,2.57,2.5,2.54,2.51,0.03,1.2,14453.04,3657.2007
000539.SZ,20050824,5.36,5.51,5.35,5.46,5.35,0.11,2.06,49015.68,26764.696
600572.SH,20050824,5.89,5.98,5.88,5.95,5.85,0.1,1.71,3880.99,2302.887
000511.SZ,20050824,3.79,3.82,3.74,3.79,3.74,0.05,1.34,22164.46,8376.0201
600501.SH,20050824,4.07,4.13,4.02,4.11,4.07,0.04,0.98,1679.31,682.15
600525.SH,20050824,10.31,10.53,10.3,10.46,10.36,0.1,0.97,1973.6,2058.954
600588.SH,20050824,19.0,19.0,18.41,18.79,18.63,0.16,0.86,2811.17,5268.335
000673.SZ,20050824,2.98,3.05,2.98,3.02,3.0,0.02,0.67,3643.05,1098.3871
600285.SH,20050824,4.86,4.96,4.86,4.96,4.89,0.07,1.43,4246.1,2085.377
000833.SZ,20050824,3.15,3.26,3.1,3.22,3.13,0.09,2.88,31613.56,10111.043
600679.SH,20050824,4.12,4.52,4.02,4.52,4.11,0.41,9.98,68420.64,30461.883
600587.SH,20050824,5.15,5.2,5.08,5.17,5.11,0.06,1.17,7424.6,3821.562
000527.SZ,20050824,5.41,5.47,5.33,5.46,5.4,0.06,1.11,19056.61,10324.8545
600684.SH,20050824,3.09,3.1,3.03,3.07,3.06,0.01,0.33,3843.88,1178.084
600388.SH,20050824,5.48,5.64,5.45,5.55,5.52,0.03,0.54,6310.0,3507.267
000651.SZ,20050824,10.8,10.98,10.75,10.82,10.65,0.17,1.6,15791.86,17121.5399
000988.SZ,20050824,5.59,5.66,5.53,5.61,5.59,0.02,0.36,7024.96,3927.8906
600141.SH,20050824,4.29,4.34,4.27,4.34,4.29,0.05,1.17,3752.32,1616.417
000875.SZ,20050824,3.07,3.12,3.06,3.09,3.09,0.0,0.0,28351.0,8766.9804
000923.SZ,20050824,2.35,2.39,2.31,2.37,2.35,0.02,0.85,8809.91,2074.3821
000502.SZ,20050824,3.92,4.01,3.9,3.95,3.93,0.02,0.51,9336.31,3684.1483
600328.SH,20050824,5.35,5.55,5.31,5.48,5.31,0.17,3.2,68773.46,37513.252
000778.SZ,20050824,7.24,7.32,7.21,7.25,7.24,0.01,0.14,7911.14,5749.8934
600301.SH,20050824,5.2,5.34,5.15,5.28,5.2,0.08,1.54,5505.35,2903.77
000608.SZ,20050824,5.22,5.28,5.14,5.17,5.2,-0.03,-0.58,14152.87,7358.2277
600791.SH,20050824,3.8,3.89,3.79,3.87,3.82,0.05,1.31,1519.53,584.867
600650.SH,20050824,8.55,9.1,8.55,9.03,8.57,0.46,5.37,13324.96,11883.006
000965.SZ,20050824,2.45,2.48,2.43,2.48,2.45,0.03,1.22,8164.26,2007.7418
600606.SH,20050824,4.15,4.24,4.1,4.22,4.12,0.1,2.43,17185.69,7178.796
600435.SH,20050824,5.26,5.45,5.24,5.44,5.25,0.19,3.62,7382.16,3966.756
600228.SH,20050824,2.59,2.66,2.59,2.64,2.6,0.04,1.54,16162.83,4238.839
600110.SH,20050824,5.43,5.55,5.39,5.48,5.44,0.04,0.74,36481.29,19950.407
600085.SH,20050824,19.16,19.37,19.16,19.32,19.11,0.21,1.1,3831.63,7390.021
000603.SZ,20050824,2.66,2.72,2.58,2.64,2.67,-0.03,-1.12,2695.92,714.0889
000422.SZ,20050824,5.4,5.47,5.33,5.42,5.37,0.05,0.93,16022.84,8659.9212
000533.SZ,20050824,2.37,2.39,2.31,2.38,2.38,0.0,0.0,21582.01,5075.167
600616.SH,20050824,10.99,11.33,10.99,11.26,10.99,0.27,2.46,17589.02,19699.138
600184.SH,20050824,4.62,4.72,4.55,4.58,4.66,-0.08,-1.72,7063.14,3260.79
000586.SZ,20050824,3.16,3.22,3.12,3.22,3.16,0.06,1.9,8263.79,2631.0075
600180.SH,20050824,4.25,4.36,4.24,4.32,4.24,0.08,1.89,23911.25,10283.616
600459.SH,20050824,6.08,6.17,6.05,6.13,6.09,0.04,0.66,4201.25,2562.735
600611.SH,20050824,5.63,5.83,5.61,5.74,5.63,0.11,1.95,12785.39,7332.045
600397.SH,20050824,4.21,4.26,4.18,4.23,4.21,0.02,0.48,8103.76,3417.269
600569.SH,20050824,2.47,2.52,2.47,2.49,2.49,0.0,0.0,42751.01,10633.444
600069.SH,20050824,2.94,3.01,2.87,2.97,3.04,-0.07,-2.3,66714.46,19578.747
600370.SH,20050824,6.12,6.12,6.04,6.1,6.05,0.05,0.83,4004.75,2437.758
000058.SZ,20050824,3.31,3.47,3.3,3.42,3.31,0.11,3.32,14017.18,4766.2701
000757.SZ,20050824,2.19,2.24,2.16,2.23,2.2,0.03,1.36,39981.88,8774.0369
000676.SZ,20050824,3.5,3.62,3.49,3.56,3.49,0.07,2.01,30190.34,10722.5607
600579.SH,20050824,2.65,2.69,2.6,2.64,2.62,0.02,0.76,12483.73,3299.736
600983.SH,20050824,2.85,2.92,2.82,2.92,2.85,0.07,2.46,17262.21,4957.6
000554.SZ,20050824,2.89,2.99,2.89,2.97,2.91,0.06,2.06,56083.82,16534.7769
600198.SH,20050824,6.3,6.3,5.94,6.07,5.95,0.12,2.02,28188.56,17121.999
000848.SZ,20050824,3.43,3.46,3.4,3.43,3.44,-0.01,-0.29,4348.2,1490.7734
600379.SH,20050824,3.08,3.14,3.08,3.12,3.08,0.04,1.3,3500.04,1087.302
000839.SZ,20050824,10.3,10.57,10.21,10.35,10.25,0.1,0.98,31823.6,33071.9274
600737.SH,20050824,2.64,2.65,2.55,2.55,2.64,-0.09,-3.41,59883.0,15480.358
600734.SH,20050824,2.02,2.07,2.02,2.06,2.02,0.04,1.98,12782.45,2619.532
600262.SH,20050824,3.17,3.21,3.14,3.2,3.17,0.03,0.95,5568.8,1770.417
000728.SZ,20050824,2.61,2.66,2.56,2.63,2.63,0.0,0.0,11511.4,2999.6743
000518.SZ,20050824,1.47,1.5,1.46,1.49,1.48,0.01,0.68,104799.03,15583.5884
600836.SH,20050824,4.9,5.29,4.8,5.21,4.91,0.3,6.11,26461.3,13534.237
600478.SH,20050824,3.82,4.09,3.8,4.07,3.87,0.2,5.17,21898.15,8760.076
600762.SH,20050824,1.56,1.6,1.55,1.6,1.52,0.08,5.26,35467.65,5657.803
600562.SH,20050824,4.65,4.82,4.62,4.75,4.65,0.1,2.15,8070.73,3801.156
600838.SH,20050824,2.63,2.7,2.58,2.68,2.59,0.09,3.47,20621.19,5477.918
600835.SH,20050824,4.45,4.52,4.4,4.47,4.4,0.07,1.59,35631.97,15890.888
600530.SH,20050824,5.05,5.15,5.03,5.13,5.05,0.08,1.58,3100.96,1584.719
600527.SH,20050824,3.53,3.62,3.53,3.6,3.54,0.06,1.69,3870.8,1377.772
600010.SH,20050824,4.62,4.63,4.57,4.59,4.63,-0.04,-0.86,161487.07,74349.628
600609.SH,20050824,1.65,1.69,1.63,1.67,1.65,0.02,1.21,31622.43,5273.102
600966.SH,20050824,6.63,6.68,6.49,6.57,6.62,-0.05,-0.76,22999.39,15153.012
600521.SH,20050824,12.65,12.74,12.41,12.5,12.62,-0.12,-0.95,4319.5,5454.484
600005.SH,20050824,3.68,3.76,3.68,3.74,3.69,0.05,1.36,324021.2,120880.848
600488.SH,20050824,7.98,7.98,7.84,7.87,7.99,-0.12,-1.5,2466.6,1949.623
600765.SH,20050824,4.2,4.34,4.2,4.31,4.25,0.06,1.41,2990.6,1278.303
000153.SZ,20050824,3.18,3.21,3.1,3.11,3.12,-0.01,-0.32,15594.05,4885.2168
600895.SH,20050824,4.83,4.95,4.8,4.89,4.84,0.05,1.03,42449.3,20725.236
600031.SH,20050824,7.18,7.2,7.05,7.09,7.2,-0.11,-1.53,40953.99,29086.147
002025.SZ,20050824,22.1,22.4,21.93,22.25,22.1,0.15,0.68,6725.7,14915.4833
600284.SH,20050824,5.2,5.37,5.2,5.28,5.21,0.07,1.34,12179.55,6438.566
000411.SZ,20050824,4.63,4.7,4.48,4.54,4.63,-0.09,-1.94,1503.0,685.8077
000559.SZ,20050824,3.42,3.5,3.36,3.45,3.41,0.04,1.17,175878.87,60315.1533
600982.SH,20050824,4.13,4.19,4.09,4.14,4.14,0.0,0.0,9594.04,3970.095
000613.SZ,20050824,1.27,1.33,1.27,1.33,1.27,0.06,4.72,23174.45,3061.2297
000524.SZ,20050824,2.65,2.69,2.61,2.67,2.61,0.06,2.3,7683.3,2032.5752
000901.SZ,20050824,3.77,3.8,3.59,3.68,3.75,-0.07,-1.87,19107.88,7007.1157
000933.SZ,20050824,15.18,15.5,15.13,15.39,15.18,0.21,1.38,23398.89,35868.2573
600422.SH,20050824,5.18,5.45,5.18,5.3,5.2,0.1,1.92,22217.75,11822.201
600148.SH,20050824,3.16,3.28,3.1,3.26,3.07,0.19,6.19,10655.67,3405.749
600351.SH,20050824,3.65,3.75,3.64,3.75,3.64,0.11,3.02,14934.97,5524.369
600641.SH,20050824,3.41,3.47,3.41,3.45,3.4,0.05,1.47,10594.39,3640.497
000628.SZ,20050824,2.93,2.99,2.9,2.97,2.94,0.03,1.02,7205.21,2119.3428
600659.SH,20050824,1.76,1.85,1.76,1.85,1.76,0.09,5.11,44793.6,8156.312
000522.SZ,20050824,4.18,4.28,4.15,4.23,4.16,0.07,1.68,23649.57,9976.8349
600226.SH,20050824,3.87,3.98,3.86,3.92,3.88,0.04,1.03,10615.08,4179.497
600163.SH,20050824,2.93,2.96,2.91,2.95,2.92,0.03,1.03,6594.98,1933.406
000912.SZ,20050824,6.48,6.62,6.48,6.6,6.46,0.14,2.17,23104.17,15189.9287
000043.SZ,20050824,5.15,5.99,5.15,5.84,5.63,0.21,3.73,7902.07,4561.9082
000151.SZ,20050824,3.18,3.31,3.18,3.3,3.14,0.16,5.1,47010.33,15355.9763
600469.SH,20050824,5.6,5.72,5.5,5.65,5.6,0.05,0.89,47065.79,26299.905
002049.SZ,20050824,11.38,11.77,11.38,11.57,11.38,0.19,1.67,9467.79,10988.5022
000776.SZ,20050824,2.62,2.69,2.62,2.65,2.65,0.0,0.0,12134.97,3216.695
600311.SH,20050824,3.6,3.84,3.6,3.83,3.57,0.26,7.28,39101.05,14637.734
000931.SZ,20050824,2.72,2.78,2.7,2.75,2.72,0.03,1.1,27852.08,7641.9791
600156.SH,20050824,1.93,1.98,1.9,1.93,1.94,-0.01,-0.52,17476.57,3368.529
600658.SH,20050824,2.95,3.01,2.91,2.97,2.98,-0.01,-0.34,18630.8,5511.101
600792.SH,20050824,6.17,6.27,6.12,6.19,6.11,0.08,1.31,7353.5,4561.312
600647.SH,20050824,9.9,10.39,9.85,10.39,9.85,0.54,5.48,626.7,637.592
000920.SZ,20050824,3.98,4.3,3.89,4.27,3.98,0.29,7.29,181851.7,74706.0737
000788.SZ,20050824,3.8,3.8,3.5,3.57,3.57,0.0,0.0,24686.74,8778.5166
600761.SH,20050824,6.05,6.11,6.0,6.02,5.97,0.05,0.84,7333.76,4429.031
000686.SZ,20050824,3.69,3.85,3.56,3.81,3.68,0.13,3.53,120845.81,44635.5343
600502.SH,20050824,3.47,3.51,3.43,3.48,3.47,0.01,0.29,7830.73,2717.917
000737.SZ,20050824,2.45,2.55,2.45,2.52,2.47,0.05,2.02,21279.45,5327.0008
600711.SH,20050824,6.42,7.1,6.4,6.94,6.45,0.49,7.6,9958.36,6857.988
600296.SH,20050824,3.93,4.01,3.93,3.94,3.93,0.01,0.25,8488.69,3364.179
000056.SZ,20050824,3.68,3.98,3.65,3.89,3.73,0.16,4.29,31397.64,12072.2445
000488.SZ,20050824,5.62,5.64,5.52,5.59,5.59,0.0,0.0,7746.93,4328.5631
000760.SZ,20050824,1.94,2.13,1.94,2.13,2.03,0.1,4.93,26613.79,5559.7185
600102.SH,20050824,4.47,4.5,4.43,4.43,4.48,-0.05,-1.12,11081.3,4940.285
600317.SH,20050824,9.64,9.78,9.62,9.71,9.65,0.06,0.62,5656.47,5483.984
600077.SH,20050824,3.55,3.62,3.5,3.59,3.56,0.03,0.84,5095.7,1812.451
600995.SH,20050824,6.42,6.51,6.4,6.46,6.43,0.03,0.47,11403.15,7363.459
000999.SZ,20050824,4.04,4.08,3.93,4.02,4.05,-0.03,-0.74,84077.46,33771.8061
000037.SZ,20050824,6.34,6.6,6.29,6.55,6.34,0.21,3.31,15385.29,9995.9893
600079.SH,20050824,3.09,3.17,3.07,3.13,3.09,0.04,1.29,18507.42,5760.306
000985.SZ,20050824,7.25,7.39,7.22,7.37,7.28,0.09,1.24,3097.43,2268.9576
600714.SH,20050824,4.66,4.85,4.45,4.75,4.67,0.08,1.71,9702.63,4553.135
600781.SH,20050824,2.81,2.85,2.78,2.83,2.79,0.04,1.43,8364.18,2349.395
000534.SZ,20050824,2.66,2.72,2.65,2.68,2.66,0.02,0.75,4664.19,1248.6763
600327.SH,20050824,4.8,4.95,4.8,4.9,4.79,0.11,2.3,16389.35,8021.742
600508.SH,20050824,9.79,9.88,9.71,9.79,9.72,0.07,0.72,12171.4,11923.914
600346.SH,20050824,3.62,3.77,3.6,3.76,3.64,0.12,3.3,5018.81,1851.116
000800.SZ,20050824,2.69,2.76,2.68,2.71,2.71,0.0,0.0,41721.32,11353.5851
000507.SZ,20050824,3.32,3.41,3.3,3.33,3.31,0.02,0.6,10473.03,3498.3364
600318.SH,20050824,2.8,2.89,2.75,2.87,2.82,0.05,1.77,10834.87,3058.9
600808.SH,20050824,2.92,2.95,2.9,2.94,2.91,0.03,1.03,71003.04,20831.768
000021.SZ,20050824,8.33,8.46,8.29,8.39,8.33,0.06,0.72,13884.42,11622.6966
600187.SH,20050824,1.36,1.4,1.34,1.39,1.35,0.04,2.96,33516.3,4609.574
600381.SH,20050824,2.17,2.2,2.15,2.19,2.17,0.02,0.92,26481.19,5754.145
600767.SH,20050824,1.67,1.72,1.59,1.67,1.66,0.01,0.6,22050.16,3654.335
001896.SZ,20050824,2.19,2.22,2.18,2.2,2.19,0.01,0.46,6062.19,1331.4575
600815.SH,20050824,2.55,2.61,2.55,2.59,2.57,0.02,0.78,17235.15,4452.429
600055.SH,20050824,5.4,5.58,5.24,5.51,5.4,0.11,2.04,39002.73,20987.052
600623.SH,20050824,7.61,8.56,7.5,8.56,7.78,0.78,10.03,40636.33,33611.477
600097.SH,20050824,4.1,4.26,4.09,4.25,4.09,0.16,3.91,5167.09,2161.72
600064.SH,20050824,3.92,3.99,3.92,3.97,3.97,0.0,0.0,5047.27,1998.413
600438.SH,20050824,10.1,10.28,9.99,10.24,10.13,0.11,1.09,8008.93,8124.101
600357.SH,20050824,3.04,3.06,3.0,3.04,3.02,0.02,0.66,15208.93,4612.283
000584.SZ,20050824,3.92,4.05,3.92,3.98,3.95,0.03,0.76,6067.81,2424.8767
000716.SZ,20050824,2.57,2.63,2.54,2.62,2.57,0.05,1.95,15819.78,4101.2034
600809.SH,20050824,7.5,7.6,7.48,7.52,7.55,-0.03,-0.4,5073.41,3821.459
600053.SH,20050824,2.12,2.15,2.06,2.1,2.12,-0.02,-0.94,23758.27,4959.599
600824.SH,20050824,9.3,9.4,9.1,9.16,9.31,-0.15,-1.61,10556.0,9761.677
600845.SH,20050824,10.2,10.75,10.2,10.64,10.18,0.46,4.52,2819.52,2986.99
600236.SH,20050824,4.16,4.34,4.1,4.31,4.12,0.19,4.61,18396.68,7817.087
600436.SH,20050824,15.96,16.3,15.8,16.19,15.97,0.22,1.38,1876.56,2990.027
600713.SH,20050824,3.85,3.98,3.85,3.96,3.89,0.07,1.8,3249.62,1275.625
600758.SH,20050824,2.59,2.68,2.58,2.61,2.59,0.02,0.77,2513.04,660.972
000001.SZ,20050824,5.97,6.08,5.97,6.03,5.99,0.04,0.67,49655.8,29951.5527
600850.SH,20050824,3.97,4.15,3.9,4.11,3.97,0.14,3.53,9869.85,4016.577
600490.SH,20050824,5.17,5.45,5.1,5.42,5.17,0.25,4.84,14203.38,7618.378
000987.SZ,20050824,6.38,6.39,6.26,6.32,6.32,0.0,0.0,13657.72,8623.687
000553.SZ,20050824,2.56,2.63,2.55,2.59,2.56,0.03,1.17,7460.99,1930.7244
600401.SH,20050824,3.47,3.54,3.45,3.47,3.47,0.0,0.0,3239.6,1133.2
002032.SZ,20050824,7.53,7.58,7.42,7.49,7.49,0.0,0.0,14930.99,11121.3588
002002.SZ,20050824,7.5,7.77,7.5,7.62,7.53,0.09,1.2,13793.01,10569.1904
600220.SH,20050824,2.0,2.04,1.99,2.03,2.01,0.02,1.0,44753.91,9037.449
000932.SZ,20050824,4.1,4.17,4.1,4.14,4.13,0.01,0.24,16635.97,6893.5476
000948.SZ,20050824,4.65,4.78,4.65,4.72,4.68,0.04,0.85,2328.59,1097.2325
600775.SH,20050824,3.58,3.69,3.58,3.68,3.57,0.11,3.08,12793.65,4665.821
600865.SH,20050824,4.01,4.07,3.99,4.06,4.02,0.04,1.0,2593.85,1044.74
600495.SH,20050824,6.98,7.15,6.98,7.0,6.95,0.05,0.72,21076.41,14888.346
000795.SZ,20050824,3.09,3.13,3.03,3.12,3.09,0.03,0.97,17262.52,5335.3577
600732.SH,20050824,4.7,4.82,4.7,4.76,4.75,0.01,0.21,12262.32,5841.651
600550.SH,20050824,7.85,8.55,7.71,8.15,7.78,0.37,4.76,119517.6,97667.072
000596.SZ,20050824,3.62,3.68,3.51,3.63,3.65,-0.02,-0.55,4677.8,1680.4994
000023.SZ,20050824,4.1,4.38,4.08,4.29,4.17,0.12,2.88,14749.21,6306.2647
600651.SH,20050824,6.35,6.4,6.25,6.39,6.28,0.11,1.75,54278.67,34387.369
000039.SZ,20050824,10.53,10.8,10.41,10.56,10.53,0.03,0.28,117497.75,124334.1438
600626.SH,20050824,2.84,2.94,2.84,2.93,2.87,0.06,2.09,18557.49,5397.532
600193.SH,20050824,3.53,3.58,3.51,3.57,3.53,0.04,1.13,2666.75,947.017
600867.SH,20050824,3.48,3.55,3.46,3.49,3.48,0.01,0.29,3329.32,1162.095
000059.SZ,20050824,4.88,4.94,4.82,4.9,4.86,0.04,0.82,16938.54,8290.3167
000903.SZ,20050824,4.06,4.13,4.06,4.11,4.05,0.06,1.48,3755.85,1538.4334
600380.SH,20050824,6.67,6.77,6.6,6.65,6.67,-0.02,-0.3,3799.95,2537.224
600832.SH,20050824,11.28,11.48,11.21,11.44,11.3,0.14,1.24,48243.44,54674.07
600258.SH,20050824,6.01,6.06,5.92,5.98,5.98,0.0,0.0,7729.18,4626.389
600067.SH,20050824,4.67,4.77,4.64,4.74,4.68,0.06,1.28,24293.41,11401.532
600746.SH,20050824,2.25,2.34,2.25,2.3,2.25,0.05,2.22,24110.09,5542.685
600333.SH,20050824,5.28,5.43,5.28,5.4,5.26,0.14,2.66,19830.05,10640.633
600375.SH,20050824,3.86,3.89,3.8,3.85,3.82,0.03,0.79,11342.21,4364.42
000898.SZ,20050824,4.54,4.7,4.52,4.65,4.52,0.13,2.88,196496.91,91079.9879
600517.SH,20050824,4.3,4.51,4.3,4.45,4.4,0.05,1.14,21891.06,9741.597
000859.SZ,20050824,2.19,2.23,2.15,2.22,2.19,0.03,1.37,25065.13,5493.1325
600035.SH,20050824,3.03,3.08,3.02,3.07,3.03,0.04,1.32,18290.28,5599.982
600817.SH,20050824,9.71,9.88,9.6,9.76,9.75,0.01,0.1,7929.32,7709.785
600116.SH,20050824,3.98,4.03,3.92,4.01,4.02,-0.01,-0.25,10407.35,4136.708
000663.SZ,20050824,2.97,3.0,2.91,3.0,2.95,0.05,1.69,4587.49,1359.952
600825.SH,20050824,4.66,4.75,4.62,4.67,4.64,0.03,0.65,25390.39,11885.238
000998.SZ,20050824,8.37,8.53,8.33,8.45,8.4,0.05,0.6,1979.48,1674.074
600037.SH,20050824,19.32,19.69,19.32,19.37,19.3,0.07,0.36,4843.09,9430.676
000721.SZ,20050824,2.95,3.04,2.95,3.03,2.96,0.07,2.36,5770.5,1733.081
000541.SZ,20050824,11.3,11.63,11.3,11.51,11.49,0.02,0.17,5341.33,6173.8163
600286.SH,20050824,1.21,1.24,1.16,1.23,1.19,0.04,3.36,43266.72,5209.859
000885.SZ,20050824,1.98,2.05,1.88,1.96,1.95,0.01,0.51,29833.78,6020.3544
000416.SZ,20050824,3.56,3.65,3.46,3.64,3.56,0.08,2.25,224709.34,80299.145
000032.SZ,20050824,5.23,5.4,5.23,5.34,5.26,0.08,1.52,8119.58,4331.414
600566.SH,20050824,4.33,4.39,4.27,4.36,4.31,0.05,1.16,7945.25,3444.527
000036.SZ,20050824,3.48,3.6,3.45,3.6,3.49,0.11,3.15,51949.15,18415.6804
000767.SZ,20050824,4.54,4.6,4.48,4.53,4.53,0.0,0.0,5077.81,2305.7905
600571.SH,20050824,5.2,5.35,5.2,5.3,5.18,0.12,2.32,6923.09,3659.848
600828.SH,20050824,3.24,3.56,3.22,3.56,3.24,0.32,9.88,30798.77,10850.561
600639.SH,20050824,5.51,5.71,5.45,5.67,5.45,0.22,4.04,46506.36,26247.458
000070.SZ,20050824,4.11,4.3,4.11,4.24,4.11,0.13,3.16,17882.45,7539.2596
600771.SH,20050824,4.3,4.39,4.3,4.39,4.32,0.07,1.62,2872.55,1249.766
002017.SZ,20050824,9.37,9.56,9.3,9.45,9.29,0.16,1.72,7411.9,7012.3016
600227.SH,20050824,9.08,9.35,9.07,9.26,9.09,0.17,1.87,9474.45,8757.31
600022.SH,20050824,5.65,5.69,5.6,5.63,5.65,-0.02,-0.35,31036.39,17536.317
000829.SZ,20050824,3.91,4.03,3.9,4.02,3.97,0.05,1.26,20275.19,8053.7873
000669.SZ,20050824,5.1,5.24,5.0,5.2,5.04,0.16,3.17,2254.52,1158.1012
002008.SZ,20050824,10.52,11.15,10.52,10.9,10.48,0.42,4.01,24537.68,26814.6887
600336.SH,20050824,3.77,3.94,3.72,3.85,3.77,0.08,2.12,12871.19,4934.383
002044.SZ,20050824,5.26,5.4,5.19,5.34,5.19,0.15,2.89,34457.46,18338.5124
600612.SH,20050824,5.63,6.05,5.57,5.96,5.6,0.36,6.43,18865.11,11154.569
600365.SH,20050824,3.82,3.91,3.82,3.89,3.82,0.07,1.83,3736.85,1446.742
000732.SZ,20050824,2.05,2.1,2.05,2.1,2.06,0.04,1.94,14463.27,2998.503
002007.SZ,20050824,11.0,11.65,10.95,11.44,10.92,0.52,4.76,14738.4,16774.9826
000062.SZ,20050824,4.4,4.52,4.35,4.47,4.38,0.09,2.05,9472.91,4212.9337
000697.SZ,20050824,3.28,3.3,3.18,3.28,3.25,0.03,0.92,11350.82,3681.0023
600744.SH,20050824,2.62,2.66,2.59,2.63,2.63,0.0,0.0,12662.26,3336.019
600122.SH,20050824,4.03,4.17,4.03,4.08,4.06,0.02,0.49,36434.2,14952.189
600252.SH,20050824,3.08,3.14,3.08,3.13,3.12,0.01,0.32,6604.54,2053.298
600308.SH,20050824,10.43,10.59,10.41,10.42,10.43,-0.01,-0.1,7757.1,8113.582
000713.SZ,20050824,2.92,2.96,2.9,2.93,2.92,0.01,0.34,6905.8,2021.8594
000429.SZ,20050824,5.29,5.36,5.26,5.29,5.29,0.0,0.0,4922.34,2606.3547
000655.SZ,20050824,1.93,1.97,1.92,1.96,1.93,0.03,1.55,22570.86,4403.3652
600338.SH,20050824,3.27,3.27,3.27,3.27,3.11,0.16,5.14,1234.91,403.816
600106.SH,20050824,4.99,5.14,4.94,5.09,5.02,0.07,1.39,13803.75,6961.323
000866.SZ,20050824,10.13,10.28,10.11,10.2,10.13,0.07,0.69,64132.05,65488.7044
600222.SH,20050824,8.67,8.73,8.55,8.62,8.54,0.08,0.94,416.12,358.894
600000.SH,20050824,8.35,8.52,8.31,8.47,8.3,0.17,2.05,140069.46,118450.102
000016.SZ,20050824,3.55,3.66,3.55,3.61,3.56,0.05,1.4,12033.44,4337.4593
600073.SH,20050824,7.89,8.05,7.87,8.01,7.89,0.12,1.52,26540.27,21129.491
000031.SZ,20050824,4.62,4.83,4.61,4.76,4.67,0.09,1.93,15571.39,7385.5583
600591.SH,20050824,3.38,3.44,3.36,3.43,3.39,0.04,1.18,19987.03,6791.433
000408.SZ,20050824,3.3,3.42,3.3,3.39,3.33,0.06,1.8,4298.96,1444.8501
600812.SH,20050824,2.46,2.53,2.34,2.4,2.41,-0.01,-0.41,269510.37,65978.514
600273.SH,20050824,2.7,2.74,2.65,2.68,2.7,-0.02,-0.74,33619.76,9066.92
600499.SH,20050824,7.9,8.12,7.9,8.02,8.04,-0.02,-0.25,3559.56,2856.129
600683.SH,20050824,4.05,4.32,4.02,4.24,4.08,0.16,3.92,43712.96,18391.946
600889.SH,20050824,2.64,2.68,2.61,2.65,2.63,0.02,0.76,9413.14,2490.36
600570.SH,20050824,5.7,5.77,5.63,5.75,5.67,0.08,1.41,14946.53,8510.297
600597.SH,20050824,4.8,4.92,4.76,4.85,4.8,0.05,1.04,67810.09,33014.725
000738.SZ,20050824,1.67,1.7,1.65,1.7,1.67,0.03,1.8,12095.05,2032.0016
600868.SH,20050824,1.95,2.0,1.95,1.99,1.96,0.03,1.53,39695.31,7878.631
600403.SH,20050824,7.75,7.89,7.65,7.81,7.78,0.03,0.39,24137.22,18792.101
600171.SH,20050824,6.06,6.21,6.05,6.18,6.06,0.12,1.98,29229.63,17999.217
000972.SZ,20050824,6.04,6.25,6.04,6.15,6.07,0.08,1.32,3147.5,1929.4545
600779.SH,20050824,4.18,4.25,4.12,4.22,4.17,0.05,1.2,19375.49,8126.038
600393.SH,20050824,2.58,2.64,2.54,2.61,2.58,0.03,1.16,7055.0,1831.369
600637.SH,20050824,4.35,4.5,4.33,4.44,4.33,0.11,2.54,21202.44,9361.748
600467.SH,20050824,8.59,8.66,8.5,8.64,8.59,0.05,0.58,17255.45,14786.843
600896.SH,20050824,4.1,4.21,4.1,4.15,4.09,0.06,1.47,6297.12,2615.368
000150.SZ,20050824,2.12,2.14,2.06,2.11,2.09,0.02,0.96,18236.03,3816.0369
002020.SZ,20050824,9.45,10.4,9.45,10.08,9.45,0.63,6.67,23748.63,23663.0614
600766.SH,20050824,1.99,2.06,1.97,2.02,2.0,0.02,1.0,4422.5,890.988
000501.SZ,20050824,3.4,3.44,3.35,3.4,3.4,0.0,0.0,12790.79,4358.07
600120.SH,20050824,2.49,2.54,2.49,2.52,2.49,0.03,1.2,18431.57,4626.758
600139.SH,20050824,3.69,3.69,3.54,3.69,3.58,0.11,3.07,9135.13,3327.169
000639.SZ,20050824,16.76,16.8,16.45,16.6,16.76,-0.16,-0.95,28.0,46.4687
600292.SH,20050824,3.8,3.84,3.75,3.83,3.8,0.03,0.79,12144.76,4609.712
600575.SH,20050824,6.87,6.92,6.76,6.83,6.86,-0.03,-0.44,6368.0,4346.808
000046.SZ,20050824,2.95,3.03,2.95,2.99,2.95,0.04,1.36,11265.85,3370.7626
000699.SZ,20050824,1.26,1.3,1.22,1.26,1.26,0.0,0.0,32088.99,4027.8378
600685.SH,20050824,3.36,3.42,3.3,3.39,3.36,0.03,0.89,13006.4,4390.364
002012.SZ,20050824,8.58,9.03,8.57,8.83,8.63,0.2,2.32,36073.45,31971.4669
000657.SZ,20050824,3.5,3.52,3.4,3.51,3.5,0.01,0.29,2824.38,984.0346
600291.SH,20050824,4.08,4.14,4.0,4.13,4.09,0.04,0.98,10380.75,4204.729
600582.SH,20050824,6.1,6.25,6.08,6.16,6.1,0.06,0.98,10571.26,6522.421
000798.SZ,20050824,3.08,3.11,3.0,3.1,3.06,0.04,1.31,3158.49,967.8114
000835.SZ,20050824,5.62,5.78,5.62,5.77,5.61,0.16,2.85,3052.25,1744.699
600725.SH,20050824,4.3,4.4,4.1,4.36,4.3,0.06,1.4,16263.3,6878.568
000837.SZ,20050824,3.48,3.54,3.4,3.5,3.51,-0.01,-0.28,16902.14,5857.4267
600063.SH,20050824,3.39,3.47,3.38,3.46,3.38,0.08,2.37,10158.37,3473.758
600666.SH,20050824,3.83,3.89,3.81,3.85,3.79,0.06,1.58,13251.22,5091.002
600802.SH,20050824,2.26,2.34,2.2,2.33,2.26,0.07,3.1,11171.15,2525.278
600018.SH,20050824,12.62,12.92,12.46,12.52,12.5,0.02,0.16,62157.16,79059.659
000593.SZ,20050824,3.03,3.15,3.01,3.08,3.05,0.03,0.98,23249.87,7161.9317
600604.SH,20050824,3.1,3.33,3.09,3.32,3.08,0.24,7.79,31912.95,10405.587
600900.SH,20050824,7.9,7.93,7.81,7.85,7.91,-0.06,-0.76,159432.35,125498.958
600645.SH,20050824,2.92,3.1,2.91,3.04,2.94,0.1,3.4,45183.78,13740.207
600898.SH,20050824,3.16,3.25,3.16,3.24,3.18,0.06,1.89,7383.28,2372.242
600483.SH,20050824,2.75,2.77,2.65,2.72,2.75,-0.03,-1.09,30163.62,8147.763
600189.SH,20050824,4.25,4.33,4.23,4.29,4.22,0.07,1.66,7879.0,3366.234
000899.SZ,20050824,3.02,3.06,2.97,3.05,3.04,0.01,0.33,16138.76,4872.0296
600754.SH,20050824,7.7,7.88,7.7,7.79,7.64,0.15,1.96,9240.99,7191.039
000156.SZ,20050824,1.75,1.81,1.71,1.81,1.72,0.09,5.23,26778.1,4783.203
600678.SH,20050824,2.38,2.56,2.32,2.55,2.33,0.22,9.44,21835.59,5451.577
600789.SH,20050824,2.63,2.64,2.58,2.63,2.62,0.01,0.38,27184.12,7107.585
600373.SH,20050824,3.21,3.28,3.2,3.25,3.21,0.04,1.25,2520.69,817.352
600105.SH,20050824,4.25,4.36,4.17,4.35,4.24,0.11,2.59,11915.18,5093.616
000926.SZ,20050824,7.8,7.97,7.78,7.92,7.81,0.11,1.41,8878.71,7002.97
600563.SH,20050824,6.59,6.72,6.5,6.68,6.59,0.09,1.37,8889.17,5911.432
600348.SH,20050824,10.3,10.35,10.1,10.19,10.25,-0.06,-0.59,18923.11,19284.441
600202.SH,20050824,8.23,8.34,8.12,8.25,8.26,-0.01,-0.12,9619.3,7911.679
000756.SZ,20050824,3.08,3.15,3.08,3.12,3.1,0.02,0.65,7993.66,2489.6846
600278.SH,20050824,3.93,4.08,3.88,4.04,3.91,0.13,3.32,15629.6,6273.984
600056.SH,20050824,5.79,5.88,5.75,5.82,5.79,0.03,0.52,4144.43,2412.5
000973.SZ,20050824,3.23,3.35,3.21,3.28,3.22,0.06,1.86,10848.5,3566.3259
000400.SZ,20050824,4.88,4.96,4.87,4.94,4.9,0.04,0.82,27970.13,13769.0542
000708.SZ,20050824,3.29,3.3,3.14,3.25,3.34,-0.09,-2.69,45587.85,14676.1512
000038.SZ,20050824,5.8,6.15,5.79,6.03,5.78,0.25,4.33,7660.19,4611.8703
000799.SZ,20050824,2.75,2.8,2.73,2.8,2.74,0.06,2.19,5262.33,1456.0063
600691.SH,20050824,2.13,2.19,2.12,2.18,2.15,0.03,1.4,5137.41,1105.958
000796.SZ,20050824,3.19,3.2,3.13,3.18,3.17,0.01,0.32,6750.05,2137.9771
600265.SH,20050824,3.87,3.93,3.81,3.92,3.87,0.05,1.29,4076.27,1590.409
000836.SZ,20050824,3.75,3.79,3.65,3.75,3.75,0.0,0.0,7625.06,2849.5655
000807.SZ,20050824,3.35,3.45,3.31,3.44,3.37,0.07,2.08,28615.1,9783.5995
000630.SZ,20050824,4.88,4.99,4.83,4.96,4.84,0.12,2.48,51048.86,25223.973
600513.SH,20050824,7.71,7.89,7.6,7.85,7.67,0.18,2.35,2699.48,2094.219
000045.SZ,20050824,5.18,5.48,5.15,5.42,5.14,0.28,5.45,17055.72,9184.7922
600997.SH,20050824,6.67,6.8,6.67,6.75,6.67,0.08,1.2,14667.91,9904.894
000011.SZ,20050824,4.99,5.15,4.95,5.06,5.0,0.06,1.2,19531.98,9913.4814
600697.SH,20050824,4.79,4.82,4.71,4.81,4.77,0.04,0.84,3361.38,1602.898
600305.SH,20050824,6.99,7.09,6.95,7.08,6.97,0.11,1.58,3338.77,2351.414
600086.SH,20050824,1.79,1.83,1.78,1.83,1.74,0.09,5.17,163792.45,29874.382
600006.SH,20050824,2.81,2.87,2.8,2.86,2.82,0.04,1.42,50537.93,14375.918
000425.SZ,20050824,2.68,2.76,2.61,2.74,2.7,0.04,1.48,17857.4,4823.2364
600742.SH,20050824,3.15,3.2,3.14,3.2,3.15,0.05,1.59,8172.59,2588.38
600496.SH,20050824,8.41,8.49,8.3,8.43,8.34,0.09,1.08,6443.56,5406.376
600362.SH,20050824,4.94,5.13,4.94,5.02,4.92,0.1,2.03,60984.68,30800.02
600520.SH,20050824,3.98,4.08,3.98,4.04,3.98,0.06,1.51,5804.36,2339.229
000937.SZ,20050824,5.8,5.85,5.71,5.76,5.8,-0.04,-0.69,122624.09,70795.6055
000606.SZ,20050824,3.28,3.35,3.26,3.33,3.3,0.03,0.91,14479.79,4791.0733
600988.SH,20050824,4.28,4.4,4.21,4.37,4.27,0.1,2.34,7891.18,3385.828
600229.SH,20050824,3.13,3.18,3.1,3.15,3.13,0.02,0.64,4669.61,1469.296
600332.SH,20050824,6.27,6.35,6.14,6.34,6.21,0.13,2.09,13205.3,8217.191
600472.SH,20050824,3.45,3.51,3.45,3.49,3.46,0.03,0.87,27426.69,9539.561
600345.SH,20050824,6.35,6.48,6.27,6.4,6.36,0.04,0.63,9157.17,5847.673
000548.SZ,20050824,2.49,2.56,2.48,2.51,2.5,0.01,0.4,11612.17,2918.7368
000620.SZ,20050824,1.25,1.29,1.2,1.25,1.25,0.0,0.0,52510.14,6541.9541
600420.SH,20050824,8.94,9.29,8.9,9.19,8.93,0.26,2.91,9381.14,8602.42
600432.SH,20050824,9.92,10.14,9.92,10.06,9.97,0.09,0.9,7050.76,7082.057
600075.SH,20050824,7.2,7.32,7.2,7.27,7.19,0.08,1.11,3643.76,2644.41
000819.SZ,20050824,4.62,4.87,4.6,4.85,4.62,0.23,4.98,11547.38,5487.1278
000666.SZ,20050824,3.18,3.26,3.17,3.22,3.18,0.04,1.26,25249.05,8125.3527
600072.SH,20050824,3.11,3.16,3.07,3.13,3.1,0.03,0.97,10111.47,3152.804
600118.SH,20050824,5.65,5.82,5.57,5.7,5.7,0.0,0.0,11984.84,6815.208
000413.SZ,20050824,3.25,3.43,3.25,3.36,3.25,0.11,3.38,10493.08,3516.2999
600232.SH,20050824,6.3,6.48,6.26,6.4,6.35,0.05,0.79,7793.99,4949.606
600312.SH,20050824,3.9,4.07,3.86,4.06,3.9,0.16,4.1,23542.24,9363.126
600986.SH,20050824,4.89,4.95,4.83,4.9,4.89,0.01,0.2,8367.63,4097.101
600455.SH,20050824,6.76,7.15,6.73,7.08,6.76,0.32,4.73,6278.19,4325.051
000602.SZ,20050824,7.3,7.44,7.26,7.35,7.31,0.04,0.55,10616.59,7811.6456
000828.SZ,20050824,5.15,5.31,5.11,5.2,5.15,0.05,0.97,46384.46,24313.5378
600387.SH,20050824,3.97,4.28,3.97,4.27,4.0,0.27,6.75,28938.28,12107.533
600552.SH,20050824,3.52,3.58,3.45,3.54,3.49,0.05,1.43,9546.64,3369.022
000623.SZ,20050824,6.38,6.39,6.17,6.23,6.37,-0.14,-2.2,36362.28,22835.8913
600805.SH,20050824,2.56,2.66,2.53,2.66,2.56,0.1,3.91,68138.83,17812.025
600807.SH,20050824,2.03,2.13,1.98,2.13,2.03,0.1,4.93,35026.97,7319.349
600020.SH,20050824,8.15,8.15,8.04,8.08,8.08,0.0,0.0,21494.43,17392.476
600510.SH,20050824,4.44,4.79,4.3,4.68,4.4,0.28,6.36,98359.89,44841.434
600649.SH,20050824,5.18,5.28,5.14,5.21,5.18,0.03,0.58,30364.9,15825.279
600400.SH,20050824,3.54,3.72,3.51,3.71,3.54,0.17,4.8,43993.76,16017.056
600094.SH,20050824,2.92,3.04,2.91,2.98,2.94,0.04,1.36,5984.05,1784.248
000830.SZ,20050824,3.44,3.46,3.36,3.43,3.47,-0.04,-1.15,42997.68,14604.2128
000858.SZ,20050824,7.79,7.86,7.72,7.75,7.79,-0.04,-0.51,48801.93,37977.7602
600205.SH,20050824,7.93,8.09,7.92,7.99,7.93,0.06,0.76,17518.33,14021.574
000631.SZ,20050824,1.42,1.48,1.35,1.48,1.41,0.07,4.96,113555.79,16332.8745
600676.SH,20050824,3.15,3.18,3.12,3.18,3.11,0.07,2.25,18417.6,5812.783
600963.SH,20050824,4.54,4.65,4.53,4.59,4.53,0.06,1.32,12625.6,5781.811
600993.SH,20050824,23.75,24.17,23.72,23.93,23.81,0.12,0.5,2812.52,6703.773
600419.SH,20050824,4.36,4.55,4.36,4.44,4.33,0.11,2.54,6018.7,2685.344
000856.SZ,20050824,1.81,1.87,1.78,1.87,1.81,0.06,3.31,12257.26,2243.2649
000612.SZ,20050824,2.26,2.28,2.22,2.26,2.23,0.03,1.35,15175.51,3409.283
600200.SH,20050824,9.97,10.08,9.95,10.04,9.94,0.1,1.01,2221.0,2223.821
600358.SH,20050824,2.19,2.25,2.19,2.25,2.2,0.05,2.27,27976.1,6215.878
000698.SZ,20050824,3.05,3.06,3.0,3.06,3.01,0.05,1.66,8440.09,2558.7908
600529.SH,20050824,5.62,5.75,5.57,5.66,5.66,0.0,0.0,12199.34,6909.258
600320.SH,20050824,7.09,7.2,7.01,7.11,7.13,-0.02,-0.28,48268.33,34275.586
600580.SH,20050824,4.64,4.68,4.56,4.6,4.66,-0.06,-1.29,13747.56,6336.129
600089.SH,20050824,6.29,6.34,6.19,6.22,6.28,-0.06,-0.96,16216.25,10112.411
600653.SH,20050824,1.67,1.71,1.66,1.69,1.69,0.0,0.0,104980.72,17683.301
000088.SZ,20050824,11.28,11.48,11.18,11.24,11.3,-0.06,-0.53,13488.99,15243.9708
600699.SH,20050824,2.45,2.5,2.42,2.48,2.47,0.01,0.4,8935.63,2200.694
000683.SZ,20050824,2.76,2.81,2.72,2.77,2.74,0.03,1.09,9791.07,2703.0261
000563.SZ,20050824,3.86,3.86,3.75,3.81,3.82,-0.01,-0.26,20340.51,7711.8037
000960.SZ,20050824,5.83,5.91,5.81,5.87,5.84,0.03,0.51,15419.57,9028.5358
600099.SH,20050824,2.73,2.73,2.62,2.68,2.67,0.01,0.37,22882.0,6113.675
000581.SZ,20050824,6.5,6.68,6.5,6.59,6.51,0.08,1.23,29982.47,19790.6937
600860.SH,20050824,4.09,4.22,4.05,4.15,4.1,0.05,1.22,12030.25,4975.591
600894.SH,20050824,2.05,2.1,2.02,2.06,2.05,0.01,0.49,49919.78,10280.811
000952.SZ,20050824,3.2,3.25,3.18,3.22,3.22,0.0,0.0,5043.99,1623.2178
002034.SZ,20050824,9.63,9.93,9.56,9.78,9.6,0.18,1.88,16822.83,16448.2445
002033.SZ,20050824,10.72,10.96,10.72,10.83,10.72,0.11,1.03,3727.2,4051.9792
000930.SZ,20050824,5.3,5.47,5.25,5.46,5.22,0.24,4.6,52048.84,28079.0887
600506.SH,20050824,2.8,2.84,2.76,2.82,2.82,0.0,0.0,7511.71,2099.714
000589.SZ,20050824,3.76,3.83,3.73,3.78,3.76,0.02,0.53,22083.47,8345.4923
002019.SZ,20050824,11.88,12.06,11.8,11.99,11.94,0.05,0.42,7567.61,9010.2835
600270.SH,20050824,6.98,7.16,6.9,7.12,6.81,0.31,4.55,32097.5,22540.791
600827.SH,20050824,5.67,5.82,5.67,5.81,5.73,0.08,1.4,12804.99,7384.487
000768.SZ,20050824,3.39,3.41,3.34,3.39,3.36,0.03,0.89,35239.74,11925.7714
000682.SZ,20050824,2.34,2.5,2.33,2.5,2.35,0.15,6.38,300633.85,73290.5961
600215.SH,20050824,3.74,3.8,3.71,3.78,3.75,0.03,0.8,20522.74,7727.672
000024.SZ,20050824,8.53,8.53,8.25,8.28,8.53,-0.25,-2.93,18363.8,15374.8401
000423.SZ,20050824,6.51,6.68,6.51,6.6,6.61,-0.01,-0.15,13332.11,8815.5792
000997.SZ,20050824,8.8,8.98,8.65,8.97,8.7,0.27,3.1,5817.87,5147.8181
600592.SH,20050824,8.01,8.28,8.01,8.18,8.01,0.17,2.12,4820.88,3938.697
000953.SZ,20050824,2.85,2.9,2.83,2.9,2.83,0.07,2.47,40758.79,11687.3868
002005.SZ,20050824,7.77,7.98,7.74,7.9,7.76,0.14,1.8,8095.63,6383.6651
600352.SH,20050824,4.09,4.11,4.0,4.06,4.09,-0.03,-0.73,58523.79,23671.94
000762.SZ,20050824,4.69,4.82,4.64,4.74,4.71,0.03,0.64,15436.36,7302.7703
000939.SZ,20050824,5.86,5.93,5.81,5.88,5.82,0.06,1.03,12458.84,7315.2293
600851.SH,20050824,3.7,3.78,3.7,3.75,3.72,0.03,0.81,101839.1,38017.736
600748.SH,20050824,4.08,4.14,4.05,4.12,4.04,0.08,1.98,8303.07,3407.629
600770.SH,20050824,9.89,10.25,9.74,10.12,9.93,0.19,1.91,29615.78,29683.635
600620.SH,20050824,2.8,2.91,2.77,2.87,2.8,0.07,2.5,17111.76,4898.052
600772.SH,20050824,1.84,1.84,1.72,1.77,1.81,-0.04,-2.21,25208.04,4418.95
600528.SH,20050824,3.95,4.13,3.95,4.12,3.94,0.18,4.57,14864.17,6018.228
000026.SZ,20050824,4.36,4.5,4.3,4.46,4.32,0.14,3.24,9042.89,4003.6802
000033.SZ,20050824,3.02,3.2,3.02,3.12,3.03,0.09,2.97,15379.6,4798.978
600573.SH,20050824,5.44,5.51,5.4,5.51,5.4,0.11,2.04,2660.35,1451.247
002041.SZ,20050824,24.06,24.9,24.06,24.38,23.99,0.39,1.63,6085.73,14903.4918
600166.SH,20050824,3.77,3.82,3.69,3.7,3.78,-0.08,-2.12,47996.31,18017.857
600080.SH,20050824,3.01,3.1,3.0,3.07,3.01,0.06,1.99,5469.04,1669.58
600661.SH,20050824,7.8,7.8,7.57,7.67,7.52,0.15,1.99,8408.76,6479.865
600763.SH,20050824,2.16,2.27,2.16,2.27,2.16,0.11,5.09,14687.29,3309.854
600143.SH,20050824,10.69,10.84,10.56,10.7,10.7,0.0,0.0,7380.06,7886.205
600461.SH,20050824,5.08,5.15,5.04,5.14,5.08,0.06,1.18,6618.85,3386.235
600172.SH,20050824,4.36,4.56,4.36,4.49,4.36,0.13,2.98,21073.4,9452.659
000929.SZ,20050824,2.68,2.74,2.62,2.72,2.66,0.06,2.26,8828.09,2378.1198
000662.SZ,20050824,8.48,8.66,8.38,8.51,8.5,0.01,0.12,8049.39,6882.6303
600663.SH,20050824,5.25,5.41,5.25,5.38,5.21,0.17,3.26,15526.56,8318.005
600628.SH,20050824,6.21,6.3,6.16,6.29,6.21,0.08,1.29,15194.66,9481.901
600382.SH,20050824,3.79,3.83,3.74,3.78,3.74,0.04,1.07,3309.0,1251.754
000035.SZ,20050824,1.93,1.97,1.83,1.93,1.92,0.01,0.52,19225.82,3641.5987
600735.SH,20050824,3.21,3.25,3.1,3.24,3.18,0.06,1.89,3538.97,1131.731
000599.SZ,20050824,2.66,2.83,2.66,2.76,2.69,0.07,2.6,56937.57,15696.4619
000567.SZ,20050824,3.14,3.14,3.02,3.06,3.08,-0.02,-0.65,5012.51,1527.2255
000040.SZ,20050824,2.21,2.29,2.18,2.23,2.21,0.02,0.91,32694.62,7325.2533
600316.SH,20050824,7.0,7.02,6.91,6.97,7.0,-0.03,-0.43,4738.88,3290.073
000591.SZ,20050824,4.51,4.74,4.48,4.66,4.5,0.16,3.56,5820.09,2694.592
600253.SH,20050824,3.07,3.16,3.07,3.14,3.1,0.04,1.29,9346.7,2929.95
000712.SZ,20050824,3.84,3.88,3.77,3.88,3.79,0.09,2.37,5859.56,2243.9285
600846.SH,20050824,3.54,3.68,3.52,3.65,3.54,0.11,3.11,11515.91,4167.827
600834.SH,20050824,6.15,6.46,6.15,6.35,6.16,0.19,3.08,28952.88,18370.865
600281.SH,20050824,3.36,3.46,3.36,3.44,3.38,0.06,1.78,5164.0,1768.686
600577.SH,20050824,5.89,6.03,5.89,5.99,5.89,0.1,1.7,3678.21,2199.718
600030.SH,20050824,4.97,5.01,4.84,4.92,4.97,-0.05,-1.01,228929.86,112387.029
000905.SZ,20050824,7.39,7.55,7.34,7.49,7.38,0.11,1.49,9456.8,7081.0391
600829.SH,20050824,6.1,6.1,5.94,5.95,6.05,-0.1,-1.65,2433.18,1454.531
000883.SZ,20050824,2.57,2.61,2.56,2.59,2.57,0.02,0.78,5645.2,1463.0297
000810.SZ,20050824,3.52,3.55,3.42,3.5,3.52,-0.02,-0.57,8797.0,3076.931
600325.SH,20050824,6.71,6.75,6.48,6.64,6.79,-0.15,-2.21,24583.55,16182.285
600694.SH,20050824,13.4,13.61,13.28,13.36,13.52,-0.16,-1.18,14093.71,18930.074
600716.SH,20050824,2.15,2.19,2.15,2.18,2.15,0.03,1.4,17080.57,3703.277
600218.SH,20050824,2.53,2.54,2.47,2.51,2.5,0.01,0.4,9099.56,2282.587
600360.SH,20050824,14.5,14.6,14.2,14.52,14.5,0.02,0.14,7392.69,10660.958
000902.SZ,20050824,2.6,2.7,2.6,2.66,2.64,0.02,0.76,6707.48,1787.1159
000996.SZ,20050824,4.69,4.76,4.64,4.69,4.68,0.01,0.21,2599.19,1220.4688
000816.SZ,20050824,2.85,2.98,2.85,2.92,2.91,0.01,0.34,7136.0,2078.9417
600890.SH,20050824,2.03,2.08,2.03,2.05,2.06,-0.01,-0.49,19522.48,4006.526
600162.SH,20050824,2.71,2.79,2.7,2.75,2.71,0.04,1.48,19061.2,5215.56
000615.SZ,20050824,3.19,3.25,3.14,3.18,3.18,0.0,0.0,4958.06,1577.8201
002013.SZ,20050824,7.45,7.76,7.45,7.66,7.45,0.21,2.82,9512.6,7274.274
000786.SZ,20050824,3.71,3.73,3.64,3.7,3.73,-0.03,-0.8,12159.05,4473.555
600101.SH,20050824,4.12,4.24,4.12,4.18,4.17,0.01,0.24,11571.23,4844.154
600238.SH,20050824,3.28,3.35,3.27,3.29,3.28,0.01,0.3,5650.7,1871.04
000155.SZ,20050824,4.28,4.32,4.25,4.29,4.25,0.04,0.94,12919.53,5544.0538
000404.SZ,20050824,2.31,2.34,2.28,2.33,2.31,0.02,0.87,7426.6,1717.062
600271.SH,20050824,16.3,16.54,16.08,16.36,16.27,0.09,0.55,6443.81,10556.146
000695.SZ,20050824,4.0,4.03,3.97,4.02,4.02,0.0,0.0,13267.44,5303.8021
600730.SH,20050824,4.21,4.23,4.08,4.19,4.24,-0.05,-1.18,9820.2,4072.098
000862.SZ,20050824,2.1,2.15,2.06,2.09,2.11,-0.02,-0.95,10078.92,2113.613
600519.SH,20050824,48.0,48.2,47.56,47.95,48.01,-0.06,-0.13,3214.12,15394.347
000550.SZ,20050824,6.05,6.41,5.91,6.27,6.08,0.19,3.13,89440.17,55485.981
600243.SH,20050824,3.13,3.17,3.11,3.16,3.13,0.03,0.96,3136.23,985.63
600568.SH,20050824,3.81,3.92,3.81,3.9,3.83,0.07,1.83,5427.9,2101.971
600428.SH,20050824,9.08,9.22,8.96,9.1,9.08,0.02,0.22,62291.97,56648.718
001696.SZ,20050824,5.7,5.8,5.68,5.72,5.77,-0.05,-0.87,2196.6,1262.2445
000002.SZ,20050824,3.7,3.76,3.68,3.71,3.69,0.02,0.54,233087.96,86700.5477
000825.SZ,20050824,3.87,3.92,3.83,3.87,3.87,0.0,0.0,28862.92,11161.3824
600545.SH,20050824,3.38,3.43,3.35,3.41,3.38,0.03,0.89,7557.09,2561.434
002036.SZ,20050824,6.18,6.41,6.18,6.36,6.16,0.2,3.25,12487.48,7909.3585
000815.SZ,20050824,4.53,4.57,4.49,4.56,4.53,0.03,0.66,10057.53,4557.625
600192.SH,20050824,3.98,4.08,3.84,3.94,3.98,-0.04,-1.01,25856.0,10200.117
600084.SH,20050824,2.55,2.63,2.52,2.62,2.55,0.07,2.75,62357.95,16070.564
600355.SH,20050824,2.78,2.84,2.73,2.82,2.78,0.04,1.44,11393.0,3183.008
000545.SZ,20050824,2.38,2.49,2.38,2.47,2.41,0.06,2.49,10688.43,2612.0792
000916.SZ,20050824,3.34,3.38,3.31,3.35,3.34,0.01,0.3,11802.1,3953.5294
000668.SZ,20050824,5.6,5.8,5.6,5.79,5.61,0.18,3.21,6357.21,3631.7562
000600.SZ,20050824,4.41,4.47,4.38,4.43,4.39,0.04,0.91,3957.88,1756.5745
000506.SZ,20050824,1.58,1.6,1.55,1.59,1.57,0.02,1.27,33256.58,5227.5667
600181.SH,20050824,1.4,1.41,1.33,1.37,1.38,-0.01,-0.72,42394.23,5787.535
600398.SH,20050824,4.78,4.87,4.74,4.81,4.79,0.02,0.42,43833.42,21023.025
600548.SH,20050824,4.02,4.07,4.0,4.03,4.01,0.02,0.5,6679.79,2693.411
600546.SH,20050824,7.07,7.21,7.03,7.18,7.03,0.15,2.13,10753.96,7668.317
600313.SH,20050824,2.46,2.46,2.3,2.34,2.4,-0.06,-2.5,44837.48,10544.121
600231.SH,20050824,5.2,5.21,5.1,5.16,5.2,-0.04,-0.77,23080.61,11903.789
000887.SZ,20050824,1.35,1.35,1.26,1.35,1.29,0.06,4.65,95916.62,12854.4999
002026.SZ,20050824,7.83,8.06,7.72,7.92,7.83,0.09,1.15,9704.59,7712.6336
000536.SZ,20050824,2.33,2.42,2.33,2.4,2.36,0.04,1.69,9163.27,2178.7138
600624.SH,20050824,4.58,4.75,4.52,4.75,4.54,0.21,4.63,25584.86,11863.709
600173.SH,20050824,1.9,1.96,1.85,1.94,1.93,0.01,0.52,11243.5,2142.214
600531.SH,20050824,4.53,4.65,4.53,4.58,4.53,0.05,1.1,7067.6,3235.993
600145.SH,20050824,2.2,2.25,2.2,2.22,2.21,0.01,0.45,6778.63,1508.242
600833.SH,20050824,3.5,3.86,3.5,3.76,3.52,0.24,6.82,18239.1,6803.15
000906.SZ,20050824,2.64,2.74,2.6,2.71,2.64,0.07,2.65,19482.15,5212.1123
600823.SH,20050824,4.15,4.25,4.12,4.2,4.15,0.05,1.2,27400.65,11526.289
000426.SZ,20050824,4.06,4.1,4.0,4.06,4.07,-0.01,-0.25,10424.82,4212.2856
600138.SH,20050824,6.2,6.29,6.04,6.18,6.18,0.0,0.0,33388.75,20611.653
600777.SH,20050824,3.09,3.1,3.04,3.08,3.06,0.02,0.65,14295.8,4388.982
600210.SH,20050824,2.51,2.55,2.49,2.55,2.51,0.04,1.59,168492.43,42617.897
600377.SH,20050824,6.88,7.03,6.88,7.02,6.92,0.1,1.45,9938.52,6952.479
600539.SH,20050824,2.88,2.94,2.86,2.9,2.88,0.02,0.69,5498.69,1594.297
600001.SH,20050824,3.3,3.32,3.27,3.29,3.29,0.0,0.0,47287.6,15591.125
002029.SZ,20050824,6.63,6.69,6.42,6.63,6.61,0.02,0.3,14334.71,9376.1152
000705.SZ,20050824,3.32,3.38,3.25,3.3,3.32,-0.02,-0.6,10352.19,3438.4975
002047.SZ,20050824,9.27,9.48,9.24,9.29,9.23,0.06,0.65,15595.6,14568.2596
600003.SH,20050824,2.68,2.71,2.66,2.7,2.68,0.02,0.75,16201.35,4362.418
600961.SH,20050824,3.14,3.2,3.07,3.15,3.15,0.0,0.0,20175.06,6340.046
600098.SH,20050824,4.27,4.36,4.27,4.34,4.24,0.1,2.36,255622.23,110341.275
600223.SH,20050824,3.11,3.24,3.08,3.19,3.11,0.08,2.57,55724.33,17667.92
600712.SH,20050824,3.27,3.37,3.27,3.33,3.31,0.02,0.6,3256.4,1078.185
000540.SZ,20050824,2.08,2.12,2.08,2.1,2.08,0.02,0.96,11884.52,2491.7587
600137.SH,20050824,2.6,2.69,2.6,2.69,2.56,0.13,5.08,2093.44,560.2
000543.SZ,20050824,3.08,3.15,3.07,3.11,3.09,0.02,0.65,7486.1,2333.656
002037.SZ,20050824,6.8,7.12,6.79,7.01,6.83,0.18,2.64,17201.87,12092.0939
000510.SZ,20050824,2.4,2.44,2.38,2.44,2.38,0.06,2.52,133311.73,32131.224
000700.SZ,20050824,2.8,2.86,2.79,2.81,2.81,0.0,0.0,9604.3,2712.115
600822.SH,20050824,6.95,7.5,6.78,7.48,6.85,0.63,9.2,9990.32,7252.658
600170.SH,20050824,4.63,4.82,4.63,4.77,4.6,0.17,3.7,34464.22,16341.554
600969.SH,20050824,4.74,4.82,4.7,4.76,4.7,0.06,1.28,11028.65,5261.601
600477.SH,20050824,3.99,4.04,3.92,3.98,3.99,-0.01,-0.25,18660.1,7421.131
600526.SH,20050824,5.25,5.41,5.2,5.33,5.28,0.05,0.95,10585.61,5601.507
000523.SZ,20050824,2.57,2.63,2.53,2.6,2.59,0.01,0.39,6399.21,1653.9713
600821.SH,20050824,2.69,2.74,2.69,2.73,2.73,0.0,0.0,9909.49,2697.552
000761.SZ,20050824,4.8,4.8,4.66,4.72,4.8,-0.08,-1.67,66310.97,31286.2657
600315.SH,20050824,5.48,5.6,5.48,5.56,5.5,0.06,1.09,4748.0,2630.404
000958.SZ,20050824,2.63,2.65,2.59,2.64,2.61,0.03,1.15,20544.78,5388.8544
600186.SH,20050824,2.07,2.09,2.03,2.07,2.05,0.02,0.98,58821.94,12089.324
000791.SZ,20050824,1.54,1.64,1.52,1.64,1.56,0.08,5.13,23990.5,3781.9697
000428.SZ,20050824,3.98,4.04,3.95,4.02,3.98,0.04,1.01,3443.8,1377.5131
000989.SZ,20050824,4.85,4.98,4.85,4.96,4.85,0.11,2.27,35115.53,17303.1823
600299.SH,20050824,9.89,10.33,9.85,10.22,9.89,0.33,3.34,23030.13,23435.374
600369.SH,20050824,1.55,1.61,1.51,1.57,1.55,0.02,1.29,32966.66,5141.225
600029.SH,20050824,2.58,2.63,2.57,2.62,2.58,0.04,1.55,134290.19,34949.393
000790.SZ,20050824,6.8,6.9,6.59,6.74,6.83,-0.09,-1.32,16027.24,10794.9143
600841.SH,20050824,6.88,7.54,6.88,7.54,6.85,0.69,10.07,25785.04,19102.496
600415.SH,20050824,28.59,28.77,27.86,28.18,28.6,-0.42,-1.47,7067.9,19926.517
600112.SH,20050824,5.38,5.78,5.35,5.7,5.38,0.32,5.95,10319.71,5748.715
600980.SH,20050824,5.17,5.3,5.15,5.2,5.17,0.03,0.58,8200.81,4284.672
600790.SH,20050824,2.9,2.95,2.9,2.95,2.9,0.05,1.72,8900.39,2596.202
600399.SH,20050824,3.88,4.04,3.76,3.92,3.91,0.01,0.26,83363.07,32681.815
000688.SZ,20050824,2.65,2.72,2.62,2.7,2.69,0.01,0.37,51644.9,13846.426
600396.SH,20050824,5.65,5.67,5.48,5.51,5.51,0.0,0.0,4276.9,2387.854
600092.SH,20050824,1.5,1.55,1.48,1.54,1.49,0.05,3.36,26952.8,4086.221
600158.SH,20050824,6.17,6.34,6.16,6.31,6.2,0.11,1.77,7512.76,4707.778
600448.SH,20050824,2.46,2.49,2.42,2.46,2.44,0.02,0.82,10127.07,2485.581
600688.SH,20050824,3.86,3.99,3.85,3.94,3.87,0.07,1.81,145709.51,57380.052
600225.SH,20050824,2.31,2.4,2.31,2.39,2.33,0.06,2.58,12508.19,2956.518
000685.SZ,20050824,2.75,2.77,2.69,2.74,2.72,0.02,0.74,11551.36,3154.5304
000889.SZ,20050824,2.51,2.59,2.51,2.56,2.56,0.0,0.0,12804.39,3278.4545
000766.SZ,20050824,1.58,1.59,1.5,1.53,1.56,-0.03,-1.92,45047.12,6907.6904
000513.SZ,20050824,5.22,5.24,5.12,5.2,5.2,0.0,0.0,9701.63,5029.6194
600489.SH,20050824,6.57,6.71,6.57,6.69,6.57,0.12,1.83,11295.83,7530.144
000735.SZ,20050824,2.01,2.05,2.01,2.04,2.02,0.02,0.99,12783.76,2590.9623
600537.SH,20050824,3.13,3.15,3.09,3.14,3.12,0.02,0.64,5987.71,1872.202
600353.SH,20050824,4.67,4.79,4.63,4.73,4.65,0.08,1.72,6293.56,2957.536
600643.SH,20050824,4.52,4.57,4.47,4.54,4.52,0.02,0.44,26540.75,12002.466
600596.SH,20050824,8.4,8.48,8.32,8.4,8.4,0.0,0.0,15695.32,13167.591
600664.SH,20050824,4.61,4.62,4.54,4.58,4.62,-0.04,-0.87,3642.06,1667.969
000403.SZ,20050824,3.32,3.33,3.19,3.29,3.31,-0.02,-0.6,4982.65,1636.6836
600704.SH,20050824,3.18,3.22,3.15,3.19,3.19,0.0,0.0,7635.61,2432.627
600093.SH,20050824,2.15,2.19,2.11,2.17,2.16,0.01,0.46,9936.74,2139.002
000419.SZ,20050824,3.73,3.83,3.73,3.81,3.79,0.02,0.53,3414.8,1292.2404
600219.SH,20050824,5.87,6.11,5.85,6.09,5.91,0.18,3.05,34389.93,20603.474
600444.SH,20050824,6.03,6.23,6.0,6.14,6.02,0.12,1.99,3647.09,2231.048
000915.SZ,20050824,3.26,3.33,3.25,3.32,3.27,0.05,1.53,6990.2,2295.1577
600267.SH,20050824,8.14,8.49,8.14,8.28,8.13,0.15,1.85,12107.5,10110.442
600897.SH,20050824,8.25,8.3,8.16,8.23,8.25,-0.02,-0.24,2037.2,1680.525
000863.SZ,20050824,1.79,1.86,1.73,1.86,1.77,0.09,5.08,24589.38,4492.5429
000065.SZ,20050824,4.8,4.93,4.8,4.85,4.77,0.08,1.68,4825.51,2339.6448
600703.SH,20050824,2.6,2.6,2.52,2.57,2.59,-0.02,-0.77,10295.85,2630.071
000709.SZ,20050824,3.68,3.73,3.66,3.7,3.7,0.0,0.0,17427.4,6449.8454
000009.SZ,20050824,2.41,2.48,2.41,2.47,2.38,0.09,3.78,96133.04,23658.7762
600806.SH,20050824,3.55,3.55,3.46,3.52,3.49,0.03,0.86,5842.85,2047.528
600476.SH,20050824,5.7,5.86,5.69,5.84,5.69,0.15,2.64,5560.69,3198.1
000900.SZ,20050824,11.3,11.49,11.25,11.4,11.3,0.1,0.89,11771.88,13406.8136
600607.SH,20050824,5.9,6.08,5.9,6.02,5.92,0.1,1.69,8812.3,5300.271
000089.SZ,20050824,7.95,7.96,7.68,7.72,7.89,-0.17,-2.15,18640.86,14591.4532
600157.SH,20050824,4.6,4.69,4.48,4.57,4.49,0.08,1.78,21834.11,10012.021
600103.SH,20050824,2.14,2.17,2.12,2.13,2.14,-0.01,-0.47,70445.32,15091.95
000558.SZ,20050824,3.15,3.18,3.09,3.17,3.12,0.05,1.6,10810.75,3406.5023
600627.SH,20050824,10.43,11.0,10.35,10.8,10.44,0.36,3.45,22657.43,24358.504
600876.SH,20050824,2.88,2.99,2.86,2.92,2.89,0.03,1.04,8241.17,2417.059
600028.SH,20050824,4.48,4.68,4.45,4.6,4.45,0.15,3.37,817831.73,376503.443
600418.SH,20050824,6.9,7.06,6.9,7.06,6.91,0.15,2.17,32986.69,22988.413
000792.SZ,20050824,10.79,10.92,10.68,10.81,10.78,0.03,0.28,20735.83,22436.0344
600295.SH,20050824,3.47,3.58,3.42,3.49,3.47,0.02,0.58,19200.96,6762.882
000909.SZ,20050824,4.48,4.53,4.42,4.48,4.46,0.02,0.45,5750.34,2569.1235
600655.SH,20050824,4.98,5.08,4.98,5.07,4.98,0.09,1.81,5341.5,2693.255
000665.SZ,20050824,3.21,3.32,3.19,3.31,3.21,0.1,3.12,11844.21,3874.5357
600559.SH,20050824,3.73,3.78,3.69,3.75,3.72,0.03,0.81,3909.79,1459.728
600583.SH,20050824,25.14,25.79,25.0,25.44,25.17,0.27,1.07,4835.55,12340.582
000990.SZ,20050824,5.27,5.36,5.18,5.24,5.21,0.03,0.58,12501.82,6583.614
600755.SH,20050824,3.55,3.65,3.54,3.62,3.57,0.05,1.4,14746.26,5300.865
000637.SZ,20050824,6.45,6.45,6.35,6.42,6.42,0.0,0.0,777.81,498.4357
600769.SH,20050824,2.9,2.94,2.84,2.91,2.85,0.06,2.11,6049.0,1750.487
000609.SZ,20050824,4.89,5.06,4.72,5.03,5.03,0.0,0.0,2905.56,1450.5903
600161.SH,20050824,5.01,5.11,4.98,5.07,5.04,0.03,0.6,24726.81,12467.997
600466.SH,20050824,4.14,4.24,4.08,4.21,4.14,0.07,1.69,6615.45,2755.374
600605.SH,20050824,5.9,6.3,5.89,6.25,5.9,0.35,5.93,10476.79,6485.947
600523.SH,20050824,2.43,2.54,2.43,2.51,2.47,0.04,1.62,17792.7,4401.94
600810.SH,20050824,4.01,4.07,3.99,4.04,4.01,0.03,0.75,6949.84,2798.045
600177.SH,20050824,3.65,3.73,3.63,3.67,3.63,0.04,1.1,76368.8,28117.448
000959.SZ,20050824,3.28,3.32,3.26,3.3,3.29,0.01,0.3,7375.41,2429.9185
000099.SZ,20050824,3.66,3.75,3.66,3.72,3.67,0.05,1.36,19424.99,7181.6028
000918.SZ,20050824,1.85,1.87,1.82,1.85,1.85,0.0,0.0,16047.23,2963.3262
000659.SZ,20050824,3.24,3.24,3.17,3.2,3.21,-0.01,-0.31,23345.49,7483.6986
000063.SZ,20050824,26.32,26.55,25.8,25.94,26.1,-0.16,-0.61,12996.67,33905.6913
600622.SH,20050824,3.02,3.15,3.02,3.13,3.04,0.09,2.96,10558.29,3289.554
000557.SZ,20050824,0.96,0.98,0.94,0.97,0.97,0.0,0.0,62669.19,5997.4044
600426.SH,20050824,8.32,8.4,8.16,8.19,8.33,-0.14,-1.68,20906.95,17229.388
000096.SZ,20050824,4.01,4.39,3.95,4.38,3.99,0.39,9.77,54578.09,22906.1707
600009.SH,20050824,16.17,16.48,16.04,16.25,16.19,0.06,0.37,16686.09,27156.916
000951.SZ,20050824,7.6,7.7,7.58,7.66,7.64,0.02,0.26,5298.21,4039.6322
600233.SH,20050824,3.22,3.27,3.21,3.26,3.24,0.02,0.62,6419.33,2082.286
000949.SZ,20050824,2.3,2.38,2.3,2.36,2.28,0.08,3.51,21803.12,5113.1735
600132.SH,20050824,9.65,9.93,9.65,9.75,9.67,0.08,0.83,7170.8,7015.929
000957.SZ,20050824,2.5,2.62,2.46,2.6,2.52,0.08,3.17,43983.17,11234.0699
600638.SH,20050824,3.99,4.09,3.95,4.04,3.97,0.07,1.76,22457.31,9039.064
600133.SH,20050824,4.08,4.11,4.01,4.08,4.08,0.0,0.0,7618.44,3090.056
000703.SZ,20050824,3.08,3.12,3.05,3.1,3.09,0.01,0.32,9768.49,3016.9679
600206.SH,20050824,4.11,4.2,4.1,4.19,4.13,0.06,1.45,5051.55,2099.732
000777.SZ,20050824,4.7,4.79,4.6,4.74,4.68,0.06,1.28,7332.35,3465.3494
600881.SH,20050824,2.33,2.38,2.32,2.35,2.33,0.02,0.86,19658.22,4617.293
000802.SZ,20050824,3.4,3.58,3.4,3.56,3.46,0.1,2.89,7308.27,2571.3345
600599.SH,20050824,4.1,4.23,4.07,4.15,4.14,0.01,0.24,5193.68,2151.418
600814.SH,20050824,3.43,3.53,3.41,3.51,3.45,0.06,1.74,17656.15,6102.837
000601.SZ,20050824,4.53,4.56,4.49,4.55,4.5,0.05,1.11,5960.24,2701.4904
600298.SH,20050824,8.38,8.47,8.32,8.42,8.36,0.06,0.72,2207.37,1857.048
002043.SZ,20050824,7.33,7.58,7.25,7.48,7.24,0.24,3.31,29768.51,22172.1079
600782.SH,20050824,3.5,3.55,3.49,3.54,3.52,0.02,0.57,4463.58,1571.955
000975.SZ,20050824,2.47,2.54,2.46,2.53,2.45,0.08,3.27,52753.33,13190.8305
000006.SZ,20050824,3.92,4.04,3.89,3.97,3.89,0.08,2.06,10213.37,4025.7108
000583.SZ,20050824,1.02,1.04,0.97,1.03,1.0,0.03,3.0,77711.02,7856.0764
600011.SH,20050824,6.58,6.89,6.58,6.67,6.49,0.18,2.77,148571.0,100410.331
600057.SH,20050824,3.42,3.49,3.37,3.4,3.44,-0.04,-1.16,17757.04,6076.93
600115.SH,20050824,2.52,2.57,2.52,2.55,2.54,0.01,0.39,25790.29,6567.369
600857.SH,20050824,3.46,3.48,3.35,3.42,3.43,-0.01,-0.29,7714.14,2620.274
600740.SH,20050824,7.25,7.38,7.25,7.33,7.26,0.07,0.96,14351.72,10516.302
600135.SH,20050824,3.68,3.78,3.63,3.72,3.71,0.01,0.27,24177.33,8972.011
000970.SZ,20050824,5.85,5.95,5.8,5.9,5.87,0.03,0.51,3892.19,2290.2639
000598.SZ,20050824,3.28,3.39,3.28,3.37,3.31,0.06,1.81,17436.27,5831.2386
000667.SZ,20050824,4.37,4.49,4.37,4.45,4.37,0.08,1.83,8127.45,3620.8918
600307.SH,20050824,4.74,4.8,4.73,4.76,4.74,0.02,0.42,16604.09,7919.505
600652.SH,20050824,3.85,3.92,3.8,3.89,3.82,0.07,1.83,73247.33,28325.769
600359.SH,20050824,3.74,3.88,3.7,3.86,3.74,0.12,3.21,19557.0,7419.335
600634.SH,20050824,4.73,5.06,4.73,5.01,4.75,0.26,5.47,13543.32,6691.609
600366.SH,20050824,3.99,4.08,3.97,4.01,3.97,0.04,1.01,10970.35,4420.153
600096.SH,20050824,10.15,10.26,10.0,10.06,10.06,0.0,0.0,17845.25,18034.909
600230.SH,20050824,4.25,4.3,4.15,4.24,4.21,0.03,0.71,9640.96,4087.099
600423.SH,20050824,7.36,7.49,7.36,7.42,7.34,0.08,1.09,4376.31,3254.99
600859.SH,20050824,5.18,5.25,5.05,5.11,5.17,-0.06,-1.16,23003.19,11864.519
002030.SZ,20050824,10.68,10.97,10.63,10.8,10.62,0.18,1.69,6907.37,7488.2217
600804.SH,20050824,2.94,3.02,2.88,3.0,2.95,0.05,1.69,15541.13,4600.163
000727.SZ,20050824,2.72,2.75,2.66,2.74,2.69,0.05,1.86,28505.07,7722.2232
600970.SH,20050824,14.25,14.57,14.06,14.22,14.21,0.01,0.07,12275.92,17573.836
600553.SH,20050824,1.76,1.81,1.75,1.78,1.77,0.01,0.57,16560.01,2942.089
600497.SH,20050824,8.95,9.07,8.92,9.01,8.93,0.08,0.9,7720.05,6948.465
600724.SH,20050824,7.11,7.2,7.1,7.18,7.12,0.06,0.84,12485.0,8923.073
600692.SH,20050824,3.26,3.39,3.25,3.35,3.25,0.1,3.08,14452.45,4812.442
600567.SH,20050824,3.37,3.43,3.34,3.37,3.38,-0.01,-0.3,31624.97,10684.069
600722.SH,20050824,2.51,2.61,2.51,2.6,2.51,0.09,3.59,16018.29,4089.944
600543.SH,20050824,4.23,4.28,4.22,4.26,4.24,0.02,0.47,3693.5,1569.825
600985.SH,20050824,4.78,5.0,4.78,4.99,4.85,0.14,2.89,11806.91,5830.078
600125.SH,20050824,6.26,6.28,6.17,6.21,6.25,-0.04,-0.64,10522.57,6529.864
000962.SZ,20050824,4.2,4.25,4.11,4.22,4.18,0.04,0.96,19537.1,8158.11
600662.SH,20050824,4.4,4.48,4.39,4.41,4.39,0.02,0.46,29530.08,13081.724
600178.SH,20050824,4.07,4.07,3.98,4.0,4.02,-0.02,-0.5,3169.6,1270.466
600516.SH,20050824,3.57,3.62,3.53,3.62,3.58,0.04,1.12,8442.0,3022.79
600482.SH,20050824,5.62,5.84,5.53,5.72,5.64,0.08,1.42,46308.79,26466.957
600183.SH,20050824,4.49,4.61,4.44,4.59,4.51,0.08,1.77,40127.82,18229.491
600540.SH,20050824,4.69,4.79,4.66,4.77,4.73,0.04,0.85,13424.76,6343.425
600668.SH,20050824,2.16,2.21,2.16,2.18,2.16,0.02,0.93,9178.82,2008.841
600071.SH,20050824,3.14,3.2,3.11,3.15,3.16,-0.01,-0.32,17493.14,5522.381
600551.SH,20050824,5.7,6.05,5.7,5.95,5.8,0.15,2.59,11407.42,6721.133
600869.SH,20050824,4.69,4.81,4.69,4.78,4.74,0.04,0.84,2384.16,1138.354
000544.SZ,20050824,2.28,2.33,2.28,2.32,2.29,0.03,1.31,8392.64,1937.234
000004.SZ,20050824,4.55,4.75,4.55,4.68,4.62,0.06,1.3,5788.28,2704.4215
600068.SH,20050824,2.98,3.14,2.98,3.09,2.97,0.12,4.04,50523.15,15598.298
000852.SZ,20050824,5.7,5.8,5.66,5.78,5.68,0.1,1.76,8363.61,4806.1309
600673.SH,20050824,4.95,5.05,4.95,5.05,5.01,0.04,0.8,6414.76,3207.974
600728.SH,20050824,2.89,2.99,2.71,2.95,2.99,-0.04,-1.34,58738.82,16768.641
000681.SZ,20050824,2.47,2.56,2.42,2.52,2.46,0.06,2.44,8214.71,2038.2909
600594.SH,20050824,13.5,13.99,13.37,13.49,13.43,0.06,0.45,1649.6,2240.109
600665.SH,20050824,2.68,2.83,2.68,2.8,2.74,0.06,2.19,13321.39,3718.35
000656.SZ,20050824,2.3,2.37,2.25,2.33,2.3,0.03,1.3,9349.0,2154.5596
600259.SH,20050824,2.03,2.03,1.96,1.99,2.0,-0.01,-0.5,11969.42,2386.377
600509.SH,20050824,4.1,4.21,4.1,4.15,4.09,0.06,1.47,13585.49,5639.597
600081.SH,20050824,3.01,3.15,2.95,3.13,3.02,0.11,3.64,44614.6,13690.971
600439.SH,20050824,10.65,10.93,10.63,10.85,10.63,0.22,2.07,4825.83,5216.722
600076.SH,20050824,2.52,2.61,2.48,2.6,2.54,0.06,2.36,60886.08,15486.201
000650.SZ,20050824,1.52,1.55,1.45,1.54,1.52,0.02,1.32,18462.87,2768.9401
000877.SZ,20050824,2.74,2.82,2.74,2.81,2.77,0.04,1.44,5902.39,1644.3874
600283.SH,20050824,3.39,3.43,3.36,3.4,3.4,0.0,0.0,3375.0,1147.491
600196.SH,20050824,5.18,5.25,5.13,5.22,5.13,0.09,1.75,20170.12,10496.28
600016.SH,20050824,5.6,5.75,5.6,5.66,5.6,0.06,1.07,365008.73,207773.481
600708.SH,20050824,4.23,4.37,4.22,4.28,4.22,0.06,1.42,13266.31,5706.265
000020.SZ,20050824,3.28,3.28,3.28,3.28,3.12,0.16,5.13,2166.2,710.5136
600696.SH,20050824,2.11,2.17,2.11,2.15,2.12,0.03,1.42,9495.09,2031.44
600356.SH,20050824,6.8,7.16,6.78,7.04,6.88,0.16,2.33,6012.49,4202.643
000809.SZ,20050824,4.7,4.97,4.65,4.9,4.72,0.18,3.81,33792.05,16422.2113
600512.SH,20050824,4.65,4.72,4.6,4.66,4.65,0.01,0.22,3131.0,1461.513
600176.SH,20050824,5.13,5.3,5.12,5.29,5.11,0.18,3.52,56408.66,29535.206
000711.SZ,20050824,3.13,3.23,3.13,3.23,3.18,0.05,1.57,5003.32,1597.4082
000753.SZ,20050824,2.47,2.52,2.45,2.5,2.47,0.03,1.21,8795.81,2187.5552
600847.SH,20050824,2.26,2.34,2.2,2.27,2.23,0.04,1.79,10727.58,2423.158
000028.SZ,20050824,4.48,4.62,4.48,4.6,4.46,0.14,3.14,12292.61,5611.9207
000715.SZ,20050824,5.51,5.7,5.51,5.65,5.45,0.2,3.67,7607.53,4282.5476
600873.SH,20050824,3.06,3.15,3.05,3.13,3.06,0.07,2.29,9872.43,3067.304
000538.SZ,20050824,17.6,17.94,17.59,17.89,17.59,0.3,1.71,5275.95,9390.3162
600416.SH,20050824,5.16,5.25,5.14,5.2,5.16,0.04,0.78,10483.59,5451.977
600279.SH,20050824,4.32,4.34,4.16,4.31,4.3,0.01,0.23,19380.51,8228.606
600796.SH,20050824,7.26,7.35,7.24,7.33,7.28,0.05,0.69,2980.13,2176.589
000017.SZ,20050824,1.68,1.68,1.58,1.65,1.63,0.02,1.23,13092.42,2125.0785
600111.SH,20050824,4.5,4.69,4.47,4.66,4.54,0.12,2.64,22227.45,10252.261
600613.SH,20050824,6.79,6.79,6.79,6.79,6.47,0.32,4.95,596.02,404.698
000597.SZ,20050824,2.92,3.1,2.91,3.09,2.93,0.16,5.46,21907.21,6609.6592
000010.SZ,20050824,3.01,3.24,3.0,3.17,3.05,0.12,3.93,20044.41,6304.734
000917.SZ,20050824,6.76,6.8,6.62,6.7,6.76,-0.06,-0.89,44770.13,30038.5708
600522.SH,20050824,4.59,4.71,4.56,4.7,4.6,0.1,2.17,14084.09,6548.821
000995.SZ,20050824,3.38,3.5,3.36,3.49,3.4,0.09,2.65,16973.91,5871.9871
600602.SH,20050824,3.93,4.1,3.91,4.09,3.94,0.15,3.81,71519.1,28813.888
000521.SZ,20050824,2.26,2.3,2.24,2.29,2.26,0.03,1.33,10240.76,2327.6393
600091.SH,20050824,4.28,4.35,4.26,4.31,4.28,0.03,0.7,10681.45,4598.517
000672.SZ,20050824,2.19,2.28,2.18,2.24,2.25,-0.01,-0.44,28450.74,6324.1984
600378.SH,20050824,4.38,4.67,4.32,4.62,4.38,0.24,5.48,42029.96,19145.392
000780.SZ,20050824,3.37,3.41,3.36,3.38,3.36,0.02,0.6,8300.84,2812.7269
600248.SH,20050824,2.74,2.74,2.68,2.71,2.74,-0.03,-1.09,5488.74,1487.488
000611.SZ,20050824,3.34,3.4,3.32,3.35,3.34,0.01,0.3,6893.66,2312.1241
000882.SZ,20050824,3.2,3.29,3.2,3.26,3.24,0.02,0.62,10951.5,3556.344
600976.SH,20050824,8.37,8.46,8.31,8.43,8.34,0.09,1.08,2214.8,1860.442
000012.SZ,20050824,4.63,4.8,4.58,4.75,4.65,0.1,2.15,30741.74,14467.5642
600819.SH,20050824,4.18,4.48,4.18,4.43,4.2,0.23,5.48,27957.02,12264.077
000048.SZ,20050824,2.25,2.33,2.21,2.27,2.25,0.02,0.89,10749.88,2450.3302
600268.SH,20050824,6.66,6.82,6.65,6.79,6.69,0.1,1.49,1430.79,959.658
600603.SH,20050824,2.32,2.32,2.18,2.29,2.21,0.08,3.62,53750.97,12177.329
000919.SZ,20050824,6.25,6.35,6.2,6.28,6.25,0.03,0.48,10987.67,6910.7543
600104.SH,20050824,5.16,5.25,5.14,5.24,5.15,0.09,1.75,106460.52,55270.27
600199.SH,20050824,1.93,1.94,1.84,1.9,1.93,-0.03,-1.55,46286.6,8673.126
000670.SZ,20050824,2.27,2.33,2.26,2.3,2.28,0.02,0.88,27556.02,6337.1909
600633.SH,20050824,5.98,6.49,5.92,6.49,5.9,0.59,10.0,7392.6,4676.386
600050.SH,20050824,2.7,2.78,2.7,2.73,2.7,0.03,1.11,746106.31,204641.477
600367.SH,20050824,6.5,6.66,6.45,6.63,6.47,0.16,2.47,10106.25,6656.767
000805.SZ,20050824,2.4,2.43,2.33,2.43,2.39,0.04,1.67,2819.38,671.0485
600468.SH,20050824,3.94,3.94,3.77,3.9,3.78,0.12,3.17,21041.91,8106.971
600614.SH,20050824,5.58,6.1,5.5,6.07,5.6,0.47,8.39,7843.74,4656.496
000594.SZ,20050824,2.57,2.65,2.52,2.65,2.57,0.08,3.11,33421.2,8713.1277
600795.SH,20050824,6.73,7.0,6.73,6.81,6.88,-0.07,-1.02,33564.33,23053.556
600533.SH,20050824,6.16,6.26,6.1,6.17,6.18,-0.01,-0.16,9877.31,6101.922
000050.SZ,20050824,6.4,6.64,6.4,6.56,6.39,0.17,2.66,17883.74,11661.1355
600660.SH,20050824,6.51,6.58,6.47,6.55,6.51,0.04,0.61,19170.85,12510.796
000560.SZ,20050824,3.25,3.25,2.95,3.05,3.11,-0.06,-1.93,29474.51,9095.378
600282.SH,20050824,3.39,3.4,3.34,3.36,3.39,-0.03,-0.89,49198.42,16563.635
600392.SH,20050824,8.0,8.0,7.7,7.87,7.94,-0.07,-0.88,7385.37,5786.663
000869.SZ,20050824,17.54,17.98,17.23,17.7,17.44,0.26,1.49,2055.43,3649.9846
600160.SH,20050824,3.27,3.33,3.25,3.31,3.26,0.05,1.53,9618.65,3174.522
000509.SZ,20050824,2.0,2.02,1.96,1.99,1.96,0.03,1.53,19597.65,3894.5036
600275.SH,20050824,2.17,2.21,2.14,2.18,2.17,0.01,0.46,11015.77,2395.838
600500.SH,20050824,4.75,4.78,4.71,4.72,4.74,-0.02,-0.42,44245.12,20965.247
002048.SZ,20050824,8.08,8.32,8.0,8.18,8.09,0.09,1.11,7805.38,6408.2128
600853.SH,20050824,2.13,2.18,2.12,2.18,2.15,0.03,1.4,16581.04,3581.047
600153.SH,20050824,4.08,4.14,4.05,4.12,4.08,0.04,0.98,14571.02,5981.565
600757.SH,20050824,2.39,2.47,2.37,2.44,2.39,0.05,2.09,17232.22,4183.172
002015.SZ,20050824,9.55,9.8,9.5,9.67,9.56,0.11,1.15,9202.4,8915.427
600731.SH,20050824,3.14,3.4,3.07,3.29,3.14,0.15,4.78,30281.81,9948.745
600113.SH,20050824,4.43,4.56,4.37,4.52,4.43,0.09,2.03,5405.99,2423.016
000755.SZ,20050824,5.5,5.58,5.48,5.58,5.46,0.12,2.2,26203.26,14490.027
600263.SH,20050824,4.17,4.27,4.17,4.23,4.18,0.05,1.2,5176.66,2183.702
600241.SH,20050824,5.25,5.33,5.16,5.22,5.26,-0.04,-0.76,10023.26,5242.492
000100.SZ,20050824,2.12,2.16,2.11,2.14,2.12,0.02,0.94,64003.86,13657.0979
600054.SH,20050824,8.9,9.09,8.71,8.88,8.9,-0.02,-0.22,8998.99,8046.358
600800.SH,20050824,3.75,3.84,3.73,3.81,3.75,0.06,1.6,12743.82,4846.158
600002.SH,20050824,6.84,7.04,6.83,6.98,6.84,0.14,2.05,101369.58,70665.198
600272.SH,20050824,2.83,3.11,2.8,3.11,2.83,0.28,9.89,70946.22,21489.409
600749.SH,20050824,7.36,7.45,7.2,7.39,7.37,0.02,0.27,7075.17,5201.104
600707.SH,20050824,3.28,3.34,3.16,3.25,3.29,-0.04,-1.22,33294.86,10737.404
000551.SZ,20050824,3.56,3.64,3.56,3.59,3.54,0.05,1.41,7677.85,2764.2392
600188.SH,20050824,6.44,6.9,6.42,6.79,6.44,0.35,5.43,184960.25,124298.559
600212.SH,20050824,2.93,2.96,2.87,2.92,2.94,-0.02,-0.68,39227.52,11440.569
000693.SZ,20050824,5.61,5.97,5.48,5.87,5.72,0.15,2.62,50061.3,28947.0254
600107.SH,20050824,2.15,2.17,2.12,2.14,2.15,-0.01,-0.47,8351.1,1788.193
600462.SH,20050824,3.44,3.49,3.4,3.45,3.44,0.01,0.29,8742.0,3007.343
000935.SZ,20050824,2.48,2.55,2.44,2.53,2.47,0.06,2.43,11951.37,2985.0338
600547.SH,20050824,7.91,8.05,7.86,8.05,7.87,0.18,2.29,7908.35,6301.557
600981.SH,20050824,3.92,3.97,3.9,3.94,3.9,0.04,1.03,5716.58,2245.969
600593.SH,20050824,4.62,4.67,4.6,4.65,4.59,0.06,1.31,4287.47,1988.723
600409.SH,20050824,4.1,4.17,4.07,4.16,4.13,0.03,0.73,7843.56,3245.789
600858.SH,20050824,6.27,6.3,6.21,6.28,6.27,0.01,0.16,12438.0,7809.853
600167.SH,20050824,3.34,3.38,3.22,3.3,3.34,-0.04,-1.2,13539.88,4455.78
002023.SZ,20050824,8.43,8.47,8.29,8.37,8.45,-0.08,-0.95,10338.28,8636.3143
600618.SH,20050824,6.23,6.85,6.08,6.85,6.23,0.62,9.95,48846.46,32679.141
000633.SZ,20050824,1.89,1.93,1.86,1.91,1.89,0.02,1.06,37153.37,7044.0338
000961.SZ,20050824,2.88,2.92,2.83,2.9,2.88,0.02,0.69,8973.11,2577.7225
000861.SZ,20050824,3.69,3.78,3.54,3.75,3.66,0.09,2.46,26383.42,9694.4155
600698.SH,20050824,1.43,1.45,1.4,1.43,1.43,0.0,0.0,25312.36,3573.911
600410.SH,20050824,18.3,18.69,18.3,18.37,18.35,0.02,0.11,2607.51,4822.254
600861.SH,20050824,3.81,3.87,3.78,3.83,3.81,0.02,0.52,8896.89,3406.029
600640.SH,20050824,4.17,4.38,4.11,4.31,4.2,0.11,2.62,8379.53,3591.113
600886.SH,20050824,6.87,6.92,6.73,6.84,6.81,0.03,0.44,13447.82,9233.316
000701.SZ,20050824,6.19,6.32,6.09,6.24,6.21,0.03,0.48,23962.35,14884.5891
000717.SZ,20050824,3.24,3.24,3.17,3.18,3.24,-0.06,-1.85,128103.14,40837.507
600532.SH,20050824,3.8,3.85,3.74,3.82,3.8,0.02,0.53,4942.68,1882.014
000616.SZ,20050824,3.64,3.74,3.56,3.7,3.64,0.06,1.65,32311.0,11846.2568
600395.SH,20050824,3.86,3.92,3.8,3.88,3.84,0.04,1.04,10454.95,4030.23
600585.SH,20050824,7.01,7.24,7.01,7.05,7.01,0.04,0.57,31335.84,22350.82
000978.SZ,20050824,6.15,6.25,6.13,6.2,6.2,0.0,0.0,3930.13,2432.0704
600830.SH,20050824,3.78,3.83,3.51,3.63,3.79,-0.16,-4.22,64908.15,23865.04
600446.SH,20050824,8.09,8.32,8.05,8.3,8.08,0.22,2.72,2855.22,2336.496
600059.SH,20050824,6.42,6.46,6.32,6.42,6.45,-0.03,-0.47,14864.75,9478.225
600511.SH,20050824,6.42,6.62,6.42,6.57,6.38,0.19,2.98,11558.46,7556.891
600741.SH,20050824,3.2,3.25,3.19,3.21,3.19,0.02,0.63,7861.23,2529.814
000752.SZ,20050824,3.9,4.07,3.8,4.0,3.88,0.12,3.09,33836.99,13386.3287
600190.SH,20050824,4.08,4.11,4.01,4.09,4.06,0.03,0.74,32722.8,13303.199
002046.SZ,20050824,13.01,13.25,12.86,13.0,12.98,0.02,0.15,7781.48,10198.5557
600061.SH,20050824,2.2,2.24,2.14,2.22,2.2,0.02,0.91,5982.52,1313.91
000725.SZ,20050824,3.08,3.12,3.02,3.06,3.1,-0.04,-1.29,48756.6,14924.5867
000622.SZ,20050824,1.29,1.31,1.22,1.26,1.28,-0.02,-1.56,40264.83,5021.0001
600576.SH,20050824,3.25,3.37,3.21,3.32,3.26,0.06,1.84,15294.14,5050.058
600109.SH,20050824,4.06,4.35,4.02,4.28,4.12,0.16,3.88,7304.7,3100.402
600776.SH,20050824,2.96,2.98,2.88,2.93,2.92,0.01,0.34,14629.57,4272.111
600681.SH,20050824,1.2,1.21,1.17,1.19,1.2,-0.01,-0.83,21048.51,2501.271
000055.SZ,20050824,5.27,5.59,5.22,5.47,5.22,0.25,4.79,20248.66,10998.3897
600234.SH,20050824,1.68,1.74,1.63,1.73,1.66,0.07,4.22,21888.46,3705.313
600687.SH,20050824,4.99,5.13,4.99,5.1,5.0,0.1,2.0,8265.77,4186.602
600371.SH,20050824,3.24,3.33,3.21,3.31,3.24,0.07,2.16,17266.13,5670.137
600875.SH,20050824,12.4,12.56,12.32,12.5,12.39,0.11,0.89,12124.48,15130.196
000803.SZ,20050824,11.5,11.5,11.5,11.5,11.51,-0.01,-0.09,1.0,1.15
600008.SH,20050824,4.9,5.0,4.88,4.9,4.88,0.02,0.41,19559.7,9687.812
000519.SZ,20050824,5.9,6.0,5.5,5.7,5.9,-0.2,-3.39,5617.72,3177.2179
000878.SZ,20050824,3.7,3.76,3.7,3.73,3.7,0.03,0.81,8937.17,3335.0491
600007.SH,20050824,4.57,4.65,4.57,4.57,4.57,0.0,0.0,5316.17,2449.445
000568.SZ,20050824,4.55,4.57,4.45,4.5,4.5,0.0,0.0,17764.85,7988.8468
600785.SH,20050824,8.42,8.42,8.27,8.37,8.4,-0.03,-0.36,23821.82,19909.644
002009.SZ,20050824,10.27,10.7,10.21,10.4,10.29,0.11,1.07,20168.8,21120.3841
600363.SH,20050824,3.85,3.89,3.77,3.86,3.78,0.08,2.12,22459.23,8594.193
600619.SH,20050824,9.5,10.31,9.38,10.31,9.37,0.94,10.03,21089.63,21134.526
600971.SH,20050824,8.68,8.86,8.6,8.82,8.7,0.12,1.38,13701.34,12040.414
000679.SZ,20050824,3.42,3.48,3.42,3.47,3.43,0.04,1.17,6626.73,2293.0869
000787.SZ,20050824,5.03,5.13,5.02,5.09,5.03,0.06,1.19,21685.08,10987.4435
000677.SZ,20050824,3.75,3.85,3.74,3.78,3.78,0.0,0.0,21255.39,8050.9968
000430.SZ,20050824,2.4,2.43,2.36,2.4,2.41,-0.01,-0.41,8812.96,2113.6022
000049.SZ,20050824,6.64,6.89,6.55,6.8,6.59,0.21,3.19,26342.83,17757.3953
000692.SZ,20050824,2.6,2.66,2.58,2.64,2.65,-0.01,-0.38,10434.14,2734.6623
600321.SH,20050824,3.73,3.76,3.68,3.76,3.72,0.04,1.08,9725.09,3617.363
600256.SH,20050824,3.83,3.93,3.77,3.92,3.82,0.1,2.62,35777.16,13719.453
002050.SZ,20050824,11.32,11.82,11.25,11.6,11.29,0.31,2.75,19879.45,23116.0684
600556.SH,20050824,5.85,5.92,5.8,5.89,5.8,0.09,1.55,20760.33,12173.489
000027.SZ,20050824,7.16,7.35,7.0,7.12,7.19,-0.07,-0.97,40269.13,28723.0137
600768.SH,20050824,6.71,6.75,6.52,6.73,6.72,0.01,0.15,3547.28,2355.55
000910.SZ,20050824,4.19,4.28,4.16,4.24,4.19,0.05,1.19,4668.37,1971.503
000993.SZ,20050824,3.2,3.24,3.15,3.21,3.2,0.01,0.31,11044.0,3531.977
600119.SH,20050824,3.1,3.32,3.1,3.31,3.1,0.21,6.77,15445.27,4985.284
600340.SH,20050824,3.98,4.05,3.97,4.05,3.98,0.07,1.76,2335.49,938.575
600261.SH,20050824,11.0,11.48,11.0,11.36,11.0,0.36,3.27,5239.8,5919.471
600240.SH,20050824,4.27,4.37,4.27,4.36,4.27,0.09,2.11,1194.55,516.128
600538.SH,20050824,3.21,3.26,3.16,3.25,3.18,0.07,2.2,7254.69,2333.199
600630.SH,20050824,2.85,2.92,2.8,2.9,2.85,0.05,1.75,31689.51,9099.155
000733.SZ,20050824,3.87,3.9,3.81,3.84,3.78,0.06,1.59,14764.59,5679.6445
600310.SH,20050824,7.21,7.28,7.15,7.23,7.19,0.04,0.56,2214.0,1601.674
000687.SZ,20050824,2.3,2.34,2.28,2.32,2.3,0.02,0.87,7095.41,1637.5612
600803.SH,20050824,4.32,4.38,4.18,4.32,4.34,-0.02,-0.46,12807.25,5490.686
600246.SH,20050824,8.28,9.15,8.22,9.08,8.33,0.75,9.0,22084.52,19353.06
000607.SZ,20050824,3.48,3.57,3.4,3.56,3.44,0.12,3.49,49990.4,17508.9963
600082.SH,20050824,3.25,3.36,3.23,3.36,3.26,0.1,3.07,35938.8,11844.067
600149.SH,20050824,2.54,2.61,2.53,2.6,2.56,0.04,1.56,26545.59,6818.686
600656.SH,20050824,2.8,2.95,2.73,2.92,2.79,0.13,4.66,109615.66,31175.016
600260.SH,20050824,3.51,3.58,3.46,3.52,3.51,0.01,0.28,12221.62,4304.607
600249.SH,20050824,5.88,5.97,5.88,5.95,5.9,0.05,0.85,9541.8,5655.204
600507.SH,20050824,3.06,3.13,3.06,3.12,3.02,0.1,3.31,86893.75,26866.486
600062.SH,20050824,5.63,5.91,5.63,5.79,5.64,0.15,2.66,58603.45,34075.483
600479.SH,20050824,10.8,11.09,10.8,11.06,10.82,0.24,2.22,3348.58,3678.925
600433.SH,20050824,3.83,3.91,3.8,3.87,3.83,0.04,1.04,5062.98,1953.461
600565.SH,20050824,7.68,7.76,7.5,7.74,7.63,0.11,1.44,2436.62,1869.479
000617.SZ,20050824,13.08,13.12,12.78,13.03,12.93,0.1,0.77,3954.8,5120.0739
600518.SH,20050824,10.51,10.87,10.45,10.85,10.5,0.35,3.33,3346.09,3583.903
600671.SH,20050824,3.7,3.7,3.59,3.64,3.7,-0.06,-1.62,7812.0,2826.558
000578.SZ,20050824,3.76,3.93,3.74,3.88,3.8,0.08,2.11,19208.74,7422.1265
600146.SH,20050824,2.91,2.91,2.76,2.84,2.9,-0.06,-2.07,17968.7,5065.342
000410.SZ,20050824,6.45,6.53,6.4,6.48,6.42,0.06,0.93,17665.29,11402.3788
600839.SH,20050824,3.85,3.94,3.8,3.9,3.85,0.05,1.3,67965.08,26328.568
000892.SZ,20050824,2.48,2.52,2.44,2.5,2.5,0.0,0.0,40167.06,9970.8814
000402.SZ,20050824,8.81,9.0,8.72,8.84,8.81,0.03,0.34,36434.55,32212.003
600721.SH,20050824,2.78,2.83,2.71,2.82,2.8,0.02,0.71,10207.11,2836.202
600297.SH,20050824,5.33,5.4,5.3,5.38,5.3,0.08,1.51,1664.0,888.087
600406.SH,20050824,12.33,12.34,12.21,12.34,12.33,0.01,0.08,666.29,818.518
600052.SH,20050824,2.7,2.79,2.68,2.78,2.69,0.09,3.35,33346.85,9125.565
600843.SH,20050824,4.86,5.34,4.78,5.34,4.85,0.49,10.1,19766.19,10250.129
600074.SH,20050824,2.8,2.83,2.76,2.8,2.8,0.0,0.0,23477.87,6565.627
000812.SZ,20050824,3.86,3.9,3.79,3.8,3.84,-0.04,-1.04,10106.24,3881.1116
600088.SH,20050824,8.71,8.86,8.57,8.8,8.75,0.05,0.57,18087.61,15819.009
000860.SZ,20050824,4.1,4.23,4.05,4.21,4.11,0.1,2.43,18009.29,7467.6281
600877.SH,20050824,2.43,2.49,2.42,2.49,2.43,0.06,2.47,25137.39,6179.481
600667.SH,20050824,2.06,2.1,2.05,2.1,2.06,0.04,1.94,10213.74,2123.419
600960.SH,20050824,6.85,7.03,6.85,6.99,6.83,0.16,2.34,7623.8,5287.532
600783.SH,20050824,3.33,3.36,3.29,3.34,3.33,0.01,0.3,8047.03,2670.841
600978.SH,20050824,5.48,5.52,5.33,5.4,5.45,-0.05,-0.92,25876.87,13962.37
600787.SH,20050824,3.19,3.25,3.14,3.19,3.22,-0.03,-0.93,50528.46,16149.192
600449.SH,20050824,4.9,4.94,4.69,4.75,4.74,0.01,0.21,8301.48,3962.291
000636.SZ,20050824,3.58,3.62,3.51,3.58,3.6,-0.02,-0.56,27584.25,9816.7361
600893.SH,20050824,4.05,4.2,4.03,4.16,4.05,0.11,2.72,34618.65,14275.278
600128.SH,20050824,3.75,3.89,3.75,3.83,3.73,0.1,2.68,28578.76,10945.289
000005.SZ,20050824,1.55,1.55,1.48,1.55,1.48,0.07,4.73,115563.8,17539.1044
002016.SZ,20050824,7.35,7.63,7.35,7.55,7.35,0.2,2.72,6905.51,5202.4306
000019.SZ,20050824,4.94,5.44,4.82,5.3,4.98,0.32,6.43,38903.0,20401.5091
000797.SZ,20050824,3.0,3.13,3.0,3.11,3.03,0.08,2.64,19993.21,6163.7731
600879.SH,20050824,9.25,9.28,9.01,9.16,9.21,-0.05,-0.54,13994.0,12754.859
600389.SH,20050824,4.51,4.58,4.49,4.54,4.56,-0.02,-0.44,7166.24,3248.7
000570.SZ,20050824,3.1,3.18,3.09,3.14,3.1,0.04,1.29,11048.82,3461.4558
600701.SH,20050824,3.09,3.17,3.04,3.12,3.12,0.0,0.0,17492.25,5408.765
600066.SH,20050824,7.41,7.5,7.33,7.49,7.41,0.08,1.08,8514.78,6317.869
600250.SH,20050824,3.19,3.2,3.14,3.2,3.15,0.05,1.59,6098.69,1933.974
600710.SH,20050824,2.29,2.36,2.28,2.32,2.29,0.03,1.31,19718.25,4571.833
600326.SH,20050824,3.5,3.76,3.3,3.63,3.61,0.02,0.55,59741.46,21362.172
000719.SZ,20050824,2.5,2.56,2.49,2.54,2.5,0.04,1.6,3930.55,993.0622
000530.SZ,20050824,3.77,3.85,3.77,3.8,3.77,0.03,0.8,13500.21,5145.7075
000969.SZ,20050824,5.7,5.78,5.59,5.77,5.69,0.08,1.41,25326.8,14408.0723
000723.SZ,20050824,4.25,4.29,4.09,4.28,4.34,-0.06,-1.38,25669.4,10755.6278
000576.SZ,20050824,2.85,3.1,2.78,2.97,2.9,0.07,2.41,93366.45,27580.5495
002040.SZ,20050824,10.15,10.32,10.02,10.18,10.0,0.18,1.8,18605.75,18963.7181
600727.SH,20050824,3.82,3.82,3.69,3.74,3.74,0.0,0.0,14568.91,5469.028
600452.SH,20050824,4.15,4.21,4.15,4.19,4.15,0.04,0.96,5255.39,2191.641
600984.SH,20050824,3.2,3.2,3.08,3.16,3.22,-0.06,-1.86,17527.77,5489.686
600610.SH,20050824,4.03,4.4,4.02,4.39,4.03,0.36,8.93,17452.97,7475.575
000927.SZ,20050824,2.85,2.87,2.79,2.81,2.82,-0.01,-0.35,27903.28,7875.1457
600798.SH,20050824,3.44,3.55,3.44,3.55,3.44,0.11,3.2,6897.59,2410.554
600136.SH,20050824,4.06,4.19,3.97,4.14,4.1,0.04,0.98,19711.87,8100.086
000069.SZ,20050824,9.22,9.28,9.06,9.14,9.22,-0.08,-0.87,16272.8,14975.9471
600644.SH,20050824,3.73,3.76,3.64,3.73,3.73,0.0,0.0,23869.58,8826.216
600837.SH,20050824,6.95,7.3,6.95,7.14,6.93,0.21,3.03,12057.97,8655.644
000582.SZ,20050824,4.61,4.78,4.61,4.7,4.61,0.09,1.95,4641.84,2187.8026
600372.SH,20050824,2.61,2.66,2.6,2.65,2.62,0.03,1.15,14079.33,3700.041
000549.SZ,20050824,3.56,3.61,3.54,3.57,3.56,0.01,0.28,53443.87,19111.7748
000886.SZ,20050824,2.2,2.25,2.2,2.23,2.22,0.01,0.45,7134.64,1587.0473
600185.SH,20050824,3.36,3.45,3.36,3.42,3.38,0.04,1.18,5289.28,1806.814
600269.SH,20050824,9.21,9.36,9.21,9.33,9.24,0.09,0.97,13519.5,12602.271
600682.SH,20050824,6.69,6.9,6.68,6.85,6.67,0.18,2.7,1076.48,736.411
000783.SZ,20050824,2.21,2.27,2.2,2.25,2.21,0.04,1.81,21882.78,4905.3601
600856.SH,20050824,2.83,2.91,2.83,2.88,2.82,0.06,2.13,6572.77,1882.735
600888.SH,20050824,8.37,8.46,8.25,8.39,8.27,0.12,1.45,2177.37,1825.209
600288.SH,20050824,4.59,4.7,4.57,4.63,4.6,0.03,0.65,5163.43,2393.522
600303.SH,20050824,5.06,5.11,5.01,5.06,5.06,0.0,0.0,8938.16,4537.903
000817.SZ,20050824,6.95,7.06,6.87,6.93,6.93,0.0,0.0,31217.81,21756.2918
600221.SH,20050824,2.4,2.44,2.38,2.44,2.4,0.04,1.67,28554.37,6881.937
000813.SZ,20050824,2.08,2.08,1.95,2.03,2.0,0.03,1.5,57499.69,11545.3408
600598.SH,20050824,4.56,4.59,4.46,4.58,4.51,0.07,1.55,35744.43,16192.052
000977.SZ,20050824,6.95,7.0,6.76,6.92,6.86,0.06,0.87,9351.32,6424.6962
600129.SH,20050824,4.29,4.41,4.26,4.38,4.29,0.09,2.1,12687.59,5531.503
600179.SH,20050824,2.96,3.02,2.91,2.95,2.96,-0.01,-0.34,7870.04,2343.533
000618.SZ,20050824,3.82,3.89,3.68,3.84,3.8,0.04,1.05,39372.39,14963.352
600131.SH,20050824,3.46,3.54,3.44,3.5,3.48,0.02,0.57,10700.09,3752.275
000566.SZ,20050824,2.91,2.98,2.88,2.93,2.91,0.02,0.69,8323.0,2439.58
600386.SH,20050824,3.2,3.22,3.11,3.17,3.2,-0.03,-0.94,45208.06,14311.637
600475.SH,20050824,6.46,6.5,6.35,6.44,6.44,0.0,0.0,10354.18,6660.017
000822.SZ,20050824,4.16,4.24,4.16,4.19,4.17,0.02,0.48,30111.84,12660.7348
600385.SH,20050824,1.53,1.55,1.5,1.55,1.52,0.03,1.97,9726.01,1481.659
000820.SZ,20050824,2.29,2.38,2.29,2.37,2.26,0.11,4.87,17142.09,3992.5408
002028.SZ,20050824,12.62,13.18,12.6,12.95,12.66,0.29,2.29,18939.79,24590.5967
000562.SZ,20050824,4.2,4.24,4.08,4.18,4.2,-0.02,-0.48,48769.34,20282.8049
600739.SH,20050824,3.63,3.74,3.62,3.69,3.62,0.07,1.93,35328.25,12994.281
000782.SZ,20050824,2.78,2.79,2.69,2.76,2.8,-0.04,-1.43,21773.65,5956.8786
600368.SH,20050824,3.2,3.28,3.2,3.25,3.24,0.01,0.31,2439.6,789.434
600383.SH,20050824,5.06,5.08,4.97,5.0,5.07,-0.07,-1.38,31627.59,15860.981
600793.SH,20050824,4.05,4.19,4.05,4.14,4.06,0.08,1.97,4278.69,1762.756
000680.SZ,20050824,2.35,2.4,2.34,2.38,2.35,0.03,1.28,34645.41,8218.7593
000690.SZ,20050824,4.58,4.62,4.52,4.57,4.59,-0.02,-0.44,5370.18,2454.6261
000966.SZ,20050824,2.7,2.76,2.66,2.71,2.77,-0.06,-2.17,18332.18,4974.8468
000980.SZ,20050824,2.8,2.82,2.77,2.81,2.79,0.02,0.72,4168.65,1164.6512
600536.SH,20050824,9.61,9.87,9.56,9.71,9.6,0.11,1.15,4446.8,4306.835
000851.SZ,20050824,4.8,5.07,4.78,5.07,4.82,0.25,5.19,25163.87,12406.8823
000823.SZ,20050824,3.59,3.66,3.56,3.63,3.61,0.02,0.55,18285.48,6587.5278
600491.SH,20050824,7.8,8.03,7.8,7.95,7.82,0.13,1.66,7641.8,6058.221
000090.SZ,20050824,4.53,4.69,4.5,4.61,4.53,0.08,1.77,7716.25,3546.754
000514.SZ,20050824,3.64,3.7,3.61,3.67,3.59,0.08,2.23,5269.34,1924.1447
600784.SH,20050824,2.57,2.63,2.55,2.6,2.6,0.0,0.0,23351.36,6037.379
000592.SZ,20050824,1.07,1.1,1.02,1.05,1.07,-0.02,-1.87,41323.12,4342.606
600481.SH,20050824,4.39,4.52,4.3,4.43,4.41,0.02,0.45,12849.29,5712.28
600322.SH,20050824,3.18,3.19,3.12,3.17,3.17,0.0,0.0,22555.78,7126.05
600087.SH,20050824,3.95,4.04,3.93,3.99,3.96,0.03,0.76,10391.3,4155.594
600884.SH,20050824,3.38,3.66,3.38,3.57,3.36,0.21,6.25,75855.97,27055.194
000838.SZ,20050824,6.7,7.09,6.63,6.93,6.66,0.27,4.05,4816.87,3317.1049
600745.SH,20050824,2.05,2.12,2.01,2.08,2.05,0.03,1.46,12001.61,2491.485
000022.SZ,20050824,20.01,20.01,19.58,19.76,19.58,0.18,0.92,2258.45,4460.516
600560.SH,20050824,5.5,5.6,5.48,5.6,5.55,0.05,0.9,6751.3,3748.302
600039.SH,20050824,2.25,2.29,2.23,2.26,2.23,0.03,1.35,9180.02,2072.744
600629.SH,20050824,1.39,1.45,1.35,1.42,1.42,0.0,0.0,21493.0,2994.768
600743.SH,20050824,1.8,1.81,1.65,1.76,1.72,0.04,2.33,54802.7,9660.259
000967.SZ,20050824,3.6,3.69,3.52,3.68,3.65,0.03,0.82,5919.62,2120.3284
600208.SH,20050824,2.56,2.64,2.56,2.62,2.6,0.02,0.77,7267.98,1899.76
600723.SH,20050824,3.16,3.17,3.09,3.13,3.14,-0.01,-0.32,13536.44,4215.172
000409.SZ,20050824,1.46,1.46,1.46,1.46,1.39,0.07,5.04,4485.28,654.8509
600493.SH,20050824,3.88,4.03,3.88,3.97,3.89,0.08,2.06,10050.39,3981.618
600255.SH,20050824,6.03,6.16,6.02,6.13,6.09,0.04,0.66,1612.77,984.861
000547.SZ,20050824,4.46,4.5,4.4,4.49,4.45,0.04,0.9,11856.65,5284.8434
000406.SZ,20050824,5.1,5.22,5.1,5.19,5.11,0.08,1.57,31571.73,16352.8197
600693.SH,20050824,4.14,4.18,4.04,4.16,4.18,-0.02,-0.48,13018.43,5356.189
600337.SH,20050824,5.35,5.55,5.08,5.53,5.35,0.18,3.36,46440.83,24468.477
600211.SH,20050824,5.18,5.28,5.12,5.25,5.22,0.03,0.57,6097.42,3174.602
600302.SH,20050824,4.34,4.44,4.34,4.4,4.37,0.03,0.69,12457.43,5462.699
600720.SH,20050824,1.96,1.99,1.92,1.97,1.97,0.0,0.0,13792.1,2709.529
600690.SH,20050824,4.25,4.36,4.22,4.32,4.25,0.07,1.65,28552.06,12277.219
000950.SZ,20050824,3.65,3.72,3.56,3.72,3.54,0.18,5.08,27962.68,10319.9561
600854.SH,20050824,3.77,4.12,3.75,3.96,3.77,0.19,5.04,69082.07,27209.554
600872.SH,20050824,2.67,2.75,2.65,2.69,2.68,0.01,0.37,13185.68,3572.115
600975.SH,20050824,5.75,5.91,5.75,5.84,5.7,0.14,2.46,7385.81,4312.567
000418.SZ,20050824,3.51,3.75,3.5,3.68,3.56,0.12,3.37,20986.79,7648.3148
000818.SZ,20050824,2.99,3.03,2.95,3.0,2.98,0.02,0.67,9468.1,2833.5923
000505.SZ,20050824,1.37,1.44,1.37,1.42,1.37,0.05,3.65,15952.43,2252.3534
002006.SZ,20050824,8.2,8.57,8.11,8.53,8.19,0.34,4.15,18058.08,15287.6717
600756.SH,20050824,8.5,8.73,8.46,8.63,8.48,0.15,1.77,20820.34,17849.813
000971.SZ,20050824,2.64,2.67,2.6,2.65,2.62,0.03,1.15,7741.6,2041.7886
600391.SH,20050824,4.52,4.57,4.45,4.51,4.52,-0.01,-0.22,4237.6,1914.488
000983.SZ,20050824,6.93,7.03,6.91,7.03,6.93,0.1,1.44,64873.77,45315.6565
600855.SH,20050824,4.42,4.44,4.2,4.32,4.42,-0.1,-2.26,20120.3,8683.824
000661.SZ,20050824,3.26,3.33,3.2,3.31,3.21,0.1,3.12,11289.5,3695.7345
600636.SH,20050824,8.4,8.46,8.31,8.39,8.3,0.09,1.08,9727.51,8138.191
000751.SZ,20050824,3.14,3.19,3.12,3.17,3.16,0.01,0.32,21895.6,6911.0642
000407.SZ,20050824,2.43,2.49,2.43,2.47,2.45,0.02,0.82,7930.64,1955.0622
600505.SH,20050824,2.55,2.58,2.52,2.57,2.54,0.03,1.18,11663.09,2983.368
600826.SH,20050824,3.62,3.89,3.6,3.79,3.62,0.17,4.7,40387.87,15252.268
600266.SH,20050824,6.44,6.54,6.36,6.51,6.44,0.07,1.09,9968.52,6463.211
000956.SZ,20050824,7.06,7.18,7.03,7.11,7.04,0.07,0.99,25381.93,18046.1081
002038.SZ,20050824,10.13,10.55,10.13,10.49,10.13,0.36,3.55,6978.9,7251.0696
600251.SH,20050824,4.68,4.8,4.68,4.76,4.7,0.06,1.28,13779.54,6524.307
000955.SZ,20050824,2.63,2.67,2.6,2.65,2.64,0.01,0.38,3036.73,802.0052
600621.SH,20050824,4.18,4.25,4.18,4.24,4.16,0.08,1.92,11346.63,4806.916
600152.SH,20050824,3.67,3.8,3.67,3.74,3.65,0.09,2.47,42888.13,16064.865
000060.SZ,20050824,6.23,6.34,6.16,6.22,6.21,0.01,0.16,19592.01,12276.4171
002004.SZ,20050824,8.05,8.68,8.05,8.4,7.96,0.44,5.53,29617.59,24885.1901
600306.SH,20050824,4.38,4.47,4.35,4.42,4.36,0.06,1.38,7580.0,3339.927
600870.SH,20050824,3.85,3.86,3.78,3.85,3.81,0.04,1.05,8568.21,3287.434
000888.SZ,20050824,4.94,5.0,4.91,4.95,4.95,0.0,0.0,4635.49,2295.3572
000516.SZ,20050824,5.62,5.72,5.35,5.55,5.55,0.0,0.0,25602.76,14119.4634
600331.SH,20050824,5.98,6.01,5.9,5.99,5.93,0.06,1.01,22337.81,13337.146
000763.SZ,20050824,3.2,3.39,3.2,3.32,3.25,0.07,2.15,40742.1,13512.5204
000029.SZ,20050824,4.01,4.22,4.0,4.06,3.96,0.1,2.53,53271.31,21838.1172
600293.SH,20050824,2.55,2.55,2.48,2.52,2.51,0.01,0.4,8481.11,2132.337
000758.SZ,20050824,4.7,4.78,4.69,4.74,4.72,0.02,0.42,15840.09,7482.9886
000720.SZ,20050824,2.03,2.06,2.0,2.05,2.03,0.02,0.99,167364.67,34053.8217
600883.SH,20050824,3.83,3.92,3.81,3.9,3.87,0.03,0.78,10143.61,3925.205
000922.SZ,20050824,2.2,2.3,2.17,2.28,2.24,0.04,1.79,26170.23,5928.7083
600429.SH,20050824,2.07,2.12,2.07,2.1,2.08,0.02,0.96,12753.66,2672.028
600780.SH,20050824,3.26,3.38,3.25,3.35,3.26,0.09,2.76,107609.59,35849.827
600973.SH,20050824,5.31,5.37,5.16,5.24,5.23,0.01,0.19,48553.3,25496.02
600290.SH,20050824,5.75,5.78,5.71,5.76,5.76,0.0,0.0,1546.1,889.327
000850.SZ,20050824,2.01,2.03,1.99,2.02,2.0,0.02,1.0,43123.2,8679.4761
002001.SZ,20050824,10.45,10.55,10.23,10.3,10.3,0.0,0.0,7954.29,8230.4667
000806.SZ,20050824,3.64,3.74,3.62,3.69,3.65,0.04,1.1,45701.07,16802.8211
600207.SH,20050824,4.27,4.38,4.25,4.32,4.26,0.06,1.41,30059.96,12969.104
600695.SH,20050824,2.89,3.03,2.89,3.03,2.89,0.14,4.84,11159.12,3346.818
000555.SZ,20050824,2.89,3.09,2.88,3.09,2.94,0.15,5.1,14787.19,4421.8179
000504.SZ,20050824,4.48,4.59,4.44,4.56,4.51,0.05,1.11,20659.27,9312.9435
600882.SH,20050824,2.78,2.91,2.72,2.9,2.8,0.1,3.57,10914.25,3069.901
600747.SH,20050824,2.24,2.26,2.21,2.25,2.25,0.0,0.0,51342.67,11470.086
000671.SZ,20050824,5.5,5.53,5.29,5.49,5.5,-0.01,-0.18,4191.13,2274.9541
600786.SH,20050824,13.3,13.55,13.18,13.48,13.3,0.18,1.35,11921.52,15915.485
002011.SZ,20050824,7.76,8.09,7.76,7.95,7.78,0.17,2.19,6927.79,5499.0406
600631.SH,20050824,6.28,6.46,6.28,6.36,6.27,0.09,1.44,24422.99,15555.98
600675.SH,20050824,4.18,4.28,4.18,4.25,4.19,0.06,1.43,18310.94,7763.383
000025.SZ,20050824,3.35,3.56,3.32,3.52,3.4,0.12,3.53,14919.78,5149.2004
600155.SH,20050824,2.82,2.86,2.79,2.84,2.82,0.02,0.71,7111.44,2010.102
600117.SH,20050824,2.94,2.99,2.87,2.93,2.96,-0.03,-1.01,27678.76,8075.784
600070.SH,20050824,3.8,3.84,3.75,3.83,3.77,0.06,1.59,5117.56,1944.134
600182.SH,20050824,4.02,4.05,3.98,4.04,4.02,0.02,0.5,28932.84,11619.531
600350.SH,20050824,4.83,4.89,4.75,4.84,4.82,0.02,0.41,73767.33,35540.727
000831.SZ,20050824,2.64,2.66,2.6,2.65,2.63,0.02,0.76,7354.08,1939.4701
600558.SH,20050824,4.84,4.88,4.75,4.81,4.81,0.0,0.0,7651.66,3691.007
600657.SH,20050824,2.16,2.23,2.15,2.2,2.17,0.03,1.38,24240.49,5302.979
600589.SH,20050824,5.1,5.17,5.09,5.1,5.1,0.0,0.0,2484.6,1273.505
600705.SH,20050824,2.06,2.09,2.04,2.08,2.06,0.02,0.97,83709.81,17267.103
000595.SZ,20050824,2.56,2.61,2.53,2.59,2.56,0.03,1.17,7020.34,1805.0811
600065.SH,20050824,1.79,1.89,1.79,1.89,1.8,0.09,5.0,15313.0,2851.052
000938.SZ,20050824,9.85,10.23,9.82,10.02,9.82,0.2,2.04,6708.83,6754.6605
600239.SH,20050824,2.81,2.88,2.8,2.85,2.86,-0.01,-0.35,15322.33,4360.242
600750.SH,20050824,4.65,4.7,4.62,4.69,4.64,0.05,1.08,6472.0,3018.948
600778.SH,20050824,2.75,2.93,2.75,2.93,2.77,0.16,5.78,26899.63,7661.26
600674.SH,20050824,3.05,3.11,3.05,3.11,3.07,0.04,1.3,23087.48,7128.819
600021.SH,20050824,5.72,5.83,5.68,5.76,5.71,0.05,0.88,25819.16,14853.718
600581.SH,20050824,3.66,3.68,3.61,3.64,3.66,-0.02,-0.55,14574.41,5315.885
600608.SH,20050824,3.95,4.1,3.92,4.04,3.95,0.09,2.28,25862.57,10426.876
000590.SZ,20050824,3.13,3.15,3.04,3.15,3.11,0.04,1.29,20095.14,6238.3598
000629.SZ,20050824,5.19,5.24,5.13,5.17,5.19,-0.02,-0.39,37096.25,19240.7056
600480.SH,20050824,3.27,3.43,3.26,3.38,3.27,0.11,3.36,39137.9,13070.448
600866.SH,20050824,2.46,2.46,2.35,2.38,2.42,-0.04,-1.65,34605.21,8320.378
600686.SH,20050824,7.95,8.11,7.88,7.95,7.94,0.01,0.13,6297.7,5041.467
600840.SH,20050824,3.65,3.73,3.63,3.69,3.64,0.05,1.37,5854.19,2159.556
600235.SH,20050824,4.98,5.14,4.9,5.04,4.92,0.12,2.44,1917.95,966.416
600642.SH,20050824,5.78,5.89,5.74,5.8,5.77,0.03,0.52,61835.94,35920.509
600354.SH,20050824,3.01,3.08,2.99,3.05,3.01,0.04,1.33,11186.27,3399.097
002027.SZ,20050824,7.91,8.23,7.87,8.12,7.87,0.25,3.18,47302.38,38373.0914
000627.SZ,20050824,2.35,2.35,2.25,2.3,2.14,0.16,7.48,173415.53,40184.8256
600726.SH,20050824,3.33,3.41,3.32,3.38,3.37,0.01,0.3,10693.1,3604.834
000078.SZ,20050824,3.35,3.42,3.34,3.4,3.37,0.03,0.89,14404.33,4877.7031
600794.SH,20050824,2.88,3.03,2.87,3.01,2.92,0.09,3.08,9774.97,2902.247
600151.SH,20050824,3.44,3.62,3.41,3.56,3.47,0.09,2.59,41658.9,14716.205
000710.SZ,20050824,2.13,2.24,2.07,2.24,2.13,0.11,5.16,22592.27,5029.8506
000571.SZ,20050824,1.94,1.97,1.92,1.95,1.96,-0.01,-0.51,19455.49,3784.9103
600773.SH,20050824,2.22,2.28,2.18,2.25,2.23,0.02,0.9,17447.69,3904.891
000526.SZ,20050824,3.97,4.0,3.85,3.9,3.97,-0.07,-1.76,4312.0,1687.298
600586.SH,20050824,6.18,6.3,6.18,6.3,6.16,0.14,2.27,32307.77,20227.324
600289.SH,20050824,7.9,8.09,7.86,7.96,7.87,0.09,1.14,14635.89,11658.362
600561.SH,20050824,4.17,4.23,4.12,4.19,4.17,0.02,0.48,25699.17,10739.097
600083.SH,20050824,1.83,1.92,1.81,1.89,1.83,0.06,3.28,38535.66,7347.671
600078.SH,20050824,4.24,4.35,4.2,4.28,4.24,0.04,0.94,11771.4,5012.877
000779.SZ,20050824,3.05,3.09,2.92,3.09,2.97,0.12,4.04,46980.77,14143.0725
600323.SH,20050824,7.68,7.8,7.65,7.74,7.69,0.05,0.65,2587.91,2002.604
000739.SZ,20050824,3.8,3.89,3.73,3.73,3.7,0.03,0.81,19979.03,7554.4196
002035.SZ,20050824,6.18,6.4,6.13,6.3,6.19,0.11,1.78,23642.68,14908.3096
600421.SH,20050824,4.18,4.49,4.08,4.42,4.24,0.18,4.25,63074.81,27022.992
600460.SH,20050824,13.85,14.0,13.61,13.73,13.73,0.0,0.0,3454.92,4784.057
000401.SZ,20050824,2.55,2.66,2.53,2.57,2.57,0.0,0.0,28386.79,7351.1206
000564.SZ,20050824,3.0,3.03,2.91,2.98,2.99,-0.01,-0.33,33698.17,9986.6249
600677.SH,20050824,2.88,2.9,2.82,2.88,2.9,-0.02,-0.69,19369.73,5549.456
600811.SH,20050824,3.73,3.83,3.72,3.77,3.71,0.06,1.62,67417.34,25455.156
000702.SZ,20050824,3.05,3.1,3.03,3.09,3.05,0.04,1.31,17996.95,5513.2248
600012.SH,20050824,6.88,6.98,6.75,6.94,6.9,0.04,0.58,13684.49,9500.594
000515.SZ,20050824,3.51,3.74,3.48,3.7,3.53,0.17,4.82,60681.06,22085.0289
600456.SH,20050824,11.8,12.15,11.8,12.01,11.91,0.1,0.84,10201.53,12244.614
600487.SH,20050824,6.19,6.2,6.05,6.12,6.17,-0.05,-0.81,7653.16,4680.533
600557.SH,20050824,4.92,5.26,4.92,5.25,4.9,0.35,7.14,92494.07,47416.216
600277.SH,20050824,4.78,4.83,4.73,4.82,4.81,0.01,0.21,4937.18,2356.015
000722.SZ,20050824,2.94,3.12,2.94,3.07,2.95,0.12,4.07,30835.47,9422.3933
000158.SZ,20050824,2.71,2.74,2.68,2.72,2.7,0.02,0.74,8091.15,2194.8582
000881.SZ,20050824,3.04,3.11,2.98,3.07,3.04,0.03,0.99,15909.62,4833.3791
600408.SH,20050824,5.52,5.64,5.52,5.59,5.52,0.07,1.27,16757.36,9354.533
000876.SZ,20050824,6.9,6.96,6.87,6.92,6.88,0.04,0.58,11043.1,7637.2141
000707.SZ,20050824,2.9,3.05,2.89,3.05,2.9,0.15,5.17,42423.47,12697.7249
600247.SH,20050824,2.38,2.57,2.33,2.5,2.38,0.12,5.04,135995.14,33084.425
000008.SZ,20050824,5.53,5.69,5.5,5.63,5.53,0.1,1.81,7446.47,4176.181
600242.SH,20050824,1.99,2.02,1.96,1.99,1.99,0.0,0.0,11472.3,2270.733
600165.SH,20050824,2.47,2.57,2.45,2.53,2.52,0.01,0.4,15466.38,3878.066
002045.SZ,20050824,11.7,11.91,11.54,11.8,11.54,0.26,2.25,20968.12,24641.4865
600717.SH,20050824,7.23,7.3,7.13,7.28,7.24,0.04,0.55,37737.25,27245.854
600718.SH,20050824,6.75,6.85,6.7,6.85,6.77,0.08,1.18,11644.32,7913.336
600130.SH,20050824,3.41,3.5,3.41,3.45,3.41,0.04,1.17,18661.52,6434.958
000157.SZ,20050824,6.86,6.94,6.8,6.89,6.82,0.07,1.03,10626.27,7301.1378
000936.SZ,20050824,3.52,3.69,3.52,3.6,3.55,0.05,1.41,15854.33,5736.3422
600168.SH,20050824,3.09,3.12,3.05,3.11,3.09,0.02,0.65,6948.6,2153.082
600201.SH,20050824,4.35,4.7,4.12,4.19,4.34,-0.15,-3.46,26329.23,11020.166
600820.SH,20050824,3.37,3.45,3.35,3.45,3.37,0.08,2.37,21560.94,7375.165
600759.SH,20050824,1.34,1.36,1.29,1.35,1.34,0.01,0.75,10361.87,1374.029
600816.SH,20050824,3.01,3.02,2.74,2.99,2.88,0.11,3.82,389248.76,112955.598
600719.SH,20050824,4.07,4.19,4.06,4.16,4.11,0.05,1.22,6355.24,2626.125
000748.SZ,20050824,3.12,3.18,3.04,3.09,3.03,0.06,1.98,23137.58,7175.3534
000546.SZ,20050824,2.87,2.87,2.87,2.87,2.73,0.14,5.13,1005.66,288.6244
600095.SH,20050824,2.8,2.86,2.76,2.85,2.8,0.05,1.79,7769.24,2192.139
600887.SH,20050824,13.2,13.3,13.17,13.21,13.26,-0.05,-0.38,11681.06,15463.387
600209.SH,20050824,2.06,2.09,2.03,2.07,2.06,0.01,0.49,24183.92,4978.983
600863.SH,20050824,3.4,3.44,3.34,3.35,3.4,-0.05,-1.47,41208.93,13912.872
000826.SZ,20050824,3.38,3.43,3.35,3.42,3.38,0.04,1.18,15873.7,5390.5201
600175.SH,20050824,3.6,3.63,3.54,3.57,3.56,0.01,0.28,2454.11,882.079
600276.SH,20050824,13.81,14.25,13.81,14.24,14.0,0.24,1.71,3606.21,5091.82
600818.SH,20050824,6.66,7.3,6.63,7.27,6.7,0.57,8.51,16037.79,11427.705
600738.SH,20050824,2.37,2.4,2.32,2.36,2.37,-0.01,-0.42,26464.85,6236.349
600848.SH,20050824,3.14,3.18,3.05,3.18,3.03,0.15,4.95,10438.73,3262.536
600195.SH,20050824,3.95,3.97,3.82,3.91,3.93,-0.02,-0.51,19777.37,7694.568
600191.SH,20050824,4.1,4.19,4.09,4.18,4.09,0.09,2.2,10507.31,4369.068
000691.SZ,20050824,1.5,1.53,1.44,1.52,1.51,0.01,0.66,32726.33,4827.1542
600991.SH,20050824,4.41,4.48,4.41,4.45,4.42,0.03,0.68,8012.51,3565.66
000911.SZ,20050824,4.61,4.79,4.61,4.71,4.62,0.09,1.95,18261.87,8580.814
000498.SZ,20050824,2.24,2.26,2.18,2.21,2.24,-0.03,-1.34,28758.18,6351.2818
000531.SZ,20050824,5.57,5.68,5.56,5.67,5.57,0.1,1.8,8263.77,4641.9576
000626.SZ,20050824,10.3,10.38,10.16,10.28,10.4,-0.12,-1.15,4823.0,4954.361
600015.SH,20050824,3.99,4.08,3.97,4.06,3.98,0.08,2.01,320228.18,129550.628
600729.SH,20050824,6.85,6.95,6.72,6.83,6.83,0.0,0.0,4826.49,3310.506
000976.SZ,20050824,2.06,2.09,2.03,2.06,2.05,0.01,0.49,22610.88,4640.3012
000520.SZ,20050824,3.42,3.54,3.4,3.54,3.42,0.12,3.51,40090.62,13982.8774
600648.SH,20050824,5.76,6.12,5.7,6.0,5.73,0.27,4.71,11159.48,6652.672
600601.SH,20050824,3.74,3.8,3.68,3.8,3.74,0.06,1.6,248860.44,93392.28
600590.SH,20050824,5.63,5.83,5.6,5.73,5.65,0.08,1.42,7749.77,4439.401
000801.SZ,20050824,3.54,3.54,3.54,3.54,3.73,-0.19,-5.09,4142.0,1466.268
000678.SZ,20050824,3.4,3.45,3.31,3.4,3.35,0.05,1.49,20228.35,6833.0463
600470.SH,20050824,5.61,5.72,5.6,5.69,5.63,0.06,1.07,10926.86,6181.195
600635.SH,20050824,3.79,3.87,3.79,3.84,3.79,0.05,1.32,20871.41,8001.197
600237.SH,20050824,4.34,4.45,4.27,4.45,4.35,0.1,2.3,23587.44,10263.587
600038.SH,20050824,5.49,5.62,5.49,5.54,5.48,0.06,1.09,1134.9,628.041
000537.SZ,20050824,2.71,2.78,2.64,2.77,2.69,0.08,2.97,121333.75,32872.6184
000018.SZ,20050824,4.99,5.49,4.92,5.41,5.01,0.4,7.98,18983.13,10110.8324
600885.SH,20050824,5.48,5.78,5.39,5.64,5.52,0.12,2.17,37229.81,20957.951
600019.SH,20050824,4.57,4.62,4.56,4.58,4.57,0.01,0.22,871080.74,399128.915
000529.SZ,20050824,1.28,1.29,1.2,1.24,1.26,-0.02,-1.59,52149.14,6447.2067
600990.SH,20050824,8.38,8.54,8.27,8.44,8.37,0.07,0.84,6150.16,5181.326
600123.SH,20050824,10.07,10.27,10.07,10.16,10.02,0.14,1.4,22498.06,22967.644
000811.SZ,20050824,4.11,4.28,4.09,4.15,4.1,0.05,1.22,20731.84,8661.7873
600335.SH,20050824,3.7,3.83,3.7,3.74,3.72,0.02,0.54,3039.23,1137.338
600715.SH,20050824,1.32,1.36,1.29,1.35,1.31,0.04,3.05,33565.11,4459.682
600891.SH,20050824,1.77,1.79,1.73,1.76,1.77,-0.01,-0.57,28284.88,4981.894
002010.SZ,20050824,12.0,12.18,11.78,12.06,11.95,0.11,0.92,12969.4,15495.3483
600498.SH,20050824,6.84,6.85,6.63,6.81,6.78,0.03,0.44,25527.86,17183.936
600880.SH,20050824,11.6,11.78,11.48,11.62,11.68,-0.06,-0.51,8433.02,9794.942
000525.SZ,20050824,3.45,3.5,3.42,3.49,3.45,0.04,1.16,7159.83,2486.3205
000759.SZ,20050824,5.05,5.11,5.03,5.07,5.06,0.01,0.2,10070.83,5108.241
000066.SZ,20050824,9.35,9.46,9.24,9.35,9.35,0.0,0.0,38906.97,36386.6316
600339.SH,20050824,3.59,3.86,3.59,3.82,3.57,0.25,7.0,236068.78,89274.275
600615.SH,20050824,5.89,5.89,5.89,5.89,5.61,0.28,4.99,2351.0,1384.739
601607.SH,20050824,3.77,3.82,3.75,3.8,3.75,0.05,1.33,14277.6,5421.894
600319.SH,20050824,4.92,5.12,4.85,5.1,4.9,0.2,4.08,14760.87,7385.973
000632.SZ,20050824,2.77,2.82,2.71,2.79,2.71,0.08,2.95,146009.59,40351.7444
600458.SH,20050824,3.39,3.46,3.37,3.44,3.39,0.05,1.47,14952.4,5112.379
000979.SZ,20050824,2.92,2.98,2.86,2.96,2.92,0.04,1.37,2908.94,853.5431
000301.SZ,20050824,2.57,2.64,2.48,2.56,2.61,-0.05,-1.92,32862.79,8465.8119
600962.SH,20050824,4.4,4.44,4.35,4.44,4.38,0.06,1.37,13839.47,6094.698
000619.SZ,20050824,5.4,5.45,5.32,5.41,5.38,0.03,0.56,90492.0,48679.8944
000565.SZ,20050824,2.32,2.4,2.32,2.36,2.35,0.01,0.43,5235.09,1237.1128
000610.SZ,20050824,3.84,3.94,3.84,3.87,3.84,0.03,0.78,6305.23,2448.2288
600108.SH,20050824,1.86,1.91,1.85,1.88,1.88,0.0,0.0,38286.6,7174.381
600987.SH,20050824,3.47,3.55,3.43,3.5,3.47,0.03,0.86,17796.44,6213.773
600026.SH,20050824,7.3,7.53,7.3,7.43,7.27,0.16,2.2,86022.13,64148.548
000880.SZ,20050824,2.1,2.11,2.03,2.09,2.07,0.02,0.97,12572.99,2611.7202
000625.SZ,20050824,5.22,5.26,5.15,5.21,5.22,-0.01,-0.19,56345.24,29323.7351
600114.SH,20050824,4.43,4.54,4.41,4.45,4.43,0.02,0.45,10802.32,4843.377
600600.SH,20050824,9.23,9.23,9.08,9.18,9.16,0.02,0.22,1830.47,1674.768
000635.SZ,20050824,6.94,6.96,6.8,6.88,6.96,-0.08,-1.15,16685.2,11472.7859
000417.SZ,20050824,3.77,3.9,3.71,3.87,3.82,0.05,1.31,15622.65,5952.3483
000007.SZ,20050824,3.81,4.05,3.81,3.99,3.85,0.14,3.64,25831.76,10224.3512
002018.SZ,20050824,8.94,9.46,8.85,9.2,8.8,0.4,4.55,22142.88,20424.8099
600280.SH,20050824,8.42,8.58,8.28,8.39,8.42,-0.03,-0.36,15750.05,13207.459
000789.SZ,20050824,2.75,2.84,2.73,2.81,2.79,0.02,0.72,25478.61,7098.2814
600733.SH,20050824,3.41,3.58,3.35,3.57,3.4,0.17,5.0,25284.79,8830.677
600390.SH,20050824,4.85,4.85,4.62,4.76,4.84,-0.08,-1.65,5500.71,2611.589
600159.SH,20050824,2.36,2.48,2.36,2.48,2.36,0.12,5.08,17555.29,4323.14
000868.SZ,20050824,2.67,2.67,2.58,2.64,2.62,0.02,0.76,18598.77,4878.8692
000034.SZ,20050824,1.65,1.7,1.57,1.7,1.62,0.08,4.94,34840.22,5763.579
000014.SZ,20050824,5.64,5.82,5.61,5.77,5.63,0.14,2.49,5948.67,3419.8448
600862.SH,20050824,2.07,2.14,1.96,2.07,2.05,0.02,0.9756,32637.96,6707.449
001872.SZ,20050824,20.01,20.01,19.58,19.76,19.58,0.18,0.92,2258.45,4460.516
001914.SZ,20050824,5.15,5.99,5.15,5.84,5.63,0.21,3.73,7902.07,4561.9082
