ts_code,trade_date,open,high,low,close,pre_close,change,pct_chg,vol,amount
000829.SZ,20050415,4.63,4.63,4.42,4.45,4.65,-0.2,-4.3,9869.3,4415.8278
600790.SH,20050415,3.5,3.5,3.33,3.34,3.54,-0.2,-5.65,18219.35,6170.789
600181.SH,20050415,2.9,2.9,2.63,2.63,2.92,-0.29,-9.93,32370.14,8642.255
600501.SH,20050415,7.17,7.22,7.0,7.03,7.17,-0.14,-1.95,320.0,227.453
600880.SH,20050415,10.8,10.89,10.5,10.67,10.89,-0.22,-2.02,6465.41,6842.899
600029.SH,20050415,3.75,3.78,3.69,3.71,3.8,-0.09,-2.37,69570.91,25924.04
000027.SZ,20050415,7.55,7.59,7.35,7.45,7.59,-0.14,-1.84,53943.43,40126.0597
600340.SH,20050415,4.83,4.83,4.71,4.77,4.85,-0.08,-1.65,3138.08,1493.506
000972.SZ,20050415,7.0,7.0,6.85,6.93,7.09,-0.16,-2.26,4547.74,3142.2768
000780.SZ,20050415,3.85,3.9,3.75,3.8,3.97,-0.17,-4.28,12749.98,4857.3292
000802.SZ,20050415,3.62,3.64,3.54,3.62,3.62,0.0,0.0,3700.33,1324.8742
600674.SH,20050415,3.86,3.86,3.62,3.63,3.88,-0.25,-6.44,32618.09,12087.997
000573.SZ,20050415,2.85,2.88,2.79,2.8,2.87,-0.07,-2.44,8277.48,2344.6454
600845.SH,20050415,11.55,11.61,11.35,11.47,11.6,-0.13,-1.12,1323.09,1511.47
600746.SH,20050415,2.93,2.98,2.68,2.8,2.89,-0.09,-3.11,36920.99,10575.529
600151.SH,20050415,4.5,4.54,4.41,4.42,4.54,-0.12,-2.64,11791.21,5257.751
000979.SZ,20050415,4.45,4.53,4.2,4.24,4.48,-0.24,-5.36,5450.0,2370.0385
000705.SZ,20050415,3.7,3.71,3.55,3.6,3.74,-0.14,-3.74,6913.99,2503.6979
000585.SZ,20050415,2.18,2.18,2.1,2.11,2.16,-0.05,-2.31,10746.94,2282.1324
000888.SZ,20050415,6.18,6.49,6.15,6.39,6.32,0.07,1.11,34841.12,22226.5414
600510.SH,20050415,7.2,7.2,6.86,6.88,7.19,-0.31,-4.31,6929.48,4835.626
600236.SH,20050415,9.83,10.2,9.81,10.11,9.9,0.21,2.12,11932.24,12030.177
600085.SH,20050415,23.0,23.17,22.81,23.17,22.99,0.18,0.78,2708.45,6229.836
000768.SZ,20050415,4.62,4.77,4.62,4.64,4.69,-0.05,-1.07,11667.09,5478.5949
600590.SH,20050415,5.98,5.98,5.71,5.77,6.05,-0.28,-4.63,7256.01,4203.557
002029.SZ,20050415,9.25,9.37,8.91,9.03,9.4,-0.37,-3.94,8611.55,7900.4556
000633.SZ,20050415,2.03,2.03,1.86,1.89,2.05,-0.16,-7.8,71963.68,13781.2759
000868.SZ,20050415,3.0,3.0,2.87,2.88,2.98,-0.1,-3.36,3718.0,1084.845
000732.SZ,20050415,2.44,2.44,2.32,2.33,2.44,-0.11,-4.51,8022.49,1890.7888
000916.SZ,20050415,4.15,4.15,4.08,4.14,4.14,0.0,0.0,13573.48,5580.8925
600538.SH,20050415,7.4,7.65,7.39,7.43,7.38,0.05,0.68,8653.01,6509.823
000797.SZ,20050415,2.49,2.53,2.47,2.49,2.53,-0.04,-1.58,6285.34,1570.9207
600315.SH,20050415,5.38,5.38,5.25,5.31,5.38,-0.07,-1.3,4491.5,2376.423
600785.SH,20050415,6.21,6.21,6.06,6.08,6.26,-0.18,-2.88,3631.14,2222.505
000049.SZ,20050415,6.15,6.17,5.74,5.84,6.17,-0.33,-5.35,7688.59,4530.0451
000018.SZ,20050415,5.72,5.73,5.31,5.42,5.73,-0.31,-5.41,4160.35,2263.8666
600052.SH,20050415,3.22,3.23,3.0,3.01,3.22,-0.21,-6.52,32721.24,10099.826
600723.SH,20050415,3.19,3.19,3.07,3.1,3.21,-0.11,-3.43,5524.4,1715.694
002020.SZ,20050415,9.73,9.95,9.54,9.55,9.7,-0.15,-1.55,6803.73,6633.0936
600966.SH,20050415,8.16,8.32,8.11,8.27,8.16,0.11,1.35,45313.66,37307.578
600770.SH,20050415,9.9,10.17,9.8,9.9,9.9,0.0,0.0,22728.92,22715.591
600192.SH,20050415,3.9,3.9,3.74,3.76,3.92,-0.16,-4.08,2884.6,1096.078
000511.SZ,20050415,4.14,4.15,4.0,4.0,4.15,-0.15,-3.61,17499.89,7065.6705
000529.SZ,20050415,1.96,1.96,1.87,1.87,1.97,-0.1,-5.08,33965.25,6396.7166
600639.SH,20050415,5.77,5.79,5.58,5.61,5.77,-0.16,-2.77,7070.13,4003.385
600241.SH,20050415,5.62,5.66,5.47,5.6,5.64,-0.04,-0.71,1968.69,1095.964
600610.SH,20050415,4.95,5.18,4.77,5.14,4.87,0.27,5.54,23588.94,11876.434
600699.SH,20050415,3.51,3.58,3.37,3.55,3.58,-0.03,-0.84,15795.91,5535.573
600545.SH,20050415,4.08,4.1,3.95,4.0,4.11,-0.11,-2.68,4896.32,1966.862
000408.SZ,20050415,3.3,3.33,3.21,3.25,3.37,-0.12,-3.56,3758.7,1228.8487
600070.SH,20050415,4.42,4.49,4.34,4.39,4.49,-0.1,-2.23,2084.37,914.496
600355.SH,20050415,3.74,3.75,3.45,3.51,3.83,-0.32,-8.36,12377.68,4396.584
600488.SH,20050415,6.68,6.83,6.61,6.8,6.68,0.12,1.8,23394.38,15844.609
600455.SH,20050415,8.19,8.25,7.73,7.78,8.25,-0.47,-5.7,3901.91,3074.881
600479.SH,20050415,19.6,19.6,19.05,19.1,19.7,-0.6,-3.05,2318.53,4485.541
600677.SH,20050415,3.47,3.47,3.32,3.35,3.48,-0.13,-3.74,8178.4,2763.403
600667.SH,20050415,2.96,2.96,2.87,2.88,2.96,-0.08,-2.7,6204.02,1796.02
600365.SH,20050415,3.65,4.06,3.65,3.93,3.89,0.04,1.03,9782.48,3867.212
600819.SH,20050415,5.73,5.77,5.71,5.75,5.77,-0.02,-0.35,4086.0,2343.632
600633.SH,20050415,6.88,7.22,6.76,7.2,6.91,0.29,4.2,13904.21,9785.764
600601.SH,20050415,4.5,4.5,4.39,4.42,4.52,-0.1,-2.21,69201.01,30613.844
000726.SZ,20050415,9.54,9.8,9.5,9.62,9.61,0.01,0.1,36677.19,35467.6498
600613.SH,20050415,7.08,7.36,7.08,7.35,7.15,0.2,2.8,1818.91,1311.857
600363.SH,20050415,4.8,4.8,4.66,4.79,4.87,-0.08,-1.64,8844.39,4156.506
600852.SH,20050415,0.9,0.95,0.9,0.93,0.92,0.01,1.09,9896.38,914.855
600618.SH,20050415,6.17,6.78,6.1,6.72,6.21,0.51,8.21,17190.78,11087.765
000862.SZ,20050415,2.2,2.21,2.08,2.15,2.23,-0.08,-3.59,22396.11,4781.6975
600733.SH,20050415,4.6,4.6,4.3,4.32,4.68,-0.36,-7.69,12499.16,5555.739
000693.SZ,20050415,7.74,7.74,7.29,7.39,7.8,-0.41,-5.26,17540.94,13101.4495
600278.SH,20050415,4.88,4.9,4.7,4.82,5.03,-0.21,-4.18,14519.72,6983.364
002038.SZ,20050415,12.8,13.15,12.77,13.03,12.9,0.13,1.01,9538.34,12406.9343
600854.SH,20050415,4.27,4.27,4.03,4.05,4.28,-0.23,-5.37,45087.76,18447.059
600198.SH,20050415,9.05,9.13,8.82,8.89,9.1,-0.21,-2.31,13633.53,12171.936
600470.SH,20050415,7.16,7.23,7.05,7.15,7.19,-0.04,-0.56,10638.99,7584.513
000552.SZ,20050415,3.92,3.92,3.73,3.84,3.73,0.11,2.95,13218.09,5141.4794
600552.SH,20050415,5.0,5.0,4.85,4.86,5.05,-0.19,-3.76,5008.9,2447.568
000021.SZ,20050415,8.0,8.0,7.76,7.81,8.04,-0.23,-2.86,21564.38,16902.1131
600775.SH,20050415,3.94,3.94,3.72,3.75,3.95,-0.2,-5.06,9663.38,3677.53
000836.SZ,20050415,4.68,4.68,4.42,4.45,4.7,-0.25,-5.32,13603.32,6170.6964
600867.SH,20050415,3.89,4.25,3.83,3.98,3.89,0.09,2.31,50367.46,20631.115
600139.SH,20050415,5.0,5.18,4.9,4.95,5.04,-0.09,-1.79,5790.0,2905.592
600099.SH,20050415,3.28,3.29,3.12,3.16,3.31,-0.15,-4.53,20295.85,6474.103
600547.SH,20050415,10.88,10.92,10.72,10.8,10.94,-0.14,-1.28,4528.4,4907.901
000488.SZ,20050415,9.98,10.2,9.7,10.18,9.98,0.2,2.0,22120.97,22062.0243
000663.SZ,20050415,3.2,3.32,3.18,3.2,3.33,-0.13,-3.9,6079.48,1962.9896
000958.SZ,20050415,3.15,3.15,3.08,3.09,3.15,-0.06,-1.9,8731.95,2713.1351
000719.SZ,20050415,3.25,3.25,3.1,3.11,3.27,-0.16,-4.89,3322.0,1045.0698
600281.SH,20050415,4.28,4.56,4.28,4.36,4.39,-0.03,-0.68,8229.0,3625.346
000406.SZ,20050415,5.16,5.16,5.06,5.11,5.17,-0.06,-1.16,16726.93,8532.2754
000599.SZ,20050415,2.92,3.04,2.87,2.99,2.92,0.07,2.4,169235.97,50372.4191
000935.SZ,20050415,2.75,2.75,2.63,2.66,2.76,-0.1,-3.62,22094.12,5946.4398
600965.SH,20050415,3.69,3.71,3.6,3.61,3.71,-0.1,-2.7,8141.49,2969.854
600429.SH,20050415,2.81,2.81,2.58,2.63,2.83,-0.2,-7.07,20920.98,5590.934
600228.SH,20050415,3.58,3.6,3.45,3.57,3.6,-0.03,-0.83,17377.54,6146.574
600293.SH,20050415,3.29,3.29,3.15,3.17,3.28,-0.11,-3.35,3718.54,1194.487
600170.SH,20050415,4.78,4.78,4.68,4.68,4.81,-0.13,-2.7,9781.01,4617.449
600229.SH,20050415,3.8,3.8,3.49,3.55,3.48,0.07,2.01,9613.8,3473.35
600530.SH,20050415,5.9,5.97,5.8,5.85,5.93,-0.08,-1.35,3096.67,1813.836
600176.SH,20050415,4.45,4.65,4.36,4.48,4.45,0.03,0.67,82223.01,37283.818
000953.SZ,20050415,3.45,3.45,3.34,3.34,3.45,-0.11,-3.19,6570.0,2227.55
600693.SH,20050415,3.87,3.87,3.81,3.84,3.94,-0.1,-2.54,1502.62,576.236
600786.SH,20050415,14.28,14.28,13.9,14.0,14.12,-0.12,-0.85,7780.08,10893.891
600467.SH,20050415,7.2,7.25,7.1,7.2,7.3,-0.1,-1.37,4472.0,3201.376
600718.SH,20050415,10.58,10.58,10.28,10.31,10.63,-0.32,-3.01,9867.84,10224.234
600563.SH,20050415,12.92,13.19,12.88,13.1,12.84,0.26,2.02,21407.27,27971.917
600694.SH,20050415,13.0,13.18,12.41,12.45,13.19,-0.74,-5.61,33280.77,42005.246
600263.SH,20050415,5.18,5.34,5.16,5.29,5.26,0.03,0.57,11529.93,6079.197
600159.SH,20050415,2.76,2.76,2.68,2.68,2.75,-0.07,-2.55,2286.0,618.154
600487.SH,20050415,7.66,7.71,7.48,7.5,7.69,-0.19,-2.47,1344.0,1014.762
600398.SH,20050415,5.2,5.26,5.15,5.21,5.26,-0.05,-0.95,10750.43,5593.763
000713.SZ,20050415,3.52,3.65,3.48,3.6,3.52,0.08,2.27,26341.92,9441.3065
000559.SZ,20050415,4.53,4.69,4.5,4.67,4.55,0.12,2.64,40579.5,18723.2835
000596.SZ,20050415,4.61,4.68,4.35,4.38,4.68,-0.3,-6.41,4097.0,1832.628
600310.SH,20050415,7.44,7.44,7.31,7.32,7.48,-0.16,-2.14,2853.0,2095.009
600200.SH,20050415,9.93,9.93,9.75,9.8,9.95,-0.15,-1.51,9760.0,9591.301
600166.SH,20050415,4.7,4.77,4.56,4.66,4.74,-0.08,-1.69,31759.09,14792.409
600736.SH,20050415,5.4,5.4,5.24,5.24,5.4,-0.16,-2.96,8600.3,4545.446
600009.SH,20050415,16.8,16.98,16.75,16.82,16.89,-0.07,-0.41,39752.53,66859.576
600525.SH,20050415,11.3,11.3,10.93,10.98,11.32,-0.34,-3.0,910.0,1009.77
600396.SH,20050415,4.83,4.88,4.75,4.79,4.83,-0.04,-0.83,1848.8,888.249
000100.SZ,20050415,3.37,3.37,3.29,3.3,3.4,-0.1,-2.94,192774.97,64061.6737
600218.SH,20050415,2.76,2.76,2.57,2.59,2.77,-0.18,-6.5,10032.0,2628.738
600701.SH,20050415,3.39,3.39,3.26,3.29,3.4,-0.11,-3.24,2991.04,985.792
600503.SH,20050415,2.68,2.68,2.58,2.58,2.67,-0.09,-3.37,2529.0,659.165
600330.SH,20050415,7.14,7.14,6.97,7.07,7.17,-0.1,-1.39,11911.41,8385.276
600967.SH,20050415,4.13,4.31,4.11,4.12,4.57,-0.45,-9.85,32936.64,13697.511
600317.SH,20050415,10.2,10.38,10.03,10.29,10.24,0.05,0.49,11709.93,11954.093
600095.SH,20050415,3.27,3.27,3.18,3.2,3.27,-0.07,-2.14,2890.99,925.742
600575.SH,20050415,8.71,8.76,8.48,8.5,8.76,-0.26,-2.97,5772.7,4951.495
600161.SH,20050415,7.32,7.32,6.97,7.11,7.39,-0.28,-3.79,20213.19,14274.884
600475.SH,20050415,9.75,9.98,9.7,9.82,9.8,0.02,0.2,19515.35,19179.263
000533.SZ,20050415,2.97,3.12,2.96,2.99,2.98,0.01,0.34,13886.9,4215.4858
000673.SZ,20050415,3.79,3.8,3.65,3.66,3.82,-0.16,-4.19,1811.4,667.0484
600556.SH,20050415,6.85,6.85,6.65,6.68,6.87,-0.19,-2.77,8565.29,5754.848
600491.SH,20050415,11.25,11.33,10.98,11.01,11.34,-0.33,-2.91,3062.0,3399.801
600489.SH,20050415,6.7,6.94,6.61,6.85,6.76,0.09,1.33,17257.69,11798.21
600212.SH,20050415,3.15,3.15,3.09,3.09,3.16,-0.07,-2.22,6933.52,2156.018
600289.SH,20050415,10.58,10.58,10.2,10.35,10.69,-0.34,-3.18,13556.09,14049.378
600811.SH,20050415,3.48,3.48,3.36,3.39,3.5,-0.11,-3.14,33621.63,11458.472
000600.SZ,20050415,7.01,7.3,6.95,7.25,7.08,0.17,2.4,11627.83,8359.229
600067.SH,20050415,6.15,6.2,6.03,6.09,6.14,-0.05,-0.81,9079.58,5524.245
000613.SZ,20050415,1.62,1.71,1.62,1.64,1.63,0.01,0.61,11396.9,1900.2645
600358.SH,20050415,3.05,3.11,3.0,3.06,3.07,-0.01,-0.33,39981.19,12195.142
600183.SH,20050415,5.86,6.07,5.84,5.91,6.49,-0.58,-8.94,64196.19,38110.192
000811.SZ,20050415,4.64,4.64,4.42,4.46,4.62,-0.16,-3.46,4702.49,2101.4612
600179.SH,20050415,4.16,4.16,4.01,4.11,4.19,-0.08,-1.91,7356.62,3014.694
000733.SZ,20050415,4.12,4.12,3.82,3.88,4.14,-0.26,-6.28,21769.23,8607.9053
600137.SH,20050415,2.81,2.91,2.81,2.81,2.87,-0.06,-2.09,704.0,200.066
600727.SH,20050415,4.1,4.12,3.9,3.94,4.17,-0.23,-5.52,13643.17,5488.798
600869.SH,20050415,3.77,3.77,3.63,3.67,3.75,-0.08,-2.13,2791.84,1027.12
000685.SZ,20050415,3.47,3.49,3.29,3.3,3.47,-0.17,-4.9,7967.6,2675.3024
000769.SZ,20050415,1.26,1.26,1.19,1.19,1.25,-0.06,-4.8,23561.31,2834.8304
600406.SH,20050415,13.4,13.5,13.3,13.4,13.51,-0.11,-0.81,898.85,1203.045
001696.SZ,20050415,6.66,6.66,6.5,6.52,6.67,-0.15,-2.25,3470.2,2270.3886
000778.SZ,20050415,8.5,9.07,8.5,8.92,8.5,0.42,4.94,92255.72,82187.3301
000878.SZ,20050415,4.42,4.43,4.36,4.39,4.45,-0.06,-1.35,9298.27,4076.9956
600252.SH,20050415,3.55,3.6,3.5,3.51,3.62,-0.11,-3.04,1873.64,661.967
002008.SZ,20050415,17.95,18.17,17.58,17.6,17.98,-0.38,-2.11,8800.62,15683.025
000890.SZ,20050415,3.5,3.5,3.31,3.35,3.54,-0.19,-5.37,18446.0,6248.6362
000537.SZ,20050415,5.06,5.08,4.9,4.99,5.07,-0.08,-1.58,1348.0,671.1643
600428.SH,20050415,15.48,16.24,15.45,15.9,15.68,0.22,1.4,32993.16,52697.251
600777.SH,20050415,3.49,3.49,3.34,3.38,3.51,-0.13,-3.7,22467.54,7664.499
000620.SZ,20050415,2.14,2.24,2.1,2.17,2.14,0.03,1.4,16566.51,3618.3288
600591.SH,20050415,4.16,4.16,4.04,4.09,4.18,-0.09,-2.15,37220.33,15240.113
600270.SH,20050415,7.17,7.26,7.05,7.2,7.2,0.0,0.0,9885.85,7072.086
000817.SZ,20050415,7.16,7.18,6.97,6.98,7.18,-0.2,-2.79,29887.01,21010.244
600053.SH,20050415,3.2,3.22,3.07,3.07,3.23,-0.16,-4.95,27486.99,8517.993
600839.SH,20050415,4.11,4.12,3.97,4.09,4.17,-0.08,-1.92,216561.91,87456.077
000876.SZ,20050415,6.35,6.35,6.22,6.23,6.41,-0.18,-2.81,10163.5,6363.5453
000615.SZ,20050415,4.2,4.22,4.12,4.14,4.24,-0.1,-2.36,4150.96,1724.1411
600623.SH,20050415,6.97,7.69,6.86,7.69,6.99,0.7,10.01,32609.1,23586.152
002040.SZ,20050415,11.47,11.47,11.08,11.12,11.56,-0.44,-3.81,21977.52,24727.4605
600401.SH,20050415,7.06,7.08,6.78,6.8,7.1,-0.3,-4.23,1787.0,1228.605
600614.SH,20050415,7.28,7.28,6.57,7.1,7.3,-0.2,-2.74,4707.45,3292.991
600476.SH,20050415,7.61,7.61,7.31,7.32,7.61,-0.29,-3.81,2761.1,2038.441
000553.SZ,20050415,3.2,3.2,3.08,3.15,3.22,-0.07,-2.17,7124.53,2220.3156
600612.SH,20050415,5.71,6.24,5.71,6.24,5.67,0.57,10.05,31510.21,19049.316
002032.SZ,20050415,10.53,10.98,10.5,10.65,10.55,0.1,0.95,19853.05,21386.5008
000783.SZ,20050415,3.02,3.02,2.86,2.91,3.01,-0.1,-3.32,23239.92,6736.3067
600814.SH,20050415,3.55,3.55,3.43,3.44,3.56,-0.12,-3.37,2598.0,899.169
600635.SH,20050415,4.25,4.29,4.13,4.22,4.22,0.0,0.0,19278.66,8123.342
000567.SZ,20050415,3.66,3.69,3.53,3.55,3.7,-0.15,-4.05,1259.0,453.149
000807.SZ,20050415,4.02,4.02,3.9,3.92,4.06,-0.14,-3.45,10112.74,3972.0106
002022.SZ,20050415,13.47,13.83,13.3,13.47,13.48,-0.01,-0.07,19514.38,26462.329
000625.SZ,20050415,5.75,5.77,5.54,5.61,5.84,-0.23,-3.94,103925.45,58904.1941
000681.SZ,20050415,2.9,2.9,2.75,2.77,2.98,-0.21,-7.05,4547.79,1290.3029
600458.SH,20050415,4.0,4.0,3.8,3.83,4.06,-0.23,-5.67,13641.29,5325.019
600859.SH,20050415,4.6,4.74,4.56,4.71,4.64,0.07,1.51,7293.9,3410.071
002003.SZ,20050415,9.25,9.25,9.01,9.02,9.3,-0.28,-3.01,5645.47,5151.1361
600647.SH,20050415,8.42,8.73,8.4,8.62,8.71,-0.09,-1.03,54.0,45.731
600490.SH,20050415,7.9,7.9,7.61,7.72,7.92,-0.2,-2.53,2645.62,2036.864
600425.SH,20050415,4.28,4.33,4.23,4.31,4.31,0.0,0.0,5258.4,2243.607
600027.SH,20050415,3.41,3.42,3.29,3.3,3.42,-0.12,-3.51,77360.71,25765.606
000905.SZ,20050415,7.66,7.74,7.57,7.63,7.71,-0.08,-1.04,5123.8,3922.0537
600216.SH,20050415,4.23,4.28,3.98,4.06,4.34,-0.28,-6.45,151670.24,62284.387
000066.SZ,20050415,9.0,9.06,8.84,8.86,9.1,-0.24,-2.64,23180.33,20686.3211
600857.SH,20050415,3.55,3.55,3.35,3.36,3.58,-0.22,-6.15,4966.6,1694.578
600444.SH,20050415,7.26,7.26,7.05,7.07,7.32,-0.25,-3.42,2902.0,2058.955
000515.SZ,20050415,5.38,5.55,5.34,5.41,5.54,-0.13,-2.35,22776.74,12389.6072
600557.SH,20050415,8.42,8.43,7.72,7.98,8.43,-0.45,-5.34,11305.3,9038.721
000763.SZ,20050415,4.65,4.65,4.52,4.52,5.02,-0.5,-9.96,21508.0,9807.3148
000150.SZ,20050415,3.0,3.01,2.88,2.91,3.02,-0.11,-3.64,11061.63,3249.7237
600622.SH,20050415,3.78,3.78,3.61,3.67,3.73,-0.06,-1.61,6767.21,2489.405
002004.SZ,20050415,7.75,8.16,7.62,8.14,7.8,0.34,4.36,34254.82,27386.9941
600700.SH,20050415,0.82,0.87,0.79,0.87,0.83,0.04,4.82,68427.75,5738.065
600206.SH,20050415,5.4,5.47,5.25,5.37,5.48,-0.11,-2.01,7443.0,3965.786
600739.SH,20050415,3.7,3.77,3.5,3.56,3.85,-0.29,-7.53,61380.99,22161.227
600860.SH,20050415,4.29,4.29,4.07,4.1,4.29,-0.19,-4.43,5636.1,2356.524
600328.SH,20050415,3.93,3.99,3.79,3.8,3.92,-0.12,-3.06,32768.4,12652.451
600588.SH,20050415,18.02,18.02,17.4,17.59,18.02,-0.43,-2.39,3109.46,5470.107
600772.SH,20050415,3.24,3.29,3.15,3.15,3.33,-0.18,-5.41,9350.0,3003.282
000880.SZ,20050415,3.17,3.44,3.15,3.39,3.17,0.22,6.94,71757.51,23938.767
600837.SH,20050415,7.9,8.07,7.83,7.91,7.93,-0.02,-0.25,11604.64,9228.322
000965.SZ,20050415,3.19,3.19,2.96,3.01,3.22,-0.21,-6.52,13552.49,4150.9782
600659.SH,20050415,2.36,2.36,2.25,2.25,2.37,-0.12,-5.06,13137.0,2992.523
000698.SZ,20050415,3.96,4.01,3.94,3.95,4.01,-0.06,-1.5,6454.72,2561.9741
000956.SZ,20050415,7.84,7.84,7.61,7.64,7.85,-0.21,-2.68,28407.21,21806.5639
600721.SH,20050415,3.7,3.7,3.4,3.43,3.73,-0.3,-8.04,10199.09,3599.359
600515.SH,20050415,2.64,2.64,2.51,2.53,2.67,-0.14,-5.24,14477.5,3685.492
600005.SH,20050415,4.0,4.0,3.91,3.96,4.03,-0.07,-1.74,286797.9,113491.253
000004.SZ,20050415,5.61,5.78,5.3,5.48,5.43,0.05,0.92,4635.58,2592.588
600572.SH,20050415,6.22,6.26,6.05,6.1,6.29,-0.19,-3.02,2498.28,1536.834
600726.SH,20050415,3.68,3.68,3.55,3.55,3.68,-0.13,-3.53,8100.08,2911.938
600507.SH,20050415,8.85,9.06,8.85,8.96,8.88,0.08,0.9,9344.8,8408.643
600135.SH,20050415,5.35,5.42,5.09,5.14,5.3,-0.16,-3.02,77457.38,40704.687
002013.SZ,20050415,7.06,7.07,6.85,6.88,7.06,-0.18,-2.55,2571.39,1787.1974
600776.SH,20050415,4.02,4.13,3.97,4.11,4.06,0.05,1.23,8107.11,3276.95
600074.SH,20050415,3.8,3.8,3.74,3.74,3.84,-0.1,-2.6,12517.58,4701.619
600764.SH,20050415,5.35,5.37,5.25,5.25,5.34,-0.09,-1.69,7567.5,4015.383
600362.SH,20050415,5.3,5.3,5.15,5.19,5.36,-0.17,-3.17,44242.08,23074.339
600087.SH,20050415,5.0,5.09,4.94,5.05,5.02,0.03,0.6,30864.31,15547.942
000040.SZ,20050415,2.67,2.68,2.61,2.65,2.69,-0.04,-1.49,10906.44,2883.5353
000509.SZ,20050415,2.79,2.79,2.53,2.55,2.75,-0.2,-7.27,16202.12,4271.6009
600997.SH,20050415,8.8,8.9,8.76,8.8,8.82,-0.02,-0.23,14377.4,12688.906
000902.SZ,20050415,3.23,3.23,3.07,3.09,3.25,-0.16,-4.92,5129.68,1600.8042
000068.SZ,20050415,6.95,6.95,6.75,6.78,7.0,-0.22,-3.14,41824.41,28699.9833
600189.SH,20050415,5.36,5.36,5.27,5.29,5.4,-0.11,-2.04,6511.4,3456.684
600075.SH,20050415,9.23,9.49,9.07,9.36,9.23,0.13,1.41,19594.18,18209.192
000540.SZ,20050415,2.87,2.87,2.73,2.75,2.86,-0.11,-3.85,10322.01,2863.8918
600649.SH,20050415,4.87,4.97,4.85,4.9,4.88,0.02,0.41,16533.11,8084.888
000157.SZ,20050415,6.65,6.65,6.28,6.32,6.65,-0.33,-4.96,37362.62,23926.675
000555.SZ,20050415,5.0,5.0,4.87,4.87,5.13,-0.26,-5.07,2084.0,1015.843
600573.SH,20050415,6.35,6.4,6.17,6.19,6.45,-0.26,-4.03,4377.72,2730.626
600026.SH,20050415,11.25,11.35,11.07,11.18,11.1,0.08,0.72,75220.81,84406.575
600898.SH,20050415,4.14,4.16,3.99,4.05,4.19,-0.14,-3.34,6357.5,2566.216
600312.SH,20050415,4.33,4.33,4.12,4.18,4.31,-0.13,-3.02,11585.7,4876.824
600307.SH,20050415,5.79,5.79,5.61,5.65,5.8,-0.15,-2.59,15165.54,8616.68
000928.SZ,20050415,3.03,3.1,2.92,2.95,3.07,-0.12,-3.91,13348.2,3969.051
600486.SH,20050415,7.0,7.04,6.79,6.87,7.02,-0.15,-2.14,2333.13,1603.327
600460.SH,20050415,15.1,15.57,15.08,15.54,15.1,0.44,2.91,8481.95,13033.079
600513.SH,20050415,8.78,8.84,8.51,8.82,8.79,0.03,0.34,1072.89,928.728
600761.SH,20050415,5.89,6.04,5.85,5.96,6.0,-0.04,-0.67,22021.6,13148.531
000631.SZ,20050415,2.51,2.51,2.36,2.39,2.54,-0.15,-5.91,14011.36,3390.1078
000815.SZ,20050415,6.09,6.09,5.91,5.96,6.09,-0.13,-2.13,2999.99,1792.6276
600586.SH,20050415,9.81,9.9,9.62,9.87,9.92,-0.05,-0.5,5922.0,5790.679
000544.SZ,20050415,2.95,2.95,2.76,2.77,2.93,-0.16,-5.46,11402.82,3204.5028
600090.SH,20050415,3.54,3.54,3.4,3.42,3.57,-0.15,-4.2,10635.15,3684.994
600815.SH,20050415,3.44,3.49,3.4,3.44,3.4,0.04,1.18,35619.86,12290.001
600508.SH,20050415,12.18,12.18,11.93,12.0,12.2,-0.2,-1.64,15746.79,18970.567
600113.SH,20050415,4.9,4.9,4.8,4.84,4.93,-0.09,-1.83,1067.0,513.708
000568.SZ,20050415,3.81,3.84,3.75,3.84,3.83,0.01,0.26,8291.87,3143.4342
000886.SZ,20050415,2.9,2.9,2.8,2.84,2.87,-0.03,-1.05,4856.97,1379.0128
600823.SH,20050415,4.78,4.98,4.78,4.96,4.8,0.16,3.33,59271.53,29122.212
600329.SH,20050415,6.82,6.82,6.62,6.67,6.81,-0.14,-2.06,5114.99,3407.223
600104.SH,20050415,4.4,4.4,4.24,4.25,4.39,-0.14,-3.19,105284.93,45087.366
600715.SH,20050415,1.67,1.67,1.62,1.64,1.68,-0.04,-2.38,9420.28,1542.501
600320.SH,20050415,13.06,13.3,12.93,13.19,13.1,0.09,0.69,55448.42,72738.003
600056.SH,20050415,4.83,4.88,4.66,4.72,4.72,0.0,0.0,2139.78,1011.342
600866.SH,20050415,3.34,3.34,3.23,3.23,3.36,-0.13,-3.87,11113.24,3637.117
600260.SH,20050415,4.47,4.47,4.25,4.33,4.41,-0.08,-1.81,8152.97,3531.235
000611.SZ,20050415,4.2,4.32,4.2,4.22,4.34,-0.12,-2.77,6978.0,2975.617
000722.SZ,20050415,2.67,2.67,2.55,2.57,2.69,-0.12,-4.46,19441.88,5051.6146
000535.SZ,20050415,0.77,0.78,0.75,0.76,0.78,-0.02,-2.56,36274.02,2783.9704
600579.SH,20050415,3.33,3.33,3.13,3.14,3.36,-0.22,-6.55,10063.67,3235.098
600030.SH,20050415,5.13,5.15,4.98,5.06,5.21,-0.15,-2.88,127102.53,64286.653
000718.SZ,20050415,1.03,1.08,1.02,1.04,1.06,-0.02,-1.89,26800.64,2828.6385
600303.SH,20050415,5.3,5.3,5.2,5.21,5.34,-0.13,-2.43,6908.0,3622.596
000926.SZ,20050415,8.01,8.12,7.78,7.91,8.09,-0.18,-2.23,4701.0,3703.5804
002039.SZ,20050415,8.24,8.24,8.0,8.0,8.3,-0.3,-3.61,19673.07,15891.6843
000637.SZ,20050415,8.1,8.13,8.04,8.12,8.13,-0.01,-0.12,837.0,677.5097
600003.SH,20050415,2.7,2.73,2.65,2.69,2.7,-0.01,-0.37,17136.08,4595.021
600177.SH,20050415,6.06,6.25,6.01,6.22,6.08,0.14,2.3,76536.11,47304.562
600620.SH,20050415,3.23,3.23,3.1,3.12,3.23,-0.11,-3.41,8146.94,2579.433
000502.SZ,20050415,6.42,6.42,6.12,6.12,6.42,-0.3,-4.67,3403.99,2120.6358
000906.SZ,20050415,3.68,3.68,3.35,3.36,3.72,-0.36,-9.68,47720.35,16238.073
600435.SH,20050415,5.77,5.93,5.75,5.77,5.88,-0.11,-1.87,2319.95,1343.282
000898.SZ,20050415,5.0,5.09,4.96,5.07,5.06,0.01,0.2,40995.28,20639.2756
600483.SH,20050415,3.28,3.28,3.19,3.2,3.31,-0.11,-3.32,8241.29,2656.557
000507.SZ,20050415,5.2,5.2,5.05,5.08,5.24,-0.16,-3.05,14854.28,7621.2667
000859.SZ,20050415,2.57,2.57,2.47,2.48,2.57,-0.09,-3.5,9602.82,2397.2278
600058.SH,20050415,8.17,8.23,8.05,8.1,8.17,-0.07,-0.86,52022.13,42310.206
600656.SH,20050415,3.66,3.7,3.46,3.48,3.7,-0.22,-5.95,32186.55,11409.699
000572.SZ,20050415,4.57,4.64,4.5,4.6,4.63,-0.03,-0.65,1616.93,734.7985
000687.SZ,20050415,3.17,3.29,3.1,3.26,3.25,0.01,0.31,7949.13,2551.6706
000959.SZ,20050415,4.05,4.05,3.98,3.99,4.07,-0.08,-1.97,12412.21,4963.6526
000516.SZ,20050415,5.11,5.23,5.04,5.12,5.2,-0.08,-1.54,1912.9,972.9983
600232.SH,20050415,9.5,9.69,9.45,9.52,9.66,-0.14,-1.45,2223.71,2125.145
600203.SH,20050415,3.57,3.57,3.4,3.46,3.57,-0.11,-3.08,13442.45,4655.608
002018.SZ,20050415,7.98,8.04,7.78,7.78,8.0,-0.22,-2.75,2613.0,2073.563
600071.SH,20050415,4.4,4.69,4.29,4.57,4.47,0.1,2.24,35663.48,16200.558
600509.SH,20050415,4.21,4.21,4.09,4.11,4.21,-0.1,-2.38,8181.4,3382.957
000729.SZ,20050415,8.05,8.21,7.92,8.08,8.07,0.01,0.12,23089.85,18714.3993
600800.SH,20050415,3.45,3.48,3.25,3.27,3.49,-0.22,-6.3,13245.2,4386.257
600205.SH,20050415,9.6,9.6,9.32,9.38,9.62,-0.24,-2.49,20655.81,19434.637
000866.SZ,20050415,12.33,12.44,12.1,12.23,12.47,-0.24,-1.92,104872.59,128737.8666
000821.SZ,20050415,3.14,3.14,3.06,3.07,3.15,-0.08,-2.54,7066.72,2181.3916
600078.SH,20050415,5.4,5.46,5.33,5.33,5.42,-0.09,-1.66,13663.0,7373.926
600156.SH,20050415,2.44,2.45,2.3,2.36,2.42,-0.06,-2.48,4784.54,1137.442
600240.SH,20050415,4.41,4.41,4.21,4.37,4.46,-0.09,-2.02,576.04,247.751
000711.SZ,20050415,4.33,4.33,4.05,4.06,4.33,-0.27,-6.24,4711.0,1950.896
600986.SH,20050415,5.51,5.57,5.38,5.4,5.59,-0.19,-3.4,7363.55,4008.027
600585.SH,20050415,6.95,7.0,6.78,6.8,7.06,-0.26,-3.68,27193.0,18749.613
600426.SH,20050415,10.85,10.94,10.43,10.53,10.88,-0.35,-3.22,20798.34,22074.7
000998.SZ,20050415,10.57,10.57,10.2,10.22,10.57,-0.35,-3.31,2737.1,2814.2208
600863.SH,20050415,3.33,3.43,3.28,3.3,3.52,-0.22,-6.25,78596.18,26576.078
000662.SZ,20050415,13.08,13.2,13.0,13.18,13.13,0.05,0.38,4931.5,6459.7924
000977.SZ,20050415,7.06,7.1,6.8,6.81,7.11,-0.3,-4.22,5485.4,3787.2804
600664.SH,20050415,5.0,5.03,4.73,4.83,5.07,-0.24,-4.73,18835.39,9110.922
600469.SH,20050415,6.3,6.68,6.28,6.6,6.36,0.24,3.77,10428.54,6751.915
600748.SH,20050415,4.25,4.3,4.06,4.16,4.26,-0.1,-2.35,21665.32,9055.341
000728.SZ,20050415,4.81,4.81,4.4,4.52,4.83,-0.31,-6.42,18457.72,8438.6263
600109.SH,20050415,5.35,5.44,5.21,5.22,5.35,-0.13,-2.43,2116.0,1121.148
600626.SH,20050415,5.03,5.15,4.97,5.1,5.06,0.04,0.79,14776.36,7458.081
000976.SZ,20050415,2.86,2.86,2.75,2.77,2.88,-0.11,-3.82,13342.2,3738.306
600452.SH,20050415,4.95,4.95,4.69,4.69,4.91,-0.22,-4.48,6015.0,2872.356
600679.SH,20050415,4.34,4.48,4.16,4.45,4.34,0.11,2.53,5477.41,2336.574
600712.SH,20050415,4.05,4.05,3.75,3.94,4.11,-0.17,-4.14,18353.16,7223.84
600369.SH,20050415,2.53,2.53,2.31,2.35,2.51,-0.16,-6.37,21674.05,5171.38
600055.SH,20050415,5.51,5.51,5.29,5.3,5.53,-0.23,-4.16,4193.4,2249.37
600296.SH,20050415,4.5,4.51,4.3,4.31,4.54,-0.23,-5.07,24886.15,10911.074
000635.SZ,20050415,8.95,8.95,8.77,8.82,8.99,-0.17,-1.89,3832.5,3401.305
600543.SH,20050415,4.49,4.49,4.37,4.38,4.53,-0.15,-3.31,3931.54,1733.161
000531.SZ,20050415,6.4,6.45,6.34,6.36,6.45,-0.09,-1.4,4130.95,2650.6877
000789.SZ,20050415,3.8,3.85,3.55,3.55,3.94,-0.39,-9.9,55794.16,20260.5825
600321.SH,20050415,4.16,4.24,4.03,4.1,4.16,-0.06,-1.44,11858.93,4943.646
600020.SH,20050415,7.78,8.02,7.59,7.98,7.83,0.15,1.92,75681.49,59804.418
000554.SZ,20050415,3.54,3.54,3.35,3.42,3.55,-0.13,-3.66,77391.16,26422.8205
600546.SH,20050415,7.81,7.81,7.58,7.71,7.88,-0.17,-2.16,4923.85,3768.809
600354.SH,20050415,4.15,4.18,4.02,4.08,4.19,-0.11,-2.63,9296.81,3803.488
000423.SZ,20050415,8.32,8.41,8.25,8.3,8.32,-0.02,-0.24,24785.98,20608.0083
600360.SH,20050415,9.35,9.35,8.88,9.04,9.37,-0.33,-3.52,4687.6,4243.211
600719.SH,20050415,4.25,4.26,4.11,4.12,4.22,-0.1,-2.37,2201.9,917.442
600991.SH,20050415,5.8,5.8,5.56,5.57,5.84,-0.27,-4.62,6908.01,3889.634
600778.SH,20050415,3.26,3.26,3.15,3.17,3.27,-0.1,-3.06,6404.4,2039.44
600781.SH,20050415,2.64,2.64,2.55,2.6,2.64,-0.04,-1.52,1414.0,365.828
600822.SH,20050415,7.7,8.35,7.7,7.99,7.63,0.36,4.72,12237.62,9852.567
600987.SH,20050415,4.06,4.28,4.05,4.11,4.45,-0.34,-7.64,16343.12,6767.816
600086.SH,20050415,1.75,1.75,1.7,1.7,1.79,-0.09,-5.03,47788.61,8146.651
600710.SH,20050415,3.14,3.14,3.0,3.0,3.14,-0.14,-4.46,21794.77,6618.715
600092.SH,20050415,2.1,2.1,2.0,2.03,2.1,-0.07,-3.33,11627.49,2367.796
000932.SZ,20050415,4.32,4.35,4.28,4.31,4.36,-0.05,-1.15,19060.12,8214.7022
000501.SZ,20050415,2.53,2.53,2.33,2.34,2.59,-0.25,-9.65,18323.16,4418.3685
000912.SZ,20050415,7.28,7.31,7.17,7.2,7.3,-0.1,-1.37,26084.39,18812.8109
600387.SH,20050415,5.0,5.0,4.66,4.72,4.93,-0.21,-4.26,9954.2,4756.207
600022.SH,20050415,5.84,5.93,5.77,5.82,5.77,0.05,0.87,60451.83,35536.226
600644.SH,20050415,4.05,4.05,3.95,3.99,4.06,-0.07,-1.72,4755.0,1897.648
000415.SZ,20050415,3.23,3.38,3.15,3.26,3.3,-0.04,-1.21,3765.7,1220.6594
000504.SZ,20050415,6.54,6.61,6.44,6.51,6.56,-0.05,-0.76,17579.89,11449.8348
000519.SZ,20050415,6.4,6.4,6.13,6.31,6.44,-0.13,-2.02,941.15,592.2888
600381.SH,20050415,4.2,4.24,4.11,4.13,4.26,-0.13,-3.05,4707.0,1961.725
600097.SH,20050415,5.0,5.05,4.92,5.02,5.08,-0.06,-1.18,1596.0,797.046
000827.SZ,20050415,1.38,1.46,1.36,1.38,1.4,-0.02,-1.43,15458.26,2189.4505
000048.SZ,20050415,2.25,2.25,2.15,2.15,2.26,-0.11,-4.87,3978.0,864.051
000541.SZ,20050415,13.2,13.22,12.89,12.95,13.26,-0.31,-2.34,10421.13,13517.5001
000701.SZ,20050415,5.85,5.85,5.66,5.67,5.87,-0.2,-3.41,5789.19,3313.9116
600279.SH,20050415,5.71,5.82,5.56,5.81,5.71,0.1,1.75,11031.79,6295.76
600774.SH,20050415,4.17,4.23,4.12,4.12,4.14,-0.02,-0.48,1016.92,424.101
000607.SZ,20050415,4.51,4.52,4.36,4.37,4.59,-0.22,-4.79,27058.35,11941.0186
000692.SZ,20050415,3.3,3.3,3.15,3.2,3.3,-0.1,-3.03,5057.22,1624.5382
000586.SZ,20050415,4.53,4.53,4.35,4.39,4.58,-0.19,-4.15,5267.7,2347.2529
600702.SH,20050415,3.48,3.48,3.33,3.39,3.52,-0.13,-3.69,8884.64,3033.629
000837.SZ,20050415,4.05,4.05,3.8,3.89,4.08,-0.19,-4.66,7355.52,2901.3175
000712.SZ,20050415,3.88,3.9,3.8,3.83,3.94,-0.11,-2.79,1231.81,472.2876
600446.SH,20050415,8.09,8.13,7.7,7.8,8.18,-0.38,-4.65,2481.0,1954.346
000669.SZ,20050415,6.2,6.2,5.58,5.75,6.2,-0.45,-7.26,3105.05,1835.2224
000668.SZ,20050415,7.65,7.65,6.89,6.89,7.65,-0.76,-9.93,5705.4,4031.1753
600249.SH,20050415,7.26,7.28,7.09,7.22,7.26,-0.04,-0.55,8267.36,5960.08
000046.SZ,20050415,4.02,4.04,3.97,3.98,4.05,-0.07,-1.73,9091.8,3640.5198
000915.SZ,20050415,3.59,3.59,3.41,3.43,3.59,-0.16,-4.46,5268.01,1828.5636
600227.SH,20050415,7.88,7.9,7.75,7.81,7.94,-0.13,-1.64,7222.81,5647.73
600007.SH,20050415,4.94,5.1,4.9,5.05,4.99,0.06,1.2,9024.97,4536.422
600829.SH,20050415,5.88,5.88,5.65,5.66,5.9,-0.24,-4.07,3025.0,1739.052
600893.SH,20050415,4.32,4.69,4.29,4.62,4.35,0.27,6.21,91834.03,41836.473
600970.SH,20050415,18.0,18.5,17.9,18.08,18.0,0.08,0.44,22152.92,40339.036
600499.SH,20050415,8.7,8.7,8.5,8.55,8.71,-0.16,-1.84,3360.08,2870.293
600299.SH,20050415,8.4,8.47,8.24,8.4,8.48,-0.08,-0.94,7322.83,6118.726
600100.SH,20050415,10.6,10.8,10.6,10.64,10.92,-0.28,-2.56,14949.34,16014.423
600861.SH,20050415,4.05,4.05,3.92,3.95,4.05,-0.1,-2.47,3394.97,1345.461
000899.SZ,20050415,3.18,3.18,3.06,3.08,3.18,-0.1,-3.14,6866.22,2126.1035
600636.SH,20050415,7.99,8.16,7.97,8.14,8.04,0.1,1.24,10360.08,8353.027
000779.SZ,20050415,2.63,2.68,2.48,2.48,2.68,-0.2,-7.46,44697.02,11402.8488
600570.SH,20050415,10.07,10.07,9.76,9.79,10.14,-0.35,-3.45,2609.41,2575.368
600247.SH,20050415,4.23,4.25,4.03,4.04,4.21,-0.17,-4.04,18366.69,7519.979
600661.SH,20050415,7.61,7.99,7.45,7.98,7.61,0.37,4.86,14637.0,11455.085
600262.SH,20050415,3.96,4.0,3.82,3.84,4.02,-0.18,-4.48,4451.5,1725.451
600006.SH,20050415,2.88,2.89,2.81,2.82,2.91,-0.09,-3.09,21357.37,6081.474
000421.SZ,20050415,3.59,3.6,3.5,3.54,3.62,-0.08,-2.21,4360.7,1555.6635
600831.SH,20050415,7.3,7.3,7.01,7.01,7.38,-0.37,-5.01,26047.66,18478.629
600537.SH,20050415,3.87,3.87,3.78,3.8,3.9,-0.1,-2.56,4177.96,1588.171
600744.SH,20050415,3.97,3.97,3.82,3.85,3.97,-0.12,-3.02,10882.13,4209.428
600730.SH,20050415,4.96,4.98,4.76,4.78,4.99,-0.21,-4.21,4347.2,2104.889
600704.SH,20050415,4.02,4.04,3.92,3.95,4.03,-0.08,-1.99,4248.57,1676.118
600984.SH,20050415,4.21,4.3,4.1,4.1,4.56,-0.46,-10.09,22392.48,9206.96
000651.SZ,20050415,9.34,9.34,9.02,9.09,9.37,-0.28,-2.99,9055.95,8273.1345
600306.SH,20050415,4.78,4.81,4.55,4.65,4.8,-0.15,-3.13,4867.9,2270.706
000850.SZ,20050415,2.55,2.56,2.42,2.54,2.56,-0.02,-0.78,57060.68,14162.7325
600118.SH,20050415,5.95,5.95,5.62,5.62,6.24,-0.62,-9.94,13091.9,7451.108
000788.SZ,20050415,3.65,3.65,3.5,3.54,3.64,-0.1,-2.75,3360.08,1191.117
600796.SH,20050415,7.1,7.44,7.1,7.43,7.21,0.22,3.05,18078.09,13197.54
000657.SZ,20050415,4.12,4.12,3.98,4.03,4.12,-0.09,-2.18,3705.29,1497.9757
600375.SH,20050415,4.19,4.19,4.02,4.05,4.2,-0.15,-3.57,5314.5,2171.763
600696.SH,20050415,2.45,2.53,2.45,2.51,2.56,-0.05,-1.95,6973.76,1739.922
600851.SH,20050415,9.65,9.65,9.5,9.59,9.69,-0.1,-1.03,8926.0,8532.929
000717.SZ,20050415,5.9,5.91,5.71,5.75,5.92,-0.17,-2.87,42913.32,24783.2606
600222.SH,20050415,8.98,9.06,8.31,8.5,8.98,-0.48,-5.35,424.0,364.406
000416.SZ,20050415,7.64,7.64,7.4,7.47,7.64,-0.17,-2.23,10611.26,7942.347
600210.SH,20050415,2.95,2.96,2.9,2.94,2.97,-0.03,-1.01,77228.2,22590.17
000070.SZ,20050415,5.31,5.31,5.01,5.1,5.38,-0.28,-5.2,6453.25,3333.0981
000518.SZ,20050415,2.08,2.08,2.02,2.03,2.08,-0.05,-2.4,141023.7,28829.3386
600616.SH,20050415,10.33,10.44,10.31,10.37,10.39,-0.02,-0.19,7459.0,7736.065
600325.SH,20050415,7.1,7.24,6.96,6.98,7.18,-0.2,-2.79,3270.01,2308.7
000997.SZ,20050415,10.61,10.66,10.1,10.27,10.66,-0.39,-3.66,4123.49,4242.9788
600589.SH,20050415,5.75,5.79,5.52,5.64,5.93,-0.29,-4.89,14619.94,8279.371
600276.SH,20050415,15.36,15.41,15.0,15.04,15.41,-0.37,-2.4,2215.57,3364.213
000683.SZ,20050415,2.17,2.17,2.03,2.05,2.17,-0.12,-5.53,13091.99,2717.2024
600795.SH,20050415,5.75,5.83,5.71,5.76,5.81,-0.05,-0.86,14710.87,8492.199
600197.SH,20050415,3.77,3.78,3.7,3.74,3.77,-0.03,-0.8,16497.09,6185.243
600992.SH,20050415,4.82,4.82,4.65,4.66,4.83,-0.17,-3.52,4477.9,2110.169
600062.SH,20050415,4.25,4.25,4.08,4.11,4.26,-0.15,-3.52,23031.02,9500.363
600637.SH,20050415,5.7,5.7,5.48,5.54,5.77,-0.23,-3.99,12580.2,7014.515
600326.SH,20050415,3.95,3.95,3.82,3.83,3.99,-0.16,-4.01,8578.32,3321.237
600223.SH,20050415,3.35,3.35,3.18,3.18,3.35,-0.17,-5.07,9239.22,3004.259
000526.SZ,20050415,4.46,4.46,4.18,4.19,4.53,-0.34,-7.51,7553.35,3229.0821
000563.SZ,20050415,3.97,4.01,3.81,3.94,4.02,-0.08,-1.99,20149.52,7871.3258
000006.SZ,20050415,4.52,4.52,4.26,4.3,4.39,-0.09,-2.05,10823.04,4754.4773
000723.SZ,20050415,6.85,6.85,6.48,6.5,6.91,-0.41,-5.93,18857.96,12515.2979
600186.SH,20050415,2.6,2.62,2.51,2.51,2.64,-0.13,-4.92,64981.0,16557.846
600759.SH,20050415,1.7,1.74,1.67,1.67,1.72,-0.05,-2.91,5243.91,890.091
000883.SZ,20050415,2.92,2.92,2.85,2.86,2.95,-0.09,-3.05,3731.0,1076.5671
600282.SH,20050415,6.7,6.74,6.61,6.62,6.78,-0.16,-2.36,29723.4,19783.605
000521.SZ,20050415,2.84,2.87,2.75,2.77,2.87,-0.1,-3.48,4805.2,1337.3212
000918.SZ,20050415,2.64,2.65,2.52,2.54,2.67,-0.13,-4.87,16256.41,4185.6164
600847.SH,20050415,2.67,2.69,2.58,2.6,2.67,-0.07,-2.62,3964.5,1041.149
600816.SH,20050415,3.31,3.33,3.24,3.25,3.37,-0.12,-3.56,30884.68,10104.3
000753.SZ,20050415,3.16,3.2,3.11,3.12,3.19,-0.07,-2.19,6293.2,1972.6095
600890.SH,20050415,2.31,2.31,2.16,2.2,2.32,-0.12,-5.17,30951.21,6829.778
600627.SH,20050415,7.6,8.29,7.6,8.29,7.54,0.75,9.95,79355.56,64360.087
000520.SZ,20050415,5.42,5.47,5.36,5.37,5.48,-0.11,-2.01,21715.06,11756.3827
600313.SH,20050415,3.33,3.44,3.29,3.38,3.37,0.01,0.3,23491.95,7900.438
002002.SZ,20050415,7.35,7.35,7.06,7.08,7.43,-0.35,-4.71,6581.09,4726.077
600064.SH,20050415,4.6,4.63,4.48,4.56,4.62,-0.06,-1.3,3122.55,1415.228
000975.SZ,20050415,3.3,3.3,3.17,3.22,3.34,-0.12,-3.59,10395.2,3348.8083
000831.SZ,20050415,3.38,3.41,3.28,3.29,3.42,-0.13,-3.8,6498.9,2163.7592
000697.SZ,20050415,4.74,4.92,4.58,4.59,4.73,-0.14,-2.96,33869.72,16307.7919
600380.SH,20050415,7.25,7.25,7.05,7.11,7.24,-0.13,-1.8,1806.0,1286.95
000951.SZ,20050415,10.23,10.28,9.85,9.97,10.34,-0.37,-3.58,5578.9,5588.7754
000982.SZ,20050415,3.96,3.96,3.74,3.74,4.16,-0.42,-10.1,10486.99,3946.6532
000787.SZ,20050415,6.65,6.65,6.36,6.37,6.69,-0.32,-4.78,28076.56,18181.0639
000582.SZ,20050415,4.05,4.1,4.0,4.01,4.09,-0.08,-1.96,4275.23,1729.0172
000571.SZ,20050415,2.48,2.48,2.36,2.39,2.43,-0.04,-1.65,5945.89,1429.9615
000597.SZ,20050415,4.04,4.04,3.78,3.8,4.01,-0.21,-5.24,6442.79,2500.735
600395.SH,20050415,5.08,5.08,4.89,4.92,5.12,-0.2,-3.91,7237.83,3589.42
000549.SZ,20050415,3.0,3.01,2.92,2.93,3.01,-0.08,-2.66,55260.86,16317.6781
600728.SH,20050415,3.69,3.69,3.36,3.36,3.73,-0.37,-9.92,27346.85,9615.07
002009.SZ,20050415,8.44,8.49,8.08,8.13,8.4,-0.27,-3.21,8140.37,6766.119
000524.SZ,20050415,3.35,3.38,3.3,3.31,3.4,-0.09,-2.65,10351.0,3455.7526
600596.SH,20050415,9.12,9.15,8.94,8.99,9.2,-0.21,-2.28,10961.92,9893.108
000301.SZ,20050415,3.0,3.0,2.8,2.82,3.02,-0.2,-6.62,13035.04,3742.3406
600713.SH,20050415,4.0,4.0,3.84,3.85,3.96,-0.11,-2.78,2385.5,926.094
600607.SH,20050415,5.64,5.79,5.5,5.56,5.74,-0.18,-3.14,17334.67,9782.475
000578.SZ,20050415,4.5,4.55,4.36,4.42,4.58,-0.16,-3.49,5302.31,2344.0038
000820.SZ,20050415,2.68,2.68,2.59,2.59,2.7,-0.11,-4.07,5903.0,1547.278
600288.SH,20050415,5.75,5.75,5.54,5.58,5.76,-0.18,-3.13,4469.27,2501.863
600196.SH,20050415,5.56,5.66,5.46,5.64,5.58,0.06,1.08,19647.25,10890.86
600782.SH,20050415,3.6,3.61,3.5,3.54,3.62,-0.08,-2.21,6155.9,2174.316
600284.SH,20050415,4.5,4.55,4.42,4.47,4.6,-0.13,-2.83,3484.39,1566.757
000738.SZ,20050415,2.22,2.22,2.02,2.06,2.24,-0.18,-8.04,14379.3,3031.1175
002028.SZ,20050415,26.18,28.15,25.82,26.89,26.59,0.3,1.13,23713.66,64647.1106
600037.SH,20050415,16.7,16.7,16.01,16.2,16.81,-0.61,-3.63,12612.96,20645.176
600621.SH,20050415,4.28,4.38,4.13,4.14,4.25,-0.11,-2.59,5873.19,2491.783
600291.SH,20050415,5.66,5.66,5.49,5.49,5.7,-0.21,-3.68,2817.0,1557.336
600528.SH,20050415,4.66,4.66,4.53,4.55,4.68,-0.13,-2.78,3219.0,1472.68
600652.SH,20050415,4.91,5.1,4.85,4.94,4.98,-0.04,-0.8,45309.55,22612.965
000877.SZ,20050415,3.36,3.36,3.16,3.17,3.51,-0.34,-9.69,30570.4,9882.9374
600108.SH,20050415,2.82,2.84,2.77,2.77,2.82,-0.05,-1.77,24037.58,6729.877
600808.SH,20050415,3.54,3.54,3.45,3.47,3.55,-0.08,-2.25,36470.03,12676.72
000088.SZ,20050415,13.57,13.57,13.06,13.17,13.57,-0.4,-2.95,85254.5,112690.1976
600539.SH,20050415,3.62,3.63,3.5,3.51,3.66,-0.15,-4.1,4741.49,1679.995
600419.SH,20050415,4.6,4.6,4.15,4.28,4.59,-0.31,-6.75,4472.81,1941.296
600676.SH,20050415,4.05,4.05,3.91,3.93,4.05,-0.12,-2.96,7488.0,2972.588
600149.SH,20050415,3.3,3.31,3.08,3.08,3.33,-0.25,-7.51,22215.0,7073.162
000967.SZ,20050415,3.94,3.94,3.77,3.85,3.94,-0.09,-2.28,7898.49,3037.699
000758.SZ,20050415,4.85,4.87,4.79,4.8,4.86,-0.06,-1.23,11646.41,5616.1399
600319.SH,20050415,4.52,4.52,4.31,4.39,4.5,-0.11,-2.44,3490.6,1528.512
600002.SH,20050415,7.38,7.45,7.19,7.28,7.41,-0.13,-1.75,59917.41,43958.638
600273.SH,20050415,3.12,3.18,3.02,3.03,3.12,-0.09,-2.88,8825.75,2701.52
600432.SH,20050415,11.5,11.71,11.47,11.6,11.61,-0.01,-0.09,9326.92,10828.785
000630.SZ,20050415,5.4,5.44,5.34,5.41,5.47,-0.06,-1.1,48821.11,26285.5586
600267.SH,20050415,9.78,9.8,9.6,9.77,9.82,-0.05,-0.51,10401.75,10066.813
600251.SH,20050415,4.1,4.2,4.06,4.11,4.15,-0.04,-0.96,10975.29,4532.757
600182.SH,20050415,5.34,5.34,5.04,5.13,5.34,-0.21,-3.93,28856.0,14820.474
600366.SH,20050415,4.3,4.34,4.23,4.24,4.31,-0.07,-1.62,5563.89,2375.929
600073.SH,20050415,8.62,8.62,8.29,8.3,8.64,-0.34,-3.94,23236.03,19440.259
600477.SH,20050415,5.38,5.93,5.3,5.71,5.39,0.32,5.94,69031.79,39473.442
000035.SZ,20050415,3.91,3.91,3.76,3.76,3.93,-0.17,-4.33,6494.6,2473.8162
600066.SH,20050415,10.1,10.3,9.95,10.23,10.1,0.13,1.29,19986.82,20281.065
600535.SH,20050415,13.5,14.0,13.5,13.96,14.0,-0.04,-0.29,6234.02,8598.679
000813.SZ,20050415,2.48,2.48,2.48,2.48,2.61,-0.13,-4.98,960.0,238.08
600256.SH,20050415,4.33,4.34,4.06,4.14,4.32,-0.18,-4.17,31174.62,12939.389
000677.SZ,20050415,4.37,4.46,4.27,4.36,4.37,-0.01,-0.23,26184.86,11404.4059
600771.SH,20050415,5.4,5.46,5.3,5.45,5.4,0.05,0.93,1360.4,728.667
600835.SH,20050415,5.04,5.18,5.04,5.12,5.08,0.04,0.79,20770.03,10646.348
000551.SZ,20050415,4.96,4.96,4.77,4.78,4.97,-0.19,-3.82,6746.0,3264.017
000587.SZ,20050415,2.58,2.64,2.52,2.63,2.58,0.05,1.94,6878.49,1764.6374
000816.SZ,20050415,3.4,3.43,3.3,3.4,3.41,-0.01,-0.29,7880.52,2654.9341
600061.SH,20050415,2.65,2.68,2.53,2.58,2.65,-0.07,-2.64,4734.55,1222.405
600211.SH,20050415,5.61,5.74,5.6,5.68,5.74,-0.06,-1.05,2419.29,1371.633
000016.SZ,20050415,4.5,4.5,4.32,4.35,4.51,-0.16,-3.55,8503.36,3726.4841
002007.SZ,20050415,17.89,18.4,17.65,17.92,17.87,0.05,0.28,11370.76,20594.4928
600593.SH,20050415,5.43,5.45,5.32,5.32,5.45,-0.13,-2.39,1289.0,691.39
600115.SH,20050415,3.17,3.17,3.05,3.06,3.18,-0.12,-3.77,20507.0,6355.353
600410.SH,20050415,20.67,20.82,20.0,20.58,20.74,-0.16,-0.77,4252.51,8748.641
600482.SH,20050415,5.28,5.31,5.16,5.19,5.31,-0.12,-2.26,27254.26,14199.97
600687.SH,20050415,4.76,4.79,4.64,4.67,4.77,-0.1,-2.1,5450.0,2565.683
000059.SZ,20050415,4.9,4.91,4.7,4.72,4.9,-0.18,-3.67,12489.11,5977.6678
000838.SZ,20050415,8.13,8.13,7.5,7.66,8.16,-0.5,-6.13,3174.1,2513.8402
000909.SZ,20050415,5.2,5.21,5.04,5.06,5.26,-0.2,-3.8,6148.23,3139.8749
600220.SH,20050415,2.7,2.7,2.56,2.57,2.69,-0.12,-4.46,23526.14,6108.991
600600.SH,20050415,8.92,9.09,8.9,8.96,9.0,-0.04,-0.44,13935.97,12471.269
600962.SH,20050415,4.55,4.55,4.42,4.5,4.54,-0.04,-0.88,9329.17,4177.549
600791.SH,20050415,4.68,4.68,4.53,4.64,4.7,-0.06,-1.28,1273.6,585.564
600833.SH,20050415,4.03,4.39,3.9,4.32,4.03,0.29,7.2,21890.65,9242.089
000661.SZ,20050415,4.81,4.81,4.46,4.5,4.82,-0.32,-6.64,13717.0,6386.966
600416.SH,20050415,5.36,5.41,5.21,5.22,5.39,-0.17,-3.15,5592.0,2952.631
600383.SH,20050415,10.12,10.26,9.89,9.99,10.16,-0.17,-1.67,20933.08,21065.977
600495.SH,20050415,5.18,5.18,5.02,5.02,5.22,-0.2,-3.83,3740.79,1895.837
000826.SZ,20050415,3.92,3.94,3.78,3.79,3.95,-0.16,-4.05,16420.09,6304.2719
600976.SH,20050415,9.1,9.1,8.81,8.84,9.14,-0.3,-3.28,5084.56,4509.12
600385.SH,20050415,1.88,1.96,1.86,1.89,1.88,0.01,0.53,12831.27,2470.087
600809.SH,20050415,6.15,6.57,6.11,6.49,6.2,0.29,4.68,33694.3,21767.892
600960.SH,20050415,7.9,7.9,7.28,7.31,8.09,-0.78,-9.64,18200.36,13462.376
600660.SH,20050415,8.52,8.58,8.38,8.48,8.58,-0.1,-1.17,46545.76,39427.193
600754.SH,20050415,7.69,7.81,7.51,7.72,7.71,0.01,0.13,7687.75,5935.451
600089.SH,20050415,7.53,7.58,7.26,7.41,7.59,-0.18,-2.37,40781.89,30186.313
000656.SZ,20050415,2.63,2.74,2.59,2.74,2.61,0.13,4.98,20969.53,5642.581
600141.SH,20050415,5.67,5.67,5.49,5.52,5.66,-0.14,-2.47,5009.52,2772.413
600420.SH,20050415,13.2,13.59,13.06,13.48,13.19,0.29,2.2,7242.1,9677.47
600345.SH,20050415,6.95,6.98,6.62,6.7,7.02,-0.32,-4.56,3706.92,2500.553
600805.SH,20050415,3.07,3.09,3.01,3.02,3.09,-0.07,-2.27,12513.32,3801.296
000670.SZ,20050415,2.65,2.77,2.6,2.62,2.84,-0.22,-7.75,30286.72,8091.1438
600269.SH,20050415,8.7,8.93,8.62,8.9,8.7,0.2,2.3,32865.67,29038.992
600884.SH,20050415,4.35,4.35,4.2,4.25,4.38,-0.13,-2.97,12938.43,5515.6
600571.SH,20050415,8.68,8.69,7.93,8.47,8.79,-0.32,-3.64,3499.9,2937.674
000973.SZ,20050415,4.06,4.06,3.92,3.93,4.06,-0.13,-3.2,15484.92,6134.1729
002035.SZ,20050415,8.83,9.09,8.76,8.91,8.86,0.05,0.56,12769.57,11432.1437
000562.SZ,20050415,3.95,4.04,3.73,3.97,4.05,-0.08,-1.98,145169.91,56636.4841
600663.SH,20050415,6.54,6.56,6.38,6.4,6.6,-0.2,-3.03,7667.03,4941.55
000628.SZ,20050415,3.4,3.43,3.3,3.33,3.42,-0.09,-2.63,4999.3,1675.2737
000809.SZ,20050415,4.5,4.5,4.36,4.4,4.51,-0.11,-2.44,1914.71,843.0917
000963.SZ,20050415,5.27,5.27,5.0,5.04,5.23,-0.19,-3.63,28317.39,14408.337
600388.SH,20050415,6.67,6.67,6.41,6.45,6.76,-0.31,-4.59,4103.85,2681.986
000603.SZ,20050415,3.63,3.63,3.46,3.48,3.61,-0.13,-3.6,702.0,246.2755
000428.SZ,20050415,5.25,5.3,5.12,5.19,5.31,-0.12,-2.26,3775.0,1962.237
000039.SZ,20050415,29.75,31.16,29.75,30.99,30.03,0.96,3.2,69005.52,212118.9396
000411.SZ,20050415,5.05,5.1,4.82,5.09,5.02,0.07,1.39,809.25,404.1874
600568.SH,20050415,4.51,4.51,4.35,4.39,4.53,-0.14,-3.09,6595.83,2888.823
600740.SH,20050415,12.05,12.05,11.83,11.86,12.05,-0.19,-1.58,9608.52,11451.24
000806.SZ,20050415,5.39,5.39,5.21,5.25,5.44,-0.19,-3.49,21795.35,11466.1812
600844.SH,20050415,1.83,1.83,1.74,1.76,1.83,-0.07,-3.83,9926.77,1742.415
000799.SZ,20050415,3.4,3.46,3.3,3.32,3.47,-0.15,-4.32,6862.6,2322.723
000042.SZ,20050415,5.76,5.86,5.7,5.75,5.83,-0.08,-1.37,4406.44,2550.5047
000703.SZ,20050415,3.79,3.79,3.57,3.64,3.81,-0.17,-4.46,3513.09,1291.5494
600184.SH,20050415,5.72,5.72,5.55,5.55,5.77,-0.22,-3.81,2763.1,1547.475
600116.SH,20050415,4.1,4.1,4.01,4.03,4.12,-0.09,-2.18,2629.7,1064.995
000679.SZ,20050415,3.5,3.5,3.34,3.41,3.54,-0.13,-3.67,4676.23,1596.6124
000592.SZ,20050415,1.37,1.41,1.37,1.37,1.38,-0.01,-0.72,6387.03,884.5213
000503.SZ,20050415,11.0,11.34,10.81,11.02,11.11,-0.09,-0.81,69814.0,77212.8029
600527.SH,20050415,5.36,5.75,5.32,5.61,5.45,0.16,2.94,17785.13,10009.816
002006.SZ,20050415,8.58,8.58,8.1,8.2,8.58,-0.38,-4.43,5012.08,4171.8946
600171.SH,20050415,8.22,8.22,8.05,8.08,8.22,-0.14,-1.7,16686.04,13510.081
600300.SH,20050415,6.64,6.78,6.52,6.63,6.64,-0.01,-0.15,11943.29,7929.441
000429.SZ,20050415,5.64,5.72,5.58,5.71,5.68,0.03,0.53,8699.13,4912.3589
600132.SH,20050415,9.93,9.93,9.66,9.8,9.94,-0.14,-1.41,6491.0,6331.522
600077.SH,20050415,3.69,3.85,3.69,3.85,3.67,0.18,4.9,7814.21,2997.006
600333.SH,20050415,6.81,6.83,6.63,6.75,6.82,-0.07,-1.03,15195.26,10225.655
600421.SH,20050415,6.45,6.58,6.38,6.48,6.45,0.03,0.47,15239.47,9907.173
000033.SZ,20050415,3.65,3.7,3.48,3.51,3.67,-0.16,-4.36,6999.81,2499.8119
000911.SZ,20050415,6.0,6.0,5.83,5.9,6.03,-0.13,-2.16,25750.44,15164.0226
002019.SZ,20050415,19.6,19.6,18.25,18.32,19.7,-1.38,-7.01,29957.75,56131.8243
600680.SH,20050415,6.27,6.5,6.18,6.47,6.28,0.19,3.03,4300.59,2744.372
600101.SH,20050415,7.23,7.23,7.08,7.17,7.23,-0.06,-0.83,2620.25,1875.039
000617.SZ,20050415,16.16,16.16,15.5,15.7,16.16,-0.46,-2.85,9352.0,14738.6851
600243.SH,20050415,3.87,3.89,3.73,3.88,3.9,-0.02,-0.51,5207.89,1972.232
000034.SZ,20050415,2.72,2.75,2.6,2.63,2.74,-0.11,-4.01,7259.41,1936.0446
000957.SZ,20050415,2.67,2.72,2.58,2.59,2.7,-0.11,-4.07,4961.0,1305.614
600758.SH,20050415,3.2,3.2,3.08,3.1,3.24,-0.14,-4.32,5466.03,1712.354
600834.SH,20050415,5.05,5.12,4.96,5.11,5.06,0.05,0.99,5821.88,2924.824
000777.SZ,20050415,4.47,4.47,4.28,4.29,4.48,-0.19,-4.24,3326.0,1440.1497
600010.SH,20050415,4.24,4.29,4.16,4.25,4.27,-0.02,-0.47,31966.35,13556.714
600662.SH,20050415,6.14,6.3,6.13,6.26,6.16,0.1,1.62,32191.26,20123.447
600521.SH,20050415,18.64,18.7,18.3,18.54,18.64,-0.1,-0.54,2376.59,4367.106
000430.SZ,20050415,3.88,4.27,3.85,4.19,3.88,0.31,7.99,35258.71,14441.313
600386.SH,20050415,7.75,7.76,7.43,7.47,7.79,-0.32,-4.11,14433.07,10914.414
600163.SH,20050415,3.35,3.35,3.21,3.22,3.38,-0.16,-4.73,5686.82,1853.616
600558.SH,20050415,5.5,5.51,5.39,5.4,5.6,-0.2,-3.57,1830.13,989.864
600768.SH,20050415,11.5,11.79,11.48,11.78,11.51,0.27,2.35,2312.6,2679.12
600698.SH,20050415,1.79,1.8,1.74,1.77,1.81,-0.04,-2.21,14049.49,2469.577
600562.SH,20050415,6.3,6.35,6.2,6.32,6.4,-0.08,-1.25,3812.5,2401.744
600615.SH,20050415,3.25,3.25,3.09,3.12,3.25,-0.13,-4.0,4453.0,1412.608
600356.SH,20050415,7.34,7.35,7.08,7.17,7.35,-0.18,-2.45,3004.07,2137.55
000978.SZ,20050415,7.68,7.9,7.5,7.84,7.73,0.11,1.42,21789.32,16958.1903
000901.SZ,20050415,4.5,4.5,4.24,4.28,4.71,-0.43,-9.13,12623.1,5439.7271
600799.SH,20050415,0.83,0.87,0.82,0.87,0.83,0.04,4.82,87417.98,7508.793
600599.SH,20050415,5.71,5.71,5.45,5.56,5.74,-0.18,-3.14,10281.48,5726.442
000538.SZ,20050415,20.91,21.8,20.91,21.56,21.71,-0.15,-0.69,3521.27,7603.4171
600382.SH,20050415,4.6,4.6,4.46,4.49,4.6,-0.11,-2.39,1220.0,548.827
600540.SH,20050415,4.37,4.58,4.36,4.4,4.36,0.04,0.92,21742.36,9757.774
600755.SH,20050415,4.26,4.3,4.25,4.27,4.3,-0.03,-0.7,4527.07,1933.924
000889.SZ,20050415,3.28,3.29,3.15,3.18,3.32,-0.14,-4.22,12764.2,4087.4214
000892.SZ,20050415,4.02,4.02,3.66,3.71,4.07,-0.36,-8.85,53553.33,20383.6605
600219.SH,20050415,5.9,5.9,5.76,5.8,5.88,-0.08,-1.36,6109.49,3545.48
000096.SZ,20050415,4.38,4.39,4.25,4.27,4.39,-0.12,-2.73,7713.0,3320.8088
000848.SZ,20050415,4.55,4.56,4.46,4.49,4.58,-0.09,-1.97,2712.69,1220.3608
002017.SZ,20050415,10.89,11.27,10.8,10.9,10.83,0.07,0.65,15449.77,17119.4432
600707.SH,20050415,5.56,5.56,5.34,5.35,5.58,-0.23,-4.12,13830.0,7451.547
600804.SH,20050415,3.96,3.96,3.76,3.84,3.99,-0.15,-3.76,6637.79,2543.763
600011.SH,20050415,7.3,7.38,7.22,7.28,7.36,-0.08,-1.09,18869.08,13800.88
000595.SZ,20050415,3.27,3.27,2.95,3.02,3.27,-0.25,-7.65,9114.7,2773.807
000830.SZ,20050415,5.95,6.15,5.92,6.02,5.99,0.03,0.5,8967.14,5424.0375
600641.SH,20050415,4.1,4.1,3.96,4.04,4.11,-0.07,-1.7,7501.36,3008.735
002024.SZ,20050415,69.44,69.8,68.5,68.88,69.0,-0.12,-0.17,5672.45,39229.3594
000558.SZ,20050415,4.25,4.29,4.13,4.15,4.29,-0.14,-3.26,5203.0,2172.5946
000564.SZ,20050415,3.98,3.99,3.63,3.7,3.89,-0.19,-4.88,118879.73,45248.1947
000737.SZ,20050415,3.21,3.26,3.18,3.19,3.28,-0.09,-2.74,10833.19,3485.141
000930.SZ,20050415,5.6,5.88,5.5,5.71,5.69,0.02,0.35,57814.6,33267.0389
600367.SH,20050415,6.66,6.79,6.55,6.74,6.68,0.06,0.9,6832.26,4560.417
600654.SH,20050415,3.56,3.56,3.5,3.51,3.56,-0.05,-1.4,16216.68,5717.259
600271.SH,20050415,27.99,27.99,27.11,27.24,28.1,-0.86,-3.06,3445.26,9442.887
600681.SH,20050415,1.85,1.88,1.81,1.82,1.88,-0.06,-3.19,15762.0,2890.253
600253.SH,20050415,4.08,4.12,4.0,4.03,4.15,-0.12,-2.89,7115.56,2890.756
600481.SH,20050415,5.47,5.47,5.33,5.41,5.49,-0.08,-1.46,4503.1,2432.146
600787.SH,20050415,4.18,4.18,3.75,3.92,4.17,-0.25,-6.0,109945.88,44122.98
000823.SZ,20050415,4.42,4.43,4.2,4.26,4.48,-0.22,-4.91,15748.89,6752.3705
600301.SH,20050415,6.95,6.98,6.79,6.81,6.99,-0.18,-2.58,8000.93,5459.537
000882.SZ,20050415,3.4,3.44,3.3,3.37,3.45,-0.08,-2.32,2753.0,921.224
600900.SH,20050415,8.53,8.65,8.5,8.56,8.59,-0.03,-0.35,143412.99,122842.163
600750.SH,20050415,5.09,5.09,4.83,4.86,5.11,-0.25,-4.89,8974.28,4409.948
000818.SZ,20050415,3.05,3.11,2.99,3.01,3.08,-0.07,-2.27,6890.93,2082.9066
000971.SZ,20050415,3.48,3.48,3.34,3.35,3.51,-0.16,-4.56,4745.6,1614.037
600767.SH,20050415,2.18,2.21,2.0,2.04,2.21,-0.17,-7.69,7360.55,1560.754
000155.SZ,20050415,4.71,4.75,4.55,4.73,4.73,0.0,0.0,25401.61,11822.3004
000055.SZ,20050415,6.7,6.78,6.45,6.53,6.79,-0.26,-3.83,13147.69,8608.6949
600165.SH,20050415,3.26,3.28,3.17,3.24,3.26,-0.02,-0.61,8527.46,2736.83
600187.SH,20050415,2.18,2.19,2.08,2.09,2.21,-0.12,-5.43,18895.78,4000.889
600749.SH,20050415,7.33,7.33,7.07,7.15,7.36,-0.21,-2.85,4957.41,3554.296
600828.SH,20050415,3.99,4.25,3.99,4.05,3.94,0.11,2.79,31568.34,12979.146
600975.SH,20050415,6.45,6.48,6.17,6.23,6.5,-0.27,-4.15,5797.69,3630.206
000852.SZ,20050415,4.86,4.86,4.74,4.76,4.87,-0.11,-2.26,3149.5,1509.9168
600682.SH,20050415,6.89,6.93,6.71,6.82,6.89,-0.07,-1.02,1460.1,992.209
000623.SZ,20050415,6.16,6.18,5.96,6.07,6.23,-0.16,-2.57,47930.02,29050.9939
000931.SZ,20050415,3.09,3.1,3.02,3.03,3.12,-0.09,-2.88,13058.44,3997.0051
600580.SH,20050415,5.4,5.47,5.28,5.29,5.46,-0.17,-3.11,2114.0,1128.281
600322.SH,20050415,3.38,3.38,3.25,3.26,3.41,-0.15,-4.4,12538.01,4123.937
000966.SZ,20050415,4.1,4.1,3.98,4.0,4.1,-0.1,-2.44,3248.91,1300.0891
600255.SH,20050415,7.33,7.34,7.16,7.16,7.33,-0.17,-2.32,1033.2,745.793
600883.SH,20050415,4.9,4.9,4.6,4.7,4.91,-0.21,-4.28,14180.0,6726.246
000058.SZ,20050415,4.55,4.55,4.3,4.4,4.58,-0.18,-3.93,5109.89,2258.7263
000921.SZ,20050415,3.7,3.7,3.53,3.54,3.7,-0.16,-4.32,12696.91,4569.2293
600110.SH,20050415,6.1,6.1,5.94,5.98,6.12,-0.14,-2.29,25340.71,15223.77
000776.SZ,20050415,3.2,3.22,3.12,3.12,3.2,-0.08,-2.5,10824.75,3407.7787
600331.SH,20050415,6.1,6.58,6.08,6.44,6.17,0.27,4.38,165778.07,106108.635
600152.SH,20050415,3.96,3.96,3.82,3.85,3.97,-0.12,-3.02,3020.0,1162.499
000995.SZ,20050415,3.4,3.43,3.35,3.4,3.41,-0.01,-0.29,3577.7,1212.0625
000539.SZ,20050415,5.0,5.02,4.88,4.9,5.05,-0.15,-2.97,26388.5,13017.1579
000803.SZ,20050415,11.91,12.03,11.91,12.03,11.91,0.12,1.01,3.0,3.585
000426.SZ,20050415,4.2,4.2,4.05,4.09,4.25,-0.16,-3.76,3868.96,1590.9014
000682.SZ,20050415,2.85,2.85,2.75,2.77,2.85,-0.08,-2.81,20971.85,5816.5921
600634.SH,20050415,4.32,4.41,4.18,4.22,4.33,-0.11,-2.54,4167.77,1770.257
000993.SZ,20050415,2.87,2.97,2.86,2.96,2.89,0.07,2.42,5772.01,1690.6484
000782.SZ,20050415,4.72,4.72,4.6,4.6,4.74,-0.14,-2.95,5013.29,2318.6202
600763.SH,20050415,3.1,3.17,3.0,3.01,3.16,-0.15,-4.75,7648.95,2323.18
600874.SH,20050415,4.58,4.58,4.27,4.3,4.65,-0.35,-7.53,25260.5,11048.804
002014.SZ,20050415,8.85,8.85,8.55,8.56,8.82,-0.26,-2.95,5456.61,4750.5392
000522.SZ,20050415,4.47,4.58,4.3,4.43,4.49,-0.06,-1.34,9923.78,4401.9102
000925.SZ,20050415,7.47,8.1,7.47,7.47,8.3,-0.83,-10.0,4021.92,3016.8312
000910.SZ,20050415,4.65,4.7,4.55,4.58,4.73,-0.15,-3.17,1246.3,575.1711
600520.SH,20050415,5.05,5.05,4.87,4.89,5.08,-0.19,-3.74,2554.54,1260.876
000545.SZ,20050415,3.46,3.46,3.21,3.23,3.47,-0.24,-6.92,12288.0,4070.0845
600208.SH,20050415,3.88,3.94,3.77,3.77,3.88,-0.11,-2.84,16966.58,6518.567
600648.SH,20050415,6.65,6.65,6.35,6.4,6.65,-0.25,-3.76,2603.37,1679.767
000968.SZ,20050415,7.01,7.18,7.01,7.14,7.21,-0.07,-0.97,18604.85,13249.2951
600734.SH,20050415,2.75,2.75,2.55,2.58,2.74,-0.16,-5.84,11204.18,2946.812
600584.SH,20050415,4.8,4.8,4.56,4.59,4.85,-0.26,-5.36,16641.5,7792.34
600757.SH,20050415,3.26,3.26,2.97,3.0,3.22,-0.22,-6.83,28254.82,8718.023
000632.SZ,20050415,3.36,3.4,3.19,3.24,3.39,-0.15,-4.42,78697.79,25777.1416
000063.SZ,20050415,27.8,27.9,27.03,27.42,27.95,-0.53,-1.9,33954.02,92940.0919
000900.SZ,20050415,9.08,9.22,9.01,9.2,9.11,0.09,0.99,6710.31,6107.319
000024.SZ,20050415,7.58,7.58,7.29,7.52,7.57,-0.05,-0.66,12719.3,9449.3097
000819.SZ,20050415,7.58,7.59,7.41,7.45,7.63,-0.18,-2.36,3129.12,2339.9468
600550.SH,20050415,8.39,8.39,8.13,8.15,8.43,-0.28,-3.32,26747.9,21960.878
000792.SZ,20050415,11.5,11.54,11.3,11.42,11.55,-0.13,-1.13,26991.77,30851.3514
000498.SZ,20050415,3.45,3.53,3.38,3.4,3.45,-0.05,-1.45,61812.24,21557.9042
600397.SH,20050415,4.54,4.56,4.41,4.45,4.56,-0.11,-2.41,8640.7,3871.372
000530.SZ,20050415,4.07,4.07,3.96,3.98,4.07,-0.09,-2.21,9032.21,3616.1199
600747.SH,20050415,3.28,3.28,3.11,3.19,3.23,-0.04,-1.24,32536.74,10280.296
000078.SZ,20050415,4.08,4.1,3.92,3.95,4.08,-0.13,-3.19,7528.0,3002.3803
000793.SZ,20050415,3.61,3.65,3.57,3.58,3.61,-0.03,-0.83,12488.76,4499.8568
000608.SZ,20050415,5.46,5.47,5.3,5.35,5.5,-0.15,-2.73,4476.5,2395.0444
600422.SH,20050415,14.1,14.75,14.0,14.44,14.08,0.36,2.56,30180.87,43831.356
600685.SH,20050415,3.55,3.55,3.35,3.39,3.54,-0.15,-4.24,9298.0,3169.942
000869.SZ,20050415,16.9,16.9,16.55,16.71,16.94,-0.23,-1.36,1942.46,3253.8725
000922.SZ,20050415,3.03,3.06,2.9,2.96,3.08,-0.12,-3.9,12079.38,3588.3602
600769.SH,20050415,3.5,3.5,3.35,3.38,3.5,-0.12,-3.43,4024.0,1363.831
600650.SH,20050415,7.9,7.98,7.81,7.88,8.02,-0.14,-1.75,1282.4,1010.971
600865.SH,20050415,4.1,4.1,4.03,4.05,4.09,-0.04,-0.98,3916.6,1587.444
000785.SZ,20050415,3.36,3.36,3.15,3.16,3.38,-0.22,-6.51,12161.12,3926.687
600280.SH,20050415,7.71,7.78,7.58,7.6,7.73,-0.13,-1.68,1917.0,1470.838
600738.SH,20050415,2.62,2.62,2.49,2.52,2.63,-0.11,-4.18,14310.71,3614.017
600175.SH,20050415,4.58,4.58,4.41,4.43,4.58,-0.15,-3.28,971.31,433.613
600882.SH,20050415,2.86,3.16,2.86,2.96,3.16,-0.2,-6.33,3823.0,1156.673
600057.SH,20050415,4.9,4.9,4.53,4.58,4.72,-0.14,-2.97,11358.04,5270.06
600982.SH,20050415,4.58,4.58,4.42,4.44,4.61,-0.17,-3.69,5633.37,2522.446
000676.SZ,20050415,17.9,18.6,17.82,18.45,17.88,0.57,3.19,149.46,270.2194
000038.SZ,20050415,7.16,7.26,6.96,7.1,7.13,-0.03,-0.42,4390.73,3121.4688
600606.SH,20050415,4.78,4.79,4.61,4.69,4.81,-0.12,-2.49,9946.46,4670.252
600500.SH,20050415,10.3,10.44,10.22,10.36,10.35,0.01,0.1,46792.12,48408.067
000755.SZ,20050415,6.1,6.18,5.93,6.03,6.2,-0.17,-2.74,35343.18,21382.5379
600533.SH,20050415,10.8,10.85,10.67,10.71,10.87,-0.16,-1.47,2736.6,2949.639
002012.SZ,20050415,18.82,18.97,18.3,18.5,18.81,-0.31,-1.65,14213.38,26496.8858
002025.SZ,20050415,16.7,16.85,16.32,16.81,16.66,0.15,0.9,9985.64,16544.9627
600832.SH,20050415,13.17,13.31,13.06,13.09,13.17,-0.08,-0.61,15416.93,20265.352
600666.SH,20050415,4.04,4.04,3.65,3.97,4.06,-0.09,-2.22,4611.12,1782.304
000800.SZ,20050415,3.33,3.33,3.24,3.26,3.35,-0.09,-2.69,34937.83,11400.7511
000903.SZ,20050415,4.91,4.91,4.81,4.82,4.96,-0.14,-2.82,4591.28,2218.657
600305.SH,20050415,7.15,7.29,6.96,7.06,7.2,-0.14,-1.94,3818.0,2728.078
600578.SH,20050415,5.73,5.73,5.51,5.53,5.74,-0.21,-3.66,8944.48,4984.035
000969.SZ,20050415,9.4,9.49,8.67,8.67,9.63,-0.96,-9.97,71135.28,62968.0401
600195.SH,20050415,4.5,4.58,4.5,4.55,4.61,-0.06,-1.3,7274.54,3295.158
000961.SZ,20050415,3.27,3.3,3.11,3.12,3.32,-0.2,-6.02,8506.59,2703.2726
000622.SZ,20050415,2.09,2.09,1.94,1.94,2.15,-0.21,-9.77,56263.6,11179.3562
000569.SZ,20050415,2.49,2.5,2.35,2.39,2.56,-0.17,-6.64,15422.15,3739.9159
600119.SH,20050415,3.43,3.5,3.36,3.4,3.43,-0.03,-0.87,5110.72,1737.679
600843.SH,20050415,5.59,5.97,5.52,5.96,5.58,0.38,6.81,8632.78,5009.212
000527.SZ,20050415,7.75,7.75,7.58,7.67,7.78,-0.11,-1.41,20003.0,15319.3142
600343.SH,20050415,4.18,4.18,3.96,4.0,4.18,-0.18,-4.31,14011.0,5657.317
600891.SH,20050415,2.49,2.49,2.43,2.47,2.5,-0.03,-1.2,6532.66,1608.378
000786.SZ,20050415,3.75,3.75,3.65,3.65,3.75,-0.1,-2.67,6677.44,2453.206
000069.SZ,20050415,9.16,9.5,9.01,9.44,9.27,0.17,1.83,31288.8,29167.5311
000897.SZ,20050415,2.84,2.84,2.77,2.78,2.85,-0.07,-2.46,7386.21,2060.3445
600717.SH,20050415,7.25,7.35,7.17,7.23,7.3,-0.07,-0.96,73105.0,53097.99
000419.SZ,20050415,4.28,4.28,4.03,4.05,4.28,-0.23,-5.37,2260.57,935.8737
600753.SH,20050415,2.78,2.79,2.75,2.79,2.81,-0.02,-0.71,1121.9,310.476
600555.SH,20050415,3.48,3.48,3.34,3.35,3.49,-0.14,-4.01,6754.72,2279.855
600185.SH,20050415,4.1,4.14,4.01,4.13,4.1,0.03,0.73,4700.0,1906.32
600638.SH,20050415,4.67,4.67,4.5,4.53,4.67,-0.14,-3.0,4724.55,2153.294
600683.SH,20050415,5.03,5.13,4.73,4.76,5.03,-0.27,-5.37,13372.67,6520.406
000985.SZ,20050415,6.27,6.9,6.0,6.77,6.27,0.5,7.97,44782.55,29912.0867
000875.SZ,20050415,3.17,3.17,3.06,3.07,3.19,-0.12,-3.76,20488.0,6350.2699
600995.SH,20050415,6.68,7.29,6.58,6.91,6.76,0.15,2.22,120015.2,84437.624
600675.SH,20050415,4.19,4.19,4.11,4.11,4.2,-0.09,-2.14,9667.47,4013.503
600352.SH,20050415,8.36,8.38,8.11,8.21,8.45,-0.24,-2.84,13853.92,11402.052
600000.SH,20050415,7.28,7.3,7.14,7.26,7.35,-0.09,-1.22,58009.36,41724.88
600318.SH,20050415,5.2,5.21,5.0,5.02,5.25,-0.23,-4.38,15368.55,7753.044
600735.SH,20050415,3.7,3.74,3.62,3.63,3.68,-0.05,-1.36,11086.8,4088.14
000510.SZ,20050415,2.94,2.96,2.88,2.89,2.96,-0.07,-2.36,19324.5,5627.2733
000939.SZ,20050415,6.44,6.5,6.28,6.39,6.48,-0.09,-1.39,20631.59,13148.1196
000618.SZ,20050415,5.6,5.62,5.43,5.47,5.64,-0.17,-3.01,49669.04,27328.5893
600512.SH,20050415,5.55,5.55,5.42,5.44,5.57,-0.13,-2.33,4085.99,2235.806
000983.SZ,20050415,16.13,16.22,15.88,15.95,16.13,-0.18,-1.12,29116.48,46774.0217
000665.SZ,20050415,3.54,3.54,3.38,3.42,3.58,-0.16,-4.47,2847.99,980.091
600311.SH,20050415,5.95,5.99,5.88,5.91,5.97,-0.06,-1.01,4188.99,2480.209
600468.SH,20050415,5.6,5.62,5.4,5.4,5.62,-0.22,-3.91,10616.55,5818.592
000715.SZ,20050415,4.81,4.81,4.64,4.65,4.86,-0.21,-4.32,2735.0,1290.58
000019.SZ,20050415,4.96,4.96,4.62,4.67,4.96,-0.29,-5.85,8165.71,3848.5646
000761.SZ,20050415,4.4,4.69,4.35,4.55,4.32,0.23,5.32,34730.49,15726.7684
000010.SZ,20050415,3.87,3.87,3.66,3.78,3.84,-0.06,-1.56,8020.79,2988.4902
000727.SZ,20050415,4.14,4.14,3.94,3.96,4.16,-0.2,-4.81,14855.0,5969.6652
000407.SZ,20050415,2.85,2.87,2.76,2.78,2.88,-0.1,-3.47,4403.58,1236.7139
600577.SH,20050415,6.32,6.48,6.32,6.36,6.49,-0.13,-2.0,1420.5,908.722
000029.SZ,20050415,4.55,4.55,4.28,4.29,4.59,-0.3,-6.54,25310.73,11011.5322
600896.SH,20050415,4.75,4.84,4.65,4.66,4.78,-0.12,-2.51,13716.4,6543.631
000937.SZ,20050415,14.6,14.97,14.52,14.86,14.7,0.16,1.09,36424.48,53936.6204
000017.SZ,20050415,2.15,2.16,2.09,2.1,2.18,-0.08,-3.67,10944.75,2309.6265
000050.SZ,20050415,8.01,8.12,7.9,7.97,8.23,-0.26,-3.16,10496.07,8408.5848
600850.SH,20050415,4.74,4.92,4.7,4.83,4.78,0.05,1.05,4074.32,1951.659
600257.SH,20050415,4.45,4.55,4.43,4.54,4.5,0.04,0.89,3955.66,1778.304
600505.SH,20050415,3.63,3.63,3.5,3.51,3.63,-0.12,-3.31,5576.1,1977.787
600234.SH,20050415,2.08,2.08,2.0,2.0,2.1,-0.1,-4.76,9947.86,1994.367
000766.SZ,20050415,1.43,1.46,1.39,1.44,1.42,0.02,1.41,34810.47,4948.993
600655.SH,20050415,4.58,4.58,4.45,4.48,4.58,-0.1,-2.18,3835.0,1731.775
600028.SH,20050415,4.36,4.36,4.31,4.35,4.38,-0.03,-0.68,64127.79,27765.543
600870.SH,20050415,3.61,3.68,3.52,3.53,3.66,-0.13,-3.55,14845.0,5286.433
000505.SZ,20050415,1.75,1.81,1.75,1.77,1.78,-0.01,-0.56,5515.15,982.5417
001896.SZ,20050415,2.88,2.95,2.79,2.8,2.89,-0.09,-3.11,7806.29,2238.2326
600377.SH,20050415,6.23,6.34,6.13,6.29,6.25,0.04,0.64,6323.21,3933.011
600283.SH,20050415,3.69,3.69,3.57,3.58,3.75,-0.17,-4.53,1825.98,657.839
000702.SZ,20050415,2.65,2.65,2.51,2.54,2.65,-0.11,-4.15,17117.82,4346.2386
000919.SZ,20050415,6.66,6.76,6.6,6.73,6.72,0.01,0.15,2691.52,1795.9442
600531.SH,20050415,5.75,5.79,5.59,5.6,5.82,-0.22,-3.78,6095.71,3461.379
600242.SH,20050415,2.6,2.6,2.35,2.39,2.61,-0.22,-8.43,15219.59,3725.201
000936.SZ,20050415,3.87,3.87,3.57,3.58,3.97,-0.39,-9.82,15072.3,5548.7062
600018.SH,20050415,17.65,17.8,17.51,17.54,17.81,-0.27,-1.52,22108.52,39006.87
000601.SZ,20050415,4.9,4.9,4.75,4.79,4.91,-0.12,-2.44,13106.54,6295.6321
000987.SZ,20050415,4.32,4.38,4.23,4.37,4.31,0.06,1.39,4531.94,1954.6427
600642.SH,20050415,6.76,6.86,6.74,6.81,6.81,0.0,0.0,30107.28,20538.782
600619.SH,20050415,8.0,8.39,7.9,8.36,8.05,0.31,3.85,6875.93,5632.99
600102.SH,20050415,5.31,5.35,5.22,5.23,5.33,-0.1,-1.88,7681.75,4039.489
600885.SH,20050415,4.8,4.83,4.46,4.49,4.85,-0.36,-7.42,19765.5,9169.019
600825.SH,20050415,5.93,5.95,5.44,5.48,6.0,-0.52,-8.67,77025.38,42948.091
600188.SH,20050415,12.48,12.48,11.8,11.98,12.57,-0.59,-4.69,51171.25,61435.284
000610.SZ,20050415,4.53,4.81,4.5,4.76,4.59,0.17,3.7,11018.48,5188.5907
600225.SH,20050415,3.39,3.39,3.28,3.29,3.44,-0.15,-4.36,8249.9,2740.045
600172.SH,20050415,4.31,4.31,4.13,4.15,4.31,-0.16,-3.71,9443.31,3949.283
600714.SH,20050415,6.05,6.18,5.83,5.85,6.11,-0.26,-4.26,5762.3,3402.698
000970.SZ,20050415,7.7,7.96,7.58,7.87,7.77,0.1,1.29,26851.45,21079.2795
000028.SZ,20050415,4.52,4.52,4.26,4.27,4.51,-0.24,-5.32,10598.71,4589.1465
600711.SH,20050415,8.66,8.66,8.38,8.44,8.66,-0.22,-2.54,708.29,603.347
600091.SH,20050415,4.94,4.94,4.79,4.81,4.95,-0.14,-2.83,15474.59,7508.9
600466.SH,20050415,4.8,5.0,4.8,4.85,5.05,-0.2,-3.96,2006.0,981.791
000425.SZ,20050415,4.2,4.2,4.04,4.07,4.22,-0.15,-3.55,9829.0,4022.9504
000616.SZ,20050415,5.12,5.12,5.02,5.06,5.12,-0.06,-1.17,11345.8,5726.2475
600853.SH,20050415,2.78,2.9,2.77,2.81,2.77,0.04,1.44,35231.4,9990.744
600783.SH,20050415,3.94,4.0,3.82,3.99,3.9,0.09,2.31,5666.73,2217.395
600732.SH,20050415,4.21,4.21,4.01,4.07,4.35,-0.28,-6.44,9115.55,3753.72
000418.SZ,20050415,4.06,4.06,3.89,3.9,4.05,-0.15,-3.7,3021.77,1187.8247
600846.SH,20050415,3.9,3.9,3.79,3.82,3.93,-0.11,-2.8,3509.22,1341.078
002030.SZ,20050415,11.25,11.29,10.98,10.98,11.3,-0.32,-2.83,5220.45,5803.1701
600268.SH,20050415,8.55,8.6,8.38,8.38,8.65,-0.27,-3.12,1109.99,941.838
000528.SZ,20050415,4.8,4.8,4.65,4.67,4.84,-0.17,-3.51,26011.28,12207.0777
600720.SH,20050415,2.76,2.76,2.66,2.66,2.76,-0.1,-3.62,6246.9,1677.865
600202.SH,20050415,6.85,7.07,6.68,6.75,6.88,-0.13,-1.89,11423.0,7794.088
600523.SH,20050415,2.88,2.91,2.72,2.75,2.9,-0.15,-5.17,6059.0,1699.173
000861.SZ,20050415,5.2,5.27,5.13,5.17,5.27,-0.1,-1.9,9956.3,5166.0486
600871.SH,20050415,3.34,3.34,3.06,3.14,3.35,-0.21,-6.27,35006.71,11097.136
600359.SH,20050415,4.96,5.0,4.91,4.93,5.0,-0.07,-1.4,6425.68,3179.345
600678.SH,20050415,3.14,3.14,2.93,2.96,3.14,-0.18,-5.73,3508.98,1056.299
000584.SZ,20050415,4.26,4.27,4.21,4.25,4.27,-0.02,-0.47,950.0,403.1345
600887.SH,20050415,13.55,14.05,13.46,13.6,13.59,0.01,0.07,24132.69,33291.709
600653.SH,20050415,2.32,2.32,2.25,2.26,2.33,-0.07,-3.0,39077.42,8903.416
600498.SH,20050415,8.02,8.02,7.6,7.64,8.08,-0.44,-5.45,12268.19,9489.753
600752.SH,20050415,0.99,1.05,0.99,1.05,1.0,0.05,5.0,49154.28,5133.971
000517.SZ,20050415,6.6,6.6,5.95,5.95,6.61,-0.66,-9.98,98968.51,61648.3978
600592.SH,20050415,7.52,7.52,7.1,7.28,7.57,-0.29,-3.83,23768.6,17276.494
000404.SZ,20050415,3.15,3.15,2.86,2.94,3.18,-0.24,-7.55,11840.21,3483.7868
600841.SH,20050415,8.6,8.9,8.47,8.89,8.65,0.24,2.77,5618.61,4887.39
600889.SH,20050415,4.12,4.12,3.96,3.96,4.13,-0.17,-4.12,5290.46,2122.015
000938.SZ,20050415,11.01,11.25,10.82,10.86,11.32,-0.46,-4.06,5348.39,5893.6858
000981.SZ,20050415,4.2,4.2,3.97,3.98,4.24,-0.26,-6.13,5935.04,2405.1661
000007.SZ,20050415,3.33,3.36,3.21,3.3,3.36,-0.06,-1.79,7375.04,2423.6194
600517.SH,20050415,7.85,7.85,7.58,7.69,7.85,-0.16,-2.04,1980.1,1525.197
600207.SH,20050415,6.35,6.4,6.18,6.21,6.42,-0.21,-3.27,17766.21,11087.078
600801.SH,20050415,5.66,5.74,5.6,5.6,5.77,-0.17,-2.95,4267.65,2413.978
600418.SH,20050415,6.5,6.54,6.41,6.47,6.54,-0.07,-1.07,19966.88,12918.978
600820.SH,20050415,3.57,3.57,3.48,3.49,3.59,-0.1,-2.79,5239.94,1838.895
600259.SH,20050415,2.83,2.83,2.71,2.72,2.88,-0.16,-5.56,7164.18,1960.202
600088.SH,20050415,10.1,10.38,10.09,10.17,10.39,-0.22,-2.12,11527.24,11789.917
600235.SH,20050415,5.28,5.41,5.24,5.32,5.23,0.09,1.72,1993.93,1056.446
600760.SH,20050415,1.95,1.95,1.86,1.87,1.96,-0.09,-4.59,25148.64,4700.704
000725.SZ,20050415,6.35,6.35,6.0,6.19,6.42,-0.23,-3.58,24392.94,15044.3237
600094.SH,20050415,3.21,3.24,3.13,3.16,3.25,-0.09,-2.77,3651.05,1155.773
000639.SZ,20050415,16.7,16.85,16.5,16.58,16.73,-0.15,-0.9,79.0,131.103
000708.SZ,20050415,4.4,4.4,4.16,4.18,4.46,-0.28,-6.28,23693.15,10068.7973
600213.SH,20050415,3.4,3.4,3.17,3.2,3.41,-0.21,-6.16,12412.03,4051.026
600327.SH,20050415,4.95,4.95,4.8,4.85,4.95,-0.1,-2.02,9059.49,4419.058
600886.SH,20050415,7.67,7.81,7.56,7.75,7.73,0.02,0.26,20161.96,15530.952
600332.SH,20050415,4.26,4.38,4.24,4.3,4.32,-0.02,-0.46,4161.8,1791.127
000917.SZ,20050415,8.7,8.7,8.33,8.44,8.74,-0.3,-3.43,26600.54,22717.1042
000060.SZ,20050415,6.93,7.25,6.86,7.09,6.97,0.12,1.72,35014.98,24870.2472
600059.SH,20050415,6.26,6.31,6.15,6.18,6.33,-0.15,-2.37,18658.88,11624.221
000605.SZ,20050415,6.42,6.42,6.17,6.21,6.47,-0.26,-4.02,7023.93,4390.131
000031.SZ,20050415,5.68,5.74,5.53,5.58,5.78,-0.2,-3.46,18104.19,10132.6906
600323.SH,20050415,7.95,7.95,7.65,7.68,8.0,-0.32,-4.0,11503.09,8964.565
000856.SZ,20050415,2.41,2.41,2.41,2.41,2.54,-0.13,-5.12,89.0,21.449
002001.SZ,20050415,12.04,12.34,11.9,12.09,12.04,0.05,0.42,6044.86,7315.6247
600506.SH,20050415,3.41,3.44,3.2,3.21,3.45,-0.24,-6.96,6373.9,2104.445
600665.SH,20050415,3.28,3.28,3.11,3.14,3.3,-0.16,-4.85,6547.0,2078.88
000036.SZ,20050415,5.9,5.91,5.72,5.79,5.91,-0.12,-2.03,33819.3,19610.6189
600881.SH,20050415,4.0,4.0,3.89,3.92,4.03,-0.11,-2.73,13045.18,5134.746
600511.SH,20050415,5.61,5.62,5.4,5.42,5.6,-0.18,-3.21,3416.14,1867.458
600012.SH,20050415,7.65,7.65,7.4,7.4,7.68,-0.28,-3.65,47833.8,35959.008
002031.SZ,20050415,12.22,12.35,11.75,11.85,12.35,-0.5,-4.05,14559.39,17427.3732
000536.SZ,20050415,2.83,2.87,2.77,2.8,2.92,-0.12,-4.11,3284.06,920.3693
600731.SH,20050415,3.4,3.56,3.34,3.35,3.4,-0.05,-1.47,3072.5,1036.718
000709.SZ,20050415,4.53,4.53,4.47,4.49,4.54,-0.05,-1.1,27689.81,12436.4368
000881.SZ,20050415,3.6,3.74,3.56,3.62,3.72,-0.1,-2.69,3954.94,1428.0346
000810.SZ,20050415,3.59,3.7,3.52,3.65,3.53,0.12,3.4,17762.94,6403.6592
000594.SZ,20050415,3.7,3.72,3.64,3.66,3.74,-0.08,-2.14,14356.39,5286.1665
600807.SH,20050415,2.59,2.6,2.56,2.57,2.65,-0.08,-3.02,1128.0,290.98
600751.SH,20050415,1.88,2.0,1.88,2.0,1.9,0.1,5.26,38918.65,7766.169
600611.SH,20050415,6.03,6.12,6.03,6.1,6.07,0.03,0.49,2211.34,1342.798
600780.SH,20050415,3.75,3.75,3.68,3.69,3.78,-0.09,-2.38,86022.44,31895.416
600169.SH,20050415,7.32,7.53,7.12,7.45,7.32,0.13,1.78,13839.72,10144.594
600120.SH,20050415,2.95,2.96,2.87,2.9,2.98,-0.08,-2.68,10337.16,3006.429
600107.SH,20050415,2.1,2.13,2.02,2.03,2.15,-0.12,-5.58,9081.9,1879.861
600583.SH,20050415,27.4,27.42,27.0,27.07,27.57,-0.5,-1.81,10962.59,29800.721
600114.SH,20050415,6.6,6.9,6.5,6.69,6.68,0.01,0.15,41779.16,28329.904
600351.SH,20050415,5.69,6.15,5.69,5.84,5.7,0.14,2.46,45444.25,26586.4
600127.SH,20050415,2.84,2.84,2.68,2.69,2.84,-0.15,-5.28,13861.15,3801.992
600339.SH,20050415,6.48,6.63,6.45,6.54,6.53,0.01,0.15,56688.07,37135.191
600392.SH,20050415,11.65,11.7,11.23,11.25,11.67,-0.42,-3.6,2803.6,3202.799
600122.SH,20050415,4.85,4.87,4.71,4.77,4.85,-0.08,-1.65,15256.18,7319.196
600608.SH,20050415,5.4,5.41,5.26,5.27,5.52,-0.25,-4.53,16023.64,8531.999
002033.SZ,20050415,10.88,11.28,10.85,11.2,10.93,0.27,2.47,19250.26,21465.5306
000812.SZ,20050415,3.68,3.9,3.68,3.82,3.94,-0.12,-3.05,4254.72,1610.1887
000400.SZ,20050415,5.6,5.6,5.36,5.38,5.66,-0.28,-4.95,29579.88,16185.0079
000056.SZ,20050415,3.56,3.58,3.47,3.5,3.66,-0.16,-4.37,13424.96,4736.5758
600038.SH,20050415,6.4,6.42,6.18,6.24,6.5,-0.26,-4.0,2451.0,1538.073
600093.SH,20050415,2.76,2.76,2.6,2.65,2.79,-0.14,-5.02,9091.97,2433.385
000099.SZ,20050415,4.37,4.37,4.2,4.21,4.37,-0.16,-3.66,9387.5,3992.0295
000751.SZ,20050415,4.0,4.0,3.86,3.87,4.03,-0.16,-3.97,31457.09,12252.5741
600415.SH,20050415,31.8,31.97,31.59,31.69,32.0,-0.31,-0.97,1834.85,5814.288
002016.SZ,20050415,8.0,8.06,7.84,7.88,8.06,-0.18,-2.23,5340.06,4239.2477
600146.SH,20050415,2.48,2.49,2.38,2.43,2.51,-0.08,-3.19,10152.27,2440.322
002015.SZ,20050415,10.24,10.37,10.06,10.1,10.25,-0.15,-1.46,5265.53,5390.1054
000691.SZ,20050415,1.83,1.83,1.74,1.74,1.83,-0.09,-4.92,17819.0,3131.104
600858.SH,20050415,5.12,5.32,5.08,5.15,5.23,-0.08,-1.53,10454.19,5418.157
000678.SZ,20050415,3.63,3.63,3.46,3.47,3.64,-0.17,-4.67,6251.0,2207.3694
600036.SH,20050415,8.95,8.96,8.84,8.91,8.96,-0.05,-0.56,132931.91,118340.004
600150.SH,20050415,8.82,9.15,8.78,9.06,8.82,0.24,2.72,19535.02,17611.882
600393.SH,20050415,5.32,5.4,5.22,5.27,5.38,-0.11,-2.04,3159.0,1665.647
600842.SH,20050415,3.02,3.02,2.76,2.78,2.89,-0.11,-3.81,16406.0,4780.844
600378.SH,20050415,3.15,3.16,3.02,3.03,3.18,-0.15,-4.72,6331.9,1949.685
600231.SH,20050415,5.55,5.59,5.42,5.47,5.6,-0.13,-2.32,26029.75,14302.589
000547.SZ,20050415,4.31,4.31,4.19,4.22,4.32,-0.1,-2.31,6098.16,2580.4424
600265.SH,20050415,4.2,4.2,4.08,4.09,4.22,-0.13,-3.08,2974.99,1233.907
600131.SH,20050415,3.71,3.73,3.65,3.67,3.74,-0.07,-1.87,4581.0,1686.556
600725.SH,20050415,4.7,4.94,4.62,4.78,4.7,0.08,1.7,16729.41,8041.054
600565.SH,20050415,7.97,7.98,7.75,7.89,7.96,-0.07,-0.88,738.05,581.048
600742.SH,20050415,3.97,3.97,3.78,3.8,3.97,-0.17,-4.28,8124.94,3128.297
600033.SH,20050415,8.35,8.4,8.22,8.37,8.38,-0.01,-0.12,15191.38,12661.251
000061.SZ,20050415,3.62,3.78,3.57,3.7,3.69,0.01,0.27,24369.0,8973.1129
000043.SZ,20050415,7.25,7.32,6.98,6.99,7.22,-0.23,-3.19,2877.0,2033.9875
000627.SZ,20050415,2.7,2.7,2.59,2.6,2.72,-0.12,-4.41,15097.13,3960.7489
000952.SZ,20050415,3.56,3.63,3.46,3.47,3.61,-0.14,-3.88,1733.0,609.491
000795.SZ,20050415,4.05,4.05,3.68,3.71,4.08,-0.37,-9.07,18027.02,6951.9692
600106.SH,20050415,5.34,5.34,5.18,5.2,5.36,-0.16,-2.99,3248.27,1701.036
000626.SZ,20050415,11.36,11.5,11.15,11.32,11.4,-0.08,-0.7,9237.2,10476.1917
600978.SH,20050415,6.37,6.37,6.11,6.13,6.39,-0.26,-4.07,12186.52,7545.469
600021.SH,20050415,5.5,5.53,5.41,5.51,5.54,-0.03,-0.54,12459.76,6785.42
000560.SZ,20050415,3.12,3.3,3.08,3.18,3.15,0.03,0.95,8074.99,2599.5392
002027.SZ,20050415,13.36,13.73,13.1,13.2,13.48,-0.28,-2.08,18574.03,24977.1403
600604.SH,20050415,3.76,3.98,3.71,3.97,3.76,0.21,5.59,17084.59,6597.025
000025.SZ,20050415,3.61,3.67,3.5,3.5,3.68,-0.18,-4.89,6482.0,2283.686
000920.SZ,20050415,5.65,5.65,5.32,5.34,5.68,-0.34,-5.99,78163.03,42766.6049
600598.SH,20050415,5.36,5.49,5.3,5.4,5.4,0.0,0.0,29095.03,15776.963
600308.SH,20050415,10.19,10.26,10.09,10.22,10.19,0.03,0.29,18669.01,18946.232
600084.SH,20050415,3.88,4.06,3.63,4.03,3.83,0.2,5.22,57427.71,22537.231
600167.SH,20050415,4.75,4.92,4.67,4.76,4.71,0.05,1.06,26673.71,12875.994
000962.SZ,20050415,6.49,6.49,6.22,6.29,6.5,-0.21,-3.23,11545.36,7290.32
600105.SH,20050415,4.95,4.95,4.76,4.83,4.95,-0.12,-2.42,5730.38,2756.886
600463.SH,20050415,5.68,5.75,5.55,5.6,5.78,-0.18,-3.11,2147.3,1211.845
000026.SZ,20050415,4.78,4.78,4.4,4.59,4.79,-0.2,-4.18,2247.8,1029.6148
000089.SZ,20050415,7.68,7.71,7.57,7.64,7.7,-0.06,-0.78,32870.65,25071.2765
600103.SH,20050415,2.55,2.55,2.46,2.46,2.55,-0.09,-3.53,10047.8,2494.017
000014.SZ,20050415,5.26,5.27,5.1,5.22,5.27,-0.05,-0.95,4114.01,2139.2092
600079.SH,20050415,3.7,3.71,3.65,3.65,3.73,-0.08,-2.14,6443.13,2364.888
600689.SH,20050415,3.1,3.2,3.03,3.14,3.34,-0.2,-5.99,9971.06,3098.815
000960.SZ,20050415,7.74,7.78,7.61,7.65,7.75,-0.1,-1.29,32698.46,25150.0514
600130.SH,20050415,12.15,12.44,12.09,12.15,12.19,-0.04,-0.33,7000.54,8586.389
000988.SZ,20050415,6.78,6.78,6.6,6.63,6.84,-0.21,-3.07,5134.45,3408.0187
000598.SZ,20050415,4.4,4.4,4.28,4.32,4.46,-0.14,-3.14,14537.55,6290.9958
600645.SH,20050415,3.62,3.62,3.4,3.45,3.64,-0.19,-5.22,22834.72,7934.632
000532.SZ,20050415,4.58,4.58,4.29,4.31,4.56,-0.25,-5.48,33826.43,14794.8557
000009.SZ,20050415,2.85,2.86,2.77,2.78,2.87,-0.09,-3.14,20943.0,5865.2876
000923.SZ,20050415,3.42,3.45,3.17,3.19,3.46,-0.27,-7.8,18692.36,6134.0211
000550.SZ,20050415,4.39,4.39,4.2,4.23,4.41,-0.18,-4.08,18875.4,8069.9011
600526.SH,20050415,7.85,7.85,7.65,7.72,7.94,-0.22,-2.77,6170.67,4773.471
000420.SZ,20050415,3.3,3.35,3.27,3.34,3.32,0.02,0.6,9965.39,3303.3063
600971.SH,20050415,22.56,22.56,20.92,21.01,21.91,-0.9,-4.11,27927.24,59487.171
600436.SH,20050415,13.5,13.68,13.46,13.54,13.6,-0.06,-0.44,3331.9,4525.541
000659.SZ,20050415,4.08,4.1,3.96,4.03,4.11,-0.08,-1.95,64915.14,26193.7406
600567.SH,20050415,3.63,3.64,3.57,3.61,3.65,-0.04,-1.1,13557.11,4882.37
600480.SH,20050415,5.45,5.45,5.26,5.31,5.46,-0.15,-2.75,5328.7,2840.519
600081.SH,20050415,4.13,4.13,3.95,4.01,4.18,-0.17,-4.07,11287.14,4565.065
000756.SZ,20050415,3.27,3.27,3.08,3.09,3.29,-0.2,-6.08,5371.0,1695.542
000999.SZ,20050415,3.46,3.48,3.26,3.35,3.46,-0.11,-3.18,28406.75,9506.6701
601607.SH,20050415,4.39,4.39,4.27,4.32,4.44,-0.12,-2.7,13462.35,5805.359
600111.SH,20050415,5.53,5.53,5.2,5.28,5.56,-0.28,-5.04,12383.58,6576.602
600403.SH,20050415,11.87,11.9,10.8,11.48,11.97,-0.49,-4.09,16950.82,19358.893
600894.SH,20050415,3.05,3.05,2.92,3.01,3.05,-0.04,-1.31,32144.79,9593.452
000557.SZ,20050415,1.1,1.1,1.06,1.06,1.12,-0.06,-5.36,51322.0,5474.551
000825.SZ,20050415,4.52,4.55,4.46,4.48,4.56,-0.08,-1.75,42597.45,19159.8852
600741.SH,20050415,3.97,4.0,3.87,3.9,3.98,-0.08,-2.01,18389.16,7180.167
600433.SH,20050415,4.22,4.22,4.09,4.11,4.26,-0.15,-3.52,2575.3,1063.901
000796.SZ,20050415,3.65,3.66,3.55,3.56,3.67,-0.11,-3.0,5059.31,1818.5935
000655.SZ,20050415,2.32,2.32,2.15,2.2,2.35,-0.15,-6.38,19601.58,4339.0846
600516.SH,20050415,5.77,5.94,5.74,5.9,5.79,0.11,1.9,15105.88,8846.398
600672.SH,20050415,1.01,1.01,0.97,0.97,1.02,-0.05,-4.9,31099.0,3051.699
600838.SH,20050415,3.34,3.34,3.16,3.2,3.37,-0.17,-5.04,10659.02,3426.244
600016.SH,20050415,5.78,5.85,5.74,5.81,5.8,0.01,0.17,81217.83,47065.44
000863.SZ,20050415,3.49,3.49,3.15,3.17,3.5,-0.33,-9.43,13476.69,4433.8801
000690.SZ,20050415,4.35,4.38,4.3,4.31,4.38,-0.07,-1.6,3414.59,1482.4211
600762.SH,20050415,2.63,2.66,2.57,2.57,2.71,-0.14,-5.17,14247.99,3694.112
000762.SZ,20050415,5.75,5.87,5.65,5.79,5.79,0.0,0.0,12308.47,7067.7785
600794.SH,20050415,4.43,4.51,4.31,4.41,4.49,-0.08,-1.78,2194.0,972.567
600705.SH,20050415,2.24,2.24,2.12,2.14,2.26,-0.12,-5.31,45339.15,9896.438
600617.SH,20050415,2.88,2.93,2.85,2.91,2.91,0.0,0.0,827.9,240.59
000748.SZ,20050415,3.36,3.44,3.33,3.35,3.46,-0.11,-3.18,10462.99,3534.3247
600766.SH,20050415,1.96,2.02,1.9,1.9,2.0,-0.1,-5.0,11430.0,2195.031
600745.SH,20050415,2.79,2.8,2.63,2.64,2.79,-0.15,-5.38,14576.0,3940.6
600148.SH,20050415,4.02,4.03,3.9,3.94,4.07,-0.13,-3.19,1700.89,675.703
600266.SH,20050415,5.3,5.47,5.27,5.35,5.31,0.04,0.75,10673.61,5732.983
600848.SH,20050415,2.82,2.96,2.82,2.96,2.82,0.14,4.96,10407.12,3033.644
000158.SZ,20050415,3.18,3.2,3.08,3.11,3.24,-0.13,-4.01,6458.6,2019.0555
600039.SH,20050415,2.62,2.65,2.52,2.53,2.67,-0.14,-5.24,11398.31,2945.825
000629.SZ,20050415,5.42,5.5,5.36,5.44,5.43,0.01,0.18,55204.18,29922.0698
600096.SH,20050415,10.68,10.7,10.51,10.55,10.76,-0.21,-1.95,16394.59,17427.941
600461.SH,20050415,5.32,5.33,5.1,5.13,5.3,-0.17,-3.21,7588.21,3937.344
000955.SZ,20050415,3.2,3.2,3.07,3.14,3.21,-0.07,-2.18,2806.52,875.1492
600587.SH,20050415,5.7,5.7,5.35,5.36,5.71,-0.35,-6.13,13062.0,7141.305
000023.SZ,20050415,5.08,5.1,4.65,4.74,5.16,-0.42,-8.14,11444.92,5546.4221
000851.SZ,20050415,6.46,6.46,6.03,6.04,6.46,-0.42,-6.5,22784.58,14173.3194
000990.SZ,20050415,5.77,5.77,5.24,5.25,5.82,-0.57,-9.79,16481.65,8861.4204
600348.SH,20050415,10.6,11.31,10.6,11.2,11.29,-0.09,-0.8,13399.56,14957.236
000410.SZ,20050415,6.55,6.79,6.46,6.74,6.59,0.15,2.28,50278.54,33452.3923
000001.SZ,20050415,6.5,6.77,6.38,6.63,6.6,0.03,0.45,184026.21,121206.9094
600133.SH,20050415,4.74,4.78,4.58,4.65,4.8,-0.15,-3.13,3358.86,1557.422
600128.SH,20050415,3.7,3.72,3.65,3.68,3.69,-0.01,-0.27,3044.0,1119.533
600221.SH,20050415,3.3,3.3,3.13,3.15,3.3,-0.15,-4.55,50196.86,16020.191
600581.SH,20050415,4.64,4.64,4.53,4.53,4.66,-0.13,-2.79,13043.9,5951.15
000065.SZ,20050415,4.9,4.95,4.84,4.9,5.0,-0.1,-2.0,2645.55,1292.6401
600493.SH,20050415,4.55,4.55,4.39,4.4,4.57,-0.17,-3.72,6956.0,3097.523
000011.SZ,20050415,5.85,5.89,5.34,5.4,5.93,-0.53,-8.94,94881.55,52255.9499
000030.SZ,20050415,1.62,1.65,1.61,1.62,1.64,-0.02,-1.22,4906.0,797.916
600536.SH,20050415,14.0,14.0,13.66,13.79,14.0,-0.21,-1.5,3541.1,4874.871
000417.SZ,20050415,3.73,3.74,3.67,3.67,3.77,-0.1,-2.65,3439.44,1273.4802
600729.SH,20050415,5.6,5.67,5.51,5.53,5.66,-0.13,-2.3,4800.0,2681.981
600609.SH,20050415,2.13,2.13,2.05,2.07,2.14,-0.07,-3.27,30526.5,6371.154
600651.SH,20050415,7.79,8.01,7.79,7.96,7.86,0.1,1.27,11547.78,9149.151
600069.SH,20050415,3.7,3.71,3.52,3.61,3.8,-0.19,-5.0,39546.14,14320.404
000534.SZ,20050415,3.16,3.16,3.08,3.1,3.18,-0.08,-2.52,3507.62,1085.6137
600643.SH,20050415,6.45,6.45,6.11,6.13,6.48,-0.35,-5.4,31633.68,19882.14
600988.SH,20050415,7.5,7.5,6.92,6.93,7.51,-0.58,-7.72,13308.79,9497.544
000833.SZ,20050415,4.09,4.09,3.69,3.71,4.09,-0.38,-9.29,24475.45,9385.0398
600295.SH,20050415,3.61,3.66,3.52,3.52,3.67,-0.15,-4.09,9679.68,3447.404
600743.SH,20050415,1.9,1.9,1.85,1.9,1.9,0.0,0.0,3953.96,740.811
600876.SH,20050415,3.52,3.52,3.38,3.4,3.54,-0.14,-3.95,1671.5,575.32
000570.SZ,20050415,4.2,4.23,4.01,4.11,4.2,-0.09,-2.14,4719.55,1926.4499
600080.SH,20050415,3.71,3.71,3.52,3.54,3.71,-0.17,-4.58,5373.43,1931.957
002005.SZ,20050415,11.96,12.17,11.76,11.9,11.93,-0.03,-0.25,9728.82,11695.9369
600004.SH,20050415,7.63,7.63,7.44,7.49,7.68,-0.19,-2.47,34934.69,26252.78
600597.SH,20050415,5.55,5.68,5.55,5.56,5.67,-0.11,-1.94,26880.18,15029.033
000403.SZ,20050415,4.6,4.6,4.17,4.17,4.63,-0.46,-9.94,45005.26,19075.8379
600529.SH,20050415,8.72,8.84,8.72,8.78,8.84,-0.06,-0.68,3955.97,3476.707
000546.SZ,20050415,2.4,2.44,2.32,2.39,2.44,-0.05,-2.05,9150.53,2176.8815
600628.SH,20050415,7.2,7.29,7.12,7.2,7.27,-0.07,-0.96,8302.26,5992.019
000667.SZ,20050415,4.3,4.39,4.26,4.3,4.32,-0.02,-0.46,4694.0,2032.8555
600065.SH,20050415,2.13,2.14,2.12,2.12,2.23,-0.11,-4.93,9798.0,2078.11
000860.SZ,20050415,5.18,5.33,5.15,5.26,5.23,0.03,0.57,6500.7,3422.0596
600054.SH,20050415,9.18,9.7,9.04,9.66,9.2,0.46,5.0,17084.29,16119.056
000695.SZ,20050415,3.71,3.71,3.55,3.61,3.73,-0.12,-3.22,11825.58,4267.0793
600248.SH,20050415,3.33,3.33,3.11,3.13,3.38,-0.25,-7.4,4492.32,1435.471
600983.SH,20050415,3.2,3.2,3.05,3.07,3.22,-0.15,-4.66,12272.87,3838.125
600836.SH,20050415,5.89,6.23,5.86,6.17,5.91,0.26,4.4,3157.27,1904.972
600566.SH,20050415,4.65,4.75,4.61,4.68,4.71,-0.03,-0.64,1754.79,818.856
000948.SZ,20050415,5.37,5.45,5.1,5.2,5.45,-0.25,-4.59,1367.0,723.2865
000012.SZ,20050415,8.44,8.47,8.2,8.34,8.51,-0.17,-2.0,23183.38,19304.4697
600827.SH,20050415,6.27,6.3,6.06,6.07,6.34,-0.27,-4.26,7787.92,4771.625
600980.SH,20050415,8.76,8.76,8.6,8.61,8.8,-0.19,-2.16,5609.12,4857.556
000908.SZ,20050415,2.92,2.93,2.76,2.79,2.92,-0.13,-4.45,5631.59,1586.1087
600706.SH,20050415,7.44,7.44,7.24,7.28,7.53,-0.25,-3.32,6542.12,4786.072
600286.SH,20050415,2.0,2.05,1.92,1.95,2.03,-0.08,-3.94,16107.69,3188.69
600125.SH,20050415,10.18,10.46,10.08,10.3,10.21,0.09,0.88,9388.75,9644.651
600015.SH,20050415,3.9,3.91,3.84,3.85,3.94,-0.09,-2.28,82007.74,31724.726
600031.SH,20050415,18.0,18.29,17.52,17.83,18.23,-0.4,-2.19,10097.99,18137.831
002037.SZ,20050415,7.1,7.15,6.82,6.88,7.16,-0.28,-3.91,9959.41,6927.2216
600559.SH,20050415,4.79,4.79,4.72,4.75,4.81,-0.06,-1.25,3098.42,1471.043
000736.SZ,20050415,2.42,2.42,2.34,2.34,2.46,-0.12,-4.88,1908.0,447.877
600993.SH,20050415,21.7,22.08,21.6,21.86,21.95,-0.09,-0.41,2541.3,5550.841
000832.SZ,20050415,1.64,1.64,1.64,1.64,1.56,0.08,5.13,7014.61,1150.396
600285.SH,20050415,5.5,5.52,5.35,5.37,5.57,-0.2,-3.59,1117.0,605.733
600812.SH,20050415,3.41,3.45,3.3,3.32,3.47,-0.15,-4.32,29381.14,9851.08
600226.SH,20050415,4.66,4.68,4.55,4.6,4.66,-0.06,-1.29,5284.6,2431.972
600502.SH,20050415,4.02,4.02,3.92,3.93,4.06,-0.13,-3.2,4933.99,1953.267
000583.SZ,20050415,1.47,1.48,1.41,1.41,1.48,-0.07,-4.73,23287.32,3367.8658
600191.SH,20050415,5.09,5.09,4.94,4.95,5.14,-0.19,-3.7,4607.36,2302.902
000887.SZ,20050415,2.18,2.18,1.99,2.01,2.2,-0.19,-8.64,22227.04,4545.2661
002023.SZ,20050415,17.98,18.08,17.56,17.69,17.96,-0.27,-1.5,8553.11,15242.2826
600399.SH,20050415,8.9,8.9,8.6,8.72,8.9,-0.18,-2.02,14756.66,12925.339
600373.SH,20050415,4.22,4.26,3.99,4.08,4.21,-0.13,-3.09,6335.8,2639.12
000581.SZ,20050415,11.65,11.97,11.65,11.9,11.75,0.15,1.28,9589.04,11320.8953
000790.SZ,20050415,5.18,5.24,4.72,4.82,5.24,-0.42,-8.02,17846.99,8817.7866
600576.SH,20050415,3.13,3.13,2.9,2.94,3.15,-0.21,-6.67,7425.24,2223.701
600668.SH,20050415,3.0,3.0,2.88,2.9,3.01,-0.11,-3.65,12240.0,3569.56
000090.SZ,20050415,5.33,5.39,5.13,5.15,5.39,-0.24,-4.45,3348.0,1742.23
600872.SH,20050415,3.1,3.12,3.02,3.03,3.13,-0.1,-3.19,5218.69,1594.482
000671.SZ,20050415,6.34,6.44,6.25,6.33,6.45,-0.12,-1.86,600.53,378.2528
000525.SZ,20050415,4.33,4.4,4.15,4.2,4.35,-0.15,-3.45,14831.31,6279.2205
600060.SH,20050415,4.92,4.92,4.75,4.77,4.94,-0.17,-3.44,12205.69,5857.209
600624.SH,20050415,5.65,5.67,5.47,5.5,5.7,-0.2,-3.51,12043.3,6663.253
000002.SZ,20050415,5.83,5.85,5.76,5.84,5.83,0.01,0.17,68532.49,39867.9923
000672.SZ,20050415,2.71,2.75,2.51,2.54,2.79,-0.25,-8.96,23580.1,6051.2337
600856.SH,20050415,3.29,3.29,3.15,3.17,3.3,-0.13,-3.94,6632.01,2112.425
002021.SZ,20050415,10.79,10.99,10.63,10.68,10.75,-0.07,-0.65,14188.85,15363.308
600821.SH,20050415,3.03,3.06,2.9,2.93,3.06,-0.13,-4.25,10503.87,3095.592
600793.SH,20050415,4.71,4.76,4.57,4.57,4.76,-0.19,-3.99,1769.98,824.249
600456.SH,20050415,7.9,7.91,7.61,7.71,7.91,-0.2,-2.53,3339.84,2590.642
600765.SH,20050415,4.86,4.86,4.66,4.7,4.88,-0.18,-3.69,2298.0,1087.358
600129.SH,20050415,5.27,5.27,5.03,5.04,5.29,-0.25,-4.73,15815.49,8057.616
000005.SZ,20050415,1.98,1.99,1.93,1.94,1.99,-0.05,-2.51,18683.71,3638.9127
000619.SZ,20050415,5.73,5.73,5.64,5.65,5.75,-0.1,-1.74,39999.0,22703.6093
000699.SZ,20050415,1.65,1.73,1.64,1.68,1.67,0.01,0.6,21885.04,3674.142
000422.SZ,20050415,7.59,7.74,7.53,7.69,7.63,0.06,0.79,18777.81,14360.3751
600594.SH,20050415,18.42,18.52,18.0,18.09,18.55,-0.46,-2.48,1432.0,2611.618
000750.SZ,20050415,2.83,2.83,2.67,2.69,2.83,-0.14,-4.95,10372.5,2829.5475
000700.SZ,20050415,3.34,3.34,3.2,3.22,3.36,-0.14,-4.17,11767.35,3829.7567
600868.SH,20050415,2.77,2.77,2.7,2.71,2.78,-0.07,-2.52,19253.71,5251.621
600895.SH,20050415,4.82,4.9,4.76,4.8,4.84,-0.04,-0.83,24211.7,11650.038
600877.SH,20050415,2.88,2.88,2.78,2.82,2.87,-0.05,-1.74,3094.04,872.372
000839.SZ,20050415,9.96,9.96,9.66,9.74,10.09,-0.35,-3.47,19375.66,18887.394
000514.SZ,20050415,5.15,5.2,4.97,5.07,5.25,-0.18,-3.43,6665.68,3370.4225
600459.SH,20050415,8.1,8.1,7.81,7.89,8.1,-0.21,-2.59,3633.89,2865.058
000402.SZ,20050415,11.84,11.84,11.56,11.75,11.85,-0.1,-0.84,20010.0,23314.8477
000735.SZ,20050415,2.71,2.71,2.65,2.67,2.72,-0.05,-1.84,9021.62,2407.8684
600985.SH,20050415,6.91,6.97,6.68,6.74,7.0,-0.26,-3.71,5736.9,3878.793
000767.SZ,20050415,5.28,5.29,5.2,5.25,5.3,-0.05,-0.94,4616.34,2416.3665
600390.SH,20050415,6.93,7.05,6.75,6.78,6.99,-0.21,-3.0,2478.0,1696.431
600806.SH,20050415,3.96,4.0,3.85,3.87,4.0,-0.13,-3.25,4099.99,1590.225
000933.SZ,20050415,15.47,15.6,15.26,15.29,15.53,-0.24,-1.55,9557.16,14711.6466
600405.SH,20050415,7.08,7.08,6.7,6.71,7.17,-0.46,-6.42,5053.9,3454.189
000032.SZ,20050415,5.88,5.88,5.51,5.55,5.95,-0.4,-6.72,15072.93,8482.5501
000156.SZ,20050415,2.08,2.11,2.0,2.0,2.1,-0.1,-4.76,14667.0,2959.322
600408.SH,20050415,7.79,7.85,7.68,7.69,7.89,-0.2,-2.53,24545.26,19053.087
600298.SH,20050415,8.38,8.38,8.18,8.24,8.41,-0.17,-2.02,1238.6,1022.166
600708.SH,20050415,4.97,4.97,4.84,4.85,4.99,-0.14,-2.81,9302.0,4547.478
600082.SH,20050415,3.65,3.71,3.48,3.5,3.66,-0.16,-4.37,4273.0,1519.177
600337.SH,20050415,6.33,6.43,6.02,6.35,6.41,-0.06,-0.94,4266.92,2686.281
600158.SH,20050415,7.1,7.18,7.0,7.16,7.13,0.03,0.42,7120.38,5048.379
600239.SH,20050415,3.61,3.61,3.25,3.34,3.61,-0.27,-7.48,6347.01,2173.534
600121.SH,20050415,4.31,4.36,4.27,4.28,4.36,-0.08,-1.83,11488.9,4947.209
600357.SH,20050415,3.85,3.85,3.68,3.7,3.83,-0.13,-3.39,24685.94,9198.23
000710.SZ,20050415,2.5,2.57,2.42,2.44,2.51,-0.07,-2.79,1671.0,413.896
600098.SH,20050415,8.72,8.72,8.55,8.64,8.78,-0.14,-1.59,25593.93,22045.713
000153.SZ,20050415,7.26,7.26,6.8,6.89,7.06,-0.17,-2.41,3780.0,2630.7197
600756.SH,20050415,8.6,8.6,8.3,8.32,8.73,-0.41,-4.7,18339.81,15456.749
000566.SZ,20050415,3.71,3.74,3.54,3.62,3.77,-0.15,-3.98,2197.28,800.477
600716.SH,20050415,2.8,2.8,2.68,2.69,2.8,-0.11,-3.93,19359.0,5270.286
600316.SH,20050415,5.75,5.85,5.74,5.84,5.82,0.02,0.34,6411.18,3722.981
600193.SH,20050415,4.13,4.22,4.09,4.2,4.13,0.07,1.69,8808.24,3683.258
600722.SH,20050415,3.75,3.79,3.64,3.7,3.8,-0.1,-2.63,5602.0,2088.352
600548.SH,20050415,5.06,5.1,5.03,5.07,5.06,0.01,0.2,11091.53,5621.441
600199.SH,20050415,2.27,2.28,2.15,2.18,2.29,-0.11,-4.8,10408.76,2301.02
600897.SH,20050415,8.39,8.68,8.32,8.48,8.46,0.02,0.24,8331.94,7103.021
600979.SH,20050415,4.39,4.42,4.26,4.28,4.44,-0.16,-3.6,6586.01,2840.519
600350.SH,20050415,4.43,4.54,4.4,4.47,4.43,0.04,0.9,30381.1,13672.619
000151.SZ,20050415,3.76,3.76,3.6,3.61,3.77,-0.16,-4.24,4532.0,1658.604
600658.SH,20050415,4.8,4.84,4.65,4.66,4.87,-0.21,-4.31,13722.99,6469.955
600237.SH,20050415,5.77,5.77,5.56,5.59,5.77,-0.18,-3.12,6104.75,3435.887
600238.SH,20050415,3.97,3.97,3.8,3.85,4.0,-0.15,-3.75,6957.87,2685.555
600376.SH,20050415,5.69,5.69,5.56,5.56,5.69,-0.13,-2.28,1528.0,858.228
600603.SH,20050415,2.48,2.48,2.42,2.42,2.5,-0.08,-3.2,6587.4,1609.375
000885.SZ,20050415,2.45,2.48,2.36,2.44,2.45,-0.01,-0.41,2889.6,701.0184
600117.SH,20050415,3.62,3.62,3.49,3.51,3.65,-0.14,-3.84,11710.78,4121.833
600155.SH,20050415,3.46,3.5,3.36,3.39,3.51,-0.12,-3.42,4868.72,1662.505
600448.SH,20050415,2.65,2.65,2.5,2.51,2.65,-0.14,-5.28,5036.73,1288.708
002010.SZ,20050415,12.35,12.49,12.0,12.1,12.38,-0.28,-2.26,9247.35,11335.5446
600797.SH,20050415,4.1,4.1,3.98,4.0,4.12,-0.12,-2.91,74418.41,29918.164
600230.SH,20050415,4.45,4.5,4.38,4.4,4.45,-0.05,-1.12,4467.17,1977.257
000413.SZ,20050415,3.69,3.69,3.46,3.47,3.7,-0.23,-6.22,3073.0,1093.781
600692.SH,20050415,4.57,4.62,4.54,4.58,4.62,-0.04,-0.87,1973.69,903.755
000759.SZ,20050415,4.25,4.28,4.17,4.18,4.27,-0.09,-2.11,14800.74,6236.5766
600773.SH,20050415,2.7,2.75,2.63,2.65,2.75,-0.1,-3.64,7846.85,2094.637
000716.SZ,20050415,3.6,3.6,3.45,3.48,3.6,-0.12,-3.33,6617.21,2317.3932
600830.SH,20050415,4.1,4.13,4.02,4.08,4.16,-0.08,-1.92,4614.0,1880.577
000828.SZ,20050415,5.0,5.0,4.85,4.85,5.0,-0.15,-3.0,25405.46,12437.3399
600261.SH,20050415,9.0,9.06,8.86,9.05,9.04,0.01,0.11,3230.59,2914.328
600368.SH,20050415,3.82,3.85,3.79,3.81,3.89,-0.08,-2.06,2404.91,919.19
600050.SH,20050415,2.72,2.73,2.7,2.71,2.73,-0.02,-0.73,298412.46,80920.185
000950.SZ,20050415,3.9,3.94,3.82,3.84,3.87,-0.03,-0.78,4682.74,1802.8819
600297.SH,20050415,6.36,6.36,6.12,6.23,6.13,0.1,1.63,1583.23,975.004
600180.SH,20050415,4.81,4.81,4.67,4.68,4.84,-0.16,-3.31,13488.97,6380.312
600462.SH,20050415,4.8,4.81,4.62,4.64,4.82,-0.18,-3.73,3106.0,1469.234
000893.SZ,20050415,3.21,3.24,2.97,3.07,3.24,-0.17,-5.25,4944.02,1512.3375
000949.SZ,20050415,3.95,3.96,3.88,3.88,3.95,-0.07,-1.77,11254.6,4404.9584
600818.SH,20050415,6.12,6.27,5.98,6.22,6.14,0.08,1.3,3988.7,2451.258
600162.SH,20050415,4.25,4.47,4.18,4.29,4.28,0.01,0.23,34382.61,14932.921
000666.SZ,20050415,3.67,3.67,3.55,3.57,3.68,-0.11,-2.99,7057.81,2529.5675
600519.SH,20050415,49.5,49.5,48.5,48.8,48.99,-0.19,-0.39,1635.59,7963.442
000680.SZ,20050415,3.08,3.08,3.03,3.05,3.1,-0.05,-1.61,21118.28,6432.641
600697.SH,20050415,5.36,5.36,5.17,5.27,5.37,-0.1,-1.86,1576.86,823.986
000721.SZ,20050415,3.66,4.04,3.66,3.86,3.74,0.12,3.21,35508.43,13811.4876
600423.SH,20050415,8.18,8.27,8.06,8.14,8.2,-0.06,-0.73,7535.14,6128.959
600496.SH,20050415,6.51,6.65,6.37,6.42,6.47,-0.05,-0.77,17973.87,11700.811
600001.SH,20050415,4.65,4.74,4.59,4.7,4.66,0.04,0.86,36739.35,17140.954
000008.SZ,20050415,8.15,8.37,7.8,7.96,8.15,-0.19,-2.33,21820.52,17565.0434
000791.SZ,20050415,2.45,2.74,2.42,2.74,2.49,0.25,10.04,43967.28,11841.1652
600497.SH,20050415,10.35,10.53,10.29,10.39,10.43,-0.04,-0.38,11390.19,11875.031
600789.SH,20050415,2.81,2.82,2.66,2.69,2.82,-0.13,-4.61,18666.37,5063.701
000650.SZ,20050415,1.84,1.84,1.78,1.79,1.87,-0.08,-4.28,17340.0,3096.7238
000022.SZ,20050415,31.55,31.7,31.03,31.16,31.7,-0.54,-1.7,2643.88,8239.1623
600400.SH,20050415,7.08,7.2,7.03,7.15,7.08,0.07,0.99,6113.5,4350.348
600803.SH,20050415,5.2,5.24,5.05,5.19,5.27,-0.08,-1.52,8709.01,4482.51
600157.SH,20050415,4.4,4.4,4.16,4.2,4.42,-0.22,-4.98,2941.89,1256.466
600879.SH,20050415,9.0,9.14,8.9,9.01,9.07,-0.06,-0.66,13273.78,11971.063
600201.SH,20050415,4.95,5.07,4.67,5.02,5.12,-0.1,-1.95,9683.83,4814.497
600485.SH,20050415,6.45,6.64,6.35,6.57,6.78,-0.21,-3.1,15070.22,9831.059
600640.SH,20050415,5.06,5.1,4.7,4.78,5.1,-0.32,-6.27,6791.08,3312.267
600737.SH,20050415,1.85,1.96,1.82,1.91,1.87,0.04,2.14,60443.7,11668.9
600136.SH,20050415,5.9,5.94,5.41,5.45,6.01,-0.56,-9.32,25592.76,14414.138
600695.SH,20050415,2.8,2.84,2.76,2.81,2.84,-0.03,-1.06,1299.36,363.224
600309.SH,20050415,15.9,15.98,15.77,15.96,15.92,0.04,0.25,22218.02,35285.665
600602.SH,20050415,6.38,6.38,6.12,6.19,6.42,-0.23,-3.58,22495.47,13970.198
000543.SZ,20050415,4.4,4.43,4.26,4.32,4.41,-0.09,-2.04,7108.81,3069.7746
600143.SH,20050415,13.78,13.99,13.55,13.71,13.8,-0.09,-0.65,4336.57,5984.84
000798.SZ,20050415,3.67,3.9,3.55,3.6,3.69,-0.09,-2.44,2165.81,786.3153
000801.SZ,20050415,3.57,3.58,3.48,3.56,3.61,-0.05,-1.39,910.75,319.6619
600353.SH,20050415,6.0,6.0,5.54,5.54,6.15,-0.61,-9.92,17714.62,9953.867
600051.SH,20050415,3.7,3.73,3.61,3.62,3.71,-0.09,-2.43,1634.0,599.144
600209.SH,20050415,2.82,2.82,2.66,2.67,2.83,-0.16,-5.65,24824.89,6740.428
600215.SH,20050415,3.88,3.88,3.76,3.8,3.89,-0.09,-2.31,7658.5,2913.856
600292.SH,20050415,4.74,4.74,4.51,4.51,4.76,-0.25,-5.25,9573.0,4399.196
000513.SZ,20050415,7.82,7.82,7.57,7.64,7.85,-0.21,-2.68,5165.81,3955.5551
600372.SH,20050415,2.88,2.93,2.72,2.75,2.88,-0.13,-4.51,6294.98,1750.659
000159.SZ,20050415,4.91,4.97,4.71,4.8,5.03,-0.23,-4.57,15435.78,7490.3816
600582.SH,20050415,10.76,11.09,10.6,10.82,10.77,0.05,0.46,9111.63,9893.768
002026.SZ,20050415,7.28,7.28,7.04,7.04,7.28,-0.24,-3.3,5769.45,4119.2565
600892.SH,20050415,2.22,2.27,2.14,2.15,2.25,-0.1,-4.44,5253.0,1162.307
000565.SZ,20050415,2.97,3.03,2.86,2.9,2.97,-0.07,-2.36,13849.47,4088.1619
600173.SH,20050415,2.48,2.5,2.29,2.31,2.53,-0.22,-8.7,14204.61,3334.045
000020.SZ,20050415,2.55,2.64,2.55,2.59,2.6,-0.01,-0.38,4651.04,1217.9732
000895.SZ,20050415,14.75,14.78,14.48,14.78,14.78,0.0,0.0,7182.0,10446.203
600346.SH,20050415,4.35,4.35,4.1,4.13,4.35,-0.22,-5.06,2486.0,1037.535
600690.SH,20050415,4.8,4.8,4.74,4.76,4.84,-0.08,-1.65,17479.26,8326.283
000606.SZ,20050415,3.44,3.44,3.27,3.29,3.49,-0.2,-5.73,8951.51,2983.559
600072.SH,20050415,3.42,3.42,3.3,3.31,3.45,-0.14,-4.06,10159.61,3378.377
600673.SH,20050415,6.72,6.83,6.4,6.53,6.93,-0.4,-5.77,13928.96,9181.555
600178.SH,20050415,3.91,3.92,3.82,3.88,3.95,-0.07,-1.77,2847.0,1104.165
600409.SH,20050415,5.92,6.02,5.8,5.85,5.91,-0.06,-1.02,51654.65,30598.476
000576.SZ,20050415,3.3,3.5,3.27,3.43,3.35,0.08,2.39,38642.84,13212.9716
600335.SH,20050415,3.58,3.58,3.46,3.5,3.64,-0.14,-3.85,2262.61,787.813
000996.SZ,20050415,4.56,4.57,4.27,4.27,4.57,-0.3,-6.56,1887.61,820.1995
600008.SH,20050415,9.0,9.05,8.76,8.79,9.04,-0.25,-2.77,39170.28,34642.196
600724.SH,20050415,7.32,7.35,7.26,7.27,7.32,-0.05,-0.68,17921.33,13098.702
600019.SH,20050415,6.15,6.33,6.1,6.14,6.22,-0.08,-1.29,594162.47,369804.864
600691.SH,20050415,3.05,3.06,2.85,2.85,3.0,-0.15,-5.0,3927.0,1152.821
600361.SH,20050415,7.6,7.85,7.6,7.76,7.72,0.04,0.52,12885.3,10035.799
600810.SH,20050415,4.45,4.74,4.36,4.68,4.49,0.19,4.23,21201.56,9728.3
600631.SH,20050415,5.32,5.32,5.13,5.16,5.36,-0.2,-3.73,29135.87,15158.939
600287.SH,20050415,3.37,3.37,3.3,3.35,3.4,-0.05,-1.47,4497.94,1496.933
600826.SH,20050415,4.16,4.3,4.12,4.17,4.17,0.0,0.0,27086.26,11442.078
000752.SZ,20050415,5.3,5.35,5.16,5.2,5.35,-0.15,-2.8,6323.0,3329.6445
600792.SH,20050415,8.79,8.79,8.55,8.67,8.83,-0.16,-1.81,6730.02,5840.725
600688.SH,20050415,4.56,4.61,4.47,4.52,4.58,-0.06,-1.31,78011.92,35345.583
600855.SH,20050415,4.45,4.48,4.34,4.38,4.5,-0.12,-2.67,20939.49,9212.84
600802.SH,20050415,3.2,3.2,3.13,3.17,3.23,-0.06,-1.86,4539.0,1437.421
000731.SZ,20050415,10.57,10.71,10.45,10.65,10.66,-0.01,-0.09,7141.6,7538.2981
600063.SH,20050415,3.85,3.85,3.73,3.76,3.86,-0.1,-2.59,2865.92,1080.35
600817.SH,20050415,9.96,9.96,9.52,9.7,10.0,-0.3,-3.0,1294.45,1256.045
600684.SH,20050415,3.4,3.4,3.21,3.25,3.42,-0.17,-4.97,4325.0,1436.872
000688.SZ,20050415,3.69,3.69,3.43,3.44,3.72,-0.28,-7.53,39591.77,13903.7659
600258.SH,20050415,7.01,7.06,6.91,7.0,7.07,-0.07,-0.99,3843.06,2678.588
000593.SZ,20050415,3.64,3.78,3.56,3.7,3.69,0.01,0.27,6305.0,2321.1516
600389.SH,20050415,5.41,5.41,5.26,5.28,5.42,-0.14,-2.58,2896.22,1537.148
002011.SZ,20050415,7.21,7.21,6.93,6.93,7.23,-0.3,-4.15,4117.63,2894.3576
600605.SH,20050415,6.98,7.73,6.9,7.72,7.04,0.68,9.66,30018.15,22314.597
600990.SH,20050415,9.6,9.6,9.21,9.22,9.72,-0.5,-5.14,4230.43,3941.724
600438.SH,20050415,7.62,7.9,7.61,7.88,7.66,0.22,2.87,10122.4,7869.589
600439.SH,20050415,14.48,14.88,14.3,14.65,14.38,0.27,1.88,4000.46,5848.909
600277.SH,20050415,5.34,5.38,5.16,5.23,5.43,-0.2,-3.68,1939.2,1021.474
600551.SH,20050415,6.29,6.29,6.02,6.08,6.29,-0.21,-3.34,4600.61,2798.654
600168.SH,20050415,3.9,3.9,3.79,3.8,3.93,-0.13,-3.31,3402.04,1302.703
600888.SH,20050415,8.75,8.8,8.55,8.57,8.95,-0.38,-4.25,1737.0,1507.314
000929.SZ,20050415,3.32,3.32,3.13,3.18,3.34,-0.16,-4.79,6055.8,1942.0197
600630.SH,20050415,2.89,2.92,2.8,2.81,2.94,-0.13,-4.42,9587.0,2732.928
600532.SH,20050415,4.75,4.75,4.46,4.52,4.79,-0.27,-5.64,9036.03,4117.642
000760.SZ,20050415,2.64,2.64,2.64,2.64,2.78,-0.14,-5.04,789.0,208.296
600083.SH,20050415,2.55,2.57,2.5,2.54,2.56,-0.02,-0.78,3657.47,925.565
600336.SH,20050415,4.3,4.3,4.22,4.27,4.3,-0.03,-0.7,3556.1,1510.323
600703.SH,20050415,3.6,3.6,3.41,3.42,3.62,-0.2,-5.52,4766.64,1652.788
600864.SH,20050415,5.02,5.02,4.74,4.86,5.07,-0.21,-4.14,2178.5,1061.333
600560.SH,20050415,5.03,5.31,5.02,5.18,5.43,-0.25,-4.6,2698.91,1407.657
000652.SZ,20050415,3.45,3.45,3.32,3.34,3.46,-0.12,-3.47,54858.86,18543.6939
000590.SZ,20050415,3.63,3.66,3.51,3.58,3.64,-0.06,-1.65,6004.0,2155.1859
600076.SH,20050415,3.29,3.29,3.1,3.13,3.31,-0.18,-5.44,21508.44,6793.965
000062.SZ,20050415,5.5,5.5,5.28,5.29,5.52,-0.23,-4.17,6864.7,3675.2158
600272.SH,20050415,3.05,3.15,3.0,3.05,3.05,0.0,0.0,9489.02,2921.585
600370.SH,20050415,6.18,6.18,5.98,5.98,6.18,-0.2,-3.24,2701.99,1639.553
600981.SH,20050415,4.55,4.59,4.38,4.42,4.61,-0.19,-4.12,7872.0,3503.607
600145.SH,20050415,2.78,2.78,2.66,2.66,2.79,-0.13,-4.66,6725.52,1826.603
600371.SH,20050415,4.22,4.43,4.19,4.25,4.25,0.0,0.0,25807.62,11125.151
000686.SZ,20050415,5.04,5.09,4.55,4.64,5.05,-0.41,-8.12,24930.65,11570.2561
000835.SZ,20050415,7.05,7.55,7.05,7.17,7.14,0.03,0.42,3554.85,2595.1383
600391.SH,20050415,5.5,5.55,5.31,5.46,5.57,-0.11,-1.97,2583.0,1399.994
600784.SH,20050415,3.38,3.46,3.32,3.32,3.38,-0.06,-1.78,25141.85,8545.167
600138.SH,20050415,6.4,6.4,6.21,6.3,6.43,-0.13,-2.02,11571.14,7283.016
600153.SH,20050415,5.38,5.39,5.3,5.36,5.38,-0.02,-0.37,16285.52,8696.94
000548.SZ,20050415,3.25,3.28,3.15,3.15,3.26,-0.11,-3.37,3917.04,1248.0114
000757.SZ,20050415,3.21,3.21,3.21,3.21,3.57,-0.36,-10.08,5465.0,1754.265
000989.SZ,20050415,6.78,6.96,6.77,6.87,6.83,0.04,0.59,9852.93,6779.4251
000720.SZ,20050415,2.8,2.81,2.72,2.73,2.84,-0.11,-3.87,71325.72,19610.4761
600449.SH,20050415,6.15,6.15,5.98,5.98,6.19,-0.21,-3.39,6026.0,3646.47
000822.SZ,20050415,8.23,8.54,8.18,8.38,8.18,0.2,2.45,65236.57,54775.1817
600629.SH,20050415,1.61,1.63,1.59,1.6,1.63,-0.03,-1.84,2524.08,406.33
002034.SZ,20050415,12.5,12.58,12.1,12.14,12.2,-0.06,-0.49,20530.85,25358.7631
600275.SH,20050415,2.35,2.35,2.18,2.2,2.35,-0.15,-6.38,15134.86,3373.23
600569.SH,20050415,3.1,3.13,3.05,3.12,3.11,0.01,0.32,51687.04,15923.031
000612.SZ,20050415,3.2,3.2,3.06,3.08,3.24,-0.16,-4.94,38082.47,11821.212
000913.SZ,20050415,3.39,3.39,3.31,3.31,3.39,-0.08,-2.36,5160.8,1719.6362
600379.SH,20050415,4.11,4.15,3.95,3.97,4.13,-0.16,-3.87,3822.0,1540.977
600233.SH,20050415,4.02,4.03,3.95,3.95,4.02,-0.07,-1.74,1711.35,682.194
600123.SH,20050415,12.5,12.6,11.85,12.41,12.55,-0.14,-1.12,8672.35,10761.106
600290.SH,20050415,5.3,5.9,5.2,5.8,5.45,0.35,6.42,13259.41,7581.245
600338.SH,20050415,4.3,4.44,4.25,4.38,4.31,0.07,1.62,2900.09,1271.778
000636.SZ,20050415,4.5,4.5,4.3,4.32,4.52,-0.2,-4.42,14002.0,6096.3922
000602.SZ,20050415,6.3,6.42,6.17,6.36,6.33,0.03,0.47,9676.57,6061.4331
600112.SH,20050415,5.61,5.89,5.61,5.85,5.91,-0.06,-1.02,2038.1,1183.301
600969.SH,20050415,5.35,5.35,5.05,5.09,5.36,-0.27,-5.04,9481.99,4876.725
600250.SH,20050415,4.95,4.95,4.75,4.78,4.96,-0.18,-3.63,3095.35,1491.167
600798.SH,20050415,4.44,4.46,4.38,4.42,4.46,-0.04,-0.9,2152.92,948.904
600522.SH,20050415,4.76,4.76,4.52,4.56,4.74,-0.18,-3.8,4475.0,2060.65
000506.SZ,20050415,2.07,2.07,1.88,1.91,2.09,-0.18,-8.61,107156.88,20849.7544
600160.SH,20050415,4.08,4.08,3.97,4.0,4.09,-0.09,-2.2,9851.73,3952.42
600657.SH,20050415,2.84,2.84,2.68,2.69,2.84,-0.15,-5.28,17581.79,4833.4
600553.SH,20050415,2.64,2.65,2.56,2.58,2.68,-0.1,-3.73,6056.0,1569.795
000927.SZ,20050415,2.49,2.5,2.41,2.43,2.51,-0.08,-3.19,25379.14,6227.5164
000523.SZ,20050415,2.83,2.83,2.73,2.73,2.84,-0.11,-3.87,3498.02,966.5257
600875.SH,20050415,12.7,13.0,12.65,12.85,12.65,0.2,1.58,9222.47,11838.126
600973.SH,20050415,6.52,6.52,6.28,6.32,6.56,-0.24,-3.66,6185.34,3940.267
000045.SZ,20050415,6.1,6.1,5.6,5.71,6.21,-0.5,-8.05,17121.54,9900.9334
600963.SH,20050415,6.75,6.86,6.64,6.81,6.78,0.03,0.44,14131.14,9585.884
600068.SH,20050415,3.54,3.54,3.45,3.46,3.54,-0.08,-2.26,5332.23,1851.934
600035.SH,20050415,4.02,4.09,4.01,4.03,4.05,-0.02,-0.49,14336.76,5791.681
600779.SH,20050415,6.0,6.0,5.62,5.66,6.15,-0.49,-7.97,82185.89,47487.353
600561.SH,20050415,6.35,6.68,6.17,6.6,6.37,0.23,3.61,24435.93,15761.279
600824.SH,20050415,7.15,7.15,6.95,6.99,7.16,-0.17,-2.37,12317.3,8646.625
000707.SZ,20050415,3.35,3.55,3.21,3.47,3.33,0.14,4.2,54294.68,18703.4416
600549.SH,20050415,11.3,11.45,11.22,11.33,11.42,-0.09,-0.79,13727.72,15559.511
600190.SH,20050415,5.0,5.05,4.9,4.96,5.03,-0.07,-1.39,12926.44,6413.366
600671.SH,20050415,4.36,4.36,4.12,4.17,4.37,-0.2,-4.58,4240.04,1787.912
000589.SZ,20050415,3.21,3.25,3.18,3.19,3.27,-0.08,-2.45,6613.53,2121.0796
000980.SZ,20050415,3.25,3.25,3.12,3.13,3.28,-0.15,-4.57,3384.5,1074.6081
600126.SH,20050415,6.32,6.32,6.22,6.23,6.32,-0.09,-1.42,6718.76,4194.512
600862.SH,20050415,2.86,2.9,2.77,2.8,2.92,-0.12,-4.1096,9317.97,2641.163
001872.SZ,20050415,31.55,31.7,31.03,31.16,31.7,-0.54,-1.7,2643.88,8239.1623
001914.SZ,20050415,7.25,7.32,6.98,6.99,7.22,-0.23,-3.19,2877.0,2033.9875
