ts_code,trade_date,open,high,low,close,pre_close,change,pct_chg,vol,amount
000810.SZ,20050517,3.22,3.3,3.21,3.25,3.3,-0.05,-1.52,4218.39,1371.7405
600513.SH,20050517,8.4,9.0,8.29,8.95,8.5,0.45,5.29,10807.04,9421.227
000697.SZ,20050517,3.68,3.82,3.65,3.7,3.71,-0.01,-0.27,9980.53,3752.3287
002033.SZ,20050517,8.59,8.73,8.37,8.58,8.37,0.21,2.51,3962.81,3396.9447
000606.SZ,20050517,3.0,3.09,2.95,3.08,3.0,0.08,2.67,8885.45,2706.4979
600321.SH,20050517,3.83,3.83,3.62,3.76,3.83,-0.07,-1.83,10358.84,3873.085
000797.SZ,20050517,2.75,2.85,2.7,2.76,2.76,0.0,0.0,28613.11,8014.3016
000528.SZ,20050517,4.0,4.13,3.96,4.06,4.03,0.03,0.74,11022.86,4468.323
600626.SH,20050517,4.41,4.5,4.33,4.42,4.43,-0.01,-0.23,6980.0,3075.036
002037.SZ,20050517,5.16,5.36,5.16,5.28,5.2,0.08,1.54,6792.87,3591.8641
600684.SH,20050517,2.88,2.99,2.86,2.98,2.89,0.09,3.11,3418.78,1007.615
000956.SZ,20050517,6.12,6.27,6.06,6.2,6.17,0.03,0.49,23219.83,14390.8695
600470.SH,20050517,7.2,7.31,7.15,7.23,7.23,0.0,0.0,11247.75,8154.695
000546.SZ,20050517,1.47,1.59,1.47,1.59,1.51,0.08,5.3,7842.39,1237.294
600689.SH,20050517,2.64,2.7,2.6,2.67,2.64,0.03,1.14,3214.72,858.167
600120.SH,20050517,2.65,2.73,2.64,2.68,2.67,0.01,0.37,8470.65,2274.697
001696.SZ,20050517,5.45,5.67,5.4,5.58,5.58,0.0,0.0,1908.55,1064.6836
600648.SH,20050517,5.28,5.47,5.2,5.41,5.29,0.12,2.27,1846.7,990.278
600422.SH,20050517,5.13,5.34,5.05,5.24,5.13,0.11,2.14,7282.45,3799.176
600463.SH,20050517,4.81,4.91,4.78,4.89,4.81,0.08,1.66,1939.71,942.607
600519.SH,20050517,49.0,50.1,48.9,49.65,48.9,0.75,1.53,7724.52,38326.325
600401.SH,20050517,6.85,7.18,6.85,7.0,6.89,0.11,1.6,1600.0,1132.236
600219.SH,20050517,5.75,5.86,5.74,5.83,5.75,0.08,1.39,3425.47,1991.562
600696.SH,20050517,2.05,2.12,2.03,2.1,2.03,0.07,3.45,11781.35,2452.351
600262.SH,20050517,3.3,3.38,3.3,3.33,3.31,0.02,0.6,1567.5,524.157
600536.SH,20050517,12.16,12.62,12.01,12.56,12.15,0.41,3.37,3943.49,4913.475
000571.SZ,20050517,1.92,2.07,1.9,1.97,1.93,0.04,2.07,14790.09,2943.1712
000949.SZ,20050517,2.68,2.79,2.67,2.73,2.73,0.0,0.0,15472.12,4241.8605
600101.SH,20050517,6.8,6.83,6.71,6.81,6.76,0.05,0.74,1498.4,1015.403
000655.SZ,20050517,1.94,1.94,1.86,1.92,1.94,-0.02,-1.03,11088.45,2108.7632
600336.SH,20050517,3.63,3.65,3.56,3.63,3.58,0.05,1.4,1783.0,643.293
600201.SH,20050517,4.15,4.25,4.09,4.18,4.12,0.06,1.46,8109.51,3371.191
600358.SH,20050517,2.23,2.29,2.21,2.23,2.24,-0.01,-0.45,25362.24,5722.837
000921.SZ,20050517,2.54,2.78,2.54,2.78,2.53,0.25,9.88,94410.43,25773.1492
600131.SH,20050517,3.26,3.35,3.2,3.32,3.27,0.05,1.53,5772.9,1896.731
600460.SH,20050517,11.98,12.25,11.95,12.02,11.91,0.11,0.92,3868.28,4678.629
000562.SZ,20050517,4.02,4.23,4.02,4.15,4.05,0.1,2.47,57663.15,23906.9911
600530.SH,20050517,5.38,5.54,5.32,5.48,5.4,0.08,1.48,1885.67,1026.873
600985.SH,20050517,4.86,5.05,4.85,5.01,4.85,0.16,3.3,8061.91,4014.941
600435.SH,20050517,4.83,5.0,4.82,4.92,4.86,0.06,1.23,1346.5,662.889
600604.SH,20050517,2.78,2.87,2.76,2.84,2.79,0.05,1.79,3766.6,1062.482
600690.SH,20050517,4.55,4.67,4.55,4.64,4.55,0.09,1.98,11794.81,5454.346
000099.SZ,20050517,3.33,3.48,3.32,3.47,3.39,0.08,2.36,7658.89,2610.8619
000717.SZ,20050517,4.91,5.09,4.91,5.03,4.9,0.13,2.65,34804.5,17519.6209
000960.SZ,20050517,6.06,6.37,6.02,6.28,6.13,0.15,2.45,27574.16,17285.3468
600711.SH,20050517,5.76,5.86,5.65,5.72,5.76,-0.04,-0.69,2205.0,1270.661
600308.SH,20050517,9.92,10.12,9.75,9.99,9.92,0.07,0.71,6895.32,6876.347
600165.SH,20050517,2.45,2.55,2.45,2.51,2.5,0.01,0.4,4188.59,1053.372
000785.SZ,20050517,3.35,3.35,3.15,3.3,3.46,-0.16,-4.62,36996.59,12040.3544
600549.SH,20050517,10.0,10.14,9.88,10.0,9.96,0.04,0.4,6231.48,6235.739
600003.SH,20050517,2.42,2.48,2.4,2.45,2.43,0.02,0.82,8730.42,2142.163
600559.SH,20050517,3.92,4.07,3.92,4.04,3.97,0.07,1.76,2039.63,818.726
600074.SH,20050517,3.42,3.5,3.4,3.45,3.43,0.02,0.58,8934.54,3090.456
600239.SH,20050517,3.12,3.15,3.02,3.14,3.12,0.02,0.64,5757.93,1780.78
000032.SZ,20050517,5.45,5.67,5.4,5.57,5.45,0.12,2.2,8005.04,4462.4967
600477.SH,20050517,4.05,4.23,4.02,4.16,4.05,0.11,2.72,12739.28,5320.695
600207.SH,20050517,4.57,4.84,4.52,4.79,4.64,0.15,3.23,36629.72,17325.83
000159.SZ,20050517,4.27,4.43,4.24,4.35,4.34,0.01,0.23,5992.0,2599.967
000024.SZ,20050517,7.27,7.43,7.27,7.3,7.3,0.0,0.0,6315.0,4634.5652
600094.SH,20050517,2.78,2.86,2.78,2.83,2.78,0.05,1.8,2706.6,764.946
600634.SH,20050517,4.2,4.36,4.2,4.28,4.28,0.0,0.0,5578.82,2404.113
000800.SZ,20050517,2.71,2.82,2.68,2.77,2.71,0.06,2.21,44371.39,12272.103
000917.SZ,20050517,6.47,6.77,6.45,6.64,6.47,0.17,2.63,24821.85,16495.4337
600820.SH,20050517,3.18,3.26,3.16,3.24,3.19,0.05,1.57,4668.21,1505.528
600005.SH,20050517,3.38,3.46,3.34,3.41,3.38,0.03,0.89,318904.84,108779.328
000885.SZ,20050517,2.29,2.39,2.27,2.39,2.28,0.11,4.82,5187.18,1228.5869
600143.SH,20050517,14.1,14.56,14.01,14.37,14.0,0.37,2.64,10590.59,15126.67
600804.SH,20050517,3.11,3.27,3.06,3.23,3.2,0.03,0.94,7924.13,2533.479
600064.SH,20050517,4.05,4.08,4.0,4.07,4.04,0.03,0.74,2564.6,1039.86
600018.SH,20050517,15.31,15.89,15.31,15.43,15.43,0.0,0.0,19523.65,30449.076
000563.SZ,20050517,4.1,4.29,4.09,4.22,4.13,0.09,2.18,22885.09,9625.3973
000517.SZ,20050517,4.54,4.75,4.51,4.63,4.59,0.04,0.87,45331.69,21063.6428
000007.SZ,20050517,3.48,3.66,3.36,3.42,3.51,-0.09,-2.56,51912.04,18275.7274
600416.SH,20050517,4.51,4.69,4.51,4.65,4.54,0.11,2.42,5423.35,2513.813
600087.SH,20050517,4.55,4.73,4.52,4.63,4.6,0.03,0.65,18933.35,8822.219
000835.SZ,20050517,5.97,6.06,5.92,6.05,5.94,0.11,1.85,1740.2,1043.0731
600208.SH,20050517,2.48,2.6,2.48,2.54,2.52,0.02,0.79,2000.39,508.923
000567.SZ,20050517,2.95,3.1,2.95,3.1,2.99,0.11,3.68,1775.03,542.99
600618.SH,20050517,4.36,4.43,4.28,4.39,4.36,0.03,0.69,1696.73,740.218
600745.SH,20050517,1.88,1.94,1.83,1.88,1.88,0.0,0.0,19160.16,3582.842
000906.SZ,20050517,2.88,2.97,2.88,2.94,2.93,0.01,0.34,17948.19,5258.8611
600785.SH,20050517,6.54,6.68,6.5,6.61,6.54,0.07,1.07,10018.9,6625.166
600613.SH,20050517,5.67,5.93,5.67,5.92,5.75,0.17,2.96,855.91,502.777
600962.SH,20050517,3.7,3.79,3.63,3.75,3.7,0.05,1.35,5026.5,1877.929
000970.SZ,20050517,5.82,6.18,5.72,6.09,5.81,0.28,4.82,29806.9,17960.658
600381.SH,20050517,2.9,2.92,2.87,2.89,2.91,-0.02,-0.69,2057.2,595.748
600319.SH,20050517,4.71,4.86,4.68,4.82,4.8,0.02,0.42,12632.67,6020.45
600750.SH,20050517,4.96,5.1,4.96,5.0,5.02,-0.02,-0.4,11410.92,5734.81
600026.SH,20050517,9.59,9.7,9.3,9.46,9.79,-0.33,-3.37,58451.4,55289.811
000888.SZ,20050517,4.84,4.94,4.83,4.87,4.86,0.01,0.21,4836.02,2361.2036
600268.SH,20050517,7.82,8.05,7.81,8.04,7.94,0.1,1.26,415.8,332.512
600290.SH,20050517,5.65,5.71,5.59,5.69,5.66,0.03,0.53,343.3,193.864
600794.SH,20050517,3.64,3.83,3.56,3.8,3.64,0.16,4.4,4337.18,1624.029
600608.SH,20050517,4.45,4.64,4.42,4.5,4.45,0.05,1.12,15041.46,6826.251
000703.SZ,20050517,3.09,3.15,2.91,2.95,3.04,-0.09,-2.96,28603.67,8713.9545
600231.SH,20050517,4.88,5.05,4.85,4.97,4.86,0.11,2.26,27384.29,13650.598
000712.SZ,20050517,3.42,3.49,3.4,3.48,3.43,0.05,1.46,2258.03,777.9526
000513.SZ,20050517,6.75,6.82,6.72,6.75,6.8,-0.05,-0.74,1457.0,986.9815
000537.SZ,20050517,4.63,4.86,4.63,4.86,4.63,0.23,4.97,1142.01,541.2077
600652.SH,20050517,4.7,4.75,4.63,4.71,4.71,0.0,0.0,12979.31,6086.198
000967.SZ,20050517,3.55,3.63,3.41,3.54,3.5,0.04,1.14,2064.7,734.7354
002016.SZ,20050517,6.11,6.37,6.11,6.26,6.16,0.1,1.62,3190.66,2000.4019
600360.SH,20050517,10.68,10.98,10.5,10.75,10.71,0.04,0.37,8400.91,9066.377
600757.SH,20050517,2.54,2.62,2.52,2.56,2.56,0.0,0.0,4885.33,1257.773
000829.SZ,20050517,4.2,4.31,4.13,4.29,4.16,0.13,3.13,14622.03,6201.6207
600217.SH,20050517,1.9,1.95,1.88,1.93,1.91,0.02,1.05,24935.7,4795.753
000029.SZ,20050517,3.71,4.05,3.65,3.97,3.68,0.29,7.88,53136.06,21063.8961
000599.SZ,20050517,2.4,2.5,2.4,2.45,2.45,0.0,0.0,37134.19,9096.5336
600616.SH,20050517,9.97,10.08,9.88,10.03,9.99,0.04,0.4,5869.4,5868.954
600521.SH,20050517,15.28,15.38,15.2,15.35,15.28,0.07,0.46,3188.1,4878.617
000812.SZ,20050517,3.47,3.58,3.46,3.53,3.53,0.0,0.0,939.72,332.1244
600681.SH,20050517,1.21,1.27,1.18,1.26,1.21,0.05,4.13,22433.69,2805.528
600741.SH,20050517,3.86,3.9,3.81,3.87,3.86,0.01,0.26,4701.08,1818.656
600461.SH,20050517,4.85,4.99,4.83,4.94,4.92,0.02,0.41,3681.78,1814.355
600287.SH,20050517,3.0,3.03,2.94,3.02,3.0,0.02,0.67,6401.58,1911.827
000748.SZ,20050517,3.46,3.6,3.4,3.5,3.5,0.0,0.0,20032.41,7006.5956
600468.SH,20050517,3.59,3.7,3.59,3.63,3.6,0.03,0.83,6687.66,2434.787
000833.SZ,20050517,3.09,3.17,3.09,3.15,3.1,0.05,1.61,7817.62,2453.9662
600733.SH,20050517,3.92,3.99,3.85,3.91,3.95,-0.04,-1.01,12769.1,5003.792
000793.SZ,20050517,3.32,3.35,3.29,3.33,3.32,0.01,0.3,15147.3,5024.2841
000875.SZ,20050517,2.98,3.05,2.95,3.03,2.96,0.07,2.36,20842.67,6290.8299
000858.SZ,20050517,7.31,7.6,7.27,7.48,7.36,0.12,1.63,70092.19,52503.4196
600340.SH,20050517,4.0,4.07,3.93,4.04,4.01,0.03,0.75,3178.62,1273.478
600890.SH,20050517,1.86,1.92,1.83,1.91,1.84,0.07,3.8,14105.89,2654.485
000708.SZ,20050517,3.08,3.35,3.06,3.18,3.06,0.12,3.92,41484.64,13350.8321
600075.SH,20050517,7.96,8.39,7.81,8.29,8.02,0.27,3.37,9337.99,7658.433
000543.SZ,20050517,3.44,3.5,3.33,3.48,3.45,0.03,0.87,6480.99,2231.8277
600121.SH,20050517,3.96,4.02,3.86,3.94,3.99,-0.05,-1.25,13042.66,5134.319
600705.SH,20050517,1.85,1.94,1.85,1.91,1.84,0.07,3.8,76639.79,14499.073
600791.SH,20050517,3.83,3.99,3.79,3.99,3.85,0.14,3.64,1933.95,759.41
600296.SH,20050517,3.74,3.88,3.74,3.8,3.78,0.02,0.53,17724.71,6760.81
000060.SZ,20050517,6.3,6.3,6.04,6.15,6.35,-0.2,-3.15,18662.95,11477.7153
600398.SH,20050517,5.19,5.34,5.18,5.27,5.23,0.04,0.76,7448.12,3919.214
000710.SZ,20050517,1.99,2.05,1.99,2.05,2.02,0.03,1.49,1810.0,368.546
000609.SZ,20050517,4.8,5.05,4.8,4.95,4.83,0.12,2.48,1520.27,749.8053
600787.SH,20050517,3.0,3.05,2.99,3.03,3.01,0.02,0.66,6179.09,1867.097
600183.SH,20050517,5.01,5.28,5.01,5.19,5.09,0.1,1.96,19310.98,10066.2
600309.SH,20050517,12.9,13.3,12.75,13.05,12.9,0.15,1.16,17031.53,22304.094
600186.SH,20050517,2.2,2.25,2.17,2.2,2.2,0.0,0.0,30188.63,6664.18
000428.SZ,20050517,4.16,4.23,4.05,4.17,4.16,0.01,0.24,3831.86,1592.6023
600832.SH,20050517,11.94,12.21,11.8,12.08,11.99,0.09,0.75,9347.68,11250.662
600651.SH,20050517,7.05,7.27,6.95,7.22,6.99,0.23,3.29,10100.6,7205.543
000612.SZ,20050517,2.38,2.45,2.36,2.41,2.38,0.03,1.26,8876.08,2141.8632
600260.SH,20050517,3.69,3.9,3.69,3.81,3.71,0.1,2.7,11264.44,4297.374
002001.SZ,20050517,10.71,11.17,10.71,11.04,10.85,0.19,1.75,2137.25,2341.9451
600611.SH,20050517,5.64,5.65,5.56,5.62,5.64,-0.02,-0.35,7509.91,4216.477
600209.SH,20050517,2.08,2.13,2.06,2.13,2.12,0.01,0.47,14798.6,3119.413
600212.SH,20050517,2.9,2.94,2.88,2.92,2.9,0.02,0.69,7501.86,2190.521
002040.SZ,20050517,8.81,9.18,8.78,9.04,8.92,0.12,1.35,11007.66,9932.2313
600089.SH,20050517,6.44,6.72,6.42,6.63,6.46,0.17,2.63,12662.16,8382.559
600633.SH,20050517,5.91,6.11,5.85,6.09,6.0,0.09,1.5,4593.85,2739.356
600386.SH,20050517,5.54,5.75,5.54,5.66,5.6,0.06,1.07,2951.2,1680.813
600888.SH,20050517,8.35,8.45,8.3,8.44,8.43,0.01,0.12,1461.5,1225.778
600772.SH,20050517,1.75,1.93,1.75,1.92,1.84,0.08,4.35,37471.07,6714.466
600078.SH,20050517,4.9,4.9,4.7,4.79,4.89,-0.1,-2.05,10593.0,5082.531
000037.SZ,20050517,8.01,8.26,8.01,8.19,8.01,0.18,2.25,3822.57,3125.4403
000515.SZ,20050517,4.0,4.17,3.98,4.1,4.02,0.08,1.99,17299.73,7067.941
600163.SH,20050517,2.97,3.01,2.9,2.98,2.97,0.01,0.34,3356.1,997.479
600189.SH,20050517,4.45,4.54,4.45,4.52,4.47,0.05,1.12,3744.45,1689.975
000687.SZ,20050517,2.39,2.39,2.33,2.36,2.34,0.02,0.85,2441.22,575.3743
600671.SH,20050517,3.95,4.11,3.94,4.07,3.95,0.12,3.04,1898.0,769.073
600383.SH,20050517,7.62,7.85,7.6,7.8,7.62,0.18,2.36,18423.5,14336.72
600168.SH,20050517,3.16,3.3,3.16,3.29,3.2,0.09,2.81,3235.5,1052.539
600476.SH,20050517,5.96,6.12,5.92,6.05,5.96,0.09,1.51,2461.8,1490.168
600071.SH,20050517,3.5,3.57,3.46,3.53,3.5,0.03,0.86,10885.46,3845.302
000043.SZ,20050517,6.0,6.0,5.83,5.95,5.8,0.15,2.59,984.9,582.4785
600692.SH,20050517,3.97,4.07,3.97,4.02,3.97,0.05,1.26,1374.79,554.895
600158.SH,20050517,6.19,6.39,6.17,6.3,6.18,0.12,1.94,5293.77,3346.305
600255.SH,20050517,5.99,6.12,5.99,6.02,6.0,0.02,0.33,699.81,422.154
600312.SH,20050517,3.68,3.78,3.68,3.74,3.72,0.02,0.54,5020.3,1877.213
600771.SH,20050517,4.78,5.07,4.77,5.0,4.86,0.14,2.88,4963.11,2473.969
600051.SH,20050517,3.11,3.19,3.11,3.17,3.14,0.03,0.96,1530.47,483.268
600235.SH,20050517,4.5,4.5,4.38,4.48,4.38,0.1,2.28,277.69,123.381
000735.SZ,20050517,2.26,2.34,2.25,2.3,2.29,0.01,0.44,5573.64,1284.0656
600845.SH,20050517,9.19,9.94,9.07,9.55,9.17,0.38,4.14,1694.06,1633.273
000519.SZ,20050517,6.7,6.74,6.6,6.74,6.68,0.06,0.9,765.99,510.5555
000058.SZ,20050517,3.94,3.95,3.75,3.88,3.94,-0.06,-1.52,9880.44,3803.2101
000801.SZ,20050517,3.05,3.17,3.05,3.17,3.1,0.07,2.26,146.0,46.022
600769.SH,20050517,2.98,3.03,2.95,3.03,2.94,0.09,3.06,2433.71,727.657
000038.SZ,20050517,5.52,5.87,5.52,5.62,5.57,0.05,0.9,3695.54,2073.7676
600667.SH,20050517,2.18,2.23,2.14,2.2,2.19,0.01,0.46,5190.3,1141.111
600532.SH,20050517,3.85,3.97,3.73,3.92,3.85,0.07,1.82,3597.91,1406.246
600493.SH,20050517,3.5,3.62,3.49,3.6,3.52,0.08,2.27,6509.66,2323.367
000400.SZ,20050517,4.41,4.59,4.38,4.54,4.43,0.11,2.48,16837.03,7587.1503
000688.SZ,20050517,2.6,2.69,2.55,2.6,2.63,-0.03,-1.14,67732.11,17707.5329
000948.SZ,20050517,4.24,4.42,4.24,4.41,4.3,0.11,2.56,1811.98,791.8453
600825.SH,20050517,5.1,5.28,5.05,5.25,5.11,0.14,2.74,29680.79,15412.082
000598.SZ,20050517,3.76,3.86,3.74,3.85,3.78,0.07,1.85,3000.14,1146.0677
000661.SZ,20050517,3.7,3.8,3.63,3.72,3.71,0.01,0.27,12178.89,4524.276
000100.SZ,20050517,2.21,2.34,2.21,2.26,2.19,0.07,3.2,150222.11,34307.0174
600498.SH,20050517,6.55,6.8,6.55,6.68,6.64,0.04,0.6,3531.7,2373.232
000931.SZ,20050517,3.03,3.05,2.84,2.91,2.97,-0.06,-2.02,81891.95,24038.6027
600880.SH,20050517,9.87,9.98,9.52,9.87,9.87,0.0,0.0,8361.34,8198.65
600088.SH,20050517,8.18,8.52,8.18,8.43,8.27,0.16,1.93,12944.6,10893.822
600827.SH,20050517,6.6,6.63,6.5,6.62,6.55,0.07,1.07,10022.94,6616.457
000792.SZ,20050517,10.71,11.0,10.5,10.83,11.02,-0.19,-1.72,22078.75,23845.2555
000421.SZ,20050517,3.18,3.25,3.18,3.21,3.18,0.03,0.94,1984.6,635.25
600857.SH,20050517,3.08,3.17,3.08,3.15,3.11,0.04,1.29,3401.14,1067.243
600975.SH,20050517,5.25,5.35,5.2,5.3,5.25,0.05,0.95,2307.0,1219.755
600550.SH,20050517,7.2,7.45,7.2,7.37,7.29,0.08,1.1,9787.83,7213.338
600602.SH,20050517,4.95,5.12,4.95,5.11,4.9,0.21,4.29,74576.42,37721.209
600540.SH,20050517,4.84,4.89,4.76,4.8,4.84,-0.04,-0.83,17717.38,8568.908
600399.SH,20050517,7.71,7.81,7.55,7.63,7.73,-0.1,-1.29,3928.09,3003.243
600491.SH,20050517,11.25,11.35,11.08,11.26,11.34,-0.08,-0.71,3178.4,3574.001
600372.SH,20050517,2.71,2.75,2.64,2.72,2.7,0.02,0.74,15076.07,4057.67
600184.SH,20050517,4.45,4.52,4.33,4.44,4.45,-0.01,-0.22,3619.89,1610.274
000957.SZ,20050517,2.12,2.22,2.12,2.19,2.15,0.04,1.86,7593.68,1657.5219
600795.SH,20050517,5.9,6.13,5.9,6.06,5.95,0.11,1.85,17722.32,10742.318
600420.SH,20050517,13.06,13.3,13.02,13.21,13.04,0.17,1.3,2446.34,3229.177
000425.SZ,20050517,2.69,2.81,2.68,2.81,2.71,0.1,3.69,11040.73,3045.5205
000033.SZ,20050517,2.94,3.08,2.94,3.04,2.97,0.07,2.36,4990.02,1509.331
002005.SZ,20050517,7.3,7.7,7.3,7.58,7.3,0.28,3.84,6957.6,5247.9559
002032.SZ,20050517,10.0,10.25,9.91,10.18,10.03,0.15,1.5,2996.2,3042.0574
600865.SH,20050517,3.78,3.91,3.78,3.88,3.85,0.03,0.78,1505.79,584.208
600703.SH,20050517,2.9,2.97,2.82,2.85,2.81,0.04,1.42,37654.87,10915.718
600233.SH,20050517,3.54,3.63,3.54,3.58,3.58,0.0,0.0,1330.5,479.832
600569.SH,20050517,2.66,2.72,2.61,2.69,2.65,0.04,1.51,24998.44,6701.009
600655.SH,20050517,4.27,4.36,4.25,4.34,4.27,0.07,1.64,2720.43,1174.465
600203.SH,20050517,3.68,3.8,3.64,3.77,3.7,0.07,1.89,9348.68,3499.471
000533.SZ,20050517,2.52,2.57,2.47,2.54,2.55,-0.01,-0.39,7422.0,1882.913
600728.SH,20050517,2.43,2.49,2.22,2.37,2.45,-0.08,-3.27,30254.27,7158.852
600191.SH,20050517,4.08,4.22,4.08,4.22,4.09,0.13,3.18,7311.79,3053.149
000903.SZ,20050517,4.35,4.47,4.34,4.44,4.32,0.12,2.78,10448.1,4605.664
600111.SH,20050517,4.17,4.31,4.17,4.28,4.17,0.11,2.64,3916.77,1669.637
002017.SZ,20050517,10.12,10.55,10.03,10.35,10.12,0.23,2.27,5083.1,5260.4385
600221.SH,20050517,2.88,2.91,2.84,2.88,2.88,0.0,0.0,9878.28,2838.716
000019.SZ,20050517,4.4,4.67,4.39,4.56,4.39,0.17,3.87,5537.71,2512.5907
600546.SH,20050517,6.19,6.38,6.19,6.38,6.18,0.2,3.24,2326.85,1469.211
600516.SH,20050517,3.61,3.65,3.51,3.62,3.67,-0.05,-1.36,11978.67,4300.271
000413.SZ,20050517,3.5,3.65,3.5,3.62,3.61,0.01,0.28,3244.35,1170.882
002011.SZ,20050517,5.98,6.1,5.96,6.02,5.98,0.04,0.67,3282.23,1981.8304
600188.SH,20050517,10.21,10.45,10.2,10.37,10.4,-0.03,-0.29,7973.35,8244.484
002009.SZ,20050517,6.58,6.82,6.43,6.72,6.54,0.18,2.75,5065.78,3394.6999
600390.SH,20050517,4.84,5.08,4.8,5.05,4.78,0.27,5.65,7744.87,3861.841
600302.SH,20050517,4.33,4.43,4.28,4.34,4.33,0.01,0.23,8462.09,3691.169
000926.SZ,20050517,7.1,7.32,7.0,7.3,7.17,0.13,1.81,5515.99,3977.2299
000691.SZ,20050517,1.47,1.47,1.37,1.39,1.4,-0.01,-0.71,32729.5,4610.3133
600236.SH,20050517,9.29,9.52,9.28,9.52,9.48,0.04,0.42,3038.48,2862.509
600746.SH,20050517,2.17,2.22,2.16,2.19,2.17,0.02,0.92,4198.8,921.043
600900.SH,20050517,7.45,7.66,7.4,7.54,7.45,0.09,1.21,142332.42,107855.486
600135.SH,20050517,3.86,4.01,3.83,3.97,3.85,0.12,3.12,19563.6,7703.208
600786.SH,20050517,12.18,12.48,12.11,12.34,12.2,0.14,1.15,5855.51,7210.028
600624.SH,20050517,4.55,4.74,4.52,4.65,4.62,0.03,0.65,7452.43,3467.506
000511.SZ,20050517,3.35,3.47,3.34,3.44,3.37,0.07,2.08,11533.94,3943.8882
600765.SH,20050517,4.7,4.7,4.34,4.51,4.72,-0.21,-4.45,11459.06,5122.442
600259.SH,20050517,2.04,2.13,2.04,2.1,2.05,0.05,2.44,5243.06,1093.741
600199.SH,20050517,1.74,1.79,1.73,1.79,1.7,0.09,5.29,36698.47,6520.613
000768.SZ,20050517,2.81,2.91,2.81,2.84,2.84,0.0,0.0,10164.49,2909.4483
600278.SH,20050517,3.79,3.88,3.75,3.86,3.81,0.05,1.31,1571.71,602.076
000025.SZ,20050517,3.35,3.43,3.31,3.43,3.34,0.09,2.69,2396.9,814.2123
600019.SH,20050517,4.84,4.92,4.8,4.85,4.84,0.01,0.21,170222.79,82880.328
000419.SZ,20050517,3.68,3.73,3.63,3.69,3.68,0.01,0.27,1001.1,369.4069
000866.SZ,20050517,10.31,10.47,10.1,10.21,10.31,-0.1,-0.97,51470.37,53012.0951
000039.SZ,20050517,12.88,13.35,12.63,12.88,12.97,-0.09,-0.69,169380.03,221403.5112
600706.SH,20050517,4.98,5.23,4.95,5.16,4.98,0.18,3.61,11341.25,5817.718
000799.SZ,20050517,2.86,3.12,2.85,3.12,2.84,0.28,9.86,16991.9,5132.0286
000887.SZ,20050517,1.09,1.09,1.09,1.09,1.04,0.05,4.81,12008.21,1308.8949
600607.SH,20050517,5.28,5.45,5.25,5.4,5.32,0.08,1.5,4605.5,2474.464
600256.SH,20050517,3.88,3.97,3.83,3.94,3.86,0.08,2.07,7367.08,2889.307
000659.SZ,20050517,3.37,3.42,3.33,3.37,3.39,-0.02,-0.59,32227.09,10865.0293
000065.SZ,20050517,3.93,4.03,3.9,3.96,3.93,0.03,0.76,4049.78,1607.6066
000819.SZ,20050517,6.6,6.7,6.51,6.63,6.74,-0.11,-1.63,2100.0,1390.059
600808.SH,20050517,2.95,3.03,2.9,2.99,2.94,0.05,1.7,50857.72,15190.962
600756.SH,20050517,6.65,6.97,6.51,6.82,6.58,0.24,3.65,27741.39,18833.922
600086.SH,20050517,1.33,1.38,1.31,1.38,1.33,0.05,3.76,28471.06,3857.156
600170.SH,20050517,4.35,4.45,4.35,4.44,4.34,0.1,2.3,5786.32,2551.229
600486.SH,20050517,6.16,6.34,6.16,6.26,6.2,0.06,0.97,1499.03,938.481
600547.SH,20050517,10.25,10.39,10.09,10.25,10.3,-0.05,-0.49,3918.56,4020.47
000912.SZ,20050517,6.69,6.92,6.69,6.84,6.76,0.08,1.18,19007.98,13016.3202
600093.SH,20050517,2.22,2.23,2.15,2.19,2.19,0.0,0.0,6006.5,1318.812
000597.SZ,20050517,3.07,3.27,3.03,3.2,3.08,0.12,3.9,11805.63,3727.4558
600721.SH,20050517,2.55,2.65,2.51,2.56,2.54,0.02,0.79,14586.28,3746.508
600578.SH,20050517,4.93,5.07,4.91,5.02,4.93,0.09,1.83,3005.51,1507.446
600328.SH,20050517,3.89,3.94,3.71,3.91,3.88,0.03,0.77,38569.84,14873.097
000936.SZ,20050517,3.26,3.26,3.14,3.17,3.17,0.0,0.0,4972.23,1575.0071
000514.SZ,20050517,3.8,3.88,3.73,3.77,3.77,0.0,0.0,3830.67,1458.4008
000755.SZ,20050517,5.28,5.55,5.2,5.47,5.29,0.18,3.4,21308.91,11615.4881
600686.SH,20050517,6.44,6.56,6.43,6.55,6.42,0.13,2.02,261.5,170.342
000868.SZ,20050517,2.48,2.57,2.48,2.55,2.5,0.05,2.0,3088.64,785.452
002030.SZ,20050517,9.12,9.6,9.02,9.4,9.18,0.22,2.4,7139.41,6670.6144
000788.SZ,20050517,3.1,3.15,3.06,3.13,3.12,0.01,0.32,3582.31,1112.2005
000573.SZ,20050517,2.34,2.39,2.33,2.38,2.36,0.02,0.85,7369.11,1745.191
000678.SZ,20050517,2.92,2.98,2.92,2.96,2.93,0.03,1.02,6262.93,1851.4718
000572.SZ,20050517,5.2,5.25,5.1,5.17,5.17,0.0,0.0,4561.19,2362.2002
000156.SZ,20050517,1.41,1.47,1.38,1.44,1.41,0.03,2.13,7390.32,1063.7444
600459.SH,20050517,6.21,6.48,6.21,6.38,6.31,0.07,1.11,1484.01,945.003
000078.SZ,20050517,3.57,3.71,3.56,3.7,3.57,0.13,3.64,14482.57,5315.1689
600605.SH,20050517,6.01,6.19,6.0,6.1,6.12,-0.02,-0.33,2960.09,1799.191
600050.SH,20050517,2.54,2.59,2.52,2.54,2.55,-0.01,-0.39,396603.74,101367.218
600176.SH,20050517,4.19,4.35,4.14,4.28,4.13,0.15,3.63,30954.48,13206.609
600350.SH,20050517,4.32,4.43,4.29,4.38,4.32,0.06,1.39,14730.59,6443.162
600866.SH,20050517,2.4,2.47,2.4,2.43,2.4,0.03,1.25,15005.42,3656.818
600196.SH,20050517,5.13,5.64,5.1,5.61,5.13,0.48,9.36,258895.92,142692.695
000965.SZ,20050517,2.48,2.55,2.44,2.54,2.47,0.07,2.83,5092.66,1280.1269
600097.SH,20050517,4.01,4.16,4.0,4.07,4.04,0.03,0.74,3192.93,1305.211
000046.SZ,20050517,3.43,3.53,3.35,3.51,3.47,0.04,1.15,8818.13,3056.031
000626.SZ,20050517,10.98,11.15,10.96,11.11,10.98,0.13,1.18,1622.7,1795.4369
600195.SH,20050517,3.99,4.1,3.99,4.06,4.0,0.06,1.5,6994.33,2830.599
600352.SH,20050517,5.28,5.49,5.28,5.49,5.33,0.16,3.0,19989.92,10837.628
600991.SH,20050517,4.82,4.91,4.82,4.88,4.84,0.04,0.83,4918.8,2395.608
002003.SZ,20050517,7.08,7.29,7.0,7.2,7.08,0.12,1.69,2574.95,1854.4515
600027.SH,20050517,2.65,2.75,2.64,2.74,2.65,0.09,3.4,495912.32,134529.973
600843.SH,20050517,3.78,3.95,3.7,3.84,3.78,0.06,1.59,1873.76,713.897
600079.SH,20050517,3.17,3.28,3.17,3.22,3.18,0.04,1.26,6107.43,1974.755
000876.SZ,20050517,6.79,7.0,6.74,6.99,6.79,0.2,2.95,21781.9,15002.9601
000603.SZ,20050517,2.65,2.73,2.55,2.66,2.6,0.06,2.31,3915.04,1030.8593
000779.SZ,20050517,2.17,2.23,2.15,2.22,2.2,0.02,0.91,25817.88,5673.0979
600620.SH,20050517,2.41,2.49,2.41,2.48,2.41,0.07,2.9,9245.7,2275.649
600777.SH,20050517,3.16,3.23,3.14,3.19,3.19,0.0,0.0,5942.29,1895.6
600666.SH,20050517,4.28,4.28,4.17,4.22,4.26,-0.04,-0.94,7478.32,3157.657
000863.SZ,20050517,1.75,1.84,1.75,1.81,1.84,-0.03,-1.63,19731.57,3542.4739
000408.SZ,20050517,3.13,3.23,3.1,3.15,3.13,0.02,0.64,3740.66,1182.2411
000004.SZ,20050517,4.63,4.75,4.51,4.71,4.68,0.03,0.64,6521.24,3012.4078
600555.SH,20050517,2.9,2.96,2.87,2.91,2.92,-0.01,-0.34,8169.22,2383.244
000590.SZ,20050517,3.53,3.69,3.39,3.61,3.56,0.05,1.4,13123.28,4658.0546
600735.SH,20050517,3.36,3.42,3.36,3.38,3.38,0.0,0.0,2712.0,914.201
600326.SH,20050517,3.3,3.37,3.29,3.34,3.3,0.04,1.21,3006.03,1002.318
000518.SZ,20050517,1.68,1.71,1.66,1.69,1.68,0.01,0.6,57086.83,9647.3627
600011.SH,20050517,6.6,6.63,6.44,6.45,6.6,-0.15,-2.27,18643.26,12140.236
000759.SZ,20050517,4.22,4.31,4.18,4.3,4.2,0.1,2.38,15925.85,6777.1334
600606.SH,20050517,3.77,3.91,3.77,3.87,3.76,0.11,2.93,6129.69,2359.493
600317.SH,20050517,10.0,10.37,9.98,10.28,10.08,0.2,1.98,10500.37,10748.254
000510.SZ,20050517,2.62,2.69,2.57,2.68,2.63,0.05,1.9,18548.85,4916.7635
000825.SZ,20050517,4.0,4.09,3.97,4.06,4.0,0.06,1.5,40861.66,16500.8594
000564.SZ,20050517,3.1,3.17,3.08,3.1,3.12,-0.02,-0.64,8063.42,2513.3398
600020.SH,20050517,8.19,8.44,8.11,8.33,8.19,0.14,1.71,21486.48,17899.209
600377.SH,20050517,6.36,6.39,6.26,6.35,6.38,-0.03,-0.47,4410.02,2794.741
000657.SZ,20050517,3.51,3.6,3.48,3.57,3.5,0.07,2.0,3705.76,1318.2535
000837.SZ,20050517,3.24,3.33,3.22,3.3,3.3,0.0,0.0,9068.77,2977.1044
000959.SZ,20050517,3.6,3.72,3.6,3.68,3.63,0.05,1.38,7752.17,2847.6491
600587.SH,20050517,4.08,4.3,4.08,4.22,4.09,0.13,3.18,6577.38,2781.308
600535.SH,20050517,13.85,14.15,13.79,14.11,13.78,0.33,2.39,2422.49,3398.636
600716.SH,20050517,2.13,2.21,2.12,2.21,2.13,0.08,3.76,16906.92,3684.365
000709.SZ,20050517,4.21,4.3,4.18,4.29,4.21,0.08,1.9,41426.86,17662.6066
600828.SH,20050517,3.28,3.38,3.21,3.38,3.37,0.01,0.3,12218.93,4035.373
600056.SH,20050517,5.11,5.25,5.06,5.17,5.11,0.06,1.17,6491.02,3357.668
600332.SH,20050517,5.22,5.4,5.21,5.27,5.26,0.01,0.19,6714.82,3559.0
600835.SH,20050517,4.7,4.88,4.69,4.79,4.7,0.09,1.91,4542.16,2176.124
000913.SZ,20050517,3.08,3.14,3.07,3.11,3.11,0.0,0.0,8129.93,2526.8114
000010.SZ,20050517,3.06,3.28,3.04,3.21,3.1,0.11,3.55,9449.03,2996.5526
600803.SH,20050517,4.11,4.16,4.05,4.09,4.1,-0.01,-0.24,2721.68,1116.374
600566.SH,20050517,4.15,4.2,4.1,4.16,4.15,0.01,0.24,1520.0,632.031
000919.SZ,20050517,6.88,7.15,6.86,7.11,6.92,0.19,2.75,5611.61,3967.6906
000611.SZ,20050517,3.82,3.97,3.82,3.9,3.88,0.02,0.52,2193.55,859.4125
600586.SH,20050517,8.0,8.24,7.91,8.21,7.97,0.24,3.01,10549.3,8590.445
600558.SH,20050517,4.91,5.05,4.91,4.95,4.92,0.03,0.61,1186.0,589.554
000989.SZ,20050517,6.59,6.78,6.55,6.72,6.58,0.14,2.13,7379.32,4942.625
600343.SH,20050517,3.46,3.65,3.43,3.55,3.46,0.09,2.6,11691.2,4171.256
000021.SZ,20050517,7.71,8.02,7.71,7.89,7.97,-0.08,-1.0,17887.83,14141.2922
600657.SH,20050517,2.21,2.3,2.18,2.23,2.28,-0.05,-2.19,25993.84,5829.875
600359.SH,20050517,3.82,3.95,3.82,3.89,3.85,0.04,1.04,5358.25,2083.253
600792.SH,20050517,6.31,6.53,6.07,6.49,6.54,-0.05,-0.76,17277.86,10915.277
000151.SZ,20050517,3.17,3.25,3.12,3.21,3.14,0.07,2.23,9937.92,3177.5725
000663.SZ,20050517,2.75,2.79,2.69,2.78,2.74,0.04,1.46,2809.4,775.8703
600868.SH,20050517,2.08,2.13,2.07,2.1,2.09,0.01,0.48,19694.69,4152.257
000090.SZ,20050517,4.44,4.66,4.43,4.6,4.44,0.16,3.6,3507.62,1600.9583
000753.SZ,20050517,2.7,2.76,2.69,2.73,2.73,0.0,0.0,5447.41,1489.8851
000886.SZ,20050517,2.26,2.32,2.24,2.3,2.26,0.04,1.77,7109.0,1619.892
600345.SH,20050517,6.13,6.33,6.08,6.27,6.15,0.12,1.95,5799.83,3633.258
600058.SH,20050517,7.01,7.14,6.71,7.06,7.04,0.02,0.28,45560.25,31682.988
000420.SZ,20050517,2.72,2.73,2.64,2.7,2.72,-0.02,-0.74,6167.41,1663.8373
600848.SH,20050517,2.44,2.5,2.42,2.45,2.42,0.03,1.24,1725.0,425.504
600543.SH,20050517,4.29,4.39,4.2,4.35,4.35,0.0,0.0,5552.12,2383.585
000826.SZ,20050517,3.15,3.29,3.14,3.25,3.21,0.04,1.25,10023.47,3249.8175
600475.SH,20050517,8.86,9.06,8.8,9.05,8.88,0.17,1.91,5572.25,4974.208
000728.SZ,20050517,2.76,2.85,2.7,2.78,2.76,0.02,0.72,8229.01,2302.362
600063.SH,20050517,3.37,3.43,3.33,3.39,3.37,0.02,0.59,2091.0,710.412
600979.SH,20050517,4.06,4.15,4.05,4.11,4.07,0.04,0.98,5220.01,2148.811
600737.SH,20050517,2.08,2.13,2.0,2.05,2.1,-0.05,-2.38,69933.68,14320.579
600621.SH,20050517,3.84,3.88,3.79,3.85,3.84,0.01,0.26,2866.59,1101.762
600103.SH,20050517,2.15,2.2,2.12,2.18,2.16,0.02,0.93,21315.79,4614.182
000422.SZ,20050517,6.6,6.85,6.55,6.71,6.59,0.12,1.82,19791.84,13264.7625
600338.SH,20050517,3.6,3.6,3.47,3.47,3.65,-0.18,-4.93,3755.0,1307.118
002039.SZ,20050517,6.85,7.01,6.8,6.92,6.84,0.08,1.17,7263.4,5017.81
002034.SZ,20050517,8.7,9.14,8.7,9.0,8.75,0.25,2.86,3400.5,3059.1771
002014.SZ,20050517,6.81,6.99,6.81,6.9,6.81,0.09,1.32,1988.07,1373.7751
600819.SH,20050517,5.63,5.64,5.61,5.63,5.63,0.0,0.0,616.0,346.488
000679.SZ,20050517,3.35,3.4,3.25,3.29,3.27,0.02,0.61,4507.91,1488.5076
600181.SH,20050517,1.37,1.43,1.36,1.41,1.39,0.02,1.44,43438.31,6107.29
600891.SH,20050517,1.83,1.86,1.78,1.81,1.83,-0.02,-1.09,4466.0,816.909
000619.SZ,20050517,5.74,5.83,5.73,5.78,5.77,0.01,0.17,21137.09,12222.5895
600802.SH,20050517,2.36,2.4,2.33,2.4,2.36,0.04,1.69,4477.69,1063.017
000555.SZ,20050517,2.6,2.77,2.56,2.77,2.68,0.09,3.36,3328.81,893.9265
600522.SH,20050517,3.87,4.01,3.87,3.93,3.91,0.02,0.51,3734.08,1478.781
600415.SH,20050517,27.52,28.5,27.51,28.21,28.0,0.21,0.75,1460.65,4115.508
000911.SZ,20050517,4.11,4.28,4.1,4.2,4.14,0.06,1.45,22763.24,9580.5045
000883.SZ,20050517,2.46,2.53,2.43,2.5,2.46,0.04,1.63,5340.15,1328.7639
000662.SZ,20050517,11.63,11.73,11.56,11.7,11.64,0.06,0.52,3220.34,3755.2224
000851.SZ,20050517,7.0,7.1,6.7,6.85,6.98,-0.13,-1.86,32503.72,22304.5553
600098.SH,20050517,5.32,5.36,5.19,5.29,5.3,-0.01,-0.19,17799.45,9383.905
002013.SZ,20050517,5.5,5.7,5.47,5.57,5.56,0.01,0.18,2750.08,1541.7469
600281.SH,20050517,3.78,3.91,3.78,3.9,3.79,0.11,2.9,4306.46,1666.647
000961.SZ,20050517,2.67,2.78,2.62,2.73,2.67,0.06,2.25,7019.1,1911.0833
600528.SH,20050517,4.09,4.17,4.09,4.15,4.11,0.04,0.97,1585.27,654.662
600000.SH,20050517,6.88,7.04,6.83,6.94,6.88,0.06,0.87,29984.01,20854.795
002031.SZ,20050517,9.88,10.3,9.81,10.05,9.88,0.17,1.72,3448.55,3484.1693
600715.SH,20050517,1.2,1.24,1.19,1.23,1.2,0.03,2.5,13094.71,1598.642
000027.SZ,20050517,7.03,7.21,7.0,7.15,7.02,0.13,1.85,16736.24,11941.6928
000935.SZ,20050517,2.38,2.44,2.36,2.42,2.41,0.01,0.41,2364.27,570.6365
600885.SH,20050517,4.15,4.2,4.05,4.12,4.12,0.0,0.0,7273.62,2993.61
600110.SH,20050517,5.58,5.73,5.54,5.69,5.58,0.11,1.97,19549.98,11054.21
600967.SH,20050517,3.73,3.82,3.71,3.74,3.73,0.01,0.27,3990.11,1504.201
600180.SH,20050517,4.04,4.18,4.01,4.13,4.05,0.08,1.98,10635.8,4380.194
600270.SH,20050517,6.71,6.86,6.65,6.77,6.7,0.07,1.04,3889.54,2633.135
000018.SZ,20050517,4.55,4.78,4.51,4.73,4.55,0.18,3.96,1611.47,756.0863
600249.SH,20050517,7.5,7.69,7.5,7.56,7.53,0.03,0.4,1739.0,1319.581
600092.SH,20050517,1.11,1.19,1.11,1.17,1.17,0.0,0.0,31569.44,3649.198
600444.SH,20050517,5.8,5.88,5.71,5.86,5.8,0.06,1.03,3163.05,1841.061
600884.SH,20050517,4.02,4.13,3.98,4.1,4.02,0.08,1.99,8434.74,3414.733
000817.SZ,20050517,6.03,6.19,6.0,6.15,6.07,0.08,1.32,11199.99,6850.8224
600674.SH,20050517,3.18,3.21,3.14,3.16,3.14,0.02,0.64,7797.9,2479.764
600329.SH,20050517,5.9,6.05,5.85,5.99,5.95,0.04,0.67,3582.12,2141.426
000985.SZ,20050517,7.12,7.12,6.85,6.97,7.09,-0.12,-1.69,6365.92,4415.0477
000063.SZ,20050517,24.95,24.99,23.83,23.85,24.98,-1.13,-4.52,28172.54,68275.3105
600573.SH,20050517,5.53,5.76,5.53,5.71,5.64,0.07,1.24,1379.12,781.885
000952.SZ,20050517,3.42,3.52,3.42,3.49,3.44,0.05,1.45,2720.19,947.6421
600193.SH,20050517,3.46,3.58,3.4,3.56,3.4,0.16,4.71,2299.91,799.189
600821.SH,20050517,2.62,2.67,2.58,2.63,2.64,-0.01,-0.38,4595.69,1206.574
000897.SZ,20050517,2.3,2.37,2.28,2.37,2.29,0.08,3.49,7906.71,1849.1368
000583.SZ,20050517,0.93,0.98,0.93,0.95,0.94,0.01,1.06,22725.8,2167.8643
000636.SZ,20050517,3.82,3.95,3.78,3.85,3.8,0.05,1.32,22959.07,8913.9502
600117.SH,20050517,2.96,3.15,2.95,3.06,2.99,0.07,2.34,12308.65,3783.806
600644.SH,20050517,3.2,3.29,3.18,3.25,3.2,0.05,1.56,4191.0,1363.907
600527.SH,20050517,4.24,4.33,4.21,4.27,4.23,0.04,0.95,1275.73,545.362
000070.SZ,20050517,4.01,4.16,4.01,4.12,4.05,0.07,1.73,5585.05,2286.2093
600526.SH,20050517,6.5,6.65,6.46,6.53,6.5,0.03,0.46,2502.67,1637.154
600479.SH,20050517,9.96,10.26,9.91,10.23,9.94,0.29,2.92,2164.5,2203.013
000068.SZ,20050517,5.7,5.93,5.7,5.8,5.8,0.0,0.0,14546.05,8491.573
000618.SZ,20050517,3.31,3.42,3.23,3.4,3.3,0.1,3.03,30301.27,10214.2342
600466.SH,20050517,4.15,4.25,4.14,4.2,4.12,0.08,1.94,2069.5,865.852
600557.SH,20050517,5.87,6.08,5.85,6.08,5.97,0.11,1.84,2393.56,1440.858
600325.SH,20050517,5.84,6.5,5.72,6.32,5.91,0.41,6.94,11724.56,7086.866
600883.SH,20050517,4.05,4.12,4.01,4.07,4.05,0.02,0.49,7556.56,3066.486
600782.SH,20050517,3.2,3.28,3.2,3.24,3.24,0.0,0.0,2386.98,776.02
000550.SZ,20050517,3.61,3.78,3.57,3.7,3.62,0.08,2.21,27406.79,10174.8364
600676.SH,20050517,3.27,3.38,3.25,3.35,3.27,0.08,2.45,9870.14,3295.006
000701.SZ,20050517,5.91,6.52,5.75,6.19,5.98,0.21,3.51,52580.26,32636.7908
000059.SZ,20050517,4.46,4.62,4.43,4.56,4.47,0.09,2.01,6818.19,3095.4672
000011.SZ,20050517,4.33,4.59,4.3,4.49,4.36,0.13,2.98,27451.05,12297.1466
600096.SH,20050517,10.0,10.22,9.91,10.08,10.08,0.0,0.0,7318.7,7389.93
600228.SH,20050517,2.63,2.79,2.59,2.73,2.66,0.07,2.63,31958.55,8689.097
600166.SH,20050517,4.26,4.45,4.23,4.37,4.28,0.09,2.1,6081.8,2648.088
600577.SH,20050517,5.51,5.68,5.44,5.6,5.5,0.1,1.82,2303.8,1281.451
000525.SZ,20050517,3.67,3.74,3.66,3.71,3.67,0.04,1.09,2971.4,1099.113
600641.SH,20050517,3.54,3.69,3.54,3.68,3.56,0.12,3.37,6015.16,2188.279
000950.SZ,20050517,3.52,3.65,3.52,3.56,3.55,0.01,0.28,2548.01,913.6285
600295.SH,20050517,3.11,3.22,3.11,3.17,3.15,0.02,0.63,4823.51,1531.079
600250.SH,20050517,3.83,3.89,3.78,3.87,3.83,0.04,1.04,1742.24,670.934
600368.SH,20050517,3.27,3.33,3.25,3.29,3.29,0.0,0.0,1334.14,439.829
600395.SH,20050517,4.25,4.3,4.08,4.25,4.27,-0.02,-0.47,7149.3,3018.637
000920.SZ,20050517,3.9,4.02,3.84,3.95,3.9,0.05,1.28,67337.44,26626.4307
600744.SH,20050517,2.99,3.02,2.91,3.01,2.97,0.04,1.35,33746.49,10026.3
600642.SH,20050517,6.36,6.53,6.31,6.47,6.36,0.11,1.73,11109.55,7181.257
600393.SH,20050517,4.51,4.6,4.42,4.59,4.51,0.08,1.77,1019.0,463.194
000761.SZ,20050517,4.12,4.23,4.06,4.17,4.13,0.04,0.97,6453.01,2690.8714
600518.SH,20050517,9.35,9.48,9.35,9.39,9.32,0.07,0.75,482.0,453.468
600687.SH,20050517,4.24,4.71,4.24,4.53,4.28,0.25,5.84,27620.65,12691.829
600647.SH,20050517,9.31,9.77,9.27,9.27,9.76,-0.49,-5.02,636.0,593.036
600215.SH,20050517,3.28,3.37,3.27,3.35,3.3,0.05,1.52,15701.45,5232.217
000544.SZ,20050517,2.52,2.59,2.52,2.55,2.55,0.0,0.0,6880.61,1759.6241
600694.SH,20050517,12.39,12.8,12.39,12.7,12.39,0.31,2.5,3962.86,5036.708
600645.SH,20050517,2.76,2.9,2.76,2.86,2.85,0.01,0.35,13681.06,3891.444
600697.SH,20050517,4.56,4.58,4.5,4.54,4.56,-0.02,-0.44,1633.8,741.457
000547.SZ,20050517,4.5,4.58,4.44,4.53,4.51,0.02,0.44,8636.78,3908.0662
000716.SZ,20050517,2.47,2.55,2.45,2.5,2.49,0.01,0.4,5788.31,1451.077
000698.SZ,20050517,3.07,3.15,3.03,3.14,3.07,0.07,2.28,6374.7,1982.3285
000668.SZ,20050517,5.9,5.99,5.8,5.95,5.97,-0.02,-0.34,939.39,553.6487
600202.SH,20050517,6.85,6.9,6.69,6.72,6.85,-0.13,-1.9,8368.0,5676.068
000999.SZ,20050517,3.29,3.37,3.26,3.34,3.29,0.05,1.52,12296.28,4097.2667
000036.SZ,20050517,4.28,4.37,4.22,4.31,4.31,0.0,0.0,27706.8,11917.0256
600627.SH,20050517,7.75,8.04,7.64,8.03,7.76,0.27,3.48,13046.57,10303.069
000806.SZ,20050517,4.42,4.56,4.4,4.48,4.43,0.05,1.13,9219.55,4139.7046
000813.SZ,20050517,1.6,1.7,1.6,1.66,1.64,0.02,1.22,23486.99,3880.5266
000048.SZ,20050517,2.3,2.34,2.16,2.22,2.26,-0.04,-1.77,31738.54,7149.5286
600553.SH,20050517,1.89,1.94,1.88,1.9,1.9,0.0,0.0,7350.66,1404.532
600084.SH,20050517,3.42,3.51,3.4,3.45,3.42,0.03,0.88,9141.99,3157.323
000811.SZ,20050517,4.35,4.44,4.3,4.43,4.26,0.17,3.99,10226.89,4486.1124
000869.SZ,20050517,19.18,19.78,19.02,19.53,19.2,0.33,1.72,2768.41,5394.7799
600731.SH,20050517,2.85,2.92,2.81,2.9,2.88,0.02,0.69,2803.01,807.947
600984.SH,20050517,3.37,3.45,3.36,3.39,3.37,0.02,0.59,3680.08,1251.833
600638.SH,20050517,3.72,3.88,3.72,3.85,3.76,0.09,2.39,5434.63,2079.545
600853.SH,20050517,2.21,2.28,2.21,2.25,2.24,0.01,0.45,10835.5,2431.08
000673.SZ,20050517,2.84,2.88,2.8,2.87,2.8,0.07,2.5,1265.7,360.1429
000831.SZ,20050517,2.88,2.95,2.85,2.94,2.88,0.06,2.08,5717.24,1667.9245
000720.SZ,20050517,2.31,2.36,2.28,2.33,2.31,0.02,0.87,34351.51,7981.7157
600871.SH,20050517,2.5,2.58,2.48,2.56,2.51,0.05,1.99,15031.95,3838.301
600874.SH,20050517,3.83,3.94,3.81,3.9,3.83,0.07,1.83,8839.0,3428.662
600701.SH,20050517,3.05,3.1,3.03,3.06,3.02,0.04,1.32,4945.41,1515.45
600770.SH,20050517,8.13,8.32,7.98,8.14,8.09,0.05,0.62,14457.64,11788.158
000958.SZ,20050517,3.02,3.05,2.97,3.02,3.04,-0.02,-0.66,12336.26,3723.1773
600077.SH,20050517,3.11,3.26,3.11,3.26,3.1,0.16,5.16,8513.53,2766.782
000042.SZ,20050517,5.15,5.55,5.1,5.28,5.13,0.15,2.92,1716.73,913.9919
600190.SH,20050517,4.29,4.39,4.26,4.29,4.26,0.03,0.7,9796.59,4218.863
000045.SZ,20050517,4.7,4.95,4.7,4.87,4.72,0.15,3.18,6355.83,3079.9442
000727.SZ,20050517,2.96,3.04,2.93,2.98,2.97,0.01,0.34,16193.05,4837.7314
600012.SH,20050517,7.06,7.31,7.0,7.18,7.06,0.12,1.7,19420.8,14004.028
000791.SZ,20050517,1.36,1.42,1.34,1.41,1.4,0.01,0.71,29628.08,4118.3676
000928.SZ,20050517,2.49,2.56,2.49,2.53,2.49,0.04,1.61,5803.7,1462.171
600723.SH,20050517,2.93,2.95,2.87,2.9,2.9,0.0,0.0,4593.72,1338.96
600502.SH,20050517,3.55,3.69,3.55,3.66,3.55,0.11,3.1,4918.42,1790.178
600501.SH,20050517,6.9,6.95,6.86,6.94,6.84,0.1,1.46,165.5,114.207
600610.SH,20050517,3.78,3.92,3.78,3.91,3.9,0.01,0.26,1974.95,768.642
000997.SZ,20050517,10.38,10.53,10.35,10.5,10.38,0.12,1.16,2507.49,2623.5363
600562.SH,20050517,4.86,5.0,4.86,4.91,4.86,0.05,1.03,817.64,403.746
600760.SH,20050517,1.76,1.81,1.74,1.79,1.77,0.02,1.13,5910.2,1055.516
600851.SH,20050517,9.4,9.44,9.3,9.4,9.4,0.0,0.0,9044.0,8486.401
000652.SZ,20050517,2.63,2.7,2.57,2.69,2.65,0.04,1.51,8387.62,2213.6108
000568.SZ,20050517,4.0,4.16,3.98,4.07,4.02,0.05,1.24,49904.14,20400.1892
600600.SH,20050517,8.98,9.2,8.97,9.1,9.0,0.1,1.11,4104.5,3732.747
000902.SZ,20050517,2.74,2.8,2.69,2.8,2.76,0.04,1.45,4329.83,1199.7361
000592.SZ,20050517,0.95,1.01,0.95,1.01,0.96,0.05,5.21,20462.46,2047.5874
600678.SH,20050517,2.55,2.63,2.53,2.63,2.56,0.07,2.73,2212.0,573.745
600533.SH,20050517,4.97,5.12,4.97,5.08,4.99,0.09,1.8,3050.31,1542.495
600405.SH,20050517,5.45,5.65,5.4,5.6,5.48,0.12,2.19,3645.69,2014.1
002024.SZ,20050517,59.52,61.88,59.52,61.73,59.52,2.21,3.71,805.71,4892.3594
600872.SH,20050517,2.6,2.67,2.58,2.66,2.6,0.06,2.31,4548.25,1202.411
600767.SH,20050517,1.35,1.38,1.33,1.34,1.35,-0.01,-0.74,6173.28,836.672
000719.SZ,20050517,2.83,2.83,2.73,2.82,2.84,-0.02,-0.7,4132.68,1149.7981
000417.SZ,20050517,3.55,3.62,3.5,3.55,3.54,0.01,0.28,6046.94,2153.1543
000666.SZ,20050517,3.13,3.18,3.1,3.16,3.13,0.03,0.96,7314.49,2304.2593
600768.SH,20050517,11.0,11.04,10.65,10.67,11.0,-0.33,-3.0,553.4,601.667
600822.SH,20050517,6.65,6.79,6.55,6.72,6.65,0.07,1.05,798.29,534.436
600595.SH,20050517,3.5,3.62,3.5,3.61,3.53,0.08,2.27,7034.99,2523.419
600192.SH,20050517,3.22,3.35,3.17,3.29,3.2,0.09,2.81,6838.34,2235.637
600462.SH,20050517,3.95,4.05,3.92,3.98,3.98,0.0,0.0,4568.77,1828.357
600719.SH,20050517,4.12,4.22,4.07,4.19,4.16,0.03,0.72,5191.53,2161.782
600162.SH,20050517,3.51,3.62,3.5,3.61,3.55,0.06,1.69,4884.83,1742.174
600406.SH,20050517,11.96,12.31,11.82,12.3,11.94,0.36,3.02,4033.79,4872.007
600030.SH,20050517,5.25,5.45,5.21,5.37,5.25,0.12,2.29,87937.37,47139.719
000676.SZ,20050517,17.43,17.46,17.2,17.24,17.46,-0.22,-1.26,43.0,74.5704
600339.SH,20050517,5.25,5.33,5.2,5.29,5.25,0.04,0.76,25330.0,13331.604
600815.SH,20050517,2.9,2.97,2.87,2.95,2.9,0.05,1.72,7012.48,2055.939
000541.SZ,20050517,11.63,11.94,11.63,11.91,11.67,0.24,2.06,4199.54,4974.7806
600455.SH,20050517,6.8,6.98,6.7,6.88,6.88,0.0,0.0,4377.71,2999.092
600285.SH,20050517,4.89,5.03,4.88,5.02,4.84,0.18,3.72,1935.0,962.554
000767.SZ,20050517,5.12,5.21,5.07,5.18,5.16,0.02,0.39,7359.17,3799.3353
000623.SZ,20050517,6.28,6.28,6.02,6.21,6.28,-0.07,-1.11,28228.29,17336.4121
600500.SH,20050517,5.15,5.25,5.1,5.19,5.15,0.04,0.78,46719.32,24250.916
000899.SZ,20050517,2.88,2.96,2.86,2.94,2.91,0.03,1.03,4984.32,1459.3417
600841.SH,20050517,7.05,7.17,6.85,7.16,7.1,0.06,0.85,1505.95,1063.419
600149.SH,20050517,2.96,3.07,2.96,3.02,2.99,0.03,1.0,14837.87,4490.064
000890.SZ,20050517,2.98,3.05,2.96,3.03,2.99,0.04,1.34,8444.48,2550.9897
000622.SZ,20050517,1.13,1.2,1.12,1.17,1.14,0.03,2.63,22418.08,2633.9924
000157.SZ,20050517,5.78,5.88,5.78,5.79,5.79,0.0,0.0,10545.77,6137.8968
600104.SH,20050517,4.15,4.31,4.13,4.24,4.16,0.08,1.92,211105.93,89719.397
600623.SH,20050517,5.03,5.14,5.03,5.08,5.08,0.0,0.0,1644.6,835.253
600298.SH,20050517,7.8,7.98,7.75,7.98,7.84,0.14,1.79,1545.73,1217.78
600708.SH,20050517,4.23,4.38,4.2,4.31,4.24,0.07,1.65,3632.0,1568.082
600754.SH,20050517,7.8,8.05,7.74,8.04,7.81,0.23,2.94,8434.7,6688.926
600861.SH,20050517,3.75,3.84,3.73,3.81,3.76,0.05,1.33,4272.47,1620.738
000536.SZ,20050517,2.25,2.32,2.25,2.32,2.21,0.11,4.98,2149.57,498.1352
000972.SZ,20050517,5.99,6.16,5.89,6.16,5.93,0.23,3.88,2160.78,1314.0689
000404.SZ,20050517,2.35,2.52,2.35,2.48,2.48,0.0,0.0,7612.74,1873.487
600200.SH,20050517,9.75,9.9,9.72,9.84,9.76,0.08,0.82,1751.15,1720.177
000023.SZ,20050517,4.06,4.3,4.02,4.21,4.06,0.15,3.69,3063.58,1277.1298
002012.SZ,20050517,11.83,12.73,11.83,12.5,12.0,0.5,4.17,13255.93,16485.5683
600511.SH,20050517,6.09,6.2,6.03,6.08,6.13,-0.05,-0.82,8473.91,5176.855
600643.SH,20050517,5.73,5.9,5.66,5.78,5.76,0.02,0.35,8939.42,5184.473
600428.SH,20050517,9.2,9.45,9.05,9.27,9.21,0.06,0.65,25962.6,24175.455
000705.SZ,20050517,3.4,3.5,3.4,3.47,3.4,0.07,2.06,5090.07,1755.9058
600128.SH,20050517,3.22,3.33,3.22,3.31,3.34,-0.03,-0.9,1257.7,414.723
000789.SZ,20050517,2.75,2.82,2.69,2.76,2.77,-0.01,-0.36,23092.41,6381.7948
600656.SH,20050517,2.69,2.77,2.63,2.72,2.71,0.01,0.37,17743.93,4816.651
002025.SZ,20050517,16.01,16.42,15.9,16.15,16.08,0.07,0.44,2108.79,3421.4858
600575.SH,20050517,8.25,8.39,8.1,8.29,8.26,0.03,0.36,4328.68,3567.761
600612.SH,20050517,5.15,5.22,5.09,5.21,5.15,0.06,1.17,3900.79,2020.473
600247.SH,20050517,3.08,3.21,3.08,3.16,3.12,0.04,1.28,11107.82,3518.237
000005.SZ,20050517,1.33,1.38,1.3,1.38,1.33,0.05,3.76,23118.02,3144.2026
000521.SZ,20050517,2.37,2.5,2.36,2.44,2.39,0.05,2.09,10802.7,2636.9716
600817.SH,20050517,10.56,10.9,10.36,10.73,10.67,0.06,0.56,2933.62,3140.594
600446.SH,20050517,8.04,8.23,7.97,8.06,8.03,0.03,0.37,2089.62,1692.722
000608.SZ,20050517,4.36,4.48,4.35,4.47,4.37,0.1,2.29,4855.63,2151.1331
000591.SZ,20050517,5.29,5.32,5.19,5.25,5.28,-0.03,-0.57,4729.59,2489.0982
600139.SH,20050517,3.78,3.87,3.71,3.84,3.74,0.1,2.67,2528.98,965.458
600649.SH,20050517,4.56,4.67,4.54,4.61,4.58,0.03,0.66,7602.91,3507.312
000722.SZ,20050517,2.56,2.58,2.51,2.55,2.56,-0.01,-0.39,19462.98,4953.9637
600153.SH,20050517,4.45,4.55,4.42,4.53,4.47,0.06,1.34,11945.79,5373.525
600631.SH,20050517,5.31,5.49,5.25,5.39,5.32,0.07,1.32,99194.93,53579.393
600722.SH,20050517,2.92,3.02,2.92,2.99,2.97,0.02,0.67,2840.01,848.185
000973.SZ,20050517,3.33,3.42,3.33,3.4,3.36,0.04,1.19,5928.41,2011.1907
000625.SZ,20050517,5.24,5.57,5.24,5.47,5.25,0.22,4.19,125110.93,68272.3418
600761.SH,20050517,5.42,5.6,5.42,5.53,5.44,0.09,1.65,2661.81,1470.788
000963.SZ,20050517,5.04,5.22,5.04,5.2,5.02,0.18,3.59,56461.76,29062.1005
000820.SZ,20050517,2.19,2.27,2.19,2.24,2.22,0.02,0.9,4100.7,915.2259
600576.SH,20050517,2.99,3.04,2.93,3.0,3.0,0.0,0.0,11128.99,3330.914
600055.SH,20050517,4.8,4.93,4.71,4.9,4.84,0.06,1.24,4730.37,2277.458
600725.SH,20050517,4.61,4.86,4.61,4.78,4.89,-0.11,-2.25,9527.84,4542.462
002006.SZ,20050517,6.71,6.93,6.7,6.81,6.7,0.11,1.64,2603.33,1777.8511
600830.SH,20050517,4.2,4.21,4.1,4.17,4.23,-0.06,-1.42,2176.0,904.199
000578.SZ,20050517,3.15,3.28,3.15,3.2,3.19,0.01,0.31,11022.37,3557.9254
000838.SZ,20050517,6.31,6.39,6.23,6.34,6.33,0.01,0.16,1084.5,685.4375
600258.SH,20050517,5.87,5.98,5.82,5.9,5.87,0.03,0.51,3674.25,2171.363
600568.SH,20050517,3.98,4.1,3.97,4.06,4.0,0.06,1.5,3305.85,1341.733
600211.SH,20050517,5.65,5.68,5.53,5.68,5.59,0.09,1.61,3801.3,2142.211
000981.SZ,20050517,3.94,4.02,3.91,4.0,3.94,0.06,1.52,3594.67,1428.359
600637.SH,20050517,4.95,5.04,4.91,4.99,4.93,0.06,1.22,12019.72,5995.799
600778.SH,20050517,2.87,2.95,2.87,2.92,2.87,0.05,1.74,4247.6,1238.796
600712.SH,20050517,3.31,3.31,3.13,3.2,3.31,-0.11,-3.32,4915.01,1577.382
000721.SZ,20050517,3.22,3.3,3.2,3.24,3.24,0.0,0.0,6010.79,1955.8053
600313.SH,20050517,2.58,2.66,2.54,2.63,2.6,0.03,1.15,7626.06,1993.085
600630.SH,20050517,2.7,2.74,2.61,2.68,2.74,-0.06,-2.19,18201.43,4879.637
600499.SH,20050517,7.09,7.17,6.91,7.08,7.13,-0.05,-0.7,5003.53,3532.365
600152.SH,20050517,3.65,3.72,3.61,3.67,3.65,0.02,0.55,1911.0,700.984
000908.SZ,20050517,1.67,1.77,1.67,1.75,1.76,-0.01,-0.57,25243.28,4325.428
600591.SH,20050517,4.11,4.14,3.94,4.04,4.13,-0.09,-2.18,49395.43,19902.747
600210.SH,20050517,3.05,3.11,3.02,3.08,3.07,0.01,0.33,168983.97,51899.882
600066.SH,20050517,7.35,7.4,7.3,7.37,7.37,0.0,0.0,3675.39,2704.545
600824.SH,20050517,6.82,6.98,6.8,6.93,6.85,0.08,1.17,3370.2,2329.252
600400.SH,20050517,5.74,5.77,5.5,5.69,5.72,-0.03,-0.52,33701.9,18951.14
600185.SH,20050517,3.47,3.59,3.4,3.53,3.48,0.05,1.44,2572.93,899.167
600351.SH,20050517,4.97,4.99,4.9,4.98,4.95,0.03,0.61,1960.5,970.55
600776.SH,20050517,3.72,3.72,3.72,3.72,3.38,0.34,10.06,5681.63,2113.566
600898.SH,20050517,3.8,3.85,3.72,3.82,3.85,-0.03,-0.78,11043.46,4174.376
600594.SH,20050517,15.6,15.74,15.08,15.11,15.64,-0.53,-3.39,3306.46,5050.71
002036.SZ,20050517,5.06,5.2,5.06,5.14,5.09,0.05,0.98,4303.3,2214.4962
600306.SH,20050517,4.2,4.3,4.13,4.26,4.22,0.04,0.95,7295.5,3077.898
600858.SH,20050517,4.98,5.25,4.94,5.17,4.99,0.18,3.61,5213.74,2670.225
600100.SH,20050517,10.16,10.75,10.02,10.58,10.44,0.14,1.34,100853.59,104040.464
600242.SH,20050517,1.93,1.97,1.9,1.93,1.95,-0.02,-1.03,7204.49,1387.989
600237.SH,20050517,4.54,4.62,4.46,4.55,4.54,0.01,0.22,6801.37,3098.647
002042.SZ,20050517,4.46,4.79,4.46,4.65,4.52,0.13,2.88,33679.0,15688.2616
000584.SZ,20050517,4.09,4.22,4.09,4.16,4.1,0.06,1.46,2063.0,856.2702
600385.SH,20050517,1.48,1.48,1.42,1.45,1.48,-0.03,-2.03,5274.05,763.743
000752.SZ,20050517,4.1,4.18,3.92,4.18,4.16,0.02,0.48,11720.11,4797.0808
600584.SH,20050517,4.55,4.57,4.42,4.45,4.52,-0.07,-1.55,24530.15,11022.108
600156.SH,20050517,2.08,2.16,2.08,2.12,2.08,0.04,1.92,9872.61,2101.544
000545.SZ,20050517,2.76,2.89,2.72,2.84,2.76,0.08,2.9,7260.51,2044.2644
000607.SZ,20050517,3.52,3.62,3.51,3.58,3.54,0.04,1.13,19515.3,6972.057
600893.SH,20050517,3.07,3.16,3.04,3.14,3.06,0.08,2.61,14250.5,4442.617
000671.SZ,20050517,5.34,5.48,5.34,5.42,5.4,0.02,0.37,86.0,46.694
600749.SH,20050517,6.44,6.58,6.23,6.34,6.56,-0.22,-3.35,11417.26,7274.362
600070.SH,20050517,3.71,4.04,3.68,3.89,3.71,0.18,4.85,8421.65,3277.837
600433.SH,20050517,3.64,3.67,3.6,3.66,3.6,0.06,1.67,2788.27,1016.163
600080.SH,20050517,3.03,3.11,3.01,3.1,3.06,0.04,1.31,4525.03,1386.215
000557.SZ,20050517,0.92,0.92,0.92,0.92,0.88,0.04,4.55,20944.97,1926.9372
600408.SH,20050517,6.28,6.5,6.24,6.42,6.33,0.09,1.42,19083.31,12216.288
600348.SH,20050517,9.5,9.88,9.36,9.7,9.8,-0.1,-1.02,34355.12,33219.087
600766.SH,20050517,1.4,1.46,1.39,1.44,1.43,0.01,0.7,5140.77,734.44
600710.SH,20050517,2.46,2.51,2.43,2.48,2.46,0.02,0.81,10999.0,2719.359
600322.SH,20050517,2.83,2.95,2.83,2.93,2.84,0.09,3.17,10525.65,3053.734
600507.SH,20050517,7.86,8.05,7.82,7.94,7.84,0.1,1.28,4091.67,3259.807
600106.SH,20050517,5.12,5.24,5.01,5.18,5.11,0.07,1.37,5164.2,2650.807
600818.SH,20050517,5.15,5.24,5.08,5.22,5.13,0.09,1.75,1100.97,570.92
600833.SH,20050517,3.62,3.73,3.6,3.63,3.53,0.1,2.83,6935.5,2543.832
600864.SH,20050517,4.7,4.8,4.7,4.73,4.81,-0.08,-1.66,1946.42,925.348
600988.SH,20050517,4.88,5.07,4.83,4.98,4.89,0.09,1.84,5532.74,2754.238
600790.SH,20050517,2.82,2.88,2.79,2.84,2.82,0.02,0.71,7525.14,2140.773
000062.SZ,20050517,4.58,4.65,4.48,4.63,4.59,0.04,0.87,8132.91,3736.5806
600995.SH,20050517,5.46,5.55,5.3,5.51,5.46,0.05,0.92,16483.94,8981.588
000836.SZ,20050517,3.96,4.12,3.93,4.06,3.97,0.09,2.27,5519.41,2236.1607
600132.SH,20050517,7.48,7.74,7.48,7.66,7.51,0.15,2.0,3681.56,2800.428
000028.SZ,20050517,4.1,4.25,4.08,4.25,4.12,0.13,3.16,5940.31,2494.6429
600053.SH,20050517,2.46,2.46,2.32,2.4,2.4,0.0,0.0,27048.97,6501.496
600171.SH,20050517,6.6,6.79,6.58,6.7,6.63,0.07,1.06,13840.11,9295.295
600654.SH,20050517,3.16,3.18,3.08,3.12,3.16,-0.04,-1.27,16342.14,5103.602
600356.SH,20050517,5.8,6.0,5.79,5.97,5.89,0.08,1.36,5905.87,3491.83
600842.SH,20050517,2.21,2.21,2.18,2.18,2.18,0.0,0.0,1926.9,422.786
000667.SZ,20050517,4.11,4.26,4.11,4.15,4.12,0.03,0.73,3919.0,1637.0857
600072.SH,20050517,2.95,3.03,2.95,2.98,2.95,0.03,1.02,3948.6,1181.78
600116.SH,20050517,3.35,3.45,3.33,3.42,3.33,0.09,2.7,11330.5,3826.51
600292.SH,20050517,4.0,4.06,3.86,4.02,4.03,-0.01,-0.25,4860.11,1937.375
000830.SZ,20050517,4.1,4.24,4.08,4.19,4.11,0.08,1.95,4651.2,1945.5456
000595.SZ,20050517,2.57,2.66,2.54,2.6,2.6,0.0,0.0,4764.85,1239.1021
600509.SH,20050517,3.92,4.0,3.85,4.0,3.89,0.11,2.83,19599.66,7727.499
600738.SH,20050517,2.19,2.21,2.15,2.17,2.19,-0.02,-0.91,13393.02,2914.622
000856.SZ,20050517,1.86,1.93,1.77,1.89,1.85,0.04,2.16,20748.51,3861.5983
000828.SZ,20050517,4.51,4.68,4.49,4.61,4.49,0.12,2.67,2307.3,1065.5299
600732.SH,20050517,4.3,4.4,4.2,4.38,4.32,0.06,1.39,14292.15,6199.629
600293.SH,20050517,2.51,2.69,2.51,2.62,2.55,0.07,2.75,8539.25,2228.946
600877.SH,20050517,2.6,2.66,2.6,2.65,2.64,0.01,0.38,5988.38,1581.485
600850.SH,20050517,3.93,3.97,3.83,3.91,3.87,0.04,1.03,6147.84,2398.777
000725.SZ,20050517,3.75,3.88,3.75,3.8,3.79,0.01,0.26,26198.38,10029.3996
000922.SZ,20050517,2.26,2.34,2.25,2.29,2.31,-0.02,-0.87,5930.29,1360.9569
000006.SZ,20050517,3.94,4.13,3.94,4.08,3.95,0.13,3.29,6213.23,2525.4547
600730.SH,20050517,4.2,4.3,4.2,4.23,4.18,0.05,1.2,4987.35,2115.77
600481.SH,20050517,4.25,4.25,4.15,4.19,4.22,-0.03,-0.71,9064.3,3794.059
000732.SZ,20050517,2.11,2.13,2.04,2.09,2.11,-0.02,-0.95,13767.84,2876.6004
600538.SH,20050517,6.53,6.62,6.46,6.6,6.56,0.04,0.61,2707.93,1780.54
600537.SH,20050517,3.3,3.44,3.3,3.38,3.34,0.04,1.2,2931.7,991.988
600548.SH,20050517,4.8,4.96,4.71,4.9,4.81,0.09,1.87,9318.15,4546.94
600704.SH,20050517,3.8,3.93,3.72,3.9,3.91,-0.01,-0.26,3631.1,1407.54
600122.SH,20050517,3.75,3.84,3.7,3.76,3.76,0.0,0.0,11224.2,4232.272
002018.SZ,20050517,6.4,6.58,6.4,6.56,6.4,0.16,2.5,1604.88,1044.0513
002043.SZ,20050517,5.85,6.52,5.85,6.34,5.93,0.41,6.91,83876.3,52464.5404
600718.SH,20050517,7.6,7.93,7.48,7.8,7.65,0.15,1.96,9251.83,7201.211
000852.SZ,20050517,4.77,4.87,4.73,4.82,4.77,0.05,1.05,8865.71,4266.6502
600266.SH,20050517,5.43,5.72,5.43,5.63,5.43,0.2,3.68,24699.48,13928.134
000977.SZ,20050517,5.95,6.22,5.95,6.09,6.02,0.07,1.16,7810.19,4760.3002
000927.SZ,20050517,2.14,2.27,2.13,2.19,2.15,0.04,1.86,35143.07,7745.3219
600010.SH,20050517,3.73,3.83,3.7,3.82,3.75,0.07,1.87,14384.67,5445.63
600759.SH,20050517,1.35,1.39,1.34,1.39,1.35,0.04,2.96,4224.23,577.709
000554.SZ,20050517,3.13,3.2,3.1,3.15,3.12,0.03,0.96,40220.7,12704.5083
600361.SH,20050517,7.75,7.91,7.62,7.81,7.84,-0.03,-0.38,4703.0,3688.056
600596.SH,20050517,8.78,8.99,8.74,8.91,8.8,0.11,1.25,9284.42,8245.968
600482.SH,20050517,4.53,4.7,4.45,4.61,4.54,0.07,1.54,15403.66,7120.136
000627.SZ,20050517,2.35,2.41,2.35,2.38,2.38,0.0,0.0,12882.5,3066.214
600585.SH,20050517,6.2,6.32,6.15,6.27,6.26,0.01,0.16,10419.02,6527.097
600724.SH,20050517,7.1,7.15,7.02,7.14,7.09,0.05,0.71,3033.66,2141.034
000969.SZ,20050517,5.12,5.57,5.1,5.57,5.06,0.51,10.08,87219.13,48216.1249
600102.SH,20050517,4.73,4.85,4.71,4.81,4.71,0.1,2.12,5612.0,2692.03
000680.SZ,20050517,2.33,2.4,2.31,2.39,2.35,0.04,1.7,22538.75,5351.0168
000613.SZ,20050517,1.27,1.33,1.27,1.31,1.29,0.02,1.55,11646.31,1522.0036
000520.SZ,20050517,3.81,4.04,3.76,3.97,3.8,0.17,4.47,22902.05,9069.5144
600136.SH,20050517,4.41,4.64,4.4,4.56,4.47,0.09,2.01,17872.49,8107.245
600698.SH,20050517,1.36,1.42,1.34,1.4,1.36,0.04,2.94,26446.02,3670.143
600640.SH,20050517,4.01,4.19,4.0,4.12,4.04,0.08,1.98,2731.73,1124.946
600675.SH,20050517,3.67,3.79,3.63,3.75,3.67,0.08,2.18,13138.11,4892.088
600248.SH,20050517,2.72,2.77,2.68,2.74,2.72,0.02,0.74,1651.5,452.957
000026.SZ,20050517,3.81,3.98,3.78,3.96,3.81,0.15,3.94,2375.0,924.9207
000669.SZ,20050517,5.09,5.31,4.89,5.1,5.01,0.09,1.8,13466.26,6904.0722
000616.SZ,20050517,3.46,3.54,3.42,3.53,3.42,0.11,3.22,11771.12,4113.2756
600297.SH,20050517,5.54,5.67,5.48,5.62,5.51,0.11,2.0,972.52,543.615
000990.SZ,20050517,5.41,5.65,5.22,5.52,5.61,-0.09,-1.6,29115.26,15852.4887
000893.SZ,20050517,2.75,2.83,2.75,2.81,2.8,0.01,0.36,2629.6,739.0819
600973.SH,20050517,5.34,5.45,5.34,5.4,5.3,0.1,1.89,2399.0,1293.737
000001.SZ,20050517,5.9,6.15,5.81,6.06,5.9,0.16,2.71,60944.28,36815.7997
000895.SZ,20050517,14.66,14.95,14.5,14.94,14.75,0.19,1.29,8902.0,13155.667
000587.SZ,20050517,2.56,2.63,2.56,2.62,2.61,0.01,0.38,2624.05,687.565
600354.SH,20050517,3.15,3.2,3.12,3.18,3.17,0.01,0.32,8546.37,2707.041
600870.SH,20050517,3.37,3.45,3.3,3.41,3.39,0.02,0.59,10950.07,3718.033
600303.SH,20050517,4.69,4.92,4.69,4.81,4.75,0.06,1.26,4966.28,2395.264
000737.SZ,20050517,2.54,2.65,2.54,2.63,2.57,0.06,2.33,7534.91,1973.2228
600789.SH,20050517,2.53,2.63,2.53,2.61,2.55,0.06,2.35,16510.97,4294.453
600469.SH,20050517,6.6,6.76,6.58,6.68,6.61,0.07,1.06,5548.26,3716.007
600753.SH,20050517,2.2,2.32,2.2,2.26,2.25,0.01,0.44,837.45,190.444
000953.SZ,20050517,2.96,3.02,2.95,3.02,2.96,0.06,2.03,5891.95,1764.237
000605.SZ,20050517,5.42,5.57,5.38,5.51,5.52,-0.01,-0.18,828.52,453.543
600829.SH,20050517,5.63,5.82,5.58,5.79,5.67,0.12,2.12,3659.0,2099.442
000975.SZ,20050517,2.9,2.95,2.87,2.93,2.91,0.02,0.69,9652.82,2809.5784
000050.SZ,20050517,6.33,6.5,6.3,6.39,6.33,0.06,0.95,7928.34,5077.8488
600439.SH,20050517,13.3,13.45,13.14,13.35,13.39,-0.04,-0.3,444.68,591.641
000403.SZ,20050517,3.75,3.96,3.75,3.91,3.84,0.07,1.82,3452.4,1343.2904
600517.SH,20050517,8.06,8.25,8.06,8.18,8.07,0.11,1.36,1207.36,986.132
000672.SZ,20050517,1.98,2.06,1.98,2.03,2.05,-0.02,-0.98,6952.32,1409.1601
000527.SZ,20050517,8.13,8.28,7.98,8.23,8.04,0.19,2.36,27082.79,22113.0692
000416.SZ,20050517,7.0,7.05,6.99,6.99,7.01,-0.02,-0.29,5384.63,3773.4114
000809.SZ,20050517,3.96,4.05,3.88,4.02,3.94,0.08,2.03,2371.47,947.2221
002015.SZ,20050517,7.88,8.24,7.88,8.19,7.98,0.21,2.63,2601.56,2111.8701
600707.SH,20050517,3.91,4.02,3.9,3.98,3.92,0.06,1.53,10672.74,4235.231
000531.SZ,20050517,5.87,5.99,5.81,5.94,5.88,0.06,1.02,3600.44,2125.6289
600016.SH,20050517,4.85,4.97,4.83,4.9,4.85,0.05,1.03,119565.3,58815.619
600426.SH,20050517,9.59,9.81,9.48,9.6,9.68,-0.08,-0.83,8314.85,8061.191
600981.SH,20050517,4.04,4.1,4.0,4.05,4.03,0.02,0.5,2711.61,1098.102
000982.SZ,20050517,2.85,2.9,2.81,2.85,2.87,-0.02,-0.7,3254.9,930.9013
600812.SH,20050517,2.41,2.5,2.41,2.46,2.41,0.05,2.07,18234.57,4491.621
000410.SZ,20050517,5.86,5.92,5.63,5.82,5.9,-0.08,-1.36,14049.15,8147.6012
600307.SH,20050517,4.77,4.93,4.69,4.84,4.77,0.07,1.47,19696.41,9524.38
600337.SH,20050517,6.31,6.37,6.09,6.28,6.38,-0.1,-1.57,6496.95,4044.14
600004.SH,20050517,6.63,6.76,6.52,6.61,6.79,-0.18,-2.65,43451.66,28791.213
000570.SZ,20050517,3.73,3.85,3.65,3.8,3.74,0.06,1.6,7470.0,2799.6141
600997.SH,20050517,7.48,7.61,7.37,7.55,7.52,0.03,0.4,18762.58,14037.826
000651.SZ,20050517,9.86,10.08,9.8,9.94,10.0,-0.06,-0.6,4879.35,4865.854
000951.SZ,20050517,9.6,10.01,9.6,9.89,9.9,-0.01,-0.1,3317.5,3285.603
600717.SH,20050517,6.71,6.84,6.64,6.75,6.75,0.0,0.0,94107.82,63320.142
000750.SZ,20050517,2.38,2.4,2.33,2.38,2.37,0.01,0.42,7852.95,1860.246
000782.SZ,20050517,3.15,3.24,3.11,3.18,3.15,0.03,0.95,4356.0,1387.374
600729.SH,20050517,5.26,5.26,5.12,5.2,5.25,-0.05,-0.95,3149.82,1634.559
000560.SZ,20050517,3.34,3.34,3.08,3.11,3.21,-0.1,-3.12,18765.09,5930.7683
600376.SH,20050517,5.09,5.16,4.98,5.12,4.96,0.16,3.23,838.2,424.467
600879.SH,20050517,8.16,8.34,8.03,8.27,8.11,0.16,1.97,2905.51,2389.075
000012.SZ,20050517,6.1,6.27,6.0,6.21,6.12,0.09,1.47,10195.58,6315.0831
000685.SZ,20050517,2.91,2.97,2.9,2.94,2.9,0.04,1.38,7750.57,2273.9399
600510.SH,20050517,5.9,6.08,5.9,5.99,5.9,0.09,1.53,6062.29,3632.072
000778.SZ,20050517,6.2,6.24,5.98,6.15,6.22,-0.07,-1.13,20608.75,12606.921
000581.SZ,20050517,10.7,10.91,10.53,10.76,10.7,0.06,0.56,4837.09,5226.5797
600366.SH,20050517,3.77,3.86,3.74,3.82,3.78,0.04,1.06,3017.01,1150.687
600271.SH,20050517,24.8,25.63,24.8,25.2,24.92,0.28,1.12,2671.13,6772.126
600525.SH,20050517,9.21,9.58,9.21,9.46,9.48,-0.02,-0.21,1144.46,1079.822
600073.SH,20050517,7.7,7.9,7.62,7.81,7.7,0.11,1.43,15248.9,11897.778
600489.SH,20050517,6.4,6.55,6.3,6.48,6.42,0.06,0.93,11206.7,7239.148
600565.SH,20050517,7.03,7.18,7.0,7.08,7.17,-0.09,-1.26,659.9,468.778
600118.SH,20050517,5.25,5.43,5.15,5.33,5.26,0.07,1.33,3098.17,1654.548
600653.SH,20050517,1.9,1.94,1.88,1.92,1.9,0.02,1.05,40688.25,7794.683
600551.SH,20050517,5.41,5.64,5.35,5.55,5.41,0.14,2.59,7001.88,3864.173
000756.SZ,20050517,3.12,3.27,3.12,3.14,3.02,0.12,3.97,14607.23,4672.2205
000548.SZ,20050517,2.68,2.74,2.66,2.72,2.69,0.03,1.12,5251.51,1420.8407
000823.SZ,20050517,3.86,4.01,3.85,3.95,3.88,0.07,1.8,12002.72,4742.6196
600105.SH,20050517,4.36,4.49,4.36,4.43,4.37,0.06,1.37,6108.59,2700.266
600015.SH,20050517,3.82,3.9,3.79,3.84,3.82,0.02,0.52,55769.86,21470.549
000786.SZ,20050517,2.95,3.04,2.92,3.02,2.97,0.05,1.68,7275.13,2189.125
600226.SH,20050517,4.5,4.64,4.49,4.57,4.52,0.05,1.11,7068.16,3225.134
600894.SH,20050517,2.34,2.4,2.31,2.35,2.32,0.03,1.29,23556.88,5551.619
600668.SH,20050517,2.22,2.26,2.17,2.25,2.22,0.03,1.35,13726.84,3042.805
600230.SH,20050517,3.39,3.49,3.39,3.46,3.43,0.03,0.87,2407.0,829.744
600261.SH,20050517,9.25,9.58,9.25,9.5,9.23,0.27,2.93,1178.5,1115.749
600277.SH,20050517,4.79,4.87,4.78,4.83,4.81,0.02,0.42,2359.65,1140.458
000758.SZ,20050517,4.2,4.36,4.2,4.28,4.2,0.08,1.9,13329.29,5701.9009
600363.SH,20050517,4.16,4.28,4.15,4.17,4.14,0.03,0.72,10155.98,4263.353
000534.SZ,20050517,2.6,2.67,2.59,2.66,2.63,0.03,1.14,2576.56,680.4168
600663.SH,20050517,4.92,5.04,4.82,5.0,4.92,0.08,1.63,3600.34,1790.056
600806.SH,20050517,3.51,3.62,3.46,3.56,3.51,0.05,1.42,6250.85,2226.748
600109.SH,20050517,4.14,4.28,4.09,4.22,4.19,0.03,0.72,1518.11,639.096
600483.SH,20050517,2.73,2.85,2.73,2.8,2.78,0.02,0.72,6082.57,1701.747
600773.SH,20050517,2.16,2.23,2.15,2.2,2.18,0.02,0.92,12262.61,2694.317
000692.SZ,20050517,2.53,2.58,2.51,2.57,2.53,0.04,1.58,4103.79,1049.1056
600305.SH,20050517,6.3,6.5,6.28,6.34,6.3,0.04,0.63,8158.93,5192.692
000031.SZ,20050517,4.46,4.73,4.41,4.68,4.47,0.21,4.7,14494.29,6684.7136
600682.SH,20050517,5.91,5.99,5.91,5.99,5.91,0.08,1.35,367.9,218.742
600108.SH,20050517,2.05,2.09,2.03,2.06,2.05,0.01,0.49,19143.99,3954.507
600028.SH,20050517,3.93,3.97,3.83,3.89,4.0,-0.11,-2.75,165242.9,64179.617
600082.SH,20050517,3.04,3.1,3.01,3.03,3.06,-0.03,-0.98,2868.19,876.999
600052.SH,20050517,2.75,2.88,2.75,2.77,2.68,0.09,3.36,40607.0,11452.81
000980.SZ,20050517,2.74,2.88,2.74,2.8,2.73,0.07,2.56,4294.99,1210.9037
600599.SH,20050517,3.87,4.0,3.81,3.99,3.87,0.12,3.1,12293.7,4837.827
600561.SH,20050517,6.8,7.1,6.75,6.91,6.91,0.0,0.0,46493.51,31964.916
000796.SZ,20050517,3.2,3.3,3.1,3.21,3.28,-0.07,-2.13,3928.78,1267.2045
000602.SZ,20050517,6.2,6.3,5.87,6.05,6.27,-0.22,-3.51,7716.5,4644.096
600137.SH,20050517,2.28,2.34,2.27,2.32,2.23,0.09,4.04,1144.06,265.743
600726.SH,20050517,3.26,3.27,3.2,3.26,3.25,0.01,0.31,9460.89,3065.288
600478.SH,20050517,3.53,3.65,3.5,3.58,3.54,0.04,1.13,4371.26,1562.806
000526.SZ,20050517,3.7,3.86,3.45,3.84,3.72,0.12,3.23,1952.01,738.6919
600639.SH,20050517,4.85,5.11,4.82,5.01,4.91,0.1,2.04,9861.27,4934.014
600505.SH,20050517,3.0,3.13,2.97,3.11,3.02,0.09,2.98,5668.39,1740.021
600160.SH,20050517,3.47,3.53,3.41,3.51,3.45,0.06,1.74,5909.41,2060.904
600969.SH,20050517,4.4,4.58,4.34,4.51,4.49,0.02,0.45,4149.2,1866.05
000878.SZ,20050517,3.6,3.65,3.5,3.62,3.68,-0.06,-1.63,19186.8,6864.481
600403.SH,20050517,13.72,13.89,13.6,13.71,13.72,-0.01,-0.07,8389.4,11502.646
600061.SH,20050517,2.07,2.17,2.06,2.15,2.07,0.08,3.86,7705.75,1622.587
600480.SH,20050517,4.91,4.98,4.91,4.96,4.91,0.05,1.02,4384.0,2169.005
600301.SH,20050517,4.98,5.1,4.9,5.04,4.97,0.07,1.41,6557.56,3292.487
600216.SH,20050517,4.16,4.2,3.98,4.02,4.16,-0.14,-3.37,27926.94,11442.443
600161.SH,20050517,6.08,6.37,6.08,6.32,6.12,0.2,3.27,25211.45,15784.995
600714.SH,20050517,4.25,4.63,4.25,4.56,4.39,0.17,3.87,10446.51,4644.825
600369.SH,20050517,1.61,1.65,1.57,1.64,1.63,0.01,0.61,17355.88,2802.979
600763.SH,20050517,2.18,2.24,2.14,2.21,2.17,0.04,1.84,15089.2,3301.101
000763.SZ,20050517,2.92,3.01,2.91,2.95,2.94,0.01,0.34,17776.49,5271.5352
000988.SZ,20050517,5.87,6.11,5.83,6.02,5.93,0.09,1.52,4166.98,2504.7273
600068.SH,20050517,3.12,3.17,3.1,3.15,3.12,0.03,0.96,5270.26,1657.365
600873.SH,20050517,3.02,3.09,2.97,3.02,3.04,-0.02,-0.66,13607.07,4145.089
000682.SZ,20050517,2.18,2.24,2.17,2.2,2.18,0.02,0.92,33350.0,7377.454
600167.SH,20050517,3.17,3.29,3.17,3.24,3.18,0.06,1.89,4991.11,1615.875
600506.SH,20050517,2.72,2.8,2.72,2.77,2.73,0.04,1.47,3699.7,1020.663
000983.SZ,20050517,12.5,12.55,12.04,12.21,12.87,-0.66,-5.13,94093.54,115500.6886
600740.SH,20050517,9.5,9.58,9.11,9.33,9.51,-0.18,-1.89,10796.16,10120.715
000751.SZ,20050517,2.86,3.01,2.84,2.96,2.94,0.02,0.68,17430.92,5126.816
000411.SZ,20050517,4.9,4.91,4.65,4.78,5.0,-0.22,-4.4,570.0,270.999
002004.SZ,20050517,6.91,6.91,6.62,6.7,6.67,0.03,0.45,31097.36,20957.3865
000900.SZ,20050517,10.51,10.75,10.5,10.69,10.5,0.19,1.81,14805.62,15750.0131
600409.SH,20050517,5.65,5.83,5.63,5.78,5.69,0.09,1.58,12362.61,7120.922
600581.SH,20050517,4.05,4.15,4.03,4.11,4.04,0.07,1.73,19345.14,7943.311
000569.SZ,20050517,1.91,1.94,1.88,1.93,1.9,0.03,1.58,8175.88,1566.8839
600571.SH,20050517,8.2,8.66,8.2,8.54,8.25,0.29,3.52,2068.09,1761.324
600280.SH,20050517,7.89,8.2,7.84,8.0,7.92,0.08,1.01,14022.31,11343.938
600780.SH,20050517,2.99,3.06,2.99,3.02,3.0,0.02,0.67,39099.29,11840.077
600022.SH,20050517,5.75,5.9,5.72,5.81,5.75,0.06,1.04,19894.35,11625.584
000681.SZ,20050517,2.44,2.47,2.38,2.44,2.43,0.01,0.41,4397.0,1068.4439
600001.SH,20050517,4.51,4.88,4.5,4.76,4.5,0.26,5.78,152696.32,72687.457
600054.SH,20050517,8.38,8.52,8.3,8.41,8.39,0.02,0.24,1842.0,1556.057
000549.SZ,20050517,3.11,3.15,3.04,3.08,3.11,-0.03,-0.96,80580.62,24831.2217
600187.SH,20050517,1.14,1.19,1.13,1.17,1.14,0.03,2.63,23150.41,2702.165
600198.SH,20050517,6.48,6.65,6.43,6.49,6.49,0.0,0.0,20713.12,13582.562
600318.SH,20050517,3.03,3.08,2.98,3.01,2.99,0.02,0.67,9969.26,3027.351
600814.SH,20050517,3.53,3.6,3.48,3.55,3.58,-0.03,-0.84,6202.38,2202.094
000650.SZ,20050517,1.36,1.41,1.34,1.4,1.38,0.02,1.45,14215.21,1958.7386
000738.SZ,20050517,1.61,1.65,1.59,1.62,1.62,0.0,0.0,11113.33,1800.8074
600660.SH,20050517,6.93,7.08,6.93,7.02,6.96,0.06,0.86,16060.0,11288.221
600155.SH,20050517,3.23,3.28,3.18,3.27,3.26,0.01,0.31,8351.44,2703.45
600371.SH,20050517,3.77,3.86,3.63,3.78,3.83,-0.05,-1.31,13697.64,5162.309
000585.SZ,20050517,1.76,1.78,1.74,1.77,1.75,0.02,1.14,10412.26,1834.4535
600081.SH,20050517,3.65,3.73,3.55,3.63,3.73,-0.1,-2.68,9342.79,3399.217
600177.SH,20050517,3.85,3.95,3.8,3.88,3.85,0.03,0.78,31076.95,12074.716
000962.SZ,20050517,4.3,4.47,4.27,4.42,4.31,0.11,2.55,12616.89,5557.02
000816.SZ,20050517,2.86,2.94,2.85,2.9,2.87,0.03,1.05,3042.13,880.6977
600619.SH,20050517,7.56,7.74,7.4,7.68,7.56,0.12,1.59,2024.34,1539.402
600601.SH,20050517,4.02,4.14,4.0,4.07,4.02,0.05,1.24,47087.2,19209.667
000506.SZ,20050517,1.5,1.55,1.48,1.52,1.52,0.0,0.0,47589.46,7207.1114
000523.SZ,20050517,2.57,2.64,2.57,2.62,2.61,0.01,0.38,2705.47,705.4367
600330.SH,20050517,6.23,6.4,6.23,6.39,6.37,0.02,0.31,9840.45,6236.607
000898.SZ,20050517,4.08,4.17,4.04,4.14,4.09,0.05,1.22,97273.41,40055.9991
600847.SH,20050517,1.78,1.83,1.78,1.79,1.79,0.0,0.0,2329.61,420.265
600831.SH,20050517,6.2,6.38,6.16,6.22,6.09,0.13,2.13,26401.21,16496.604
000088.SZ,20050517,11.0,11.07,10.76,10.98,11.0,-0.02,-0.18,22433.94,24587.0057
600598.SH,20050517,4.85,5.15,4.85,5.04,5.13,-0.09,-1.75,15338.24,7731.441
000976.SZ,20050517,2.17,2.23,2.13,2.18,2.18,0.0,0.0,11391.01,2493.7051
600418.SH,20050517,6.3,6.63,6.3,6.57,6.49,0.08,1.23,7766.0,5109.908
600333.SH,20050517,5.0,5.18,4.86,5.1,5.18,-0.08,-1.54,20687.05,10390.041
000971.SZ,20050517,2.78,2.93,2.78,2.88,2.81,0.07,2.49,3616.52,1031.4738
600125.SH,20050517,10.36,10.81,10.2,10.51,10.3,0.21,2.04,12940.56,13602.662
600702.SH,20050517,3.35,3.49,3.31,3.44,3.35,0.09,2.69,11789.43,4046.128
600279.SH,20050517,4.16,4.34,4.1,4.31,4.15,0.16,3.86,8274.05,3523.612
000909.SZ,20050517,4.74,5.15,4.74,5.0,4.84,0.16,3.31,13957.45,6975.8081
002007.SZ,20050517,13.62,14.59,13.62,14.19,13.58,0.61,4.49,5199.38,7407.4735
000040.SZ,20050517,1.86,1.96,1.86,1.96,1.87,0.09,4.81,39787.23,7733.6478
600037.SH,20050517,14.92,14.98,14.25,14.9,14.92,-0.02,-0.13,11793.4,17315.379
600323.SH,20050517,7.12,7.46,7.02,7.41,7.12,0.29,4.07,9073.62,6578.378
000069.SZ,20050517,8.2,8.44,8.18,8.42,8.43,-0.01,-0.12,12843.68,10682.6113
000576.SZ,20050517,2.24,2.32,2.24,2.3,2.26,0.04,1.77,9518.75,2177.1702
600069.SH,20050517,3.18,3.21,3.12,3.2,3.19,0.01,0.31,6681.0,2126.635
000715.SZ,20050517,5.13,5.17,5.05,5.07,5.12,-0.05,-0.98,6696.0,3410.8952
600971.SH,20050517,16.05,16.48,15.9,16.28,16.19,0.09,0.56,12651.55,20400.865
600182.SH,20050517,4.4,4.53,4.35,4.36,4.35,0.01,0.23,53777.7,23878.842
600747.SH,20050517,3.04,3.1,3.02,3.06,3.05,0.01,0.33,9469.45,2903.949
600115.SH,20050517,2.91,2.96,2.85,2.94,2.93,0.01,0.34,44839.76,13010.808
600582.SH,20050517,8.1,8.14,7.78,8.09,8.1,-0.01,-0.12,14844.18,11888.075
000880.SZ,20050517,2.46,2.59,2.46,2.57,2.59,-0.02,-0.77,21880.58,5446.9232
600113.SH,20050517,4.26,4.35,4.26,4.34,4.3,0.04,0.93,848.99,365.557
600272.SH,20050517,2.21,2.3,2.19,2.24,2.25,-0.01,-0.44,7431.1,1669.998
000889.SZ,20050517,2.6,2.67,2.58,2.67,2.6,0.07,2.69,7863.2,2078.6101
000055.SZ,20050517,5.7,5.84,5.63,5.79,5.69,0.1,1.76,8460.18,4859.3922
600807.SH,20050517,1.77,1.83,1.73,1.81,1.74,0.07,4.02,11497.84,2070.277
600205.SH,20050517,7.88,8.1,7.79,7.99,7.89,0.1,1.27,19697.11,15739.695
600006.SH,20050517,2.75,2.85,2.75,2.84,2.75,0.09,3.27,22086.63,6206.323
600875.SH,20050517,10.21,10.8,10.15,10.51,10.37,0.14,1.35,6469.83,6833.416
600175.SH,20050517,4.43,4.49,4.36,4.44,4.49,-0.05,-1.11,3918.9,1736.017
600031.SH,20050517,19.01,19.25,18.52,19.13,19.11,0.02,0.1,15226.06,28856.947
600673.SH,20050517,4.81,5.27,4.73,5.24,4.92,0.32,6.5,13220.76,6634.632
000881.SZ,20050517,3.23,3.3,3.2,3.3,3.24,0.06,1.85,3484.9,1142.6558
600588.SH,20050517,17.0,18.81,17.0,18.81,17.1,1.71,10.0,18029.54,33529.75
600846.SH,20050517,3.49,3.61,3.46,3.6,3.52,0.08,2.27,9997.12,3548.417
600002.SH,20050517,6.59,6.75,6.51,6.56,6.59,-0.03,-0.46,64680.02,42879.0
000637.SZ,20050517,8.05,8.1,8.04,8.08,8.09,-0.01,-0.12,906.0,731.7175
000877.SZ,20050517,2.79,2.98,2.69,2.85,2.76,0.09,3.26,9845.33,2771.3616
000418.SZ,20050517,3.4,3.49,3.38,3.47,3.44,0.03,0.87,3418.9,1183.5294
000407.SZ,20050517,2.3,2.37,2.29,2.36,2.32,0.04,1.72,4789.81,1123.3137
600276.SH,20050517,14.3,14.98,14.3,14.82,14.48,0.34,2.35,1015.47,1500.657
600713.SH,20050517,3.2,3.69,3.2,3.62,3.35,0.27,8.06,8537.52,3053.31
600284.SH,20050517,3.99,4.08,3.95,4.07,3.98,0.09,2.26,4456.83,1797.057
000818.SZ,20050517,3.01,3.06,2.98,3.05,3.01,0.04,1.33,5030.1,1526.9331
600218.SH,20050517,2.74,2.86,2.72,2.75,2.74,0.01,0.37,13016.98,3630.252
000848.SZ,20050517,4.47,4.58,4.46,4.56,4.51,0.05,1.11,4323.2,1959.8675
600983.SH,20050517,2.93,3.0,2.92,2.96,2.94,0.02,0.68,6167.01,1831.037
600490.SH,20050517,4.86,5.0,4.85,4.92,4.89,0.03,0.61,5914.52,2917.466
600688.SH,20050517,3.98,4.02,3.93,3.97,3.99,-0.02,-0.5,52279.38,20742.99
000020.SZ,20050517,2.48,2.63,2.46,2.56,2.52,0.04,1.59,4132.82,1070.5513
600282.SH,20050517,5.57,5.82,5.57,5.78,5.58,0.2,3.58,33564.93,19273.088
600774.SH,20050517,4.1,4.23,4.07,4.19,4.12,0.07,1.7,678.88,282.226
000757.SZ,20050517,2.02,2.11,2.01,2.03,2.05,-0.02,-0.98,40320.13,8255.1016
000892.SZ,20050517,2.85,2.86,2.75,2.81,2.83,-0.02,-0.71,40976.06,11522.1131
000631.SZ,20050517,1.32,1.41,1.32,1.39,1.39,0.0,0.0,57886.32,7754.3866
600327.SH,20050517,4.62,4.76,4.59,4.68,4.62,0.06,1.3,8501.0,3977.726
600382.SH,20050517,3.68,3.78,3.68,3.73,3.64,0.09,2.47,1324.01,493.183
600563.SH,20050517,10.08,10.6,10.04,10.38,10.14,0.24,2.37,5550.89,5768.132
600112.SH,20050517,5.38,5.47,5.38,5.4,5.44,-0.04,-0.74,5608.0,3037.426
600897.SH,20050517,7.72,7.95,7.7,7.84,7.75,0.09,1.16,3117.71,2447.621
000034.SZ,20050517,1.48,1.57,1.47,1.56,1.53,0.03,1.96,23840.74,3659.9071
600373.SH,20050517,3.73,3.89,3.65,3.67,3.65,0.02,0.55,40909.29,15455.21
000995.SZ,20050517,2.84,2.97,2.75,2.92,2.85,0.07,2.46,6969.6,2017.1871
600225.SH,20050517,2.51,2.6,2.5,2.57,2.51,0.06,2.39,10366.03,2660.203
000939.SZ,20050517,5.04,5.3,5.03,5.19,5.0,0.19,3.8,17909.97,9284.0794
000017.SZ,20050517,1.38,1.44,1.37,1.43,1.41,0.02,1.42,4990.13,707.9626
600889.SH,20050517,3.1,3.21,3.1,3.18,3.18,0.0,0.0,3611.77,1147.225
000002.SZ,20050517,4.9,5.06,4.86,5.02,4.9,0.12,2.45,91916.37,45745.6042
600539.SH,20050517,3.06,3.17,3.05,3.17,3.09,0.08,2.59,4978.45,1560.044
600283.SH,20050517,3.2,3.4,3.19,3.35,3.2,0.15,4.69,5122.94,1708.581
000502.SZ,20050517,4.55,4.8,4.55,4.78,4.62,0.16,3.46,1449.49,682.8655
600286.SH,20050517,1.15,1.21,1.15,1.19,1.21,-0.02,-1.65,44041.08,5152.64
600589.SH,20050517,5.55,5.59,5.33,5.37,5.42,-0.05,-0.92,2133.29,1158.222
600265.SH,20050517,3.71,3.85,3.71,3.82,3.83,-0.01,-0.26,1639.0,625.187
002022.SZ,20050517,10.56,10.8,10.4,10.68,10.44,0.24,2.3,3817.03,4074.3307
600856.SH,20050517,2.93,2.95,2.87,2.92,2.91,0.01,0.34,6702.22,1953.961
600138.SH,20050517,4.84,4.96,4.8,4.91,4.84,0.07,1.45,9559.2,4681.338
600650.SH,20050517,7.68,7.99,7.66,7.86,7.78,0.08,1.03,775.53,606.488
000582.SZ,20050517,4.12,4.24,4.1,4.16,4.15,0.01,0.24,10198.67,4275.4455
000915.SZ,20050517,2.89,2.99,2.89,2.96,2.89,0.07,2.42,5538.18,1630.2491
600291.SH,20050517,4.15,4.32,4.15,4.28,4.19,0.09,2.15,2728.29,1160.491
600579.SH,20050517,3.04,3.04,2.96,2.98,3.02,-0.04,-1.32,6166.04,1847.443
600275.SH,20050517,2.17,2.22,2.15,2.16,2.19,-0.03,-1.37,12728.55,2768.224
600320.SH,20050517,10.17,10.56,10.01,10.33,10.18,0.15,1.47,72749.76,75455.838
000030.SZ,20050517,1.28,1.32,1.27,1.3,1.28,0.02,1.56,4207.51,549.1638
000553.SZ,20050517,2.54,2.68,2.54,2.65,2.66,-0.01,-0.38,5809.87,1528.6452
600410.SH,20050517,19.45,19.98,19.18,19.91,19.55,0.36,1.84,3195.48,6300.146
000987.SZ,20050517,5.25,5.48,5.12,5.17,5.15,0.02,0.39,56910.7,29882.91
600067.SH,20050517,5.84,5.86,5.78,5.79,5.83,-0.04,-0.69,5254.0,3059.356
600987.SH,20050517,3.42,3.54,3.4,3.52,3.47,0.05,1.44,8502.3,2973.397
600739.SH,20050517,3.8,3.83,3.7,3.74,3.81,-0.07,-1.84,34505.27,12922.551
600253.SH,20050517,3.51,3.6,3.45,3.58,3.52,0.06,1.7,5850.38,2078.248
000690.SZ,20050517,4.1,4.17,4.07,4.12,4.1,0.02,0.49,2497.97,1030.8518
600680.SH,20050517,5.17,5.28,5.17,5.24,5.2,0.04,0.77,1331.12,695.6
600458.SH,20050517,3.24,3.41,3.21,3.38,3.27,0.11,3.36,22423.05,7468.815
002008.SZ,20050517,13.8,14.19,13.5,13.97,13.61,0.36,2.65,4491.19,6268.6464
000702.SZ,20050517,2.57,2.68,2.52,2.61,2.55,0.06,2.35,23061.09,6020.9752
600764.SH,20050517,4.0,4.11,3.95,4.09,4.04,0.05,1.24,8868.0,3603.319
002028.SZ,20050517,8.83,9.15,8.7,8.95,8.88,0.07,0.79,8601.05,7706.3278
600978.SH,20050517,5.63,5.83,5.62,5.77,5.62,0.15,2.67,3472.71,1993.876
000760.SZ,20050517,2.07,2.11,2.01,2.1,2.02,0.08,3.96,9557.93,1970.6801
600033.SH,20050517,7.85,8.17,7.85,8.15,8.01,0.14,1.75,12999.96,10504.771
600060.SH,20050517,5.23,5.24,5.1,5.15,5.23,-0.08,-1.53,26012.2,13430.723
000008.SZ,20050517,5.89,5.95,5.7,5.87,5.93,-0.06,-1.01,14278.54,8329.251
600695.SH,20050517,1.94,1.96,1.89,1.95,1.92,0.03,1.56,670.5,129.458
600882.SH,20050517,2.78,2.8,2.7,2.75,2.74,0.01,0.37,2635.99,731.432
000559.SZ,20050517,3.0,3.03,2.97,3.0,3.0,0.0,0.0,11776.45,3527.9513
600758.SH,20050517,2.93,3.0,2.92,3.0,2.94,0.06,2.04,844.2,250.73
000762.SZ,20050517,4.7,4.96,4.7,4.9,4.78,0.12,2.51,6260.89,3047.551
000615.SZ,20050517,3.23,3.31,3.2,3.29,3.25,0.04,1.23,6718.51,2192.6745
600529.SH,20050517,6.99,7.72,6.91,7.67,7.02,0.65,9.26,30406.49,22636.958
600397.SH,20050517,4.36,4.37,4.2,4.3,4.35,-0.05,-1.15,7969.21,3410.726
600545.SH,20050517,3.26,3.34,3.24,3.28,3.24,0.04,1.23,9173.0,3013.962
600362.SH,20050517,4.3,4.45,4.24,4.36,4.43,-0.07,-1.58,44228.89,19237.166
600141.SH,20050517,4.17,4.36,4.17,4.32,4.3,0.02,0.47,1984.5,854.334
000540.SZ,20050517,2.1,2.18,2.09,2.12,2.12,0.0,0.0,15927.24,3400.1363
600859.SH,20050517,5.09,5.12,5.03,5.09,5.1,-0.01,-0.2,9371.25,4765.775
000415.SZ,20050517,2.42,2.72,2.42,2.65,2.47,0.18,7.29,17021.69,4520.708
600065.SH,20050517,1.68,1.74,1.66,1.74,1.66,0.08,4.82,8111.28,1391.921
000061.SZ,20050517,3.77,3.84,3.76,3.8,3.78,0.02,0.53,21222.32,8082.3019
000739.SZ,20050517,3.65,3.76,3.63,3.73,3.64,0.09,2.47,4046.94,1494.5012
000859.SZ,20050517,2.16,2.2,2.14,2.19,2.16,0.03,1.39,8653.39,1881.2424
600232.SH,20050517,8.2,8.35,8.07,8.28,8.13,0.15,1.85,3297.19,2714.455
600727.SH,20050517,3.43,3.51,3.43,3.47,3.49,-0.02,-0.57,6086.79,2120.577
000699.SZ,20050517,1.2,1.25,1.19,1.23,1.21,0.02,1.65,15785.81,1938.8757
600467.SH,20050517,7.35,7.47,7.33,7.43,7.39,0.04,0.54,2616.5,1942.222
600438.SH,20050517,8.35,8.54,8.26,8.49,8.37,0.12,1.43,11316.84,9565.444
600523.SH,20050517,2.26,2.33,2.24,2.26,2.28,-0.02,-0.88,3724.47,847.94
600508.SH,20050517,10.5,10.83,10.45,10.74,10.57,0.17,1.61,13244.01,14184.674
000402.SZ,20050517,7.76,7.98,7.7,7.95,7.76,0.19,2.45,8980.23,7091.8232
000401.SZ,20050517,2.36,2.4,2.35,2.37,2.36,0.01,0.42,9200.99,2187.4478
000932.SZ,20050517,3.99,4.23,3.8,3.97,4.0,-0.03,-0.75,56800.93,22769.4738
000850.SZ,20050517,2.28,2.28,2.24,2.27,2.28,-0.01,-0.44,45585.58,10300.5741
600091.SH,20050517,4.51,4.66,4.51,4.59,4.51,0.08,1.77,9263.74,4246.183
600252.SH,20050517,3.0,3.09,2.96,3.09,2.99,0.1,3.34,2818.18,852.152
000594.SZ,20050517,2.87,2.93,2.83,2.87,2.89,-0.02,-0.69,24427.34,7061.7904
000905.SZ,20050517,8.05,8.28,8.05,8.13,8.04,0.09,1.12,7673.73,6264.1998
000790.SZ,20050517,5.6,5.82,5.4,5.65,5.65,0.0,0.0,14551.11,8276.6738
600448.SH,20050517,2.48,2.55,2.44,2.48,2.49,-0.01,-0.4,8946.95,2239.2
600838.SH,20050517,2.85,2.92,2.83,2.87,2.85,0.02,0.7,5074.42,1460.377
600597.SH,20050517,5.1,5.28,5.09,5.26,5.13,0.13,2.53,32210.87,16843.995
000815.SZ,20050517,5.7,5.79,5.65,5.75,5.7,0.05,0.88,1738.46,994.8607
000938.SZ,20050517,10.58,10.79,9.86,10.42,10.87,-0.45,-4.14,24648.56,25284.0913
000532.SZ,20050517,3.98,4.17,3.95,4.1,4.04,0.06,1.49,23085.65,9422.761
600008.SH,20050517,8.8,8.88,8.3,8.43,8.86,-0.43,-4.85,30577.81,26049.189
002026.SZ,20050517,6.08,6.3,6.02,6.2,6.08,0.12,1.97,2451.4,1518.4601
000861.SZ,20050517,3.58,3.72,3.5,3.66,3.59,0.07,1.95,7922.0,2883.606
600488.SH,20050517,6.91,7.05,6.9,6.99,6.96,0.03,0.43,4410.3,3073.915
600157.SH,20050517,3.9,3.98,3.9,3.93,3.89,0.04,1.03,1483.0,584.459
600679.SH,20050517,3.18,3.27,3.14,3.24,3.22,0.02,0.62,3639.39,1166.31
600775.SH,20050517,3.58,3.75,3.56,3.66,3.58,0.08,2.23,12369.98,4510.212
600487.SH,20050517,5.95,6.12,5.94,6.11,6.0,0.11,1.83,1372.79,831.343
000158.SZ,20050517,2.73,2.77,2.63,2.77,2.69,0.08,2.97,4602.77,1257.1431
600896.SH,20050517,4.39,4.46,4.36,4.42,4.4,0.02,0.45,3307.86,1461.972
600986.SH,20050517,4.68,4.8,4.66,4.77,4.71,0.06,1.27,11128.38,5274.018
600965.SH,20050517,3.1,3.15,3.06,3.15,3.09,0.06,1.94,6506.28,2032.196
000617.SZ,20050517,16.5,16.86,16.32,16.71,16.36,0.35,2.14,2517.41,4195.6032
600223.SH,20050517,2.98,3.06,2.96,3.03,2.98,0.05,1.68,18016.47,5448.088
600664.SH,20050517,4.78,4.89,4.77,4.88,4.76,0.12,2.52,4128.57,1999.408
000430.SZ,20050517,2.67,2.73,2.63,2.72,2.67,0.05,1.87,6842.36,1847.9168
600800.SH,20050517,3.46,3.61,3.36,3.58,3.44,0.14,4.07,47337.49,16652.332
000504.SZ,20050517,4.35,4.55,4.34,4.49,4.37,0.12,2.75,12189.43,5476.1423
600241.SH,20050517,4.9,5.06,4.9,4.93,4.94,-0.01,-0.2,671.39,332.811
000670.SZ,20050517,2.2,2.3,2.2,2.26,2.26,0.0,0.0,8011.1,1802.4748
002019.SZ,20050517,18.8,18.8,17.5,18.25,17.95,0.3,1.67,1406.27,2550.3495
000860.SZ,20050517,4.96,5.03,4.9,4.98,4.96,0.02,0.4,3439.36,1708.8068
000862.SZ,20050517,1.39,1.46,1.38,1.44,1.41,0.03,2.13,15987.24,2294.8319
600021.SH,20050517,5.12,5.15,5.03,5.1,5.1,0.0,0.0,5878.81,2993.19
000629.SZ,20050517,4.7,4.82,4.68,4.79,4.7,0.09,1.91,29288.34,13983.0685
600159.SH,20050517,2.3,2.3,2.21,2.26,2.3,-0.04,-1.74,660.99,149.385
000930.SZ,20050517,4.55,4.86,4.5,4.79,4.77,0.02,0.42,47489.04,22608.5559
600976.SH,20050517,7.87,8.0,7.78,7.97,7.89,0.08,1.01,1875.41,1488.026
600628.SH,20050517,6.9,7.04,6.88,7.01,6.98,0.03,0.43,3250.11,2269.965
000731.SZ,20050517,9.79,9.88,9.53,9.87,9.88,-0.01,-0.1,13603.21,13200.5397
600512.SH,20050517,4.6,4.71,4.6,4.68,4.61,0.07,1.52,1726.97,807.08
000776.SZ,20050517,2.67,2.71,2.62,2.66,2.66,0.0,0.0,10643.73,2842.3715
600636.SH,20050517,8.01,8.2,8.01,8.18,7.97,0.21,2.63,2383.92,1940.497
000155.SZ,20050517,4.08,4.18,4.04,4.15,4.1,0.05,1.22,4844.85,2001.6958
000586.SZ,20050517,3.84,4.09,3.84,4.05,3.87,0.18,4.65,9995.42,4015.905
000923.SZ,20050517,2.43,2.58,2.43,2.5,2.46,0.04,1.63,15761.91,3959.1993
000795.SZ,20050517,3.09,3.16,3.04,3.12,3.04,0.08,2.63,17961.06,5588.9992
600375.SH,20050517,3.7,3.77,3.63,3.74,3.7,0.04,1.08,4274.04,1589.912
600840.SH,20050517,3.66,3.86,3.63,3.82,3.67,0.15,4.09,11400.54,4324.817
600798.SH,20050517,4.5,4.63,4.5,4.56,4.5,0.06,1.33,4406.05,2020.852
600515.SH,20050517,1.4,1.48,1.4,1.47,1.47,0.0,0.0,49475.99,7036.973
000009.SZ,20050517,2.51,2.65,2.49,2.6,2.52,0.08,3.17,26334.21,6779.4706
600734.SH,20050517,2.07,2.14,2.03,2.11,2.07,0.04,1.93,12757.87,2682.9
000729.SZ,20050517,6.89,6.95,6.31,6.52,6.92,-0.4,-5.78,37153.56,24353.0814
600355.SH,20050517,2.95,3.08,2.92,3.0,2.99,0.01,0.33,3308.71,996.19
600038.SH,20050517,5.1,5.2,5.1,5.15,5.1,0.05,0.98,680.0,350.053
600609.SH,20050517,1.71,1.78,1.7,1.73,1.73,0.0,0.0,14803.68,2585.03
600119.SH,20050517,2.83,2.87,2.75,2.85,2.8,0.05,1.79,4751.79,1336.433
000910.SZ,20050517,4.33,4.38,4.3,4.33,4.3,0.03,0.7,3525.66,1526.5883
600257.SH,20050517,4.17,4.29,4.16,4.22,4.12,0.1,2.43,5946.18,2511.9
000933.SZ,20050517,12.81,12.99,12.58,12.81,12.96,-0.15,-1.16,6078.13,7748.3401
000632.SZ,20050517,2.68,2.84,2.67,2.76,2.69,0.07,2.6,47035.44,12901.433
000996.SZ,20050517,4.25,4.44,4.13,4.44,4.39,0.05,1.14,7734.49,3306.6857
000998.SZ,20050517,8.6,8.96,8.48,8.72,8.52,0.2,2.35,2196.46,1916.3762
600432.SH,20050517,9.6,9.88,9.51,9.69,9.65,0.04,0.41,5090.59,4945.627
600614.SH,20050517,5.48,5.67,5.32,5.58,5.58,0.0,0.0,1314.28,729.088
600809.SH,20050517,6.64,6.99,6.55,6.86,6.64,0.22,3.31,19289.54,13177.028
600503.SH,20050517,2.07,2.12,2.06,2.07,2.07,0.0,0.0,1395.77,292.092
600811.SH,20050517,3.86,3.86,3.7,3.7,3.86,-0.16,-4.15,63553.55,23829.789
000723.SZ,20050517,4.33,4.5,4.26,4.45,4.33,0.12,2.77,9260.94,4090.5246
600583.SH,20050517,21.79,22.3,21.45,21.96,21.83,0.13,0.6,3073.7,6705.012
600039.SH,20050517,2.41,2.46,2.37,2.42,2.38,0.04,1.68,6771.76,1638.782
600658.SH,20050517,3.57,3.6,3.48,3.56,3.58,-0.02,-0.56,14750.82,5236.85
600227.SH,20050517,8.05,8.13,7.88,8.02,8.1,-0.08,-0.99,6060.11,4862.214
000566.SZ,20050517,3.0,3.1,3.0,3.08,3.03,0.05,1.65,2881.0,882.6441
002041.SZ,20050517,19.1,19.95,19.03,19.69,19.3,0.39,2.02,7570.89,14877.6113
600380.SH,20050517,6.78,6.92,6.75,6.91,6.78,0.13,1.92,2463.03,1687.332
600980.SH,20050517,7.01,7.23,6.97,7.19,7.04,0.15,2.13,4331.98,3102.817
000918.SZ,20050517,2.22,2.27,2.2,2.24,2.23,0.01,0.45,8948.16,2006.4522
600970.SH,20050517,18.15,18.68,18.06,18.13,17.96,0.17,0.95,8540.3,15643.609
600123.SH,20050517,11.05,11.05,10.55,10.8,11.12,-0.32,-2.88,15139.1,16316.995
600622.SH,20050517,2.9,3.01,2.88,2.97,2.93,0.04,1.37,5851.58,1733.661
000798.SZ,20050517,3.2,3.3,3.17,3.27,3.21,0.06,1.87,1275.0,416.072
600238.SH,20050517,3.52,3.6,3.46,3.55,3.46,0.09,2.6,18343.79,6482.536
000096.SZ,20050517,3.66,3.75,3.64,3.71,3.67,0.04,1.09,4614.25,1709.1835
600963.SH,20050517,6.52,6.69,6.51,6.68,6.52,0.16,2.45,8072.85,5338.96
000016.SZ,20050517,4.13,4.22,4.06,4.18,4.1,0.08,1.95,15536.34,6482.1572
600311.SH,20050517,4.72,4.82,4.7,4.79,4.72,0.07,1.48,2891.6,1379.433
600179.SH,20050517,3.25,3.33,3.25,3.29,3.25,0.04,1.23,7884.62,2596.184
600392.SH,20050517,10.55,11.28,10.46,11.06,10.68,0.38,3.56,1291.62,1405.436
600592.SH,20050517,7.56,7.85,7.5,7.77,7.56,0.21,2.78,6319.19,4866.349
000633.SZ,20050517,1.63,1.64,1.57,1.63,1.62,0.01,0.62,44647.42,7187.3747
600993.SH,20050517,24.31,24.5,23.6,24.48,24.6,-0.12,-0.49,1819.4,4395.199
000056.SZ,20050517,3.41,3.64,3.4,3.58,3.5,0.08,2.29,16696.66,5920.4424
000822.SZ,20050517,7.57,7.74,7.46,7.71,7.62,0.09,1.18,18853.36,14417.8644
600497.SH,20050517,9.38,9.7,9.28,9.67,9.41,0.26,2.76,12687.94,12146.645
600603.SH,20050517,2.15,2.2,2.13,2.19,2.16,0.03,1.39,5740.4,1246.097
000787.SZ,20050517,5.69,5.82,5.63,5.7,5.69,0.01,0.18,17584.09,10066.9845
600148.SH,20050517,3.28,3.34,3.25,3.3,3.26,0.04,1.23,1791.83,589.26
600114.SH,20050517,4.38,4.43,4.33,4.34,4.37,-0.03,-0.69,10248.54,4485.169
600887.SH,20050517,13.28,13.6,13.01,13.57,13.32,0.25,1.88,11040.06,14852.518
600396.SH,20050517,4.36,4.42,4.3,4.38,4.38,0.0,0.0,1175.1,513.962
600629.SH,20050517,1.11,1.15,1.1,1.14,1.1,0.04,3.64,7286.34,822.907
600781.SH,20050517,2.98,2.98,2.9,2.98,2.84,0.14,4.93,26719.99,7943.013
000589.SZ,20050517,3.62,3.63,3.53,3.59,3.62,-0.03,-0.83,10825.64,3880.1837
000488.SZ,20050517,9.51,9.68,9.26,9.66,9.61,0.05,0.52,4990.98,4734.4248
600693.SH,20050517,4.01,4.03,3.95,3.98,3.98,0.0,0.0,3988.32,1594.315
600886.SH,20050517,7.13,7.16,6.97,7.05,7.15,-0.1,-1.4,11922.99,8430.097
000882.SZ,20050517,3.0,3.31,2.93,3.31,3.01,0.3,9.97,36302.02,11895.5531
600593.SH,20050517,3.9,4.02,3.9,3.99,3.91,0.08,2.05,1611.4,639.016
600035.SH,20050517,3.36,3.47,3.34,3.42,3.38,0.04,1.18,14949.41,5120.391
600222.SH,20050517,8.33,8.33,7.81,8.33,7.57,0.76,10.04,2000.82,1654.94
600966.SH,20050517,8.35,8.56,8.26,8.48,8.34,0.14,1.68,11298.04,9542.636
600755.SH,20050517,3.56,3.68,3.53,3.62,3.58,0.04,1.12,8571.52,3091.614
000783.SZ,20050517,2.12,2.15,2.1,2.12,2.12,0.0,0.0,13563.18,2881.6077
600863.SH,20050517,3.08,3.2,3.07,3.17,3.1,0.07,2.26,10779.09,3409.876
600720.SH,20050517,2.14,2.2,2.14,2.19,2.15,0.04,1.86,5908.08,1288.69
600423.SH,20050517,7.3,7.54,7.25,7.45,7.37,0.08,1.09,6342.99,4711.483
000925.SZ,20050517,5.21,5.53,5.21,5.48,5.41,0.07,1.29,7494.1,4042.0713
600677.SH,20050517,2.9,2.99,2.89,2.95,2.91,0.04,1.37,11003.34,3232.343
600531.SH,20050517,4.32,4.47,4.29,4.39,4.36,0.03,0.69,6735.67,2962.807
600449.SH,20050517,4.38,4.49,4.33,4.45,4.38,0.07,1.6,6269.89,2775.234
600243.SH,20050517,3.17,3.3,3.16,3.25,3.2,0.05,1.56,3275.57,1063.363
600425.SH,20050517,3.14,3.25,3.14,3.19,3.17,0.02,0.63,3466.9,1109.215
600172.SH,20050517,3.79,3.88,3.79,3.86,3.81,0.05,1.31,3569.4,1374.974
600836.SH,20050517,4.64,4.77,4.61,4.73,4.65,0.08,1.72,908.99,429.469
600197.SH,20050517,3.12,3.17,3.1,3.12,3.13,-0.01,-0.32,2381.99,747.318
600816.SH,20050517,3.11,3.21,3.11,3.16,3.13,0.03,0.96,9406.59,2979.466
600316.SH,20050517,6.12,6.28,6.05,6.21,6.16,0.05,0.81,4445.2,2759.559
600367.SH,20050517,5.98,6.1,5.98,6.05,6.02,0.03,0.5,10483.22,6317.345
002002.SZ,20050517,6.0,6.26,5.78,6.15,6.15,0.0,0.0,6321.32,3849.4812
600436.SH,20050517,15.45,15.57,14.75,15.05,15.41,-0.36,-2.34,7819.04,11858.715
600007.SH,20050517,4.51,4.59,4.44,4.54,4.51,0.03,0.67,4317.59,1948.681
600379.SH,20050517,3.4,3.5,3.39,3.43,3.46,-0.03,-0.87,4357.95,1496.37
000802.SZ,20050517,3.26,3.36,3.24,3.36,3.28,0.08,2.44,991.6,329.0876
000929.SZ,20050517,2.9,2.98,2.88,2.91,2.93,-0.02,-0.68,6345.72,1865.7016
000301.SZ,20050517,2.35,2.38,2.3,2.33,2.36,-0.03,-1.27,10860.97,2540.2325
600173.SH,20050517,1.91,1.93,1.87,1.89,1.91,-0.02,-1.05,4735.54,898.048
600220.SH,20050517,2.03,2.12,2.03,2.11,2.05,0.06,2.93,47999.95,10069.387
600665.SH,20050517,2.55,2.74,2.46,2.69,2.56,0.13,5.08,11366.58,2983.261
600823.SH,20050517,3.55,3.65,3.47,3.61,3.5,0.11,3.14,25376.1,9135.077
000524.SZ,20050517,2.68,2.74,2.66,2.7,2.72,-0.02,-0.74,3922.28,1057.3175
600839.SH,20050517,4.24,4.3,4.1,4.18,4.25,-0.07,-1.65,79122.62,33133.001
000639.SZ,20050517,16.5,16.64,16.5,16.55,16.68,-0.13,-0.78,1275.0,2108.001
600485.SH,20050517,5.58,5.67,5.39,5.61,5.6,0.01,0.18,6980.48,3860.608
000522.SZ,20050517,4.28,4.65,4.28,4.57,4.23,0.34,8.04,67879.26,31333.4923
000565.SZ,20050517,2.34,2.43,2.34,2.4,2.37,0.03,1.27,3575.33,851.2932
600801.SH,20050517,3.88,4.0,3.88,3.97,3.9,0.07,1.79,4767.0,1880.019
000665.SZ,20050517,3.04,3.06,2.98,3.02,3.04,-0.02,-0.66,1882.55,568.1798
600150.SH,20050517,9.15,9.38,9.1,9.27,9.17,0.1,1.09,6011.48,5562.238
000955.SZ,20050517,2.82,2.85,2.77,2.82,2.81,0.01,0.36,1980.62,554.8235
000978.SZ,20050517,5.95,6.12,5.95,6.05,6.04,0.01,0.17,5081.59,3067.005
000509.SZ,20050517,2.09,2.15,2.07,2.09,2.09,0.0,0.0,14992.3,3149.95
000656.SZ,20050517,1.96,2.05,1.93,2.02,2.0,0.02,1.0,2302.1,465.7122
600062.SH,20050517,4.82,5.15,4.8,5.07,4.82,0.25,5.19,89466.28,44924.517
000839.SZ,20050517,8.88,9.12,8.7,9.03,8.92,0.11,1.23,19672.1,17665.239
002027.SZ,20050517,5.86,6.25,5.85,6.07,5.93,0.14,2.36,14108.52,8584.8556
000406.SZ,20050517,4.7,4.83,4.66,4.76,4.72,0.04,0.85,9515.93,4524.1326
001896.SZ,20050517,2.22,2.27,2.22,2.26,2.22,0.04,1.8,2475.0,556.5805
000539.SZ,20050517,4.53,4.7,4.52,4.6,4.52,0.08,1.77,14595.0,6747.72
000916.SZ,20050517,3.35,3.49,3.34,3.45,3.34,0.11,3.29,23850.97,8186.6342
600391.SH,20050517,5.1,5.26,5.1,5.22,5.22,0.0,0.0,1584.63,821.752
600387.SH,20050517,4.02,4.18,4.0,4.12,4.05,0.07,1.73,4527.02,1863.585
000426.SZ,20050517,3.56,3.67,3.56,3.64,3.56,0.08,2.25,4034.39,1461.3001
000538.SZ,20050517,23.1,23.5,22.85,23.38,23.3,0.08,0.34,2826.57,6588.4848
000700.SZ,20050517,3.0,3.04,2.96,3.02,2.99,0.03,1.0,15875.89,4765.6792
600615.SH,20050517,2.36,2.44,2.35,2.4,2.4,0.0,0.0,3420.09,818.062
600837.SH,20050517,5.76,5.94,5.73,5.93,5.78,0.15,2.6,5584.99,3279.78
600389.SH,20050517,4.46,4.6,4.46,4.55,4.47,0.08,1.79,4404.99,1996.881
600085.SH,20050517,22.2,23.1,22.2,22.71,22.2,0.51,2.3,3229.41,7293.227
600357.SH,20050517,3.15,3.22,3.1,3.18,3.16,0.02,0.63,13467.65,4269.495
000677.SZ,20050517,3.54,3.55,3.47,3.51,3.5,0.01,0.29,28517.94,10013.9087
600567.SH,20050517,3.36,3.42,3.31,3.33,3.37,-0.04,-1.19,16373.67,5477.475
600288.SH,20050517,5.03,5.2,5.01,5.11,5.07,0.04,0.79,3968.01,2028.583
000693.SZ,20050517,5.0,5.22,4.91,5.2,4.98,0.22,4.42,46787.46,24009.1811
000777.SZ,20050517,3.94,3.97,3.88,3.91,3.88,0.03,0.77,2392.28,940.266
600229.SH,20050517,3.28,3.36,3.26,3.34,3.29,0.05,1.52,2186.88,726.673
000610.SZ,20050517,3.51,3.66,3.51,3.65,3.64,0.01,0.27,3638.13,1317.8229
600263.SH,20050517,4.71,4.85,4.7,4.8,4.71,0.09,1.91,3811.71,1831.754
600590.SH,20050517,5.38,5.59,5.03,5.54,5.42,0.12,2.21,15099.17,8170.009
600961.SH,20050517,3.37,3.46,3.35,3.41,3.39,0.02,0.59,10474.84,3583.872
600855.SH,20050517,3.93,4.02,3.86,3.94,3.96,-0.02,-0.51,7600.71,2990.525
600169.SH,20050517,6.73,6.92,6.6,6.74,6.73,0.01,0.15,8725.12,5844.701
600556.SH,20050517,5.9,6.05,5.8,6.02,5.91,0.11,1.86,7102.01,4245.724
000498.SZ,20050517,2.49,2.59,2.49,2.55,2.5,0.05,2.0,14955.25,3805.5991
600552.SH,20050517,3.59,3.81,3.56,3.8,3.6,0.2,5.56,10340.01,3844.166
600095.SH,20050517,2.6,2.65,2.52,2.64,2.59,0.05,1.93,3152.35,821.178
600029.SH,20050517,3.39,3.5,3.36,3.49,3.42,0.07,2.05,67968.28,23347.829
600133.SH,20050517,4.0,4.11,4.0,4.04,4.02,0.02,0.5,2568.0,1043.588
600779.SH,20050517,4.27,4.46,4.2,4.41,4.32,0.09,2.08,26876.49,11793.751
600151.SH,20050517,3.31,3.4,3.28,3.33,3.36,-0.03,-0.89,12931.85,4330.73
600419.SH,20050517,4.03,4.09,3.98,4.01,4.06,-0.05,-1.23,3173.47,1283.27
000014.SZ,20050517,5.2,5.36,5.15,5.29,5.21,0.08,1.54,10435.07,5516.5434
600145.SH,20050517,2.3,2.45,2.3,2.32,2.28,0.04,1.75,44272.89,10488.081
000803.SZ,20050517,11.62,11.8,11.6,11.8,11.78,0.02,0.17,408.0,473.383
002010.SZ,20050517,10.9,11.54,10.9,11.45,11.0,0.45,4.09,2755.11,3127.3462
600876.SH,20050517,2.33,2.45,2.27,2.45,2.33,0.12,5.15,7981.36,1912.85
600496.SH,20050517,7.09,7.42,6.95,7.4,7.08,0.32,4.52,15368.11,11060.694
600331.SH,20050517,4.93,5.29,4.87,5.18,4.97,0.21,4.23,70563.59,36219.723
000630.SZ,20050517,4.1,4.3,4.08,4.21,4.23,-0.02,-0.47,45466.8,19137.5581
000707.SZ,20050517,3.17,3.22,3.13,3.18,3.18,0.0,0.0,11148.17,3535.7958
600273.SH,20050517,2.71,2.8,2.71,2.77,2.74,0.03,1.09,3430.42,947.673
600251.SH,20050517,4.36,4.58,4.32,4.54,4.38,0.16,3.65,22114.27,9945.57
600127.SH,20050517,2.23,2.29,2.23,2.28,2.23,0.05,2.24,7361.17,1665.829
600009.SH,20050517,15.55,15.98,15.45,15.8,15.46,0.34,2.2,13942.7,21987.688
600691.SH,20050517,1.9,1.92,1.82,1.87,1.92,-0.05,-2.6,2857.2,536.187
600310.SH,20050517,6.6,6.7,6.52,6.64,6.59,0.05,0.76,1200.66,794.004
600240.SH,20050517,4.15,4.15,4.02,4.08,4.22,-0.14,-3.32,2180.81,887.291
000968.SZ,20050517,5.52,5.68,5.4,5.6,5.6,0.0,0.0,23893.36,13282.8712
600805.SH,20050517,2.6,2.71,2.59,2.66,2.63,0.03,1.14,8472.07,2254.648
600860.SH,20050517,3.58,3.71,3.58,3.68,3.59,0.09,2.51,3533.0,1292.22
002029.SZ,20050517,8.81,9.0,8.8,8.82,8.83,-0.01,-0.11,1950.09,1733.8578
600126.SH,20050517,4.68,4.8,4.67,4.77,4.67,0.1,2.14,9857.67,4696.692
000153.SZ,20050517,6.63,6.72,6.51,6.71,6.59,0.12,1.82,2367.0,1574.3774
600107.SH,20050517,2.15,2.2,2.14,2.17,2.17,0.0,0.0,7057.31,1533.161
600452.SH,20050517,4.4,4.54,4.39,4.49,4.41,0.08,1.81,3025.53,1351.825
600662.SH,20050517,5.98,6.03,5.88,6.02,5.95,0.07,1.18,4727.68,2837.033
600129.SH,20050517,4.63,4.68,4.54,4.65,4.64,0.01,0.22,14259.29,6581.703
000966.SZ,20050517,2.91,3.05,2.91,3.04,2.95,0.09,3.05,3426.6,1023.7648
600572.SH,20050517,6.24,6.35,6.16,6.28,6.33,-0.05,-0.79,6514.94,4077.786
600495.SH,20050517,6.07,6.2,6.07,6.15,6.07,0.08,1.32,17072.96,10489.828
600748.SH,20050517,3.76,3.82,3.72,3.79,3.76,0.03,0.8,2786.93,1054.881
000711.SZ,20050517,3.29,3.36,3.29,3.34,3.29,0.05,1.52,4390.0,1465.507
600206.SH,20050517,4.49,4.66,4.47,4.57,4.5,0.07,1.56,4156.15,1902.663
600057.SH,20050517,3.42,3.53,3.4,3.46,3.4,0.06,1.76,11441.34,3975.317
600421.SH,20050517,5.02,5.23,5.02,5.21,5.03,0.18,3.58,5715.25,2937.553
002021.SZ,20050517,10.15,10.45,9.97,10.25,10.02,0.23,2.3,2502.91,2568.887
600299.SH,20050517,9.05,9.08,8.8,9.03,9.02,0.01,0.11,7639.73,6835.856
000766.SZ,20050517,1.52,1.54,1.48,1.53,1.53,0.0,0.0,67896.89,10306.9716
000601.SZ,20050517,4.05,4.11,4.03,4.08,4.05,0.03,0.74,6424.99,2622.5215
600992.SH,20050517,4.28,4.35,4.28,4.34,4.28,0.06,1.4,4178.31,1808.777
600810.SH,20050517,3.97,4.04,3.96,4.0,3.99,0.01,0.25,4399.04,1760.752
600743.SH,20050517,1.47,1.5,1.45,1.49,1.48,0.01,0.68,4138.55,613.347
600797.SH,20050517,3.38,3.49,3.36,3.43,3.38,0.05,1.48,37787.56,12982.384
600990.SH,20050517,6.93,7.25,6.93,7.11,7.03,0.08,1.14,1675.97,1189.701
600685.SH,20050517,3.02,3.07,2.98,3.03,3.01,0.02,0.66,5462.07,1648.675
600784.SH,20050517,2.8,2.9,2.73,2.87,2.83,0.04,1.41,23308.32,6598.833
600982.SH,20050517,4.2,4.26,4.12,4.22,4.2,0.02,0.48,2109.0,886.785
000695.SZ,20050517,3.54,3.7,3.5,3.67,3.56,0.11,3.09,26598.12,9581.5194
000150.SZ,20050517,2.01,2.06,1.98,2.04,2.01,0.03,1.49,17847.11,3611.0188
000686.SZ,20050517,3.63,3.68,3.57,3.64,3.63,0.01,0.28,5406.0,1963.883
600083.SH,20050517,1.83,1.84,1.78,1.82,1.79,0.03,1.68,1892.03,343.467
000807.SZ,20050517,3.19,3.25,3.18,3.24,3.18,0.06,1.89,3675.3,1183.3366
600269.SH,20050517,8.95,9.15,8.88,9.03,8.92,0.11,1.23,13152.34,11821.231
600146.SH,20050517,2.19,2.25,2.17,2.2,2.21,-0.01,-0.45,6810.0,1506.389
000736.SZ,20050517,1.52,1.56,1.48,1.56,1.49,0.07,4.7,5432.02,843.1311
000516.SZ,20050517,4.75,4.98,4.74,4.95,4.8,0.15,3.13,1949.74,957.3935
600699.SH,20050517,2.66,2.8,2.66,2.8,2.7,0.1,3.7,6702.13,1845.457
600867.SH,20050517,3.8,3.88,3.77,3.87,3.78,0.09,2.38,6891.37,2634.71
600315.SH,20050517,4.61,4.8,4.6,4.76,4.6,0.16,3.48,4498.0,2128.011
600895.SH,20050517,4.34,4.42,4.31,4.36,4.34,0.02,0.46,9482.36,4149.791
002020.SZ,20050517,7.8,8.2,7.8,8.01,7.88,0.13,1.65,1744.29,1395.5526
000713.SZ,20050517,3.1,3.17,3.08,3.16,3.12,0.04,1.28,5279.6,1659.626
600429.SH,20050517,2.33,2.41,2.32,2.39,2.36,0.03,1.27,8282.37,1973.762
600869.SH,20050517,3.9,3.94,3.8,3.83,3.91,-0.08,-2.05,1279.1,493.021
000551.SZ,20050517,3.97,4.13,3.96,4.03,3.9,0.13,3.33,16338.35,6612.1143
600289.SH,20050517,8.83,9.28,8.76,9.2,8.83,0.37,4.19,11125.99,10160.162
600520.SH,20050517,4.32,4.5,4.32,4.4,4.38,0.02,0.46,2178.18,965.047
600834.SH,20050517,5.44,5.47,5.33,5.39,5.47,-0.08,-1.46,7723.85,4160.015
600960.SH,20050517,6.2,6.35,6.15,6.23,6.2,0.03,0.48,2979.0,1867.413
600365.SH,20050517,4.46,4.95,4.42,4.74,4.52,0.22,4.87,10496.4,5003.363
600234.SH,20050517,1.72,1.77,1.67,1.67,1.76,-0.09,-5.11,8031.0,1346.115
000049.SZ,20050517,5.6,5.7,5.48,5.68,5.63,0.05,0.89,3283.29,1855.2399
002035.SZ,20050517,6.53,6.7,6.53,6.68,6.53,0.15,2.3,3327.31,2211.7491
000979.SZ,20050517,3.12,3.26,3.12,3.2,3.17,0.03,0.95,3332.07,1067.6015
600130.SH,20050517,8.22,8.43,8.14,8.4,8.19,0.21,2.56,7444.21,6219.859
600090.SH,20050517,3.5,3.59,3.48,3.52,3.57,-0.05,-1.4,7036.01,2494.289
600388.SH,20050517,5.38,5.55,5.38,5.49,5.44,0.05,0.92,2114.49,1157.978
000423.SZ,20050517,8.4,8.62,8.3,8.59,8.41,0.18,2.14,11016.7,9405.2019
600826.SH,20050517,3.65,3.65,3.51,3.6,3.59,0.01,0.28,23371.13,8264.451
600456.SH,20050517,8.4,8.72,8.31,8.69,8.41,0.28,3.33,25043.85,21502.575
000937.SZ,20050517,8.0,8.13,7.82,8.0,8.2,-0.2,-2.44,79845.34,63616.3663
600683.SH,20050517,4.37,4.46,4.34,4.44,4.34,0.1,2.3,4325.84,1912.594
600370.SH,20050517,5.23,5.34,5.21,5.28,5.23,0.05,0.96,1415.8,749.958
600178.SH,20050517,3.42,3.7,3.37,3.61,3.45,0.16,4.64,6105.89,2186.751
600472.SH,20050517,3.64,3.86,3.63,3.76,3.69,0.07,1.9,115091.28,43439.906
600335.SH,20050517,3.41,3.54,3.38,3.39,3.49,-0.1,-2.87,4462.0,1532.292
600881.SH,20050517,3.59,3.65,3.5,3.59,3.59,0.0,0.0,19916.84,7134.864
600854.SH,20050517,4.0,4.08,3.9,3.98,4.0,-0.02,-0.5,16852.48,6710.079
601607.SH,20050517,3.75,3.95,3.75,3.92,3.77,0.15,3.98,28030.74,10898.835
000628.SZ,20050517,3.21,3.52,3.14,3.52,3.2,0.32,10.0,14259.13,4872.4853
600659.SH,20050517,2.21,2.3,2.16,2.29,2.2,0.09,4.09,14284.73,3200.325
000726.SZ,20050517,8.79,8.91,8.78,8.91,8.8,0.11,1.25,1899.96,1678.9836
002038.SZ,20050517,8.96,9.08,8.88,8.93,8.95,-0.02,-0.22,2845.8,2550.3327
002023.SZ,20050517,14.8,15.26,14.8,14.99,14.95,0.04,0.27,1303.49,1960.3695
000901.SZ,20050517,3.65,3.95,3.62,3.77,3.66,0.11,3.01,11647.28,4436.5471
600580.SH,20050517,4.61,4.77,4.58,4.67,4.66,0.01,0.21,1619.31,758.124
600076.SH,20050517,2.55,2.61,2.49,2.52,2.6,-0.08,-3.08,19466.67,4964.975
000733.SZ,20050517,4.0,4.08,3.95,4.02,3.98,0.04,1.01,13310.52,5356.7549
000429.SZ,20050517,5.36,5.47,5.28,5.42,5.36,0.06,1.12,6015.18,3256.9864
600742.SH,20050517,2.94,3.02,2.94,2.99,2.96,0.03,1.01,8596.48,2564.996
600796.SH,20050517,7.34,7.51,7.33,7.45,7.38,0.07,0.95,4848.89,3601.499
000530.SZ,20050517,3.7,3.79,3.69,3.74,3.71,0.03,0.81,2373.23,889.2023
600099.SH,20050517,2.54,2.59,2.49,2.51,2.57,-0.06,-2.33,28499.39,7224.454
000558.SZ,20050517,3.02,3.17,3.01,3.16,3.02,0.14,4.64,9628.73,2998.4421
600059.SH,20050517,6.29,6.61,6.29,6.55,6.3,0.25,3.97,29201.92,19010.525
000683.SZ,20050517,2.6,2.75,2.6,2.69,2.66,0.03,1.13,14852.79,4027.6682
600246.SH,20050517,5.58,5.75,5.48,5.68,5.45,0.23,4.22,1877.27,1049.931
600267.SH,20050517,9.1,9.4,9.1,9.35,9.18,0.17,1.85,967.18,899.386
600346.SH,20050517,3.73,3.82,3.72,3.76,3.77,-0.01,-0.27,1684.0,637.924
000089.SZ,20050517,7.41,7.62,7.32,7.5,7.42,0.08,1.08,9734.12,7312.5516
600300.SH,20050517,6.58,6.66,6.46,6.65,6.6,0.05,0.76,6061.28,3987.775
600213.SH,20050517,2.15,2.2,2.1,2.17,2.15,0.02,0.93,6140.18,1324.467
600862.SH,20050517,1.83,2.0,1.82,2.0,1.9,0.1,5.2632,21754.06,4317.917
001914.SZ,20050517,6.0,6.0,5.83,5.95,5.8,0.15,2.59,984.9,582.4785
